證券代號,證券名稱,外陸資買進股數(不含外資自營商),外陸資賣出股數(不含外資自營商),外陸資買賣超股數(不含外資自營商),外資自營商買進股數,外資自營商賣出股數,外資自營商買賣超股數,投信買進股數,投信賣出股數,投信買賣超股數,自營商買賣超股數,自營商買進股數(自行買賣),自營商賣出股數(自行買賣),自營商買賣超股數(自行買賣),自營商買進股數(避險),自營商賣出股數(避險),自營商買賣超股數(避險),三大法人買賣超股數
00673R,元大S&P原油反1  ,2681000,123000,2558000,0,0,0,0,0,0,34247000,642000,0,642000,34189000,584000,33605000,36805000
2409,友達            ,48026783,37314525,10712258,0,0,0,743000,0,743000,3823000,776000,418000,358000,3706000,241000,3465000,15278258
00632R,元大台灣50反1   ,500000,0,500000,0,0,0,0,0,0,12590000,10430000,430000,10000000,32572000,29982000,2590000,13090000
00738U,元大道瓊白銀    ,2097000,0,2097000,0,0,0,0,0,0,9485000,0,0,0,9683000,198000,9485000,11582000
00637L,元大滬深300正2  ,24092000,8022000,16070000,0,0,0,0,0,0,-5474000,1332000,1500000,-168000,7673000,12979000,-5306000,10596000
2337,旺宏            ,21148000,10490195,10657805,0,0,0,801000,285000,516000,-1362000,792000,3702000,-2910000,1822000,274000,1548000,9811805
2356,英業達          ,8051793,5329955,2721838,0,0,0,1116000,49000,1067000,1152000,0,18000,-18000,1188000,18000,1170000,4940838
03033P,微星國票03售01  ,0,0,0,0,0,0,0,0,0,4460000,0,0,0,4490000,30000,4460000,4460000
00861,元大全球未來通訊,92000,6000,86000,0,0,0,0,0,0,3548000,0,0,0,3836000,288000,3548000,3634000
048754,瀚宇博元富97購01,0,0,0,0,0,0,0,0,0,2934000,0,0,0,2939000,5000,2934000,2934000
049798,台積電元大94購18,0,0,0,0,0,0,0,0,0,2723000,0,0,0,3680000,957000,2723000,2723000
2377,微星            ,4612481,2879610,1732871,0,0,0,704000,0,704000,183000,78000,242000,-164000,369000,22000,347000,2619871
08994P,台灣50群益01售11,0,0,0,0,0,0,0,0,0,2600000,0,0,0,2600000,0,2600000,2600000
00643,群益深証中小    ,125000,0,125000,0,0,0,0,0,0,2460000,1310000,0,1310000,1335000,185000,1150000,2585000
06222P,致茂元富97售02  ,0,0,0,0,0,0,0,0,0,2565000,0,0,0,2575000,10000,2565000,2565000
055451,台積電元富97購02,0,0,0,0,0,0,0,0,0,2559000,0,0,0,3500000,941000,2559000,2559000
055694,光罩國票98購01  ,0,0,0,0,0,0,0,0,0,2435000,0,0,0,2535000,100000,2435000,2435000
047893,嘉聯益兆豐94購01,0,0,0,0,0,0,0,0,0,2363000,0,0,0,2405000,42000,2363000,2363000
0061,元大寶滬深      ,850000,0,850000,0,0,0,0,0,0,1370000,570000,0,570000,880000,80000,800000,2220000
047586,聯發科永豐94購01,0,0,0,0,0,0,0,0,0,2182000,0,0,0,3003000,821000,2182000,2182000
2492,華新科          ,5064671,2918068,2146603,0,0,0,521000,582000,-61000,9000,26000,226000,-200000,282000,73000,209000,2094603
047983,宏達電群益93購04,0,0,0,0,0,0,0,0,0,1996000,0,0,0,1996000,0,1996000,1996000
050596,昇陽半永豐94購03,0,0,0,0,0,0,0,0,0,1659000,0,0,0,1659000,0,1659000,1659000
04734P,上海銀兆豐94售02,0,0,0,0,0,0,0,0,0,1602000,0,0,0,1603000,1000,1602000,1602000
2327,國巨            ,3081816,1684808,1397008,0,0,0,192000,106000,86000,91000,153000,115000,38000,207000,154000,53000,1574008
03253P,台灣50國泰03售02,0,0,0,0,0,0,0,0,0,1574000,0,0,0,1614000,40000,1574000,1574000
055754,和大兆豐97購01  ,0,0,0,0,0,0,0,0,0,1512000,0,0,0,1542000,30000,1512000,1512000
053559,台積電國泰98購01,0,0,0,0,0,0,0,0,0,1504000,0,0,0,1674000,170000,1504000,1504000
052131,台積電凱基96購01,0,0,0,0,0,0,0,0,0,1437000,0,0,0,1810000,373000,1437000,1437000
00639,富邦深100       ,586000,40000,546000,0,0,0,0,0,0,871000,10000,0,10000,1563000,702000,861000,1417000
4938,和碩            ,5114000,4046650,1067350,0,0,0,15000,0,15000,318000,30000,26000,4000,386000,72000,314000,1400350
044689,超眾凱基93購03  ,0,0,0,0,0,0,0,0,0,1397000,0,0,0,1415000,18000,1397000,1397000
2504,國產            ,3812000,2242000,1570000,0,0,0,0,0,0,-174000,51000,225000,-174000,0,0,0,1396000
2451,創見            ,1705000,446000,1259000,0,0,0,400,206000,-205600,339000,3000,2000,1000,338000,0,338000,1392400
2312,金寶            ,2178000,1723000,455000,0,0,0,0,0,0,912000,322000,25000,297000,668000,53000,615000,1367000
03913P,臺股指元大93售37,0,0,0,0,0,0,0,0,0,1298000,0,0,0,1398000,100000,1298000,1298000
047624,台達電國票93購01,0,0,0,0,0,0,0,0,0,1198000,0,0,0,1198000,0,1198000,1198000
050683,智原元富94購02  ,0,0,0,0,0,0,0,0,0,1155000,0,0,0,1190000,35000,1155000,1155000
9105,泰金寶-DR       ,1624000,484000,1140000,0,0,0,0,0,0,0,0,0,0,0,0,0,1140000
044777,超眾元大93購01  ,0,0,0,0,0,0,0,0,0,1130000,0,0,0,1150000,20000,1130000,1130000
051351,台積電元大95購15,0,0,0,0,0,0,0,0,0,1130000,0,0,0,1230000,100000,1130000,1130000
052937,國巨兆豐97購01  ,0,0,0,0,0,0,0,0,0,1123000,0,0,0,1345000,222000,1123000,1123000
050715,台積電群益96購01,0,0,0,0,0,0,0,0,0,1105000,0,0,0,1126000,21000,1105000,1105000
4927,泰鼎-KY         ,1195000,2862000,-1667000,0,0,0,1822000,42000,1780000,971000,21000,192000,-171000,1358000,216000,1142000,1084000
04408P,台積電統一94售06,0,0,0,0,0,0,0,0,0,1074000,0,0,0,1094000,20000,1074000,1074000
06302P,臺股指元大97售06,0,0,0,0,0,0,0,0,0,1074000,0,0,0,1096000,22000,1074000,1074000
8112,至上            ,1991000,947000,1044000,0,0,0,1000,0,1000,3000,0,2000,-2000,5000,0,5000,1048000
05671P,友達國泰97售03  ,0,0,0,0,0,0,0,0,0,1047000,0,0,0,1048000,1000,1047000,1047000
047125,為升中信93購01  ,0,0,0,0,0,0,0,0,0,1003000,0,0,0,1003000,0,1003000,1003000
054197,台積電永昌96購07,0,0,0,0,0,0,0,0,0,997000,0,0,0,3708000,2711000,997000,997000
2838,聯邦銀          ,1502000,510000,992000,0,0,0,0,0,0,0,0,0,0,0,0,0,992000
03659P,臺股指元大92售21,0,0,0,0,0,0,0,0,0,991000,0,0,0,991000,0,991000,991000
04819P,嘉澤永豐94售01  ,0,0,0,0,0,0,0,0,0,988000,0,0,0,988000,0,988000,988000
045172,欣興兆豐94購01  ,0,0,0,0,0,0,0,0,0,987000,0,0,0,1225000,238000,987000,987000
044062,可成元大92購02  ,0,0,0,0,0,0,0,0,0,986000,0,0,0,986000,0,986000,986000
03796P,宏碁元大93售01  ,0,0,0,0,0,0,0,0,0,980000,0,0,0,980000,0,980000,980000
054074,健策富邦98購01  ,0,0,0,0,0,0,0,0,0,959000,0,0,0,976000,17000,959000,959000
053860,台積電元大98購03,0,0,0,0,0,0,0,0,0,958000,0,0,0,1033000,75000,958000,958000
050098,嘉聯益國泰95購02,0,0,0,0,0,0,0,0,0,955000,0,0,0,1044000,89000,955000,955000
055622,群創國泰99購01  ,0,0,0,0,0,0,0,0,0,953000,0,0,0,953000,0,953000,953000
3034,聯詠            ,3341733,2382380,959353,0,0,0,5000,219000,-214000,198000,93000,34000,59000,152000,13000,139000,943353
2889,國票金          ,2007000,1066000,941000,0,0,0,0,0,0,0,0,0,0,0,0,0,941000
05170P,世芯元大95售01  ,0,0,0,0,0,0,0,0,0,940000,0,0,0,1119000,179000,940000,940000
1227,佳格            ,1459000,683915,775085,0,0,0,0,1000,-1000,160000,162000,2000,160000,0,0,0,934085
00676R,富邦臺灣加權反1 ,0,0,0,0,0,0,0,0,0,933000,0,0,0,1982000,1049000,933000,933000
052498,台積電永豐95購06,0,0,0,0,0,0,0,0,0,929000,0,0,0,929000,0,929000,929000
045469,貿聯元大92購03  ,0,0,0,0,0,0,0,0,0,917000,0,0,0,917000,0,917000,917000
047327,中磊元大93購04  ,0,0,0,0,0,0,0,0,0,904000,0,0,0,904000,0,904000,904000
03438P,群創群益98售03  ,0,0,0,0,0,0,0,0,0,898000,0,0,0,918000,20000,898000,898000
05220P,台積電元大95售16,0,0,0,0,0,0,0,0,0,892000,0,0,0,952000,60000,892000,892000
1605,華新            ,2474000,4132000,-1658000,0,0,0,13000,0,13000,2518000,114000,31000,83000,2620000,185000,2435000,873000
00636,國泰中國A50     ,852000,201000,651000,0,0,0,0,0,0,219940,30000,30000,0,713000,493060,219940,870940
043757,欣興元大93購01  ,0,0,0,0,0,0,0,0,0,870000,0,0,0,880000,10000,870000,870000
03267P,台灣50元大02售06,0,0,0,0,0,0,0,0,0,864000,0,0,0,1224000,360000,864000,864000
2419,仲琦            ,1169000,316913,852087,0,0,0,0,0,0,0,0,0,0,0,0,0,852087
04862P,台積電元大94售26,0,0,0,0,0,0,0,0,0,840000,0,0,0,840000,0,840000,840000
046336,致新元大92購02  ,0,0,0,0,0,0,0,0,0,837000,0,0,0,837000,0,837000,837000
8926,台汽電          ,853000,306000,547000,0,0,0,14000,0,14000,274000,326000,52000,274000,0,0,0,835000
05034P,台積電元大95售08,0,0,0,0,0,0,0,0,0,833000,0,0,0,913000,80000,833000,833000
046150,欣興國票92購02  ,0,0,0,0,0,0,0,0,0,831000,0,0,0,831000,0,831000,831000
054377,臺股指中信99購09,0,0,0,0,0,0,0,0,0,816000,0,0,0,944000,128000,816000,816000
053847,美律元富96購02  ,0,0,0,0,0,0,0,0,0,807000,0,0,0,847000,40000,807000,807000
8996,高力            ,1717000,777000,940000,0,0,0,0,0,0,-150000,0,150000,-150000,0,0,0,790000
06301P,臺股指元大97售04,0,0,0,0,0,0,0,0,0,788000,0,0,0,1008000,220000,788000,788000
05800P,台積電兆豐96售04,0,0,0,0,0,0,0,0,0,786000,0,0,0,809000,23000,786000,786000
055753,貿聯第一98購01  ,0,0,0,0,0,0,0,0,0,783000,0,0,0,811000,28000,783000,783000
045694,智邦兆豐93購05  ,0,0,0,0,0,0,0,0,0,770000,0,0,0,859000,89000,770000,770000
047260,嘉晶國票93購02  ,0,0,0,0,0,0,0,0,0,768000,0,0,0,769000,1000,768000,768000
3231,緯創            ,8856060,8875730,-19670,0,0,0,12000,79000,-67000,852000,2000,35000,-33000,1400000,515000,885000,765330
05563P,台積電元大97售07,0,0,0,0,0,0,0,0,0,764000,0,0,0,764000,0,764000,764000
04787P,台積電永昌96售04,0,0,0,0,0,0,0,0,0,743000,0,0,0,2563000,1820000,743000,743000
2027,大成鋼          ,369000,601000,-232000,0,0,0,1000,0,1000,968000,64000,20000,44000,1011000,87000,924000,737000
3515,華擎            ,860000,496000,364000,0,0,0,133000,0,133000,227000,134000,10000,124000,116000,13000,103000,724000
044500,超眾元大92購03  ,0,0,0,0,0,0,0,0,0,713000,0,0,0,713000,0,713000,713000
046403,技嘉元大92購01  ,0,0,0,0,0,0,0,0,0,706000,0,0,0,706000,0,706000,706000
2376,技嘉            ,992000,949000,43000,0,0,0,14000,0,14000,648000,194000,22000,172000,490000,14000,476000,705000
047824,臺股指凱基93購18,0,0,0,0,0,0,0,0,0,699000,0,0,0,721000,22000,699000,699000
03912P,臺股指元大93售36,0,0,0,0,0,0,0,0,0,695000,0,0,0,695000,0,695000,695000
052673,T50反1國泰97購01,0,0,0,0,0,0,0,0,0,694000,0,0,0,694000,0,694000,694000
049536,T50反1群益94購02,0,0,0,0,0,0,0,0,0,688000,0,0,0,688000,0,688000,688000
055864,臺股指元大97購01,0,0,0,0,0,0,0,0,0,682000,0,0,0,687000,5000,682000,682000
052531,台積電國泰96購06,0,0,0,0,0,0,0,0,0,673000,0,0,0,909000,236000,673000,673000
050142,聯發科元富9A購01,0,0,0,0,0,0,0,0,0,666000,0,0,0,783000,117000,666000,666000
1909,榮成            ,1243808,576000,667808,0,0,0,2000,0,2000,-4000,18000,22000,-4000,0,0,0,665808
05540P,亞德客凱基96售01,0,0,0,0,0,0,0,0,0,664000,0,0,0,675000,11000,664000,664000
045134,嘉晶國票92購01  ,0,0,0,0,0,0,0,0,0,654000,0,0,0,654000,0,654000,654000
6176,瑞儀            ,2217000,1861430,355570,0,0,0,0,0,0,297000,119000,72000,47000,277000,27000,250000,652570
2515,中工            ,1239000,578000,661000,0,0,0,0,0,0,-12000,0,0,0,32000,44000,-12000,649000
3014,聯陽            ,782000,146000,636000,0,0,0,0,0,0,0,1000,1000,0,0,0,0,636000
053377,台積電元大98購01,0,0,0,0,0,0,0,0,0,635000,0,0,0,730000,95000,635000,635000
04457P,同欣電統一94售01,0,0,0,0,0,0,0,0,0,627000,0,0,0,725000,98000,627000,627000
9935,慶豐富          ,839000,212000,627000,0,0,0,0,0,0,-3000,4000,1000,3000,10000,16000,-6000,624000
043983,華邦電元大92購01,0,0,0,0,0,0,0,0,0,622000,0,0,0,622000,0,622000,622000
050062,聯發科凱基94購08,0,0,0,0,0,0,0,0,0,618000,0,0,0,621000,3000,618000,618000
9802,鈺齊-KY         ,958000,557937,400063,0,0,0,337000,128000,209000,-8000,0,32000,-32000,48000,24000,24000,601063
048826,宏達電凱基94購01,0,0,0,0,0,0,0,0,0,599000,0,0,0,599000,0,599000,599000
052239,泰鼎國票97購01  ,0,0,0,0,0,0,0,0,0,598000,0,0,0,739000,141000,598000,598000
6153,嘉聯益          ,2500000,1443000,1057000,0,0,0,0,0,0,-459000,202000,246000,-44000,55000,470000,-415000,598000
041409,創意中信93購01  ,0,0,0,0,0,0,0,0,0,594000,0,0,0,594000,0,594000,594000
047185,益航元大94購02  ,0,0,0,0,0,0,0,0,0,590000,0,0,0,600000,10000,590000,590000
046228,神基元大92購01  ,0,0,0,0,0,0,0,0,0,587000,0,0,0,587000,0,587000,587000
043730,旭富國泰93購01  ,0,0,0,0,0,0,0,0,0,585000,0,0,0,585000,0,585000,585000
03702P,中磊元大93售02  ,0,0,0,0,0,0,0,0,0,583000,0,0,0,583000,0,583000,583000
050231,聯發科麥證94購03,0,0,0,620000,40000,580000,0,0,0,580000,0,0,0,620000,40000,580000,580000
052184,台光電群益95購03,0,0,0,0,0,0,0,0,0,579000,0,0,0,580000,1000,579000,579000
054071,泰鼎國泰97購02  ,0,0,0,0,0,0,0,0,0,578000,0,0,0,796000,218000,578000,578000
03821P,上海銀統一95售01,0,0,0,0,0,0,0,0,0,576000,0,0,0,599000,23000,576000,576000
4943,康控-KY         ,1230000,300000,930000,0,0,0,0,212000,-212000,-142000,28000,60000,-32000,21000,131000,-110000,576000
00739,元大MSCI A股    ,0,0,0,0,0,0,0,0,0,575571,0,0,0,645000,69429,575571,575571
054685,國巨永豐97購02  ,0,0,0,0,0,0,0,0,0,573000,0,0,0,914000,341000,573000,573000
054815,台積電元大97購14,0,0,0,0,0,0,0,0,0,569000,0,0,0,597000,28000,569000,569000
053623,臺股指群益96購09,0,0,0,0,0,0,0,0,0,567000,0,0,0,624000,57000,567000,567000
05516P,台積電元大96售12,0,0,0,0,0,0,0,0,0,566000,0,0,0,651000,85000,566000,566000
8341,日友            ,643000,150000,493000,0,0,0,69000,0,69000,1000,3000,4000,-1000,2000,0,2000,563000
03298P,台積電統一03售15,0,0,0,0,0,0,0,0,0,561000,0,0,0,561000,0,561000,561000
5522,遠雄            ,1035000,187000,848000,0,0,0,7000,0,7000,-294000,14000,308000,-294000,0,0,0,561000
050917,瀚宇博兆豐96購01,0,0,0,0,0,0,0,0,0,560000,0,0,0,740000,180000,560000,560000
03387P,台積電凱基03售11,0,0,0,0,0,0,0,0,0,555000,0,0,0,1305000,750000,555000,555000
048850,聯電群益96購01  ,0,0,0,0,0,0,0,0,0,549000,0,0,0,570000,21000,549000,549000
055037,宏盛富邦99購01  ,0,0,0,0,0,0,0,0,0,548000,0,0,0,548000,0,548000,548000
04938P,亞德客國票95售01,0,0,0,0,0,0,0,0,0,548000,0,0,0,629000,81000,548000,548000
051506,台積電元富95購06,0,0,0,0,0,0,0,0,0,546000,0,0,0,846000,300000,546000,546000
055868,臺股指元大97購07,0,0,0,0,0,0,0,0,0,543000,0,0,0,549000,6000,543000,543000
055866,臺股指元大97購03,0,0,0,0,0,0,0,0,0,536000,0,0,0,552000,16000,536000,536000
052913,鴻海元富96購05  ,0,0,0,0,0,0,0,0,0,535000,0,0,0,729000,194000,535000,535000
04061P,臺股指群益93售15,0,0,0,0,0,0,0,0,0,531000,0,0,0,531000,0,531000,531000
047202,欣興元富96購01  ,0,0,0,0,0,0,0,0,0,530000,0,0,0,575000,45000,530000,530000
08625P,台灣50凱基96售05,0,0,0,0,0,0,0,0,0,530000,0,0,0,530000,0,530000,530000
006207,FH滬深          ,317000,0,317000,0,0,0,0,0,0,205000,30000,30000,0,426000,221000,205000,522000
051143,鴻海凱基95購11  ,0,0,0,0,0,0,0,0,0,519000,0,0,0,519000,0,519000,519000
050633,義隆群益96購02  ,0,0,0,0,0,0,0,0,0,512000,0,0,0,572000,60000,512000,512000
03801P,智伸科元大93售02,0,0,0,0,0,0,0,0,0,509000,0,0,0,509000,0,509000,509000
055867,臺股指元大97購05,0,0,0,0,0,0,0,0,0,502000,0,0,0,502000,0,502000,502000
048405,嘉晶群益93購03  ,0,0,0,0,0,0,0,0,0,500000,0,0,0,500000,0,500000,500000
053289,臺股指元大96購17,0,0,0,0,0,0,0,0,0,499000,0,0,0,499000,0,499000,499000
06305P,臺股指元大97售11,0,0,0,0,0,0,0,0,0,485000,0,0,0,491000,6000,485000,485000
053820,大立光群益96購05,0,0,0,0,0,0,0,0,0,483000,0,0,0,496000,13000,483000,483000
06306P,臺股指元大97售12,0,0,0,0,0,0,0,0,0,479000,0,0,0,489000,10000,479000,479000
06304P,臺股指元大97售10,0,0,0,0,0,0,0,0,0,478000,0,0,0,497000,19000,478000,478000
05777P,台積電統一96售04,0,0,0,0,0,0,0,0,0,473000,0,0,0,507000,34000,473000,473000
04474P,聯發科元大94售03,0,0,0,0,0,0,0,0,0,472000,0,0,0,582000,110000,472000,472000
053190,聯發科統一99購01,0,0,0,0,0,0,0,0,0,470000,0,0,0,563000,93000,470000,470000
05348P,美律元富98售01  ,0,0,0,0,0,0,0,0,0,469000,0,0,0,524000,55000,469000,469000
047004,台積電統一99購01,0,0,0,0,0,0,0,0,0,467000,0,0,0,755000,288000,467000,467000
05526P,茂林群益96售03  ,0,0,0,0,0,0,0,0,0,466000,0,0,0,510000,44000,466000,466000
051551,新日興永豐95購01,0,0,0,0,0,0,0,0,0,465000,0,0,0,595000,130000,465000,465000
1513,中興電          ,978000,522000,456000,0,0,0,0,0,0,9000,14000,5000,9000,0,0,0,465000
048269,瀚宇博國泰95購01,0,0,0,0,0,0,0,0,0,462000,0,0,0,571000,109000,462000,462000
5388,中磊            ,649000,251000,398000,0,0,0,1000,1000,0,64000,1000,4000,-3000,81000,14000,67000,462000
053699,臺股指元大96購22,0,0,0,0,0,0,0,0,0,459000,0,0,0,630000,171000,459000,459000
047418,智邦富邦97購01  ,0,0,0,0,0,0,0,0,0,459000,0,0,0,469000,10000,459000,459000
048178,上銀富邦95購02  ,0,0,0,0,0,0,0,0,0,458000,0,0,0,656000,198000,458000,458000
2601,益航            ,940000,484000,456000,0,0,0,0,0,0,-2000,0,2000,-2000,0,0,0,454000
04336P,台達電元大93售04,0,0,0,0,0,0,0,0,0,452000,0,0,0,454000,2000,452000,452000
048359,奇鋐永豐93購02  ,0,0,0,0,0,0,0,0,0,452000,0,0,0,452000,0,452000,452000
045458,智邦元大92購05  ,0,0,0,0,0,0,0,0,0,450000,0,0,0,450000,0,450000,450000
04696P,亞德客國泰95售02,0,0,0,0,0,0,0,0,0,449000,0,0,0,450000,1000,449000,449000
043060,欣興中信93購01  ,0,0,0,0,0,0,0,0,0,444000,0,0,0,444000,0,444000,444000
6196,帆宣            ,558000,189000,369000,0,0,0,0,0,0,74000,0,17000,-17000,99000,8000,91000,443000
04859P,台達電群益94售04,0,0,0,0,0,0,0,0,0,441000,0,0,0,441000,0,441000,441000
054957,興富發元大97購01,0,0,0,0,0,0,0,0,0,440000,0,0,0,450000,10000,440000,440000
04537P,新光金統一94售01,0,0,0,0,0,0,0,0,0,438000,0,0,0,458000,20000,438000,438000
05998P,台積電元大97售12,0,0,0,0,0,0,0,0,0,429000,0,0,0,643000,214000,429000,429000
052942,聯發科中信97購04,0,0,0,0,0,0,0,0,0,427000,0,0,0,450000,23000,427000,427000
050196,嘉聯益元大97購01,0,0,0,0,0,0,0,0,0,423000,0,0,0,501000,78000,423000,423000
05060P,台達電富邦97售02,0,0,0,0,0,0,0,0,0,423000,0,0,0,523000,100000,423000,423000
047078,上海銀兆豐93購01,0,0,0,0,0,0,0,0,0,421000,0,0,0,441000,20000,421000,421000
03483P,聯發科國泰04售01,0,0,0,0,0,0,0,0,0,420000,0,0,0,420000,0,420000,420000
046497,鴻海元大92購17  ,0,0,0,0,0,0,0,0,0,415000,0,0,0,415000,0,415000,415000
051573,鴻海元大95購15  ,0,0,0,0,0,0,0,0,0,413000,0,0,0,598000,185000,413000,413000
05712P,友達統一97售03  ,0,0,0,0,0,0,0,0,0,412000,0,0,0,416000,4000,412000,412000
047044,傳奇群益93購02  ,0,0,0,0,0,0,0,0,0,410000,0,0,0,410000,0,410000,410000
044620,上銀元大92購04  ,0,0,0,0,0,0,0,0,0,407000,0,0,0,467000,60000,407000,407000
03959P,義隆元富96售01  ,0,0,0,0,0,0,0,0,0,407000,0,0,0,512000,105000,407000,407000
5534,長虹            ,493550,96000,397550,0,0,0,0,0,0,8000,9000,1000,8000,0,0,0,405550
04324P,新光金元大94售01,0,0,0,0,0,0,0,0,0,403000,0,0,0,403000,0,403000,403000
056005,臺股指永豐97購04,0,0,0,0,0,0,0,0,0,403000,0,0,0,577000,174000,403000,403000
04446P,元油2X凱基94售03,0,0,0,0,0,0,0,0,0,402000,0,0,0,402000,0,402000,402000
050307,欣興中信95購01  ,0,0,0,0,0,0,0,0,0,402000,0,0,0,485000,83000,402000,402000
045676,京元電元大92購03,0,0,0,0,0,0,0,0,0,400000,0,0,0,400000,0,400000,400000
050192,康控元大97購01  ,0,0,0,0,0,0,0,0,0,400000,0,0,0,511000,111000,400000,400000
050160,中石化國泰95購01,0,0,0,0,0,0,0,0,0,400000,0,0,0,400000,0,400000,400000
048829,欣興凱基94購02  ,0,0,0,0,0,0,0,0,0,400000,0,0,0,400000,0,400000,400000
06081P,深中小元大97售02,0,0,0,0,0,0,0,0,0,400000,0,0,0,413000,13000,400000,400000
049007,玉晶光中信96購01,0,0,0,0,0,0,0,0,0,398000,0,0,0,736000,338000,398000,398000
046022,國喬元大92購01  ,0,0,0,0,0,0,0,0,0,397000,0,0,0,397000,0,397000,397000
046293,聯發科統一94購01,0,0,0,0,0,0,0,0,0,397000,0,0,0,1009000,612000,397000,397000
051215,大立光統一95購03,0,0,0,0,0,0,0,0,0,396000,0,0,0,419000,23000,396000,396000
044201,群創國票95購01  ,0,0,0,0,0,0,0,0,0,395000,0,0,0,395000,0,395000,395000
046240,中鋼中信94購01  ,0,0,0,0,0,0,0,0,0,394000,0,0,0,430000,36000,394000,394000
048629,滬深2X元大96購04,0,0,0,0,0,0,0,0,0,394000,0,0,0,502000,108000,394000,394000
9933,中鼎            ,527402,132000,395402,0,0,0,0,0,0,-2000,0,2000,-2000,0,0,0,393402
050094,T50反1國泰95購01,0,0,0,0,0,0,0,0,0,392000,0,0,0,392000,0,392000,392000
5434,崇越            ,679000,252000,427000,0,0,0,1000,0,1000,-36000,17000,62000,-45000,22000,13000,9000,392000
2101,南港            ,705000,315000,390000,0,0,0,0,0,0,2000,4000,2000,2000,0,0,0,392000
046980,智邦兆豐94購01  ,0,0,0,0,0,0,0,0,0,390000,0,0,0,400000,10000,390000,390000
04972P,緯穎元富94售03  ,0,0,0,0,0,0,0,0,0,390000,0,0,0,540000,150000,390000,390000
053267,華新科群益96購02,0,0,0,0,0,0,0,0,0,388000,0,0,0,410000,22000,388000,388000
052532,台積電國泰96購07,0,0,0,0,0,0,0,0,0,388000,0,0,0,417000,29000,388000,388000
049241,智邦元富94購01  ,0,0,0,0,0,0,0,0,0,383000,0,0,0,418000,35000,383000,383000
048000,義隆元大93購03  ,0,0,0,0,0,0,0,0,0,382000,0,0,0,400000,18000,382000,382000
05043P,佳世達元富95售01,0,0,0,0,0,0,0,0,0,382000,0,0,0,387000,5000,382000,382000
04186P,創意元富93售04  ,0,0,0,0,0,0,0,0,0,380000,0,0,0,440000,60000,380000,380000
051658,深中小國泰97購01,0,0,0,0,0,0,0,0,0,380000,0,0,0,380000,0,380000,380000
055998,臺股指富邦99購01,0,0,0,0,0,0,0,0,0,379000,0,0,0,506000,127000,379000,379000
3189,景碩            ,1023000,707000,316000,0,0,0,0,0,0,49000,24000,59000,-35000,126000,42000,84000,365000
05166P,中磊元富95售03  ,0,0,0,0,0,0,0,0,0,364000,0,0,0,384000,20000,364000,364000
05072P,聯電元富95售02  ,0,0,0,0,0,0,0,0,0,362000,0,0,0,377000,15000,362000,362000
2606,裕民            ,557000,248000,309000,0,0,0,8000,0,8000,45000,46000,1000,45000,0,0,0,362000
05972P,瑞昱元大96售01  ,0,0,0,0,0,0,0,0,0,362000,0,0,0,402000,40000,362000,362000
043236,台灣50兆豐93購02,0,0,0,0,0,0,0,0,0,361000,0,0,0,457000,96000,361000,361000
047503,T50反1國票93購03,0,0,0,0,0,0,0,0,0,360000,0,0,0,360000,0,360000,360000
048745,儒鴻元富97購02  ,0,0,0,0,0,0,0,0,0,359000,0,0,0,482000,123000,359000,359000
049601,矽創元大95購02  ,0,0,0,0,0,0,0,0,0,358000,0,0,0,383000,25000,358000,358000
054739,義隆凱基98購02  ,0,0,0,0,0,0,0,0,0,356000,0,0,0,391000,35000,356000,356000
05595P,友達統一96售02  ,0,0,0,0,0,0,0,0,0,356000,0,0,0,416000,60000,356000,356000
053255,貿聯國泰97購01  ,0,0,0,0,0,0,0,0,0,353000,0,0,0,450000,97000,353000,353000
041973,台灣50中信94購01,0,0,0,0,0,0,0,0,0,351000,0,0,0,1012000,661000,351000,351000
050416,高股息凱基96購02,0,0,0,0,0,0,0,0,0,351000,0,0,0,581000,230000,351000,351000
044864,道瓊反國票96購01,0,0,0,0,0,0,0,0,0,350000,0,0,0,350000,0,350000,350000
06160P,台達電群益97售01,0,0,0,0,0,0,0,0,0,349000,0,0,0,389000,40000,349000,349000
03958P,嘉聯益統一93售01,0,0,0,0,0,0,0,0,0,347000,0,0,0,352000,5000,347000,347000
050708,臺股指凱基96購06,0,0,0,0,0,0,0,0,0,345000,0,0,0,403000,58000,345000,345000
00712,FH富時不動產    ,183000,0,183000,0,0,0,0,0,0,161000,0,0,0,278000,117000,161000,344000
053859,台積電元大97購09,0,0,0,0,0,0,0,0,0,340000,0,0,0,490000,150000,340000,340000
049609,全新兆豐95購01  ,0,0,0,0,0,0,0,0,0,340000,0,0,0,350000,10000,340000,340000
04422P,玉晶光永豐94售03,0,0,0,0,0,0,0,0,0,336000,0,0,0,521000,185000,336000,336000
00633L,富邦上証正2     ,2619000,2423000,196000,0,0,0,0,0,0,139617,0,106000,-106000,797000,551383,245617,335617
054961,玉晶光元大99購01,0,0,0,0,0,0,0,0,0,335000,0,0,0,458000,123000,335000,335000
046218,T50反1元大93購02,0,0,0,0,0,0,0,0,0,335000,0,0,0,335000,0,335000,335000
044964,旺宏中信94購01  ,0,0,0,0,0,0,0,0,0,335000,0,0,0,503000,168000,335000,335000
047759,復盛元富93購01  ,0,0,0,0,0,0,0,0,0,335000,0,0,0,365000,30000,335000,335000
05724P,致茂永豐96售01  ,0,0,0,0,0,0,0,0,0,331000,0,0,0,331000,0,331000,331000
052453,崇越元大95購01  ,0,0,0,0,0,0,0,0,0,328000,0,0,0,368000,40000,328000,328000
06316P,臺股指元富97售03,0,0,0,0,0,0,0,0,0,321000,0,0,0,344000,23000,321000,321000
6591,動力-KY         ,476000,147000,329000,0,0,0,0,0,0,-9000,41000,50000,-9000,0,0,0,320000
043040,永冠元富94購01  ,0,0,0,0,0,0,0,0,0,319000,0,0,0,818000,499000,319000,319000
052013,台積電永豐95購04,0,0,0,0,0,0,0,0,0,319000,0,0,0,721000,402000,319000,319000
047552,潤泰全凱基94購02,0,0,0,0,0,0,0,0,0,318000,0,0,0,318000,0,318000,318000
3605,宏致            ,487000,122000,365000,0,0,0,0,0,0,-48000,0,48000,-48000,0,0,0,317000
047620,貿聯凱基93購01  ,0,0,0,0,0,0,0,0,0,316000,0,0,0,396000,80000,316000,316000
05761P,嘉澤永豐96售01  ,0,0,0,0,0,0,0,0,0,313000,0,0,0,388000,75000,313000,313000
052437,聯發科富邦99購02,0,0,0,0,0,0,0,0,0,312000,0,0,0,322000,10000,312000,312000
056026,智易群益97購01  ,0,0,0,0,0,0,0,0,0,312000,0,0,0,312000,0,312000,312000
00651R,FH香港反1       ,67000,0,67000,0,0,0,0,0,0,244000,0,0,0,571000,327000,244000,311000
05483P,國巨凱基95售07  ,0,0,0,0,0,0,0,0,0,310000,0,0,0,310000,0,310000,310000
04334P,中石化康和93售01,0,0,0,0,0,0,0,0,0,310000,0,0,0,420000,110000,310000,310000
045417,華新凱基93購01  ,0,0,0,0,0,0,0,0,0,310000,0,0,0,320000,10000,310000,310000
04610P,世紀鋼永豐94售03,0,0,0,0,0,0,0,0,0,310000,0,0,0,310000,0,310000,310000
055012,茂林元富97購01  ,0,0,0,0,0,0,0,0,0,309000,0,0,0,514000,205000,309000,309000
8016,矽創            ,847000,524045,322955,0,0,0,1000,0,1000,-15000,3000,21000,-18000,19000,16000,3000,308955
00669R,國泰美國道瓊反1 ,0,0,0,0,0,0,0,0,0,308000,90000,0,90000,1027000,809000,218000,308000
048279,聯鈞永豐93購01  ,0,0,0,0,0,0,0,0,0,305000,0,0,0,323000,18000,305000,305000
06325P,TXFI0永昌99售03 ,0,0,0,0,0,0,0,0,0,305000,0,0,0,911000,606000,305000,305000
2031,新光鋼          ,583000,376000,207000,0,0,0,186000,0,186000,-88000,30000,130000,-100000,12000,0,12000,305000
050101,台積電永昌96購03,0,0,0,0,0,0,0,0,0,304000,0,0,0,430000,126000,304000,304000
047470,聯發科中信94購03,0,0,0,0,0,0,0,0,0,304000,0,0,0,370000,66000,304000,304000
053625,國巨兆豐96購03  ,0,0,0,0,0,0,0,0,0,303000,0,0,0,329000,26000,303000,303000
053568,智伸科富邦98購01,0,0,0,0,0,0,0,0,0,303000,0,0,0,327000,24000,303000,303000
00703,台新MSCI中國    ,0,0,0,0,0,0,0,0,0,303000,0,0,0,336000,33000,303000,303000
05053P,新日興群益95售01,0,0,0,0,0,0,0,0,0,303000,0,0,0,313000,10000,303000,303000
04244P,可成元大93售12  ,0,0,0,0,0,0,0,0,0,302000,0,0,0,363000,61000,302000,302000
046576,S&P反1富邦93購01,0,0,0,0,0,0,0,0,0,301000,0,0,0,301000,0,301000,301000
5521,工信            ,880000,579000,301000,0,0,0,0,0,0,0,0,0,0,0,0,0,301000
053449,超眾凱基98購01  ,0,0,0,0,0,0,0,0,0,300000,0,0,0,310000,10000,300000,300000
046118,高鐵元大92購01  ,0,0,0,0,0,0,0,0,0,300000,0,0,0,300000,0,300000,300000
044356,創意元大92購04  ,0,0,0,0,0,0,0,0,0,300000,0,0,0,300000,0,300000,300000
04118P,上銀凱基93售06  ,0,0,0,0,0,0,0,0,0,300000,0,0,0,300000,0,300000,300000
047334,南茂元大93購03  ,0,0,0,0,0,0,0,0,0,300000,0,0,0,300000,0,300000,300000
051248,華固元大95購01  ,0,0,0,0,0,0,0,0,0,300000,0,0,0,300000,0,300000,300000
051981,南茂凱基96購01  ,0,0,0,0,0,0,0,0,0,300000,0,0,0,300000,0,300000,300000
051943,台積電麥證95購03,0,0,0,651000,351000,300000,0,0,0,300000,0,0,0,651000,351000,300000,300000
052209,深中小元大95購02,0,0,0,0,0,0,0,0,0,300000,0,0,0,300000,0,300000,300000
05769P,台積電凱基96售16,0,0,0,0,0,0,0,0,0,300000,0,0,0,334000,34000,300000,300000
06190P,玉晶光永豐97售05,0,0,0,0,0,0,0,0,0,298000,0,0,0,298000,0,298000,298000
047922,聯發科凱基94購01,0,0,0,0,0,0,0,0,0,297000,0,0,0,557000,260000,297000,297000
05914P,友達元大96售04  ,0,0,0,0,0,0,0,0,0,297000,0,0,0,345000,48000,297000,297000
00783,富邦中証500     ,227000,0,227000,0,0,0,0,0,0,69809,0,0,0,1264000,1194191,69809,296809
054982,國巨元富97購03  ,0,0,0,0,0,0,0,0,0,295000,0,0,0,512000,217000,295000,295000
052815,滬深2X永豐97購01,0,0,0,0,0,0,0,0,0,295000,0,0,0,499000,204000,295000,295000
05783P,嘉澤元富96售01  ,0,0,0,0,0,0,0,0,0,294000,0,0,0,387000,93000,294000,294000
00680L,元大美債20正2   ,0,0,0,0,0,0,0,0,0,293000,0,0,0,316000,23000,293000,293000
049545,台積電群益94購09,0,0,0,0,0,0,0,0,0,293000,0,0,0,397000,104000,293000,293000
8039,台虹            ,1140000,806000,334000,0,0,0,0,0,0,-42000,4000,31000,-27000,13000,28000,-15000,292000
3532,台勝科          ,94000,134000,-40000,0,0,0,1000,0,1000,331000,0,2000,-2000,343000,10000,333000,292000
048100,貿聯凱基93購02  ,0,0,0,0,0,0,0,0,0,291000,0,0,0,291000,0,291000,291000
051459,臺股指元大95購19,0,0,0,0,0,0,0,0,0,290000,0,0,0,390000,100000,290000,290000
055039,神達富邦99購01  ,0,0,0,0,0,0,0,0,0,288000,0,0,0,357000,69000,288000,288000
051266,國巨富邦99購01  ,0,0,0,0,0,0,0,0,0,288000,0,0,0,368000,80000,288000,288000
00655L,國泰中國A50正2  ,214000,16000,198000,0,0,0,0,0,0,88802,0,0,0,1453000,1364198,88802,286802
052885,高鐵兆豐98購01  ,0,0,0,0,0,0,0,0,0,285000,0,0,0,400000,115000,285000,285000
03651P,統一元大92售01  ,0,0,0,0,0,0,0,0,0,284000,0,0,0,284000,0,284000,284000
6592,和潤企業        ,286000,3000,283000,0,0,0,0,0,0,0,0,0,0,0,0,0,283000
046296,上銀元富92購01  ,0,0,0,0,0,0,0,0,0,281000,0,0,0,283000,2000,281000,281000
055048,台積電永豐97購04,0,0,0,0,0,0,0,0,0,280000,0,0,0,281000,1000,280000,280000
006206,元大上證50      ,158000,134000,24000,0,0,0,0,0,0,255000,10000,10000,0,400000,145000,255000,279000
04963P,鴻海元大94售25  ,0,0,0,0,0,0,0,0,0,279000,0,0,0,706000,427000,279000,279000
05515P,台積電群益96售03,0,0,0,0,0,0,0,0,0,277000,0,0,0,361000,84000,277000,277000
03973P,高鐵元大93售01  ,0,0,0,0,0,0,0,0,0,277000,0,0,0,277000,0,277000,277000
047146,智邦群益93購01  ,0,0,0,0,0,0,0,0,0,277000,0,0,0,409000,132000,277000,277000
04946P,華通元大94售04  ,0,0,0,0,0,0,0,0,0,275000,0,0,0,322000,47000,275000,275000
042993,葡萄王元大94購01,0,0,0,0,0,0,0,0,0,274000,0,0,0,274000,0,274000,274000
04328P,台達電中信93售02,0,0,0,0,0,0,0,0,0,270000,0,0,0,275000,5000,270000,270000
044615,聯茂兆豐93購01  ,0,0,0,0,0,0,0,0,0,270000,0,0,0,387000,117000,270000,270000
03050X,元展47          ,0,0,0,0,0,0,0,0,0,269000,0,0,0,291000,22000,269000,269000
051791,智伸科國票96購01,0,0,0,0,0,0,0,0,0,269000,0,0,0,352000,83000,269000,269000
1722,台肥            ,1002001,695000,307001,0,0,0,1000,0,1000,-40000,0,20000,-20000,5000,25000,-20000,268001
05550P,臺股指元大96售07,0,0,0,0,0,0,0,0,0,268000,0,0,0,544000,276000,268000,268000
049860,亞德客兆豐94購01,0,0,0,0,0,0,0,0,0,266000,0,0,0,380000,114000,266000,266000
03771P,中磊元大93售03  ,0,0,0,0,0,0,0,0,0,265000,0,0,0,273000,8000,265000,265000
044200,群創國票93購01  ,0,0,0,0,0,0,0,0,0,265000,0,0,0,350000,85000,265000,265000
00641R,富邦日本反1     ,84000,0,84000,0,0,0,0,0,0,180000,0,0,0,440000,260000,180000,264000
044429,元金2X元大94購04,0,0,0,0,0,0,0,0,0,264000,0,0,0,284000,20000,264000,264000
04714P,上海銀元大94售01,0,0,0,0,0,0,0,0,0,264000,0,0,0,266000,2000,264000,264000
2838A,聯邦銀甲特      ,0,1000,-1000,0,0,0,0,0,0,265000,280000,15000,265000,0,0,0,264000
055077,臺股指永豐97購02,0,0,0,0,0,0,0,0,0,263000,0,0,0,309000,46000,263000,263000
053717,聯發科凱基96購17,0,0,0,0,0,0,0,0,0,263000,0,0,0,695000,432000,263000,263000
1477,聚陽            ,552000,292000,260000,0,0,0,0,1000,-1000,4000,17000,14000,3000,4000,3000,1000,263000
054682,東元永豐97購01  ,0,0,0,0,0,0,0,0,0,260000,0,0,0,260000,0,260000,260000
053138,華邦電富邦96購01,0,0,0,0,0,0,0,0,0,260000,0,0,0,308000,48000,260000,260000
04121P,宏碁凱基93售02  ,0,0,0,0,0,0,0,0,0,259000,0,0,0,260000,1000,259000,259000
047901,復盛群益93購01  ,0,0,0,0,0,0,0,0,0,259000,0,0,0,288000,29000,259000,259000
049680,臺股指國票94購13,0,0,0,0,0,0,0,0,0,259000,0,0,0,260000,1000,259000,259000
053053,京元電國票97購02,0,0,0,0,0,0,0,0,0,259000,0,0,0,299000,40000,259000,259000
6669,緯穎            ,555224,312465,242759,0,0,0,62000,39000,23000,-11000,3000,63000,-60000,59000,10000,49000,254759
054866,宏盛群益98購01  ,0,0,0,0,0,0,0,0,0,254000,0,0,0,421000,167000,254000,254000
6668,中揚光          ,408000,149000,259000,0,0,0,0,0,0,-6000,38000,55000,-17000,15000,4000,11000,253000
05609P,國泰金凱基96售01,0,0,0,0,0,0,0,0,0,252000,0,0,0,262000,10000,252000,252000
04954P,健策國票96售01  ,0,0,0,0,0,0,0,0,0,251000,0,0,0,255000,4000,251000,251000
048211,大立光日盛93購01,0,0,0,0,0,0,0,0,0,251000,0,0,0,251000,0,251000,251000
055268,和大元大97購01  ,0,0,0,0,0,0,0,0,0,250000,0,0,0,250000,0,250000,250000
04359P,中磊永豐94售01  ,0,0,0,0,0,0,0,0,0,250000,0,0,0,254000,4000,250000,250000
047181,智邦元大93購06  ,0,0,0,0,0,0,0,0,0,250000,0,0,0,250000,0,250000,250000
050759,貿聯元富94購02  ,0,0,0,0,0,0,0,0,0,249000,0,0,0,310000,61000,249000,249000
05759P,智邦永豐96售02  ,0,0,0,0,0,0,0,0,0,249000,0,0,0,364000,115000,249000,249000
2323,中環            ,1178000,1108000,70000,0,0,0,0,0,0,179000,39000,7000,32000,147000,0,147000,249000
055156,華新科元大99購02,0,0,0,0,0,0,0,0,0,248000,0,0,0,300000,52000,248000,248000
04173P,上海銀凱基93售02,0,0,0,0,0,0,0,0,0,248000,0,0,0,251000,3000,248000,248000
044861,玉晶光兆豐93購01,0,0,0,0,0,0,0,0,0,248000,0,0,0,260000,12000,248000,248000
3450,聯鈞            ,1614000,552000,1062000,0,0,0,0,353000,-353000,-461000,1000,372000,-371000,35000,125000,-90000,248000
054192,國巨中信98購01  ,0,0,0,0,0,0,0,0,0,247000,0,0,0,302000,55000,247000,247000
054287,台積電元大97購11,0,0,0,0,0,0,0,0,0,245000,0,0,0,485000,240000,245000,245000
052679,致伸富邦98購01  ,0,0,0,0,0,0,0,0,0,245000,0,0,0,360000,115000,245000,245000
054891,聯鈞統一99購02  ,0,0,0,0,0,0,0,0,0,244000,0,0,0,423000,179000,244000,244000
044457,滬深2X國票97購01,0,0,0,0,0,0,0,0,0,244000,0,0,0,1000000,756000,244000,244000
04518P,高鐵群益95售01  ,0,0,0,0,0,0,0,0,0,244000,0,0,0,326000,82000,244000,244000
03257P,聯電永豐02售01  ,0,0,0,0,0,0,0,0,0,243000,0,0,0,278000,35000,243000,243000
051907,台積電元大97購05,0,0,0,0,0,0,0,0,0,243000,0,0,0,493000,250000,243000,243000
2535,達欣工          ,315000,71000,244000,0,0,0,0,0,0,-1000,0,1000,-1000,0,0,0,243000
055076,福懋科永豐97購01,0,0,0,0,0,0,0,0,0,242000,0,0,0,242000,0,242000,242000
047555,欣興凱基93購01  ,0,0,0,0,0,0,0,0,0,242000,0,0,0,310000,68000,242000,242000
04228P,貿聯永豐93售03  ,0,0,0,0,0,0,0,0,0,241000,0,0,0,241000,0,241000,241000
06035P,同欣電凱基96售03,0,0,0,0,0,0,0,0,0,240000,0,0,0,240000,0,240000,240000
053666,臺股指凱基96購29,0,0,0,0,0,0,0,0,0,239000,0,0,0,414000,175000,239000,239000
04264P,宏碁統一93售01  ,0,0,0,0,0,0,0,0,0,239000,0,0,0,239000,0,239000,239000
04768P,大立光國泰96售03,0,0,0,0,0,0,0,0,0,239000,0,0,0,259000,20000,239000,239000
050856,智邦台新95購01  ,0,0,0,0,0,0,0,0,0,238000,0,0,0,338000,100000,238000,238000
052652,台虹永豐96購01  ,0,0,0,0,0,0,0,0,0,238000,0,0,0,258000,20000,238000,238000
048067,台光電元富93購01,0,0,0,0,0,0,0,0,0,236000,0,0,0,296000,60000,236000,236000
055411,國巨富邦9A購02  ,0,0,0,0,0,0,0,0,0,234000,0,0,0,334000,100000,234000,234000
049728,正崴中信94購01  ,0,0,0,0,0,0,0,0,0,232000,0,0,0,304000,72000,232000,232000
05727P,新光金日盛96售02,0,0,0,0,0,0,0,0,0,232000,0,0,0,242000,10000,232000,232000
05130P,聯發科統一95售03,0,0,0,0,0,0,0,0,0,231000,0,0,0,286000,55000,231000,231000
055379,牧德元大97購03  ,0,0,0,0,0,0,0,0,0,230000,0,0,0,240000,10000,230000,230000
042604,國泰金富邦92購01,0,0,0,0,0,0,0,0,0,230000,0,0,0,230000,0,230000,230000
043289,欣興元大92購01  ,0,0,0,0,0,0,0,0,0,230000,0,0,0,230000,0,230000,230000
03543P,台泥中信02售01  ,0,0,0,0,0,0,0,0,0,230000,0,0,0,310000,80000,230000,230000
049848,聯發科群益94購06,0,0,0,0,0,0,0,0,0,230000,0,0,0,243000,13000,230000,230000
052158,華泰永豐95購01  ,0,0,0,0,0,0,0,0,0,230000,0,0,0,340000,110000,230000,230000
2461,光群雷          ,353000,117000,236000,0,0,0,0,0,0,-6000,0,6000,-6000,0,0,0,230000
053024,國巨富邦97購02  ,0,0,0,0,0,0,0,0,0,228000,0,0,0,258000,30000,228000,228000
055212,和大凱基97購02  ,0,0,0,0,0,0,0,0,0,227000,0,0,0,227000,0,227000,227000
05224P,華通統一95售03  ,0,0,0,0,0,0,0,0,0,227000,0,0,0,450000,223000,227000,227000
046930,亞光統一93購01  ,0,0,0,0,0,0,0,0,0,226000,0,0,0,226000,0,226000,226000
05183P,台積電元富95售07,0,0,0,0,0,0,0,0,0,226000,0,0,0,226000,0,226000,226000
04177P,富邦金元大94售01,0,0,0,0,0,0,0,0,0,225000,0,0,0,225000,0,225000,225000
04449P,智邦凱基94售01  ,0,0,0,0,0,0,0,0,0,225000,0,0,0,231000,6000,225000,225000
049812,致伸元大94購03  ,0,0,0,0,0,0,0,0,0,225000,0,0,0,225000,0,225000,225000
047802,滬深2X凱基95購03,0,0,0,0,0,0,0,0,0,225000,0,0,0,225000,0,225000,225000
045936,富邦金群益94購01,0,0,0,0,0,0,0,0,0,224000,0,0,0,224000,0,224000,224000
053032,國巨兆豐97購02  ,0,0,0,0,0,0,0,0,0,224000,0,0,0,436000,212000,224000,224000
03857P,聯發科元富99售02,0,0,0,0,0,0,0,0,0,223000,0,0,0,333000,110000,223000,223000
048432,全新國票95購01  ,0,0,0,0,0,0,0,0,0,223000,0,0,0,237000,14000,223000,223000
054938,國巨元大97購04  ,0,0,0,0,0,0,0,0,0,222000,0,0,0,310000,88000,222000,222000
05423P,聯電亞東95售02  ,0,0,0,0,0,0,0,0,0,222000,0,0,0,222000,0,222000,222000
04576P,上海銀統一94售04,0,0,0,0,0,0,0,0,0,222000,0,0,0,222000,0,222000,222000
4977,眾達-KY         ,683000,280000,403000,0,0,0,0,0,0,-181000,42000,241000,-199000,18000,0,18000,222000
053608,彩晶第一96購01  ,0,0,0,0,0,0,0,0,0,221000,0,0,0,221000,0,221000,221000
053686,台積電元大97購08,0,0,0,0,0,0,0,0,0,221000,0,0,0,307000,86000,221000,221000
047646,貿聯元大94購01  ,0,0,0,0,0,0,0,0,0,221000,0,0,0,241000,20000,221000,221000
053537,玉晶光永豐98購02,0,0,0,0,0,0,0,0,0,220000,0,0,0,602000,382000,220000,220000
05506P,茂林凱基96售03  ,0,0,0,0,0,0,0,0,0,220000,0,0,0,220000,0,220000,220000
046811,和大凱基93購01  ,0,0,0,0,0,0,0,0,0,220000,0,0,0,320000,100000,220000,220000
052499,合勤控永豐95購01,0,0,0,0,0,0,0,0,0,220000,0,0,0,220000,0,220000,220000
050763,楠梓電元大94購03,0,0,0,0,0,0,0,0,0,220000,0,0,0,220000,0,220000,220000
3005,神基            ,326000,815000,-489000,0,0,0,5000,0,5000,704000,0,20000,-20000,724000,0,724000,220000
05971P,世紀鋼永豐96售04,0,0,0,0,0,0,0,0,0,220000,0,0,0,220000,0,220000,220000
051390,京元電兆豐95購01,0,0,0,0,0,0,0,0,0,219000,0,0,0,300000,81000,219000,219000
051193,新日興兆豐96購01,0,0,0,0,0,0,0,0,0,217000,0,0,0,260000,43000,217000,217000
053025,燿華富邦98購02  ,0,0,0,0,0,0,0,0,0,215000,0,0,0,377000,162000,215000,215000
06031P,新光金兆豐96售02,0,0,0,0,0,0,0,0,0,215000,0,0,0,388000,173000,215000,215000
045854,貿聯富邦93購01  ,0,0,0,0,0,0,0,0,0,213000,0,0,0,223000,10000,213000,213000
050199,南電元大94購09  ,0,0,0,0,0,0,0,0,0,213000,0,0,0,213000,0,213000,213000
04935P,鴻海中信96售01  ,0,0,0,0,0,0,0,0,0,212000,0,0,0,212000,0,212000,212000
04707P,喬山元大94售01  ,0,0,0,0,0,0,0,0,0,212000,0,0,0,212000,0,212000,212000
052813,T50正2永豐96購01,0,0,0,0,0,0,0,0,0,212000,0,0,0,255000,43000,212000,212000
05120P,聯發科國泰97售01,0,0,0,0,0,0,0,0,0,212000,0,0,0,321000,109000,212000,212000
05104P,智邦台新95售02  ,0,0,0,0,0,0,0,0,0,212000,0,0,0,212000,0,212000,212000
042752,台灣50元大96購03,0,0,0,0,0,0,0,0,0,211000,0,0,0,391000,180000,211000,211000
03892P,元油2X中信95售01,0,0,0,0,0,0,0,0,0,211000,0,0,0,891000,680000,211000,211000
052102,台泥兆豐96購01  ,0,0,0,0,0,0,0,0,0,211000,0,0,0,241000,30000,211000,211000
055804,祥碩永豐97購02  ,0,0,0,0,0,0,0,0,0,210000,0,0,0,306000,96000,210000,210000
055824,臺股指國票97購11,0,0,0,0,0,0,0,0,0,210000,0,0,0,370000,160000,210000,210000
05402P,台郡永豐95售02  ,0,0,0,0,0,0,0,0,0,210000,0,0,0,657000,447000,210000,210000
04426P,佳世達康和94售02,0,0,0,0,0,0,0,0,0,210000,0,0,0,210000,0,210000,210000
046863,康友元大93購01  ,0,0,0,0,0,0,0,0,0,210000,0,0,0,210000,0,210000,210000
046220,滬深2X元大95購03,0,0,0,0,0,0,0,0,0,210000,0,0,0,210000,0,210000,210000
049721,晶技凱基94購02  ,0,0,0,0,0,0,0,0,0,210000,0,0,0,230000,20000,210000,210000
052582,喬山台新96購01  ,0,0,0,0,0,0,0,0,0,210000,0,0,0,210000,0,210000,210000
05301P,矽力元大95售02  ,0,0,0,0,0,0,0,0,0,210000,0,0,0,460000,250000,210000,210000
056094,大立光元富97購03,0,0,0,0,0,0,0,0,0,210000,0,0,0,210000,0,210000,210000
2548,華固            ,531668,288000,243668,0,0,0,0,0,0,-34000,5000,28000,-23000,6000,17000,-11000,209668
047163,義隆台新93購01  ,0,0,0,0,0,0,0,0,0,209000,0,0,0,209000,0,209000,209000
05278P,台郡元富95售02  ,0,0,0,0,0,0,0,0,0,209000,0,0,0,229000,20000,209000,209000
053698,中磊元大96購02  ,0,0,0,0,0,0,0,0,0,208000,0,0,0,275000,67000,208000,208000
042093,台灣50群益94購02,0,0,0,0,0,0,0,0,0,208000,0,0,0,252000,44000,208000,208000
054833,京鼎中信97購01  ,0,0,0,0,0,0,0,0,0,207000,0,0,0,208000,1000,207000,207000
3653,健策            ,691000,516000,175000,0,0,0,0,6000,-6000,38000,30000,128000,-98000,224000,88000,136000,207000
6288,聯嘉            ,758630,546000,212630,0,0,0,0,0,0,-6000,8000,14000,-6000,0,0,0,206630
05420P,大立光國泰97售03,0,0,0,0,0,0,0,0,0,206000,0,0,0,214000,8000,206000,206000
04011P,台積電元大93售22,0,0,0,0,0,0,0,0,0,206000,0,0,0,206000,0,206000,206000
050796,燿華中信95購01  ,0,0,0,0,0,0,0,0,0,206000,0,0,0,206000,0,206000,206000
050660,欣興元大96購02  ,0,0,0,0,0,0,0,0,0,206000,0,0,0,214000,8000,206000,206000
052041,鴻海日盛95購02  ,0,0,0,0,0,0,0,0,0,206000,0,0,0,206000,0,206000,206000
054161,友訊凱基98購01  ,0,0,0,0,0,0,0,0,0,205000,0,0,0,210000,5000,205000,205000
045447,鴻海國泰94購02  ,0,0,0,0,0,0,0,0,0,205000,0,0,0,205000,0,205000,205000
052829,上銀群益96購01  ,0,0,0,0,0,0,0,0,0,205000,0,0,0,224000,19000,205000,205000
047867,旺宏永豐93購02  ,0,0,0,0,0,0,0,0,0,204000,0,0,0,432000,228000,204000,204000
047681,滬深反中信95購01,0,0,0,0,0,0,0,0,0,203000,0,0,0,220000,17000,203000,203000
046610,義隆國票93購01  ,0,0,0,0,0,0,0,0,0,202000,0,0,0,202000,0,202000,202000
04894P,世紀鋼元大94售02,0,0,0,0,0,0,0,0,0,202000,0,0,0,224000,22000,202000,202000
05288P,寶成元富95售02  ,0,0,0,0,0,0,0,0,0,202000,0,0,0,213000,11000,202000,202000
04304P,上海銀亞東93售01,0,0,0,0,0,0,0,0,0,201000,0,0,0,202000,1000,201000,201000
6670,復盛應用        ,471944,318000,153944,0,0,0,0,0,0,47000,23000,0,23000,26000,2000,24000,200944
05368P,可成元富95售03  ,0,0,0,0,0,0,0,0,0,200000,0,0,0,200000,0,200000,200000
055553,聯發科凱基97購05,0,0,0,0,0,0,0,0,0,200000,0,0,0,200000,0,200000,200000
03842P,鴻海元富93售02  ,0,0,0,0,0,0,0,0,0,200000,0,0,0,200000,0,200000,200000
03293P,和碩元大02售01  ,0,0,0,0,0,0,0,0,0,200000,0,0,0,200000,0,200000,200000
046565,康控凱基92購02  ,0,0,0,0,0,0,0,0,0,200000,0,0,0,200000,0,200000,200000
046412,潤泰全元大92購02,0,0,0,0,0,0,0,0,0,200000,0,0,0,200000,0,200000,200000
046415,嘉晶元大92購03  ,0,0,0,0,0,0,0,0,0,200000,0,0,0,200000,0,200000,200000
046335,矽創元大92購04  ,0,0,0,0,0,0,0,0,0,200000,0,0,0,200000,0,200000,200000
044612,創意兆豐93購01  ,0,0,0,0,0,0,0,0,0,200000,0,0,0,200000,0,200000,200000
044631,聯茂元大92購02  ,0,0,0,0,0,0,0,0,0,200000,0,0,0,200000,0,200000,200000
045882,滬深2X元大95購01,0,0,0,0,0,0,0,0,0,200000,0,0,0,200000,0,200000,200000
04488P,聯發科凱基94售05,0,0,0,0,0,0,0,0,0,200000,0,0,0,200000,0,200000,200000
045575,智邦元大92購06  ,0,0,0,0,0,0,0,0,0,200000,0,0,0,200000,0,200000,200000
049759,元黃金富邦9A購01,0,0,0,0,0,0,0,0,0,200000,0,0,0,285000,85000,200000,200000
047693,T50反1國票95購01,0,0,0,0,0,0,0,0,0,200000,0,0,0,200000,0,200000,200000
049801,可成元大94購09  ,0,0,0,0,0,0,0,0,0,200000,0,0,0,200000,0,200000,200000
047527,高鐵元大93購02  ,0,0,0,0,0,0,0,0,0,200000,0,0,0,200000,0,200000,200000
047949,燿華台新93購01  ,0,0,0,0,0,0,0,0,0,200000,0,0,0,200000,0,200000,200000
047381,台化元大93購01  ,0,0,0,0,0,0,0,0,0,200000,0,0,0,200000,0,200000,200000
048243,儒鴻兆豐94購01  ,0,0,0,0,0,0,0,0,0,200000,0,0,0,200000,0,200000,200000
049998,奇力新永豐94購03,0,0,0,0,0,0,0,0,0,200000,0,0,0,210000,10000,200000,200000
048582,國泰金富邦93購01,0,0,0,0,0,0,0,0,0,200000,0,0,0,200000,0,200000,200000
04833P,鴻海元大94售16  ,0,0,0,0,0,0,0,0,0,200000,0,0,0,320000,120000,200000,200000
052157,東元永豐95購01  ,0,0,0,0,0,0,0,0,0,200000,0,0,0,200000,0,200000,200000
051585,美食元大95購01  ,0,0,0,0,0,0,0,0,0,200000,0,0,0,201000,1000,200000,200000
050710,元黃金中信96購01,0,0,0,0,0,0,0,0,0,200000,0,0,0,200000,0,200000,200000
051023,S&P反1統一95購02,0,0,0,0,0,0,0,0,0,200000,0,0,0,200000,0,200000,200000
054788,華新科群益98購02,0,0,0,0,0,0,0,0,0,199000,0,0,0,199000,0,199000,199000
049038,高鐵兆豐94購01  ,0,0,0,0,0,0,0,0,0,199000,0,0,0,219000,20000,199000,199000
03908P,致茂元大93售03  ,0,0,0,0,0,0,0,0,0,199000,0,0,0,199000,0,199000,199000
049976,台積電凱基94購28,0,0,0,0,0,0,0,0,0,199000,0,0,0,332000,133000,199000,199000
04801P,矽力元大94售02  ,0,0,0,0,0,0,0,0,0,199000,0,0,0,200000,1000,199000,199000
055982,T50反1元富97購01,0,0,0,0,0,0,0,0,0,199000,0,0,0,199000,0,199000,199000
05699P,茂林凱基96售05  ,0,0,0,0,0,0,0,0,0,199000,0,0,0,470000,271000,199000,199000
053509,華新群益98購01  ,0,0,0,0,0,0,0,0,0,198000,0,0,0,198000,0,198000,198000
048248,聯發科兆豐95購01,0,0,0,0,0,0,0,0,0,198000,0,0,0,220000,22000,198000,198000
04729P,臺股指中信96售01,0,0,0,0,0,0,0,0,0,197000,0,0,0,230000,33000,197000,197000
052978,貿聯麥證97購01  ,0,0,0,204000,7000,197000,0,0,0,197000,0,0,0,204000,7000,197000,197000
053388,群創元大9C購02  ,0,0,0,0,0,0,0,0,0,196000,0,0,0,492000,296000,196000,196000
03828P,致茂中信95售01  ,0,0,0,0,0,0,0,0,0,196000,0,0,0,226000,30000,196000,196000
045127,鴻海統一92購01  ,0,0,0,0,0,0,0,0,0,195000,0,0,0,195000,0,195000,195000
048662,京元電統一93購04,0,0,0,0,0,0,0,0,0,195000,0,0,0,195000,0,195000,195000
050027,義隆元大94購03  ,0,0,0,0,0,0,0,0,0,195000,0,0,0,200000,5000,195000,195000
06094P,台達電中信97售01,0,0,0,0,0,0,0,0,0,195000,0,0,0,225000,30000,195000,195000
055222,臺股指凱基97購05,0,0,0,0,0,0,0,0,0,194000,0,0,0,294000,100000,194000,194000
06277P,臺股指凱基97售09,0,0,0,0,0,0,0,0,0,194000,0,0,0,194000,0,194000,194000
053815,聯發科群益96購01,0,0,0,0,0,0,0,0,0,193000,0,0,0,193000,0,193000,193000
04843P,致新元大94售02  ,0,0,0,0,0,0,0,0,0,193000,0,0,0,243000,50000,193000,193000
050485,國巨統一96購01  ,0,0,0,0,0,0,0,0,0,193000,0,0,0,199000,6000,193000,193000
06164P,臺股指凱基97售04,0,0,0,0,0,0,0,0,0,192000,0,0,0,192000,0,192000,192000
049991,臺股指凱基96購04,0,0,0,0,0,0,0,0,0,191000,0,0,0,191000,0,191000,191000
053749,揚明光永豐97購01,0,0,0,0,0,0,0,0,0,190000,0,0,0,190000,0,190000,190000
050077,臺股指凱基99購02,0,0,0,0,0,0,0,0,0,190000,0,0,0,204000,14000,190000,190000
047869,景碩永豐93購01  ,0,0,0,0,0,0,0,0,0,190000,0,0,0,230000,40000,190000,190000
047920,南亞科凱基93購04,0,0,0,0,0,0,0,0,0,190000,0,0,0,190000,0,190000,190000
047431,儒鴻元大93購06  ,0,0,0,0,0,0,0,0,0,190000,0,0,0,203000,13000,190000,190000
047483,新光金凱基99購04,0,0,0,0,0,0,0,0,0,190000,0,0,0,300000,110000,190000,190000
052425,華通台新95購02  ,0,0,0,0,0,0,0,0,0,190000,0,0,0,210000,20000,190000,190000
051795,T50反1台新05購02,0,0,0,0,0,0,0,0,0,190000,0,0,0,190000,0,190000,190000
06279P,臺股指凱基97售11,0,0,0,0,0,0,0,0,0,190000,0,0,0,190000,0,190000,190000
03651C,臺股指凱基97牛17,0,0,0,0,0,0,0,0,0,189000,0,0,0,238000,49000,189000,189000
050381,鴻海兆豐94購01  ,0,0,0,0,0,0,0,0,0,189000,0,0,0,988000,799000,189000,189000
05202P,鴻海元大95售16  ,0,0,0,0,0,0,0,0,0,188000,0,0,0,281000,93000,188000,188000
051297,台積電凱基95購07,0,0,0,0,0,0,0,0,0,188000,0,0,0,318000,130000,188000,188000
06278P,臺股指凱基97售10,0,0,0,0,0,0,0,0,0,188000,0,0,0,188000,0,188000,188000
044247,道瓊反元富97購01,0,0,0,0,0,0,0,0,0,187000,0,0,0,210000,23000,187000,187000
06280P,臺股指凱基97售12,0,0,0,0,0,0,0,0,0,187000,0,0,0,190000,3000,187000,187000
06153P,健策元大97售04  ,0,0,0,0,0,0,0,0,0,187000,0,0,0,242000,55000,187000,187000
04458P,世紀鋼統一96售01,0,0,0,0,0,0,0,0,0,186000,0,0,0,196000,10000,186000,186000
047395,聯茂元大94購01  ,0,0,0,0,0,0,0,0,0,186000,0,0,0,296000,110000,186000,186000
05186P,鈺齊中信95售02  ,0,0,0,0,0,0,0,0,0,186000,0,0,0,196000,10000,186000,186000
052735,燿華富邦98購01  ,0,0,0,0,0,0,0,0,0,186000,0,0,0,186000,0,186000,186000
2903,遠百            ,714000,439000,275000,0,0,0,0,0,0,-89000,0,89000,-89000,0,0,0,186000
054107,上銀凱基97購01  ,0,0,0,0,0,0,0,0,0,185000,0,0,0,210000,25000,185000,185000
04456P,日月光統一94售01,0,0,0,0,0,0,0,0,0,185000,0,0,0,200000,15000,185000,185000
049126,玉晶光元富94購02,0,0,0,0,0,0,0,0,0,185000,0,0,0,193000,8000,185000,185000
047541,深中小凱基94購01,0,0,0,0,0,0,0,0,0,185000,0,0,0,475000,290000,185000,185000
05245P,台積電元大95售18,0,0,0,0,0,0,0,0,0,185000,0,0,0,336000,151000,185000,185000
056014,上銀群益97購02  ,0,0,0,0,0,0,0,0,0,185000,0,0,0,194000,9000,185000,185000
04941P,台達電台新94售02,0,0,0,0,0,0,0,0,0,184000,0,0,0,196000,12000,184000,184000
053011,鴻海統一98購01  ,0,0,0,0,0,0,0,0,0,184000,0,0,0,184000,0,184000,184000
04376P,漢唐元大94售04  ,0,0,0,0,0,0,0,0,0,183000,0,0,0,233000,50000,183000,183000
051033,台積電兆豐95購03,0,0,0,0,0,0,0,0,0,183000,0,0,0,296000,113000,183000,183000
054534,台積電富邦98購03,0,0,0,0,0,0,0,0,0,182000,0,0,0,295000,113000,182000,182000
050742,新日興永豐94購01,0,0,0,0,0,0,0,0,0,182000,0,0,0,470000,288000,182000,182000
1717,長興            ,344140,181000,163140,0,0,0,1000,0,1000,17000,20000,3000,17000,0,0,0,181140
9917,中保科          ,323000,120975,202025,0,0,0,1000,0,1000,-22000,0,22000,-22000,0,0,0,181025
054322,國巨台新96購02  ,0,0,0,0,0,0,0,0,0,181000,0,0,0,204000,23000,181000,181000
047886,京元電富邦95購01,0,0,0,0,0,0,0,0,0,181000,0,0,0,193000,12000,181000,181000
053256,上銀富邦98購01  ,0,0,0,0,0,0,0,0,0,181000,0,0,0,339000,158000,181000,181000
052675,新光金國泰98購01,0,0,0,0,0,0,0,0,0,181000,0,0,0,225000,44000,181000,181000
052115,T50反1國票95購03,0,0,0,0,0,0,0,0,0,181000,0,0,0,543000,362000,181000,181000
045206,創意國泰93購02  ,0,0,0,0,0,0,0,0,0,180000,0,0,0,195000,15000,180000,180000
052006,康友富邦98購01  ,0,0,0,0,0,0,0,0,0,180000,0,0,0,267000,87000,180000,180000
3048,益登            ,342000,147000,195000,0,0,0,0,0,0,-15000,0,15000,-15000,0,0,0,180000
05012P,台積電元大95售07,0,0,0,0,0,0,0,0,0,179000,0,0,0,179000,0,179000,179000
2420,新巨            ,319000,140000,179000,0,0,0,0,0,0,0,0,0,0,0,0,0,179000
048960,矽格康和94購01  ,0,0,0,0,0,0,0,0,0,178000,0,0,0,178000,0,178000,178000
05722P,玉晶光國票97售03,0,0,0,0,0,0,0,0,0,178000,0,0,0,616000,438000,178000,178000
054710,東元元富97購01  ,0,0,0,0,0,0,0,0,0,177000,0,0,0,263000,86000,177000,177000
047360,鴻海群益95購02  ,0,0,0,0,0,0,0,0,0,176000,0,0,0,176000,0,176000,176000
3312,弘憶股          ,279000,100000,179000,0,0,0,0,0,0,-3000,0,3000,-3000,0,0,0,176000
045749,智邦富邦93購01  ,0,0,0,0,0,0,0,0,0,175000,0,0,0,215000,40000,175000,175000
08539P,元油2X國票99售01,0,0,0,0,0,0,0,0,0,175000,0,0,0,175000,0,175000,175000
053484,國巨國票97購03  ,0,0,0,0,0,0,0,0,0,174000,0,0,0,285000,111000,174000,174000
046843,上銀永豐93購01  ,0,0,0,0,0,0,0,0,0,174000,0,0,0,258000,84000,174000,174000
048066,樺漢統一93購01  ,0,0,0,0,0,0,0,0,0,174000,0,0,0,194000,20000,174000,174000
05363P,臺股指富邦95售03,0,0,0,0,0,0,0,0,0,173000,0,0,0,173000,0,173000,173000
044426,欣興國泰93購02  ,0,0,0,0,0,0,0,0,0,173000,0,0,0,173000,0,173000,173000
055142,健策永豐98購01  ,0,0,0,0,0,0,0,0,0,172000,0,0,0,177000,5000,172000,172000
04176P,台達電元大94售01,0,0,0,0,0,0,0,0,0,172000,0,0,0,205000,33000,172000,172000
044105,聯詠中信95購01  ,0,0,0,0,0,0,0,0,0,172000,0,0,0,212000,40000,172000,172000
043938,華邦電兆豐93購01,0,0,0,0,0,0,0,0,0,171000,0,0,0,172000,1000,171000,171000
04577P,康友元富94售02  ,0,0,0,0,0,0,0,0,0,171000,0,0,0,214000,43000,171000,171000
050399,潤泰全中信95購01,0,0,0,0,0,0,0,0,0,171000,0,0,0,171000,0,171000,171000
05621P,聯電中信96售01  ,0,0,0,0,0,0,0,0,0,171000,0,0,0,216000,45000,171000,171000
053670,台積電統一96購09,0,0,0,0,0,0,0,0,0,170000,0,0,0,280000,110000,170000,170000
046499,技嘉元大92購02  ,0,0,0,0,0,0,0,0,0,170000,0,0,0,300000,130000,170000,170000
049102,智伸科國泰96購01,0,0,0,0,0,0,0,0,0,170000,0,0,0,170000,0,170000,170000
050566,高股息中信97購02,0,0,0,0,0,0,0,0,0,170000,0,0,0,240000,70000,170000,170000
05019P,喬山中信95售01  ,0,0,0,0,0,0,0,0,0,169000,0,0,0,169000,0,169000,169000
054432,台積電台新96購05,0,0,0,0,0,0,0,0,0,168000,0,0,0,226000,58000,168000,168000
050527,嘉聯益元大96購01,0,0,0,0,0,0,0,0,0,168000,0,0,0,168000,0,168000,168000
042724,群創群益93購01  ,0,0,0,0,0,0,0,0,0,167000,0,0,0,167000,0,167000,167000
047885,元金2X富邦99購01,0,0,0,0,0,0,0,0,0,167000,0,0,0,167000,0,167000,167000
054438,群創台新96購01  ,0,0,0,0,0,0,0,0,0,166000,0,0,0,166000,0,166000,166000
045092,聯茂元大92購03  ,0,0,0,0,0,0,0,0,0,166000,0,0,0,166000,0,166000,166000
04825P,元大金中信94售01,0,0,0,0,0,0,0,0,0,166000,0,0,0,172000,6000,166000,166000
052391,瑞儀群益95購01  ,0,0,0,0,0,0,0,0,0,166000,0,0,0,209000,43000,166000,166000
053169,貿聯群益97購01  ,0,0,0,0,0,0,0,0,0,166000,0,0,0,242000,76000,166000,166000
053752,超眾永豐96購02  ,0,0,0,0,0,0,0,0,0,165000,0,0,0,351000,186000,165000,165000
053705,滬深2X凱基99購01,0,0,0,0,0,0,0,0,0,165000,0,0,0,175000,10000,165000,165000
04503P,元油2X元富98售09,0,0,0,0,0,0,0,0,0,165000,0,0,0,181000,16000,165000,165000
047585,微星永豐93購01  ,0,0,0,0,0,0,0,0,0,165000,0,0,0,350000,185000,165000,165000
051364,鴻海國泰97購03  ,0,0,0,0,0,0,0,0,0,165000,0,0,0,170000,5000,165000,165000
2702,華園            ,197000,33000,164000,0,0,0,0,0,0,1000,3000,2000,1000,0,0,0,165000
053439,台積電凱基96購11,0,0,0,0,0,0,0,0,0,163000,0,0,0,197000,34000,163000,163000
055161,貿聯元大98購03  ,0,0,0,0,0,0,0,0,0,162000,0,0,0,274000,112000,162000,162000
04401P,玉晶光兆豐94售01,0,0,0,0,0,0,0,0,0,162000,0,0,0,162000,0,162000,162000
051844,宏達電富邦96購01,0,0,0,0,0,0,0,0,0,162000,0,0,0,320000,158000,162000,162000
051842,大成鋼富邦97購01,0,0,0,0,0,0,0,0,0,162000,0,0,0,267000,105000,162000,162000
052685,技嘉元大96購01  ,0,0,0,0,0,0,0,0,0,162000,0,0,0,258000,96000,162000,162000
05912P,和大元大96售01  ,0,0,0,0,0,0,0,0,0,162000,0,0,0,300000,138000,162000,162000
1611,中電            ,178000,16000,162000,0,0,0,0,0,0,0,0,0,0,0,0,0,162000
046675,GIS元大93購06   ,0,0,0,0,0,0,0,0,0,161000,0,0,0,161000,0,161000,161000
053215,禾伸堂凱基96購01,0,0,0,0,0,0,0,0,0,161000,0,0,0,186000,25000,161000,161000
1582,信錦            ,365000,207000,158000,0,0,0,0,0,0,3000,4000,1000,3000,0,0,0,161000
053351,A50正2兆豐97購01,0,0,0,0,0,0,0,0,0,160000,0,0,0,160000,0,160000,160000
047618,義隆凱基94購02  ,0,0,0,0,0,0,0,0,0,160000,0,0,0,160000,0,160000,160000
048362,康控永豐93購01  ,0,0,0,0,0,0,0,0,0,160000,0,0,0,160000,0,160000,160000
052595,奇力新群益96購01,0,0,0,0,0,0,0,0,0,160000,0,0,0,161000,1000,160000,160000
051507,彩晶元富95購01  ,0,0,0,0,0,0,0,0,0,160000,0,0,0,319000,159000,160000,160000
050645,台積電凱基94購39,0,0,0,0,0,0,0,0,0,160000,0,0,0,160000,0,160000,160000
055122,國巨兆豐98購01  ,0,0,0,0,0,0,0,0,0,159000,0,0,0,159000,0,159000,159000
03110P,聯發科元大01售26,0,0,0,0,0,0,0,0,0,159000,0,0,0,159000,0,159000,159000
046797,T50反1元大96購01,0,0,0,0,0,0,0,0,0,159000,0,0,0,410000,251000,159000,159000
05024P,華通國票96售01  ,0,0,0,0,0,0,0,0,0,159000,0,0,0,188000,29000,159000,159000
048961,矽創康和94購01  ,0,0,0,0,0,0,0,0,0,159000,0,0,0,159000,0,159000,159000
055744,茂林元富97購02  ,0,0,0,0,0,0,0,0,0,158000,0,0,0,199000,41000,158000,158000
051858,上銀凱基95購01  ,0,0,0,0,0,0,0,0,0,158000,0,0,0,190000,32000,158000,158000
3056,總太            ,600000,437800,162200,0,0,0,0,0,0,-5000,0,5000,-5000,0,0,0,157200
053838,正文永豐96購02  ,0,0,0,0,0,0,0,0,0,157000,0,0,0,157000,0,157000,157000
05088P,大立光富邦99售01,0,0,0,0,0,0,0,0,0,157000,0,0,0,167000,10000,157000,157000
051106,華通統一95購02  ,0,0,0,0,0,0,0,0,0,157000,0,0,0,228000,71000,157000,157000
05396P,台郡元大95售05  ,0,0,0,0,0,0,0,0,0,156000,0,0,0,156000,0,156000,156000
04619P,華新統一94售02  ,0,0,0,0,0,0,0,0,0,156000,0,0,0,156000,0,156000,156000
05418P,瑞昱永豐95售02  ,0,0,0,0,0,0,0,0,0,155000,0,0,0,195000,40000,155000,155000
055906,大立光兆豐97購03,0,0,0,0,0,0,0,0,0,155000,0,0,0,155000,0,155000,155000
043049,奇鋐國泰93購01  ,0,0,0,0,0,0,0,0,0,155000,0,0,0,200000,45000,155000,155000
3583,辛耘            ,285000,129000,156000,0,0,0,0,0,0,-1000,0,1000,-1000,0,0,0,155000
1103,嘉泥            ,573000,370000,203000,0,0,0,0,0,0,-48000,0,0,0,16000,64000,-48000,155000
05392P,鴻海統一95售13  ,0,0,0,0,0,0,0,0,0,154000,0,0,0,174000,20000,154000,154000
053161,康友元大96購04  ,0,0,0,0,0,0,0,0,0,154000,0,0,0,354000,200000,154000,154000
00688L,國泰20年美債正2 ,0,0,0,0,0,0,0,0,0,153000,0,0,0,153000,0,153000,153000
047406,香港反統一94購01,0,0,0,0,0,0,0,0,0,153000,0,0,0,193000,40000,153000,153000
050445,鴻海元大94購21  ,0,0,0,0,0,0,0,0,0,153000,0,0,0,227000,74000,153000,153000
048490,寶成富邦93購01  ,0,0,0,0,0,0,0,0,0,152000,0,0,0,152000,0,152000,152000
048496,南亞科元大93購05,0,0,0,0,0,0,0,0,0,152000,0,0,0,202000,50000,152000,152000
05262P,台積電元大95售19,0,0,0,0,0,0,0,0,0,152000,0,0,0,152000,0,152000,152000
2882A,國泰特          ,9000,0,9000,0,0,0,0,0,0,143000,163000,20000,143000,0,0,0,152000
043856,GIS富邦92購01   ,0,0,0,0,0,0,0,0,0,151000,0,0,0,151000,0,151000,151000
03637C,臺股指凱基94牛18,0,0,0,0,0,0,0,0,0,151000,0,0,0,216000,65000,151000,151000
048287,嘉晶兆豐94購01  ,0,0,0,0,0,0,0,0,0,151000,0,0,0,351000,200000,151000,151000
052103,台積電兆豐95購06,0,0,0,0,0,0,0,0,0,151000,0,0,0,1142000,991000,151000,151000
052979,上銀元大96購02  ,0,0,0,0,0,0,0,0,0,151000,0,0,0,178000,27000,151000,151000
2905,三商            ,301000,150000,151000,0,0,0,0,0,0,0,3000,3000,0,0,0,0,151000
9911,櫻花            ,492000,341000,151000,0,0,0,0,0,0,0,1000,1000,0,0,0,0,151000
04416P,牧德元富94售06  ,0,0,0,0,0,0,0,0,0,150000,0,0,0,150000,0,150000,150000
020008,元大特股高息N   ,0,0,0,0,0,0,0,0,0,150000,0,0,0,250000,100000,150000,150000
03128P,玉晶光國泰03售04,0,0,0,0,0,0,0,0,0,150000,0,0,0,150000,0,150000,150000
04313P,國巨元富95售03  ,0,0,0,0,0,0,0,0,0,150000,0,0,0,150000,0,150000,150000
043652,微星國泰93購01  ,0,0,0,0,0,0,0,0,0,150000,0,0,0,280000,130000,150000,150000
046155,道瓊反群益94購01,0,0,0,0,0,0,0,0,0,150000,0,0,0,150000,0,150000,150000
04513P,元石油中信94售01,0,0,0,0,0,0,0,0,0,150000,0,0,0,150000,0,150000,150000
04514P,元石油中信97售01,0,0,0,0,0,0,0,0,0,150000,0,0,0,150000,0,150000,150000
045820,京元電凱基92購04,0,0,0,0,0,0,0,0,0,150000,0,0,0,230000,80000,150000,150000
047062,鴻海凱基93購24  ,0,0,0,0,0,0,0,0,0,150000,0,0,0,150000,0,150000,150000
047206,元金2X國泰94購01,0,0,0,0,0,0,0,0,0,150000,0,0,0,150000,0,150000,150000
048204,訊芯元大93購06  ,0,0,0,0,0,0,0,0,0,150000,0,0,0,180000,30000,150000,150000
049736,宏達電群益95購03,0,0,0,0,0,0,0,0,0,150000,0,0,0,150000,0,150000,150000
053119,日月光中信97購01,0,0,0,0,0,0,0,0,0,150000,0,0,0,150000,0,150000,150000
051235,鴻海元大95購06  ,0,0,0,0,0,0,0,0,0,150000,0,0,0,150000,0,150000,150000
049044,和碩兆豐94購01  ,0,0,0,0,0,0,0,0,0,149000,0,0,0,149000,0,149000,149000
04399P,樺漢群益94售01  ,0,0,0,0,0,0,0,0,0,149000,0,0,0,149000,0,149000,149000
048513,欣興凱基93購04  ,0,0,0,0,0,0,0,0,0,149000,0,0,0,159000,10000,149000,149000
052152,創意富邦98購01  ,0,0,0,0,0,0,0,0,0,149000,0,0,0,152000,3000,149000,149000
05888P,友達元大97售01  ,0,0,0,0,0,0,0,0,0,149000,0,0,0,151000,2000,149000,149000
048357,漢唐永豐93購04  ,0,0,0,0,0,0,0,0,0,148000,0,0,0,158000,10000,148000,148000
4968,立積            ,1343000,1171000,172000,0,0,0,0,0,0,-24000,0,32000,-32000,8000,0,8000,148000
053901,T50反1凱基99購03,0,0,0,0,0,0,0,0,0,147000,0,0,0,147000,0,147000,147000
04751P,智邦兆豐95售02  ,0,0,0,0,0,0,0,0,0,147000,0,0,0,307000,160000,147000,147000
04245P,上海銀元大93售03,0,0,0,0,0,0,0,0,0,146000,0,0,0,149000,3000,146000,146000
053168,晶技群益98購01  ,0,0,0,0,0,0,0,0,0,146000,0,0,0,153000,7000,146000,146000
05119P,聯發科國泰96售02,0,0,0,0,0,0,0,0,0,146000,0,0,0,482000,336000,146000,146000
053855,康友國泰98購01  ,0,0,0,0,0,0,0,0,0,145000,0,0,0,190000,45000,145000,145000
053615,光罩群益96購01  ,0,0,0,0,0,0,0,0,0,145000,0,0,0,177000,32000,145000,145000
043390,康控元大93購01  ,0,0,0,0,0,0,0,0,0,145000,0,0,0,245000,100000,145000,145000
047504,滬深2X國票9A購01,0,0,0,0,0,0,0,0,0,145000,0,0,0,150000,5000,145000,145000
050991,元油2X元大96購04,0,0,0,0,0,0,0,0,0,145000,0,0,0,525000,380000,145000,145000
051843,聯發科富邦99購01,0,0,0,0,0,0,0,0,0,145000,0,0,0,159000,14000,145000,145000
051977,泰碩凱基95購01  ,0,0,0,0,0,0,0,0,0,145000,0,0,0,155000,10000,145000,145000
2345,智邦            ,2916351,2777992,138359,0,0,0,33000,20000,13000,-7000,81000,130000,-49000,101000,59000,42000,144359
04742P,瑞昱統一94售01  ,0,0,0,0,0,0,0,0,0,144000,0,0,0,219000,75000,144000,144000
052640,台表科凱基97購01,0,0,0,0,0,0,0,0,0,144000,0,0,0,148000,4000,144000,144000
052539,華邦電統一95購01,0,0,0,0,0,0,0,0,0,144000,0,0,0,199000,55000,144000,144000
6452,康友-KY         ,400000,269000,131000,0,0,0,0,1000,-1000,14000,1000,0,1000,32000,19000,13000,144000
2501,國建            ,345000,232000,113000,0,0,0,0,0,0,31000,33000,2000,31000,0,0,0,144000
03988P,上海銀群益93售01,0,0,0,0,0,0,0,0,0,143000,0,0,0,146000,3000,143000,143000
03304P,欣興元富02售02  ,0,0,0,0,0,0,0,0,0,143000,0,0,0,143000,0,143000,143000
049404,訊芯群益94購02  ,0,0,0,0,0,0,0,0,0,143000,0,0,0,201000,58000,143000,143000
05903P,聯發科統一96售09,0,0,0,0,0,0,0,0,0,143000,0,0,0,156000,13000,143000,143000
053809,上銀群益96購02  ,0,0,0,0,0,0,0,0,0,142000,0,0,0,167000,25000,142000,142000
045386,新光金元大93購02,0,0,0,0,0,0,0,0,0,142000,0,0,0,142000,0,142000,142000
045577,台光電元大92購06,0,0,0,0,0,0,0,0,0,142000,0,0,0,142000,0,142000,142000
048614,欣興凱基93購05  ,0,0,0,0,0,0,0,0,0,142000,0,0,0,210000,68000,142000,142000
03939P,康控元大95售02  ,0,0,0,0,0,0,0,0,0,141000,0,0,0,281000,140000,141000,141000
04788P,台積電永昌96售05,0,0,0,0,0,0,0,0,0,141000,0,0,0,141000,0,141000,141000
052791,友達兆豐97購01  ,0,0,0,0,0,0,0,0,0,141000,0,0,0,169000,28000,141000,141000
055493,華新科元大97購09,0,0,0,0,0,0,0,0,0,140000,0,0,0,140000,0,140000,140000
055496,高鐵元大97購02  ,0,0,0,0,0,0,0,0,0,140000,0,0,0,150000,10000,140000,140000
046897,康舒群益93購01  ,0,0,0,0,0,0,0,0,0,140000,0,0,0,140000,0,140000,140000
045479,T50反1中信95購01,0,0,0,0,0,0,0,0,0,140000,0,0,0,160000,20000,140000,140000
046089,南亞科兆豐92購01,0,0,0,0,0,0,0,0,0,140000,0,0,0,140000,0,140000,140000
047937,元金2X國票97購02,0,0,0,0,0,0,0,0,0,140000,0,0,0,140000,0,140000,140000
048364,臺股指永豐93購04,0,0,0,0,0,0,0,0,0,140000,0,0,0,180000,40000,140000,140000
047079,GIS兆豐94購01   ,0,0,0,0,0,0,0,0,0,140000,0,0,0,160000,20000,140000,140000
052299,T50反1台新05購03,0,0,0,0,0,0,0,0,0,140000,0,0,0,140000,0,140000,140000
05946P,和碩中信96售01  ,0,0,0,0,0,0,0,0,0,140000,0,0,0,142000,2000,140000,140000
054354,技嘉富邦97購01  ,0,0,0,0,0,0,0,0,0,139000,0,0,0,179000,40000,139000,139000
046090,冠德兆豐92購01  ,0,0,0,0,0,0,0,0,0,139000,0,0,0,139000,0,139000,139000
045948,臺股指兆豐92購01,0,0,0,0,0,0,0,0,0,139000,0,0,0,140000,1000,139000,139000
048632,大成鋼元大93購02,0,0,0,0,0,0,0,0,0,139000,0,0,0,140000,1000,139000,139000
053061,GIS富邦97購01   ,0,0,0,0,0,0,0,0,0,139000,0,0,0,150000,11000,139000,139000
054804,南亞元大9A購01  ,0,0,0,0,0,0,0,0,0,138000,0,0,0,139000,1000,138000,138000
049364,燿華元大94購02  ,0,0,0,0,0,0,0,0,0,138000,0,0,0,218000,80000,138000,138000
00737,國泰AI+Robo     ,45000,12000,33000,0,0,0,0,0,0,105000,0,0,0,203000,98000,105000,138000
5607,遠雄港          ,230000,80000,150000,0,0,0,0,0,0,-12000,1000,13000,-12000,0,0,0,138000
053776,台積電元大96購19,0,0,0,0,0,0,0,0,0,137000,0,0,0,147000,10000,137000,137000
04295P,智邦元大93售10  ,0,0,0,0,0,0,0,0,0,137000,0,0,0,142000,5000,137000,137000
047102,潤泰全富邦95購01,0,0,0,0,0,0,0,0,0,137000,0,0,0,430000,293000,137000,137000
06043P,創意永豐96售06  ,0,0,0,0,0,0,0,0,0,137000,0,0,0,143000,6000,137000,137000
05721P,全新群益98售02  ,0,0,0,0,0,0,0,0,0,137000,0,0,0,313000,176000,137000,137000
03951P,新光金凱基95售01,0,0,0,0,0,0,0,0,0,136000,0,0,0,195000,59000,136000,136000
03977P,上海銀元大93售01,0,0,0,0,0,0,0,0,0,136000,0,0,0,159000,23000,136000,136000
04505P,佳世達元富96售03,0,0,0,0,0,0,0,0,0,136000,0,0,0,136000,0,136000,136000
045588,健策元大93購01  ,0,0,0,0,0,0,0,0,0,135000,0,0,0,135000,0,135000,135000
051851,TPK群益95購03   ,0,0,0,0,0,0,0,0,0,135000,0,0,0,135000,0,135000,135000
05677P,玉晶光群益98售03,0,0,0,0,0,0,0,0,0,135000,0,0,0,357000,222000,135000,135000
053942,超眾國泰96購02  ,0,0,0,0,0,0,0,0,0,134000,0,0,0,274000,140000,134000,134000
054485,華邦電台新96購01,0,0,0,0,0,0,0,0,0,134000,0,0,0,234000,100000,134000,134000
047984,禾伸堂群益93購01,0,0,0,0,0,0,0,0,0,134000,0,0,0,134000,0,134000,134000
050541,智邦凱基94購04  ,0,0,0,0,0,0,0,0,0,134000,0,0,0,443000,309000,134000,134000
05100P,智邦凱基95售02  ,0,0,0,0,0,0,0,0,0,134000,0,0,0,136000,2000,134000,134000
052317,台積電元大96購11,0,0,0,0,0,0,0,0,0,134000,0,0,0,237000,103000,134000,134000
05707P,中磊永豐96售01  ,0,0,0,0,0,0,0,0,0,134000,0,0,0,188000,54000,134000,134000
1536,和大            ,764420,279000,485420,0,0,0,90000,273000,-183000,-169000,0,128000,-128000,12000,53000,-41000,133420
04480P,微星兆豐94售01  ,0,0,0,0,0,0,0,0,0,133000,0,0,0,133000,0,133000,133000
05270P,台表科元大95售05,0,0,0,0,0,0,0,0,0,133000,0,0,0,305000,172000,133000,133000
054230,上銀群益96購03  ,0,0,0,0,0,0,0,0,0,132000,0,0,0,173000,41000,132000,132000
047460,富邦金群益95購01,0,0,0,0,0,0,0,0,0,132000,0,0,0,152000,20000,132000,132000
06216P,上銀元富97售03  ,0,0,0,0,0,0,0,0,0,131000,0,0,0,211000,80000,131000,131000
055765,臺股指群益97購03,0,0,0,0,0,0,0,0,0,130000,0,0,0,152000,22000,130000,130000
046368,嘉聯益永豐92購04,0,0,0,0,0,0,0,0,0,130000,0,0,0,130000,0,130000,130000
045537,華新群益94購01  ,0,0,0,0,0,0,0,0,0,130000,0,0,0,130000,0,130000,130000
042388,大立光永昌93購02,0,0,0,0,0,0,0,0,0,130000,0,0,0,130000,0,130000,130000
045671,鴻海元大92購10  ,0,0,0,0,0,0,0,0,0,130000,0,0,0,150000,20000,130000,130000
048828,禾伸堂凱基94購02,0,0,0,0,0,0,0,0,0,130000,0,0,0,130000,0,130000,130000
05076P,深中小群益99售02,0,0,0,0,0,0,0,0,0,130000,0,0,0,130000,0,130000,130000
050232,奇鋐麥證95購01  ,0,0,0,130000,0,130000,0,0,0,130000,0,0,0,130000,0,130000,130000
052130,國巨凱基9B購01  ,0,0,0,0,0,0,0,0,0,130000,0,0,0,229000,99000,130000,130000
051380,禾伸堂群益95購01,0,0,0,0,0,0,0,0,0,130000,0,0,0,130000,0,130000,130000
053830,台積電台新96購02,0,0,0,0,0,0,0,0,0,129000,0,0,0,185000,56000,129000,129000
049525,華新科兆豐94購01,0,0,0,0,0,0,0,0,0,129000,0,0,0,139000,10000,129000,129000
048965,佳世達元大94購01,0,0,0,0,0,0,0,0,0,129000,0,0,0,204000,75000,129000,129000
05115P,T50反1群益95售02,0,0,0,0,0,0,0,0,0,129000,0,0,0,129000,0,129000,129000
050970,康舒永豐95購01  ,0,0,0,0,0,0,0,0,0,129000,0,0,0,155000,26000,129000,129000
054460,和大凱基97購01  ,0,0,0,0,0,0,0,0,0,128000,0,0,0,173000,45000,128000,128000
04670P,臺股指國票94售09,0,0,0,0,0,0,0,0,0,128000,0,0,0,318000,190000,128000,128000
050188,貿聯元大96購01  ,0,0,0,0,0,0,0,0,0,128000,0,0,0,198000,70000,128000,128000
05980P,台積電永昌96售09,0,0,0,0,0,0,0,0,0,128000,0,0,0,5825000,5697000,128000,128000
05683P,矽創元大96售01  ,0,0,0,0,0,0,0,0,0,128000,0,0,0,178000,50000,128000,128000
03635C,滬深2X元富99牛01,0,0,0,0,0,0,0,0,0,127000,0,0,0,147000,20000,127000,127000
051367,可成富邦97購01  ,0,0,0,0,0,0,0,0,0,127000,0,0,0,652000,525000,127000,127000
052413,上証反中信97購01,0,0,0,0,0,0,0,0,0,127000,0,0,0,130000,3000,127000,127000
049584,台積電元大96購04,0,0,0,0,0,0,0,0,0,126000,0,0,0,126000,0,126000,126000
053122,美律凱基98購01  ,0,0,0,0,0,0,0,0,0,126000,0,0,0,274000,148000,126000,126000
054155,美律第一96購01  ,0,0,0,0,0,0,0,0,0,125000,0,0,0,125000,0,125000,125000
044784,華邦電中信96購01,0,0,0,0,0,0,0,0,0,125000,0,0,0,145000,20000,125000,125000
045473,聯茂元大92購05  ,0,0,0,0,0,0,0,0,0,125000,0,0,0,125000,0,125000,125000
049570,華新科統一94購04,0,0,0,0,0,0,0,0,0,125000,0,0,0,191000,66000,125000,125000
049946,智邦兆豐95購01  ,0,0,0,0,0,0,0,0,0,125000,0,0,0,155000,30000,125000,125000
052849,可成統一97購01  ,0,0,0,0,0,0,0,0,0,125000,0,0,0,232000,107000,125000,125000
1229,聯華            ,381000,254602,126398,0,0,0,4000,3000,1000,-3000,0,3000,-3000,0,0,0,124398
053522,臺股指群益99購01,0,0,0,0,0,0,0,0,0,124000,0,0,0,124000,0,124000,124000
045695,英業達兆豐93購01,0,0,0,0,0,0,0,0,0,124000,0,0,0,134000,10000,124000,124000
050450,富邦金元大94購03,0,0,0,0,0,0,0,0,0,124000,0,0,0,126000,2000,124000,124000
047534,聯茂元大93購05  ,0,0,0,0,0,0,0,0,0,124000,0,0,0,124000,0,124000,124000
047655,聯發科兆豐93購02,0,0,0,0,0,0,0,0,0,124000,0,0,0,124000,0,124000,124000
051410,京元電國票96購01,0,0,0,0,0,0,0,0,0,124000,0,0,0,347000,223000,124000,124000
050402,緯穎中信96購01  ,0,0,0,0,0,0,0,0,0,123000,0,0,0,127000,4000,123000,123000
050050,國泰金群益94購02,0,0,0,0,0,0,0,0,0,123000,0,0,0,163000,40000,123000,123000
053297,鎧勝中信98購01  ,0,0,0,0,0,0,0,0,0,123000,0,0,0,123000,0,123000,123000
053310,彩晶凱基98購02  ,0,0,0,0,0,0,0,0,0,123000,0,0,0,273000,150000,123000,123000
043599,宏達電元大93購03,0,0,0,0,0,0,0,0,0,122000,0,0,0,152000,30000,122000,122000
050018,高股息元大94購02,0,0,0,0,0,0,0,0,0,122000,0,0,0,130000,8000,122000,122000
048767,欣興凱基94購01  ,0,0,0,0,0,0,0,0,0,122000,0,0,0,230000,108000,122000,122000
03564P,為升群益02售02  ,0,0,0,0,0,0,0,0,0,121000,0,0,0,121000,0,121000,121000
050559,聯發科統一94購10,0,0,0,0,0,0,0,0,0,121000,0,0,0,381000,260000,121000,121000
06111P,上銀兆豐98售01  ,0,0,0,0,0,0,0,0,0,121000,0,0,0,327000,206000,121000,121000
053665,臺股指凱基96購26,0,0,0,0,0,0,0,0,0,120000,0,0,0,129000,9000,120000,120000
053768,S&P反1元大99購01,0,0,0,0,0,0,0,0,0,120000,0,0,0,120000,0,120000,120000
03832P,臺股指中信95售03,0,0,0,0,0,0,0,0,0,120000,0,0,0,120000,0,120000,120000
049549,瀚宇博群益94購01,0,0,0,0,0,0,0,0,0,120000,0,0,0,120000,0,120000,120000
048931,晶華永豐94購01  ,0,0,0,0,0,0,0,0,0,120000,0,0,0,120000,0,120000,120000
04767P,台積電國泰95售04,0,0,0,0,0,0,0,0,0,120000,0,0,0,136000,16000,120000,120000
047910,全新麥證94購01  ,0,0,0,130000,10000,120000,0,0,0,120000,0,0,0,130000,10000,120000,120000
048083,台達電凱基93購04,0,0,0,0,0,0,0,0,0,120000,0,0,0,120000,0,120000,120000
048045,上銀永豐93購02  ,0,0,0,0,0,0,0,0,0,120000,0,0,0,225000,105000,120000,120000
048053,美利達中信93購01,0,0,0,0,0,0,0,0,0,120000,0,0,0,120000,0,120000,120000
048047,全新永豐93購02  ,0,0,0,0,0,0,0,0,0,120000,0,0,0,120000,0,120000,120000
04706P,力山元大95售01  ,0,0,0,0,0,0,0,0,0,120000,0,0,0,152000,32000,120000,120000
052879,滬深2X凱基97購02,0,0,0,0,0,0,0,0,0,120000,0,0,0,120000,0,120000,120000
052148,康友群益95購03  ,0,0,0,0,0,0,0,0,0,120000,0,0,0,120000,0,120000,120000
3376,新日興          ,415000,648639,-233639,0,0,0,336000,0,336000,17000,97000,82000,15000,46000,44000,2000,119361
047068,南電凱基93購04  ,0,0,0,0,0,0,0,0,0,119000,0,0,0,119000,0,119000,119000
050325,台積電永豐94購05,0,0,0,0,0,0,0,0,0,119000,0,0,0,366000,247000,119000,119000
049690,義隆元大95購02  ,0,0,0,0,0,0,0,0,0,119000,0,0,0,119000,0,119000,119000
050549,慧洋凱基95購01  ,0,0,0,0,0,0,0,0,0,119000,0,0,0,119000,0,119000,119000
051675,瑞儀元大96購02  ,0,0,0,0,0,0,0,0,0,119000,0,0,0,122000,3000,119000,119000
051703,台積電群益95購04,0,0,0,0,0,0,0,0,0,119000,0,0,0,140000,21000,119000,119000
053759,晶相光國泰98購01,0,0,0,0,0,0,0,0,0,118000,0,0,0,130000,12000,118000,118000
04620P,聯電統一94售04  ,0,0,0,0,0,0,0,0,0,118000,0,0,0,118000,0,118000,118000
049209,GIS群益94購03   ,0,0,0,0,0,0,0,0,0,118000,0,0,0,118000,0,118000,118000
051623,和碩凱基96購02  ,0,0,0,0,0,0,0,0,0,118000,0,0,0,118000,0,118000,118000
050533,致新元大94購03  ,0,0,0,0,0,0,0,0,0,118000,0,0,0,123000,5000,118000,118000
05287P,鴻海元富95售09  ,0,0,0,0,0,0,0,0,0,118000,0,0,0,153000,35000,118000,118000
05673P,台積電群益96售05,0,0,0,0,0,0,0,0,0,118000,0,0,0,200000,82000,118000,118000
05650P,台積電富邦96售01,0,0,0,0,0,0,0,0,0,118000,0,0,0,203000,85000,118000,118000
03450P,元油2X元富98售05,0,0,0,0,0,0,0,0,0,117000,0,0,0,140000,23000,117000,117000
04243P,大立光永昌93售08,0,0,0,0,0,0,0,0,0,117000,0,0,0,117000,0,117000,117000
04842P,群創元大96售02  ,0,0,0,0,0,0,0,0,0,117000,0,0,0,117000,0,117000,117000
05248P,矽創群益96售01  ,0,0,0,0,0,0,0,0,0,117000,0,0,0,155000,38000,117000,117000
054489,牧德台新97購02  ,0,0,0,0,0,0,0,0,0,116000,0,0,0,121000,5000,116000,116000
06328P,台積電中信01售02,0,0,0,0,0,0,0,0,0,116000,0,0,0,116000,0,116000,116000
045440,旺宏元富92購01  ,0,0,0,0,0,0,0,0,0,115000,0,0,0,115000,0,115000,115000
046958,鴻海中信93購01  ,0,0,0,0,0,0,0,0,0,115000,0,0,0,115000,0,115000,115000
047126,拓凱中信93購01  ,0,0,0,0,0,0,0,0,0,115000,0,0,0,115000,0,115000,115000
052326,滬深反中信99購01,0,0,0,0,0,0,0,0,0,115000,0,0,0,166000,51000,115000,115000
05063P,聯電元大96售03  ,0,0,0,0,0,0,0,0,0,115000,0,0,0,257000,142000,115000,115000
05189P,新光金凱基97售02,0,0,0,0,0,0,0,0,0,115000,0,0,0,145000,30000,115000,115000
1440,南紡            ,408000,296000,112000,0,0,0,0,0,0,3000,5000,2000,3000,0,0,0,115000
049045,上海銀兆豐94購01,0,0,0,0,0,0,0,0,0,114000,0,0,0,114000,0,114000,114000
049036,燿華兆豐95購01  ,0,0,0,0,0,0,0,0,0,114000,0,0,0,118000,4000,114000,114000
04929P,同欣電凱基95售01,0,0,0,0,0,0,0,0,0,114000,0,0,0,114000,0,114000,114000
049529,華新科中信95購01,0,0,0,0,0,0,0,0,0,114000,0,0,0,134000,20000,114000,114000
056069,新日興元大97購03,0,0,0,0,0,0,0,0,0,114000,0,0,0,118000,4000,114000,114000
054486,漢唐台新96購01  ,0,0,0,0,0,0,0,0,0,113000,0,0,0,113000,0,113000,113000
046647,高鐵國泰93購01  ,0,0,0,0,0,0,0,0,0,113000,0,0,0,170000,57000,113000,113000
04252P,台達電元富93售02,0,0,0,0,0,0,0,0,0,113000,0,0,0,116000,3000,113000,113000
04010P,上銀元大93售07  ,0,0,0,0,0,0,0,0,0,113000,0,0,0,113000,0,113000,113000
051010,美律日盛95購01  ,0,0,0,0,0,0,0,0,0,113000,0,0,0,113000,0,113000,113000
051189,鴻海兆豐96購01  ,0,0,0,0,0,0,0,0,0,113000,0,0,0,118000,5000,113000,113000
03882P,鴻海元大93售10  ,0,0,0,0,0,0,0,0,0,112000,0,0,0,182000,70000,112000,112000
05361P,聯發科富邦97售01,0,0,0,0,0,0,0,0,0,111000,0,0,0,111000,0,111000,111000
055452,台積電元富97購03,0,0,0,0,0,0,0,0,0,111000,0,0,0,214000,103000,111000,111000
046589,康控元大92購03  ,0,0,0,0,0,0,0,0,0,111000,0,0,0,111000,0,111000,111000
05132P,鴻海元富95售07  ,0,0,0,0,0,0,0,0,0,111000,0,0,0,121000,10000,111000,111000
052206,燿華中信95購02  ,0,0,0,0,0,0,0,0,0,111000,0,0,0,146000,35000,111000,111000
055043,中砂永豐97購01  ,0,0,0,0,0,0,0,0,0,110000,0,0,0,110000,0,110000,110000
053824,樺漢群益96購02  ,0,0,0,0,0,0,0,0,0,110000,0,0,0,120000,10000,110000,110000
044534,南亞科麥證92購01,0,0,0,110000,0,110000,0,0,0,110000,0,0,0,110000,0,110000,110000
049152,大立光元大95購06,0,0,0,0,0,0,0,0,0,110000,0,0,0,280000,170000,110000,110000
03703P,台郡元大93售02  ,0,0,0,0,0,0,0,0,0,110000,0,0,0,110000,0,110000,110000
03378P,台積電群益02售10,0,0,0,0,0,0,0,0,0,110000,0,0,0,110000,0,110000,110000
043990,智易元大93購01  ,0,0,0,0,0,0,0,0,0,110000,0,0,0,110000,0,110000,110000
049629,臺股指群益94購02,0,0,0,0,0,0,0,0,0,110000,0,0,0,110000,0,110000,110000
049651,訊芯凱基94購04  ,0,0,0,0,0,0,0,0,0,110000,0,0,0,110000,0,110000,110000
047419,聯發科富邦95購01,0,0,0,0,0,0,0,0,0,110000,0,0,0,160000,50000,110000,110000
048842,矽格凱基94購01  ,0,0,0,0,0,0,0,0,0,110000,0,0,0,116000,6000,110000,110000
049869,訊芯兆豐94購01  ,0,0,0,0,0,0,0,0,0,110000,0,0,0,304000,194000,110000,110000
047980,東陽群益93購02  ,0,0,0,0,0,0,0,0,0,110000,0,0,0,110000,0,110000,110000
047034,東陽群益93購01  ,0,0,0,0,0,0,0,0,0,110000,0,0,0,110000,0,110000,110000
050426,國巨凱基94購14  ,0,0,0,0,0,0,0,0,0,110000,0,0,0,110000,0,110000,110000
047210,漢唐富邦95購01  ,0,0,0,0,0,0,0,0,0,110000,0,0,0,110000,0,110000,110000
052255,T50反1國泰96購01,0,0,0,0,0,0,0,0,0,110000,0,0,0,110000,0,110000,110000
052587,景碩永豐97購01  ,0,0,0,0,0,0,0,0,0,110000,0,0,0,110000,0,110000,110000
053021,國巨國泰97購04  ,0,0,0,0,0,0,0,0,0,110000,0,0,0,110000,0,110000,110000
053072,國巨台新97購01  ,0,0,0,0,0,0,0,0,0,110000,0,0,0,118000,8000,110000,110000
051958,貿聯台新95購01  ,0,0,0,0,0,0,0,0,0,110000,0,0,0,110000,0,110000,110000
06106P,國巨群益97售02  ,0,0,0,0,0,0,0,0,0,110000,0,0,0,120000,10000,110000,110000
053378,台積電元大98購02,0,0,0,0,0,0,0,0,0,109000,0,0,0,183000,74000,109000,109000
04047P,華邦電元大94售03,0,0,0,0,0,0,0,0,0,109000,0,0,0,139000,30000,109000,109000
04547P,高鐵元大94售01  ,0,0,0,0,0,0,0,0,0,109000,0,0,0,109000,0,109000,109000
047571,滬深2X群益99購01,0,0,0,0,0,0,0,0,0,109000,0,0,0,348000,239000,109000,109000
047469,華通中信93購01  ,0,0,0,0,0,0,0,0,0,109000,0,0,0,114000,5000,109000,109000
048943,智伸科永豐94購01,0,0,0,0,0,0,0,0,0,109000,0,0,0,109000,0,109000,109000
051519,國泰金凱基95購02,7000,0,7000,0,0,0,0,0,0,102000,0,0,0,114000,12000,102000,109000
05147P,鴻海元大95售11  ,0,0,0,0,0,0,0,0,0,109000,0,0,0,247000,138000,109000,109000
052353,高鐵群益97購01  ,0,0,0,0,0,0,0,0,0,109000,0,0,0,172000,63000,109000,109000
05977P,旺宏永豐96售06  ,0,0,0,0,0,0,0,0,0,109000,0,0,0,109000,0,109000,109000
2441,超豐            ,271000,164000,107000,0,0,0,5000,1000,4000,-2000,0,2000,-2000,0,0,0,109000
045318,鴻海統一92購03  ,0,0,0,0,0,0,0,0,0,108000,0,0,0,108000,0,108000,108000
039908,元油反富邦92購01,0,0,0,0,0,0,0,0,0,108000,0,0,0,108000,0,108000,108000
048673,智伸科永豐93購02,0,0,0,0,0,0,0,0,0,108000,0,0,0,108000,0,108000,108000
04861P,中磊群益94售02  ,0,0,0,0,0,0,0,0,0,108000,0,0,0,192000,84000,108000,108000
053260,喬山群益96購01  ,0,0,0,0,0,0,0,0,0,108000,0,0,0,108000,0,108000,108000
05764P,世紀鋼永豐96售03,0,0,0,0,0,0,0,0,0,108000,0,0,0,109000,1000,108000,108000
054130,漢唐元大97購02  ,0,0,0,0,0,0,0,0,0,107000,0,0,0,117000,10000,107000,107000
054177,牧德台新97購01  ,0,0,0,0,0,0,0,0,0,107000,0,0,0,107000,0,107000,107000
054268,健策第一96購01  ,0,0,0,0,0,0,0,0,0,107000,0,0,0,266000,159000,107000,107000
05521P,創意永豐96售01  ,0,0,0,0,0,0,0,0,0,107000,0,0,0,162000,55000,107000,107000
047096,元油反國泰96購01,0,0,0,0,0,0,0,0,0,107000,0,0,0,107000,0,107000,107000
049988,貿聯凱基94購02  ,0,0,0,0,0,0,0,0,0,107000,0,0,0,147000,40000,107000,107000
06138P,台積電中信99售01,0,0,0,0,0,0,0,0,0,107000,0,0,0,107000,0,107000,107000
2897A,王道銀甲特      ,0,0,0,0,0,0,0,0,0,107000,107000,0,107000,0,0,0,107000
054159,T50正2凱基99購01,0,0,0,0,0,0,0,0,0,106000,0,0,0,134000,28000,106000,106000
053582,英業達元大97購01,0,0,0,0,0,0,0,0,0,106000,0,0,0,218000,112000,106000,106000
042909,順德元大94購01  ,0,0,0,0,0,0,0,0,0,106000,0,0,0,106000,0,106000,106000
042676,臺指反元大93購01,0,0,0,0,0,0,0,0,0,106000,0,0,0,106000,0,106000,106000
046577,東元元大92購02  ,0,0,0,0,0,0,0,0,0,106000,0,0,0,109000,3000,106000,106000
047160,台郡國票94購01  ,0,0,0,0,0,0,0,0,0,106000,0,0,0,244000,138000,106000,106000
04839P,大立光元大94售17,0,0,0,0,0,0,0,0,0,106000,0,0,0,106000,0,106000,106000
05776P,鴻海統一98售02  ,0,0,0,0,0,0,0,0,0,106000,0,0,0,106000,0,106000,106000
054980,國巨元富97購01  ,80000,0,80000,0,0,0,0,0,0,25000,0,0,0,210000,185000,25000,105000
055714,智邦元大97購03  ,0,0,0,0,0,0,0,0,0,105000,0,0,0,120000,15000,105000,105000
04578P,微星富邦96售01  ,0,0,0,0,0,0,0,0,0,105000,0,0,0,105000,0,105000,105000
049286,美律兆豐94購01  ,0,0,0,0,0,0,0,0,0,105000,0,0,0,127000,22000,105000,105000
049015,鴻海群益94購03  ,0,0,0,0,0,0,0,0,0,105000,0,0,0,105000,0,105000,105000
048196,聯發科元大93購24,0,0,0,0,0,0,0,0,0,105000,0,0,0,106000,1000,105000,105000
047528,高鐵元大93購03  ,0,0,0,0,0,0,0,0,0,105000,0,0,0,124000,19000,105000,105000
049039,富邦金兆豐94購01,0,0,0,0,0,0,0,0,0,104000,0,0,0,104000,0,104000,104000
043068,TPK兆豐93購01   ,0,0,0,0,0,0,0,0,0,104000,0,0,0,104000,0,104000,104000
03955P,華通統一93售04  ,0,0,0,0,0,0,0,0,0,104000,0,0,0,134000,30000,104000,104000
049910,智邦元大94購04  ,0,0,0,0,0,0,0,0,0,104000,0,0,0,154000,50000,104000,104000
5269,祥碩            ,185000,268500,-83500,0,0,0,220040,1000,219040,-32000,4000,40000,-36000,5000,1000,4000,103540
054606,台積電永豐97購02,0,0,0,0,0,0,0,0,0,103000,0,0,0,289000,186000,103000,103000
044003,聯發科兆豐93購01,0,0,0,0,0,0,0,0,0,103000,0,0,0,135000,32000,103000,103000
047028,新日興元大93購02,0,0,0,0,0,0,0,0,0,103000,0,0,0,106000,3000,103000,103000
049773,臺股指元富94購02,0,0,0,0,0,0,0,0,0,103000,0,0,0,113000,10000,103000,103000
048775,智伸科凱基94購01,0,0,0,0,0,0,0,0,0,103000,0,0,0,103000,0,103000,103000
048291,台積電群益93購09,0,0,0,0,0,0,0,0,0,103000,0,0,0,223000,120000,103000,103000
053275,燿華元大97購01  ,0,0,0,0,0,0,0,0,0,103000,0,0,0,134000,31000,103000,103000
052971,京元電群益98購01,0,0,0,0,0,0,0,0,0,103000,0,0,0,103000,0,103000,103000
044054,台積電元大92購08,0,0,0,0,0,0,0,0,0,102000,0,0,0,102000,0,102000,102000
04900P,矽格中信94售02  ,0,0,0,0,0,0,0,0,0,102000,0,0,0,102000,0,102000,102000
048491,A50元大93購01   ,0,0,0,0,0,0,0,0,0,102000,0,0,0,102000,0,102000,102000
048092,聯發科凱基93購29,0,0,0,0,0,0,0,0,0,102000,0,0,0,102000,0,102000,102000
04932P,香港2X中信96售01,0,0,0,0,0,0,0,0,0,102000,0,0,0,102000,0,102000,102000
05218P,大立光永昌96售04,0,0,0,0,0,0,0,0,0,102000,0,0,0,319000,217000,102000,102000
05637P,聯電元大96售04  ,0,0,0,0,0,0,0,0,0,102000,0,0,0,356000,254000,102000,102000
053681,臺股指富邦96購02,0,0,0,0,0,0,0,0,0,101000,0,0,0,106000,5000,101000,101000
054745,智易凱基97購01  ,0,0,0,0,0,0,0,0,0,101000,0,0,0,111000,10000,101000,101000
055276,台積電元大97購20,0,0,0,0,0,0,0,0,0,101000,0,0,0,322000,221000,101000,101000
048988,聯茂元大94購02  ,0,0,0,0,0,0,0,0,0,101000,0,0,0,115000,14000,101000,101000
04549P,茂林元大94售02  ,0,0,0,0,0,0,0,0,0,101000,0,0,0,101000,0,101000,101000
044463,全新兆豐93購01  ,0,0,0,0,0,0,0,0,0,101000,0,0,0,124000,23000,101000,101000
049843,康友中信95購01  ,0,0,0,0,0,0,0,0,0,101000,0,0,0,152000,51000,101000,101000
047149,聯鈞群益93購01  ,0,0,0,0,0,0,0,0,0,101000,0,0,0,161000,60000,101000,101000
052522,聯發科元大96購05,0,0,0,0,0,0,0,0,0,101000,0,0,0,145000,44000,101000,101000
05110P,上銀統一95售01  ,0,0,0,0,0,0,0,0,0,101000,0,0,0,440000,339000,101000,101000
050992,台積電元大97購01,0,0,0,0,0,0,0,0,0,101000,0,0,0,324000,223000,101000,101000
056184,南亞科統一97購03,0,0,0,0,0,0,0,0,0,101000,0,0,0,150000,49000,101000,101000
055025,華新科國泰98購02,0,0,0,0,0,0,0,0,0,100000,0,0,0,100000,0,100000,100000
055664,和大群益98購02  ,0,0,0,0,0,0,0,0,0,100000,0,0,0,310000,210000,100000,100000
055581,和大元大97購04  ,0,0,0,0,0,0,0,0,0,100000,0,0,0,100000,0,100000,100000
054582,致新元大97購01  ,0,0,0,0,0,0,0,0,0,100000,0,0,0,100000,0,100000,100000
054529,T50反1國泰97購02,0,0,0,0,0,0,0,0,0,100000,0,0,0,100000,0,100000,100000
054232,台積電群益96購12,0,0,0,0,0,0,0,0,0,100000,0,0,0,100000,0,100000,100000
044438,GIS元大92購03   ,0,0,0,0,0,0,0,0,0,100000,0,0,0,100000,0,100000,100000
046728,明泰元大93購01  ,0,0,0,0,0,0,0,0,0,100000,0,0,0,100000,0,100000,100000
046370,全新麥證93購01  ,0,0,0,110000,10000,100000,0,0,0,100000,0,0,0,110000,10000,100000,100000
046424,正文元大92購04  ,0,0,0,0,0,0,0,0,0,100000,0,0,0,100000,0,100000,100000
044694,道瓊反元大94購02,0,0,0,0,0,0,0,0,0,100000,0,0,0,100000,0,100000,100000
04478P,元油2X中信95售03,0,0,0,0,0,0,0,0,0,100000,0,0,0,100000,0,100000,100000
046206,為升國泰93購01  ,0,0,0,0,0,0,0,0,0,100000,0,0,0,100000,0,100000,100000
045220,漢唐元大94購01  ,0,0,0,0,0,0,0,0,0,100000,0,0,0,100000,0,100000,100000
045387,信邦元大92購01  ,0,0,0,0,0,0,0,0,0,100000,0,0,0,100000,0,100000,100000
045372,台塑元大92購01  ,0,0,0,0,0,0,0,0,0,100000,0,0,0,103000,3000,100000,100000
048968,可成元大94購02  ,0,0,0,0,0,0,0,0,0,100000,0,0,0,197000,97000,100000,100000
049371,可成元大94購04  ,0,0,0,0,0,0,0,0,0,100000,0,0,0,100000,0,100000,100000
044242,宏達電統一93購01,0,0,0,0,0,0,0,0,0,100000,0,0,0,100000,0,100000,100000
03910P,GIS元大93售09   ,0,0,0,0,0,0,0,0,0,100000,0,0,0,100000,0,100000,100000
03316P,欣興群益02售02  ,0,0,0,0,0,0,0,0,0,100000,0,0,0,100000,0,100000,100000
043748,漢唐元大93購01  ,0,0,0,0,0,0,0,0,0,100000,0,0,0,100000,0,100000,100000
03722P,華通元大93售04  ,0,0,0,0,0,0,0,0,0,100000,0,0,0,100000,0,100000,100000
043190,宏達電元大93購01,0,0,0,0,0,0,0,0,0,100000,0,0,0,100000,0,100000,100000
04296P,技嘉元大93售01  ,0,0,0,0,0,0,0,0,0,100000,0,0,0,100000,0,100000,100000
042080,揚明光元大93購02,0,0,0,0,0,0,0,0,0,100000,0,0,0,100000,0,100000,100000
047142,中磊兆豐93購02  ,0,0,0,0,0,0,0,0,0,100000,0,0,0,100000,0,100000,100000
04717P,和大凱基94售02  ,0,0,0,0,0,0,0,0,0,100000,0,0,0,120000,20000,100000,100000
048543,統一永豐93購01  ,0,0,0,0,0,0,0,0,0,100000,0,0,0,100000,0,100000,100000
048549,滬深2X元大96購03,0,0,0,0,0,0,0,0,0,100000,0,0,0,100000,0,100000,100000
050055,道瓊反凱基95購01,0,0,0,0,0,0,0,0,0,100000,0,0,0,100000,0,100000,100000
049895,國巨統一94購04  ,0,0,0,0,0,0,0,0,0,100000,0,0,0,110000,10000,100000,100000
047276,中工永豐93購01  ,0,0,0,0,0,0,0,0,0,100000,0,0,0,100000,0,100000,100000
047386,南亞科元大93購01,0,0,0,0,0,0,0,0,0,100000,0,0,0,100000,0,100000,100000
04749P,臺股指元大94售25,0,0,0,0,0,0,0,0,0,100000,0,0,0,100000,0,100000,100000
047606,元油反富邦94購01,0,0,0,0,0,0,0,0,0,100000,0,0,0,100000,0,100000,100000
047662,東陽永豐93購01  ,0,0,0,0,0,0,0,0,0,100000,0,0,0,100000,0,100000,100000
047821,臺股指凱基93購15,0,0,0,0,0,0,0,0,0,100000,0,0,0,100000,0,100000,100000
047712,宏達電凱基93購01,0,0,0,0,0,0,0,0,0,100000,0,0,0,100000,0,100000,100000
048801,漢唐富邦96購02  ,0,0,0,0,0,0,0,0,0,100000,0,0,0,100000,0,100000,100000
049495,欣興元大94購06  ,0,0,0,0,0,0,0,0,0,100000,0,0,0,130000,30000,100000,100000
049693,可成元大94購08  ,0,0,0,0,0,0,0,0,0,100000,0,0,0,100000,0,100000,100000
049561,道瓊銀統一96購01,0,0,0,0,0,0,0,0,0,100000,0,0,0,100000,0,100000,100000
050941,T50反1群益95購01,0,0,0,0,0,0,0,0,0,100000,0,0,0,100000,0,100000,100000
050957,T50反1台新05購01,0,0,0,0,0,0,0,0,0,100000,0,0,0,100000,0,100000,100000
050582,傳奇國票94購01  ,0,0,0,0,0,0,0,0,0,100000,0,0,0,200000,100000,100000,100000
051051,鴻海群益95購04  ,0,0,0,0,0,0,0,0,0,100000,0,0,0,100000,0,100000,100000
051345,鴻海元大95購09  ,0,0,0,0,0,0,0,0,0,100000,0,0,0,111000,11000,100000,100000
051267,美律富邦96購01  ,0,0,0,0,0,0,0,0,0,100000,0,0,0,113000,13000,100000,100000
052021,易華電永豐95購03,0,0,0,0,0,0,0,0,0,100000,0,0,0,100000,0,100000,100000
052214,智伸科元大96購01,0,0,0,0,0,0,0,0,0,100000,0,0,0,100000,0,100000,100000
052101,滬深2X兆豐96購01,0,0,0,0,0,0,0,0,0,100000,0,0,0,100000,0,100000,100000
052285,康控凱基95購02  ,0,0,0,0,0,0,0,0,0,100000,0,0,0,110000,10000,100000,100000
053163,上証2X群益9A購02,0,0,0,0,0,0,0,0,0,100000,0,0,0,230000,130000,100000,100000
053201,美律日盛96購01  ,0,0,0,0,0,0,0,0,0,100000,0,0,0,100000,0,100000,100000
055945,上証2X元大97購04,0,0,0,0,0,0,0,0,0,100000,0,0,0,100000,0,100000,100000
05842P,台積電元大96售15,0,0,0,0,0,0,0,0,0,100000,0,0,0,100000,0,100000,100000
06234P,亞德客元大97售02,0,0,0,0,0,0,0,0,0,100000,0,0,0,100000,0,100000,100000
054118,國巨永豐96購04  ,0,0,0,0,0,0,0,0,0,99000,0,0,0,321000,222000,99000,99000
055930,可成群益98購01  ,0,0,0,0,0,0,0,0,0,99000,0,0,0,100000,1000,99000,99000
055791,臺股指凱基97購14,0,0,0,0,0,0,0,0,0,99000,0,0,0,199000,100000,99000,99000
04592P,台積電元大94售10,0,0,0,0,0,0,0,0,0,99000,0,0,0,100000,1000,99000,99000
04958P,和大凱基94售04  ,0,0,0,0,0,0,0,0,0,99000,0,0,0,120000,21000,99000,99000
047750,開發金元富93購01,0,0,0,0,0,0,0,0,0,99000,0,0,0,99000,0,99000,99000
04863P,技嘉元大94售02  ,0,0,0,0,0,0,0,0,0,99000,0,0,0,100000,1000,99000,99000
048048,大立光永豐93購03,0,0,0,0,0,0,0,0,0,99000,0,0,0,109000,10000,99000,99000
052939,富邦金兆豐96購01,0,0,0,0,0,0,0,0,0,99000,0,0,0,99000,0,99000,99000
052516,臺股指凱基95購20,0,0,0,0,0,0,0,0,0,99000,0,0,0,105000,6000,99000,99000
050752,美律統一94購05  ,0,0,0,0,0,0,0,0,0,99000,0,0,0,167000,68000,99000,99000
06321P,台積電統一98售03,0,0,0,0,0,0,0,0,0,99000,0,0,0,208000,109000,99000,99000
055530,聯發科群益98購01,0,0,0,0,0,0,0,0,0,98000,0,0,0,98000,0,98000,98000
055413,全新富邦98購01  ,0,0,0,0,0,0,0,0,0,98000,0,0,0,98000,0,98000,98000
054752,易華電凱基97購02,0,0,0,0,0,0,0,0,0,98000,0,0,0,98000,0,98000,98000
054075,GIS富邦97購02   ,0,0,0,0,0,0,0,0,0,98000,0,0,0,98000,0,98000,98000
046606,世紀鋼群益93購01,0,0,0,0,0,0,0,0,0,98000,0,0,0,98000,0,98000,98000
046575,GIS國泰93購01   ,0,0,0,0,0,0,0,0,0,98000,0,0,0,98000,0,98000,98000
049027,智易群益94購02  ,0,0,0,0,0,0,0,0,0,98000,0,0,0,98000,0,98000,98000
049169,統一凱基94購01  ,0,0,0,0,0,0,0,0,0,98000,0,0,0,98000,0,98000,98000
03199P,台積電統一01售16,0,0,0,0,0,0,0,0,0,98000,0,0,0,258000,160000,98000,98000
050355,瑞儀群益94購01  ,0,0,0,0,0,0,0,0,0,98000,0,0,0,98000,0,98000,98000
048681,漢唐富邦96購01  ,0,0,0,0,0,0,0,0,0,98000,0,0,0,100000,2000,98000,98000
048862,中磊群益94購01  ,0,0,0,0,0,0,0,0,0,98000,0,0,0,98000,0,98000,98000
050944,智邦群益95購01  ,0,0,0,0,0,0,0,0,0,98000,0,0,0,98000,0,98000,98000
051224,華通群益96購03  ,0,0,0,0,0,0,0,0,0,98000,0,0,0,98000,0,98000,98000
051942,寶成群益95購01  ,0,0,0,0,0,0,0,0,0,98000,0,0,0,98000,0,98000,98000
051705,富邦金群益97購01,0,0,0,0,0,0,0,0,0,98000,0,0,0,98000,0,98000,98000
051708,創意群益95購02  ,0,0,0,0,0,0,0,0,0,98000,0,0,0,98000,0,98000,98000
05168P,鴻海元大95售14  ,0,0,0,0,0,0,0,0,0,98000,0,0,0,362000,264000,98000,98000
052436,正崴富邦95購01  ,0,0,0,0,0,0,0,0,0,98000,0,0,0,98000,0,98000,98000
052275,日月光群益95購01,0,0,0,0,0,0,0,0,0,98000,0,0,0,98000,0,98000,98000
05306P,泰碩國泰97售01  ,0,0,0,0,0,0,0,0,0,98000,0,0,0,595000,497000,98000,98000
053300,大成鋼凱基96購02,0,0,0,0,0,0,0,0,0,98000,0,0,0,98000,0,98000,98000
1476,儒鴻            ,801097,630065,171032,0,0,0,1000,88000,-87000,13000,8000,14000,-6000,27000,8000,19000,97032
054047,富邦金元大97購01,0,0,0,0,0,0,0,0,0,97000,0,0,0,119000,22000,97000,97000
054516,國巨元大97購02  ,0,0,0,0,0,0,0,0,0,97000,0,0,0,98000,1000,97000,97000
054362,亞光凱基96購03  ,0,0,0,0,0,0,0,0,0,97000,0,0,0,98000,1000,97000,97000
053934,A50正2元富96購02,0,0,0,0,0,0,0,0,0,97000,0,0,0,97000,0,97000,97000
045626,上銀凱基93購05  ,0,0,0,0,0,0,0,0,0,97000,0,0,0,97000,0,97000,97000
048825,華新科凱基94購05,0,0,0,0,0,0,0,0,0,97000,0,0,0,100000,3000,97000,97000
053063,力山群益98購01  ,0,0,0,0,0,0,0,0,0,97000,0,0,0,98000,1000,97000,97000
052717,正文凱基96購01  ,0,0,0,0,0,0,0,0,0,97000,0,0,0,201000,104000,97000,97000
051431,群創元富99購02  ,0,0,0,0,0,0,0,0,0,97000,0,0,0,152000,55000,97000,97000
06159P,牧德元富97售02  ,0,0,0,0,0,0,0,0,0,97000,0,0,0,100000,3000,97000,97000
055942,臺股指群益9C購01,0,0,0,0,0,0,0,0,0,97000,0,0,0,114000,17000,97000,97000
2368,金像電          ,6758000,2826000,3932000,0,0,0,0,843000,-843000,-2992000,407000,3399000,-2992000,0,0,0,97000
054424,大成鋼富邦97購02,0,0,0,0,0,0,0,0,0,96000,0,0,0,220000,124000,96000,96000
054008,大立光元富96購06,0,0,0,0,0,0,0,0,0,96000,0,0,0,100000,4000,96000,96000
054233,聯發科群益96購04,0,0,0,0,0,0,0,0,0,96000,0,0,0,98000,2000,96000,96000
05424P,台達電亞東96售02,0,0,0,0,0,0,0,0,0,96000,0,0,0,96000,0,96000,96000
044944,技嘉群益93購01  ,0,0,0,0,0,0,0,0,0,96000,0,0,0,96000,0,96000,96000
044306,瑞儀兆豐93購02  ,0,0,0,0,0,0,0,0,0,96000,0,0,0,96000,0,96000,96000
048590,貿聯兆豐94購02  ,0,0,0,0,0,0,0,0,0,96000,0,0,0,110000,14000,96000,96000
049451,富邦金統一94購03,0,0,0,0,0,0,0,0,0,96000,0,0,0,116000,20000,96000,96000
051946,健策統一98購01  ,0,0,0,0,0,0,0,0,0,96000,0,0,0,191000,95000,96000,96000
06046P,健策統一96售03  ,0,0,0,0,0,0,0,0,0,96000,0,0,0,141000,45000,96000,96000
1519,華城            ,300000,204000,96000,0,0,0,0,0,0,0,0,0,0,0,0,0,96000
053545,上銀凱基96購03  ,0,0,0,0,0,0,0,0,0,95000,0,0,0,95000,0,95000,95000
04375P,卜蜂元大94售01  ,0,0,0,0,0,0,0,0,0,95000,0,0,0,95000,0,95000,95000
044016,義隆凱基93購01  ,0,0,0,0,0,0,0,0,0,95000,0,0,0,130000,35000,95000,95000
049350,麗豐康和94購01  ,0,0,0,0,0,0,0,0,0,95000,0,0,0,105000,10000,95000,95000
04647P,上海銀凱基94售04,0,0,0,0,0,0,0,0,0,95000,0,0,0,177000,82000,95000,95000
048046,正崴永豐93購01  ,0,0,0,0,0,0,0,0,0,95000,0,0,0,95000,0,95000,95000
050339,鴻海統一94購06  ,0,0,0,0,0,0,0,0,0,95000,0,0,0,199000,104000,95000,95000
050945,致茂群益95購01  ,0,0,0,0,0,0,0,0,0,95000,0,0,0,118000,23000,95000,95000
052483,超眾群益95購03  ,0,0,0,0,0,0,0,0,0,95000,0,0,0,130000,35000,95000,95000
06102P,智邦凱基97售03  ,0,0,0,0,0,0,0,0,0,95000,0,0,0,130000,35000,95000,95000
054593,滬深2X永昌9A購01,0,0,0,0,0,0,0,0,0,94000,0,0,0,100000,6000,94000,94000
055309,冠德群益97購01  ,0,0,0,0,0,0,0,0,0,94000,0,0,0,95000,1000,94000,94000
045947,欣興兆豐93購04  ,0,0,0,0,0,0,0,0,0,94000,0,0,0,94000,0,94000,94000
044816,漢唐兆豐93購02  ,0,0,0,0,0,0,0,0,0,94000,0,0,0,94000,0,94000,94000
044822,南電兆豐93購01  ,0,0,0,0,0,0,0,0,0,94000,0,0,0,94000,0,94000,94000
046146,南亞科第一92購01,0,0,0,0,0,0,0,0,0,94000,0,0,0,94000,0,94000,94000
045366,富邦金兆豐92購01,0,0,0,0,0,0,0,0,0,94000,0,0,0,94000,0,94000,94000
046348,嘉澤兆豐93購01  ,0,0,0,0,0,0,0,0,0,94000,0,0,0,94000,0,94000,94000
042735,TPK兆豐92購01   ,0,0,0,0,0,0,0,0,0,94000,0,0,0,94000,0,94000,94000
042895,鴻海永昌93購03  ,0,0,0,0,0,0,0,0,0,94000,0,0,0,94000,0,94000,94000
050310,卜蜂兆豐94購01  ,0,0,0,0,0,0,0,0,0,94000,0,0,0,94000,0,94000,94000
050315,和碩兆豐95購01  ,0,0,0,0,0,0,0,0,0,94000,0,0,0,104000,10000,94000,94000
050377,華通第一94購01  ,0,0,0,0,0,0,0,0,0,94000,0,0,0,94000,0,94000,94000
050499,台達電凱基94購11,0,0,0,0,0,0,0,0,0,94000,0,0,0,94000,0,94000,94000
047077,日月光兆豐93購01,0,0,0,0,0,0,0,0,0,94000,0,0,0,94000,0,94000,94000
048008,聯發科富邦95購02,0,0,0,0,0,0,0,0,0,94000,0,0,0,104000,10000,94000,94000
047677,亞德客台新93購01,0,0,0,0,0,0,0,0,0,94000,0,0,0,94000,0,94000,94000
049611,緯穎兆豐95購02  ,0,0,0,0,0,0,0,0,0,94000,0,0,0,94000,0,94000,94000
046982,瀚宇博兆豐94購02,0,0,0,0,0,0,0,0,0,94000,0,0,0,94000,0,94000,94000
049530,上銀台新94購01  ,0,0,0,0,0,0,0,0,0,94000,0,0,0,94000,0,94000,94000
052583,友達台新96購02  ,0,0,0,0,0,0,0,0,0,94000,0,0,0,94000,0,94000,94000
052070,GIS兆豐95購03   ,0,0,0,0,0,0,0,0,0,94000,0,0,0,94000,0,94000,94000
051681,日月光兆豐95購01,0,0,0,0,0,0,0,0,0,94000,0,0,0,94000,0,94000,94000
2107,厚生            ,148000,53000,95000,0,0,0,0,0,0,-1000,0,1000,-1000,0,0,0,94000
06010P,國泰金元富96售01,0,0,0,0,0,0,0,0,0,94000,0,0,0,146000,52000,94000,94000
04021P,寶滬深元富93售01,0,0,0,0,0,0,0,0,0,93000,0,0,0,100000,7000,93000,93000
044900,建準凱基93購01  ,0,0,0,0,0,0,0,0,0,93000,0,0,0,93000,0,93000,93000
047420,全新富邦97購01  ,0,0,0,0,0,0,0,0,0,93000,0,0,0,98000,5000,93000,93000
052014,光罩永豐95購01  ,0,0,0,0,0,0,0,0,0,93000,0,0,0,149000,56000,93000,93000
052113,漢唐中信98購01  ,0,0,0,0,0,0,0,0,0,93000,0,0,0,106000,13000,93000,93000
055269,和大元大97購02  ,0,0,0,0,0,0,0,0,0,92000,0,0,0,100000,8000,92000,92000
055151,台積電元大98購05,0,0,0,0,0,0,0,0,0,92000,0,0,0,140000,48000,92000,92000
053499,禾伸堂兆豐96購01,0,0,0,0,0,0,0,0,0,92000,0,0,0,94000,2000,92000,92000
00631L,元大台灣50正2   ,6000,5000,1000,0,0,0,60000,0,60000,31000,0,0,0,905000,874000,31000,92000
050175,台光電元大94購08,0,0,0,0,0,0,0,0,0,92000,0,0,0,92000,0,92000,92000
051875,聯發科兆豐95購04,0,0,0,0,0,0,0,0,0,92000,0,0,0,94000,2000,92000,92000
05514P,康舒永豐96售01  ,0,0,0,0,0,0,0,0,0,91000,0,0,0,131000,40000,91000,91000
03965P,上銀國票94售01  ,0,0,0,0,0,0,0,0,0,91000,0,0,0,100000,9000,91000,91000
046682,聯發科群益93購03,0,0,0,0,0,0,0,0,0,91000,0,0,0,91000,0,91000,91000
046968,台積電群益94購03,0,0,0,0,0,0,0,0,0,91000,0,0,0,121000,30000,91000,91000
049043,新唐兆豐94購01  ,0,0,0,0,0,0,0,0,0,91000,0,0,0,91000,0,91000,91000
048606,聯發科日盛93購02,0,0,0,0,0,0,0,0,0,91000,0,0,0,794000,703000,91000,91000
047014,元油反元大99購01,0,0,0,0,0,0,0,0,0,91000,0,0,0,91000,0,91000,91000
049635,臺股指群益94購08,0,0,0,0,0,0,0,0,0,91000,0,0,0,92000,1000,91000,91000
054865,可成群益97購01  ,0,0,0,0,0,0,0,0,0,90000,0,0,0,111000,21000,90000,90000
053392,致新元大96購01  ,0,0,0,0,0,0,0,0,0,90000,0,0,0,133000,43000,90000,90000
053622,臺股指群益96購08,0,0,0,0,0,0,0,0,0,90000,0,0,0,100000,10000,90000,90000
054567,拓凱群益98購01  ,0,0,0,0,0,0,0,0,0,90000,0,0,0,100000,10000,90000,90000
044427,群創國泰93購01  ,0,0,0,0,0,0,0,0,0,90000,0,0,0,90000,0,90000,90000
044602,大立光國泰93購01,0,0,0,0,0,0,0,0,0,90000,0,0,0,97000,7000,90000,90000
03243P,台積電統一02售08,0,0,0,0,0,0,0,0,0,90000,0,0,0,100000,10000,90000,90000
049542,鴻海群益94購05  ,0,0,0,0,0,0,0,0,0,90000,0,0,0,90000,0,90000,90000
049324,臺股指凱基94購06,0,0,0,0,0,0,0,0,0,90000,0,0,0,111000,21000,90000,90000
047954,漢唐永豐93購02  ,0,0,0,0,0,0,0,0,0,90000,0,0,0,90000,0,90000,90000
049833,正文凱基94購05  ,0,0,0,0,0,0,0,0,0,90000,0,0,0,90000,0,90000,90000
050822,亞光凱基95購01  ,0,0,0,0,0,0,0,0,0,90000,0,0,0,113000,23000,90000,90000
051796,和碩康和95購01  ,0,0,0,0,0,0,0,0,0,90000,0,0,0,90000,0,90000,90000
050898,智原元大96購01  ,0,0,0,0,0,0,0,0,0,90000,0,0,0,100000,10000,90000,90000
052372,台泥元大95購02  ,0,0,0,0,0,0,0,0,0,90000,0,0,0,100000,10000,90000,90000
052398,瑞昱凱基95購06  ,0,0,0,0,0,0,0,0,0,90000,0,0,0,96000,6000,90000,90000
052955,國巨日盛96購01  ,0,0,0,0,0,0,0,0,0,90000,0,0,0,155000,65000,90000,90000
053268,日月光群益96購01,0,0,0,0,0,0,0,0,0,90000,0,0,0,100000,10000,90000,90000
2499,東貝            ,259000,169000,90000,0,0,0,0,0,0,0,0,0,0,0,0,0,90000
8454,富邦媒          ,93000,19000,74000,0,0,0,16000,0,16000,0,0,0,0,0,0,0,90000
05434P,世紀鋼元富95售02,0,0,0,0,0,0,0,0,0,89000,0,0,0,89000,0,89000,89000
053675,臺股指元富96購02,0,0,0,0,0,0,0,0,0,89000,0,0,0,105000,16000,89000,89000
042644,貿聯兆豐92購01  ,0,0,0,0,0,0,0,0,0,89000,0,0,0,200000,111000,89000,89000
048624,美律台新93購01  ,0,0,0,0,0,0,0,0,0,89000,0,0,0,109000,20000,89000,89000
04811P,上銀元大94售02  ,0,0,0,0,0,0,0,0,0,89000,0,0,0,185000,96000,89000,89000
2104,國際中橡        ,419000,327000,92000,0,0,0,0,0,0,-3000,0,3000,-3000,0,0,0,89000
05467P,聯電元大95售02  ,0,0,0,0,0,0,0,0,0,88000,0,0,0,243000,155000,88000,88000
054654,全新麥證99購01  ,0,0,0,98000,10000,88000,0,0,0,88000,0,0,0,98000,10000,88000,88000
055136,聯發科富邦99購06,0,0,0,0,0,0,0,0,0,88000,0,0,0,98000,10000,88000,88000
044513,義隆凱基93購02  ,0,0,0,0,0,0,0,0,0,88000,0,0,0,98000,10000,88000,88000
050207,百和群益95購01  ,0,0,0,0,0,0,0,0,0,88000,0,0,0,100000,12000,88000,88000
050225,亞泥中信94購01  ,0,0,0,0,0,0,0,0,0,88000,0,0,0,108000,20000,88000,88000
052057,臺股指凱基95購15,0,0,0,0,0,0,0,0,0,88000,0,0,0,338000,250000,88000,88000
051180,喬山永豐95購03  ,0,0,0,0,0,0,0,0,0,88000,0,0,0,88000,0,88000,88000
051359,中信金元大95購01,0,0,0,0,0,0,0,0,0,88000,0,0,0,670000,582000,88000,88000
05892P,大立光中信98售03,0,0,0,0,0,0,0,0,0,88000,0,0,0,88000,0,88000,88000
055624,聯發科富邦99購07,0,0,0,0,0,0,0,0,0,87000,0,0,0,198000,111000,87000,87000
04573P,聯電統一94售02  ,0,0,0,0,0,0,0,0,0,87000,0,0,0,147000,60000,87000,87000
044820,臻鼎兆豐93購02  ,0,0,0,0,0,0,0,0,0,87000,0,0,0,105000,18000,87000,87000
04346P,大立光兆豐95售02,0,0,0,0,0,0,0,0,0,87000,0,0,0,216000,129000,87000,87000
050296,亞光凱基94購03  ,0,0,0,0,0,0,0,0,0,87000,0,0,0,167000,80000,87000,87000
051709,TPK群益95購02   ,0,0,0,0,0,0,0,0,0,87000,0,0,0,89000,2000,87000,87000
051188,鴻海兆豐95購01  ,0,0,0,0,0,0,0,0,0,87000,0,0,0,117000,30000,87000,87000
051040,漢唐永豐95購01  ,0,0,0,0,0,0,0,0,0,87000,0,0,0,87000,0,87000,87000
052197,台郡元富95購03  ,0,0,0,0,0,0,0,0,0,87000,0,0,0,115000,28000,87000,87000
053218,TPK凱基96購01   ,0,0,0,0,0,0,0,0,0,87000,0,0,0,165000,78000,87000,87000
03826P,瀚宇博元大95售01,2000,0,2000,0,0,0,0,0,0,84000,0,0,0,96000,12000,84000,86000
03064P,台灣50群益01售14,0,0,0,0,0,0,0,0,0,86000,0,0,0,86000,0,86000,86000
047822,臺股指凱基93購16,0,0,0,0,0,0,0,0,0,86000,0,0,0,298000,212000,86000,86000
053033,智易兆豐97購01  ,0,0,0,0,0,0,0,0,0,86000,0,0,0,86000,0,86000,86000
06110P,國巨國泰98售02  ,0,0,0,0,0,0,0,0,0,86000,0,0,0,105000,19000,86000,86000
055738,玉山金元富97購01,0,0,0,0,0,0,0,0,0,85000,0,0,0,300000,215000,85000,85000
04674P,全新統一95售01  ,0,0,0,0,0,0,0,0,0,85000,0,0,0,125000,40000,85000,85000
045848,光磊永豐92購01  ,0,0,0,0,0,0,0,0,0,85000,0,0,0,85000,0,85000,85000
049565,楠梓電統一94購01,0,0,0,0,0,0,0,0,0,85000,0,0,0,100000,15000,85000,85000
050180,華新科元大95購08,0,0,0,0,0,0,0,0,0,85000,0,0,0,85000,0,85000,85000
047090,緯創元富93購01  ,0,0,0,0,0,0,0,0,0,85000,0,0,0,1460000,1375000,85000,85000
048575,旺宏國泰94購04  ,0,0,0,0,0,0,0,0,0,85000,0,0,0,115000,30000,85000,85000
053015,緯創統一96購01  ,0,0,0,0,0,0,0,0,0,85000,0,0,0,85000,0,85000,85000
051889,智邦元富95購02  ,0,0,0,0,0,0,0,0,0,85000,0,0,0,85000,0,85000,85000
051678,鈺齊元大95購02  ,0,0,0,0,0,0,0,0,0,85000,0,0,0,85000,0,85000,85000
055148,鴻海元大98購02  ,0,0,0,0,0,0,0,0,0,84000,0,0,0,94000,10000,84000,84000
053405,台達電兆豐96購01,0,0,0,0,0,0,0,0,0,84000,0,0,0,94000,10000,84000,84000
045138,技嘉兆豐92購01  ,0,0,0,0,0,0,0,0,0,84000,0,0,0,94000,10000,84000,84000
04301P,微星中信93售01  ,0,0,0,0,0,0,0,0,0,84000,0,0,0,84000,0,84000,84000
048163,南亞科台新93購01,0,0,0,0,0,0,0,0,0,84000,0,0,0,94000,10000,84000,84000
047268,嘉聯益台新93購01,0,0,0,0,0,0,0,0,0,84000,0,0,0,84000,0,84000,84000
047509,技嘉國票93購01  ,0,0,0,0,0,0,0,0,0,84000,0,0,0,84000,0,84000,84000
051255,康控元大96購04  ,0,0,0,0,0,0,0,0,0,84000,0,0,0,84000,0,84000,84000
05757P,旺宏永豐96售03  ,0,0,0,0,0,0,0,0,0,84000,0,0,0,84000,0,84000,84000
053606,臺股指永昌96購02,0,0,0,0,0,0,0,0,0,83000,0,0,0,83000,0,83000,83000
05445P,聯詠元大95售05  ,0,0,0,0,0,0,0,0,0,83000,0,0,0,118000,35000,83000,83000
055202,神達群益97購01  ,0,0,0,0,0,0,0,0,0,83000,0,0,0,83000,0,83000,83000
05535P,台積電元大97售06,0,0,0,0,0,0,0,0,0,83000,0,0,0,449000,366000,83000,83000
03414B,臺股指凱基99熊01,0,0,0,0,0,0,0,0,0,83000,0,0,0,204000,121000,83000,83000
051328,力山永豐95購01  ,0,0,0,0,0,0,0,0,0,83000,0,0,0,83000,0,83000,83000
050680,上銀元富94購01  ,0,0,0,0,0,0,0,0,0,83000,0,0,0,91000,8000,83000,83000
051473,台積電凱基95購10,0,0,0,0,0,0,0,0,0,83000,0,0,0,221000,138000,83000,83000
052767,智伸科群益98購01,0,0,0,0,0,0,0,0,0,83000,0,0,0,95000,12000,83000,83000
05419P,矽力永豐95售02  ,0,0,0,0,0,0,0,0,0,82000,0,0,0,82000,0,82000,82000
054166,日電貿凱基98購01,0,0,0,0,0,0,0,0,0,82000,0,0,0,82000,0,82000,82000
053501,明泰兆豐96購01  ,0,0,0,0,0,0,0,0,0,82000,0,0,0,82000,0,82000,82000
04157P,鎧勝永豐93售02  ,0,0,0,0,0,0,0,0,0,82000,0,0,0,102000,20000,82000,82000
06331P,南亞科群益97售04,0,0,0,0,0,0,0,0,0,82000,0,0,0,103000,21000,82000,82000
053702,智易兆豐97購02  ,0,0,0,0,0,0,0,0,0,81000,0,0,0,81000,0,81000,81000
055771,台積電日盛97購04,0,0,0,0,0,0,0,0,0,81000,0,0,0,81000,0,81000,81000
046890,瑞昱群益93購02  ,0,0,0,0,0,0,0,0,0,81000,0,0,0,81000,0,81000,81000
03956P,欣興統一93售02  ,0,0,0,0,0,0,0,0,0,81000,0,0,0,113000,32000,81000,81000
03066P,台積電群益01售19,0,0,0,0,0,0,0,0,0,81000,0,0,0,81000,0,81000,81000
048872,玉晶光國票94購02,0,0,0,0,0,0,0,0,0,81000,0,0,0,237000,156000,81000,81000
048254,深中小統一93購01,0,0,0,0,0,0,0,0,0,81000,0,0,0,81000,0,81000,81000
050765,鴻海元大96購02  ,0,0,0,0,0,0,0,0,0,81000,0,0,0,113000,32000,81000,81000
050526,貿聯元大95購01  ,0,0,0,0,0,0,0,0,0,81000,0,0,0,313000,232000,81000,81000
047055,旭富國票93購01  ,0,0,0,0,0,0,0,0,0,81000,0,0,0,91000,10000,81000,81000
05175P,TPK富邦99售01   ,0,0,0,0,0,0,0,0,0,81000,0,0,0,82000,1000,81000,81000
055290,玉晶光元大98購08,0,0,0,0,0,0,0,0,0,80000,0,0,0,90000,10000,80000,80000
05511P,T50反1台新06售01,0,0,0,0,0,0,0,0,0,80000,0,0,0,80000,0,80000,80000
055047,南港永豐97購01  ,0,0,0,0,0,0,0,0,0,80000,0,0,0,80000,0,80000,80000
053487,台泥兆豐97購01  ,0,0,0,0,0,0,0,0,0,80000,0,0,0,100000,20000,80000,80000
054426,國泰金富邦97購02,0,0,0,0,0,0,0,0,0,80000,0,0,0,135000,55000,80000,80000
03179P,聯發科群益01售16,0,0,0,0,0,0,0,0,0,80000,0,0,0,80000,0,80000,80000
03787P,台積電群益94售02,0,0,0,0,0,0,0,0,0,80000,0,0,0,80000,0,80000,80000
03670P,可成凱基92售12  ,0,0,0,0,0,0,0,0,0,80000,0,0,0,80000,0,80000,80000
04404P,玉晶光國票94售01,0,0,0,0,0,0,0,0,0,80000,0,0,0,80000,0,80000,80000
041462,揚明光元大93購01,0,0,0,0,0,0,0,0,0,80000,0,0,0,80000,0,80000,80000
04037P,中磊群益93售02  ,0,0,0,0,0,0,0,0,0,80000,0,0,0,102000,22000,80000,80000
04551P,台表科元大94售02,0,0,0,0,0,0,0,0,0,80000,0,0,0,80000,0,80000,80000
04575P,新日興統一94售02,0,0,0,0,0,0,0,0,0,80000,0,0,0,100000,20000,80000,80000
046088,台光電兆豐92購02,0,0,0,0,0,0,0,0,0,80000,0,0,0,80000,0,80000,80000
046473,晶技永豐92購01  ,0,0,0,0,0,0,0,0,0,80000,0,0,0,80000,0,80000,80000
048576,義隆國泰95購01  ,0,0,0,0,0,0,0,0,0,80000,0,0,0,239000,159000,80000,80000
048445,瑞昱凱基93購11  ,0,0,0,0,0,0,0,0,0,80000,0,0,0,80000,0,80000,80000
051961,泰碩永豐95購01  ,0,0,0,0,0,0,0,0,0,80000,0,0,0,170000,90000,80000,80000
051279,喬山兆豐96購01  ,0,0,0,0,0,0,0,0,0,80000,0,0,0,100000,20000,80000,80000
054520,健鼎元大96購02  ,0,0,0,0,0,0,0,0,0,79000,0,0,0,81000,2000,79000,79000
053463,可成富邦98購01  ,0,0,0,0,0,0,0,0,0,79000,0,0,0,118000,39000,79000,79000
04947P,聯詠元大94售05  ,0,0,0,0,0,0,0,0,0,79000,0,0,0,89000,10000,79000,79000
051054,正崴群益95購01  ,0,0,0,0,0,0,0,0,0,79000,0,0,0,79000,0,79000,79000
051069,智邦國票96購01  ,0,0,0,0,0,0,0,0,0,79000,0,0,0,79000,0,79000,79000
06387P,緯穎永豐97售02  ,0,0,0,0,0,0,0,0,0,79000,0,0,0,99000,20000,79000,79000
056111,力成永豐97購01  ,0,0,0,0,0,0,0,0,0,79000,0,0,0,81000,2000,79000,79000
053946,全新富邦97購02  ,0,0,0,0,0,0,0,0,0,78000,0,0,0,98000,20000,78000,78000
054723,鴻海日盛97購01  ,0,0,0,0,0,0,0,0,0,78000,0,0,0,278000,200000,78000,78000
03177P,國巨群益01售12  ,0,0,0,0,0,0,0,0,0,78000,0,0,0,78000,0,78000,78000
047105,和大元大94購01  ,0,0,0,0,0,0,0,0,0,78000,0,0,0,78000,0,78000,78000
047301,啟碁國泰94購01  ,0,0,0,0,0,0,0,0,0,78000,0,0,0,92000,14000,78000,78000
047601,上海銀中信93購01,0,0,0,0,0,0,0,0,0,78000,0,0,0,138000,60000,78000,78000
049727,台積電中信94購02,0,0,0,0,0,0,0,0,0,78000,0,0,0,78000,0,78000,78000
049719,義隆凱基94購03  ,0,0,0,0,0,0,0,0,0,78000,0,0,0,78000,0,78000,78000
051057,信邦群益95購01  ,0,0,0,0,0,0,0,0,0,78000,0,0,0,86000,8000,78000,78000
052190,創意群益95購03  ,0,0,0,0,0,0,0,0,0,78000,0,0,0,98000,20000,78000,78000
052145,京元電群益95購02,0,0,0,0,0,0,0,0,0,78000,0,0,0,98000,20000,78000,78000
052714,義隆凱基96購02  ,0,0,0,0,0,0,0,0,0,78000,0,0,0,80000,2000,78000,78000
055976,台積電統一99購03,0,0,0,0,0,0,0,0,0,78000,0,0,0,143000,65000,78000,78000
055045,台肥永豐97購01  ,0,0,0,0,0,0,0,0,0,77000,0,0,0,77000,0,77000,77000
049655,臺股指凱基94購16,0,0,0,0,0,0,0,0,0,77000,0,0,0,77000,0,77000,77000
047724,智邦群益93購03  ,0,0,0,0,0,0,0,0,0,77000,0,0,0,98000,21000,77000,77000
047212,宏達電富邦97購01,0,0,0,0,0,0,0,0,0,77000,0,0,0,177000,100000,77000,77000
052162,智伸科永豐95購01,0,0,0,0,0,0,0,0,0,77000,0,0,0,77000,0,77000,77000
052805,晶技元大97購01  ,0,0,0,0,0,0,0,0,0,77000,0,0,0,99000,22000,77000,77000
052981,鴻海元大97購05  ,0,0,0,0,0,0,0,0,0,77000,0,0,0,77000,0,77000,77000
05678P,群創群益97售01  ,0,0,0,0,0,0,0,0,0,77000,0,0,0,77000,0,77000,77000
2453,凌群            ,251000,172000,79000,0,0,0,0,0,0,-2000,0,2000,-2000,0,0,0,77000
05499P,聯詠元富95售02  ,0,0,0,0,0,0,0,0,0,76000,0,0,0,93000,17000,76000,76000
054960,新日興元大97購02,0,0,0,0,0,0,0,0,0,76000,0,0,0,161000,85000,76000,76000
054933,南港元大97購01  ,0,10000,-10000,0,0,0,0,0,0,86000,0,0,0,104000,18000,86000,76000
054128,台積電元大97購10,0,0,0,0,0,0,0,0,0,76000,0,0,0,297000,221000,76000,76000
046410,國泰金元大92購03,0,0,0,0,0,0,0,0,0,76000,0,0,0,100000,24000,76000,76000
044759,新日興凱基93購01,0,0,0,0,0,0,0,0,0,76000,0,0,0,103000,27000,76000,76000
052807,貿聯元大98購01  ,0,0,0,0,0,0,0,0,0,76000,0,0,0,155000,79000,76000,76000
053229,南電台新97購01  ,0,0,0,0,0,0,0,0,0,76000,0,0,0,126000,50000,76000,76000
05121P,創意國泰96售01  ,0,0,0,0,0,0,0,0,0,76000,0,0,0,79000,3000,76000,76000
3588,通嘉            ,145000,69000,76000,0,0,0,0,0,0,0,0,0,0,0,0,0,76000
05713P,大立光統一96售05,0,0,0,0,0,0,0,0,0,76000,0,0,0,102000,26000,76000,76000
054318,台虹凱基98購01  ,0,0,0,0,0,0,0,0,0,75000,0,0,0,175000,100000,75000,75000
054561,奇力新群益97購03,0,0,0,0,0,0,0,0,0,75000,0,0,0,78000,3000,75000,75000
053593,晶技元大98購01  ,0,0,0,0,0,0,0,0,0,75000,0,0,0,77000,2000,75000,75000
054847,創意兆豐97購01  ,0,0,0,0,0,0,0,0,0,75000,0,0,0,75000,0,75000,75000
055213,大成鋼凱基98購01,0,0,0,0,0,0,0,0,0,75000,0,0,0,95000,20000,75000,75000
042916,佐登元大94購01  ,0,0,0,0,0,0,0,0,0,75000,0,0,0,106000,31000,75000,75000
048052,力成中信93購01  ,0,0,0,0,0,0,0,0,0,75000,0,0,0,114000,39000,75000,75000
047842,聯茂元大93購06  ,0,0,0,0,0,0,0,0,0,75000,0,0,0,100000,25000,75000,75000
048021,滬深反凱基93購02,0,0,0,0,0,0,0,0,0,75000,0,0,0,139000,64000,75000,75000
05307P,光寶科中信95售01,0,0,0,0,0,0,0,0,0,75000,0,0,0,348000,273000,75000,75000
055544,鴻海凱基97購05  ,0,0,0,0,0,0,0,0,0,74000,0,0,0,120000,46000,74000,74000
00865B,國泰US短期公債  ,0,0,0,0,0,0,0,0,0,74000,99000,0,99000,51000,76000,-25000,74000
045058,華邦電國泰94購01,0,0,0,0,0,0,0,0,0,74000,0,0,0,472000,398000,74000,74000
045168,欣興中信93購02  ,0,0,0,0,0,0,0,0,0,74000,0,0,0,101000,27000,74000,74000
04519P,國泰金群益94售01,0,0,0,0,0,0,0,0,0,74000,0,0,0,220000,146000,74000,74000
052105,南亞科兆豐95購01,0,0,0,0,0,0,0,0,0,74000,0,0,0,110000,36000,74000,74000
05244P,台積電元大95售17,0,0,0,0,0,0,0,0,0,74000,0,0,0,527000,453000,74000,74000
05154P,台積電兆豐95售05,0,0,0,0,0,0,0,0,0,74000,0,0,0,218000,144000,74000,74000
055130,京鼎康和97購01  ,0,0,0,0,0,0,0,0,0,73000,0,0,0,73000,0,73000,73000
054258,牧德元大97購01  ,0,0,0,0,0,0,0,0,0,73000,0,0,0,73000,0,73000,73000
054029,瀚宇博凱基96購02,0,0,0,0,0,0,0,0,0,73000,0,0,0,73000,0,73000,73000
044846,旺宏統一93購01  ,0,0,0,0,0,0,0,0,0,73000,0,0,0,95000,22000,73000,73000
03968P,聯發科國票93售05,0,0,0,0,0,0,0,0,0,73000,0,0,0,73000,0,73000,73000
048772,智易凱基94購01  ,0,0,0,0,0,0,0,0,0,73000,0,0,0,73000,0,73000,73000
04949P,致新元大94售04  ,0,0,0,0,0,0,0,0,0,73000,0,0,0,223000,150000,73000,73000
052417,聯發科兆豐9B購01,0,0,0,0,0,0,0,0,0,73000,0,0,0,79000,6000,73000,73000
053285,臺股指元大96購08,0,0,0,0,0,0,0,0,0,73000,0,0,0,75000,2000,73000,73000
05281P,南亞科元大95售03,0,0,0,0,0,0,0,0,0,73000,0,0,0,170000,97000,73000,73000
05596P,可成統一96售01  ,0,0,0,0,0,0,0,0,0,73000,0,0,0,78000,5000,73000,73000
2103,台橡            ,184000,109000,75000,0,0,0,0,0,0,-2000,0,2000,-2000,0,0,0,73000
053507,百和兆豐96購01  ,0,0,0,0,0,0,0,0,0,72000,0,0,0,72000,0,72000,72000
053868,群創元大99購02  ,0,0,0,0,0,0,0,0,0,72000,0,0,0,309000,237000,72000,72000
049032,百和群益94購04  ,0,0,0,0,0,0,0,0,0,72000,0,0,0,72000,0,72000,72000
048897,日電貿國泰95購01,0,0,0,0,0,0,0,0,0,72000,0,0,0,72000,0,72000,72000
6115,鎰勝            ,107000,35000,72000,0,0,0,0,0,0,0,0,0,0,0,0,0,72000
053814,美律群益97購02  ,0,0,0,0,0,0,0,0,0,71000,0,0,0,148000,77000,71000,71000
055369,友訊元大97購01  ,0,0,0,0,0,0,0,0,0,71000,0,0,0,391000,320000,71000,71000
045553,華邦電國票92購02,0,0,0,0,0,0,0,0,0,71000,0,0,0,71000,0,71000,71000
03092P,臺股指元大01售21,0,0,0,0,0,0,0,0,0,71000,0,0,0,71000,0,71000,71000
048353,嘉聯益台新93購02,0,0,0,0,0,0,0,0,0,71000,0,0,0,71000,0,71000,71000
050821,國泰金凱基95購01,0,0,0,0,0,0,0,0,0,71000,0,0,0,71000,0,71000,71000
05208P,TPK中信95售01   ,0,0,0,0,0,0,0,0,0,71000,0,0,0,101000,30000,71000,71000
051572,上銀元大95購01  ,0,0,0,0,0,0,0,0,0,71000,0,0,0,84000,13000,71000,71000
052015,漢唐永豐95購02  ,0,0,0,0,0,0,0,0,0,71000,0,0,0,71000,0,71000,71000
05858P,矽力中信96售01  ,0,0,0,0,0,0,0,0,0,71000,0,0,0,301000,230000,71000,71000
055009,合勤控元富97購01,0,0,0,0,0,0,0,0,0,70000,0,0,0,130000,60000,70000,70000
054154,智易國泰97購01  ,0,0,0,0,0,0,0,0,0,70000,0,0,0,70000,0,70000,70000
03183P,鴻海元大01售28  ,0,0,0,0,0,0,0,0,0,70000,0,0,0,70000,0,70000,70000
044203,國泰金亞東92購01,0,0,0,0,0,0,0,0,0,70000,0,0,0,70000,0,70000,70000
043229,T50正2中信93購02,0,0,0,0,0,0,0,0,0,70000,0,0,0,70000,0,70000,70000
041912,上緯控元大92購01,0,0,0,0,0,0,0,0,0,70000,0,0,0,70000,0,70000,70000
04082P,智邦統一93售03  ,0,0,0,0,0,0,0,0,0,70000,0,0,0,70000,0,70000,70000
04084P,台表科統一93售01,0,0,0,0,0,0,0,0,0,70000,0,0,0,100000,30000,70000,70000
046761,淘帝凱基93購01  ,0,0,0,0,0,0,0,0,0,70000,0,0,0,70000,0,70000,70000
049246,大成鋼元大94購02,0,0,0,0,0,0,0,0,0,70000,0,0,0,123000,53000,70000,70000
04897P,喬山中信94售01  ,0,0,0,0,0,0,0,0,0,70000,0,0,0,70000,0,70000,70000
044767,世紀鋼凱基93購06,0,0,0,0,0,0,0,0,0,70000,0,0,0,70000,0,70000,70000
045763,南亞科統一93購01,0,0,0,0,0,0,0,0,0,70000,0,0,0,70000,0,70000,70000
046460,聯鈞凱基93購02  ,0,0,0,0,0,0,0,0,0,70000,0,0,0,80000,10000,70000,70000
046969,聯發科群益93購05,0,0,0,0,0,0,0,0,0,70000,0,0,0,72000,2000,70000,70000
048493,微星元大93購04  ,0,0,0,0,0,0,0,0,0,70000,0,0,0,70000,0,70000,70000
047186,大立光元大93購20,0,0,0,0,0,0,0,0,0,70000,0,0,0,70000,0,70000,70000
049204,京元電群益94購02,0,0,0,0,0,0,0,0,0,70000,0,0,0,70000,0,70000,70000
049691,可成元大94購06  ,0,0,0,0,0,0,0,0,0,70000,0,0,0,101000,31000,70000,70000
049830,智易凱基94購02  ,0,0,0,0,0,0,0,0,0,70000,0,0,0,70000,0,70000,70000
047410,上銀元富96購01  ,0,0,0,0,0,0,0,0,0,70000,0,0,0,70000,0,70000,70000
051911,大立光元大98購02,0,0,0,0,0,0,0,0,0,70000,0,0,0,89000,19000,70000,70000
051766,泰鼎元大95購02  ,0,0,0,0,0,0,0,0,0,70000,0,0,0,70000,0,70000,70000
051820,道瓊反元富95購01,0,0,0,0,0,0,0,0,0,70000,0,0,0,70000,0,70000,70000
051559,宏達電國泰96購01,0,0,0,0,0,0,0,0,0,70000,0,0,0,90000,20000,70000,70000
051440,鴻海元大95購12  ,0,0,0,0,0,0,0,0,0,70000,0,0,0,100000,30000,70000,70000
051194,大立光中信96購02,0,0,0,0,0,0,0,0,0,70000,0,0,0,70000,0,70000,70000
051062,超眾群益95購02  ,0,0,0,0,0,0,0,0,0,70000,0,0,0,80000,10000,70000,70000
050918,南亞科日盛95購01,0,0,0,0,0,0,0,0,0,70000,0,0,0,70000,0,70000,70000
052606,聯發科元大97購04,0,0,0,0,0,0,0,0,0,70000,0,0,0,93000,23000,70000,70000
05277P,深中小統一95售02,0,0,0,0,0,0,0,0,0,70000,0,0,0,70000,0,70000,70000
2331,精英            ,281000,166000,115000,0,0,0,0,0,0,-45000,0,43000,-43000,0,2000,-2000,70000
06045P,臺股指永豐96售03,0,0,0,0,0,0,0,0,0,70000,0,0,0,73000,3000,70000,70000
2421,建準            ,803000,723000,80000,0,0,0,0,0,0,-10000,8000,43000,-35000,65000,40000,25000,70000
2477,美隆電          ,97000,27000,70000,0,0,0,0,0,0,0,0,0,0,0,0,0,70000
053864,義隆元大96購01  ,0,0,0,0,0,0,0,0,0,69000,0,0,0,86000,17000,69000,69000
04289P,臺股指中信95售07,0,0,0,0,0,0,0,0,0,69000,0,0,0,211000,142000,69000,69000
047840,新日興元大93購03,0,0,0,0,0,0,0,0,0,69000,0,0,0,89000,20000,69000,69000
048435,致新國票93購01  ,0,0,0,0,0,0,0,0,0,69000,0,0,0,89000,20000,69000,69000
050185,和鑫元大95購02  ,0,0,0,0,0,0,0,0,0,69000,0,0,0,100000,31000,69000,69000
050135,禾伸堂兆豐95購01,0,0,0,0,0,0,0,0,0,69000,0,0,0,94000,25000,69000,69000
047232,禾伸堂凱基93購02,0,0,0,0,0,0,0,0,0,69000,0,0,0,69000,0,69000,69000
050309,亞泥兆豐94購01  ,0,0,0,0,0,0,0,0,0,69000,0,0,0,169000,100000,69000,69000
050914,健鼎中信95購01  ,0,0,0,0,0,0,0,0,0,69000,0,0,0,69000,0,69000,69000
050974,大成鋼統一95購01,0,0,0,0,0,0,0,0,0,69000,0,0,0,199000,130000,69000,69000
051529,東元國票96購01  ,0,0,0,0,0,0,0,0,0,69000,0,0,0,79000,10000,69000,69000
05867P,友達兆豐97售02  ,0,0,0,0,0,0,0,0,0,69000,0,0,0,169000,100000,69000,69000
053721,國泰金凱基97購01,0,0,0,0,0,0,0,0,0,68000,0,0,0,68000,0,68000,68000
053446,欣興凱基96購02  ,0,0,0,0,0,0,0,0,0,68000,0,0,0,68000,0,68000,68000
053653,京元電凱基96購02,0,0,0,0,0,0,0,0,0,68000,0,0,0,68000,0,68000,68000
054168,貿聯凱基97購02  ,0,0,0,0,0,0,0,0,0,68000,0,0,0,68000,0,68000,68000
054027,欣興凱基96購04  ,0,0,0,0,0,0,0,0,0,68000,0,0,0,88000,20000,68000,68000
055109,正崴凱基98購01  ,0,0,0,0,0,0,0,0,0,68000,0,0,0,68000,0,68000,68000
055208,京鼎康和97購02  ,0,0,0,0,0,0,0,0,0,68000,0,0,0,68000,0,68000,68000
055182,京鼎統一98購01  ,0,0,0,0,0,0,0,0,0,68000,0,0,0,71000,3000,68000,68000
054746,貿聯凱基98購02  ,0,0,0,0,0,0,0,0,0,68000,0,0,0,68000,0,68000,68000
055562,欣興凱基97購06  ,0,0,0,0,0,0,0,0,0,68000,0,0,0,70000,2000,68000,68000
04471P,華通元大95售03  ,0,0,0,0,0,0,0,0,0,68000,0,0,0,68000,0,68000,68000
049412,為升凱基94購01  ,0,0,0,0,0,0,0,0,0,68000,0,0,0,68000,0,68000,68000
050297,欣興凱基94購08  ,0,0,0,0,0,0,0,0,0,68000,0,0,0,68000,0,68000,68000
050287,台達電凱基94購10,0,0,0,0,0,0,0,0,0,68000,0,0,0,68000,0,68000,68000
050242,義隆凱基94購04  ,0,0,0,0,0,0,0,0,0,68000,0,0,0,68000,0,68000,68000
050498,為升凱基94購07  ,0,0,0,0,0,0,0,0,0,68000,0,0,0,68000,0,68000,68000
050440,揚明光凱基94購05,0,0,0,0,0,0,0,0,0,68000,0,0,0,68000,0,68000,68000
050430,京元電凱基94購03,0,0,0,0,0,0,0,0,0,68000,0,0,0,68000,0,68000,68000
05078P,義隆永豐95售01  ,0,0,0,0,0,0,0,0,0,68000,0,0,0,176000,108000,68000,68000
050815,南亞科凱基95購01,0,0,0,0,0,0,0,0,0,68000,0,0,0,68000,0,68000,68000
048439,上銀凱基93購09  ,0,0,0,0,0,0,0,0,0,68000,0,0,0,68000,0,68000,68000
048444,燿華凱基93購05  ,0,0,0,0,0,0,0,0,0,68000,0,0,0,68000,0,68000,68000
048465,南電台新93購01  ,0,0,0,0,0,0,0,0,0,68000,0,0,0,68000,0,68000,68000
049987,智易凱基94購03  ,0,0,0,0,0,0,0,0,0,68000,0,0,0,78000,10000,68000,68000
049710,大成鋼凱基94購03,0,0,0,0,0,0,0,0,0,68000,0,0,0,68000,0,68000,68000
049717,微星凱基94購01  ,0,0,0,0,0,0,0,0,0,68000,0,0,0,68000,0,68000,68000
051686,宏達電凱基95購04,0,0,0,0,0,0,0,0,0,68000,0,0,0,68000,0,68000,68000
051621,欣興凱基95購02  ,0,0,0,0,0,0,0,0,0,68000,0,0,0,68000,0,68000,68000
051622,和碩凱基96購01  ,0,0,0,0,0,0,0,0,0,68000,0,0,0,68000,0,68000,68000
051525,日月光凱基95購02,0,0,0,0,0,0,0,0,0,68000,0,0,0,68000,0,68000,68000
051375,道瓊反群益9A購01,0,0,0,0,0,0,0,0,0,68000,0,0,0,68000,0,68000,68000
051809,義隆凱基96購01  ,0,0,0,0,0,0,0,0,0,68000,0,0,0,68000,0,68000,68000
051864,聯發科凱基96購03,0,0,0,0,0,0,0,0,0,68000,0,0,0,68000,0,68000,68000
051761,富邦金元大96購01,0,0,0,0,0,0,0,0,0,68000,0,0,0,78000,10000,68000,68000
052018,京鼎永豐95購02  ,0,0,0,0,0,0,0,0,0,68000,0,0,0,103000,35000,68000,68000
050703,矽格凱基94購02  ,0,0,0,0,0,0,0,0,0,68000,0,0,0,68000,0,68000,68000
050643,為升凱基94購08  ,0,0,0,0,0,0,0,0,0,68000,0,0,0,68000,0,68000,68000
051151,中磊凱基95購02  ,0,0,0,0,0,0,0,0,0,68000,0,0,0,68000,0,68000,68000
052843,鴻海統一96購09  ,0,0,0,0,0,0,0,0,0,68000,0,0,0,224000,156000,68000,68000
052956,聯發科日盛96購01,0,0,0,0,0,0,0,0,0,68000,0,0,0,68000,0,68000,68000
053225,昇陽半凱基96購01,0,0,0,0,0,0,0,0,0,68000,0,0,0,68000,0,68000,68000
053127,貿聯凱基97購01  ,0,0,0,0,0,0,0,0,0,68000,0,0,0,68000,0,68000,68000
053213,建準凱基96購02  ,0,0,0,0,0,0,0,0,0,68000,0,0,0,68000,0,68000,68000
052047,建準凱基96購01  ,0,0,0,0,0,0,0,0,0,68000,0,0,0,68000,0,68000,68000
052048,景碩凱基95購01  ,0,0,0,0,0,0,0,0,0,68000,0,0,0,68000,0,68000,68000
052231,景碩凱基96購01  ,0,0,0,0,0,0,0,0,0,68000,0,0,0,68000,0,68000,68000
052232,貿聯凱基96購02  ,0,0,0,0,0,0,0,0,0,68000,0,0,0,68000,0,68000,68000
052222,力山凱基95購02  ,0,0,0,0,0,0,0,0,0,68000,0,0,0,68000,0,68000,68000
05702P,矽創凱基96售02  ,0,0,0,0,0,0,0,0,0,68000,0,0,0,68000,0,68000,68000
3003,健和興          ,243000,173000,70000,0,0,0,0,0,0,-2000,1000,4000,-3000,1000,0,1000,68000
054466,欣興凱基97購03  ,0,0,0,0,0,0,0,0,0,67000,0,0,0,68000,1000,67000,67000
00640L,富邦日本正2     ,0,71000,-71000,0,0,0,0,0,0,138000,0,0,0,453000,315000,138000,67000
047952,華通永豐93購03  ,0,0,0,0,0,0,0,0,0,67000,0,0,0,67000,0,67000,67000
048312,致茂凱基93購02  ,0,0,0,0,0,0,0,0,0,67000,0,0,0,68000,1000,67000,67000
051784,國巨兆豐95購01  ,0,0,0,0,0,0,0,0,0,67000,0,0,0,94000,27000,67000,67000
054430,上銀台新96購02  ,0,0,0,0,0,0,0,0,0,66000,0,0,0,104000,38000,66000,66000
05471P,聯電統一95售01  ,0,0,0,0,0,0,0,0,0,66000,0,0,0,66000,0,66000,66000
04469P,元油2X元大94售05,0,0,0,0,0,0,0,0,0,66000,0,0,0,66000,0,66000,66000
04460P,元油2X元富96售04,0,0,0,0,0,0,0,0,0,66000,0,0,0,66000,0,66000,66000
04695P,正崴康和94售01  ,0,0,0,0,0,0,0,0,0,66000,0,0,0,83000,17000,66000,66000
048313,南亞科凱基93購06,0,0,0,0,0,0,0,0,0,66000,0,0,0,66000,0,66000,66000
048063,聯發科統一93購03,0,0,0,0,0,0,0,0,0,66000,0,0,0,105000,39000,66000,66000
050978,鴻海元富95購03  ,0,0,0,0,0,0,0,0,0,66000,0,0,0,147000,81000,66000,66000
052308,大立光國泰97購02,0,0,0,0,0,0,0,0,0,66000,0,0,0,138000,72000,66000,66000
053132,國巨國票97購02  ,0,0,0,0,0,0,0,0,0,66000,0,0,0,100000,34000,66000,66000
2608,嘉里大榮        ,86000,24000,62000,0,0,0,6000,0,6000,-2000,0,2000,-2000,0,0,0,66000
3008,大立光          ,370331,280107,90224,0,0,0,0,5532,-5532,-19000,1000,19000,-18000,1000,2000,-1000,65692
054800,訊芯群益99購01  ,0,0,0,0,0,0,0,0,0,65000,0,0,0,103000,38000,65000,65000
055042,得力永豐97購01  ,0,0,0,0,0,0,0,0,0,65000,0,0,0,80000,15000,65000,65000
055391,光罩統一97購02  ,0,0,0,0,0,0,0,0,0,65000,0,0,0,127000,62000,65000,65000
053489,上銀兆豐97購01  ,0,0,0,0,0,0,0,0,0,65000,0,0,0,75000,10000,65000,65000
049078,瑞昱凱基94購02  ,0,0,0,0,0,0,0,0,0,65000,0,0,0,160000,95000,65000,65000
00771,元大US高息特別股,0,0,0,0,0,0,0,0,0,65000,0,0,0,65000,0,65000,65000
042191,元油2X富邦93購01,0,0,0,0,0,0,0,0,0,65000,0,0,0,100000,35000,65000,65000
042560,康控兆豐92購01  ,0,0,0,0,0,0,0,0,0,65000,0,0,0,65000,0,65000,65000
04713P,創意元大95售01  ,0,0,0,0,0,0,0,0,0,65000,0,0,0,70000,5000,65000,65000
048769,聯鈞凱基94購01  ,0,0,0,0,0,0,0,0,0,65000,0,0,0,70000,5000,65000,65000
052765,新日興群益97購01,0,0,0,0,0,0,0,0,0,65000,0,0,0,164000,99000,65000,65000
052247,深中小永豐95購01,0,0,0,0,0,0,0,0,0,65000,0,0,0,65000,0,65000,65000
051179,臺股指凱基95購04,0,0,0,0,0,0,0,0,0,65000,0,0,0,105000,40000,65000,65000
2820,華票            ,230000,165000,65000,0,0,0,0,0,0,0,0,0,0,0,0,0,65000
8131,福懋科          ,151000,70000,81000,0,0,0,12000,0,12000,-28000,0,4000,-4000,0,24000,-24000,65000
05909P,康友元富96售02  ,0,0,0,0,0,0,0,0,0,65000,0,0,0,81000,16000,65000,65000
06332P,世紀鋼群益98售01,0,0,0,0,0,0,0,0,0,65000,0,0,0,65000,0,65000,65000
053425,京鼎永豐96購01  ,0,0,0,0,0,0,0,0,0,64000,0,0,0,68000,4000,64000,64000
053977,新日興元大96購03,0,0,0,0,0,0,0,0,0,64000,0,0,0,80000,16000,64000,64000
05437P,聯詠永豐95售02  ,0,0,0,0,0,0,0,0,0,64000,0,0,0,131000,67000,64000,64000
054650,南亞麥證97購01  ,0,0,0,94000,30000,64000,0,0,0,64000,0,0,0,94000,30000,64000,64000
055885,大成鋼統一97購02,0,0,0,0,0,0,0,0,0,64000,0,0,0,64000,0,64000,64000
055027,牧德國泰99購01  ,0,0,0,0,0,0,0,0,0,64000,0,0,0,94000,30000,64000,64000
05480P,滬深2X凱基96售05,0,0,0,0,0,0,0,0,0,64000,0,0,0,95000,31000,64000,64000
049259,聯發科元大94購04,0,0,0,0,0,0,0,0,0,64000,0,0,0,65000,1000,64000,64000
049289,樺漢兆豐94購01  ,0,0,0,0,0,0,0,0,0,64000,0,0,0,94000,30000,64000,64000
049828,華新科凱基94購06,0,0,0,0,0,0,0,0,0,64000,0,0,0,95000,31000,64000,64000
04728P,美律亞東94售02  ,0,0,0,0,0,0,0,0,0,64000,0,0,0,100000,36000,64000,64000
048054,鴻海國泰95購01  ,0,0,0,0,0,0,0,0,0,64000,0,0,0,99000,35000,64000,64000
051343,鴻海元大95購07  ,0,0,0,0,0,0,0,0,0,64000,0,0,0,74000,10000,64000,64000
052590,祥碩永豐96購01  ,0,0,0,0,0,0,0,0,0,64000,0,0,0,136000,72000,64000,64000
054109,南亞科凱基96購05,0,0,0,0,0,0,0,0,0,63000,0,0,0,88000,25000,63000,63000
054315,訊芯凱基98購01  ,0,0,0,0,0,0,0,0,0,63000,0,0,0,68000,5000,63000,63000
046487,鴻海永昌92購01  ,0,0,0,0,0,0,0,0,0,63000,0,0,0,104000,41000,63000,63000
04185P,欣興統一93售05  ,0,0,0,0,0,0,0,0,0,63000,0,0,0,63000,0,63000,63000
048246,京元電兆豐93購02,0,0,0,0,0,0,0,0,0,63000,0,0,0,113000,50000,63000,63000
048898,晶相光國泰96購01,0,0,0,0,0,0,0,0,0,63000,0,0,0,265000,202000,63000,63000
050928,日月光凱基95購01,0,0,0,0,0,0,0,0,0,63000,0,0,0,68000,5000,63000,63000
051558,元金2X國泰97購01,0,0,0,0,0,0,0,0,0,63000,0,0,0,80000,17000,63000,63000
054064,台郡國票97購04  ,0,0,0,0,0,0,0,0,0,62000,0,0,0,65000,3000,62000,62000
053765,智邦富邦96購01  ,0,0,0,0,0,0,0,0,0,62000,0,0,0,350000,288000,62000,62000
053488,中石化兆豐97購01,0,0,0,0,0,0,0,0,0,62000,0,0,0,62000,0,62000,62000
055828,上銀元大97購05  ,0,0,0,0,0,0,0,0,0,62000,0,0,0,94000,32000,62000,62000
055338,GIS兆豐97購01   ,0,0,0,0,0,0,0,0,0,62000,0,0,0,62000,0,62000,62000
040215,上証反凱基95購01,0,0,0,0,0,0,0,0,0,62000,0,0,0,131000,69000,62000,62000
047965,景碩中信93購01  ,0,0,0,0,0,0,0,0,0,62000,0,0,0,62000,0,62000,62000
049979,美律凱基94購07  ,0,0,0,0,0,0,0,0,0,62000,0,0,0,92000,30000,62000,62000
6202,盛群            ,256000,194791,61209,0,0,0,0,0,0,0,0,0,0,0,0,0,61209
042803,天鈺元大93購01  ,0,0,0,0,0,0,0,0,0,61000,0,0,0,61000,0,61000,61000
04434P,玉晶光國票96售02,0,0,0,0,0,0,0,0,0,61000,0,0,0,404000,343000,61000,61000
050120,GIS元大95購02   ,0,0,0,0,0,0,0,0,0,61000,0,0,0,61000,0,61000,61000
051614,元金2X凱基97購01,0,0,0,0,0,0,0,0,0,61000,0,0,0,263000,202000,61000,61000
051435,聯茂元富95購01  ,0,0,0,0,0,0,0,0,0,61000,0,0,0,181000,120000,61000,61000
5515,建國            ,84000,23000,61000,0,0,0,0,0,0,0,0,0,0,0,0,0,61000
05805P,義隆永豐96售02  ,0,0,0,0,0,0,0,0,0,61000,0,0,0,161000,100000,61000,61000
055473,禾伸堂凱基97購01,0,0,0,0,0,0,0,0,0,60000,0,0,0,60000,0,60000,60000
054764,亞光國票98購01  ,0,0,0,0,0,0,0,0,0,60000,0,0,0,90000,30000,60000,60000
055040,台虹富邦99購01  ,0,0,0,0,0,0,0,0,0,60000,0,0,0,60000,0,60000,60000
053773,上銀元大96購04  ,0,0,0,0,0,0,0,0,0,60000,0,0,0,80000,20000,60000,60000
054375,貿聯中信99購01  ,0,0,0,0,0,0,0,0,0,60000,0,0,0,60000,0,60000,60000
04029P,聯發科凱基93售16,0,0,0,0,0,0,0,0,0,60000,0,0,0,65000,5000,60000,60000
042930,大立光中信94購01,0,0,0,0,0,0,0,0,0,60000,0,0,0,60000,0,60000,60000
00711B,FH彭博新興債    ,0,0,0,0,0,0,0,0,0,60000,0,0,0,61000,1000,60000,60000
03038P,玉晶光國票02售03,0,0,0,0,0,0,0,0,0,60000,0,0,0,60000,0,60000,60000
03720P,元油2X富邦95售01,0,0,0,0,0,0,0,0,0,60000,0,0,0,60000,0,60000,60000
03777P,華通中信95售01  ,0,0,0,0,0,0,0,0,0,60000,0,0,0,120000,60000,60000,60000
03839P,華通統一93售02  ,0,0,0,0,0,0,0,0,0,60000,0,0,0,60000,0,60000,60000
046496,鴻海元大92購16  ,0,0,0,0,0,0,0,0,0,60000,0,0,0,73000,13000,60000,60000
046630,京元電元富95購03,0,0,0,0,0,0,0,0,0,60000,0,0,0,70000,10000,60000,60000
046950,隆達元大93購01  ,0,0,0,0,0,0,0,0,0,60000,0,0,0,60000,0,60000,60000
046979,台泥兆豐93購01  ,0,0,0,0,0,0,0,0,0,60000,0,0,0,95000,35000,60000,60000
044401,亞光凱基93購01  ,0,0,0,0,0,0,0,0,0,60000,0,0,0,60000,0,60000,60000
045780,奇鋐元大94購01  ,0,0,0,0,0,0,0,0,0,60000,0,0,0,60000,0,60000,60000
04453P,聯發科富邦94售04,0,0,0,0,0,0,0,0,0,60000,0,0,0,379000,319000,60000,60000
049087,晶相光凱基94購02,0,0,0,0,0,0,0,0,0,60000,0,0,0,70000,10000,60000,60000
045533,南茂永豐92購01  ,0,0,0,0,0,0,0,0,0,60000,0,0,0,60000,0,60000,60000
045100,亞光中信93購01  ,0,0,0,0,0,0,0,0,0,60000,0,0,0,60000,0,60000,60000
048218,上銀凱基93購07  ,0,0,0,0,0,0,0,0,0,60000,0,0,0,70000,10000,60000,60000
050264,聯發科元大94購13,0,0,0,0,0,0,0,0,0,60000,0,0,0,60000,0,60000,60000
050228,中磊中信96購01  ,0,0,0,0,0,0,0,0,0,60000,0,0,0,60000,0,60000,60000
05036P,義隆元大95售03  ,0,0,0,0,0,0,0,0,0,60000,0,0,0,60000,0,60000,60000
048091,漢唐凱基93購03  ,0,0,0,0,0,0,0,0,0,60000,0,0,0,60000,0,60000,60000
049837,臺股指凱基96購02,0,0,0,0,0,0,0,0,0,60000,0,0,0,70000,10000,60000,60000
049924,欣興元大95購04  ,0,0,0,0,0,0,0,0,0,60000,0,0,0,200000,140000,60000,60000
049926,智易元大95購02  ,0,0,0,0,0,0,0,0,0,60000,0,0,0,60000,0,60000,60000
047928,禾伸堂凱基93購04,0,0,0,0,0,0,0,0,0,60000,0,0,0,60000,0,60000,60000
047929,景碩凱基93購03  ,0,0,0,0,0,0,0,0,0,60000,0,0,0,60000,0,60000,60000
047390,富邦金元大93購01,0,0,0,0,0,0,0,0,0,60000,0,0,0,60000,0,60000,60000
049607,台積電兆豐94購04,0,0,0,0,0,0,0,0,0,60000,0,0,0,100000,40000,60000,60000
04757P,元油2X凱基94售04,0,0,0,0,0,0,0,0,0,60000,0,0,0,60000,0,60000,60000
047490,元油反統一93購01,0,0,0,0,0,0,0,0,0,60000,0,0,0,60000,0,60000,60000
048721,正文永豐94購01  ,0,0,0,0,0,0,0,0,0,60000,0,0,0,68000,8000,60000,60000
051666,旺宏元大96購05  ,0,0,0,0,0,0,0,0,0,60000,0,0,0,60000,0,60000,60000
050552,禾伸堂凱基94購05,0,0,0,0,0,0,0,0,0,60000,0,0,0,60000,0,60000,60000
051192,緯創兆豐96購01  ,0,0,0,0,0,0,0,0,0,60000,0,0,0,70000,10000,60000,60000
051142,臺股指永豐95購02,0,0,0,0,0,0,0,0,0,60000,0,0,0,100000,40000,60000,60000
052430,泰碩永豐95購02  ,0,0,0,0,0,0,0,0,0,60000,0,0,0,60000,0,60000,60000
052461,和大統一95購01  ,0,0,0,0,0,0,0,0,0,60000,0,0,0,108000,48000,60000,60000
05252P,華通凱基95售01  ,0,0,0,0,0,0,0,0,0,60000,0,0,0,60000,0,60000,60000
052364,全新國票95購02  ,0,0,0,0,0,0,0,0,0,60000,0,0,0,60000,0,60000,60000
052338,道瓊反凱基97購02,0,0,0,0,0,0,0,0,0,60000,0,0,0,60000,0,60000,60000
05869P,旺宏凱基96售05  ,0,0,0,0,0,0,0,0,0,60000,0,0,0,60000,0,60000,60000
05622P,台積電中信96售02,0,0,0,0,0,0,0,0,0,60000,0,0,0,60000,0,60000,60000
06122P,亞光元大98售01  ,0,0,0,0,0,0,0,0,0,60000,0,0,0,65000,5000,60000,60000
5225,東科-KY         ,169000,101000,68000,0,0,0,0,0,0,-8000,0,8000,-8000,0,0,0,60000
054345,世芯國票96購02  ,0,0,0,0,0,0,0,0,0,59000,0,0,0,67000,8000,59000,59000
054234,可成群益96購05  ,0,0,0,0,0,0,0,0,0,59000,0,0,0,80000,21000,59000,59000
053373,台泥元大96購01  ,0,0,0,0,0,0,0,0,0,59000,0,0,0,101000,42000,59000,59000
054704,玉晶光第一97購01,0,0,0,0,0,0,0,0,0,59000,0,0,0,170000,111000,59000,59000
05573P,仁寶元富96售02  ,0,0,0,0,0,0,0,0,0,59000,0,0,0,112000,53000,59000,59000
045128,旺宏統一92購01  ,0,0,0,0,0,0,0,0,0,59000,0,0,0,96000,37000,59000,59000
046771,聯發科國泰94購02,0,0,0,0,0,0,0,0,0,59000,0,0,0,235000,176000,59000,59000
049234,可成統一94購02  ,0,0,0,0,0,0,0,0,0,59000,0,0,0,122000,63000,59000,59000
050372,全新元大96購03  ,0,0,0,0,0,0,0,0,0,59000,0,0,0,59000,0,59000,59000
052092,貿聯元大96購02  ,0,0,0,0,0,0,0,0,0,59000,0,0,0,170000,111000,59000,59000
051164,鴻海元大95購05  ,0,0,0,0,0,0,0,0,0,59000,0,0,0,62000,3000,59000,59000
051028,台光電元富95購02,0,0,0,0,0,0,0,0,0,59000,0,0,0,267000,208000,59000,59000
051535,新日興國票96購01,0,0,0,0,0,0,0,0,0,59000,0,0,0,86000,27000,59000,59000
05895P,奇力新群益96售03,0,0,0,0,0,0,0,0,0,59000,0,0,0,82000,23000,59000,59000
05696P,南亞科凱基96售01,0,0,0,0,0,0,0,0,0,59000,0,0,0,100000,41000,59000,59000
055607,華通康和97購01  ,0,0,0,0,0,0,0,0,0,58000,0,0,0,68000,10000,58000,58000
053399,創意中信96購01  ,0,0,0,0,0,0,0,0,0,58000,0,0,0,58000,0,58000,58000
054172,易華電凱基98購01,0,0,0,0,0,0,0,0,0,58000,0,0,0,78000,20000,58000,58000
046884,元油反群益95購01,0,0,0,0,0,0,0,0,0,58000,0,0,0,58000,0,58000,58000
04690P,國巨群益94售06  ,0,0,0,0,0,0,0,0,0,58000,0,0,0,78000,20000,58000,58000
03103P,聯發科元富01售02,0,0,0,0,0,0,0,0,0,58000,0,0,0,60000,2000,58000,58000
03560P,台積電兆豐03售10,0,0,0,0,0,0,0,0,0,58000,0,0,0,58000,0,58000,58000
046227,聯發科元大92購12,0,0,0,0,0,0,0,0,0,58000,0,0,0,58000,0,58000,58000
050513,亞泥元大94購02  ,0,0,0,0,0,0,0,0,0,58000,0,0,0,89000,31000,58000,58000
047242,上銀群益93購04  ,0,0,0,0,0,0,0,0,0,58000,0,0,0,88000,30000,58000,58000
050828,康控凱基95購01  ,0,0,0,0,0,0,0,0,0,58000,0,0,0,68000,10000,58000,58000
048512,全新凱基93購04  ,0,0,0,0,0,0,0,0,0,58000,0,0,0,68000,10000,58000,58000
047707,南亞科凱基93購03,0,0,0,0,0,0,0,0,0,58000,0,0,0,68000,10000,58000,58000
049515,同欣電凱基94購01,0,0,0,0,0,0,0,0,0,58000,0,0,0,68000,10000,58000,58000
047479,美律凱基94購01  ,0,0,0,0,0,0,0,0,0,58000,0,0,0,68000,10000,58000,58000
052165,訊芯永豐95購03  ,0,0,0,0,0,0,0,0,0,58000,0,0,0,68000,10000,58000,58000
052298,易華電國票96購01,0,0,0,0,0,0,0,0,0,58000,0,0,0,75000,17000,58000,58000
052481,利勤群益95購01  ,0,0,0,0,0,0,0,0,0,58000,0,0,0,58000,0,58000,58000
053108,南亞科兆豐96購01,0,0,0,0,0,0,0,0,0,58000,0,0,0,58000,0,58000,58000
05981P,可成永昌98售02  ,0,0,0,0,0,0,0,0,0,58000,0,0,0,74000,16000,58000,58000
056084,漢唐統一97購03  ,0,0,0,0,0,0,0,0,0,58000,0,0,0,58000,0,58000,58000
06209P,旺宏統一97售07  ,0,0,0,0,0,0,0,0,0,58000,0,0,0,72000,14000,58000,58000
054141,TPK元大96購02   ,0,0,0,0,0,0,0,0,0,57000,0,0,0,57000,0,57000,57000
054616,智伸科永豐97購01,0,0,0,0,0,0,0,0,0,57000,0,0,0,57000,0,57000,57000
055114,新日興凱基98購01,0,0,0,0,0,0,0,0,0,57000,0,0,0,83000,26000,57000,57000
055219,啟碁凱基98購01  ,0,0,0,0,0,0,0,0,0,57000,0,0,0,67000,10000,57000,57000
049267,瀚宇博元大95購02,0,0,0,0,0,0,0,0,0,57000,0,0,0,100000,43000,57000,57000
049052,台積電永豐94購02,0,0,0,0,0,0,0,0,0,57000,0,0,0,72000,15000,57000,57000
04542P,致伸永豐94售01  ,0,0,0,0,0,0,0,0,0,57000,0,0,0,57000,0,57000,57000
044801,微星凱基93購01  ,0,0,0,0,0,0,0,0,0,57000,0,0,0,60000,3000,57000,57000
046085,儒鴻麥證92購01  ,0,0,0,57000,0,57000,0,0,0,57000,0,0,0,57000,0,57000,57000
049312,亞光凱基94購02  ,0,0,0,0,0,0,0,0,0,57000,0,0,0,143000,86000,57000,57000
047157,智伸科國票93購01,0,0,0,0,0,0,0,0,0,57000,0,0,0,57000,0,57000,57000
052882,南電凱基96購02  ,0,0,0,0,0,0,0,0,0,57000,0,0,0,68000,11000,57000,57000
052984,漢唐元大96購01  ,0,0,0,0,0,0,0,0,0,57000,0,0,0,57000,0,57000,57000
051762,國泰金元大95購01,0,0,0,0,0,0,0,0,0,57000,0,0,0,167000,110000,57000,57000
051240,台積電元大95購12,0,0,0,0,0,0,0,0,0,57000,0,0,0,227000,170000,57000,57000
06038P,國泰金台新96售01,0,0,0,0,0,0,0,0,0,57000,0,0,0,81000,24000,57000,57000
05884P,旺宏統一96售01  ,0,0,0,0,0,0,0,0,0,57000,0,0,0,119000,62000,57000,57000
054756,世紀鋼凱基99購01,0,0,0,0,0,0,0,0,0,56000,0,0,0,56000,0,56000,56000
054342,亞光元富99購01  ,0,0,0,0,0,0,0,0,0,56000,0,0,0,66000,10000,56000,56000
053496,義隆兆豐96購02  ,0,0,0,0,0,0,0,0,0,56000,0,0,0,94000,38000,56000,56000
049308,台達電凱基94購04,0,0,0,0,0,0,0,0,0,56000,0,0,0,77000,21000,56000,56000
049197,信邦永豐94購01  ,0,0,0,0,0,0,0,0,0,56000,0,0,0,56000,0,56000,56000
047917,台積電凱基94購01,0,0,0,0,0,0,0,0,0,56000,0,0,0,68000,12000,56000,56000
047973,華通兆豐94購01  ,0,0,0,0,0,0,0,0,0,56000,0,0,0,70000,14000,56000,56000
06032P,健策群益97售03  ,0,0,0,0,0,0,0,0,0,56000,0,0,0,240000,184000,56000,56000
4438,廣越            ,82000,21000,61000,0,0,0,0,0,0,-5000,0,1000,-1000,3000,7000,-4000,56000
8463,潤泰材          ,83000,27000,56000,0,0,0,0,0,0,0,0,0,0,0,0,0,56000
053896,麗豐群益97購01  ,0,0,0,0,0,0,0,0,0,55000,0,0,0,56000,1000,55000,55000
054442,啟碁台新96購01  ,0,0,0,0,0,0,0,0,0,55000,0,0,0,55000,0,55000,55000
054911,敬鵬凱基97購01  ,0,0,0,0,0,0,0,0,0,55000,0,0,0,55000,0,55000,55000
055260,晶相光統一98購01,0,0,0,0,0,0,0,0,0,55000,0,0,0,101000,46000,55000,55000
055334,禾伸堂兆豐97購01,0,0,0,0,0,0,0,0,0,55000,0,0,0,55000,0,55000,55000
055639,上銀元富97購02  ,0,0,0,0,0,0,0,0,0,55000,0,0,0,55000,0,55000,55000
05564P,玉晶光元大97售02,0,0,0,0,0,0,0,0,0,55000,0,0,0,175000,120000,55000,55000
05591P,義隆群益96售03  ,0,0,0,0,0,0,0,0,0,55000,0,0,0,55000,0,55000,55000
046094,南茂兆豐92購01  ,0,0,0,0,0,0,0,0,0,55000,0,0,0,55000,0,55000,55000
04450P,京元電凱基94售01,0,0,0,0,0,0,0,0,0,55000,0,0,0,91000,36000,55000,55000
046946,益航元大94購01  ,0,0,0,0,0,0,0,0,0,55000,0,0,0,55000,0,55000,55000
044997,信邦國泰93購01  ,0,0,0,0,0,0,0,0,0,55000,0,0,0,55000,0,55000,55000
04926P,聯發科凱基95售03,0,0,0,0,0,0,0,0,0,55000,0,0,0,60000,5000,55000,55000
048935,玉晶光永豐94購04,0,0,0,0,0,0,0,0,0,55000,0,0,0,70000,15000,55000,55000
053022,欣興國泰98購01  ,0,0,0,0,0,0,0,0,0,55000,0,0,0,58000,3000,55000,55000
052862,正崴凱基96購01  ,0,0,0,0,0,0,0,0,0,55000,0,0,0,60000,5000,55000,55000
052116,T50反1國票97購01,0,0,0,0,0,0,0,0,0,55000,0,0,0,55000,0,55000,55000
054607,台積電永豐97購03,0,0,0,0,0,0,0,0,0,54000,0,0,0,175000,121000,54000,54000
045693,台達電兆豐92購02,0,0,0,0,0,0,0,0,0,54000,0,0,0,54000,0,54000,54000
049788,智伸科兆豐95購01,0,0,0,0,0,0,0,0,0,54000,0,0,0,94000,40000,54000,54000
049605,旺宏第一94購01  ,0,0,0,0,0,0,0,0,0,54000,0,0,0,94000,40000,54000,54000
04813P,智邦元大94售07  ,0,0,0,0,0,0,0,0,0,54000,0,0,0,54000,0,54000,54000
05048P,同欣電永豐95售01,0,0,0,0,0,0,0,0,0,54000,0,0,0,54000,0,54000,54000
052750,臺股指元大96購04,0,0,0,0,0,0,0,0,0,54000,0,0,0,78000,24000,54000,54000
053036,聯電凱基98購01  ,0,0,0,0,0,0,0,0,0,54000,0,0,0,57000,3000,54000,54000
053264,南亞科群益96購01,0,0,0,0,0,0,0,0,0,54000,0,0,0,112000,58000,54000,54000
050755,和大元富94購01  ,0,0,0,0,0,0,0,0,0,54000,0,0,0,142000,88000,54000,54000
05890P,彩晶元大99售01  ,0,0,0,0,0,0,0,0,0,54000,0,0,0,94000,40000,54000,54000
05630P,大立光永昌96售06,0,0,0,0,0,0,0,0,0,54000,0,0,0,159000,105000,54000,54000
053944,亞泥富邦97購01  ,0,0,0,0,0,0,0,0,0,53000,0,0,0,183000,130000,53000,53000
053558,訊芯凱基96購02  ,0,0,0,0,0,0,0,0,0,53000,0,0,0,53000,0,53000,53000
03228P,緯穎凱基02售02  ,0,0,0,53000,0,53000,0,0,0,53000,0,0,0,53000,0,53000,53000
04398P,致伸群益94售02  ,0,0,0,0,0,0,0,0,0,53000,0,0,0,53000,0,53000,53000
04484P,台積電凱基94售09,0,0,0,0,0,0,0,0,0,53000,0,0,0,53000,0,53000,53000
050344,鴻海元富96購01  ,0,0,0,0,0,0,0,0,0,53000,0,0,0,141000,88000,53000,53000
04816P,台積電兆豐94售06,0,0,0,0,0,0,0,0,0,53000,0,0,0,53000,0,53000,53000
04961P,貿聯凱基94售03  ,0,0,0,0,0,0,0,0,0,53000,0,0,0,53000,0,53000,53000
050930,矽格凱基95購01  ,0,0,0,0,0,0,0,0,0,53000,0,0,0,68000,15000,53000,53000
051702,鴻海群益95購08  ,0,0,0,0,0,0,0,0,0,53000,0,0,0,53000,0,53000,53000
05843P,台積電元大96售16,0,0,0,0,0,0,0,0,0,53000,0,0,0,53000,0,53000,53000
08422P,玉晶光群益02售03,0,0,0,0,0,0,0,0,0,53000,0,0,0,73000,20000,53000,53000
6451,訊芯-KY         ,1094000,885000,209000,0,0,0,0,105000,-105000,-51000,10000,7000,3000,14000,68000,-54000,53000
05438P,康控永豐95售05  ,0,0,0,0,0,0,0,0,0,52000,0,0,0,52000,0,52000,52000
055651,富邦金元富97購01,0,0,0,0,0,0,0,0,0,52000,0,0,0,57000,5000,52000,52000
054820,新日興元大97購01,0,0,0,0,0,0,0,0,0,52000,0,0,0,86000,34000,52000,52000
046443,超眾兆豐93購01  ,0,0,0,0,0,0,0,0,0,52000,0,0,0,52000,0,52000,52000
045365,智邦兆豐93購04  ,0,0,0,0,0,0,0,0,0,52000,0,0,0,77000,25000,52000,52000
044164,京元電元大92購01,0,0,0,0,0,0,0,0,0,52000,0,0,0,52000,0,52000,52000
03686P,大立光統一98售02,0,0,0,0,0,0,0,0,0,52000,0,0,0,404000,352000,52000,52000
049231,鴻海富邦95購02  ,0,0,0,0,0,0,0,0,0,52000,0,0,0,62000,10000,52000,52000
047545,智邦凱基93購05  ,0,0,0,0,0,0,0,0,0,52000,0,0,0,120000,68000,52000,52000
047141,宏達電兆豐94購01,0,0,0,0,0,0,0,0,0,52000,0,0,0,57000,5000,52000,52000
048060,台達電統一93購01,0,0,0,0,0,0,0,0,0,52000,0,0,0,208000,156000,52000,52000
051599,健鼎兆豐95購02  ,0,0,0,0,0,0,0,0,0,52000,0,0,0,52000,0,52000,52000
053153,大立光元大99購02,0,0,0,0,0,0,0,0,0,52000,0,0,0,62000,10000,52000,52000
052787,國巨中信96購02  ,0,0,0,0,0,0,0,0,0,52000,0,0,0,73000,21000,52000,52000
6715,嘉基            ,85000,78000,7000,0,0,0,0,0,0,45000,45000,0,45000,0,0,0,52000
5531,鄉林            ,314000,252000,62000,0,0,0,0,0,0,-10000,1000,11000,-10000,0,0,0,52000
06357P,臺股指永豐97售03,0,0,0,0,0,0,0,0,0,52000,0,0,0,52000,0,52000,52000
05643P,大立光中信98售01,0,0,0,0,0,0,0,0,0,52000,0,0,0,52000,0,52000,52000
05661P,聯發科統一96售06,0,0,0,0,0,0,0,0,0,52000,0,0,0,52000,0,52000,52000
056003,智伸科永豐97購02,0,0,0,0,0,0,0,0,0,52000,0,0,0,82000,30000,52000,52000
054789,高鐵群益98購01  ,0,0,0,0,0,0,0,0,0,51000,0,0,0,65000,14000,51000,51000
054823,祥碩元大97購02  ,0,0,0,0,0,0,0,0,0,51000,0,0,0,51000,0,51000,51000
055206,台虹中信97購01  ,0,0,0,0,0,0,0,0,0,51000,0,0,0,51000,0,51000,51000
055115,日月光凱基98購01,0,0,0,0,0,0,0,0,0,51000,0,0,0,55000,4000,51000,51000
055857,嘉聯益元大97購04,0,0,0,0,0,0,0,0,0,51000,0,0,0,61000,10000,51000,51000
055332,奇力新兆豐98購01,0,0,0,0,0,0,0,0,0,51000,0,0,0,51000,0,51000,51000
054256,創意元大96購07  ,0,0,0,0,0,0,0,0,0,51000,0,0,0,51000,0,51000,51000
053936,旺宏元富96購04  ,0,0,0,0,0,0,0,0,0,51000,0,0,0,101000,50000,51000,51000
05370P,矽創元富95售01  ,0,0,0,0,0,0,0,0,0,51000,0,0,0,95000,44000,51000,51000
04282P,微星永豐93售02  ,0,0,0,0,0,0,0,0,0,51000,0,0,0,71000,20000,51000,51000
043513,台灣50元大96購05,0,0,0,0,0,0,0,0,0,51000,0,0,0,60000,9000,51000,51000
045991,為升富邦95購01  ,0,0,0,0,0,0,0,0,0,51000,0,0,0,101000,50000,51000,51000
045832,建準群益92購01  ,0,0,0,0,0,0,0,0,0,51000,0,0,0,51000,0,51000,51000
047075,群創兆豐93購01  ,0,0,0,0,0,0,0,0,0,51000,0,0,0,51000,0,51000,51000
048630,南亞元大93購01  ,0,0,0,0,0,0,0,0,0,51000,0,0,0,80000,29000,51000,51000
050291,聯發科凱基94購16,0,0,0,0,0,0,0,0,0,51000,0,0,0,106000,55000,51000,51000
048010,嘉聯益富邦97購01,0,0,0,0,0,0,0,0,0,51000,0,0,0,171000,120000,51000,51000
048963,川湖元大94購01  ,0,0,0,0,0,0,0,0,0,51000,0,0,0,51000,0,51000,51000
049307,上銀凱基94購03  ,0,0,0,0,0,0,0,0,0,51000,0,0,0,51000,0,51000,51000
052467,嘉聯益統一96購01,0,0,0,0,0,0,0,0,0,51000,0,0,0,129000,78000,51000,51000
06379P,群創統一97售05  ,0,0,0,0,0,0,0,0,0,51000,0,0,0,64000,13000,51000,51000
2006,東和鋼鐵        ,182000,161000,21000,0,0,0,3000,0,3000,27000,30000,3000,27000,0,0,0,51000
053786,新日興元大96購02,0,0,0,0,0,0,0,0,0,50000,0,0,0,52000,2000,50000,50000
053873,力成元大96購03  ,0,0,0,0,0,0,0,0,0,50000,0,0,0,75000,25000,50000,50000
053583,漢唐元大96購03  ,0,0,0,0,0,0,0,0,0,50000,0,0,0,50000,0,50000,50000
053658,亞光凱基96購01  ,0,0,0,0,0,0,0,0,0,50000,0,0,0,83000,33000,50000,50000
053661,嘉澤凱基97購01  ,0,0,0,0,0,0,0,0,0,50000,0,0,0,50000,0,50000,50000
053447,京鼎凱基96購03  ,0,0,0,0,0,0,0,0,0,50000,0,0,0,50000,0,50000,50000
054309,禾伸堂凱基98購01,0,0,0,0,0,0,0,0,0,50000,0,0,0,60000,10000,50000,50000
054043,漢唐元大97購01  ,0,0,0,0,0,0,0,0,0,50000,0,0,0,91000,41000,50000,50000
054572,國巨元大98購03  ,0,0,0,0,0,0,0,0,0,50000,0,0,0,70000,20000,50000,50000
054484,仁寶台新96購01  ,0,0,0,0,0,0,0,0,0,50000,0,0,0,60000,10000,50000,50000
055539,億光台新97購01  ,0,0,0,0,0,0,0,0,0,50000,0,0,0,60000,10000,50000,50000
055485,國巨元大97購09  ,0,0,0,0,0,0,0,0,0,50000,0,0,0,50000,0,50000,50000
055486,國巨元大98購06  ,0,0,0,0,0,0,0,0,0,50000,0,0,0,50000,0,50000,50000
055509,訊芯元大97購03  ,0,0,0,0,0,0,0,0,0,50000,0,0,0,126000,76000,50000,50000
055706,大立光永豐97購03,0,0,0,0,0,0,0,0,0,50000,0,0,0,100000,50000,50000,50000
054809,大成鋼元大97購01,0,0,0,0,0,0,0,0,0,50000,0,0,0,50000,0,50000,50000
045775,可成元大92購06  ,0,0,0,0,0,0,0,0,0,50000,0,0,0,50000,0,50000,50000
045760,鴻海統一93購02  ,0,0,0,0,0,0,0,0,0,50000,0,0,0,50000,0,50000,50000
046029,微星元大92購02  ,0,0,0,0,0,0,0,0,0,50000,0,0,0,50000,0,50000,50000
046369,同欣電日盛92購01,0,0,0,0,0,0,0,0,0,50000,0,0,0,60000,10000,50000,50000
046648,和鑫國泰94購01  ,0,0,0,0,0,0,0,0,0,50000,0,0,0,100000,50000,50000,50000
046717,世紀鋼國泰94購01,0,0,0,0,0,0,0,0,0,50000,0,0,0,50000,0,50000,50000
045117,玉晶光日盛92購01,0,0,0,0,0,0,0,0,0,50000,0,0,0,50000,0,50000,50000
045617,日電貿台新92購01,0,0,0,0,0,0,0,0,0,50000,0,0,0,50000,0,50000,50000
043529,泰鼎元大92購01  ,0,0,0,0,0,0,0,0,0,50000,0,0,0,50000,0,50000,50000
043650,喬山國泰93購02  ,0,0,0,0,0,0,0,0,0,50000,0,0,0,50000,0,50000,50000
043693,為升兆豐93購01  ,0,0,0,0,0,0,0,0,0,50000,0,0,0,50000,0,50000,50000
043694,華新科兆豐92購01,0,0,0,0,0,0,0,0,0,50000,0,0,0,50000,0,50000,50000
043696,瑞儀兆豐93購01  ,0,0,0,0,0,0,0,0,0,50000,0,0,0,51000,1000,50000,50000
04024P,志超康和93售01  ,0,0,0,0,0,0,0,0,0,50000,0,0,0,50000,0,50000,50000
044253,美律麥證92購01  ,0,0,0,50000,0,50000,0,0,0,50000,0,0,0,50000,0,50000,50000
042796,永冠元大93購01  ,0,0,0,0,0,0,0,0,0,50000,0,0,0,50000,0,50000,50000
04086P,臺股指元富93售04,0,0,0,0,0,0,0,0,0,50000,0,0,0,50000,0,50000,50000
045660,欣興富邦93購03  ,0,0,0,0,0,0,0,0,0,50000,0,0,0,50000,0,50000,50000
03763P,聯發科元富96售01,0,0,0,0,0,0,0,0,0,50000,0,0,0,130000,80000,50000,50000
044163,台光電元大92購01,0,0,0,0,0,0,0,0,0,50000,0,0,0,50000,0,50000,50000
044061,聯發科元大92購03,0,0,0,0,0,0,0,0,0,50000,0,0,0,50000,0,50000,50000
043940,京元電兆豐92購01,0,0,0,0,0,0,0,0,0,50000,0,0,0,60000,10000,50000,50000
03444P,道瓊銀群益02售04,0,0,0,0,0,0,0,0,0,50000,0,0,0,60000,10000,50000,50000
04379P,大立光元大94售06,0,0,0,0,0,0,0,0,0,50000,0,0,0,50000,0,50000,50000
049345,富邦金統一94購02,0,0,0,0,0,0,0,0,0,50000,0,0,0,50000,0,50000,50000
049587,美律元大95購01  ,0,0,0,0,0,0,0,0,0,50000,0,0,0,79000,29000,50000,50000
047722,南電凱基94購02  ,0,0,0,0,0,0,0,0,0,50000,0,0,0,50000,0,50000,50000
049716,台積電凱基94購24,0,0,0,0,0,0,0,0,0,50000,0,0,0,50000,0,50000,50000
049726,道瓊反中信96購01,0,0,0,0,0,0,0,0,0,50000,0,0,0,50000,0,50000,50000
049519,新光金國票95購03,0,0,0,0,0,0,0,0,0,50000,0,0,0,63000,13000,50000,50000
049535,臻鼎永豐94購01  ,0,0,0,0,0,0,0,0,0,50000,0,0,0,50000,0,50000,50000
047866,得力永豐93購01  ,0,0,0,0,0,0,0,0,0,50000,0,0,0,50000,0,50000,50000
048740,富邦金統一94購01,0,0,0,0,0,0,0,0,0,50000,0,0,0,50000,0,50000,50000
047293,全新元富93購03  ,0,0,0,0,0,0,0,0,0,50000,0,0,0,50000,0,50000,50000
050298,智伸科凱基94購02,0,0,0,0,0,0,0,0,0,50000,0,0,0,50000,0,50000,50000
050397,力成元富94購01  ,0,0,0,0,0,0,0,0,0,50000,0,0,0,140000,90000,50000,50000
047236,智伸科凱基93購05,0,0,0,0,0,0,0,0,0,50000,0,0,0,50000,0,50000,50000
048186,元黃金元大96購01,0,0,0,0,0,0,0,0,0,50000,0,0,0,50000,0,50000,50000
048639,漢唐元大93購07  ,0,0,0,0,0,0,0,0,0,50000,0,0,0,55000,5000,50000,50000
049457,彩晶統一94購02  ,0,0,0,0,0,0,0,0,0,50000,0,0,0,50000,0,50000,50000
04864P,欣興元大94售10  ,0,0,0,0,0,0,0,0,0,50000,0,0,0,50000,0,50000,50000
048326,滬深2X國泰94購03,0,0,0,0,0,0,0,0,0,50000,0,0,0,50000,0,50000,50000
048284,臺股指中信95購04,0,0,0,0,0,0,0,0,0,50000,0,0,0,220000,170000,50000,50000
047054,聯詠國票93購01  ,0,0,0,0,0,0,0,0,0,50000,0,0,0,50000,0,50000,50000
048489,明泰富邦93購01  ,0,0,0,0,0,0,0,0,0,50000,0,0,0,50000,0,50000,50000
048395,南亞科國票93購02,0,0,0,0,0,0,0,0,0,50000,0,0,0,50000,0,50000,50000
049977,瑞昱凱基94購03  ,0,0,0,0,0,0,0,0,0,50000,0,0,0,68000,18000,50000,50000
049978,瑞昱凱基94購04  ,0,0,0,0,0,0,0,0,0,50000,0,0,0,54000,4000,50000,50000
047165,東陽康和93購01  ,0,0,0,0,0,0,0,0,0,50000,0,0,0,80000,30000,50000,50000
04716P,中石化凱基94售01,0,0,0,0,0,0,0,0,0,50000,0,0,0,50000,0,50000,50000
050037,金融類元大94購03,0,0,0,0,0,0,0,0,0,50000,0,0,0,50000,0,50000,50000
050040,鴻海中信94購04  ,0,0,0,0,0,0,0,0,0,50000,0,0,0,50000,0,50000,50000
05243P,鴻海元大95售19  ,0,0,0,0,0,0,0,0,0,50000,0,0,0,350000,300000,50000,50000
052598,滬深2X元大96購05,0,0,0,0,0,0,0,0,0,50000,0,0,0,50000,0,50000,50000
052270,力成日盛95購01  ,0,0,0,0,0,0,0,0,0,50000,0,0,0,50000,0,50000,50000
052213,富邦金元大95購01,0,0,0,0,0,0,0,0,0,50000,0,0,0,50000,0,50000,50000
052395,上証2X凱基97購01,0,0,0,0,0,0,0,0,0,50000,0,0,0,50000,0,50000,50000
052381,臺股指元大95購22,0,0,0,0,0,0,0,0,0,50000,0,0,0,50000,0,50000,50000
052797,樺漢兆豐96購01  ,0,0,0,0,0,0,0,0,0,50000,0,0,0,80000,30000,50000,50000
052763,晶技群益97購01  ,0,0,0,0,0,0,0,0,0,50000,0,0,0,108000,58000,50000,50000
052938,華新科兆豐96購01,0,0,0,0,0,0,0,0,0,50000,0,0,0,50000,0,50000,50000
052928,美律元大98購01  ,0,0,0,0,0,0,0,0,0,50000,0,0,0,404000,354000,50000,50000
053081,上銀元大97購02  ,0,0,0,0,0,0,0,0,0,50000,0,0,0,65000,15000,50000,50000
051446,中壽元大96購01  ,0,0,0,0,0,0,0,0,0,50000,0,0,0,50000,0,50000,50000
051464,彩晶國泰96購01  ,0,0,0,0,0,0,0,0,0,50000,0,0,0,110000,60000,50000,50000
05176P,台積電凱基95售11,0,0,0,0,0,0,0,0,0,50000,0,0,0,50000,0,50000,50000
051879,健策台新96購01  ,0,0,0,0,0,0,0,0,0,50000,0,0,0,50000,0,50000,50000
051862,旺宏凱基95購05  ,0,0,0,0,0,0,0,0,0,50000,0,0,0,147000,97000,50000,50000
050536,亞泥凱基95購01  ,0,0,0,0,0,0,0,0,0,50000,0,0,0,60000,10000,50000,50000
050659,宏達電元大96購01,0,0,0,0,0,0,0,0,0,50000,0,0,0,90000,40000,50000,50000
05114P,臺股指元富95售02,0,0,0,0,0,0,0,0,0,50000,0,0,0,50000,0,50000,50000
051159,力山元大96購01  ,0,0,0,0,0,0,0,0,0,50000,0,0,0,190000,140000,50000,50000
051120,南亞科群益95購01,0,0,0,0,0,0,0,0,0,50000,0,0,0,103000,53000,50000,50000
08991P,玉晶光元大01售06,0,0,0,0,0,0,0,0,0,50000,0,0,0,50000,0,50000,50000
08582P,臺股指元大9C售30,0,0,0,0,0,0,0,0,0,50000,0,0,0,50000,0,50000,50000
06014P,聯發科富邦97售02,0,0,0,0,0,0,0,0,0,50000,0,0,0,989000,939000,50000,50000
054949,奇力新元大98購01,0,0,0,0,0,0,0,0,0,49000,0,0,0,234000,185000,49000,49000
054224,亞光統一98購01  ,0,0,0,0,0,0,0,0,0,49000,0,0,0,69000,20000,49000,49000
044960,京元電兆豐93購01,0,0,0,0,0,0,0,0,0,49000,0,0,0,99000,50000,49000,49000
04672P,台積電統一94售09,0,0,0,0,0,0,0,0,0,49000,0,0,0,250000,201000,49000,49000
050354,瀚宇博群益94購02,0,0,0,0,0,0,0,0,0,49000,0,0,0,49000,0,49000,49000
048026,瑞昱凱基94購01  ,0,0,0,0,0,0,0,0,0,49000,0,0,0,78000,29000,49000,49000
047777,寶成元大93購01  ,0,0,0,0,0,0,0,0,0,49000,0,0,0,50000,1000,49000,49000
051238,中環元大96購01  ,0,0,0,0,0,0,0,0,0,49000,0,0,0,49000,0,49000,49000
051807,瑞昱凱基95購03  ,0,0,0,0,0,0,0,0,0,49000,0,0,0,63000,14000,49000,49000
053173,矽格群益97購01  ,0,0,0,0,0,0,0,0,0,49000,0,0,0,101000,52000,49000,49000
052167,亞泥元大96購01  ,0,0,0,0,0,0,0,0,0,49000,0,0,0,88000,39000,49000,49000
055999,電子類富邦99購01,0,0,0,0,0,0,0,0,0,49000,0,0,0,49000,0,49000,49000
3702A,大聯大甲特      ,0,1000,-1000,0,0,0,0,0,0,50000,0,0,0,50000,0,50000,49000
3004,豐達科          ,102000,53000,49000,0,0,0,0,0,0,0,0,0,0,0,0,0,49000
054199,大立光永昌96購07,0,0,0,0,0,0,0,0,0,48000,0,0,0,48000,0,48000,48000
054271,中石化中信99購01,0,0,0,0,0,0,0,0,0,48000,0,0,0,48000,0,48000,48000
054274,智易中信96購02  ,0,0,0,0,0,0,0,0,0,48000,0,0,0,48000,0,48000,48000
054003,鴻海統一96購13  ,0,0,0,0,0,0,0,0,0,48000,0,0,0,48000,0,48000,48000
054522,康友元大96購07  ,0,0,0,0,0,0,0,0,0,48000,0,0,0,54000,6000,48000,48000
054636,華通中信97購01  ,0,0,0,0,0,0,0,0,0,48000,0,0,0,48000,0,48000,48000
054388,漢唐統一97購02  ,0,0,0,0,0,0,0,0,0,48000,0,0,0,48000,0,48000,48000
053434,國泰金日盛96購01,0,0,0,0,0,0,0,0,0,48000,0,0,0,48000,0,48000,48000
053396,漢唐中信9A購01  ,0,0,0,0,0,0,0,0,0,48000,0,0,0,48000,0,48000,48000
053397,國泰金中信96購01,0,0,0,0,0,0,0,0,0,48000,0,0,0,48000,0,48000,48000
053527,創意中信97購01  ,0,0,0,0,0,0,0,0,0,48000,0,0,0,48000,0,48000,48000
053733,華邦電中信98購01,0,0,0,0,0,0,0,0,0,48000,0,0,0,48000,0,48000,48000
054885,建準統一98購01  ,0,0,0,0,0,0,0,0,0,48000,0,0,0,48000,0,48000,48000
054889,京鼎統一99購01  ,0,0,0,0,0,0,0,0,0,48000,0,0,0,48000,0,48000,48000
054769,創意國票98購01  ,0,0,0,0,0,0,0,0,0,48000,0,0,0,458000,410000,48000,48000
054729,聯發科日盛97購02,0,0,0,0,0,0,0,0,0,48000,0,0,0,48000,0,48000,48000
054702,智邦第一97購01  ,0,0,0,0,0,0,0,0,0,48000,0,0,0,48000,0,48000,48000
055177,宏達電統一99購01,0,0,0,0,0,0,0,0,0,48000,0,0,0,48000,0,48000,48000
055178,晶豪科統一97購01,0,0,0,0,0,0,0,0,0,48000,0,0,0,48000,0,48000,48000
055243,國巨統一97購04  ,0,0,0,0,0,0,0,0,0,48000,0,0,0,48000,0,48000,48000
055580,南茂統一97購01  ,0,0,0,0,0,0,0,0,0,48000,0,0,0,48000,0,48000,48000
045630,技嘉凱基93購02  ,0,0,0,0,0,0,0,0,0,48000,0,0,0,48000,0,48000,48000
042137,元油2X元大93購01,0,0,0,0,0,0,0,0,0,48000,0,0,0,48000,0,48000,48000
047776,志超元大93購01  ,0,0,0,0,0,0,0,0,0,48000,0,0,0,48000,0,48000,48000
048679,大成鋼富邦93購01,0,0,0,0,0,0,0,0,0,48000,0,0,0,108000,60000,48000,48000
047734,欣興兆豐94購02  ,0,0,0,0,0,0,0,0,0,48000,0,0,0,48000,0,48000,48000
048725,京元電日盛94購01,0,0,0,0,0,0,0,0,0,48000,0,0,0,48000,0,48000,48000
049506,可成日盛94購02  ,0,0,0,0,0,0,0,0,0,48000,0,0,0,48000,0,48000,48000
049729,日月光中信94購01,0,0,0,0,0,0,0,0,0,48000,0,0,0,48000,0,48000,48000
049892,國巨富邦96購01  ,0,0,0,0,0,0,0,0,0,48000,0,0,0,49000,1000,48000,48000
047600,富邦金中信93購01,0,0,0,0,0,0,0,0,0,48000,0,0,0,48000,0,48000,48000
049779,創意統一95購01  ,0,0,0,0,0,0,0,0,0,48000,0,0,0,48000,0,48000,48000
048212,美利達日盛93購01,0,0,0,0,0,0,0,0,0,48000,0,0,0,48000,0,48000,48000
048076,亞光第一94購01  ,0,0,0,0,0,0,0,0,0,48000,0,0,0,48000,0,48000,48000
052199,鴻海統一95購11  ,0,0,0,0,0,0,0,0,0,48000,0,0,0,48000,0,48000,48000
052315,廣宇元大95購02  ,0,0,0,0,0,0,0,0,0,48000,0,0,0,48000,0,48000,48000
052507,日月光日盛95購02,0,0,0,0,0,0,0,0,0,48000,0,0,0,48000,0,48000,48000
052563,京元電日盛96購01,0,0,0,0,0,0,0,0,0,48000,0,0,0,48000,0,48000,48000
053164,台光電群益96購02,0,0,0,0,0,0,0,0,0,48000,0,0,0,160000,112000,48000,48000
053203,智易日盛96購01  ,0,0,0,0,0,0,0,0,0,48000,0,0,0,48000,0,48000,48000
053118,大立光中信9C購01,0,0,0,0,0,0,0,0,0,48000,0,0,0,58000,10000,48000,48000
053059,聯發科永昌99購01,0,0,0,0,0,0,0,0,0,48000,0,0,0,48000,0,48000,48000
053046,智易中信96購01  ,0,0,0,0,0,0,0,0,0,48000,0,0,0,48000,0,48000,48000
052887,華通中信96購01  ,0,0,0,0,0,0,0,0,0,48000,0,0,0,48000,0,48000,48000
052859,國巨凱基96購07  ,0,0,0,0,0,0,0,0,0,48000,0,0,0,50000,2000,48000,48000
051731,聯電國票96購02  ,0,0,0,0,0,0,0,0,0,48000,0,0,0,48000,0,48000,48000
052022,南電永豐95購03  ,0,0,0,0,0,0,0,0,0,48000,0,0,0,48000,0,48000,48000
051680,國泰金第一95購01,0,0,0,0,0,0,0,0,0,48000,0,0,0,48000,0,48000,48000
051689,智易凱基95購02  ,0,0,0,0,0,0,0,0,0,48000,0,0,0,48000,0,48000,48000
051261,鴻海永昌96購05  ,0,0,0,0,0,0,0,0,0,48000,0,0,0,48000,0,48000,48000
051052,台積電群益95購01,0,0,0,0,0,0,0,0,0,48000,0,0,0,110000,62000,48000,48000
050895,聯發科元大97購01,0,0,0,0,0,0,0,0,0,48000,0,0,0,208000,160000,48000,48000
2468,華經            ,17000,2000,15000,0,0,0,0,0,0,33000,33000,0,33000,0,0,0,48000
9919,康那香          ,50000,2000,48000,0,0,0,0,0,0,0,0,0,0,0,0,0,48000
05725P,嘉聯益永豐96售02,0,0,0,0,0,0,0,0,0,48000,0,0,0,48000,0,48000,48000
06047P,聯發科富邦99售04,0,0,0,0,0,0,0,0,0,48000,0,0,0,48000,0,48000,48000
055412,旺宏富邦99購01  ,0,0,0,0,0,0,0,0,0,47000,0,0,0,108000,61000,47000,47000
055428,友達群益9C購01  ,0,0,0,0,0,0,0,0,0,47000,0,0,0,110000,63000,47000,47000
055205,京鼎中信99購01  ,0,0,0,0,0,0,0,0,0,47000,0,0,0,87000,40000,47000,47000
053881,南亞科中信97購01,0,0,0,0,0,0,0,0,0,47000,0,0,0,48000,1000,47000,47000
05413P,台郡國票96售02  ,0,0,0,0,0,0,0,0,0,47000,0,0,0,47000,0,47000,47000
046937,聯電元大99購01  ,0,0,0,0,0,0,0,0,0,47000,0,0,0,86000,39000,47000,47000
050455,貿聯元大94購02  ,0,0,0,0,0,0,0,0,0,47000,0,0,0,62000,15000,47000,47000
050472,和大永豐94購01  ,0,0,0,0,0,0,0,0,0,47000,0,0,0,47000,0,47000,47000
047289,啟碁統一97購01  ,0,0,0,0,0,0,0,0,0,47000,0,0,0,134000,87000,47000,47000
051661,華新科永昌96購01,0,0,0,0,0,0,0,0,0,47000,0,0,0,48000,1000,47000,47000
052004,泰碩國泰97購03  ,0,0,0,0,0,0,0,0,0,47000,0,0,0,127000,80000,47000,47000
051849,旺宏中信98購01  ,0,0,0,0,0,0,0,0,0,47000,0,0,0,62000,15000,47000,47000
052609,智易元大97購01  ,0,0,0,0,0,0,0,0,0,47000,0,0,0,47000,0,47000,47000
052688,新日興元大96購01,0,0,0,0,0,0,0,0,0,47000,0,0,0,90000,43000,47000,47000
06048P,大立光富邦96售05,0,0,0,0,0,0,0,0,0,47000,0,0,0,59000,12000,47000,47000
06300P,緯穎元大97售04  ,0,0,0,0,0,0,0,0,0,47000,0,0,0,66000,19000,47000,47000
05409P,京元電元富95售05,0,0,0,0,0,0,0,0,0,46000,0,0,0,46000,0,46000,46000
05453P,智邦群益95售03  ,0,0,0,0,0,0,0,0,0,46000,0,0,0,51000,5000,46000,46000
053701,台積電兆豐96購05,0,0,0,0,0,0,0,0,0,46000,0,0,0,52000,6000,46000,46000
055516,上銀中信97購01  ,0,0,0,0,0,0,0,0,0,46000,0,0,0,94000,48000,46000,46000
045685,康控元大95購01  ,0,0,0,0,0,0,0,0,0,46000,0,0,0,76000,30000,46000,46000
04033P,啟碁凱基93售04  ,0,0,0,0,0,0,0,0,0,46000,0,0,0,56000,10000,46000,46000
046530,聯發科兆豐92購02,0,0,0,0,0,0,0,0,0,46000,0,0,0,70000,24000,46000,46000
045363,台達電兆豐92購01,0,0,0,0,0,0,0,0,0,46000,0,0,0,46000,0,46000,46000
049157,矽創元大95購01  ,0,0,0,0,0,0,0,0,0,46000,0,0,0,46000,0,46000,46000
04795P,聯發科元大94售09,0,0,0,0,0,0,0,0,0,46000,0,0,0,46000,0,46000,46000
048244,廣宇兆豐93購01  ,0,0,0,0,0,0,0,0,0,46000,0,0,0,46000,0,46000,46000
047246,華新科群益93購01,0,0,0,0,0,0,0,0,0,46000,0,0,0,66000,20000,46000,46000
052434,茂林國泰97購01  ,0,0,0,0,0,0,0,0,0,46000,0,0,0,150000,104000,46000,46000
052221,東元凱基95購01  ,0,0,0,0,0,0,0,0,0,46000,0,0,0,47000,1000,46000,46000
052893,聯電群益98購01  ,0,0,0,0,0,0,0,0,0,46000,0,0,0,98000,52000,46000,46000
050911,光磊中信98購01  ,0,0,0,0,0,0,0,0,0,46000,0,0,0,100000,54000,46000,46000
05066P,康控元大95售03  ,0,0,0,0,0,0,0,0,0,46000,0,0,0,46000,0,46000,46000
05619P,創意元富96售02  ,0,0,0,0,0,0,0,0,0,46000,0,0,0,66000,20000,46000,46000
055102,上銀凱基98購01  ,0,0,0,0,0,0,0,0,0,45000,0,0,0,64000,19000,45000,45000
054708,華通統一97購02  ,0,0,0,0,0,0,0,0,0,45000,0,0,0,55000,10000,45000,45000
054895,南電統一97購01  ,0,0,0,0,0,0,0,0,0,45000,0,0,0,48000,3000,45000,45000
054517,高鐵元大96購01  ,0,0,0,0,0,0,0,0,0,45000,0,0,0,115000,70000,45000,45000
054610,聯發科永豐97購01,0,0,0,0,0,0,0,0,0,45000,0,0,0,46000,1000,45000,45000
05436P,台積電群益95售07,0,0,0,0,0,0,0,0,0,45000,0,0,0,55000,10000,45000,45000
054080,微星中信98購01  ,0,0,0,0,0,0,0,0,0,45000,0,0,0,87000,42000,45000,45000
054291,高鐵元大97購01  ,0,0,0,0,0,0,0,0,0,45000,0,0,0,50000,5000,45000,45000
054214,京鼎國票97購02  ,0,0,0,0,0,0,0,0,0,45000,0,0,0,45000,0,45000,45000
046301,亞泥元大92購02  ,0,0,0,0,0,0,0,0,0,45000,0,0,0,60000,15000,45000,45000
044270,群創中信95購02  ,0,0,0,0,0,0,0,0,0,45000,0,0,0,65000,20000,45000,45000
04160P,儒鴻中信93售01  ,0,0,0,0,0,0,0,0,0,45000,0,0,0,45000,0,45000,45000
04358P,TPK永豐94售01   ,0,0,0,0,0,0,0,0,0,45000,0,0,0,88000,43000,45000,45000
04333P,儒鴻凱基93售06  ,0,0,0,0,0,0,0,0,0,45000,0,0,0,46000,1000,45000,45000
043775,友達兆豐92購01  ,0,0,0,0,0,0,0,0,0,45000,0,0,0,296000,251000,45000,45000
03366P,TPK元大02售03   ,0,0,0,0,0,0,0,0,0,45000,0,0,0,50000,5000,45000,45000
044117,創意兆豐92購01  ,0,0,0,0,0,0,0,0,0,45000,0,0,0,45000,0,45000,45000
03781P,智邦凱基93售03  ,0,0,0,0,0,0,0,0,0,45000,0,0,0,45000,0,45000,45000
00743,國泰中國A150    ,0,0,0,0,0,0,0,0,0,45000,0,0,0,53000,8000,45000,45000
048856,高鐵群益94購01  ,0,0,0,0,0,0,0,0,0,45000,0,0,0,45000,0,45000,45000
049793,為升元大94購04  ,0,0,0,0,0,0,0,0,0,45000,0,0,0,45000,0,45000,45000
048930,慧洋永豐94購01  ,0,0,0,0,0,0,0,0,0,45000,0,0,0,45000,0,45000,45000
052611,力成元大96購02  ,0,0,0,0,0,0,0,0,0,45000,0,0,0,50000,5000,45000,45000
06203P,奇力新中信98售02,0,0,0,0,0,0,0,0,0,45000,0,0,0,45000,0,45000,45000
054084,旺宏統一97購05  ,0,0,0,0,0,0,0,0,0,44000,0,0,0,344000,300000,44000,44000
054535,旺宏富邦97購02  ,0,0,0,0,0,0,0,0,0,44000,0,0,0,122000,78000,44000,44000
05496P,聯詠統一95售04  ,0,0,0,0,0,0,0,0,0,44000,0,0,0,49000,5000,44000,44000
055518,華新科中信99購01,0,0,0,0,0,0,0,0,0,44000,0,0,0,92000,48000,44000,44000
047946,南亞科統一93購04,0,0,0,0,0,0,0,0,0,44000,0,0,0,90000,46000,44000,44000
049861,正崴兆豐94購01  ,0,0,0,0,0,0,0,0,0,44000,0,0,0,94000,50000,44000,44000
050516,華通元大95購05  ,0,0,0,0,0,0,0,0,0,44000,0,0,0,56000,12000,44000,44000
050314,晶技兆豐94購01  ,0,0,0,0,0,0,0,0,0,44000,0,0,0,94000,50000,44000,44000
052798,滬深2X元大96購07,0,0,0,0,0,0,0,0,0,44000,0,0,0,44000,0,44000,44000
053115,滬深2X中信97購01,0,0,0,0,0,0,0,0,0,44000,0,0,0,50000,6000,44000,44000
051976,淘帝凱基95購01  ,0,0,0,0,0,0,0,0,0,44000,0,0,0,44000,0,44000,44000
05921P,同欣電元大96售06,0,0,0,0,0,0,0,0,0,44000,0,0,0,178000,134000,44000,44000
6531,愛普            ,501000,492000,9000,0,0,0,0,0,0,35000,95000,60000,35000,0,0,0,44000
055762,智伸科群益97購01,0,0,0,0,0,0,0,0,0,43000,0,0,0,43000,0,43000,43000
05567P,致伸群益96售01  ,0,0,0,0,0,0,0,0,0,43000,0,0,0,43000,0,43000,43000
054851,樺漢兆豐97購01  ,0,0,0,0,0,0,0,0,0,43000,0,0,0,48000,5000,43000,43000
055203,建準中信97購01  ,0,0,0,0,0,0,0,0,0,43000,0,0,0,73000,30000,43000,43000
053569,漢唐統一98購01  ,0,0,0,0,0,0,0,0,0,43000,0,0,0,43000,0,43000,43000
00866,新光Shiller CAPE,0,0,0,0,0,0,0,0,0,43000,0,0,0,69000,26000,43000,43000
03769P,聯發科元大93售04,0,0,0,0,0,0,0,0,0,43000,0,0,0,1334000,1291000,43000,43000
045311,GIS元大94購01   ,0,0,0,0,0,0,0,0,0,43000,0,0,0,43000,0,43000,43000
05032P,台積電國泰96售05,0,0,0,0,0,0,0,0,0,43000,0,0,0,46000,3000,43000,43000
048875,晶相光國票94購01,0,0,0,0,0,0,0,0,0,43000,0,0,0,58000,15000,43000,43000
047574,和大群益93購03  ,0,0,0,0,0,0,0,0,0,43000,0,0,0,49000,6000,43000,43000
04755P,大立光元富94售07,0,0,0,0,0,0,0,0,0,43000,0,0,0,43000,0,43000,43000
04919P,聯詠凱基94售05  ,0,0,0,0,0,0,0,0,0,43000,0,0,0,43000,0,43000,43000
051913,緯創元大96購01  ,0,0,0,0,0,0,0,0,0,43000,0,0,0,49000,6000,43000,43000
051458,臺股指元大95購18,0,0,0,0,0,0,0,0,0,43000,0,0,0,45000,2000,43000,43000
051498,智易群益96購01  ,0,0,0,0,0,0,0,0,0,43000,0,0,0,43000,0,43000,43000
050697,冠德凱基96購01  ,0,0,0,0,0,0,0,0,0,43000,0,0,0,83000,40000,43000,43000
05899P,臺股指凱基96售30,0,0,0,0,0,0,0,0,0,43000,0,0,0,70000,27000,43000,43000
053570,京元電統一96購01,0,0,0,0,0,0,0,0,0,42000,0,0,0,48000,6000,42000,42000
053895,智易群益96購02  ,0,0,0,0,0,0,0,0,0,42000,0,0,0,42000,0,42000,42000
05570P,聯發科統一96售04,0,0,0,0,0,0,0,0,0,42000,0,0,0,44000,2000,42000,42000
045015,玉晶光元大94購01,0,0,0,0,0,0,0,0,0,42000,0,0,0,96000,54000,42000,42000
044104,鴻海中信95購03  ,0,0,0,0,0,0,0,0,0,42000,0,0,0,42000,0,42000,42000
046859,智伸科元大93購03,0,0,0,0,0,0,0,0,0,42000,0,0,0,42000,0,42000,42000
048726,儒鴻麥證95購01  ,0,0,0,43000,1000,42000,0,0,0,42000,0,0,0,43000,1000,42000,42000
04738P,揚明光永豐94售03,0,0,0,0,0,0,0,0,0,42000,0,0,0,80000,38000,42000,42000
050065,冠德凱基94購01  ,0,0,0,0,0,0,0,0,0,42000,0,0,0,92000,50000,42000,42000
050785,全新國泰96購01  ,0,0,0,0,0,0,0,0,0,42000,0,0,0,70000,28000,42000,42000
049952,強茂群益94購01  ,0,0,0,0,0,0,0,0,0,42000,0,0,0,42000,0,42000,42000
048114,景碩群益93購02  ,0,0,0,0,0,0,0,0,0,42000,0,0,0,75000,33000,42000,42000
051696,新日興中信96購01,0,0,0,0,0,0,0,0,0,42000,0,0,0,117000,75000,42000,42000
052965,廣宇群益97購01  ,0,0,0,0,0,0,0,0,0,42000,0,0,0,43000,1000,42000,42000
052593,台積電群益96購02,0,0,0,0,0,0,0,0,0,42000,0,0,0,184000,142000,42000,42000
08570P,台灣50凱基96售03,0,0,0,0,0,0,0,0,0,42000,0,0,0,42000,0,42000,42000
08488P,臺股指群益9C售19,0,0,0,0,0,0,0,0,0,42000,0,0,0,42000,0,42000,42000
3504,揚明光          ,176000,119000,57000,0,0,0,0,0,0,-15000,0,0,0,2000,17000,-15000,42000
4976,佳凌            ,72000,30000,42000,0,0,0,0,0,0,0,0,0,0,0,0,0,42000
055536,嘉聯益群益99購02,0,0,0,0,0,0,0,0,0,41000,0,0,0,41000,0,41000,41000
05553P,智原群益96售01  ,0,0,0,0,0,0,0,0,0,41000,0,0,0,92000,51000,41000,41000
054473,鴻海中信96購02  ,0,0,0,0,0,0,0,0,0,41000,0,0,0,41000,0,41000,41000
03365P,元油2X富邦98售01,0,0,0,0,0,0,0,0,0,41000,0,0,0,41000,0,41000,41000
050112,高鐵元大94購02  ,0,0,0,0,0,0,0,0,0,41000,0,0,0,49000,8000,41000,41000
047511,義隆國票93購02  ,0,0,0,0,0,0,0,0,0,41000,0,0,0,61000,20000,41000,41000
052622,貿聯兆豐97購01  ,0,0,0,0,0,0,0,0,0,41000,0,0,0,51000,10000,41000,41000
051707,欣興群益95購02  ,0,0,0,0,0,0,0,0,0,41000,0,0,0,63000,22000,41000,41000
050906,臺股指元大95購13,0,0,0,0,0,0,0,0,0,41000,0,0,0,41000,0,41000,41000
050949,亞光群益96購01  ,0,0,0,0,0,0,0,0,0,41000,0,0,0,51000,10000,41000,41000
051170,南電元大95購03  ,0,0,0,0,0,0,0,0,0,41000,0,0,0,41000,0,41000,41000
2850,新產            ,148000,107000,41000,0,0,0,0,0,0,0,0,0,0,0,0,0,41000
055952,上銀元大97購08  ,0,0,0,0,0,0,0,0,0,41000,0,0,0,149000,108000,41000,41000
054440,TPK台新98購01   ,0,0,0,0,0,0,0,0,0,40000,0,0,0,63000,23000,40000,40000
054585,禾伸堂國泰99購01,0,0,0,0,0,0,0,0,0,40000,0,0,0,110000,70000,40000,40000
054152,漢唐國泰98購02  ,0,0,0,0,0,0,0,0,0,40000,0,0,0,68000,28000,40000,40000
054289,聯發科元大97購11,0,0,0,0,0,0,0,0,0,40000,0,0,0,55000,15000,40000,40000
053845,和大元富96購01  ,0,0,0,0,0,0,0,0,0,40000,0,0,0,40000,0,40000,40000
05374P,台積電國票96售07,0,0,0,0,0,0,0,0,0,40000,0,0,0,40000,0,40000,40000
053490,為升兆豐97購01  ,0,0,0,0,0,0,0,0,0,40000,0,0,0,75000,35000,40000,40000
055313,南電群益97購01  ,0,0,0,0,0,0,0,0,0,40000,0,0,0,99000,59000,40000,40000
05522P,友達元富96售02  ,0,0,0,0,0,0,0,0,0,40000,0,0,0,50000,10000,40000,40000
055098,臺股指群益97購01,0,0,0,0,0,0,0,0,0,40000,0,0,0,60000,20000,40000,40000
054871,明泰群益98購01  ,0,0,0,0,0,0,0,0,0,40000,0,0,0,40000,0,40000,40000
054741,亞光凱基99購01  ,0,0,0,0,0,0,0,0,0,40000,0,0,0,50000,10000,40000,40000
044109,宏達電國票92購02,0,0,0,0,0,0,0,0,0,40000,0,0,0,40000,0,40000,40000
043913,富邦金凱基92購01,0,0,0,0,0,0,0,0,0,40000,0,0,0,40000,0,40000,40000
03786P,鴻海群益94售02  ,0,0,0,0,0,0,0,0,0,40000,0,0,0,40000,0,40000,40000
03645C,臺股指凱基96牛27,0,0,0,0,0,0,0,0,0,40000,0,0,0,60000,20000,40000,40000
03021P,玉晶光群益02售25,0,0,0,0,0,0,0,0,0,40000,0,0,0,50000,10000,40000,40000
045734,全新國票93購01  ,0,0,0,0,0,0,0,0,0,40000,0,0,0,50000,10000,40000,40000
046915,禾伸堂台新93購01,0,0,0,0,0,0,0,0,0,40000,0,0,0,40000,0,40000,40000
046349,康控兆豐93購02  ,0,0,0,0,0,0,0,0,0,40000,0,0,0,40000,0,40000,40000
046764,亞光凱基93購03  ,0,0,0,0,0,0,0,0,0,40000,0,0,0,40000,0,40000,40000
045703,技嘉日盛92購01  ,0,0,0,0,0,0,0,0,0,40000,0,0,0,40000,0,40000,40000
045631,台光電凱基93購06,0,0,0,0,0,0,0,0,0,40000,0,0,0,40000,0,40000,40000
04342P,揚明光永豐93售03,0,0,0,0,0,0,0,0,0,40000,0,0,0,40000,0,40000,40000
04362P,聯詠統一94售01  ,0,0,0,0,0,0,0,0,0,40000,0,0,0,40000,0,40000,40000
045592,台郡元大92購04  ,0,0,0,0,0,0,0,0,0,40000,0,0,0,40000,0,40000,40000
049143,智邦元大94購02  ,0,0,0,0,0,0,0,0,0,40000,0,0,0,40000,0,40000,40000
049373,大立光元大94購11,0,0,0,0,0,0,0,0,0,40000,0,0,0,40000,0,40000,40000
046730,瀚宇博元大93購02,0,0,0,0,0,0,0,0,0,40000,0,0,0,40000,0,40000,40000
04646P,TPK凱基94售03   ,0,0,0,0,0,0,0,0,0,40000,0,0,0,50000,10000,40000,40000
047505,元金2X國票9B購01,0,0,0,0,0,0,0,0,0,40000,0,0,0,50000,10000,40000,40000
047584,元金2X永豐95購01,0,0,0,0,0,0,0,0,0,40000,0,0,0,40000,0,40000,40000
049873,華新科台新94購02,0,0,0,0,0,0,0,0,0,40000,0,0,0,94000,54000,40000,40000
048837,牧德凱基94購04  ,0,0,0,0,0,0,0,0,0,40000,0,0,0,40000,0,40000,40000
048804,和碩富邦94購01  ,0,0,0,0,0,0,0,0,0,40000,0,0,0,40000,0,40000,40000
048805,瀚宇博富邦95購01,0,0,0,0,0,0,0,0,0,40000,0,0,0,80000,40000,40000,40000
047279,日月光永豐93購01,0,0,0,0,0,0,0,0,0,40000,0,0,0,40000,0,40000,40000
048907,高鐵富邦94購01  ,0,0,0,0,0,0,0,0,0,40000,0,0,0,40000,0,40000,40000
049333,深中小統一94購03,0,0,0,0,0,0,0,0,0,40000,0,0,0,40000,0,40000,40000
049763,美食國泰96購01  ,0,0,0,0,0,0,0,0,0,40000,0,0,0,50000,10000,40000,40000
048771,嘉澤凱基94購01  ,0,0,0,0,0,0,0,0,0,40000,0,0,0,40000,0,40000,40000
050113,欣興元大95購05  ,0,0,0,0,0,0,0,0,0,40000,0,0,0,80000,40000,40000,40000
047234,晶技凱基93購01  ,0,0,0,0,0,0,0,0,0,40000,0,0,0,60000,20000,40000,40000
050238,瑞昱凱基94購05  ,0,0,0,0,0,0,0,0,0,40000,0,0,0,78000,38000,40000,40000
050512,台泥元大94購01  ,0,0,0,0,0,0,0,0,0,40000,0,0,0,115000,75000,40000,40000
050429,漢唐凱基94購04  ,0,0,0,0,0,0,0,0,0,40000,0,0,0,40000,0,40000,40000
048129,力成元大93購02  ,0,0,0,0,0,0,0,0,0,40000,0,0,0,40000,0,40000,40000
048155,瑞昱兆豐93購01  ,0,0,0,0,0,0,0,0,0,40000,0,0,0,40000,0,40000,40000
048579,華新富邦93購01  ,0,0,0,0,0,0,0,0,0,40000,0,0,0,40000,0,40000,40000
048334,A50正2元大96購01,0,0,0,0,0,0,0,0,0,40000,0,0,0,70000,30000,40000,40000
051076,緯創國泰96購01  ,0,0,0,0,0,0,0,0,0,40000,0,0,0,75000,35000,40000,40000
051229,亞光群益95購01  ,0,0,0,0,0,0,0,0,0,40000,0,0,0,50000,10000,40000,40000
050754,元金2X元富9B購01,0,0,0,0,0,0,0,0,0,40000,0,0,0,117000,77000,40000,40000
051378,奇力新群益95購01,0,0,0,0,0,0,0,0,0,40000,0,0,0,43000,3000,40000,40000
052668,聯發科群益97購01,0,0,0,0,0,0,0,0,0,40000,0,0,0,60000,20000,40000,40000
05253P,智邦凱基95售08  ,0,0,0,0,0,0,0,0,0,40000,0,0,0,70000,30000,40000,40000
052573,智伸科凱基97購01,0,0,0,0,0,0,0,0,0,40000,0,0,0,40000,0,40000,40000
052226,旺宏凱基95購06  ,0,0,0,0,0,0,0,0,0,40000,0,0,0,42000,2000,40000,40000
052837,友達國泰97購01  ,0,0,0,0,0,0,0,0,0,40000,0,0,0,40000,0,40000,40000
056192,智邦富邦98購01  ,0,0,0,0,0,0,0,0,0,40000,0,0,0,40000,0,40000,40000
05889P,群創元大98售02  ,0,0,0,0,0,0,0,0,0,40000,0,0,0,147000,107000,40000,40000
05883P,致伸永豐96售03  ,0,0,0,0,0,0,0,0,0,40000,0,0,0,40000,0,40000,40000
05965P,健策凱基96售05  ,0,0,0,0,0,0,0,0,0,40000,0,0,0,40000,0,40000,40000
06030P,友達兆豐96售02  ,0,0,0,0,0,0,0,0,0,40000,0,0,0,150000,110000,40000,40000
2511,太子            ,199000,155000,44000,0,0,0,0,0,0,-4000,0,4000,-4000,0,0,0,40000
05539P,鎧勝永豐96售01  ,0,0,0,0,0,0,0,0,0,39000,0,0,0,139000,100000,39000,39000
049154,玉晶光元大95購02,0,0,0,0,0,0,0,0,0,39000,0,0,0,90000,51000,39000,39000
046833,晶技群益93購01  ,0,0,0,0,0,0,0,0,0,39000,0,0,0,100000,61000,39000,39000
05025P,聯發科群益95售02,0,0,0,0,0,0,0,0,0,39000,0,0,0,80000,41000,39000,39000
050093,國巨永豐94購05  ,0,0,0,0,0,0,0,0,0,39000,0,0,0,244000,205000,39000,39000
052886,世紀鋼兆豐96購01,0,0,0,0,0,0,0,0,0,39000,0,0,0,94000,55000,39000,39000
053030,南亞科第一96購01,0,0,0,0,0,0,0,0,0,39000,0,0,0,39000,0,39000,39000
053023,泰鼎國泰97購01  ,0,0,0,0,0,0,0,0,0,39000,0,0,0,43000,4000,39000,39000
05144P,美律永豐95售02  ,0,0,0,0,0,0,0,0,0,39000,0,0,0,136000,97000,39000,39000
050846,緯創國票96購01  ,0,0,0,0,0,0,0,0,0,39000,0,0,0,99000,60000,39000,39000
051269,康友富邦97購01  ,0,0,0,0,0,0,0,0,0,39000,0,0,0,43000,4000,39000,39000
051157,華新科富邦98購01,0,0,0,0,0,0,0,0,0,39000,0,0,0,84000,45000,39000,39000
06163P,聯詠群益97售01  ,0,0,0,0,0,0,0,0,0,39000,0,0,0,50000,11000,39000,39000
06139P,台積電中信99售02,0,0,0,0,0,0,0,0,0,39000,0,0,0,40000,1000,39000,39000
05645P,聯發科凱基96售13,0,0,0,0,0,0,0,0,0,39000,0,0,0,39000,0,39000,39000
055540,京鼎台新97購01  ,0,0,0,0,0,0,0,0,0,38000,0,0,0,38000,0,38000,38000
055104,台達電凱基98購01,0,0,0,0,0,0,0,0,0,38000,0,0,0,40000,2000,38000,38000
055127,台虹兆豐97購01  ,0,0,0,0,0,0,0,0,0,38000,0,0,0,38000,0,38000,38000
055237,晶豪科台新97購01,0,0,0,0,0,0,0,0,0,38000,0,0,0,48000,10000,38000,38000
053495,聯發科兆豐96購02,0,0,0,0,0,0,0,0,0,38000,0,0,0,48000,10000,38000,38000
053352,義隆兆豐96購01  ,0,0,0,0,0,0,0,0,0,38000,0,0,0,38000,0,38000,38000
053631,欣興兆豐97購01  ,0,0,0,0,0,0,0,0,0,38000,0,0,0,38000,0,38000,38000
053714,南亞科凱基96購03,0,0,0,0,0,0,0,0,0,38000,0,0,0,68000,30000,38000,38000
053689,台光電元大96購01,0,0,0,0,0,0,0,0,0,38000,0,0,0,58000,20000,38000,38000
053793,致伸兆豐96購01  ,0,0,0,0,0,0,0,0,0,38000,0,0,0,38000,0,38000,38000
053832,聯發科台新96購01,0,0,0,0,0,0,0,0,0,38000,0,0,0,38000,0,38000,38000
053885,全新兆豐96購01  ,0,0,0,0,0,0,0,0,0,38000,0,0,0,86000,48000,38000,38000
053886,亞光兆豐96購01  ,0,0,0,0,0,0,0,0,0,38000,0,0,0,38000,0,38000,38000
053976,亞光元大96購02  ,0,0,0,0,0,0,0,0,0,38000,0,0,0,97000,59000,38000,38000
054326,宏達電台新97購02,0,0,0,0,0,0,0,0,0,38000,0,0,0,38000,0,38000,38000
054174,宏達電台新97購01,0,0,0,0,0,0,0,0,0,38000,0,0,0,38000,0,38000,38000
054019,燿華台新96購01  ,0,0,0,0,0,0,0,0,0,38000,0,0,0,38000,0,38000,38000
054482,大成鋼台新96購01,0,0,0,0,0,0,0,0,0,38000,0,0,0,48000,10000,38000,38000
054447,國泰金兆豐96購01,0,0,0,0,0,0,0,0,0,38000,0,0,0,38000,0,38000,38000
046894,日月光群益93購01,0,0,0,0,0,0,0,0,0,38000,0,0,0,60000,22000,38000,38000
04152P,喬山永豐93售02  ,0,0,0,0,0,0,0,0,0,38000,0,0,0,50000,12000,38000,38000
049037,可成兆豐94購01  ,0,0,0,0,0,0,0,0,0,38000,0,0,0,38000,0,38000,38000
044848,華邦電統一94購01,0,0,0,0,0,0,0,0,0,38000,0,0,0,38000,0,38000,38000
050767,京元電元大96購01,0,0,0,0,0,0,0,0,0,38000,0,0,0,153000,115000,38000,38000
047267,瀚宇博台新93購01,0,0,0,0,0,0,0,0,0,38000,0,0,0,38000,0,38000,38000
050324,訊芯台新94購01  ,0,0,0,0,0,0,0,0,0,38000,0,0,0,38000,0,38000,38000
048309,寶齡凱基93購01  ,0,0,0,0,0,0,0,0,0,38000,0,0,0,40000,2000,38000,38000
049466,創意台新94購01  ,0,0,0,0,0,0,0,0,0,38000,0,0,0,38000,0,38000,38000
048160,GIS兆豐95購01   ,0,0,0,0,0,0,0,0,0,38000,0,0,0,38000,0,38000,38000
049867,日月光兆豐94購01,0,0,0,0,0,0,0,0,0,38000,0,0,0,38000,0,38000,38000
047679,中磊台新93購01  ,0,0,0,0,0,0,0,0,0,38000,0,0,0,38000,0,38000,38000
049789,世紀鋼兆豐94購01,0,0,0,0,0,0,0,0,0,38000,0,0,0,38000,0,38000,38000
049786,奇鋐兆豐94購01  ,0,0,0,0,0,0,0,0,0,38000,0,0,0,38000,0,38000,38000
051282,GIS兆豐95購02   ,0,0,0,0,0,0,0,0,0,38000,0,0,0,38000,0,38000,38000
050857,義隆台新95購01  ,0,0,0,0,0,0,0,0,0,38000,0,0,0,38000,0,38000,38000
050858,欣興台新95購01  ,0,0,0,0,0,0,0,0,0,38000,0,0,0,38000,0,38000,38000
051393,新光金兆豐96購01,0,0,0,0,0,0,0,0,0,38000,0,0,0,38000,0,38000,38000
051409,美律國票96購01  ,0,0,0,0,0,0,0,0,0,38000,0,0,0,98000,60000,38000,38000
051398,智原台新95購01  ,0,0,0,0,0,0,0,0,0,38000,0,0,0,38000,0,38000,38000
051715,和碩台新95購01  ,0,0,0,0,0,0,0,0,0,38000,0,0,0,38000,0,38000,38000
051779,大立光群益95購02,0,0,0,0,0,0,0,0,0,38000,0,0,0,38000,0,38000,38000
051930,國泰金兆豐97購01,0,0,0,0,0,0,0,0,0,38000,0,0,0,188000,150000,38000,38000
052045,瑞昱凱基96購01  ,0,0,0,0,0,0,0,0,0,38000,0,0,0,66000,28000,38000,38000
052992,冠德台新96購01  ,0,0,0,0,0,0,0,0,0,38000,0,0,0,38000,0,38000,38000
052835,滬深2X國泰98購01,0,0,0,0,0,0,0,0,0,38000,0,0,0,38000,0,38000,38000
053109,聯發科兆豐96購01,0,0,0,0,0,0,0,0,0,38000,0,0,0,41000,3000,38000,38000
053111,緯創兆豐97購01  ,0,0,0,0,0,0,0,0,0,38000,0,0,0,38000,0,38000,38000
053227,晶技台新96購01  ,0,0,0,0,0,0,0,0,0,38000,0,0,0,38000,0,38000,38000
053326,瀚宇博台新96購01,0,0,0,0,0,0,0,0,0,38000,0,0,0,38000,0,38000,38000
052242,台達電台新96購01,0,0,0,0,0,0,0,0,0,38000,0,0,0,38000,0,38000,38000
052106,明泰兆豐95購01  ,0,0,0,0,0,0,0,0,0,38000,0,0,0,38000,0,38000,38000
052059,臺股指凱基95購17,0,0,0,0,0,0,0,0,0,38000,0,0,0,38000,0,38000,38000
052089,聯發科元大96購02,0,0,0,0,0,0,0,0,0,38000,0,0,0,53000,15000,38000,38000
055989,矽力元富9A購01  ,0,0,0,0,0,0,0,0,0,38000,0,0,0,38000,0,38000,38000
05906P,國巨元富96售05  ,0,0,0,0,0,0,0,0,0,38000,0,0,0,57000,19000,38000,38000
06198P,台積電元大98售06,0,0,0,0,0,0,0,0,0,38000,0,0,0,291000,253000,38000,38000
053898,康友群益97購01  ,0,0,0,0,0,0,0,0,0,37000,0,0,0,37000,0,37000,37000
049046,同欣電兆豐94購01,0,0,0,0,0,0,0,0,0,37000,0,0,0,94000,57000,37000,37000
049159,同欣電中信96購01,0,0,0,0,0,0,0,0,0,37000,0,0,0,48000,11000,37000,37000
04256P,美律國票93售03  ,0,0,0,0,0,0,0,0,0,37000,0,0,0,37000,0,37000,37000
00674R,元大S&P黃金反1  ,0,0,0,0,0,0,0,0,0,37000,0,0,0,43000,6000,37000,37000
00659R,國泰日本反1     ,0,102000,-102000,0,0,0,0,0,0,139000,0,0,0,139000,0,139000,37000
049842,道瓊反中信98購01,0,0,0,0,0,0,0,0,0,37000,0,0,0,40000,3000,37000,37000
047715,欣興凱基93購02  ,0,0,0,0,0,0,0,0,0,37000,0,0,0,37000,0,37000,37000
048156,正崴兆豐93購01  ,0,0,0,0,0,0,0,0,0,37000,0,0,0,94000,57000,37000,37000
05233P,台郡台新95售02  ,0,0,0,0,0,0,0,0,0,37000,0,0,0,37000,0,37000,37000
052823,創意永豐96購02  ,0,0,0,0,0,0,0,0,0,37000,0,0,0,52000,15000,37000,37000
052983,國巨元大96購07  ,0,0,0,0,0,0,0,0,0,37000,0,0,0,41000,4000,37000,37000
05195P,南茂康和95售01  ,0,0,0,0,0,0,0,0,0,37000,0,0,0,37000,0,37000,37000
051365,瀚宇博國泰97購01,0,0,0,0,0,0,0,0,0,37000,0,0,0,47000,10000,37000,37000
051222,世紀鋼元富95購01,0,0,0,0,0,0,0,0,0,37000,0,0,0,52000,15000,37000,37000
05873P,華通群益97售02  ,0,0,0,0,0,0,0,0,0,37000,0,0,0,59000,22000,37000,37000
06022P,緯穎永豐96售03  ,0,0,0,0,0,0,0,0,0,37000,0,0,0,37000,0,37000,37000
3015,全漢            ,66000,29000,37000,0,0,0,0,0,0,0,0,0,0,0,0,0,37000
8101,華冠            ,210000,172000,38000,0,0,0,0,0,0,-1000,0,1000,-1000,0,0,0,37000
053884,緯穎第一96購01  ,0,0,0,0,0,0,0,0,0,36000,0,0,0,357000,321000,36000,36000
053818,富邦金群益98購01,5000,0,5000,0,0,0,0,0,0,31000,0,0,0,56000,25000,31000,36000
053783,聯發科元大96購17,0,0,0,0,0,0,0,0,0,36000,0,0,0,48000,12000,36000,36000
053557,聯茂凱基96購04  ,0,0,0,0,0,0,0,0,0,36000,0,0,0,68000,32000,36000,36000
054336,台積電統一96購11,0,0,0,0,0,0,0,0,0,36000,0,0,0,112000,76000,36000,36000
055153,台光電元大98購02,0,0,0,0,0,0,0,0,0,36000,0,0,0,36000,0,36000,36000
05509P,智邦元富96售02  ,0,0,0,0,0,0,0,0,0,36000,0,0,0,36000,0,36000,36000
03400P,滬深2X凱基05售01,0,0,0,0,0,0,0,0,0,36000,0,0,0,40000,4000,36000,36000
04343P,啟碁永豐93售02  ,0,0,0,0,0,0,0,0,0,36000,0,0,0,36000,0,36000,36000
044950,玉晶光群益94購01,0,0,0,0,0,0,0,0,0,36000,0,0,0,46000,10000,36000,36000
048143,聯發科統一94購03,0,0,0,0,0,0,0,0,0,36000,0,0,0,304000,268000,36000,36000
049420,日電貿凱基94購01,0,0,0,0,0,0,0,0,0,36000,0,0,0,104000,68000,36000,36000
049840,亞光亞東94購01  ,0,0,0,0,0,0,0,0,0,36000,0,0,0,36000,0,36000,36000
048849,光寶科群益94購01,0,0,0,0,0,0,0,0,0,36000,0,0,0,97000,61000,36000,36000
051453,智伸科元大95購02,0,0,0,0,0,0,0,0,0,36000,0,0,0,68000,32000,36000,36000
05201P,玉晶光國泰97售02,0,0,0,0,0,0,0,0,0,36000,0,0,0,64000,28000,36000,36000
052985,美律元大96購02  ,0,0,0,0,0,0,0,0,0,36000,0,0,0,60000,24000,36000,36000
052600,力山元大97購01  ,0,0,0,0,0,0,0,0,0,36000,0,0,0,36000,0,36000,36000
05263P,台積電元大96售09,0,0,0,0,0,0,0,0,0,36000,0,0,0,56000,20000,36000,36000
4961,天鈺            ,123000,74000,49000,0,0,0,0,0,0,-13000,0,9000,-9000,2000,6000,-4000,36000
05820P,臺股指凱基96售17,0,0,0,0,0,0,0,0,0,36000,0,0,0,53000,17000,36000,36000
05658P,日月光元富96售02,0,0,0,0,0,0,0,0,0,36000,0,0,0,53000,17000,36000,36000
05663P,創意元富96售04  ,0,0,0,0,0,0,0,0,0,36000,0,0,0,36000,0,36000,36000
1215,卜蜂            ,226000,200000,26000,0,0,0,0,0,0,10000,12000,0,12000,2000,4000,-2000,36000
05472P,國巨統一96售02  ,0,0,0,0,0,0,0,0,0,35000,0,0,0,38000,3000,35000,35000
054711,禾伸堂元富97購01,0,0,0,0,0,0,0,0,0,35000,0,0,0,35000,0,35000,35000
055524,鴻海群益98購01  ,0,0,0,0,0,0,0,0,0,35000,0,0,0,40000,5000,35000,35000
055869,臺股指元大97購08,0,0,0,0,0,0,0,0,0,35000,0,0,0,35000,0,35000,35000
054372,南亞科中信96購01,0,0,0,0,0,0,0,0,0,35000,0,0,0,35000,0,35000,35000
054374,信邦中信96購01  ,0,0,0,0,0,0,0,0,0,35000,0,0,0,35000,0,35000,35000
054078,鴻海中信98購01  ,0,0,0,0,0,0,0,0,0,35000,0,0,0,35000,0,35000,35000
054070,創意國泰96購02  ,0,0,0,0,0,0,0,0,0,35000,0,0,0,40000,5000,35000,35000
054176,亞光台新96購01  ,0,0,0,0,0,0,0,0,0,35000,0,0,0,38000,3000,35000,35000
053621,臺股指群益96購07,0,0,0,0,0,0,0,0,0,35000,0,0,0,42000,7000,35000,35000
053822,正文群益97購01  ,0,0,0,0,0,0,0,0,0,35000,0,0,0,149000,114000,35000,35000
053674,臺股指元富96購01,0,0,0,0,0,0,0,0,0,35000,0,0,0,40000,5000,35000,35000
053945,國巨富邦98購02  ,0,0,0,0,0,0,0,0,0,35000,0,0,0,100000,65000,35000,35000
04574P,台達電統一94售05,0,0,0,0,0,0,0,0,0,35000,0,0,0,47000,12000,35000,35000
046286,高鐵兆豐93購01  ,0,0,0,0,0,0,0,0,0,35000,0,0,0,35000,0,35000,35000
043144,台肥統一93購01  ,0,0,0,0,0,0,0,0,0,35000,0,0,0,35000,0,35000,35000
042793,台積電台新9C購01,0,0,0,0,0,0,0,0,0,35000,0,0,0,40000,5000,35000,35000
04269P,華通國票93售03  ,0,0,0,0,0,0,0,0,0,35000,0,0,0,35000,0,35000,35000
00852L,國泰美國道瓊正2 ,0,0,0,0,0,0,0,0,0,35000,0,0,0,274000,239000,35000,35000
00706L,元大S&P日圓正2  ,0,0,0,0,0,0,0,0,0,35000,0,0,0,35000,0,35000,35000
047971,南亞科富邦95購01,0,0,0,0,0,0,0,0,0,35000,0,0,0,37000,2000,35000,35000
047394,合勤控元大93購02,0,0,0,0,0,0,0,0,0,35000,0,0,0,35000,0,35000,35000
048900,精成科國泰95購01,0,0,0,0,0,0,0,0,0,35000,0,0,0,65000,30000,35000,35000
050014,國巨富邦98購01  ,0,0,0,0,0,0,0,0,0,35000,0,0,0,36000,1000,35000,35000
048591,台郡兆豐94購01  ,0,0,0,0,0,0,0,0,0,35000,0,0,0,75000,40000,35000,35000
050358,致新群益94購01  ,0,0,0,0,0,0,0,0,0,35000,0,0,0,38000,3000,35000,35000
05020P,廣達中信95售01  ,0,0,0,0,0,0,0,0,0,35000,0,0,0,40000,5000,35000,35000
050435,大立光凱基94購17,0,0,0,0,0,0,0,0,0,35000,0,0,0,35000,0,35000,35000
05080P,亞光永豐95售02  ,0,0,0,0,0,0,0,0,0,35000,0,0,0,75000,40000,35000,35000
050181,富邦金元大94購02,0,0,0,0,0,0,0,0,0,35000,0,0,0,40000,5000,35000,35000
052604,建準元大97購01  ,0,0,0,0,0,0,0,0,0,35000,0,0,0,43000,8000,35000,35000
052388,旺宏群益96購05  ,0,0,0,0,0,0,0,0,0,35000,0,0,0,100000,65000,35000,35000
052888,台表科中信9A購01,0,0,0,0,0,0,0,0,0,35000,0,0,0,200000,165000,35000,35000
051764,欣興元大95購07  ,0,0,0,0,0,0,0,0,0,35000,0,0,0,45000,10000,35000,35000
051873,緯穎凱基95購02  ,0,0,0,0,0,0,0,0,0,35000,0,0,0,55000,20000,35000,35000
051633,可成國票96購03  ,0,0,0,0,0,0,0,0,0,35000,0,0,0,35000,0,35000,35000
051075,智邦國泰97購01  ,0,0,0,0,0,0,0,0,0,35000,0,0,0,65000,30000,35000,35000
051050,鴻海群益95購03  ,0,0,0,0,0,0,0,0,0,35000,0,0,0,35000,0,35000,35000
050676,道瓊銀統一96購02,0,0,0,0,0,0,0,0,0,35000,0,0,0,50000,15000,35000,35000
05642P,玉晶光兆豐97售02,0,0,0,0,0,0,0,0,0,35000,0,0,0,125000,90000,35000,35000
055978,大立光統一98購05,0,0,0,0,0,0,0,0,0,35000,0,0,0,35000,0,35000,35000
05929P,宏達電康和96售01,0,0,0,0,0,0,0,0,0,35000,0,0,0,35000,0,35000,35000
5907,大洋-KY         ,109000,74000,35000,0,0,0,0,0,0,0,0,0,0,0,0,0,35000
054001,康友群益96購02  ,0,0,0,0,0,0,0,0,0,34000,0,0,0,43000,9000,34000,34000
05384P,大立光永豐95售02,0,0,0,0,0,0,0,0,0,34000,0,0,0,34000,0,34000,34000
05565P,鎧勝元大96售01  ,0,0,0,0,0,0,0,0,0,34000,0,0,0,34000,0,34000,34000
054983,國巨元富97購04  ,0,0,0,0,0,0,0,0,0,34000,0,0,0,60000,26000,34000,34000
00851,台新全球AI      ,0,0,0,0,0,0,0,0,0,34000,0,0,0,39000,5000,34000,34000
049297,日電貿群益95購01,0,0,0,0,0,0,0,0,0,34000,0,0,0,39000,5000,34000,34000
049310,台積電凱基94購15,0,0,0,0,0,0,0,0,0,34000,0,0,0,34000,0,34000,34000
047626,全新國票94購01  ,0,0,0,0,0,0,0,0,0,34000,0,0,0,48000,14000,34000,34000
049875,台積電永豐94購04,0,0,0,0,0,0,0,0,0,34000,0,0,0,236000,202000,34000,34000
051082,上証2X元大98購01,0,0,0,0,0,0,0,0,0,34000,0,0,0,57000,23000,34000,34000
051119,光寶科群益95購01,0,0,0,0,0,0,0,0,0,34000,0,0,0,98000,64000,34000,34000
051682,元黃金凱基97購01,0,0,0,0,0,0,0,0,0,34000,0,0,0,37000,3000,34000,34000
051927,國巨中信96購01  ,0,0,0,0,0,0,0,0,0,34000,0,0,0,119000,85000,34000,34000
052925,日電貿永豐96購01,0,0,0,0,0,0,0,0,0,34000,0,0,0,40000,6000,34000,34000
6456,GIS-KY          ,566000,554000,12000,0,0,0,0,0,0,22000,3000,4000,-1000,53000,30000,23000,34000
9946,三發地產        ,403000,351000,52000,0,0,0,0,0,0,-18000,0,18000,-18000,0,0,0,34000
05841P,華通元大96售04  ,0,0,0,0,0,0,0,0,0,34000,0,0,0,83000,49000,34000,34000
05763P,致新永豐96售01  ,0,0,0,0,0,0,0,0,0,34000,0,0,0,527000,493000,34000,34000
06088P,建準永豐97售01  ,0,0,0,0,0,0,0,0,0,34000,0,0,0,40000,6000,34000,34000
06268P,聯詠凱基97售02  ,0,0,0,0,0,0,0,0,0,34000,0,0,0,34000,0,34000,34000
055123,億光兆豐97購01  ,0,0,0,0,0,0,0,0,0,33000,0,0,0,58000,25000,33000,33000
05476P,聯發科群益95售06,0,0,0,0,0,0,0,0,0,33000,0,0,0,43000,10000,33000,33000
054787,華新科群益97購04,0,0,0,0,0,0,0,0,0,33000,0,0,0,83000,50000,33000,33000
055537,康友群益97購03  ,0,0,0,0,0,0,0,0,0,33000,0,0,0,33000,0,33000,33000
055470,南亞科凱基97購01,0,0,0,0,0,0,0,0,0,33000,0,0,0,68000,35000,33000,33000
053910,嘉聯益凱基98購01,0,0,0,0,0,0,0,0,0,33000,0,0,0,33000,0,33000,33000
045595,明泰兆豐92購01  ,0,0,0,0,0,0,0,0,0,33000,0,0,0,33000,0,33000,33000
044611,正崴兆豐92購01  ,0,0,0,0,0,0,0,0,0,33000,0,0,0,44000,11000,33000,33000
044639,京元電元富94購01,0,0,0,0,0,0,0,0,0,33000,0,0,0,122000,89000,33000,33000
04108P,臺股指永昌93售03,0,0,0,0,0,0,0,0,0,33000,0,0,0,33000,0,33000,33000
048814,上銀凱基94購01  ,0,0,0,0,0,0,0,0,0,33000,0,0,0,33000,0,33000,33000
048665,欣興統一93購07  ,0,0,0,0,0,0,0,0,0,33000,0,0,0,81000,48000,33000,33000
050791,聯發科富邦96購01,0,0,0,0,0,0,0,0,0,33000,0,0,0,98000,65000,33000,33000
04851P,創意永豐94售02  ,0,0,0,0,0,0,0,0,0,33000,0,0,0,88000,55000,33000,33000
04815P,致伸元大94售04  ,0,0,0,0,0,0,0,0,0,33000,0,0,0,33000,0,33000,33000
052406,力成凱基95購03  ,0,0,0,0,0,0,0,0,0,33000,0,0,0,49000,16000,33000,33000
052042,台積電日盛95購02,0,0,0,0,0,0,0,0,0,33000,0,0,0,113000,80000,33000,33000
06194P,台積電元富97售05,0,0,0,0,0,0,0,0,0,33000,0,0,0,524000,491000,33000,33000
2471,資通            ,27000,4000,23000,0,0,0,0,0,0,10000,10000,0,10000,0,0,0,33000
01004T,土銀富邦R2      ,36836,4000,32836,0,0,0,0,0,0,0,0,0,0,0,0,0,32836
053437,啟碁日盛96購01  ,0,0,0,0,0,0,0,0,0,32000,0,0,0,95000,63000,32000,32000
054198,台積電永昌96購08,0,0,0,0,0,0,0,0,0,32000,0,0,0,326000,294000,32000,32000
055880,神達元富97購02  ,0,0,0,0,0,0,0,0,0,32000,0,0,0,32000,0,32000,32000
054660,禾伸堂元大97購03,0,0,0,0,0,0,0,0,0,32000,0,0,0,40000,8000,32000,32000
03969P,華新科國票94售01,0,0,0,0,0,0,0,0,0,32000,0,0,0,160000,128000,32000,32000
04363P,儒鴻元富94售01  ,0,0,0,0,0,0,0,0,0,32000,0,0,0,233000,201000,32000,32000
043511,上銀富邦93購01  ,0,0,0,0,0,0,0,0,0,32000,0,0,0,52000,20000,32000,32000
041909,大立光元大92購01,0,0,0,0,0,0,0,0,0,32000,0,0,0,32000,0,32000,32000
046639,嘉晶永豐93購01  ,0,0,0,0,0,0,0,0,0,32000,0,0,0,32000,0,32000,32000
050205,牧德群益94購02  ,0,0,0,0,0,0,0,0,0,32000,0,0,0,43000,11000,32000,32000
048205,臺股指元大93購39,0,0,0,0,0,0,0,0,0,32000,0,0,0,52000,20000,32000,32000
048691,智伸科群益94購01,0,0,0,0,0,0,0,0,0,32000,0,0,0,42000,10000,32000,32000
049343,華新科統一94購03,0,0,0,0,0,0,0,0,0,32000,0,0,0,57000,25000,32000,32000
050899,旭富元大95購01  ,0,0,0,0,0,0,0,0,0,32000,0,0,0,34000,2000,32000,32000
052654,友達統一97購01  ,0,0,0,0,0,0,0,0,0,32000,0,0,0,40000,8000,32000,32000
052725,為升元富96購01  ,0,0,0,0,0,0,0,0,0,32000,0,0,0,65000,33000,32000,32000
2881A,富邦特          ,0,0,0,0,0,0,0,0,0,32000,37000,5000,32000,0,0,0,32000
06127P,泰碩元富97售01  ,0,0,0,0,0,0,0,0,0,32000,0,0,0,72000,40000,32000,32000
06359P,上銀群益97售03  ,0,0,0,0,0,0,0,0,0,32000,0,0,0,42000,10000,32000,32000
05876P,聯發科群益96售03,0,0,0,0,0,0,0,0,0,32000,0,0,0,32000,0,32000,32000
054967,神達元大97購01  ,0,0,0,0,0,0,0,0,0,31000,0,0,0,113000,82000,31000,31000
055917,禾伸堂凱基98購02,0,0,0,0,0,0,0,0,0,31000,0,0,0,31000,0,31000,31000
055830,上銀元大97購07  ,0,0,0,0,0,0,0,0,0,31000,0,0,0,63000,32000,31000,31000
054551,聯發科凱基98購02,0,0,0,0,0,0,0,0,0,31000,0,0,0,31000,0,31000,31000
05452P,亞德客群益95售02,0,0,0,0,0,0,0,0,0,31000,0,0,0,31000,0,31000,31000
04206P,臺股指元大93售46,0,0,0,0,0,0,0,0,0,31000,0,0,0,91000,60000,31000,31000
047565,美律國票93購02  ,0,0,0,0,0,0,0,0,0,31000,0,0,0,79000,48000,31000,31000
048227,亞光凱基93購05  ,0,0,0,0,0,0,0,0,0,31000,0,0,0,70000,39000,31000,31000
05047P,強茂永豐95售02  ,0,0,0,0,0,0,0,0,0,31000,0,0,0,170000,139000,31000,31000
048516,麗豐凱基93購02  ,0,0,0,0,0,0,0,0,0,31000,0,0,0,65000,34000,31000,31000
049453,新日興統一94購01,0,0,0,0,0,0,0,0,0,31000,0,0,0,41000,10000,31000,31000
052667,漢唐群益96購01  ,0,0,0,0,0,0,0,0,0,31000,0,0,0,31000,0,31000,31000
052385,滬深2X群益99購05,0,0,0,0,0,0,0,0,0,31000,0,0,0,31000,0,31000,31000
052344,台表科凱基98購01,0,0,0,0,0,0,0,0,0,31000,0,0,0,41000,10000,31000,31000
052933,祥碩元大96購01  ,0,0,0,0,0,0,0,0,0,31000,0,0,0,42000,11000,31000,31000
052854,聯詠日盛96購01  ,0,0,0,0,0,0,0,0,0,31000,0,0,0,31000,0,31000,31000
053226,國巨台新97購02  ,0,0,0,0,0,0,0,0,0,31000,0,0,0,41000,10000,31000,31000
051065,台積電國票96購01,0,0,0,0,0,0,0,0,0,31000,0,0,0,67000,36000,31000,31000
05847P,大立光元大96售08,0,0,0,0,0,0,0,0,0,31000,0,0,0,52000,21000,31000,31000
05674P,瑞昱群益96售02  ,0,0,0,0,0,0,0,0,0,31000,0,0,0,31000,0,31000,31000
06330P,南亞科群益97售03,0,0,0,0,0,0,0,0,0,31000,0,0,0,91000,60000,31000,31000
5203,訊連            ,151000,141000,10000,0,0,0,0,0,0,21000,5000,0,5000,16000,0,16000,31000
05460P,台郡凱基95售05  ,0,0,0,0,0,0,0,0,0,30000,0,0,0,30000,0,30000,30000
054625,旺宏凱基98購03  ,0,0,0,0,0,0,0,0,0,30000,0,0,0,42000,12000,30000,30000
054314,嘉聯益凱基97購01,0,0,0,0,0,0,0,0,0,30000,0,0,0,60000,30000,30000,30000
054480,和碩中信98購01  ,0,0,0,0,0,0,0,0,0,30000,0,0,0,30000,0,30000,30000
054307,高鐵凱基98購01  ,0,0,0,0,0,0,0,0,0,30000,0,0,0,50000,20000,30000,30000
054273,宏達電中信98購01,0,0,0,0,0,0,0,0,0,30000,0,0,0,30000,0,30000,30000
053632,新唐兆豐96購01  ,0,0,0,0,0,0,0,0,0,30000,0,0,0,30000,0,30000,30000
053645,臺股指國票96購08,0,0,0,0,0,0,0,0,0,30000,0,0,0,30000,0,30000,30000
053964,上銀元大96購05  ,0,0,0,0,0,0,0,0,0,30000,0,0,0,70000,40000,30000,30000
053713,漢唐凱基96購04  ,0,0,0,0,0,0,0,0,0,30000,0,0,0,56000,26000,30000,30000
053796,華通中信96購02  ,0,0,0,0,0,0,0,0,0,30000,0,0,0,30000,0,30000,30000
055829,上銀元大97購06  ,0,0,0,0,0,0,0,0,0,30000,0,0,0,43000,13000,30000,30000
055909,大成鋼凱基98購02,0,0,0,0,0,0,0,0,0,30000,0,0,0,30000,0,30000,30000
055748,GIS元富97購01   ,0,0,0,0,0,0,0,0,0,30000,0,0,0,30000,0,30000,30000
055568,緯穎凱基97購02  ,0,0,0,0,0,0,0,0,0,30000,0,0,0,30000,0,30000,30000
055200,和大群益98購01  ,0,0,0,0,0,0,0,0,0,30000,0,0,0,30000,0,30000,30000
055283,聯發科元大97購16,0,0,0,0,0,0,0,0,0,30000,0,0,0,131000,101000,30000,30000
04198P,滬深2X群益95售04,0,0,0,0,0,0,0,0,0,30000,0,0,0,50000,20000,30000,30000
042558,瑞昱中信94購01  ,0,0,0,0,0,0,0,0,0,30000,0,0,0,40000,10000,30000,30000
042643,智易兆豐92購01  ,0,0,0,0,0,0,0,0,0,30000,0,0,0,30000,0,30000,30000
042502,上銀凱基93購01  ,0,0,0,0,0,0,0,0,0,30000,0,0,0,30000,0,30000,30000
04233P,儒鴻兆豐93售01  ,0,0,0,0,0,0,0,0,0,30000,0,0,0,282000,252000,30000,30000
04273P,上証反凱基99售01,0,0,0,0,0,0,0,0,0,30000,0,0,0,30000,0,30000,30000
045632,正崴凱基93購01  ,0,0,0,0,0,0,0,0,0,30000,0,0,0,50000,20000,30000,30000
045636,京元電凱基92購03,0,0,0,0,0,0,0,0,0,30000,0,0,0,30000,0,30000,30000
045639,冠德凱基93購01  ,0,0,0,0,0,0,0,0,0,30000,0,0,0,80000,50000,30000,30000
045699,GIS兆豐92購02   ,0,0,0,0,0,0,0,0,0,30000,0,0,0,30000,0,30000,30000
046933,台泥元富93購01  ,0,0,0,0,0,0,0,0,0,30000,0,0,0,30000,0,30000,30000
044305,瀚宇博兆豐93購01,0,0,0,0,0,0,0,0,0,30000,0,0,0,30000,0,30000,30000
046757,漢唐凱基93購02  ,0,0,0,0,0,0,0,0,0,30000,0,0,0,35000,5000,30000,30000
03382P,帆宣康和02售01  ,0,0,0,0,0,0,0,0,0,30000,0,0,0,30000,0,30000,30000
03332P,台積電元大02售17,0,0,0,0,0,0,0,0,0,30000,0,0,0,30000,0,30000,30000
03544P,鴻海群益02售07  ,0,0,0,0,0,0,0,0,0,30000,0,0,0,40000,10000,30000,30000
00668,國泰美國道瓊    ,0,0,0,0,0,0,0,0,0,30000,0,0,0,50000,20000,30000,30000
03756P,創意永豐93售01  ,0,0,0,0,0,0,0,0,0,30000,0,0,0,30000,0,30000,30000
03784P,致伸凱基93售02  ,0,0,0,0,0,0,0,0,0,30000,0,0,0,30000,0,30000,30000
03807P,康友元富93售02  ,0,0,0,0,0,0,0,0,0,30000,0,0,0,30000,0,30000,30000
046652,上銀元大93購02  ,0,0,0,0,0,0,0,0,0,30000,0,0,0,30000,0,30000,30000
046635,華通台新93購01  ,0,0,0,0,0,0,0,0,0,30000,0,0,0,30000,0,30000,30000
046474,創意永豐92購03  ,0,0,0,0,0,0,0,0,0,30000,0,0,0,30000,0,30000,30000
046432,宏達電中信94購01,0,0,0,0,0,0,0,0,0,30000,0,0,0,30000,0,30000,30000
046433,康友中信92購01  ,0,0,0,0,0,0,0,0,0,30000,0,0,0,50000,20000,30000,30000
046288,創意兆豐92購03  ,0,0,0,0,0,0,0,0,0,30000,0,0,0,30000,0,30000,30000
046281,正崴永豐92購01  ,0,0,0,0,0,0,0,0,0,30000,0,0,0,30000,0,30000,30000
044402,景碩凱基93購01  ,0,0,0,0,0,0,0,0,0,30000,0,0,0,50000,20000,30000,30000
046966,南茂中信93購01  ,0,0,0,0,0,0,0,0,0,30000,0,0,0,50000,20000,30000,30000
046974,上銀台新93購01  ,0,0,0,0,0,0,0,0,0,30000,0,0,0,30000,0,30000,30000
044532,康控富邦93購01  ,0,0,0,0,0,0,0,0,0,30000,0,0,0,80000,50000,30000,30000
045855,緯穎富邦93購01  ,0,0,0,0,0,0,0,0,0,30000,0,0,0,30000,0,30000,30000
046006,和碩統一92購01  ,0,0,0,0,0,0,0,0,0,30000,0,0,0,30000,0,30000,30000
045967,日電貿凱基92購01,0,0,0,0,0,0,0,0,0,30000,0,0,0,30000,0,30000,30000
045907,鴻海中信94購02  ,0,0,0,0,0,0,0,0,0,30000,0,0,0,30000,0,30000,30000
045489,晶技台新92購01  ,0,0,0,0,0,0,0,0,0,30000,0,0,0,30000,0,30000,30000
046185,正崴凱基93購02  ,0,0,0,0,0,0,0,0,0,30000,0,0,0,50000,20000,30000,30000
04535P,華新統一94售01  ,0,0,0,0,0,0,0,0,0,30000,0,0,0,30000,0,30000,30000
045169,瀚宇博中信92購01,0,0,0,0,0,0,0,0,0,30000,0,0,0,30000,0,30000,30000
049366,聯發科元大94購05,0,0,0,0,0,0,0,0,0,30000,0,0,0,30000,0,30000,30000
049391,廣宇中信94購01  ,0,0,0,0,0,0,0,0,0,30000,0,0,0,30000,0,30000,30000
049415,智邦凱基94購02  ,0,0,0,0,0,0,0,0,0,30000,0,0,0,30000,0,30000,30000
049075,光磊凱基94購01  ,0,0,0,0,0,0,0,0,0,30000,0,0,0,30000,0,30000,30000
04908P,南電國票95售03  ,0,0,0,0,0,0,0,0,0,30000,0,0,0,30000,0,30000,30000
048328,滬深2X永昌94購01,0,0,0,0,0,0,0,0,0,30000,0,0,0,38000,8000,30000,30000
048331,臺指反富邦97購01,0,0,0,0,0,0,0,0,0,30000,0,0,0,160000,130000,30000,30000
048581,南亞科富邦93購02,0,0,0,0,0,0,0,0,0,30000,0,0,0,30000,0,30000,30000
047115,可成元大93購06  ,0,0,0,0,0,0,0,0,0,30000,0,0,0,105000,75000,30000,30000
047162,華通台新93購02  ,0,0,0,0,0,0,0,0,0,30000,0,0,0,30000,0,30000,30000
047151,台積電國票94購02,0,0,0,0,0,0,0,0,0,30000,0,0,0,35000,5000,30000,30000
048107,華通群益93購02  ,0,0,0,0,0,0,0,0,0,30000,0,0,0,30000,0,30000,30000
049960,嘉聯益統一94購01,0,0,0,0,0,0,0,0,0,30000,0,0,0,30000,0,30000,30000
050457,力成元大94購01  ,0,0,0,0,0,0,0,0,0,30000,0,0,0,36000,6000,30000,30000
050224,台泥中信94購01  ,0,0,0,0,0,0,0,0,0,30000,0,0,0,88000,58000,30000,30000
050306,聯發科中信97購01,0,0,0,0,0,0,0,0,0,30000,0,0,0,30000,0,30000,30000
048189,臺指反元大96購06,0,0,0,0,0,0,0,0,0,30000,0,0,0,50000,20000,30000,30000
048190,道瓊反元大96購02,0,0,0,0,0,0,0,0,0,30000,0,0,0,30000,0,30000,30000
04726P,TPK凱基94售04   ,0,0,0,0,0,0,0,0,0,30000,0,0,0,40000,10000,30000,30000
050056,國巨凱基94購04  ,0,0,0,0,0,0,0,0,0,30000,0,0,0,30000,0,30000,30000
050825,嘉澤凱基95購01  ,0,0,0,0,0,0,0,0,0,30000,0,0,0,30000,0,30000,30000
050126,國巨凱基94購08  ,0,0,0,0,0,0,0,0,0,30000,0,0,0,30000,0,30000,30000
047602,GIS中信93購02   ,0,0,0,0,0,0,0,0,0,30000,0,0,0,30000,0,30000,30000
047617,瑞昱凱基93購07  ,0,0,0,0,0,0,0,0,0,30000,0,0,0,30000,0,30000,30000
048024,鴻海凱基93購29  ,0,0,0,0,0,0,0,0,0,30000,0,0,0,170000,140000,30000,30000
047350,華新科凱基94購02,0,0,0,0,0,0,0,0,0,30000,0,0,0,50000,20000,30000,30000
047341,貿聯第一93購01  ,0,0,0,0,0,0,0,0,0,30000,0,0,0,30000,0,30000,30000
049893,日月光富邦98購01,0,0,0,0,0,0,0,0,0,30000,0,0,0,30000,0,30000,30000
049886,華通永昌95購01  ,0,0,0,0,0,0,0,0,0,30000,0,0,0,30000,0,30000,30000
04934P,鴻海中信94售05  ,0,0,0,0,0,0,0,0,0,30000,0,0,0,30000,0,30000,30000
047808,智邦凱基93購07  ,0,0,0,0,0,0,0,0,0,30000,0,0,0,30000,0,30000,30000
047810,聯發科凱基93購22,0,0,0,0,0,0,0,0,0,30000,0,0,0,30000,0,30000,30000
048683,日月光富邦93購01,0,0,0,0,0,0,0,0,0,30000,0,0,0,30000,0,30000,30000
047727,拓凱群益94購01  ,0,0,0,0,0,0,0,0,0,30000,0,0,0,30000,0,30000,30000
047769,大立光元大96購01,0,0,0,0,0,0,0,0,0,30000,0,0,0,30000,0,30000,30000
049176,漢唐凱基94購02  ,0,0,0,0,0,0,0,0,0,30000,0,0,0,30000,0,30000,30000
047827,東陽元大93購01  ,0,0,0,0,0,0,0,0,0,30000,0,0,0,30000,0,30000,30000
04976P,中磊凱基94售01  ,0,0,0,0,0,0,0,0,0,30000,0,0,0,40000,10000,30000,30000
049707,華通麥證94購02  ,0,0,0,30000,0,30000,0,0,0,30000,0,0,0,30000,0,30000,30000
05128P,聯發科中信97售03,0,0,0,0,0,0,0,0,0,30000,0,0,0,30000,0,30000,30000
051330,宏碁永豐95購01  ,0,0,0,0,0,0,0,0,0,30000,0,0,0,30000,0,30000,30000
050993,聯發科元大95購05,0,0,0,0,0,0,0,0,0,30000,0,0,0,30000,0,30000,30000
051006,中磊中信95購01  ,0,0,0,0,0,0,0,0,0,30000,0,0,0,30000,0,30000,30000
050570,聯發科中信97購02,0,0,0,0,0,0,0,0,0,30000,0,0,0,30000,0,30000,30000
051855,道瓊反凱基97購01,0,0,0,0,0,0,0,0,0,30000,0,0,0,30000,0,30000,30000
05159P,聯發科永豐95售04,0,0,0,0,0,0,0,0,0,30000,0,0,0,30000,0,30000,30000
051594,和碩元大96購01  ,0,0,0,0,0,0,0,0,0,30000,0,0,0,40000,10000,30000,30000
05150P,玉晶光第一95售01,0,0,0,0,0,0,0,0,0,30000,0,0,0,30000,0,30000,30000
053315,漢唐群益96購02  ,0,0,0,0,0,0,0,0,0,30000,0,0,0,30000,0,30000,30000
053296,貿聯中信98購01  ,0,0,0,0,0,0,0,0,0,30000,0,0,0,30000,0,30000,30000
053156,緯創元大96購02  ,0,0,0,0,0,0,0,0,0,30000,0,0,0,36000,6000,30000,30000
052054,台表科凱基96購01,0,0,0,0,0,0,0,0,0,30000,0,0,0,30000,0,30000,30000
052108,鴻海元富95購11  ,0,0,0,0,0,0,0,0,0,30000,0,0,0,30000,0,30000,30000
052694,開發金中信98購01,0,0,0,0,0,0,0,0,0,30000,0,0,0,30000,0,30000,30000
052494,百和中信95購02  ,0,0,0,0,0,0,0,0,0,30000,0,0,0,30000,0,30000,30000
052495,滬深2X台新95購01,0,0,0,0,0,0,0,0,0,30000,0,0,0,530000,500000,30000,30000
052584,喬山永豐96購01  ,0,0,0,0,0,0,0,0,0,30000,0,0,0,30000,0,30000,30000
06070P,漢唐永豐97售01  ,0,0,0,0,0,0,0,0,0,30000,0,0,0,50000,20000,30000,30000
1560,中砂            ,190000,102000,88000,0,0,0,0,0,0,-58000,0,58000,-58000,0,0,0,30000
2020,美亞            ,39000,8000,31000,0,0,0,0,0,0,-1000,0,1000,-1000,0,0,0,30000
05636P,國巨永豐96售03  ,0,0,0,0,0,0,0,0,0,30000,0,0,0,30000,0,30000,30000
056121,勤誠群益97購01  ,0,0,0,0,0,0,0,0,0,30000,0,0,0,30000,0,30000,30000
05887P,友達元富99售03  ,0,0,0,0,0,0,0,0,0,30000,0,0,0,30000,0,30000,30000
06002P,華通康和96售01  ,0,0,0,0,0,0,0,0,0,30000,0,0,0,30000,0,30000,30000
06028P,智邦台新97售01  ,0,0,0,0,0,0,0,0,0,30000,0,0,0,30000,0,30000,30000
053808,大成鋼群益97購01,0,0,0,0,0,0,0,0,0,29000,0,0,0,30000,1000,29000,29000
053695,智易元大97購02  ,0,0,0,0,0,0,0,0,0,29000,0,0,0,34000,5000,29000,29000
054366,和大中信98購01  ,0,0,0,0,0,0,0,0,0,29000,0,0,0,78000,49000,29000,29000
054544,統一中信97購01  ,0,0,0,0,0,0,0,0,0,29000,0,0,0,29000,0,29000,29000
046178,聯發科日盛92購01,0,0,0,0,0,0,0,0,0,29000,0,0,0,40000,11000,29000,29000
045751,智邦國泰93購01  ,0,0,0,0,0,0,0,0,0,29000,0,0,0,30000,1000,29000,29000
03689P,TPK元富93售01   ,0,0,0,0,0,0,0,0,0,29000,0,0,0,40000,11000,29000,29000
046775,聯發科台新93購01,0,0,0,0,0,0,0,0,0,29000,0,0,0,30000,1000,29000,29000
041978,貿聯中信93購01  ,0,0,0,0,0,0,0,0,0,29000,0,0,0,60000,31000,29000,29000
043611,台積電群益92購03,0,0,0,0,0,0,0,0,0,29000,0,0,0,29000,0,29000,29000
049225,達方國票94購01  ,0,0,0,0,0,0,0,0,0,29000,0,0,0,29000,0,29000,29000
049583,台積電元大95購04,0,0,0,0,0,0,0,0,0,29000,0,0,0,40000,11000,29000,29000
047704,智邦凱基93購06  ,0,0,0,0,0,0,0,0,0,29000,0,0,0,39000,10000,29000,29000
047726,友達群益94購02  ,0,0,0,0,0,0,0,0,0,29000,0,0,0,225000,196000,29000,29000
047788,欣興群益93購05  ,0,0,0,0,0,0,0,0,0,29000,0,0,0,1098000,1069000,29000,29000
049739,大立光群益94購05,0,0,0,0,0,0,0,0,0,29000,0,0,0,50000,21000,29000,29000
04893P,創意元大94售03  ,0,0,0,0,0,0,0,0,0,29000,0,0,0,29000,0,29000,29000
048345,緯創元大94購01  ,0,0,0,0,0,0,0,0,0,29000,0,0,0,77000,48000,29000,29000
047880,聯發科國泰94購03,0,0,0,0,0,0,0,0,0,29000,0,0,0,102000,73000,29000,29000
05033P,T50反1元大98售01,0,0,0,0,0,0,0,0,0,29000,0,0,0,30000,1000,29000,29000
050280,國巨日盛94購01  ,0,0,0,0,0,0,0,0,0,29000,0,0,0,50000,21000,29000,29000
049962,台光電元富94購01,0,0,0,0,0,0,0,0,0,29000,0,0,0,29000,0,29000,29000
048068,南亞科元富95購01,0,0,0,0,0,0,0,0,0,29000,0,0,0,84000,55000,29000,29000
05315P,鴻海永昌96售08  ,0,0,0,0,0,0,0,0,0,29000,0,0,0,848000,819000,29000,29000
053332,創意永豐96購03  ,0,0,0,0,0,0,0,0,0,29000,0,0,0,37000,8000,29000,29000
05280P,華通元大95售08  ,0,0,0,0,0,0,0,0,0,29000,0,0,0,77000,48000,29000,29000
051754,廣宇元大95購01  ,0,0,0,0,0,0,0,0,0,29000,0,0,0,29000,0,29000,29000
05927P,正文永豐96售03  ,0,0,0,0,0,0,0,0,0,29000,0,0,0,29000,0,29000,29000
056086,奇力新統一98購01,0,0,0,0,0,0,0,0,0,29000,0,0,0,29000,0,29000,29000
05594P,旺宏國票96售04  ,0,0,0,0,0,0,0,0,0,29000,0,0,0,29000,0,29000,29000
06308P,國巨元富97售06  ,0,0,0,0,0,0,0,0,0,29000,0,0,0,34000,5000,29000,29000
06273P,台表科凱基97售04,0,0,0,0,0,0,0,0,0,29000,0,0,0,29000,0,29000,29000
054521,TPK元大96購03   ,0,0,0,0,0,0,0,0,0,28000,0,0,0,33000,5000,28000,28000
054492,嘉聯益台新96購01,0,0,0,0,0,0,0,0,0,28000,0,0,0,38000,10000,28000,28000
054638,國泰金中信99購01,0,0,0,0,0,0,0,0,0,28000,0,0,0,30000,2000,28000,28000
054332,世芯永豐97購01  ,0,0,0,0,0,0,0,0,0,28000,0,0,0,60000,32000,28000,28000
053506,南茂兆豐97購01  ,0,0,0,0,0,0,0,0,0,28000,0,0,0,38000,10000,28000,28000
055299,康友元大97購02  ,0,0,0,0,0,0,0,0,0,28000,0,0,0,30000,2000,28000,28000
054748,正文凱基98購01  ,0,0,0,0,0,0,0,0,0,28000,0,0,0,28000,0,28000,28000
055331,國巨兆豐99購01  ,0,0,0,0,0,0,0,0,0,28000,0,0,0,38000,10000,28000,28000
055357,欣興凱基97購04  ,0,0,0,0,0,0,0,0,0,28000,0,0,0,68000,40000,28000,28000
055808,世紀鋼永豐97購01,0,0,0,0,0,0,0,0,0,28000,0,0,0,28000,0,28000,28000
04165P,南亞科元富95售03,0,0,0,0,0,0,0,0,0,28000,0,0,0,55000,27000,28000,28000
042556,台灣50中信96購04,0,0,0,0,0,0,0,0,0,28000,0,0,0,75000,47000,28000,28000
035274,華新台新97購01  ,0,0,0,0,0,0,0,0,0,28000,0,0,0,38000,10000,28000,28000
03978P,瑞儀元大93售01  ,0,0,0,0,0,0,0,0,0,28000,0,0,0,28000,0,28000,28000
043991,TPK元大92購01   ,0,0,0,0,0,0,0,0,0,28000,0,0,0,28000,0,28000,28000
045874,東元元富92購01  ,0,0,0,0,0,0,0,0,0,28000,0,0,0,45000,17000,28000,28000
045500,聯發科凱基93購04,0,0,0,0,0,0,0,0,0,28000,0,0,0,38000,10000,28000,28000
044987,宏達電統一94購01,0,0,0,0,0,0,0,0,0,28000,0,0,0,28000,0,28000,28000
050813,旺宏凱基96購01  ,0,0,0,0,0,0,0,0,0,28000,0,0,0,73000,45000,28000,28000
04792P,智邦元大94售06  ,0,0,0,0,0,0,0,0,0,28000,0,0,0,36000,8000,28000,28000
047654,鴻海兆豐93購01  ,0,0,0,0,0,0,0,0,0,28000,0,0,0,60000,32000,28000,28000
049827,正崴凱基94購01  ,0,0,0,0,0,0,0,0,0,28000,0,0,0,68000,40000,28000,28000
049568,台積電統一94購08,0,0,0,0,0,0,0,0,0,28000,0,0,0,363000,335000,28000,28000
051816,臺股指凱基95購07,0,0,0,0,0,0,0,0,0,28000,0,0,0,40000,12000,28000,28000
051504,TPK統一95購01   ,0,0,0,0,0,0,0,0,0,28000,0,0,0,28000,0,28000,28000
051505,台積電元富95購05,0,0,0,0,0,0,0,0,0,28000,0,0,0,456000,428000,28000,28000
051394,奇鋐兆豐95購01  ,0,0,0,0,0,0,0,0,0,28000,0,0,0,28000,0,28000,28000
050837,力山國票95購01  ,0,0,0,0,0,0,0,0,0,28000,0,0,0,28000,0,28000,28000
051035,百和兆豐95購01  ,0,0,0,0,0,0,0,0,0,28000,0,0,0,28000,0,28000,28000
052857,大成鋼凱基96購01,0,0,0,0,0,0,0,0,0,28000,0,0,0,28000,0,28000,28000
053096,康控統一96購01  ,0,0,0,0,0,0,0,0,0,28000,0,0,0,28000,0,28000,28000
052405,聯茂凱基95購01  ,0,0,0,0,0,0,0,0,0,28000,0,0,0,32000,4000,28000,28000
052204,台泥中信96購01  ,0,0,0,0,0,0,0,0,0,28000,0,0,0,86000,58000,28000,28000
052297,旭富國票96購01  ,0,0,0,0,0,0,0,0,0,28000,0,0,0,49000,21000,28000,28000
06227P,大立光群益97售04,0,0,0,0,0,0,0,0,0,28000,0,0,0,28000,0,28000,28000
056153,華新科凱基97購02,0,0,0,0,0,0,0,0,0,28000,0,0,0,28000,0,28000,28000
05617P,大立光統一97售02,0,0,0,0,0,0,0,0,0,28000,0,0,0,28000,0,28000,28000
055552,瑞昱凱基97購02  ,0,0,0,0,0,0,0,0,0,27000,0,0,0,38000,11000,27000,27000
054761,台光電國票98購02,0,0,0,0,0,0,0,0,0,27000,0,0,0,30000,3000,27000,27000
054810,中橡元大9A購01  ,0,0,0,0,0,0,0,0,0,27000,0,0,0,27000,0,27000,27000
054343,世紀鋼元富96購02,0,0,0,0,0,0,0,0,0,27000,0,0,0,27000,0,27000,27000
054479,緯創中信98購01  ,0,0,0,0,0,0,0,0,0,27000,0,0,0,40000,13000,27000,27000
054469,同欣電凱基97購01,0,0,0,0,0,0,0,0,0,27000,0,0,0,50000,23000,27000,27000
054127,台積電元大96購21,0,0,0,0,0,0,0,0,0,27000,0,0,0,147000,120000,27000,27000
046465,GIS凱基95購01   ,0,0,0,0,0,0,0,0,0,27000,0,0,0,30000,3000,27000,27000
04378P,大立光元大94售05,0,0,0,0,0,0,0,0,0,27000,0,0,0,77000,50000,27000,27000
03331P,臺股指群益02售05,0,0,0,0,0,0,0,0,0,27000,0,0,0,27000,0,27000,27000
041528,國泰金中信93購01,0,0,0,0,0,0,0,0,0,27000,0,0,0,32000,5000,27000,27000
04088P,臺股指元富93售06,0,0,0,0,0,0,0,0,0,27000,0,0,0,27000,0,27000,27000
04944P,元油2X永豐94售06,0,0,0,0,0,0,0,0,0,27000,0,0,0,1017000,990000,27000,27000
047583,深中小永豐94購01,0,0,0,0,0,0,0,0,0,27000,0,0,0,27000,0,27000,27000
047887,智原富邦97購01  ,0,0,0,0,0,0,0,0,0,27000,0,0,0,37000,10000,27000,27000
04978P,台表科凱基94售02,0,0,0,0,0,0,0,0,0,27000,0,0,0,27000,0,27000,27000
050161,鴻海國泰96購03  ,0,0,0,0,0,0,0,0,0,27000,0,0,0,47000,20000,27000,27000
05230P,京元電群益95售01,0,0,0,0,0,0,0,0,0,27000,0,0,0,37000,10000,27000,27000
053192,創意統一96購01  ,0,0,0,0,0,0,0,0,0,27000,0,0,0,103000,76000,27000,27000
053219,祥碩凱基96購01  ,0,0,0,0,0,0,0,0,0,27000,0,0,0,174000,147000,27000,27000
053269,同欣電群益96購01,0,0,0,0,0,0,0,0,0,27000,0,0,0,44000,17000,27000,27000
052748,群創元大9A購02  ,0,0,0,0,0,0,0,0,0,27000,0,0,0,226000,199000,27000,27000
053047,寶成中信97購01  ,0,0,0,0,0,0,0,0,0,27000,0,0,0,48000,21000,27000,27000
05629P,聯發科永昌99售02,0,0,0,0,0,0,0,0,0,27000,0,0,0,172000,145000,27000,27000
05779P,台積電統一96售06,0,0,0,0,0,0,0,0,0,27000,0,0,0,76000,49000,27000,27000
06128P,玉晶光元富97售05,0,0,0,0,0,0,0,0,0,27000,0,0,0,33000,6000,27000,27000
06211P,鴻海元大98售04  ,0,0,0,0,0,0,0,0,0,27000,0,0,0,166000,139000,27000,27000
4106,雃博            ,48000,21000,27000,0,0,0,0,0,0,0,0,0,0,0,0,0,27000
2888A,新光金甲特      ,27000,0,27000,0,0,0,0,0,0,0,0,0,0,0,0,0,27000
054202,樺漢富邦97購01  ,0,0,0,0,0,0,0,0,0,26000,0,0,0,35000,9000,26000,26000
054369,鴻海中信9C購01  ,0,0,0,0,0,0,0,0,0,26000,0,0,0,26000,0,26000,26000
054500,美律永豐96購02  ,0,0,0,0,0,0,0,0,0,26000,0,0,0,26000,0,26000,26000
053889,致茂群益97購01  ,0,0,0,0,0,0,0,0,0,26000,0,0,0,59000,33000,26000,26000
054859,鴻海群益97購02  ,0,0,0,0,0,0,0,0,0,26000,0,0,0,29000,3000,26000,26000
054842,台達電兆豐98購01,0,0,0,0,0,0,0,0,0,26000,0,0,0,38000,12000,26000,26000
05529P,臺股指群益96售02,0,0,0,0,0,0,0,0,0,26000,0,0,0,49000,23000,26000,26000
055094,智易群益98購01  ,0,0,0,0,0,0,0,0,0,26000,0,0,0,26000,0,26000,26000
055854,群創元大98購04  ,0,0,0,0,0,0,0,0,0,26000,0,0,0,30000,4000,26000,26000
04381P,世紀鋼元大94售01,0,0,0,0,0,0,0,0,0,26000,0,0,0,26000,0,26000,26000
03950P,聯發科中信93售03,0,0,0,0,0,0,0,0,0,26000,0,0,0,38000,12000,26000,26000
036804,國巨元富93購01  ,0,0,0,0,0,0,0,0,0,26000,0,0,0,145000,119000,26000,26000
045529,大立光永豐92購03,0,0,0,0,0,0,0,0,0,26000,0,0,0,26000,0,26000,26000
046166,嘉聯益兆豐93購01,0,0,0,0,0,0,0,0,0,26000,0,0,0,26000,0,26000,26000
048998,玉晶光國票95購03,0,0,0,0,0,0,0,0,0,26000,0,0,0,96000,70000,26000,26000
049247,光寶科元大94購02,0,0,0,0,0,0,0,0,0,26000,0,0,0,175000,149000,26000,26000
047434,台積電元大93購21,0,0,0,0,0,0,0,0,0,26000,0,0,0,26000,0,26000,26000
049720,欣興凱基94購05  ,0,0,0,0,0,0,0,0,0,26000,0,0,0,91000,65000,26000,26000
052869,新日興凱基96購01,0,0,0,0,0,0,0,0,0,26000,0,0,0,55000,29000,26000,26000
053245,全新國票97購01  ,0,0,0,0,0,0,0,0,0,26000,0,0,0,50000,24000,26000,26000
052524,新光金元大9B購01,0,0,0,0,0,0,0,0,0,26000,0,0,0,26000,0,26000,26000
052740,聯發科元大96購07,0,0,0,0,0,0,0,0,0,26000,0,0,0,26000,0,26000,26000
051036,喬山台新95購01  ,0,0,0,0,0,0,0,0,0,26000,0,0,0,94000,68000,26000,26000
051155,聯發科國泰96購01,0,0,0,0,0,0,0,0,0,26000,0,0,0,193000,167000,26000,26000
050712,和碩中信94購01  ,0,0,0,0,0,0,0,0,0,26000,0,0,0,26000,0,26000,26000
051603,深中小群益99購03,0,0,0,0,0,0,0,0,0,26000,0,0,0,26000,0,26000,26000
052026,漢唐群益95購01  ,0,0,0,0,0,0,0,0,0,26000,0,0,0,30000,4000,26000,26000
08599P,台表科元大9C售11,0,0,0,0,0,0,0,0,0,26000,0,0,0,26000,0,26000,26000
05917P,宏達電元大96售02,0,0,0,0,0,0,0,0,0,26000,0,0,0,26000,0,26000,26000
05670P,台積電國票98售01,0,0,0,0,0,0,0,0,0,26000,0,0,0,110000,84000,26000,26000
055951,大成鋼元大97購02,0,0,0,0,0,0,0,0,0,26000,0,0,0,26000,0,26000,26000
056019,燿華群益97購02  ,0,0,0,0,0,0,0,0,0,26000,0,0,0,26000,0,26000,26000
055339,緯穎兆豐98購01  ,0,0,0,0,0,0,0,0,0,25000,0,0,0,94000,69000,25000,25000
055278,旺宏元大98購05  ,0,0,0,0,0,0,0,0,0,25000,0,0,0,61000,36000,25000,25000
054915,興勤凱基97購01  ,0,0,0,0,0,0,0,0,0,25000,0,0,0,25000,0,25000,25000
053491,鴻海兆豐97購02  ,0,0,0,0,0,0,0,0,0,25000,0,0,0,30000,5000,25000,25000
053387,緯創元大97購01  ,0,0,0,0,0,0,0,0,0,25000,0,0,0,79000,54000,25000,25000
054592,美律永昌9A購01  ,0,0,0,0,0,0,0,0,0,25000,0,0,0,25000,0,25000,25000
054371,台積電中信9C購01,0,0,0,0,0,0,0,0,0,25000,0,0,0,141000,116000,25000,25000
054356,可成兆豐97購01  ,0,0,0,0,0,0,0,0,0,25000,0,0,0,25000,0,25000,25000
046190,宏盛凱基92購01  ,0,0,0,0,0,0,0,0,0,25000,0,0,0,25000,0,25000,25000
046572,貿聯國泰94購01  ,0,0,0,0,0,0,0,0,0,25000,0,0,0,50000,25000,25000,25000
046031,建準元大92購03  ,0,0,0,0,0,0,0,0,0,25000,0,0,0,25000,0,25000,25000
03885P,華新科統一96售01,0,0,0,0,0,0,0,0,0,25000,0,0,0,30000,5000,25000,25000
04136P,智邦元大93售09  ,0,0,0,0,0,0,0,0,0,25000,0,0,0,165000,140000,25000,25000
049692,可成元大94購07  ,0,0,0,0,0,0,0,0,0,25000,0,0,0,140000,115000,25000,25000
04959P,可成凱基94售14  ,0,0,0,0,0,0,0,0,0,25000,0,0,0,25000,0,25000,25000
049318,樺漢凱基94購01  ,0,0,0,0,0,0,0,0,0,25000,0,0,0,60000,35000,25000,25000
048818,台達電凱基94購01,0,0,0,0,0,0,0,0,0,25000,0,0,0,25000,0,25000,25000
048240,嘉聯益國票94購03,0,0,0,0,0,0,0,0,0,25000,0,0,0,25000,0,25000,25000
049425,喬山兆豐95購01  ,0,0,0,0,0,0,0,0,0,25000,0,0,0,50000,25000,25000,25000
052031,臺股指群益95購04,0,0,0,0,0,0,0,0,0,25000,0,0,0,61000,36000,25000,25000
051996,康友元大95購01  ,0,0,0,0,0,0,0,0,0,25000,0,0,0,27000,2000,25000,25000
051782,昇陽半群益95購01,0,0,0,0,0,0,0,0,0,25000,0,0,0,25000,0,25000,25000
050603,致新國泰96購01  ,0,0,0,0,0,0,0,0,0,25000,0,0,0,130000,105000,25000,25000
050609,鴻海元大94購23  ,0,0,0,0,0,0,0,0,0,25000,0,0,0,25000,0,25000,25000
051190,可成兆豐95購03  ,0,0,0,0,0,0,0,0,0,25000,0,0,0,25000,0,25000,25000
052257,燿華國泰96購01  ,0,0,0,0,0,0,0,0,0,25000,0,0,0,25000,0,25000,25000
052334,大成鋼日盛95購01,0,0,0,0,0,0,0,0,0,25000,0,0,0,40000,15000,25000,25000
05206P,南茂元大95售01  ,0,0,0,0,0,0,0,0,0,25000,0,0,0,25000,0,25000,25000
053313,世紀鋼凱基96購01,0,0,0,0,0,0,0,0,0,25000,0,0,0,25000,0,25000,25000
053191,奇鋐統一96購01  ,0,0,0,0,0,0,0,0,0,25000,0,0,0,25000,0,25000,25000
05286P,矽力統一95售02  ,0,0,0,0,0,0,0,0,0,25000,0,0,0,25000,0,25000,25000
052898,樺漢群益96購01  ,0,0,0,0,0,0,0,0,0,25000,0,0,0,25000,0,25000,25000
05964P,華通凱基96售06  ,0,0,0,0,0,0,0,0,0,25000,0,0,0,25000,0,25000,25000
3669,圓展            ,4000,4000,0,0,0,0,25000,0,25000,0,0,0,0,0,0,0,25000
054525,奇鋐元富96購01  ,0,0,0,0,0,0,0,0,0,24000,0,0,0,24000,0,24000,24000
054565,玉晶光群益99購02,0,0,0,0,0,0,0,0,0,24000,0,0,0,29000,5000,24000,24000
053536,明泰永豐96購01  ,0,0,0,0,0,0,0,0,0,24000,0,0,0,24000,0,24000,24000
053597,牧德元大99購01  ,0,0,0,0,0,0,0,0,0,24000,0,0,0,60000,36000,24000,24000
054803,味全元大9A購01  ,0,0,0,0,0,0,0,0,0,24000,0,0,0,24000,0,24000,24000
04138P,智邦國票93售02  ,0,0,0,0,0,0,0,0,0,24000,0,0,0,24000,0,24000,24000
04131P,裕隆群益93售01  ,0,0,0,0,0,0,0,0,0,24000,0,0,0,34000,10000,24000,24000
046916,欣興台新93購01  ,0,0,0,0,0,0,0,0,0,24000,0,0,0,34000,10000,24000,24000
03740P,奇鋐群益94售01  ,0,0,0,0,0,0,0,0,0,24000,0,0,0,44000,20000,24000,24000
043771,鴻海兆豐92購01  ,0,0,0,0,0,0,0,0,0,24000,0,0,0,24000,0,24000,24000
047145,鴻海群益95購01  ,0,0,0,0,0,0,0,0,0,24000,0,0,0,30000,6000,24000,24000
050189,旭富元大94購01  ,0,0,0,0,0,0,0,0,0,24000,0,0,0,24000,0,24000,24000
050107,鴻海元大94購12  ,0,0,0,0,0,0,0,0,0,24000,0,0,0,25000,1000,24000,24000
049446,為升統一94購01  ,0,0,0,0,0,0,0,0,0,24000,0,0,0,24000,0,24000,24000
047458,聯發科群益93購08,0,0,0,0,0,0,0,0,0,24000,0,0,0,24000,0,24000,24000
048736,台達電統一94購01,0,0,0,0,0,0,0,0,0,24000,0,0,0,195000,171000,24000,24000
047796,臺股指群益93購07,0,0,0,0,0,0,0,0,0,24000,0,0,0,24000,0,24000,24000
048950,達方永豐94購01  ,0,0,0,0,0,0,0,0,0,24000,0,0,0,24000,0,24000,24000
04892P,聯發科元大94售14,0,0,0,0,0,0,0,0,0,24000,0,0,0,24000,0,24000,24000
052950,超眾國票98購01  ,0,0,0,0,0,0,0,0,0,24000,0,0,0,30000,6000,24000,24000
051241,台積電元大95購13,0,0,0,0,0,0,0,0,0,24000,0,0,0,24000,0,24000,24000
051246,美律元大96購01  ,0,0,0,0,0,0,0,0,0,24000,0,0,0,39000,15000,24000,24000
050530,台表科元大95購04,0,0,0,0,0,0,0,0,0,24000,0,0,0,30000,6000,24000,24000
051377,鴻海群益95購07  ,0,0,0,0,0,0,0,0,0,24000,0,0,0,80000,56000,24000,24000
05923P,旺宏元富96售05  ,0,0,0,0,0,0,0,0,0,24000,0,0,0,24000,0,24000,24000
05908P,大立光元富96售05,0,0,0,0,0,0,0,0,0,24000,0,0,0,25000,1000,24000,24000
05855P,滬深2X中信9C售01,0,0,0,0,0,0,0,0,0,24000,0,0,0,95000,71000,24000,24000
6415,矽力-KY         ,425000,392692,32308,0,0,0,9000,20000,-11000,2000,5000,4000,1000,1000,0,1000,23308
054793,牧德群益9A購01  ,0,0,0,0,0,0,0,0,0,23000,0,0,0,73000,50000,23000,23000
053571,奇鋐統一96購02  ,0,0,0,0,0,0,0,0,0,23000,0,0,0,40000,17000,23000,23000
053644,台表科國票97購03,0,0,0,0,0,0,0,0,0,23000,0,0,0,23000,0,23000,23000
053511,鴻海群益96購04  ,0,0,0,0,0,0,0,0,0,23000,0,0,0,31000,8000,23000,23000
053728,茂林凱基97購01  ,0,0,0,0,0,0,0,0,0,23000,0,0,0,27000,4000,23000,23000
053797,台積電中信98購01,0,0,0,0,0,0,0,0,0,23000,0,0,0,95000,72000,23000,23000
05421P,鴻海元大96售12  ,0,0,0,0,0,0,0,0,0,23000,0,0,0,83000,60000,23000,23000
054162,光罩凱基98購01  ,0,0,0,0,0,0,0,0,0,23000,0,0,0,33000,10000,23000,23000
046357,聯發科台新92購01,0,0,0,0,0,0,0,0,0,23000,0,0,0,23000,0,23000,23000
046389,百和凱基93購04  ,0,0,0,0,0,0,0,0,0,23000,0,0,0,50000,27000,23000,23000
045111,亞德客永豐92購01,0,0,0,0,0,0,0,0,0,23000,0,0,0,23000,0,23000,23000
045446,鴻海國泰94購01  ,0,0,0,0,0,0,0,0,0,23000,0,0,0,23000,0,23000,23000
049269,超眾元大96購02  ,0,0,0,0,0,0,0,0,0,23000,0,0,0,23000,0,23000,23000
049500,聯茂元大94購04  ,0,0,0,0,0,0,0,0,0,23000,0,0,0,33000,10000,23000,23000
048550,中鴻元大96購01  ,0,0,0,0,0,0,0,0,0,23000,0,0,0,23000,0,23000,23000
04835P,鴻海元大94售18  ,0,0,0,0,0,0,0,0,0,23000,0,0,0,85000,62000,23000,23000
051350,台積電元大95購14,0,0,0,0,0,0,0,0,0,23000,0,0,0,30000,7000,23000,23000
050921,旺宏凱基95購02  ,0,0,0,0,0,0,0,0,0,23000,0,0,0,60000,37000,23000,23000
052996,聯電康和96購01  ,0,0,0,0,0,0,0,0,0,23000,0,0,0,91000,68000,23000,23000
053293,聯發科中信9B購01,0,0,0,0,0,0,0,0,0,23000,0,0,0,38000,15000,23000,23000
05703P,矽力群益96售03  ,0,0,0,0,0,0,0,0,0,23000,0,0,0,23000,0,23000,23000
05667P,旺宏台新96售01  ,0,0,0,0,0,0,0,0,0,23000,0,0,0,59000,36000,23000,23000
06155P,智邦統一97售02  ,0,0,0,0,0,0,0,0,0,23000,0,0,0,23000,0,23000,23000
054330,世芯永豐96購02  ,0,0,0,0,0,0,0,0,0,22000,0,0,0,37000,15000,22000,22000
05444P,大立光元大95售10,0,0,0,0,0,0,0,0,0,22000,0,0,0,22000,0,22000,22000
053620,臺股指群益96購06,0,0,0,0,0,0,0,0,0,22000,0,0,0,22000,0,22000,22000
054721,揚明光永豐97購03,0,0,0,0,0,0,0,0,0,22000,0,0,0,22000,0,22000,22000
054877,百和群益98購01  ,0,0,0,0,0,0,0,0,0,22000,0,0,0,40000,18000,22000,22000
05486P,大立光凱基95售14,0,0,0,0,0,0,0,0,0,22000,0,0,0,22000,0,22000,22000
055569,聚陽統一98購01  ,0,0,0,0,0,0,0,0,0,22000,0,0,0,40000,18000,22000,22000
055920,智伸科凱基97購02,0,0,0,0,0,0,0,0,0,22000,0,0,0,22000,0,22000,22000
049004,聯發科中信96購01,0,0,0,0,0,0,0,0,0,22000,0,0,0,32000,10000,22000,22000
049128,滬深2X元大97購03,0,0,0,0,0,0,0,0,0,22000,0,0,0,22000,0,22000,22000
045384,強茂元大92購01  ,0,0,0,0,0,0,0,0,0,22000,0,0,0,22000,0,22000,22000
045052,聯發科元富92購01,0,0,0,0,0,0,0,0,0,22000,0,0,0,23000,1000,22000,22000
046468,日月光台新92購01,0,0,0,0,0,0,0,0,0,22000,0,0,0,22000,0,22000,22000
046944,奇力新元大96購01,0,0,0,0,0,0,0,0,0,22000,0,0,0,40000,18000,22000,22000
046287,禾伸堂兆豐92購01,0,0,0,0,0,0,0,0,0,22000,0,0,0,22000,0,22000,22000
044604,嘉聯益國泰93購01,0,0,0,0,0,0,0,0,0,22000,0,0,0,80000,58000,22000,22000
046739,全新群益93購01  ,0,0,0,0,0,0,0,0,0,22000,0,0,0,50000,28000,22000,22000
04421P,玉晶光永豐94售02,0,0,0,0,0,0,0,0,0,22000,0,0,0,27000,5000,22000,22000
00663L,國泰臺灣加權正2 ,0,32000,-32000,0,0,0,0,0,0,54000,0,0,0,75000,21000,54000,22000
048781,臺股指凱基96購01,0,0,0,0,0,0,0,0,0,22000,0,0,0,76000,54000,22000,22000
04868P,可成統一94售03  ,0,0,0,0,0,0,0,0,0,22000,0,0,0,22000,0,22000,22000
049940,臺股指元大94購21,0,0,0,0,0,0,0,0,0,22000,0,0,0,22000,0,22000,22000
048851,台達電群益94購01,0,0,0,0,0,0,0,0,0,22000,0,0,0,22000,0,22000,22000
053128,瀚宇博凱基96購01,0,0,0,0,0,0,0,0,0,22000,0,0,0,32000,10000,22000,22000
05285P,同欣電群益95售02,0,0,0,0,0,0,0,0,0,22000,0,0,0,22000,0,22000,22000
052747,京鼎元大97購01  ,0,0,0,0,0,0,0,0,0,22000,0,0,0,46000,24000,22000,22000
052252,大立光永豐95購03,0,0,0,0,0,0,0,0,0,22000,0,0,0,22000,0,22000,22000
052552,智邦國票97購01  ,0,0,0,0,0,0,0,0,0,22000,0,0,0,29000,7000,22000,22000
052464,大立光統一95購05,0,0,0,0,0,0,0,0,0,22000,0,0,0,23000,1000,22000,22000
052450,嘉澤元大95購03  ,0,0,0,0,0,0,0,0,0,22000,0,0,0,43000,21000,22000,22000
050662,智易元大96購01  ,0,0,0,0,0,0,0,0,0,22000,0,0,0,22000,0,22000,22000
050652,大立光凱基96購03,0,0,0,0,0,0,0,0,0,22000,0,0,0,22000,0,22000,22000
051083,A50正2元大98購01,0,0,0,0,0,0,0,0,0,22000,0,0,0,22000,0,22000,22000
051495,玉晶光第一95購02,0,0,0,0,0,0,0,0,0,22000,0,0,0,30000,8000,22000,22000
051598,瑞昱兆豐95購01  ,0,0,0,0,0,0,0,0,0,22000,0,0,0,75000,53000,22000,22000
051790,貿聯國票95購03  ,0,0,0,0,0,0,0,0,0,22000,0,0,0,42000,20000,22000,22000
06320P,上銀統一97售04  ,0,0,0,0,0,0,0,0,0,22000,0,0,0,23000,1000,22000,22000
05640P,旺宏元富96售03  ,0,0,0,0,0,0,0,0,0,22000,0,0,0,22000,0,22000,22000
056027,樺漢群益97購02  ,0,0,0,0,0,0,0,0,0,22000,0,0,0,22000,0,22000,22000
05743P,創意元大96售01  ,0,0,0,0,0,0,0,0,0,22000,0,0,0,22000,0,22000,22000
5706,鳳凰            ,47000,17000,30000,0,0,0,0,0,0,-8000,0,8000,-8000,0,0,0,22000
055546,台積電凱基97購12,0,0,0,0,0,0,0,0,0,21000,0,0,0,39000,18000,21000,21000
055525,國巨群益98購05  ,0,0,0,0,0,0,0,0,0,21000,0,0,0,21000,0,21000,21000
054841,亞德客兆豐97購01,0,0,0,0,0,0,0,0,0,21000,0,0,0,38000,17000,21000,21000
05497P,聯詠統一96售01  ,0,0,0,0,0,0,0,0,0,21000,0,0,0,99000,78000,21000,21000
053821,群創群益98購08  ,0,0,0,0,0,0,0,0,0,21000,0,0,0,81000,60000,21000,21000
054002,GIS群益96購03   ,0,0,0,0,0,0,0,0,0,21000,0,0,0,21000,0,21000,21000
054569,GIS群益98購01   ,0,0,0,0,0,0,0,0,0,21000,0,0,0,21000,0,21000,21000
054116,順德康和96購01  ,0,0,0,0,0,0,0,0,0,21000,0,0,0,21000,0,21000,21000
054091,晶豪科群益96購01,0,0,0,0,0,0,0,0,0,21000,0,0,0,21000,0,21000,21000
054088,華新群益98購02  ,0,0,0,0,0,0,0,0,0,21000,0,0,0,33000,12000,21000,21000
03712P,京元電統一93售02,0,0,0,0,0,0,0,0,0,21000,0,0,0,21000,0,21000,21000
046911,達方凱基93購01  ,0,0,0,0,0,0,0,0,0,21000,0,0,0,41000,20000,21000,21000
044296,嘉聯益凱基93購01,0,0,0,0,0,0,0,0,0,21000,0,0,0,41000,20000,21000,21000
044280,T50反1凱基94購02,0,0,0,0,0,0,0,0,0,21000,0,0,0,21000,0,21000,21000
04045P,鴻海元大93售19  ,0,0,0,0,0,0,0,0,0,21000,0,0,0,51000,30000,21000,21000
04076P,臺股指凱基93售12,0,0,0,0,0,0,0,0,0,21000,0,0,0,271000,250000,21000,21000
04178P,聯茂元大93售07  ,0,0,0,0,0,0,0,0,0,21000,0,0,0,21000,0,21000,21000
044898,旺宏凱基93購01  ,0,0,0,0,0,0,0,0,0,21000,0,0,0,65000,44000,21000,21000
048261,鴻海元富95購01  ,0,0,0,0,0,0,0,0,0,21000,0,0,0,55000,34000,21000,21000
05049P,矽創永豐95售01  ,0,0,0,0,0,0,0,0,0,21000,0,0,0,265000,244000,21000,21000
051486,玉晶光凱基97購03,0,0,0,0,0,0,0,0,0,21000,0,0,0,110000,89000,21000,21000
051471,國巨凱基97購01  ,0,0,0,0,0,0,0,0,0,21000,0,0,0,26000,5000,21000,21000
051412,奇力新國票96購01,0,0,0,0,0,0,0,0,0,21000,0,0,0,49000,28000,21000,21000
051242,台積電元大96購06,0,0,0,0,0,0,0,0,0,21000,0,0,0,204000,183000,21000,21000
052504,鴻海日盛95購03  ,0,0,0,0,0,0,0,0,0,21000,0,0,0,1083000,1062000,21000,21000
052143,鴻海群益95購09  ,0,0,0,0,0,0,0,0,0,21000,0,0,0,21000,0,21000,21000
053080,力山元大96購02  ,0,0,0,0,0,0,0,0,0,21000,0,0,0,30000,9000,21000,21000
053068,智伸科群益96購01,0,0,0,0,0,0,0,0,0,21000,0,0,0,21000,0,21000,21000
053325,GIS群益96購02   ,0,0,0,0,0,0,0,0,0,21000,0,0,0,21000,0,21000,21000
911616,杜康-DR         ,39000,18000,21000,0,0,0,0,0,0,0,0,0,0,0,0,0,21000
05894P,友達群益98售02  ,0,0,0,0,0,0,0,0,0,21000,0,0,0,21000,0,21000,21000
05996P,華新科群益96售03,0,0,0,0,0,0,0,0,0,21000,0,0,0,21000,0,21000,21000
06029P,聯發科台新96售02,0,0,0,0,0,0,0,0,0,21000,0,0,0,30000,9000,21000,21000
6214,精誠            ,258000,248801,9199,0,0,0,0,0,0,11000,1000,0,1000,10000,0,10000,20199
054068,華通國泰96購02  ,0,0,0,0,0,0,0,0,0,20000,0,0,0,20000,0,20000,20000
054079,鴻海中信98購02  ,0,0,0,0,0,0,0,0,0,20000,0,0,0,20000,0,20000,20000
054052,日月光元大96購06,0,0,0,0,0,0,0,0,0,20000,0,0,0,20000,0,20000,20000
054131,南亞科元大96購04,0,0,0,0,0,0,0,0,0,20000,0,0,0,60000,40000,20000,20000
054153,宏達電國泰97購01,0,0,0,0,0,0,0,0,0,20000,0,0,0,68000,48000,20000,20000
054138,晶技元大98購02  ,0,0,0,0,0,0,0,0,0,20000,0,0,0,32000,12000,20000,20000
054225,華新元富96購01  ,0,0,0,0,0,0,0,0,0,20000,0,0,0,30000,10000,20000,20000
054531,聯發科國泰97購02,0,0,0,0,0,0,0,0,0,20000,0,0,0,20000,0,20000,20000
054526,道瓊反統一98購01,0,0,0,0,0,0,0,0,0,20000,0,0,0,20000,0,20000,20000
054488,禾伸堂台新96購01,0,0,0,0,0,0,0,0,0,20000,0,0,0,20000,0,20000,20000
054611,全新永豐97購01  ,0,0,0,0,0,0,0,0,0,20000,0,0,0,20000,0,20000,20000
054576,健策元大98購03  ,0,0,0,0,0,0,0,0,0,20000,0,0,0,61000,41000,20000,20000
054630,聯鈞凱基98購01  ,0,0,0,0,0,0,0,0,0,20000,0,0,0,86000,66000,20000,20000
054449,中環第一96購01  ,0,0,0,0,0,0,0,0,0,20000,0,0,0,20000,0,20000,20000
054456,華泰群益99購01  ,0,0,0,0,0,0,0,0,0,20000,0,0,0,30000,10000,20000,20000
053775,鴻海元大96購21  ,0,0,0,0,0,0,0,0,0,20000,0,0,0,20000,0,20000,20000
053678,南亞科富邦97購01,0,0,0,0,0,0,0,0,0,20000,0,0,0,20000,0,20000,20000
053548,旺宏凱基96購04  ,0,0,0,0,0,0,0,0,0,20000,0,0,0,39000,19000,20000,20000
053549,南亞科凱基96購02,0,0,0,0,0,0,0,0,0,20000,0,0,0,20000,0,20000,20000
053520,康友群益96購01  ,0,0,0,0,0,0,0,0,0,20000,0,0,0,25000,5000,20000,20000
053380,南亞科元大97購01,0,0,0,0,0,0,0,0,0,20000,0,0,0,20000,0,20000,20000
053361,友達元富99購01  ,0,0,0,0,0,0,0,0,0,20000,0,0,0,20000,0,20000,20000
053403,彩晶群益98購01  ,0,0,0,0,0,0,0,0,0,20000,0,0,0,20000,0,20000,20000
053416,光磊台新97購01  ,0,0,0,0,0,0,0,0,0,20000,0,0,0,20000,0,20000,20000
055083,康友中信97購01  ,0,0,0,0,0,0,0,0,0,20000,0,0,0,20000,0,20000,20000
055286,晶技元大98購03  ,0,0,0,0,0,0,0,0,0,20000,0,0,0,96000,76000,20000,20000
055247,聯發科統一98購01,0,0,0,0,0,0,0,0,0,20000,0,0,0,20000,0,20000,20000
055251,華新科統一99購01,0,0,0,0,0,0,0,0,0,20000,0,0,0,68000,48000,20000,20000
055191,牧德元富97購01  ,0,0,0,0,0,0,0,0,0,20000,0,0,0,20000,0,20000,20000
055171,凱美統一97購01  ,0,0,0,0,0,0,0,0,0,20000,0,0,0,20000,0,20000,20000
054855,得力群益98購01  ,0,0,0,0,0,0,0,0,0,20000,0,0,0,30000,10000,20000,20000
054937,國巨元大97購03  ,0,0,0,0,0,0,0,0,0,20000,0,0,0,24000,4000,20000,20000
054941,凱美元大97購01  ,0,0,0,0,0,0,0,0,0,20000,0,0,0,20000,0,20000,20000
054681,味全永豐97購01  ,0,0,0,0,0,0,0,0,0,20000,0,0,0,20000,0,20000,20000
054799,超眾群益98購01  ,0,0,0,0,0,0,0,0,0,20000,0,0,0,20000,0,20000,20000
054755,世紀鋼凱基98購01,0,0,0,0,0,0,0,0,0,20000,0,0,0,20000,0,20000,20000
055512,聯詠兆豐97購01  ,0,0,0,0,0,0,0,0,0,20000,0,0,0,20000,0,20000,20000
055550,華邦電凱基97購03,0,0,0,0,0,0,0,0,0,20000,0,0,0,30000,10000,20000,20000
055545,國巨凱基97購06  ,0,0,0,0,0,0,0,0,0,20000,0,0,0,20000,0,20000,20000
055585,國巨元大98購08  ,0,0,0,0,0,0,0,0,0,20000,0,0,0,20000,0,20000,20000
055351,聯發科凱基97購03,0,0,0,0,0,0,0,0,0,20000,0,0,0,22000,2000,20000,20000
055348,旺宏凱基97購01  ,0,0,0,0,0,0,0,0,0,20000,0,0,0,27000,7000,20000,20000
055914,大立光凱基97購13,0,0,0,0,0,0,0,0,0,20000,0,0,0,20000,0,20000,20000
055696,華新科國票98購01,0,0,0,0,0,0,0,0,0,20000,0,0,0,20000,0,20000,20000
044860,元油2X中信93購01,0,0,0,0,0,0,0,0,0,20000,0,0,0,20000,0,20000,20000
045993,美律富邦93購01  ,0,0,0,0,0,0,0,0,0,20000,0,0,0,20000,0,20000,20000
045986,南亞科永昌93購01,0,0,0,0,0,0,0,0,0,20000,0,0,0,45000,25000,20000,20000
044613,智易兆豐94購01  ,0,0,0,0,0,0,0,0,0,20000,0,0,0,20000,0,20000,20000
045768,大立光元富95購02,0,0,0,0,0,0,0,0,0,20000,0,0,0,21000,1000,20000,20000
046706,智邦台新93購01  ,0,0,0,0,0,0,0,0,0,20000,0,0,0,20000,0,20000,20000
044376,日月光兆豐92購01,0,0,0,0,0,0,0,0,0,20000,0,0,0,20000,0,20000,20000
044377,南茂兆豐93購01  ,0,0,0,0,0,0,0,0,0,20000,0,0,0,30000,10000,20000,20000
046300,嘉聯益富邦94購01,0,0,0,0,0,0,0,0,0,20000,0,0,0,40000,20000,20000,20000
046341,A50正2國票93購01,0,0,0,0,0,0,0,0,0,20000,0,0,0,20000,0,20000,20000
046346,旺宏兆豐92購02  ,0,0,0,0,0,0,0,0,0,20000,0,0,0,20000,0,20000,20000
046569,同欣電元富92購02,0,0,0,0,0,0,0,0,0,20000,0,0,0,20000,0,20000,20000
046560,南亞科凱基92購04,0,0,0,0,0,0,0,0,0,20000,0,0,0,40000,20000,20000,20000
046660,宏達電元大93購07,0,0,0,0,0,0,0,0,0,20000,0,0,0,20000,0,20000,20000
046138,鴻海統一92購07  ,0,0,0,0,0,0,0,0,0,20000,0,0,0,20000,0,20000,20000
046188,京元電凱基92購06,0,0,0,0,0,0,0,0,0,20000,0,0,0,20000,0,20000,20000
045616,冠德台新92購01  ,0,0,0,0,0,0,0,0,0,20000,0,0,0,20000,0,20000,20000
045578,建準元大92購02  ,0,0,0,0,0,0,0,0,0,20000,0,0,0,20000,0,20000,20000
045579,全新元大93購03  ,0,0,0,0,0,0,0,0,0,20000,0,0,0,20000,0,20000,20000
045358,嘉聯益凱基92購01,0,0,0,0,0,0,0,0,0,20000,0,0,0,30000,10000,20000,20000
045404,智邦台新92購01  ,0,0,0,0,0,0,0,0,0,20000,0,0,0,20000,0,20000,20000
045158,和碩凱基92購01  ,0,0,0,0,0,0,0,0,0,20000,0,0,0,20000,0,20000,20000
045235,致茂中信93購01  ,0,0,0,0,0,0,0,0,0,20000,0,0,0,60000,40000,20000,20000
045258,漢唐凱基93購01  ,0,0,0,0,0,0,0,0,0,20000,0,0,0,20000,0,20000,20000
049105,亞泥富邦94購01  ,0,0,0,0,0,0,0,0,0,20000,0,0,0,20000,0,20000,20000
049107,緯創富邦94購01  ,0,0,0,0,0,0,0,0,0,20000,0,0,0,20000,0,20000,20000
048986,訊連元大94購01  ,0,0,0,0,0,0,0,0,0,20000,0,0,0,50000,30000,20000,20000
049416,美律凱基94購04  ,0,0,0,0,0,0,0,0,0,20000,0,0,0,20000,0,20000,20000
049397,台達電群益94購03,0,0,0,0,0,0,0,0,0,20000,0,0,0,20000,0,20000,20000
049351,揚明光永豐94購01,0,0,0,0,0,0,0,0,0,20000,0,0,0,20000,0,20000,20000
04927P,大立光凱基95售06,0,0,0,0,0,0,0,0,0,20000,0,0,0,30000,10000,20000,20000
043655,微星富邦93購01  ,0,0,0,0,0,0,0,0,0,20000,0,0,0,20000,0,20000,20000
043378,宏達電元大93購02,0,0,0,0,0,0,0,0,0,20000,0,0,0,20000,0,20000,20000
043066,上銀兆豐93購02  ,0,0,0,0,0,0,0,0,0,20000,0,0,0,20000,0,20000,20000
040721,大立光富邦92購01,0,0,0,0,0,0,0,0,0,20000,0,0,0,20000,0,20000,20000
044282,上銀凱基93購03  ,0,0,0,0,0,0,0,0,0,20000,0,0,0,20000,0,20000,20000
04120P,智邦凱基93售09  ,0,0,0,0,0,0,0,0,0,20000,0,0,0,30000,10000,20000,20000
04100P,臺股指國票93售07,0,0,0,0,0,0,0,0,0,20000,0,0,0,70000,50000,20000,20000
04107P,元黃金中信94售01,0,0,0,0,0,0,0,0,0,20000,0,0,0,20000,0,20000,20000
046827,漢唐群益93購02  ,0,0,0,0,0,0,0,0,0,20000,0,0,0,20000,0,20000,20000
046358,義隆台新92購01  ,0,0,0,0,0,0,0,0,0,20000,0,0,0,20000,0,20000,20000
046880,瑞昱永昌93購01  ,0,0,0,0,0,0,0,0,0,20000,0,0,0,20000,0,20000,20000
046872,全新元富93購02  ,0,0,0,0,0,0,0,0,0,20000,0,0,0,20000,0,20000,20000
045730,鴻海第一92購01  ,0,0,0,0,0,0,0,0,0,20000,0,0,0,20000,0,20000,20000
042037,台灣50群益93購03,0,0,0,0,0,0,0,0,0,20000,0,0,0,33000,13000,20000,20000
03648P,健策元富92售01  ,0,0,0,0,0,0,0,0,0,20000,0,0,0,20000,0,20000,20000
03922P,中磊凱基93售01  ,0,0,0,0,0,0,0,0,0,20000,0,0,0,20000,0,20000,20000
043851,國泰金永昌93購01,0,0,0,0,0,0,0,0,0,20000,0,0,0,26000,6000,20000,20000
03563P,台灣50群益02售14,0,0,0,0,0,0,0,0,0,20000,0,0,0,20000,0,20000,20000
03566P,臺股指日盛03售01,0,0,0,0,0,0,0,0,0,20000,0,0,0,20000,0,20000,20000
050490,上証2X國泰95購01,0,0,0,0,0,0,0,0,0,20000,0,0,0,20000,0,20000,20000
050492,漢唐國泰96購01  ,0,0,0,0,0,0,0,0,0,20000,0,0,0,20000,0,20000,20000
05042P,GIS凱基95售03   ,0,0,0,0,0,0,0,0,0,20000,0,0,0,20000,0,20000,20000
050301,矽創凱基94購03  ,0,0,0,0,0,0,0,0,0,20000,0,0,0,20000,0,20000,20000
050088,禾伸堂台新94購01,0,0,0,0,0,0,0,0,0,20000,0,0,0,20000,0,20000,20000
050128,旺宏凱基94購04  ,0,0,0,0,0,0,0,0,0,20000,0,0,0,32000,12000,20000,20000
050766,燿華元大96購02  ,0,0,0,0,0,0,0,0,0,20000,0,0,0,40000,20000,20000,20000
050183,奇鋐元大96購01  ,0,0,0,0,0,0,0,0,0,20000,0,0,0,40000,20000,20000,20000
050836,緯穎凱基95購01  ,0,0,0,0,0,0,0,0,0,20000,0,0,0,30000,10000,20000,20000
050811,國巨凱基95購02  ,0,0,0,0,0,0,0,0,0,20000,0,0,0,20000,0,20000,20000
048220,鴻海凱基93購35  ,0,0,0,0,0,0,0,0,0,20000,0,0,0,30000,10000,20000,20000
047250,日月光群益94購01,0,0,0,0,0,0,0,0,0,20000,0,0,0,80000,60000,20000,20000
048888,牧德元富94購02  ,0,0,0,0,0,0,0,0,0,20000,0,0,0,20000,0,20000,20000
048889,牧德元富94購03  ,0,0,0,0,0,0,0,0,0,20000,0,0,0,20000,0,20000,20000
047235,嘉澤凱基93購01  ,0,0,0,0,0,0,0,0,0,20000,0,0,0,20000,0,20000,20000
048271,可成富邦95購02  ,0,0,0,0,0,0,0,0,0,20000,0,0,0,220000,200000,20000,20000
048657,大成鋼統一93購04,0,0,0,0,0,0,0,0,0,20000,0,0,0,60000,40000,20000,20000
048333,大立光富邦95購01,0,0,0,0,0,0,0,0,0,20000,0,0,0,20000,0,20000,20000
048443,旺宏凱基93購08  ,0,0,0,0,0,0,0,0,0,20000,0,0,0,38000,18000,20000,20000
048417,國巨統一94購01  ,0,0,0,0,0,0,0,0,0,20000,0,0,0,20000,0,20000,20000
048580,台達電富邦93購01,0,0,0,0,0,0,0,0,0,20000,0,0,0,20000,0,20000,20000
048514,嘉澤凱基93購06  ,0,0,0,0,0,0,0,0,0,20000,0,0,0,20000,0,20000,20000
048542,美利達台新93購01,0,0,0,0,0,0,0,0,0,20000,0,0,0,20000,0,20000,20000
049423,臺股指凱基95購02,0,0,0,0,0,0,0,0,0,20000,0,0,0,156000,136000,20000,20000
047101,南亞科富邦93購01,0,0,0,0,0,0,0,0,0,20000,0,0,0,20000,0,20000,20000
047070,華通兆豐93購01  ,0,0,0,0,0,0,0,0,0,20000,0,0,0,20000,0,20000,20000
047059,智邦日盛93購01  ,0,0,0,0,0,0,0,0,0,20000,0,0,0,20000,0,20000,20000
048089,智邦凱基93購10  ,0,0,0,0,0,0,0,0,0,20000,0,0,0,20000,0,20000,20000
048836,牧德凱基94購03  ,0,0,0,0,0,0,0,0,0,20000,0,0,0,35000,15000,20000,20000
048832,玉晶光凱基95購02,0,0,0,0,0,0,0,0,0,20000,0,0,0,30000,10000,20000,20000
049923,智原元大95購02  ,0,0,0,0,0,0,0,0,0,20000,0,0,0,20000,0,20000,20000
047685,嘉聯益國泰95購01,0,0,0,0,0,0,0,0,0,20000,0,0,0,20000,0,20000,20000
048813,元黃金凱基94購01,0,0,0,0,0,0,0,0,0,20000,0,0,0,20000,0,20000,20000
047968,南電國泰94購01  ,0,0,0,0,0,0,0,0,0,20000,0,0,0,36000,16000,20000,20000
047359,台達電群益93購01,0,0,0,0,0,0,0,0,0,20000,0,0,0,20000,0,20000,20000
047982,奇力新群益93購05,0,0,0,0,0,0,0,0,0,20000,0,0,0,20000,0,20000,20000
047990,臺指反元大96購02,0,0,0,0,0,0,0,0,0,20000,0,0,0,40000,20000,20000,20000
047414,智邦永昌93購01  ,0,0,0,0,0,0,0,0,0,20000,0,0,0,20000,0,20000,20000
049797,台積電元大94購17,0,0,0,0,0,0,0,0,0,20000,0,0,0,20000,0,20000,20000
049612,香港反中信96購01,0,0,0,0,0,0,0,0,0,20000,0,0,0,110000,90000,20000,20000
047903,滬深2X元大96購01,0,0,0,0,0,0,0,0,0,20000,0,0,0,25000,5000,20000,20000
047021,台光電元大93購03,0,0,0,0,0,0,0,0,0,20000,0,0,0,20000,0,20000,20000
047748,漢唐元富93購02  ,0,0,0,0,0,0,0,0,0,20000,0,0,0,20000,0,20000,20000
049228,台塑富邦94購01  ,0,0,0,0,0,0,0,0,0,20000,0,0,0,30000,10000,20000,20000
049177,美律凱基94購02  ,0,0,0,0,0,0,0,0,0,20000,0,0,0,20000,0,20000,20000
047856,GIS國票94購01   ,0,0,0,0,0,0,0,0,0,20000,0,0,0,20000,0,20000,20000
049746,全新永豐95購01  ,0,0,0,0,0,0,0,0,0,20000,0,0,0,20000,0,20000,20000
049742,日月光群益94購02,0,0,0,0,0,0,0,0,0,20000,0,0,0,32000,12000,20000,20000
049567,鴻海統一94購05  ,0,0,0,0,0,0,0,0,0,20000,0,0,0,20000,0,20000,20000
04955P,大立光日盛94售02,0,0,0,0,0,0,0,0,0,20000,0,0,0,20000,0,20000,20000
049641,台達電凱基94購08,0,0,0,0,0,0,0,0,0,20000,0,0,0,40000,20000,20000,20000
049650,啟碁凱基94購03  ,0,0,0,0,0,0,0,0,0,20000,0,0,0,20000,0,20000,20000
053270,台塑元大96購01  ,0,0,0,0,0,0,0,0,0,20000,0,0,0,20000,0,20000,20000
053254,群創國泰98購02  ,0,0,0,0,0,0,0,0,0,20000,0,0,0,20000,0,20000,20000
053102,祥碩元富96購01  ,0,0,0,0,0,0,0,0,0,20000,0,0,0,30000,10000,20000,20000
05314P,臺股指群益95售13,0,0,0,0,0,0,0,0,0,20000,0,0,0,25000,5000,20000,20000
052826,嘉聯益永豐96購01,0,0,0,0,0,0,0,0,0,20000,0,0,0,20000,0,20000,20000
052894,國巨群益96購03  ,0,0,0,0,0,0,0,0,0,20000,0,0,0,20000,0,20000,20000
052994,群創台新99購01  ,0,0,0,0,0,0,0,0,0,20000,0,0,0,50000,30000,20000,20000
052954,大成鋼日盛96購01,0,0,0,0,0,0,0,0,0,20000,0,0,0,20000,0,20000,20000
052980,上銀元大96購03  ,0,0,0,0,0,0,0,0,0,20000,0,0,0,20000,0,20000,20000
052151,義隆富邦96購01  ,0,0,0,0,0,0,0,0,0,20000,0,0,0,20000,0,20000,20000
052155,百和台新95購01  ,0,0,0,0,0,0,0,0,0,20000,0,0,0,30000,10000,20000,20000
052196,TPK元富95購01   ,0,0,0,0,0,0,0,0,0,20000,0,0,0,20000,0,20000,20000
052216,康友元大96購01  ,0,0,0,0,0,0,0,0,0,20000,0,0,0,20000,0,20000,20000
052086,鴻海元大96購08  ,0,0,0,0,0,0,0,0,0,20000,0,0,0,20000,0,20000,20000
052052,嘉澤凱基95購02  ,0,0,0,0,0,0,0,0,0,20000,0,0,0,20000,0,20000,20000
05222P,致伸凱基95售02  ,0,0,0,0,0,0,0,0,0,20000,0,0,0,20000,0,20000,20000
05226P,智邦統一95售01  ,0,0,0,0,0,0,0,0,0,20000,0,0,0,45000,25000,20000,20000
052278,國巨凱基95購06  ,0,0,0,0,0,0,0,0,0,20000,0,0,0,20000,0,20000,20000
052324,康友元大96購02  ,0,0,0,0,0,0,0,0,0,20000,0,0,0,20000,0,20000,20000
052520,南亞科元大95購06,0,0,0,0,0,0,0,0,0,20000,0,0,0,20000,0,20000,20000
052420,道瓊反國票9B購01,0,0,0,0,0,0,0,0,0,20000,0,0,0,40000,20000,20000,20000
05266P,華新科元大95售11,0,0,0,0,0,0,0,0,0,20000,0,0,0,20000,0,20000,20000
052633,國巨凱基96購05  ,0,0,0,0,0,0,0,0,0,20000,0,0,0,35000,15000,20000,20000
052628,樺漢中信96購01  ,0,0,0,0,0,0,0,0,0,20000,0,0,0,20000,0,20000,20000
052580,高鐵元富96購01  ,0,0,0,0,0,0,0,0,0,20000,0,0,0,20000,0,20000,20000
051214,大立光統一95購02,0,0,0,0,0,0,0,0,0,20000,0,0,0,30000,10000,20000,20000
051216,為升元富95購01  ,0,0,0,0,0,0,0,0,0,20000,0,0,0,20000,0,20000,20000
051208,GIS麥證95購01   ,0,0,0,20000,0,20000,0,0,0,20000,0,0,0,20000,0,20000,20000
051209,百和麥證95購01  ,0,0,0,20000,0,20000,0,0,0,20000,0,0,0,20000,0,20000,20000
051344,鴻海元大95購08  ,0,0,0,0,0,0,0,0,0,20000,0,0,0,20000,0,20000,20000
051037,大立光台新95購01,0,0,0,0,0,0,0,0,0,20000,0,0,0,58000,38000,20000,20000
051182,旺宏永豐95購01  ,0,0,0,0,0,0,0,0,0,20000,0,0,0,111000,91000,20000,20000
051124,創意群益95購01  ,0,0,0,0,0,0,0,0,0,20000,0,0,0,20000,0,20000,20000
050675,奇鋐富邦96購01  ,0,0,0,0,0,0,0,0,0,20000,0,0,0,20000,0,20000,20000
050670,牧德永豐94購03  ,0,0,0,0,0,0,0,0,0,20000,0,0,0,20000,0,20000,20000
050720,上証2X國票94購02,0,0,0,0,0,0,0,0,0,20000,0,0,0,20000,0,20000,20000
050540,台積電凱基94購38,0,0,0,0,0,0,0,0,0,20000,0,0,0,20000,0,20000,20000
050614,聯發科元大95購04,0,0,0,0,0,0,0,0,0,20000,0,0,0,52000,32000,20000,20000
050920,旺宏凱基95購01  ,0,0,0,0,0,0,0,0,0,20000,0,0,0,20000,0,20000,20000
050866,景碩永豐95購01  ,0,0,0,0,0,0,0,0,0,20000,0,0,0,20000,0,20000,20000
051386,富邦金麥證96購01,0,0,0,20000,0,20000,0,0,0,20000,0,0,0,20000,0,20000,20000
051472,台積電凱基95購09,0,0,0,0,0,0,0,0,0,20000,0,0,0,50000,30000,20000,20000
051596,超眾元大95購05  ,0,0,0,0,0,0,0,0,0,20000,0,0,0,20000,0,20000,20000
051588,聯詠元大95購03  ,0,0,0,0,0,0,0,0,0,20000,0,0,0,20000,0,20000,20000
051542,南茂國票96購01  ,0,0,0,0,0,0,0,0,0,20000,0,0,0,20000,0,20000,20000
051576,台積電元大97購02,0,0,0,0,0,0,0,0,0,20000,0,0,0,31000,11000,20000,20000
051684,瑞昱凱基95購02  ,0,0,0,0,0,0,0,0,0,20000,0,0,0,45000,25000,20000,20000
051685,台光電凱基95購01,0,0,0,0,0,0,0,0,0,20000,0,0,0,20000,0,20000,20000
051710,和碩群益95購01  ,0,0,0,0,0,0,0,0,0,20000,0,0,0,20000,0,20000,20000
051817,元金2X統一95購01,0,0,0,0,0,0,0,0,0,20000,0,0,0,20000,0,20000,20000
05179P,大立光凱基96售06,0,0,0,0,0,0,0,0,0,20000,0,0,0,25000,5000,20000,20000
051834,南電元大96購02  ,0,0,0,0,0,0,0,0,0,20000,0,0,0,20000,0,20000,20000
05187P,力山凱基95售01  ,0,0,0,0,0,0,0,0,0,20000,0,0,0,40000,20000,20000,20000
05199P,訊芯永豐95售02  ,0,0,0,0,0,0,0,0,0,20000,0,0,0,289000,269000,20000,20000
051967,康友永豐95購02  ,0,0,0,0,0,0,0,0,0,20000,0,0,0,20000,0,20000,20000
6412,群電            ,331000,269000,62000,0,0,0,2000,50000,-48000,6000,8000,3000,5000,1000,0,1000,20000
3058,立德            ,28000,8000,20000,0,0,0,0,0,0,0,0,0,0,0,0,0,20000
2527,宏璟            ,54000,32000,22000,0,0,0,0,0,0,-2000,0,2000,-2000,0,0,0,20000
05979P,華新科中信96售02,0,0,0,0,0,0,0,0,0,20000,0,0,0,20000,0,20000,20000
05925P,晶技永豐96售03  ,0,0,0,0,0,0,0,0,0,20000,0,0,0,20000,0,20000,20000
05691P,聯發科中信98售01,0,0,0,0,0,0,0,0,0,20000,0,0,0,20000,0,20000,20000
05806P,宏達電永豐96售03,0,0,0,0,0,0,0,0,0,20000,0,0,0,44000,24000,20000,20000
05812P,臺股指國票96售05,0,0,0,0,0,0,0,0,0,20000,0,0,0,20000,0,20000,20000
055959,美律元大97購03  ,0,0,0,0,0,0,0,0,0,20000,0,0,0,20000,0,20000,20000
05666P,聯發科凱基96售14,0,0,0,0,0,0,0,0,0,20000,0,0,0,52000,32000,20000,20000
06370P,貿聯凱基97售03  ,0,0,0,0,0,0,0,0,0,20000,0,0,0,21000,1000,20000,20000
06333P,臺股指群益9C售02,0,0,0,0,0,0,0,0,0,20000,0,0,0,42000,22000,20000,20000
055443,台虹國票98購01  ,0,0,0,0,0,0,0,0,0,19000,0,0,0,19000,0,19000,19000
055465,和大凱基97購03  ,0,0,0,0,0,0,0,0,0,19000,0,0,0,59000,40000,19000,19000
055482,聚陽元大97購02  ,0,0,0,0,0,0,0,0,0,19000,0,0,0,20000,1000,19000,19000
054887,大毅統一98購01  ,0,0,0,0,0,0,0,0,0,19000,0,0,0,100000,81000,19000,19000
055068,亞翔永豐97購01  ,0,0,0,0,0,0,0,0,0,19000,0,0,0,24000,5000,19000,19000
05459P,聯詠凱基95售03  ,0,0,0,0,0,0,0,0,0,19000,0,0,0,19000,0,19000,19000
054259,健策元大97購03  ,0,0,0,0,0,0,0,0,0,19000,0,0,0,127000,108000,19000,19000
03409P,台積電元大02售26,0,0,0,0,0,0,0,0,0,19000,0,0,0,25000,6000,19000,19000
03852P,華邦電凱基93售05,0,0,0,0,0,0,0,0,0,19000,0,0,0,20000,1000,19000,19000
045627,聯電凱基93購03  ,0,0,0,0,0,0,0,0,0,19000,0,0,0,20000,1000,19000,19000
041210,群創元富93購01  ,0,0,0,0,0,0,0,0,0,19000,0,0,0,83000,64000,19000,19000
043175,傳奇國泰93購01  ,0,0,0,0,0,0,0,0,0,19000,0,0,0,19000,0,19000,19000
049242,佳世達元富96購01,0,0,0,0,0,0,0,0,0,19000,0,0,0,50000,31000,19000,19000
045453,上銀元大92購07  ,0,0,0,0,0,0,0,0,0,19000,0,0,0,20000,1000,19000,19000
046476,鴻海統一96購01  ,0,0,0,0,0,0,0,0,0,19000,0,0,0,112000,93000,19000,19000
046482,超眾元富92購03  ,0,0,0,0,0,0,0,0,0,19000,0,0,0,19000,0,19000,19000
04439P,聯發科群益94售04,0,0,0,0,0,0,0,0,0,19000,0,0,0,72000,53000,19000,19000
046104,智伸科永豐92購02,0,0,0,0,0,0,0,0,0,19000,0,0,0,24000,5000,19000,19000
049507,和大凱基94購01  ,0,0,0,0,0,0,0,0,0,19000,0,0,0,23000,4000,19000,19000
048584,欣興富邦95購01  ,0,0,0,0,0,0,0,0,0,19000,0,0,0,55000,36000,19000,19000
048656,大立光元富93購05,0,0,0,0,0,0,0,0,0,19000,0,0,0,22000,3000,19000,19000
049464,燿華台新95購01  ,0,0,0,0,0,0,0,0,0,19000,0,0,0,20000,1000,19000,19000
050318,景碩國票94購02  ,0,0,0,0,0,0,0,0,0,19000,0,0,0,108000,89000,19000,19000
050425,國巨凱基94購12  ,0,0,0,0,0,0,0,0,0,19000,0,0,0,58000,39000,19000,19000
051983,道瓊反元大95購01,0,0,0,0,0,0,0,0,0,19000,0,0,0,55000,36000,19000,19000
051697,康友中信95購02  ,0,0,0,0,0,0,0,0,0,19000,0,0,0,55000,36000,19000,19000
051636,嘉晶國票95購02  ,0,0,0,0,0,0,0,0,0,19000,0,0,0,19000,0,19000,19000
050958,日月光台新95購01,0,0,0,0,0,0,0,0,0,19000,0,0,0,19000,0,19000,19000
050600,瑞儀國泰95購01  ,0,0,0,0,0,0,0,0,0,19000,0,0,0,20000,1000,19000,19000
051149,可成凱基95購04  ,0,0,0,0,0,0,0,0,0,19000,0,0,0,37000,18000,19000,19000
051231,健策群益97購01  ,0,0,0,0,0,0,0,0,0,19000,0,0,0,71000,52000,19000,19000
052179,康友元大95購03  ,0,0,0,0,0,0,0,0,0,19000,0,0,0,66000,47000,19000,19000
053292,美律中信98購01  ,0,0,0,0,0,0,0,0,0,19000,0,0,0,115000,96000,19000,19000
06130P,玉晶光元富97售07,0,0,0,0,0,0,0,0,0,19000,0,0,0,19000,0,19000,19000
054104,T50反1凱基9A購02,0,0,0,0,0,0,0,0,0,18000,0,0,0,102000,84000,18000,18000
054018,華新台新96購01  ,0,0,0,0,0,0,0,0,0,18000,0,0,0,38000,20000,18000,18000
053492,華邦電兆豐97購01,0,0,0,0,0,0,0,0,0,18000,0,0,0,38000,20000,18000,18000
053443,智邦凱基97購01  ,0,0,0,0,0,0,0,0,0,18000,0,0,0,43000,25000,18000,18000
053641,正文永豐96購01  ,0,0,0,0,0,0,0,0,0,18000,0,0,0,143000,125000,18000,18000
053953,群創台新97購01  ,0,0,0,0,0,0,0,0,0,18000,0,0,0,38000,20000,18000,18000
055071,群電永豐97購01  ,0,0,0,0,0,0,0,0,0,18000,0,0,0,18000,0,18000,18000
055207,致新中信99購01  ,0,0,0,0,0,0,0,0,0,18000,0,0,0,48000,30000,18000,18000
055267,百和永豐97購01  ,0,0,0,0,0,0,0,0,0,18000,0,0,0,20000,2000,18000,18000
055533,大立光群益97購03,0,0,0,0,0,0,0,0,0,18000,0,0,0,18000,0,18000,18000
055572,鴻海統一98購04  ,0,0,0,0,0,0,0,0,0,18000,0,0,0,18000,0,18000,18000
045795,瀚宇博兆豐94購01,0,0,0,0,0,0,0,0,0,18000,0,0,0,50000,32000,18000,18000
045369,康控兆豐93購01  ,0,0,0,0,0,0,0,0,0,18000,0,0,0,30000,12000,18000,18000
04141P,啟碁國票93售01  ,0,0,0,0,0,0,0,0,0,18000,0,0,0,18000,0,18000,18000
04234P,華通群益94售02  ,0,0,0,0,0,0,0,0,0,18000,0,0,0,23000,5000,18000,18000
03402P,大立光凱基02售07,0,0,0,0,0,0,0,0,0,18000,0,0,0,18000,0,18000,18000
050452,智原元大95購04  ,0,0,0,0,0,0,0,0,0,18000,0,0,0,40000,22000,18000,18000
050764,鴻海元大94購27  ,0,0,0,0,0,0,0,0,0,18000,0,0,0,22000,4000,18000,18000
047052,大毅國票93購01  ,0,0,0,0,0,0,0,0,0,18000,0,0,0,27000,9000,18000,18000
048553,光磊元大93購03  ,0,0,0,0,0,0,0,0,0,18000,0,0,0,28000,10000,18000,18000
049508,上銀凱基94購04  ,0,0,0,0,0,0,0,0,0,18000,0,0,0,18000,0,18000,18000
04916P,大立光永昌96售02,0,0,0,0,0,0,0,0,0,18000,0,0,0,28000,10000,18000,18000
047758,康舒元富93購01  ,0,0,0,0,0,0,0,0,0,18000,0,0,0,30000,12000,18000,18000
048707,南電國票95購01  ,0,0,0,0,0,0,0,0,0,18000,0,0,0,45000,27000,18000,18000
047566,華新科國票94購02,0,0,0,0,0,0,0,0,0,18000,0,0,0,18000,0,18000,18000
048867,台積電兆豐95購01,0,0,0,0,0,0,0,0,0,18000,0,0,0,33000,15000,18000,18000
051211,道瓊反統一95購01,0,0,0,0,0,0,0,0,0,18000,0,0,0,20000,2000,18000,18000
051080,全新富邦96購01  ,0,0,0,0,0,0,0,0,0,18000,0,0,0,18000,0,18000,18000
050995,貿聯元大95購02  ,0,0,0,0,0,0,0,0,0,18000,0,0,0,18000,0,18000,18000
06107P,美律群益98售02  ,0,0,0,0,0,0,0,0,0,18000,0,0,0,122000,104000,18000,18000
06054P,臺股指中信9A售01,0,0,0,0,0,0,0,0,0,18000,0,0,0,20000,2000,18000,18000
06201P,可成元大97售01  ,0,0,0,0,0,0,0,0,0,18000,0,0,0,50000,32000,18000,18000
1707,葡萄王          ,38000,46000,-8000,0,0,0,42000,0,42000,-16000,1000,16000,-15000,0,1000,-1000,18000
2443,億麗            ,25000,6000,19000,0,0,0,0,0,0,-1000,0,1000,-1000,0,0,0,18000
5283,禾聯碩          ,56000,41000,15000,0,0,0,0,0,0,3000,3000,0,3000,0,0,0,18000
054926,神達凱基98購01  ,0,0,0,0,0,0,0,0,0,17000,0,0,0,56000,39000,17000,17000
053525,台積電中信96購04,0,0,0,0,0,0,0,0,0,17000,0,0,0,33000,16000,17000,17000
054016,嘉晶永豐96購04  ,0,0,0,0,0,0,0,0,0,17000,0,0,0,17000,0,17000,17000
054094,創意群益96購02  ,0,0,0,0,0,0,0,0,0,17000,0,0,0,27000,10000,17000,17000
04214P,美利達凱基93售04,0,0,0,0,0,0,0,0,0,17000,0,0,0,27000,10000,17000,17000
04014P,聯發科元大93售18,0,0,0,0,0,0,0,0,0,17000,0,0,0,17000,0,17000,17000
045374,鴻海元大92購07  ,0,0,0,0,0,0,0,0,0,17000,0,0,0,17000,0,17000,17000
049050,崇越康和94購01  ,0,0,0,0,0,0,0,0,0,17000,0,0,0,68000,51000,17000,17000
04605P,台積電兆豐94售03,0,0,0,0,0,0,0,0,0,17000,0,0,0,27000,10000,17000,17000
047208,智易國泰94購01  ,0,0,0,0,0,0,0,0,0,17000,0,0,0,17000,0,17000,17000
051243,微星元大95購01  ,0,0,0,0,0,0,0,0,0,17000,0,0,0,40000,23000,17000,17000
051451,世芯元大95購03  ,0,0,0,0,0,0,0,0,0,17000,0,0,0,18000,1000,17000,17000
052861,台光電凱基96購03,0,0,0,0,0,0,0,0,0,17000,0,0,0,37000,20000,17000,17000
052347,GIS凱基95購05   ,0,0,0,0,0,0,0,0,0,17000,0,0,0,17000,0,17000,17000
052693,微星中信96購01  ,0,0,0,0,0,0,0,0,0,17000,0,0,0,30000,13000,17000,17000
052574,茂林凱基96購02  ,0,0,0,0,0,0,0,0,0,17000,0,0,0,64000,47000,17000,17000
3018,同開            ,74000,57000,17000,0,0,0,0,0,0,0,0,0,0,0,0,0,17000
2032,新鋼            ,22000,4000,18000,0,0,0,0,0,0,-1000,0,1000,-1000,0,0,0,17000
1443,立益            ,17000,0,17000,0,0,0,0,0,0,0,0,0,0,0,0,0,17000
06228P,亞德客凱基97售04,0,0,0,0,0,0,0,0,0,17000,0,0,0,26000,9000,17000,17000
056103,聯發科永豐97購03,0,0,0,0,0,0,0,0,0,17000,0,0,0,120000,103000,17000,17000
05878P,創意群益98售01  ,0,0,0,0,0,0,0,0,0,17000,0,0,0,22000,5000,17000,17000
2395,研華            ,526757,505890,20867,0,0,0,2000,1000,1000,-5000,6000,12000,-6000,1000,0,1000,16867
054149,達方元大96購01  ,0,0,0,0,0,0,0,0,0,16000,0,0,0,16000,0,16000,16000
05416P,喬山永豐95售04  ,0,0,0,0,0,0,0,0,0,16000,0,0,0,66000,50000,16000,16000
054201,聯詠富邦97購02  ,0,0,0,0,0,0,0,0,0,16000,0,0,0,55000,39000,16000,16000
054622,漢唐第一97購01  ,0,0,0,0,0,0,0,0,0,16000,0,0,0,16000,0,16000,16000
053534,微星永豐96購02  ,0,0,0,0,0,0,0,0,0,16000,0,0,0,114000,98000,16000,16000
053413,台積電國票99購01,0,0,0,0,0,0,0,0,0,16000,0,0,0,144000,128000,16000,16000
053939,台表科元富96購03,0,0,0,0,0,0,0,0,0,16000,0,0,0,16000,0,16000,16000
054878,和大統一97購02  ,0,0,0,0,0,0,0,0,0,16000,0,0,0,16000,0,16000,16000
055185,晶相光統一97購01,0,0,0,0,0,0,0,0,0,16000,0,0,0,16000,0,16000,16000
055057,興勤永豐97購01  ,0,0,0,0,0,0,0,0,0,16000,0,0,0,16000,0,16000,16000
055928,南亞科群益97購02,0,0,0,0,0,0,0,0,0,16000,0,0,0,30000,14000,16000,16000
046509,中壽元大92購01  ,0,0,0,0,0,0,0,0,0,16000,0,0,0,16000,0,16000,16000
045454,上銀元大93購01  ,0,0,0,0,0,0,0,0,0,16000,0,0,0,19000,3000,16000,16000
045189,大立光元富98購01,0,0,0,0,0,0,0,0,0,16000,0,0,0,26000,10000,16000,16000
040744,滬深2X國票94購01,0,0,0,0,0,0,0,0,0,16000,0,0,0,16000,0,16000,16000
04166P,美利達元富93售03,0,0,0,0,0,0,0,0,0,16000,0,0,0,16000,0,16000,16000
04322P,可成元大94售01  ,0,0,0,0,0,0,0,0,0,16000,0,0,0,28000,12000,16000,16000
049189,訊芯康和94購01  ,0,0,0,0,0,0,0,0,0,16000,0,0,0,17000,1000,16000,16000
049662,燿華永豐95購02  ,0,0,0,0,0,0,0,0,0,16000,0,0,0,16000,0,16000,16000
052438,瑞儀富邦95購01  ,0,0,0,0,0,0,0,0,0,16000,0,0,0,16000,0,16000,16000
052615,鴻海國泰98購01  ,0,0,0,0,0,0,0,0,0,16000,0,0,0,90000,74000,16000,16000
052867,晶技凱基96購01  ,0,0,0,0,0,0,0,0,0,16000,0,0,0,26000,10000,16000,16000
053303,建準凱基96購03  ,0,0,0,0,0,0,0,0,0,16000,0,0,0,16000,0,16000,16000
05323P,瑞昱凱基96售02  ,0,0,0,0,0,0,0,0,0,16000,0,0,0,26000,10000,16000,16000
053198,亞德客日盛96購01,0,0,0,0,0,0,0,0,0,16000,0,0,0,16000,0,16000,16000
053070,訊芯群益96購01  ,0,0,0,0,0,0,0,0,0,16000,0,0,0,77000,61000,16000,16000
051388,大立光麥證95購03,0,0,0,16000,0,16000,0,0,0,16000,0,0,0,16000,0,16000,16000
051418,智易國票97購01  ,0,0,0,0,0,0,0,0,0,16000,0,0,0,16000,0,16000,16000
051929,GIS中信96購01   ,0,0,0,0,0,0,0,0,0,16000,0,0,0,16000,0,16000,16000
051013,旺宏凱基95購03  ,0,0,0,0,0,0,0,0,0,16000,0,0,0,25000,9000,16000,16000
6155,鈞寶            ,101000,84000,17000,0,0,0,0,0,0,-1000,1000,2000,-1000,0,0,0,16000
05697P,友達凱基96售01  ,0,0,0,0,0,0,0,0,0,16000,0,0,0,16000,0,16000,16000
056008,全新中信9B購01  ,0,0,0,0,0,0,0,0,0,16000,0,0,0,26000,10000,16000,16000
08614P,聯發科統一9C售18,0,0,0,0,0,0,0,0,0,16000,0,0,0,16000,0,16000,16000
1441,大東            ,8000,14000,-6000,0,0,0,0,0,0,22000,22000,0,22000,0,0,0,16000
3557,嘉威            ,33000,17742,15258,0,0,0,0,0,0,0,0,0,0,0,0,0,15258
055711,上銀元大97購04  ,0,0,0,0,0,0,0,0,0,15000,0,0,0,65000,50000,15000,15000
055467,國巨凱基97購05  ,0,0,0,0,0,0,0,0,0,15000,0,0,0,35000,20000,15000,15000
055437,禾伸堂中信99購01,0,0,0,0,0,0,0,0,0,15000,0,0,0,30000,15000,15000,15000
055429,華新科群益99購01,0,0,0,0,0,0,0,0,0,15000,0,0,0,20000,5000,15000,15000
055375,京鼎元大97購03  ,0,0,0,0,0,0,0,0,0,15000,0,0,0,15000,0,15000,15000
054888,泰碩統一97購01  ,0,0,0,0,0,0,0,0,0,15000,0,0,0,25000,10000,15000,15000
054676,牧德台新98購01  ,0,0,0,0,0,0,0,0,0,15000,0,0,0,67000,52000,15000,15000
054684,裕隆永豐97購01  ,0,0,0,0,0,0,0,0,0,15000,0,0,0,15000,0,15000,15000
05395P,旺宏元大96售06  ,0,0,0,0,0,0,0,0,0,15000,0,0,0,25000,10000,15000,15000
05371P,臺股指中信95售10,0,0,0,0,0,0,0,0,0,15000,0,0,0,15000,0,15000,15000
05369P,可成元富95售04  ,0,0,0,0,0,0,0,0,0,15000,0,0,0,15000,0,15000,15000
054589,聯鈞國泰99購01  ,0,0,0,0,0,0,0,0,0,15000,0,0,0,60000,45000,15000,15000
054590,嘉聯益國泰98購01,0,0,0,0,0,0,0,0,0,15000,0,0,0,30000,15000,15000,15000
054560,全新群益98購03  ,0,0,0,0,0,0,0,0,0,15000,0,0,0,20000,5000,15000,15000
054477,聯發科中信9C購02,0,0,0,0,0,0,0,0,0,15000,0,0,0,20000,5000,15000,15000
043156,大立光統一94購01,0,0,0,0,0,0,0,0,0,15000,0,0,0,25000,10000,15000,15000
040988,滬深反凱基92購01,0,0,0,0,0,0,0,0,0,15000,0,0,0,15000,0,15000,15000
046793,聯發科元富99購01,0,0,0,0,0,0,0,0,0,15000,0,0,0,60000,45000,15000,15000
03591P,台積電國票03售10,0,0,0,0,0,0,0,0,0,15000,0,0,0,25000,10000,15000,15000
03628C,臺股指元大93牛02,0,0,0,0,0,0,0,0,0,15000,0,0,0,15000,0,15000,15000
043879,貿聯元大92購01  ,0,0,0,0,0,0,0,0,0,15000,0,0,0,15000,0,15000,15000
045163,瀚宇博國泰93購01,0,0,0,0,0,0,0,0,0,15000,0,0,0,15000,0,15000,15000
046422,健策元大92購06  ,0,0,0,0,0,0,0,0,0,15000,0,0,0,15000,0,15000,15000
046629,群創統一98購01  ,0,0,0,0,0,0,0,0,0,15000,0,0,0,78000,63000,15000,15000
04438P,微星群益94售01  ,0,0,0,0,0,0,0,0,0,15000,0,0,0,48000,33000,15000,15000
046975,元金2X永豐93購01,0,0,0,0,0,0,0,0,0,15000,0,0,0,15000,0,15000,15000
044855,南電國泰93購01  ,0,0,0,0,0,0,0,0,0,15000,0,0,0,15000,0,15000,15000
045764,智易統一94購01  ,0,0,0,0,0,0,0,0,0,15000,0,0,0,15000,0,15000,15000
044487,元油2X元大94購01,0,0,0,0,0,0,0,0,0,15000,0,0,0,15000,0,15000,15000
044574,潤泰全凱基93購01,0,0,0,0,0,0,0,0,0,15000,0,0,0,15000,0,15000,15000
049505,臺股指元大94購16,0,0,0,0,0,0,0,0,0,15000,0,0,0,15000,0,15000,15000
047772,泰鼎元大93購05  ,0,0,0,0,0,0,0,0,0,15000,0,0,0,106000,91000,15000,15000
048661,瑞昱統一93購05  ,0,0,0,0,0,0,0,0,0,15000,0,0,0,15000,0,15000,15000
047780,友達中信96購01  ,0,0,0,0,0,0,0,0,0,15000,0,0,0,94000,79000,15000,15000
049346,新光金統一95購01,0,0,0,0,0,0,0,0,0,15000,0,0,0,15000,0,15000,15000
049309,台達電凱基94購05,0,0,0,0,0,0,0,0,0,15000,0,0,0,15000,0,15000,15000
047995,台達電元大96購01,0,0,0,0,0,0,0,0,0,15000,0,0,0,15000,0,15000,15000
047698,瑞儀日盛93購01  ,0,0,0,0,0,0,0,0,0,15000,0,0,0,15000,0,15000,15000
047342,T50反1中信99購01,0,0,0,0,0,0,0,0,0,15000,0,0,0,15000,0,15000,15000
047593,百和永豐93購02  ,0,0,0,0,0,0,0,0,0,15000,0,0,0,15000,0,15000,15000
047007,大立光統一93購05,0,0,0,0,0,0,0,0,0,15000,0,0,0,35000,20000,15000,15000
047003,鴻海統一93購05  ,0,0,0,0,0,0,0,0,0,15000,0,0,0,80000,65000,15000,15000
047417,台塑富邦97購01  ,0,0,0,0,0,0,0,0,0,15000,0,0,0,30000,15000,15000,15000
047211,華新科富邦99購01,0,0,0,0,0,0,0,0,0,15000,0,0,0,15000,0,15000,15000
048887,牧德元富94購01  ,0,0,0,0,0,0,0,0,0,15000,0,0,0,15000,0,15000,15000
048484,大立光國泰95購02,0,0,0,0,0,0,0,0,0,15000,0,0,0,34000,19000,15000,15000
049986,嘉澤凱基94購02  ,0,0,0,0,0,0,0,0,0,15000,0,0,0,25000,10000,15000,15000
048038,樺漢凱基93購03  ,0,0,0,0,0,0,0,0,0,15000,0,0,0,15000,0,15000,15000
047168,廣越康和93購01  ,0,0,0,0,0,0,0,0,0,15000,0,0,0,15000,0,15000,15000
051131,玉山金台新95購01,0,0,0,0,0,0,0,0,0,15000,0,0,0,63000,48000,15000,15000
051307,康舒凱基95購01  ,0,0,0,0,0,0,0,0,0,15000,0,0,0,68000,53000,15000,15000
050996,隆達元大95購01  ,0,0,0,0,0,0,0,0,0,15000,0,0,0,66000,51000,15000,15000
050753,百和統一94購01  ,0,0,0,0,0,0,0,0,0,15000,0,0,0,30000,15000,15000,15000
050580,強茂國票95購01  ,0,0,0,0,0,0,0,0,0,15000,0,0,0,15000,0,15000,15000
050620,和碩元大94購04  ,0,0,0,0,0,0,0,0,0,15000,0,0,0,16000,1000,15000,15000
050572,大立光中信97購01,0,0,0,0,0,0,0,0,0,15000,0,0,0,15000,0,15000,15000
050678,美律統一94購04  ,0,0,0,0,0,0,0,0,0,15000,0,0,0,116000,101000,15000,15000
050673,旺宏富邦96購02  ,0,0,0,0,0,0,0,0,0,15000,0,0,0,30000,15000,15000,15000
051886,道瓊反統一95購03,0,0,0,0,0,0,0,0,0,15000,0,0,0,15000,0,15000,15000
051755,台積電元大96購08,0,0,0,0,0,0,0,0,0,15000,0,0,0,160000,145000,15000,15000
05146P,鴻海元大95售10  ,0,0,0,0,0,0,0,0,0,15000,0,0,0,181000,166000,15000,15000
051545,裕隆康和95購01  ,0,0,0,0,0,0,0,0,0,15000,0,0,0,15000,0,15000,15000
053103,瀚宇博元富96購01,0,0,0,0,0,0,0,0,0,15000,0,0,0,15000,0,15000,15000
053150,聯發科元大96購11,0,0,0,0,0,0,0,0,0,15000,0,0,0,15000,0,15000,15000
053258,上証2X群益9A購03,0,0,0,0,0,0,0,0,0,15000,0,0,0,385000,370000,15000,15000
05294P,亞光凱基95售02  ,0,0,0,0,0,0,0,0,0,15000,0,0,0,15000,0,15000,15000
052644,聯發科永豐96購01,0,0,0,0,0,0,0,0,0,15000,0,0,0,21000,6000,15000,15000
052650,台郡永豐96購01  ,0,0,0,0,0,0,0,0,0,15000,0,0,0,45000,30000,15000,15000
052478,大立光群益95購05,0,0,0,0,0,0,0,0,0,15000,0,0,0,19000,4000,15000,15000
052534,貿聯國泰96購02  ,0,0,0,0,0,0,0,0,0,15000,0,0,0,35000,20000,15000,15000
052502,瀚宇博永豐95購02,0,0,0,0,0,0,0,0,0,15000,0,0,0,15000,0,15000,15000
05225P,鴻海統一95售09  ,0,0,0,0,0,0,0,0,0,15000,0,0,0,15000,0,15000,15000
4133,亞諾法          ,28000,13000,15000,0,0,0,0,0,0,0,0,0,0,0,0,0,15000
6206,飛捷            ,60000,45000,15000,0,0,0,0,0,0,0,0,0,0,0,0,0,15000
2514,龍邦            ,130000,115000,15000,0,0,0,0,0,0,0,0,0,0,0,0,0,15000
06217P,鴻海元富97售05  ,0,0,0,0,0,0,0,0,0,15000,0,0,0,15000,0,15000,15000
05632P,大立光群益96售02,0,0,0,0,0,0,0,0,0,15000,0,0,0,15000,0,15000,15000
056174,億光元富97購01  ,0,0,0,0,0,0,0,0,0,15000,0,0,0,15000,0,15000,15000
05720P,可成中信98售01  ,0,0,0,0,0,0,0,0,0,15000,0,0,0,20000,5000,15000,15000
05891P,聯發科中信98售03,0,0,0,0,0,0,0,0,0,15000,0,0,0,20000,5000,15000,15000
054312,TPK凱基98購01   ,0,0,0,0,0,0,0,0,0,14000,0,0,0,24000,10000,14000,14000
054124,達方永豐96購02  ,0,0,0,0,0,0,0,0,0,14000,0,0,0,14000,0,14000,14000
053929,正文國票97購01  ,0,0,0,0,0,0,0,0,0,14000,0,0,0,28000,14000,14000,14000
053883,大立光中信98購02,0,0,0,0,0,0,0,0,0,14000,0,0,0,19000,5000,14000,14000
053897,台郡群益96購01  ,0,0,0,0,0,0,0,0,0,14000,0,0,0,16000,2000,14000,14000
05349P,可成元富98售03  ,0,0,0,0,0,0,0,0,0,14000,0,0,0,30000,16000,14000,14000
053662,矽力凱基97購01  ,0,0,0,0,0,0,0,0,0,14000,0,0,0,18000,4000,14000,14000
054686,順德永豐97購01  ,0,0,0,0,0,0,0,0,0,14000,0,0,0,14000,0,14000,14000
055051,藍天永豐97購01  ,0,0,0,0,0,0,0,0,0,14000,0,0,0,16000,2000,14000,14000
055434,樺漢群益97購01  ,0,0,0,0,0,0,0,0,0,14000,0,0,0,15000,1000,14000,14000
04588P,茂林永豐94售04  ,0,0,0,0,0,0,0,0,0,14000,0,0,0,14000,0,14000,14000
046020,滬深2X元大95購02,0,0,0,0,0,0,0,0,0,14000,0,0,0,321000,307000,14000,14000
04410P,大立光統一94售05,0,0,0,0,0,0,0,0,0,14000,0,0,0,19000,5000,14000,14000
03647P,京元電元富95售02,0,0,0,0,0,0,0,0,0,14000,0,0,0,29000,15000,14000,14000
04329P,TPK群益93售04   ,0,0,0,0,0,0,0,0,0,14000,0,0,0,27000,13000,14000,14000
050493,聯發科永昌96購01,0,0,0,0,0,0,0,0,0,14000,0,0,0,15000,1000,14000,14000
050387,鴻海統一94購08  ,0,0,0,0,0,0,0,0,0,14000,0,0,0,24000,10000,14000,14000
049909,國巨元大95購01  ,0,0,0,0,0,0,0,0,0,14000,0,0,0,15000,1000,14000,14000
049625,智易群益95購01  ,0,0,0,0,0,0,0,0,0,14000,0,0,0,119000,105000,14000,14000
052251,台光電永豐95購03,0,0,0,0,0,0,0,0,0,14000,0,0,0,14000,0,14000,14000
052314,鴻海元大96購11  ,0,0,0,0,0,0,0,0,0,14000,0,0,0,46000,32000,14000,14000
052601,大成鋼元大96購01,0,30000,-30000,0,0,0,0,0,0,44000,0,0,0,51000,7000,44000,14000
051854,鴻海麥證95購04  ,0,0,0,32000,18000,14000,0,0,0,14000,0,0,0,32000,18000,14000,14000
05871P,全新凱基96售04  ,0,0,0,0,0,0,0,0,0,14000,0,0,0,14000,0,14000,14000
06040P,亞光康和96售03  ,0,0,0,0,0,0,0,0,0,14000,0,0,0,14000,0,14000,14000
05853P,欣興群益96售05  ,0,0,0,0,0,0,0,0,0,14000,0,0,0,19000,5000,14000,14000
055368,台積電元大97購24,0,0,0,0,0,0,0,0,0,13000,0,0,0,245000,232000,13000,13000
055599,TPK元大97購01   ,0,0,0,0,0,0,0,0,0,13000,0,0,0,32000,19000,13000,13000
055752,臺股指永昌97購01,0,0,0,0,0,0,0,0,0,13000,0,0,0,64000,51000,13000,13000
05566P,景碩永豐96售01  ,0,0,0,0,0,0,0,0,0,13000,0,0,0,13000,0,13000,13000
055877,奇鋐元富97購01  ,0,0,0,0,0,0,0,0,0,13000,0,0,0,13000,0,13000,13000
054984,華泰元富97購01  ,0,0,0,0,0,0,0,0,0,13000,0,0,0,13000,0,13000,13000
053581,台積電元大96購14,0,0,0,0,0,0,0,0,0,13000,0,0,0,173000,160000,13000,13000
053406,國巨兆豐96購02  ,0,0,0,0,0,0,0,0,0,13000,0,0,0,65000,52000,13000,13000
053782,京元電元大98購02,0,0,0,0,0,0,0,0,0,13000,0,0,0,13000,0,13000,13000
053819,大立光群益96購04,0,0,0,0,0,0,0,0,0,13000,0,0,0,13000,0,13000,13000
054204,元金2X國票9B購02,0,0,0,0,0,0,0,0,0,13000,0,0,0,20000,7000,13000,13000
054471,T50反1中信9C購01,0,0,0,0,0,0,0,0,0,13000,0,0,0,13000,0,13000,13000
054459,鈺齊群益96購01  ,0,0,0,0,0,0,0,0,0,13000,0,0,0,13000,0,13000,13000
054445,技嘉兆豐96購01  ,0,0,0,0,0,0,0,0,0,13000,0,0,0,58000,45000,13000,13000
046841,智伸科台新93購01,0,0,0,0,0,0,0,0,0,13000,0,0,0,13000,0,13000,13000
0054,元大台商50      ,0,0,0,0,0,0,0,0,0,13000,0,0,0,40000,27000,13000,13000
043854,華新科富邦93購01,0,0,0,0,0,0,0,0,0,13000,0,0,0,13000,0,13000,13000
04374P,深中小元大94售03,0,0,0,0,0,0,0,0,0,13000,0,0,0,15000,2000,13000,13000
03388P,元油2X元富98售02,0,0,0,0,0,0,0,0,0,13000,0,0,0,13000,0,13000,13000
046067,富邦金凱基92購02,0,0,0,0,0,0,0,0,0,13000,0,0,0,26000,13000,13000,13000
046638,台積電永豐93購01,0,0,0,0,0,0,0,0,0,13000,0,0,0,13000,0,13000,13000
045392,滬深2X國泰93購01,0,0,0,0,0,0,0,0,0,13000,0,0,0,13000,0,13000,13000
049714,國巨凱基94購02  ,0,0,0,0,0,0,0,0,0,13000,0,0,0,13000,0,13000,13000
049894,嘉聯益富邦98購01,0,0,0,0,0,0,0,0,0,13000,0,0,0,45000,32000,13000,13000
048217,亞德客凱基93購06,0,0,0,0,0,0,0,0,0,13000,0,0,0,13000,0,13000,13000
050141,國巨統一94購07  ,0,0,0,0,0,0,0,0,0,13000,0,0,0,13000,0,13000,13000
048167,旺宏永豐93購04  ,0,0,0,0,0,0,0,0,0,13000,0,0,0,189000,176000,13000,13000
047066,力成凱基93購04  ,0,0,0,0,0,0,0,0,0,13000,0,0,0,13000,0,13000,13000
048626,矽創台新93購01  ,0,0,0,0,0,0,0,0,0,13000,0,0,0,38000,25000,13000,13000
051777,聯發科群益95購04,0,0,0,0,0,0,0,0,0,13000,0,0,0,13000,0,13000,13000
052017,奇鋐永豐95購01  ,0,0,0,0,0,0,0,0,0,13000,0,0,0,15000,2000,13000,13000
051463,世芯國泰97購02  ,0,0,0,0,0,0,0,0,0,13000,0,0,0,25000,12000,13000,13000
05138P,嘉聯益凱基96售02,0,0,0,0,0,0,0,0,0,13000,0,0,0,13000,0,13000,13000
05086P,鴻海凱基95售13  ,0,0,0,0,0,0,0,0,0,13000,0,0,0,60000,47000,13000,13000
05111P,台積電統一95售04,0,0,0,0,0,0,0,0,0,13000,0,0,0,20000,7000,13000,13000
051031,康友元富95購02  ,0,0,0,0,0,0,0,0,0,13000,0,0,0,15000,2000,13000,13000
05264P,微星元大95售02  ,0,0,0,0,0,0,0,0,0,13000,0,0,0,13000,0,13000,13000
052529,力成元大95購03  ,0,0,0,0,0,0,0,0,0,13000,0,0,0,62000,49000,13000,13000
05291P,鴻海凱基95售16  ,0,0,0,0,0,0,0,0,0,13000,0,0,0,13000,0,13000,13000
053008,達方永豐96購01  ,0,0,0,0,0,0,0,0,0,13000,0,0,0,13000,0,13000,13000
05318P,臺股指永昌95售03,0,0,0,0,0,0,0,0,0,13000,0,0,0,13000,0,13000,13000
05975P,國巨日盛99售02  ,0,0,0,0,0,0,0,0,0,13000,0,0,0,150000,137000,13000,13000
05618P,聯發科元富96售02,0,0,0,0,0,0,0,0,0,13000,0,0,0,18000,5000,13000,13000
055964,正文元大97購02  ,0,0,0,0,0,0,0,0,0,13000,0,0,0,128000,115000,13000,13000
06219P,國巨元富97售05  ,0,0,0,0,0,0,0,0,0,13000,0,0,0,26000,13000,13000,13000
1526,日馳            ,37000,24000,13000,0,0,0,0,0,0,0,0,0,0,0,0,0,13000
6136,富爾特          ,19000,5000,14000,0,0,0,0,0,0,-1000,0,1000,-1000,0,0,0,13000
3535,晶彩科          ,79000,66000,13000,0,0,0,0,0,0,0,0,0,0,0,0,0,13000
054591,GIS國泰98購01   ,0,0,0,0,0,0,0,0,0,12000,0,0,0,12000,0,12000,12000
054146,康友元大96購06  ,0,0,0,0,0,0,0,0,0,12000,0,0,0,22000,10000,12000,12000
054964,智易元大99購01  ,0,0,0,0,0,0,0,0,0,12000,0,0,0,22000,10000,12000,12000
05571P,大立光統一96售03,0,0,0,0,0,0,0,0,0,12000,0,0,0,12000,0,12000,12000
055614,華新科國票97購02,0,0,0,0,0,0,0,0,0,12000,0,0,0,12000,0,12000,12000
055333,晶豪科兆豐97購01,0,0,0,0,0,0,0,0,0,12000,0,0,0,38000,26000,12000,12000
045185,致伸統一94購01  ,0,0,0,0,0,0,0,0,0,12000,0,0,0,12000,0,12000,12000
045173,A50正2國票95購01,0,0,0,0,0,0,0,0,0,12000,0,0,0,12000,0,12000,12000
046372,東元凱基92購01  ,0,0,0,0,0,0,0,0,0,12000,0,0,0,22000,10000,12000,12000
046678,臺股指元大93購22,0,0,0,0,0,0,0,0,0,12000,0,0,0,12000,0,12000,12000
044722,滬深2X永豐93購01,0,0,0,0,0,0,0,0,0,12000,0,0,0,12000,0,12000,12000
00662,富邦NASDAQ      ,0,0,0,0,0,0,0,0,0,12000,0,0,0,128000,116000,12000,12000
00654R,富邦印度反1     ,0,0,0,0,0,0,0,0,0,12000,0,0,0,14000,2000,12000,12000
04323P,強茂元大93售02  ,0,0,0,0,0,0,0,0,0,12000,0,0,0,12000,0,12000,12000
04340P,易華電元大94售02,0,0,0,0,0,0,0,0,0,12000,0,0,0,13000,1000,12000,12000
04117P,聯發科元大93售21,0,0,0,0,0,0,0,0,0,12000,0,0,0,12000,0,12000,12000
047072,義隆兆豐94購01  ,0,0,0,0,0,0,0,0,0,12000,0,0,0,94000,82000,12000,12000
047120,啟碁元大93購02  ,0,0,0,0,0,0,0,0,0,12000,0,0,0,22000,10000,12000,12000
047299,樺漢元富93購01  ,0,0,0,0,0,0,0,0,0,12000,0,0,0,20000,8000,12000,12000
047427,貿聯亞東93購01  ,0,0,0,0,0,0,0,0,0,12000,0,0,0,12000,0,12000,12000
053327,彩晶台新97購01  ,0,0,0,0,0,0,0,0,0,12000,0,0,0,50000,38000,12000,12000
052769,達興群益96購01  ,0,0,0,0,0,0,0,0,0,12000,0,0,0,12000,0,12000,12000
052407,樺漢凱基95購01  ,0,0,0,0,0,0,0,0,0,12000,0,0,0,12000,0,12000,12000
052397,燿華凱基96購02  ,0,0,0,0,0,0,0,0,0,12000,0,0,0,23000,11000,12000,12000
052228,聯發科凱基96購06,0,0,0,0,0,0,0,0,0,12000,0,0,0,80000,68000,12000,12000
05103P,臺股指凱基96售10,0,0,0,0,0,0,0,0,0,12000,0,0,0,38000,26000,12000,12000
050844,大立光國票96購01,15000,0,15000,0,0,0,0,0,0,-3000,0,0,0,18000,21000,-3000,12000
051481,聯詠凱基95購02  ,0,0,0,0,0,0,0,0,0,12000,0,0,0,12000,0,12000,12000
051871,同欣電凱基95購02,0,0,0,0,0,0,0,0,0,12000,0,0,0,40000,28000,12000,12000
3494,誠研            ,12000,0,12000,0,0,0,0,0,0,0,0,0,0,0,0,0,12000
2546,根基            ,37000,25000,12000,0,0,0,0,0,0,0,0,0,0,0,0,0,12000
1517,利奇            ,22000,8000,14000,0,0,0,0,0,0,-2000,0,2000,-2000,0,0,0,12000
1731,美吾華          ,30000,40000,-10000,0,0,0,0,0,0,22000,31000,9000,22000,0,0,0,12000
056091,百和統一97購01  ,0,0,0,0,0,0,0,0,0,12000,0,0,0,12000,0,12000,12000
05880P,創意康和96售01  ,0,0,0,0,0,0,0,0,0,12000,0,0,0,12000,0,12000,12000
055302,達方元大97購01  ,0,0,0,0,0,0,0,0,0,11000,0,0,0,11000,0,11000,11000
055380,智易元大98購02  ,0,0,0,0,0,0,0,0,0,11000,0,0,0,11000,0,11000,11000
055392,凱美統一97購03  ,0,0,0,0,0,0,0,0,0,11000,0,0,0,20000,9000,11000,11000
055433,嘉聯益群益99購01,0,0,0,0,0,0,0,0,0,11000,0,0,0,11000,0,11000,11000
055757,大成鋼群益99購01,0,0,0,0,0,0,0,0,0,11000,0,0,0,11000,0,11000,11000
05587P,鴻海凱基96售12  ,0,0,0,0,0,0,0,0,0,11000,0,0,0,11000,0,11000,11000
054861,智邦群益97購01  ,0,0,0,0,0,0,0,0,0,11000,0,0,0,11000,0,11000,11000
054864,聯發科群益97購02,0,0,0,0,0,0,0,0,0,11000,0,0,0,11000,0,11000,11000
055065,神達永豐97購01  ,0,0,0,0,0,0,0,0,0,11000,0,0,0,85000,74000,11000,11000
055128,致新兆豐97購01  ,0,0,0,0,0,0,0,0,0,11000,0,0,0,101000,90000,11000,11000
054231,國巨群益98購03  ,0,0,0,0,0,0,0,0,0,11000,0,0,0,11000,0,11000,11000
054239,台郡群益96購02  ,0,0,0,0,0,0,0,0,0,11000,0,0,0,11000,0,11000,11000
054275,華通群益97購03  ,0,0,0,0,0,0,0,0,0,11000,0,0,0,11000,0,11000,11000
054562,亞光群益98購01  ,0,0,0,0,0,0,0,0,0,11000,0,0,0,11000,0,11000,11000
054491,瀚宇博台新96購02,0,0,0,0,0,0,0,0,0,11000,0,0,0,11000,0,11000,11000
054519,禾伸堂元大97購02,0,0,0,0,0,0,0,0,0,11000,0,0,0,11000,0,11000,11000
053414,臻鼎國票97購01  ,0,0,0,0,0,0,0,0,0,11000,0,0,0,12000,1000,11000,11000
053426,創意永豐96購04  ,0,0,0,0,0,0,0,0,0,11000,0,0,0,11000,0,11000,11000
053395,致茂中信96購01  ,0,0,0,0,0,0,0,0,0,11000,0,0,0,119000,108000,11000,11000
053465,聯電元大96購05  ,0,0,0,0,0,0,0,0,0,11000,0,0,0,11000,0,11000,11000
05351P,臺股指元富95售05,0,0,0,0,0,0,0,0,0,11000,0,0,0,11000,0,11000,11000
053619,和碩群益96購01  ,0,0,0,0,0,0,0,0,0,11000,0,0,0,11000,0,11000,11000
04035P,全新群益93售03  ,0,0,0,0,0,0,0,0,0,11000,0,0,0,11000,0,11000,11000
04339P,欣興元大93售08  ,0,0,0,0,0,0,0,0,0,11000,0,0,0,11000,0,11000,11000
04347P,全新群益94售01  ,0,0,0,0,0,0,0,0,0,11000,0,0,0,11000,0,11000,11000
041877,T50反1國票92購01,0,0,0,0,0,0,0,0,0,11000,0,0,0,11000,0,11000,11000
046895,智伸科群益93購02,0,0,0,0,0,0,0,0,0,11000,0,0,0,11000,0,11000,11000
042561,南電兆豐92購01  ,0,0,0,0,0,0,0,0,0,11000,0,0,0,11000,0,11000,11000
046737,鴻海群益93購04  ,0,0,0,0,0,0,0,0,0,11000,0,0,0,11000,0,11000,11000
044382,嘉聯益群益94購01,0,0,0,0,0,0,0,0,0,11000,0,0,0,11000,0,11000,11000
046469,瀚宇博台新92購01,0,0,0,0,0,0,0,0,0,11000,0,0,0,11000,0,11000,11000
046458,大立光凱基92購11,0,0,0,0,0,0,0,0,0,11000,0,0,0,11000,0,11000,11000
045150,聯發科凱基93購03,0,0,0,0,0,0,0,0,0,11000,0,0,0,11000,0,11000,11000
049824,鴻海凱基94購18  ,0,0,0,0,0,0,0,0,0,11000,0,0,0,141000,130000,11000,11000
04921P,TPK凱基94售05   ,0,0,0,0,0,0,0,0,0,11000,0,0,0,21000,10000,11000,11000
049949,燿華群益96購01  ,0,0,0,0,0,0,0,0,0,11000,0,0,0,11000,0,11000,11000
049462,康友元富94購01  ,0,0,0,0,0,0,0,0,0,11000,0,0,0,13000,2000,11000,11000
050153,義隆群益94購01  ,0,0,0,0,0,0,0,0,0,11000,0,0,0,11000,0,11000,11000
048242,統一兆豐93購01  ,0,0,0,0,0,0,0,0,0,11000,0,0,0,41000,30000,11000,11000
050379,易華電群益96購01,0,0,0,0,0,0,0,0,0,11000,0,0,0,11000,0,11000,11000
051856,亞德客凱基95購01,0,0,0,0,0,0,0,0,0,11000,0,0,0,20000,9000,11000,11000
051801,牧德永豐95購04  ,0,0,0,0,0,0,0,0,0,11000,0,0,0,11000,0,11000,11000
051788,奇力新國票97購02,0,0,0,0,0,0,0,0,0,11000,0,0,0,38000,27000,11000,11000
051706,國泰金群益95購01,0,0,0,0,0,0,0,0,0,11000,0,0,0,11000,0,11000,11000
051954,矽力元富95購04  ,0,0,0,0,0,0,0,0,0,11000,0,0,0,16000,5000,11000,11000
051482,玉晶光凱基96購01,0,0,0,0,0,0,0,0,0,11000,0,0,0,44000,33000,11000,11000
05152P,玉晶光群益96售05,0,0,0,0,0,0,0,0,0,11000,0,0,0,11000,0,11000,11000
051701,華通群益97購01  ,0,0,0,0,0,0,0,0,0,11000,0,0,0,11000,0,11000,11000
050748,道瓊銀統一94購04,0,0,0,0,0,0,0,0,0,11000,0,0,0,11000,0,11000,11000
051063,台郡群益95購01  ,0,0,0,0,0,0,0,0,0,11000,0,0,0,11000,0,11000,11000
051109,美律統一95購02  ,0,0,0,0,0,0,0,0,0,11000,0,0,0,233000,222000,11000,11000
052164,啟碁永豐95購01  ,0,0,0,0,0,0,0,0,0,11000,0,0,0,14000,3000,11000,11000
052208,力成麥證95購01  ,0,0,0,27000,16000,11000,0,0,0,11000,0,0,0,27000,16000,11000,11000
05241P,鴻海國泰97售04  ,0,0,0,0,0,0,0,0,0,11000,0,0,0,30000,19000,11000,11000
052671,祥碩群益96購01  ,0,0,0,0,0,0,0,0,0,11000,0,0,0,11000,0,11000,11000
052891,台泥群益96購01  ,0,0,0,0,0,0,0,0,0,11000,0,0,0,11000,0,11000,11000
052962,台積電凱基97購03,0,0,0,0,0,0,0,0,0,11000,0,0,0,37000,26000,11000,11000
053322,京鼎群益97購01  ,0,0,0,0,0,0,0,0,0,11000,0,0,0,11000,0,11000,11000
053066,欣興群益96購02  ,0,0,0,0,0,0,0,0,0,11000,0,0,0,11000,0,11000,11000
05875P,旺宏群益98售01  ,0,0,0,0,0,0,0,0,0,11000,0,0,0,11000,0,11000,11000
05962P,大立光群益96售07,0,0,0,0,0,0,0,0,0,11000,0,0,0,11000,0,11000,11000
06011P,貿聯元富96售04  ,0,0,0,0,0,0,0,0,0,11000,0,0,0,61000,50000,11000,11000
05782P,聯詠元富96售02  ,0,0,0,0,0,0,0,0,0,11000,0,0,0,23000,12000,11000,11000
056073,智伸科元大97購01,0,0,0,0,0,0,0,0,0,11000,0,0,0,11000,0,11000,11000
05603P,聯發科元大96售09,0,0,0,0,0,0,0,0,0,11000,0,0,0,25000,14000,11000,11000
05600P,玉晶光台新96售04,0,0,0,0,0,0,0,0,0,11000,0,0,0,30000,19000,11000,11000
056025,嘉晶群益97購01  ,0,0,0,0,0,0,0,0,0,11000,0,0,0,11000,0,11000,11000
2059,川湖            ,90000,76000,14000,0,0,0,0,0,0,-3000,0,3000,-3000,0,0,0,11000
1414,東和            ,20000,9000,11000,0,0,0,0,0,0,0,0,0,0,0,0,0,11000
1432,大魯閣          ,25000,13000,12000,0,0,0,0,0,0,-1000,0,1000,-1000,0,0,0,11000
06162P,大立光群益97售02,0,0,0,0,0,0,0,0,0,11000,0,0,0,11000,0,11000,11000
06080P,景碩群益98售02  ,0,0,0,0,0,0,0,0,0,11000,0,0,0,11000,0,11000,11000
06099P,鴻海日盛97售03  ,0,0,0,0,0,0,0,0,0,11000,0,0,0,11000,0,11000,11000
06238P,台積電元大98售07,0,0,0,0,0,0,0,0,0,11000,0,0,0,11000,0,11000,11000
3024,憶聲            ,70000,58000,12000,0,0,0,0,0,0,-1000,0,1000,-1000,0,0,0,11000
6128,上福            ,17000,6000,11000,0,0,0,0,0,0,0,0,0,0,0,0,0,11000
053616,奇力新群益97購01,0,0,0,0,0,0,0,0,0,10000,0,0,0,14000,4000,10000,10000
053617,宏達電群益96購02,0,0,0,0,0,0,0,0,0,10000,0,0,0,13000,3000,10000,10000
053663,臺股指凱基96購24,0,0,0,0,0,0,0,0,0,10000,0,0,0,10000,0,10000,10000
053526,正崴中信96購01  ,0,0,0,0,0,0,0,0,0,10000,0,0,0,10000,0,10000,10000
053529,國巨麥證96購01  ,0,0,0,40000,30000,10000,0,0,0,10000,0,0,0,40000,30000,10000,10000
053533,光罩永豐96購03  ,0,0,0,0,0,0,0,0,0,10000,0,0,0,10000,0,10000,10000
053544,華新凱基96購01  ,0,0,0,0,0,0,0,0,0,10000,0,0,0,78000,68000,10000,10000
053560,漢唐國泰98購01  ,0,0,0,0,0,0,0,0,0,10000,0,0,0,35000,25000,10000,10000
053502,智伸科兆豐97購01,0,0,0,0,0,0,0,0,0,10000,0,0,0,10000,0,10000,10000
053384,聯發科元大96購13,0,0,0,0,0,0,0,0,0,10000,0,0,0,10000,0,10000,10000
053385,聯詠元大96購02  ,0,0,0,0,0,0,0,0,0,10000,0,0,0,10000,0,10000,10000
05381P,聯詠群益95售02  ,0,0,0,0,0,0,0,0,0,10000,0,0,0,11000,1000,10000,10000
053804,富邦金凱基96購01,0,0,0,0,0,0,0,0,0,10000,0,0,0,10000,0,10000,10000
053810,台達電群益96購01,0,0,0,0,0,0,0,0,0,10000,0,0,0,10000,0,10000,10000
053791,同欣電元大96購05,0,0,0,0,0,0,0,0,0,10000,0,0,0,22000,12000,10000,10000
053704,國巨群益96購06  ,0,0,0,0,0,0,0,0,0,10000,0,0,0,10000,0,10000,10000
053718,全新凱基97購02  ,0,0,0,0,0,0,0,0,0,10000,0,0,0,10000,0,10000,10000
053680,臺股指富邦96購01,0,0,0,0,0,0,0,0,0,10000,0,0,0,10000,0,10000,10000
053720,宏達電凱基97購01,0,0,0,0,0,0,0,0,0,10000,0,0,0,10000,0,10000,10000
053716,京元電凱基97購01,0,0,0,0,0,0,0,0,0,10000,0,0,0,10000,0,10000,10000
053741,漢唐國票97購03  ,0,0,0,0,0,0,0,0,0,10000,0,0,0,10000,0,10000,10000
053903,燿華凱基97購01  ,0,0,0,0,0,0,0,0,0,10000,0,0,0,20000,10000,10000,10000
053850,嘉澤元富96購03  ,0,0,0,0,0,0,0,0,0,10000,0,0,0,30000,20000,10000,10000
05448P,臺股指元大95售25,0,0,0,0,0,0,0,0,0,10000,0,0,0,20000,10000,10000,10000
054605,鴻海永豐97購01  ,0,0,0,0,0,0,0,0,0,10000,0,0,0,10000,0,10000,10000
054580,樺漢元大98購01  ,0,0,0,0,0,0,0,0,0,10000,0,0,0,94000,84000,10000,10000
054404,新日興康和96購01,0,0,0,0,0,0,0,0,0,10000,0,0,0,20000,10000,10000,10000
054386,鴻海統一98購03  ,0,0,0,0,0,0,0,0,0,10000,0,0,0,100000,90000,10000,10000
054277,亞光群益97購01  ,0,0,0,0,0,0,0,0,0,10000,0,0,0,10000,0,10000,10000
05428P,滬深2X統一95售01,0,0,0,0,0,0,0,0,0,10000,0,0,0,10000,0,10000,10000
054303,國巨凱基96購15  ,0,0,0,0,0,0,0,0,0,10000,0,0,0,10000,0,10000,10000
054191,香港2X中信98購01,0,0,0,0,0,0,0,0,0,10000,0,0,0,10000,0,10000,10000
054193,鴻海麥證96購02  ,0,0,0,60000,50000,10000,0,0,0,10000,0,0,0,60000,50000,10000,10000
054163,燿華凱基97購02  ,0,0,0,0,0,0,0,0,0,10000,0,0,0,10000,0,10000,10000
054125,元油反元大96購09,0,0,0,0,0,0,0,0,0,10000,0,0,0,10000,0,10000,10000
054092,大立光群益97購01,0,0,0,0,0,0,0,0,0,10000,0,0,0,12000,2000,10000,10000
054098,嘉晶國票97購04  ,0,0,0,0,0,0,0,0,0,10000,0,0,0,10000,0,10000,10000
054033,欣興中信96購02  ,0,0,0,0,0,0,0,0,0,10000,0,0,0,10000,0,10000,10000
05407P,超眾凱基95售04  ,0,0,0,0,0,0,0,0,0,10000,0,0,0,10000,0,10000,10000
055113,大立光凱基98購06,0,0,0,0,0,0,0,0,0,10000,0,0,0,10000,0,10000,10000
055073,易華電永豐97購01,0,0,0,0,0,0,0,0,0,10000,0,0,0,10000,0,10000,10000
055090,國巨群益97購03  ,0,0,0,0,0,0,0,0,0,10000,0,0,0,10000,0,10000,10000
055101,台肥凱基97購01  ,0,0,0,0,0,0,0,0,0,10000,0,0,0,10000,0,10000,10000
055006,晶相光元富9A購01,0,0,0,0,0,0,0,0,0,10000,0,0,0,10000,0,10000,10000
055014,達興元富97購01  ,0,0,0,0,0,0,0,0,0,10000,0,0,0,10000,0,10000,10000
055019,福懋科元富97購01,0,0,0,0,0,0,0,0,0,10000,0,0,0,10000,0,10000,10000
05503P,智邦日盛96售01  ,0,0,0,0,0,0,0,0,0,10000,0,0,0,10000,0,10000,10000
055175,建準統一97購01  ,0,0,0,0,0,0,0,0,0,10000,0,0,0,94000,84000,10000,10000
055190,華新科元富97購01,0,0,0,0,0,0,0,0,0,10000,0,0,0,20000,10000,10000,10000
05520P,聯詠凱基96售01  ,0,0,0,0,0,0,0,0,0,10000,0,0,0,10000,0,10000,10000
055281,台光電元大98購03,0,0,0,0,0,0,0,0,0,10000,0,0,0,10000,0,10000,10000
055271,鴻海元大98購03  ,0,0,0,0,0,0,0,0,0,10000,0,0,0,10000,0,10000,10000
055256,日電貿統一99購01,0,0,0,0,0,0,0,0,0,10000,0,0,0,10000,0,10000,10000
055240,京元電元富97購01,0,0,0,0,0,0,0,0,0,10000,0,0,0,20000,10000,10000,10000
055223,和大國票98購01  ,0,0,0,0,0,0,0,0,0,10000,0,0,0,10000,0,10000,10000
054858,台肥群益97購01  ,0,0,0,0,0,0,0,0,0,10000,0,0,0,10000,0,10000,10000
054925,神達凱基97購01  ,0,0,0,0,0,0,0,0,0,10000,0,0,0,92000,82000,10000,10000
054909,福懋科康和97購01,0,0,0,0,0,0,0,0,0,10000,0,0,0,10000,0,10000,10000
054910,信錦凱基97購01  ,0,0,0,0,0,0,0,0,0,10000,0,0,0,15000,5000,10000,10000
054655,貿聯麥證98購01  ,0,0,0,20000,10000,10000,0,0,0,10000,0,0,0,20000,10000,10000,10000
054690,新興永豐97購01  ,0,0,0,0,0,0,0,0,0,10000,0,0,0,10000,0,10000,10000
05475P,聯茂亞東95售01  ,0,0,0,0,0,0,0,0,0,10000,0,0,0,10000,0,10000,10000
05473P,聯詠統一97售02  ,0,0,0,0,0,0,0,0,0,10000,0,0,0,117000,107000,10000,10000
054735,漢唐凱基98購01  ,0,0,0,0,0,0,0,0,0,10000,0,0,0,10000,0,10000,10000
054790,禾伸堂群益98購01,0,0,0,0,0,0,0,0,0,10000,0,0,0,10000,0,10000,10000
054792,揚明光群益97購01,0,0,0,0,0,0,0,0,0,10000,0,0,0,10000,0,10000,10000
055912,宏達電凱基98購03,0,0,0,0,0,0,0,0,0,10000,0,0,0,10000,0,10000,10000
055935,創意群益97購02  ,0,0,0,0,0,0,0,0,0,10000,0,0,0,10000,0,10000,10000
055846,大立光元大97購09,0,0,0,0,0,0,0,0,0,10000,0,0,0,10000,0,10000,10000
055848,大立光元大97購11,0,0,0,0,0,0,0,0,0,10000,0,0,0,10000,0,10000,10000
055817,京鼎國票99購01  ,0,0,0,0,0,0,0,0,0,10000,0,0,0,10000,0,10000,10000
05578P,鴻海凱基96售11  ,0,0,0,0,0,0,0,0,0,10000,0,0,0,10000,0,10000,10000
055678,上銀凱基97購02  ,0,0,0,0,0,0,0,0,0,10000,0,0,0,10000,0,10000,10000
055638,上銀元富97購01  ,0,0,0,0,0,0,0,0,0,10000,0,0,0,20000,10000,10000,10000
055606,矽創元大97購01  ,0,0,0,0,0,0,0,0,0,10000,0,0,0,10000,0,10000,10000
055383,GIS元大97購02   ,0,0,0,0,0,0,0,0,0,10000,0,0,0,10000,0,10000,10000
055314,華邦電中信99購01,0,0,0,0,0,0,0,0,0,10000,0,0,0,48000,38000,10000,10000
055326,緯穎國票97購06  ,0,0,0,0,0,0,0,0,0,10000,0,0,0,10000,0,10000,10000
055354,宏達電凱基98購01,0,0,0,0,0,0,0,0,0,10000,0,0,0,14000,4000,10000,10000
05559P,臺股指麥證96售01,0,0,0,15000,5000,10000,0,0,0,10000,0,0,0,15000,5000,10000,10000
055554,聯發科凱基97購06,0,0,0,0,0,0,0,0,0,10000,0,0,0,22000,12000,10000,10000
055549,旺宏凱基97購03  ,0,0,0,0,0,0,0,0,0,10000,0,0,0,24000,14000,10000,10000
055561,奇鋐凱基97購01  ,0,0,0,0,0,0,0,0,0,10000,0,0,0,10000,0,10000,10000
055563,智易凱基97購02  ,0,0,0,0,0,0,0,0,0,10000,0,0,0,11000,1000,10000,10000
055466,台達電凱基97購03,0,0,0,0,0,0,0,0,0,10000,0,0,0,10000,0,10000,10000
045151,大立光凱基93購02,0,0,0,0,0,0,0,0,0,10000,0,0,0,10000,0,10000,10000
04515P,元油2X群益97售02,0,0,0,0,0,0,0,0,0,10000,0,0,0,10000,0,10000,10000
045171,可成兆豐92購02  ,0,0,0,0,0,0,0,0,0,10000,0,0,0,10000,0,10000,10000
045184,京元電統一93購01,0,0,0,0,0,0,0,0,0,10000,0,0,0,20000,10000,10000,10000
045270,南電凱基92購03  ,0,0,0,0,0,0,0,0,0,10000,0,0,0,10000,0,10000,10000
045285,禾伸堂永豐92購01,0,0,0,0,0,0,0,0,0,10000,0,0,0,10000,0,10000,10000
045319,鴻海統一92購04  ,0,0,0,0,0,0,0,0,0,10000,0,0,0,10000,0,10000,10000
045202,力成凱基92購01  ,0,0,0,0,0,0,0,0,0,10000,0,0,0,12000,2000,10000,10000
045215,鴻海元大92購05  ,0,0,0,0,0,0,0,0,0,10000,0,0,0,10000,0,10000,10000
045418,上銀凱基92購01  ,0,0,0,0,0,0,0,0,0,10000,0,0,0,20000,10000,10000,10000
045435,鴻海統一94購01  ,0,0,0,0,0,0,0,0,0,10000,0,0,0,10000,0,10000,10000
045474,力成元大92購01  ,0,0,0,0,0,0,0,0,0,10000,0,0,0,10000,0,10000,10000
045367,新光金兆豐92購01,0,0,0,0,0,0,0,0,0,10000,0,0,0,10000,0,10000,10000
045348,大立光凱基93購06,0,0,0,0,0,0,0,0,0,10000,0,0,0,10000,0,10000,10000
045349,大立光凱基93購07,0,0,0,0,0,0,0,0,0,10000,0,0,0,10000,0,10000,10000
045339,鴻海凱基92購06  ,0,0,0,0,0,0,0,0,0,10000,0,0,0,10000,0,10000,10000
045332,康友群益92購01  ,0,0,0,0,0,0,0,0,0,10000,0,0,0,10000,0,10000,10000
045597,聯發科第一92購01,0,0,0,0,0,0,0,0,0,10000,0,0,0,10000,0,10000,10000
044961,聯電中信94購01  ,0,0,0,0,0,0,0,0,0,10000,0,0,0,10000,0,10000,10000
045499,技嘉凱基92購02  ,0,0,0,0,0,0,0,0,0,10000,0,0,0,20000,10000,10000,10000
045505,旭富凱基92購01  ,0,0,0,0,0,0,0,0,0,10000,0,0,0,10000,0,10000,10000
046193,大立光凱基92購06,0,0,0,0,0,0,0,0,0,10000,0,0,0,10000,0,10000,10000
046194,禾伸堂凱基92購02,0,0,0,0,0,0,0,0,0,10000,0,0,0,30000,20000,10000,10000
046209,全新元富92購01  ,0,0,0,0,0,0,0,0,0,10000,0,0,0,20000,10000,10000,10000
046167,樺漢兆豐92購01  ,0,0,0,0,0,0,0,0,0,10000,0,0,0,10000,0,10000,10000
046186,南亞科凱基92購03,0,0,0,0,0,0,0,0,0,10000,0,0,0,30000,20000,10000,10000
046157,美律群益92購05  ,0,0,0,0,0,0,0,0,0,10000,0,0,0,20000,10000,10000,10000
045108,康友群益93購02  ,0,0,0,0,0,0,0,0,0,10000,0,0,0,10000,0,10000,10000
046136,南茂富邦92購01  ,0,0,0,0,0,0,0,0,0,10000,0,0,0,10000,0,10000,10000
045088,康控元大94購02  ,0,0,0,0,0,0,0,0,0,10000,0,0,0,30000,20000,10000,10000
045046,冠德凱基92購01  ,0,0,0,0,0,0,0,0,0,10000,0,0,0,20000,10000,10000,10000
045049,景碩凱基92購02  ,0,0,0,0,0,0,0,0,0,10000,0,0,0,10000,0,10000,10000
045036,TPK群益93購02   ,0,0,0,0,0,0,0,0,0,10000,0,0,0,10000,0,10000,10000
049108,玉晶光富邦96購02,0,0,0,0,0,0,0,0,0,10000,0,0,0,93000,83000,10000,10000
049089,正文凱基94購02  ,0,0,0,0,0,0,0,0,0,10000,0,0,0,10000,0,10000,10000
049073,光罩凱基94購01  ,0,0,0,0,0,0,0,0,0,10000,0,0,0,31000,21000,10000,10000
049156,緯穎元大96購01  ,0,0,0,0,0,0,0,0,0,10000,0,0,0,12000,2000,10000,10000
049262,大立光元大94購09,0,0,0,0,0,0,0,0,0,10000,0,0,0,10000,0,10000,10000
049358,可成富邦94購01  ,0,0,0,0,0,0,0,0,0,10000,0,0,0,10000,0,10000,10000
04940P,台積電國票95售02,0,0,0,0,0,0,0,0,0,10000,0,0,0,30000,20000,10000,10000
046462,康控凱基92購01  ,0,0,0,0,0,0,0,0,0,10000,0,0,0,10000,0,10000,10000
046450,鴻海凱基93購12  ,0,0,0,0,0,0,0,0,0,10000,0,0,0,31000,21000,10000,10000
046453,台積電凱基92購21,0,0,0,0,0,0,0,0,0,10000,0,0,0,40000,30000,10000,10000
046455,瑞昱凱基92購03  ,0,0,0,0,0,0,0,0,0,10000,0,0,0,10000,0,10000,10000
046488,台積電永昌92購01,0,0,0,0,0,0,0,0,0,10000,0,0,0,10000,0,10000,10000
046409,富邦金元大92購02,0,0,0,0,0,0,0,0,0,10000,0,0,0,10000,0,10000,10000
046619,可成凱基93購01  ,0,0,0,0,0,0,0,0,0,10000,0,0,0,10000,0,10000,10000
046651,TPK富邦94購02   ,0,0,0,0,0,0,0,0,0,10000,0,0,0,10000,0,10000,10000
046540,創意群益92購04  ,0,0,0,0,0,0,0,0,0,10000,0,0,0,10000,0,10000,10000
046536,聯發科群益92購08,0,0,0,0,0,0,0,0,0,10000,0,0,0,10000,0,10000,10000
046538,大立光群益93購06,0,0,0,0,0,0,0,0,0,10000,0,0,0,10000,0,10000,10000
046520,瀚宇博元大92購02,0,0,0,0,0,0,0,0,0,10000,0,0,0,10000,0,10000,10000
044440,臺股指元大92購07,0,0,0,0,0,0,0,0,0,10000,0,0,0,10000,0,10000,10000
046343,和鑫國票93購02  ,0,0,0,0,0,0,0,0,0,10000,0,0,0,10000,0,10000,10000
046959,技嘉中信93購01  ,0,0,0,0,0,0,0,0,0,10000,0,0,0,40000,30000,10000,10000
046338,致伸中信92購01  ,0,0,0,0,0,0,0,0,0,10000,0,0,0,10000,0,10000,10000
046244,大成鋼亞東93購01,0,0,0,0,0,0,0,0,0,10000,0,0,0,10000,0,10000,10000
046259,和大凱基92購02  ,0,0,0,0,0,0,0,0,0,10000,0,0,0,20000,10000,10000,10000
046268,嘉晶凱基93購02  ,0,0,0,0,0,0,0,0,0,10000,0,0,0,10000,0,10000,10000
046269,禾伸堂凱基92購03,0,0,0,0,0,0,0,0,0,10000,0,0,0,12000,2000,10000,10000
046278,緯創台新92購01  ,0,0,0,0,0,0,0,0,0,10000,0,0,0,10000,0,10000,10000
046725,可成元大93購02  ,0,0,0,0,0,0,0,0,0,10000,0,0,0,10000,0,10000,10000
044721,創意台新93購01  ,0,0,0,0,0,0,0,0,0,10000,0,0,0,10000,0,10000,10000
045875,仁寶元富92購01  ,0,0,0,0,0,0,0,0,0,10000,0,0,0,10000,0,10000,10000
045896,正文元大92購03  ,0,0,0,0,0,0,0,0,0,10000,0,0,0,10000,0,10000,10000
044646,旺宏群益93購01  ,0,0,0,0,0,0,0,0,0,10000,0,0,0,50000,40000,10000,10000
045866,南茂統一94購01  ,0,0,0,0,0,0,0,0,0,10000,0,0,0,30000,20000,10000,10000
044567,華通凱基93購03  ,0,0,0,0,0,0,0,0,0,10000,0,0,0,10000,0,10000,10000
04451P,可成凱基94售04  ,0,0,0,0,0,0,0,0,0,10000,0,0,0,22000,12000,10000,10000
045776,可成元大92購07  ,0,0,0,0,0,0,0,0,0,10000,0,0,0,10000,0,10000,10000
045843,燿華台新92購01  ,0,0,0,0,0,0,0,0,0,10000,0,0,0,10000,0,10000,10000
045818,鴻海凱基93購10  ,0,0,0,0,0,0,0,0,0,10000,0,0,0,10000,0,10000,10000
046069,禾伸堂凱基92購01,0,0,0,0,0,0,0,0,0,10000,0,0,0,20000,10000,10000,10000
046064,中工凱基94購01  ,0,0,0,0,0,0,0,0,0,10000,0,0,0,30000,20000,10000,10000
046047,臺股指元大93購17,0,0,0,0,0,0,0,0,0,10000,0,0,0,10000,0,10000,10000
046092,智伸科兆豐92購01,0,0,0,0,0,0,0,0,0,10000,0,0,0,10000,0,10000,10000
046033,義隆元大92購03  ,0,0,0,0,0,0,0,0,0,10000,0,0,0,10000,0,10000,10000
046034,可成元大92購09  ,0,0,0,0,0,0,0,0,0,10000,0,0,0,10000,0,10000,10000
044927,聯詠國泰94購01  ,0,0,0,0,0,0,0,0,0,10000,0,0,0,10000,0,10000,10000
044862,台表科兆豐93購01,0,0,0,0,0,0,0,0,0,10000,0,0,0,10000,0,10000,10000
045985,台達電永昌93購01,0,0,0,0,0,0,0,0,0,10000,0,0,0,10000,0,10000,10000
045965,大立光凱基92購03,0,0,0,0,0,0,0,0,0,10000,0,0,0,10000,0,10000,10000
042618,台灣50群益92購04,0,0,0,0,0,0,0,0,0,10000,0,0,0,10000,0,10000,10000
04239P,上銀凱基93售08  ,0,0,0,0,0,0,0,0,0,10000,0,0,0,10000,0,10000,10000
042255,群創國票92購01  ,0,0,0,0,0,0,0,0,0,10000,0,0,0,10000,0,10000,10000
042674,大成鋼富邦92購01,0,0,0,0,0,0,0,0,0,10000,0,0,0,10000,0,10000,10000
045653,南茂凱基93購02  ,0,0,0,0,0,0,0,0,0,10000,0,0,0,10000,0,10000,10000
045629,智邦凱基92購01  ,0,0,0,0,0,0,0,0,0,10000,0,0,0,10000,0,10000,10000
045717,微星凱基92購03  ,0,0,0,0,0,0,0,0,0,10000,0,0,0,20000,10000,10000,10000
045670,鴻海元大92購09  ,0,0,0,0,0,0,0,0,0,10000,0,0,0,23000,13000,10000,10000
045683,泰鼎元大93購03  ,0,0,0,0,0,0,0,0,0,10000,0,0,0,10000,0,10000,10000
046891,南亞科群益93購01,0,0,0,0,0,0,0,0,0,10000,0,0,0,10000,0,10000,10000
046871,美律元富93購01  ,0,0,0,0,0,0,0,0,0,10000,0,0,0,20000,10000,10000,10000
046888,鴻海群益93購05  ,0,0,0,0,0,0,0,0,0,10000,0,0,0,10000,0,10000,10000
046854,可成元大93購04  ,0,0,0,0,0,0,0,0,0,10000,0,0,0,10000,0,10000,10000
046359,宏達電台新92購01,0,0,0,0,0,0,0,0,0,10000,0,0,0,10000,0,10000,10000
046352,智邦群益92購02  ,0,0,0,0,0,0,0,0,0,10000,0,0,0,10000,0,10000,10000
046353,聯發科群益92購04,0,0,0,0,0,0,0,0,0,10000,0,0,0,10000,0,10000,10000
046355,欣興群益92購03  ,0,0,0,0,0,0,0,0,0,10000,0,0,0,10000,0,10000,10000
046350,上銀群益92購02  ,0,0,0,0,0,0,0,0,0,10000,0,0,0,30000,20000,10000,10000
046345,世紀鋼國票93購01,0,0,0,0,0,0,0,0,0,10000,0,0,0,10000,0,10000,10000
046914,友達台新96購01  ,0,0,0,0,0,0,0,0,0,10000,0,0,0,10000,0,10000,10000
046927,上銀富邦95購01  ,0,0,0,0,0,0,0,0,0,10000,0,0,0,10000,0,10000,10000
044307,GIS兆豐93購01   ,0,0,0,0,0,0,0,0,0,10000,0,0,0,35000,25000,10000,10000
04433P,上証2X國票95售01,0,0,0,0,0,0,0,0,0,10000,0,0,0,10000,0,10000,10000
046839,喬山台新93購01  ,0,0,0,0,0,0,0,0,0,10000,0,0,0,10000,0,10000,10000
046803,可成元大93購03  ,0,0,0,0,0,0,0,0,0,10000,0,0,0,10000,0,10000,10000
046785,禾伸堂永豐93購01,0,0,0,0,0,0,0,0,0,10000,0,0,0,10000,0,10000,10000
041921,台灣50凱基93購04,0,0,0,0,0,0,0,0,0,10000,0,0,0,10000,0,10000,10000
04311P,奇力新統一95售01,0,0,0,0,0,0,0,0,0,10000,0,0,0,10000,0,10000,10000
042826,欣興兆豐93購01  ,0,0,0,0,0,0,0,0,0,10000,0,0,0,10000,0,10000,10000
040160,SP黃豆元富95購01,0,0,0,0,0,0,0,0,0,10000,0,0,0,10000,0,10000,10000
044264,大立光富邦93購03,0,0,0,0,0,0,0,0,0,10000,0,0,0,10000,0,10000,10000
044265,滬深2X中信95購05,0,0,0,0,0,0,0,0,0,10000,0,0,0,10000,0,10000,10000
04127P,聯茂國票93售02  ,0,0,0,0,0,0,0,0,0,10000,0,0,0,10000,0,10000,10000
04156P,大立光永豐93售02,0,0,0,0,0,0,0,0,0,10000,0,0,0,10000,0,10000,10000
042792,T50反1台新9C購01,0,0,0,0,0,0,0,0,0,10000,0,0,0,10000,0,10000,10000
042754,元黃金元大93購01,0,0,0,0,0,0,0,0,0,10000,0,0,0,10000,0,10000,10000
03005P,旭富群益01售05  ,0,0,0,0,0,0,0,0,0,10000,0,0,0,20000,10000,10000,10000
03674P,同欣電元富92售03,0,0,0,0,0,0,0,0,0,10000,0,0,0,10000,0,10000,10000
03663P,聯電群益92售01  ,0,0,0,0,0,0,0,0,0,10000,0,0,0,10000,0,10000,10000
03809P,鴻海永昌93售04  ,0,0,0,0,0,0,0,0,0,10000,0,0,0,10000,0,10000,10000
03779P,力山凱基93售01  ,0,0,0,0,0,0,0,0,0,10000,0,0,0,10000,0,10000,10000
03868P,統一凱基93售02  ,0,0,0,0,0,0,0,0,0,10000,0,0,0,10000,0,10000,10000
03871P,智邦群益93售02  ,0,0,0,0,0,0,0,0,0,10000,0,0,0,11000,1000,10000,10000
03047P,矽創國票03售01  ,0,0,0,0,0,0,0,0,0,10000,0,0,0,20000,10000,10000,10000
03166P,台積電台新03售01,0,0,0,0,0,0,0,0,0,10000,0,0,0,10000,0,10000,10000
03375P,玉晶光元大02售07,0,0,0,0,0,0,0,0,0,10000,0,0,0,10000,0,10000,10000
03458P,玉晶光凱基03售08,0,0,0,0,0,0,0,0,0,10000,0,0,0,10000,0,10000,10000
03442P,牧德凱基02售04  ,0,0,0,0,0,0,0,0,0,10000,0,0,0,10000,0,10000,10000
03334P,宏達電元大02售04,0,0,0,0,0,0,0,0,0,10000,0,0,0,10000,0,10000,10000
043770,亞德客兆豐92購01,0,0,0,0,0,0,0,0,0,10000,0,0,0,10000,0,10000,10000
043774,瑞昱兆豐92購01  ,0,0,0,0,0,0,0,0,0,10000,0,0,0,10000,0,10000,10000
03541P,欣興國泰04售03  ,0,0,0,0,0,0,0,0,0,10000,0,0,0,10000,0,10000,10000
03549P,聯發科凱基02售10,0,0,0,0,0,0,0,0,0,10000,0,0,0,20000,10000,10000,10000
044049,元金2X元大94購03,0,0,0,0,0,0,0,0,0,10000,0,0,0,10000,0,10000,10000
044031,致茂群益92購01  ,0,0,0,0,0,0,0,0,0,10000,0,0,0,10000,0,10000,10000
044028,鴻海群益92購02  ,0,0,0,0,0,0,0,0,0,10000,0,0,0,10000,0,10000,10000
050368,國巨元大94購14  ,0,0,0,0,0,0,0,0,0,10000,0,0,0,41000,31000,10000,10000
050204,華新科群益94購05,0,0,0,0,0,0,0,0,0,10000,0,0,0,12000,2000,10000,10000
050214,嘉晶台新94購01  ,0,0,0,0,0,0,0,0,0,10000,0,0,0,10000,0,10000,10000
050150,國巨群益95購01  ,0,0,0,0,0,0,0,0,0,10000,0,0,0,10000,0,10000,10000
050152,聯發科群益94購07,0,0,0,0,0,0,0,0,0,10000,0,0,0,10000,0,10000,10000
050484,世紀鋼國票95購02,0,0,0,0,0,0,0,0,0,10000,0,0,0,10000,0,10000,10000
05051P,鴻海群益95售05  ,0,0,0,0,0,0,0,0,0,10000,0,0,0,10000,0,10000,10000
050465,神基中信94購01  ,0,0,0,0,0,0,0,0,0,10000,0,0,0,10000,0,10000,10000
050428,光磊凱基94購05  ,0,0,0,0,0,0,0,0,0,10000,0,0,0,10000,0,10000,10000
050417,喬山凱基94購01  ,0,0,0,0,0,0,0,0,0,10000,0,0,0,10000,0,10000,10000
050394,大立光元富94購09,0,0,0,0,0,0,0,0,0,10000,0,0,0,10000,0,10000,10000
047253,新唐群益93購01  ,0,0,0,0,0,0,0,0,0,10000,0,0,0,10000,0,10000,10000
047196,上銀統一97購01  ,0,0,0,0,0,0,0,0,0,10000,0,0,0,158000,148000,10000,10000
047205,GIS元富93購03   ,0,0,0,0,0,0,0,0,0,10000,0,0,0,10000,0,10000,10000
050076,百和凱基94購02  ,0,0,0,0,0,0,0,0,0,10000,0,0,0,10000,0,10000,10000
050058,國巨凱基94購06  ,0,0,0,0,0,0,0,0,0,10000,0,0,0,10000,0,10000,10000
050823,信邦凱基95購01  ,0,0,0,0,0,0,0,0,0,10000,0,0,0,10000,0,10000,10000
050805,光寶科日盛95購01,0,0,0,0,0,0,0,0,0,10000,0,0,0,10000,0,10000,10000
050171,臺指反元大97購03,0,0,0,0,0,0,0,0,0,10000,0,0,0,10000,0,10000,10000
050144,宏達電台新95購01,0,0,0,0,0,0,0,0,0,10000,0,0,0,10000,0,10000,10000
050132,日電貿凱基94購02,0,0,0,0,0,0,0,0,0,10000,0,0,0,10000,0,10000,10000
050794,大立光富邦96購04,0,0,0,0,0,0,0,0,0,10000,0,0,0,10000,0,10000,10000
050086,國巨台新94購03  ,0,0,0,0,0,0,0,0,0,10000,0,0,0,10000,0,10000,10000
05010P,台郡元富95售01  ,0,0,0,0,0,0,0,0,0,10000,0,0,0,10000,0,10000,10000
050111,全新元大95購02  ,0,0,0,0,0,0,0,0,0,10000,0,0,0,10000,0,10000,10000
050102,鴻海富邦95購04  ,0,0,0,0,0,0,0,0,0,10000,0,0,0,11000,1000,10000,10000
049467,致伸台新94購01  ,0,0,0,0,0,0,0,0,0,10000,0,0,0,10000,0,10000,10000
048274,矽力台新93購01  ,0,0,0,0,0,0,0,0,0,10000,0,0,0,10000,0,10000,10000
048593,華新科群益93購04,0,0,0,0,0,0,0,0,0,10000,0,0,0,21000,11000,10000,10000
048597,台達電國票93購02,0,0,0,0,0,0,0,0,0,10000,0,0,0,10000,0,10000,10000
048615,貿聯凱基93購04  ,0,0,0,0,0,0,0,0,0,10000,0,0,0,10000,0,10000,10000
048616,智伸科凱基93購07,0,0,0,0,0,0,0,0,0,10000,0,0,0,10000,0,10000,10000
048611,宏達電凱基93購04,0,0,0,0,0,0,0,0,0,10000,0,0,0,10000,0,10000,10000
047032,台虹元大93購01  ,0,0,0,0,0,0,0,0,0,10000,0,0,0,30000,20000,10000,10000
048324,訊芯凱基93購03  ,0,0,0,0,0,0,0,0,0,10000,0,0,0,23000,13000,10000,10000
048033,大立光凱基93購28,0,0,0,0,0,0,0,0,0,10000,0,0,0,10000,0,10000,10000
048296,康控群益93購03  ,0,0,0,0,0,0,0,0,0,10000,0,0,0,10000,0,10000,10000
048352,嘉澤台新93購01  ,0,0,0,0,0,0,0,0,0,10000,0,0,0,10000,0,10000,10000
048376,台達電元富93購01,0,0,0,0,0,0,0,0,0,10000,0,0,0,10000,0,10000,10000
048403,聯發科群益93購10,0,0,0,0,0,0,0,0,0,10000,0,0,0,10000,0,10000,10000
048577,GIS國泰94購01   ,0,0,0,0,0,0,0,0,0,10000,0,0,0,10000,0,10000,10000
048524,GIS元富94購01   ,0,0,0,0,0,0,0,0,0,10000,0,0,0,10000,0,10000,10000
048487,華邦電富邦93購02,0,0,0,0,0,0,0,0,0,10000,0,0,0,10000,0,10000,10000
048506,華通群益94購03  ,0,0,0,0,0,0,0,0,0,10000,0,0,0,10000,0,10000,10000
048098,嘉澤凱基93購04  ,0,0,0,0,0,0,0,0,0,10000,0,0,0,10000,0,10000,10000
048099,健策凱基93購06  ,0,0,0,0,0,0,0,0,0,10000,0,0,0,10000,0,10000,10000
049941,臺股指元大94購24,0,0,0,0,0,0,0,0,0,10000,0,0,0,10000,0,10000,10000
049944,日月光第一94購01,0,0,0,0,0,0,0,0,0,10000,0,0,0,10000,0,10000,10000
048082,台苯凱基93購01  ,0,0,0,0,0,0,0,0,0,10000,0,0,0,10000,0,10000,10000
049992,國巨台新94購02  ,0,0,0,0,0,0,0,0,0,10000,0,0,0,10000,0,10000,10000
047063,漢唐凱基95購01  ,0,0,0,0,0,0,0,0,0,10000,0,0,0,10000,0,10000,10000
047091,南茂元富93購01  ,0,0,0,0,0,0,0,0,0,10000,0,0,0,10000,0,10000,10000
049426,為升兆豐95購01  ,0,0,0,0,0,0,0,0,0,10000,0,0,0,10000,0,10000,10000
047117,禾伸堂元大93購02,0,0,0,0,0,0,0,0,0,10000,0,0,0,31000,21000,10000,10000
050045,祥碩兆豐94購01  ,0,0,0,0,0,0,0,0,0,10000,0,0,0,10000,0,10000,10000
048144,華固統一93購01  ,0,0,0,0,0,0,0,0,0,10000,0,0,0,20000,10000,10000,10000
04814P,健策元大96售01  ,0,0,0,0,0,0,0,0,0,10000,0,0,0,10000,0,10000,10000
048137,力成國票93購01  ,0,0,0,0,0,0,0,0,0,10000,0,0,0,10000,0,10000,10000
049172,鴻海凱基94購14  ,0,0,0,0,0,0,0,0,0,10000,0,0,0,41000,31000,10000,10000
047711,華新科凱基94購03,0,0,0,0,0,0,0,0,0,10000,0,0,0,10000,0,10000,10000
048693,GIS群益94購02   ,0,0,0,0,0,0,0,0,0,10000,0,0,0,10000,0,10000,10000
048672,日電貿永豐93購02,0,0,0,0,0,0,0,0,0,10000,0,0,0,20000,10000,10000,10000
048678,統一富邦93購01  ,0,0,0,0,0,0,0,0,0,10000,0,0,0,34000,24000,10000,10000
047765,瑞昱元大93購12  ,0,0,0,0,0,0,0,0,0,10000,0,0,0,10000,0,10000,10000
04775P,台積電凱基94售29,0,0,0,0,0,0,0,0,0,10000,0,0,0,10000,0,10000,10000
047736,聯發科台新94購01,0,0,0,0,0,0,0,0,0,10000,0,0,0,10000,0,10000,10000
049311,漢唐凱基94購03  ,0,0,0,0,0,0,0,0,0,10000,0,0,0,10000,0,10000,10000
047792,美利達群益93購02,0,0,0,0,0,0,0,0,0,10000,0,0,0,10000,0,10000,10000
047815,大立光凱基93購25,0,0,0,0,0,0,0,0,0,10000,0,0,0,10000,0,10000,10000
048712,樺漢台新94購01  ,0,0,0,0,0,0,0,0,0,10000,0,0,0,10000,0,10000,10000
048911,玉晶光富邦96購01,0,0,0,0,0,0,0,0,0,10000,0,0,0,10000,0,10000,10000
048912,牧德富邦94購01  ,0,0,0,0,0,0,0,0,0,10000,0,0,0,10000,0,10000,10000
048917,和鑫台新94購01  ,0,0,0,0,0,0,0,0,0,10000,0,0,0,10000,0,10000,10000
049743,全新台新94購01  ,0,0,0,0,0,0,0,0,0,10000,0,0,0,20000,10000,10000,10000
049749,創意永豐94購01  ,0,0,0,0,0,0,0,0,0,10000,0,0,0,10000,0,10000,10000
049564,聯電統一94購03  ,0,0,0,0,0,0,0,0,0,10000,0,0,0,10000,0,10000,10000
049658,國巨台新95購01  ,0,0,0,0,0,0,0,0,0,10000,0,0,0,10000,0,10000,10000
049653,緯穎凱基94購03  ,0,0,0,0,0,0,0,0,0,10000,0,0,0,10000,0,10000,10000
04966P,台表科元大94售04,0,0,0,0,0,0,0,0,0,10000,0,0,0,10000,0,10000,10000
049666,臺股指永昌94購01,0,0,0,0,0,0,0,0,0,10000,0,0,0,10000,0,10000,10000
04964P,鴻海元大94售26  ,0,0,0,0,0,0,0,0,0,10000,0,0,0,115000,105000,10000,10000
049558,深中小統一94購04,0,0,0,0,0,0,0,0,0,10000,0,0,0,10000,0,10000,10000
049509,台達電凱基94購07,0,0,0,0,0,0,0,0,0,10000,0,0,0,10000,0,10000,10000
048800,瑞昱富邦94購01  ,0,0,0,0,0,0,0,0,0,10000,0,0,0,10000,0,10000,10000
048791,智原元大94購02  ,0,0,0,0,0,0,0,0,0,10000,0,0,0,10000,0,10000,10000
049740,禾伸堂群益94購01,0,0,0,0,0,0,0,0,0,10000,0,0,0,10000,0,10000,10000
047862,超眾台新93購01  ,0,0,0,0,0,0,0,0,0,10000,0,0,0,10000,0,10000,10000
04783P,貿聯元富94售01  ,0,0,0,0,0,0,0,0,0,10000,0,0,0,30000,20000,10000,10000
047832,漢唐元大94購03  ,0,0,0,0,0,0,0,0,0,10000,0,0,0,10000,0,10000,10000
048766,禾伸堂凱基94購01,0,0,0,0,0,0,0,0,0,10000,0,0,0,10000,0,10000,10000
049821,中石化凱基94購02,0,0,0,0,0,0,0,0,0,10000,0,0,0,10000,0,10000,10000
049826,光磊凱基94購02  ,0,0,0,0,0,0,0,0,0,10000,0,0,0,10000,0,10000,10000
049862,南亞科兆豐94購01,0,0,0,0,0,0,0,0,0,10000,0,0,0,10000,0,10000,10000
048858,大立光群益94購03,0,0,0,0,0,0,0,0,0,10000,0,0,0,10000,0,10000,10000
049887,嘉聯益永昌95購01,0,0,0,0,0,0,0,0,0,10000,0,0,0,10000,0,10000,10000
049846,台泥群益94購01  ,0,0,0,0,0,0,0,0,0,10000,0,0,0,20000,10000,10000,10000
049852,康控群益94購03  ,0,0,0,0,0,0,0,0,0,10000,0,0,0,20000,10000,10000,10000
049878,宏達電永豐94購01,0,0,0,0,0,0,0,0,0,10000,0,0,0,52000,42000,10000,10000
049921,大立光元大94購16,0,0,0,0,0,0,0,0,0,10000,0,0,0,10000,0,10000,10000
047329,聯茂元大93購04  ,0,0,0,0,0,0,0,0,0,10000,0,0,0,60000,50000,10000,10000
047345,鴻海凱基94購06  ,0,0,0,0,0,0,0,0,0,10000,0,0,0,30000,20000,10000,10000
047991,元油反元大96購05,0,0,0,0,0,0,0,0,0,10000,0,0,0,10000,0,10000,10000
04797P,華新科元大94售04,0,0,0,0,0,0,0,0,0,10000,0,0,0,10000,0,10000,10000
048816,光寶科凱基94購01,0,0,0,0,0,0,0,0,0,10000,0,0,0,10000,0,10000,10000
048820,台積電凱基94購06,0,0,0,0,0,0,0,0,0,10000,0,0,0,10000,0,10000,10000
048823,漢唐凱基94購01  ,0,0,0,0,0,0,0,0,0,10000,0,0,0,10000,0,10000,10000
048810,玉晶光第一94購01,0,0,0,0,0,0,0,0,0,10000,0,0,0,89000,79000,10000,10000
048803,大立光富邦96購01,0,0,0,0,0,0,0,0,0,10000,0,0,0,10000,0,10000,10000
048019,GIS麥證94購01   ,0,0,0,20000,10000,10000,0,0,0,10000,0,0,0,20000,10000,10000,10000
048016,啟碁國票94購01  ,0,0,0,0,0,0,0,0,0,10000,0,0,0,10000,0,10000,10000
047461,大立光群益93購09,0,0,0,0,0,0,0,0,0,10000,0,0,0,10000,0,10000,10000
047546,瑞昱凱基93購06  ,0,0,0,0,0,0,0,0,0,10000,0,0,0,14000,4000,10000,10000
047543,鴻海凱基94購09  ,0,0,0,0,0,0,0,0,0,10000,0,0,0,11000,1000,10000,10000
047525,漢唐元大93購04  ,0,0,0,0,0,0,0,0,0,10000,0,0,0,10000,0,10000,10000
047538,訊芯日盛93購01  ,0,0,0,0,0,0,0,0,0,10000,0,0,0,10000,0,10000,10000
047581,康控台新93購01  ,0,0,0,0,0,0,0,0,0,10000,0,0,0,10000,0,10000,10000
047399,華通康和93購01  ,0,0,0,0,0,0,0,0,0,10000,0,0,0,10000,0,10000,10000
047415,欣興永昌93購01  ,0,0,0,0,0,0,0,0,0,10000,0,0,0,10000,0,10000,10000
047921,南亞科凱基93購05,0,0,0,0,0,0,0,0,0,10000,0,0,0,10000,0,10000,10000
047913,美利達麥證93購01,0,0,0,10000,0,10000,0,0,0,10000,0,0,0,10000,0,10000,10000
047915,鴻海凱基93購27  ,0,0,0,0,0,0,0,0,0,10000,0,0,0,10000,0,10000,10000
047017,鴻海元大93購08  ,0,0,0,0,0,0,0,0,0,10000,0,0,0,10000,0,10000,10000
046989,可成凱基93購03  ,0,0,0,0,0,0,0,0,0,10000,0,0,0,10000,0,10000,10000
053077,同欣電永豐96購01,0,0,0,0,0,0,0,0,0,10000,0,0,0,10000,0,10000,10000
053123,京元電凱基96購01,0,0,0,0,0,0,0,0,0,10000,0,0,0,10000,0,10000,10000
053182,大立光元富96購02,0,0,0,0,0,0,0,0,0,10000,0,0,0,10000,0,10000,10000
053149,京元電元大96購02,0,0,0,0,0,0,0,0,0,10000,0,0,0,10000,0,10000,10000
053175,矽力群益96購01  ,0,0,0,0,0,0,0,0,0,10000,0,0,0,10000,0,10000,10000
053312,緯穎凱基96購02  ,0,0,0,0,0,0,0,0,0,10000,0,0,0,10000,0,10000,10000
053335,易華電永豐96購01,0,0,0,0,0,0,0,0,0,10000,0,0,0,71000,61000,10000,10000
053240,巨路永豐96購01  ,0,0,0,0,0,0,0,0,0,10000,0,0,0,10000,0,10000,10000
053242,聯電國票96購04  ,0,0,0,0,0,0,0,0,0,10000,0,0,0,20000,10000,10000,10000
053237,揚明光永豐96購03,0,0,0,0,0,0,0,0,0,10000,0,0,0,20000,10000,10000,10000
053217,群創凱基99購02  ,0,0,0,0,0,0,0,0,0,10000,0,0,0,10000,0,10000,10000
052945,嘉晶國票97購01  ,0,0,0,0,0,0,0,0,0,10000,0,0,0,10000,0,10000,10000
052946,智原國票97購02  ,0,0,0,0,0,0,0,0,0,10000,0,0,0,10000,0,10000,10000
053012,國巨統一96購03  ,0,0,0,0,0,0,0,0,0,10000,0,0,0,51000,41000,10000,10000
053040,全新凱基98購01  ,0,0,0,0,0,0,0,0,0,10000,0,0,0,20000,10000,10000,10000
052872,智易凱基96購01  ,0,0,0,0,0,0,0,0,0,10000,0,0,0,10000,0,10000,10000
052777,燿華國票98購01  ,0,0,0,0,0,0,0,0,0,10000,0,0,0,43000,33000,10000,10000
052759,京元電群益96購01,0,0,0,0,0,0,0,0,0,10000,0,0,0,10000,0,10000,10000
052760,盟立群益96購01  ,0,0,0,0,0,0,0,0,0,10000,0,0,0,10000,0,10000,10000
052753,電子類元大96購02,0,0,0,0,0,0,0,0,0,10000,0,0,0,10000,0,10000,10000
052804,淘帝元大96購01  ,0,0,0,0,0,0,0,0,0,10000,0,0,0,10000,0,10000,10000
052712,旺宏凱基96購02  ,0,0,0,0,0,0,0,0,0,10000,0,0,0,86000,76000,10000,10000
052724,力成統一97購01  ,0,0,0,0,0,0,0,0,0,10000,0,0,0,10000,0,10000,10000
052646,淘帝永豐96購01  ,0,0,0,0,0,0,0,0,0,10000,0,0,0,15000,5000,10000,10000
052639,康控凱基96購02  ,0,0,0,0,0,0,0,0,0,10000,0,0,0,10000,0,10000,10000
052422,聯電國票96購03  ,0,0,0,0,0,0,0,0,0,10000,0,0,0,20000,10000,10000,10000
052463,聯電統一96購01  ,0,0,0,0,0,0,0,0,0,10000,0,0,0,10000,0,10000,10000
05255P,義隆凱基95售01  ,0,0,0,0,0,0,0,0,0,10000,0,0,0,10000,0,10000,10000
052568,漢唐凱基96購02  ,0,0,0,0,0,0,0,0,0,10000,0,0,0,10000,0,10000,10000
052203,T50反1中信99購03,0,0,0,0,0,0,0,0,0,10000,0,0,0,10000,0,10000,10000
052186,宏達電群益95購04,0,0,0,0,0,0,0,0,0,10000,0,0,0,14000,4000,10000,10000
052176,景碩元大96購01  ,0,0,0,0,0,0,0,0,0,10000,0,0,0,10000,0,10000,10000
052154,緯創台新95購01  ,0,0,0,0,0,0,0,0,0,10000,0,0,0,10000,0,10000,10000
052051,京鼎凱基95購01  ,0,0,0,0,0,0,0,0,0,10000,0,0,0,10000,0,10000,10000
052079,康友元富98購01  ,0,0,0,0,0,0,0,0,0,10000,0,0,0,80000,70000,10000,10000
052064,臺股指國票95購11,0,0,0,0,0,0,0,0,0,10000,0,0,0,10000,0,10000,10000
052094,瀚宇博元大96購02,0,0,0,0,0,0,0,0,0,10000,0,0,0,10000,0,10000,10000
052127,日月光國票96購01,0,0,0,0,0,0,0,0,0,10000,0,0,0,60000,50000,10000,10000
052238,智易國票96購01  ,0,0,0,0,0,0,0,0,0,10000,0,0,0,10000,0,10000,10000
052281,全新凱基97購01  ,0,0,0,0,0,0,0,0,0,10000,0,0,0,20000,10000,10000,10000
052352,力成元富95購01  ,0,0,0,0,0,0,0,0,0,10000,0,0,0,10000,0,10000,10000
051098,矽格元大95購01  ,0,0,0,0,0,0,0,0,0,10000,0,0,0,10000,0,10000,10000
051146,旺宏凱基95購04  ,0,0,0,0,0,0,0,0,0,10000,0,0,0,18000,8000,10000,10000
051150,宏達電凱基95購02,0,0,0,0,0,0,0,0,0,10000,0,0,0,14000,4000,10000,10000
051012,台積電凱基95購04,0,0,0,0,0,0,0,0,0,10000,0,0,0,20000,10000,10000,10000
051019,大立光凱基95購08,0,0,0,0,0,0,0,0,0,10000,0,0,0,10000,0,10000,10000
051253,緯創元大95購02  ,0,0,0,0,0,0,0,0,0,10000,0,0,0,16000,6000,10000,10000
051186,創意永豐95購01  ,0,0,0,0,0,0,0,0,0,10000,0,0,0,10000,0,10000,10000
050760,矽力元富94購03  ,0,0,0,0,0,0,0,0,0,10000,0,0,0,10000,0,10000,10000
050860,喬山永豐95購01  ,0,0,0,0,0,0,0,0,0,10000,0,0,0,10000,0,10000,10000
050985,易華電國泰96購02,0,0,0,0,0,0,0,0,0,10000,0,0,0,10000,0,10000,10000
05099P,台積電凱基95售06,0,0,0,0,0,0,0,0,0,10000,0,0,0,10000,0,10000,10000
050929,中磊凱基95購01  ,0,0,0,0,0,0,0,0,0,10000,0,0,0,10000,0,10000,10000
050664,全新台新94購02  ,0,0,0,0,0,0,0,0,0,10000,0,0,0,10000,0,10000,10000
050690,台達電凱基96購01,0,0,0,0,0,0,0,0,0,10000,0,0,0,10000,0,10000,10000
050553,緯穎凱基94購06  ,0,0,0,0,0,0,0,0,0,10000,0,0,0,10000,0,10000,10000
050554,百和凱基95購01  ,0,0,0,0,0,0,0,0,0,10000,0,0,0,10000,0,10000,10000
050543,聯發科凱基95購01,0,0,0,0,0,0,0,0,0,10000,0,0,0,21000,11000,10000,10000
050544,聯發科凱基95購02,0,0,0,0,0,0,0,0,0,10000,0,0,0,10000,0,10000,10000
050605,上証2X元大97購02,0,0,0,0,0,0,0,0,0,10000,0,0,0,10000,0,10000,10000
051663,鴻海元大95購18  ,0,0,0,0,0,0,0,0,0,10000,0,0,0,10000,0,10000,10000
051564,和碩國泰96購01  ,0,0,0,0,0,0,0,0,0,10000,0,0,0,10000,0,10000,10000
051565,玉晶光永昌96購01,0,0,0,0,0,0,0,0,0,10000,0,0,0,10000,0,10000,10000
051478,宏達電凱基95購03,0,0,0,0,0,0,0,0,0,10000,0,0,0,10000,0,10000,10000
051450,世芯元大95購02  ,0,0,0,0,0,0,0,0,0,10000,0,0,0,11000,1000,10000,10000
051484,玉晶光凱基97購01,0,0,0,0,0,0,0,0,0,10000,0,0,0,61000,51000,10000,10000
051518,富邦金凱基95購01,0,0,0,0,0,0,0,0,0,10000,0,0,0,10000,0,10000,10000
051404,牧德永豐96購01  ,0,0,0,0,0,0,0,0,0,10000,0,0,0,10000,0,10000,10000
051413,富邦金國票96購02,0,0,0,0,0,0,0,0,0,10000,0,0,0,20000,10000,10000,10000
051438,喬山元大95購03  ,0,0,0,0,0,0,0,0,0,10000,0,0,0,10000,0,10000,10000
051885,易華電永豐95購02,0,0,0,0,0,0,0,0,0,10000,0,0,0,10000,0,10000,10000
052005,矽力國泰97購02  ,0,0,0,0,0,0,0,0,0,10000,0,0,0,23000,13000,10000,10000
052046,漢唐凱基96購01  ,0,0,0,0,0,0,0,0,0,10000,0,0,0,10000,0,10000,10000
052039,聯詠永昌96購01  ,0,0,0,0,0,0,0,0,0,10000,0,0,0,20000,10000,10000,10000
051973,華新科凱基96購04,0,0,0,0,0,0,0,0,0,10000,0,0,0,10000,0,10000,10000
052009,群創第一95購01  ,0,0,0,0,0,0,0,0,0,10000,0,0,0,10000,0,10000,10000
052010,兆豐金中信95購01,0,0,0,0,0,0,0,0,0,10000,0,0,0,10000,0,10000,10000
051711,臻鼎群益95購03  ,0,0,0,0,0,0,0,0,0,10000,0,0,0,10000,0,10000,10000
051730,為升國票96購02  ,0,0,0,0,0,0,0,0,0,10000,0,0,0,20000,10000,10000,10000
05178P,大立光凱基96售05,0,0,0,0,0,0,0,0,0,10000,0,0,0,240000,230000,10000,10000
051822,和碩元富95購01  ,0,0,0,0,0,0,0,0,0,10000,0,0,0,20000,10000,10000,10000
051828,微星元大95購03  ,0,0,0,0,0,0,0,0,0,10000,0,0,0,10000,0,10000,10000
051846,S&P反1中信96購02,0,0,0,0,0,0,0,0,0,10000,0,0,0,12000,2000,10000,10000
051872,矽力凱基96購01  ,0,0,0,0,0,0,0,0,0,10000,0,0,0,10000,0,10000,10000
06226P,聯發科麥證97售03,0,0,0,10000,0,10000,0,0,0,10000,0,0,0,10000,0,10000,10000
06270P,致伸凱基97售03  ,0,0,0,0,0,0,0,0,0,10000,0,0,0,10000,0,10000,10000
06247P,同欣電元富97售02,0,0,0,0,0,0,0,0,0,10000,0,0,0,10000,0,10000,10000
08405P,聯發科元大9C售11,0,0,0,0,0,0,0,0,0,10000,0,0,0,10000,0,10000,10000
06220P,廣宇元富97售02  ,0,0,0,0,0,0,0,0,0,10000,0,0,0,10000,0,10000,10000
06223P,漢唐元富97售02  ,0,0,0,0,0,0,0,0,0,10000,0,0,0,10000,0,10000,10000
06208P,台郡凱基97售03  ,0,0,0,0,0,0,0,0,0,10000,0,0,0,10000,0,10000,10000
06191P,鴻海群益97售03  ,0,0,0,0,0,0,0,0,0,10000,0,0,0,10000,0,10000,10000
1473,台南            ,41000,31000,10000,0,0,0,0,0,0,0,0,0,0,0,0,0,10000
056024,大立光群益97購05,0,0,0,0,0,0,0,0,0,10000,0,0,0,10000,0,10000,10000
055973,亞德客統一97購01,0,0,0,0,0,0,0,0,0,10000,0,0,0,10000,0,10000,10000
055974,上銀統一97購05  ,0,0,0,0,0,0,0,0,0,10000,0,0,0,10000,0,10000,10000
055940,致新群益98購01  ,0,0,0,0,0,0,0,0,0,10000,0,0,0,11000,1000,10000,10000
055956,瑞昱元大97購05  ,0,0,0,0,0,0,0,0,0,10000,0,0,0,26000,16000,10000,10000
056028,GIS群益97購02   ,0,0,0,0,0,0,0,0,0,10000,0,0,0,10000,0,10000,10000
056039,宏達電凱基97購02,0,0,0,0,0,0,0,0,0,10000,0,0,0,10000,0,10000,10000
05608P,聯發科凱基96售10,0,0,0,0,0,0,0,0,0,10000,0,0,0,10000,0,10000,10000
056083,億光統一97購03  ,0,0,0,0,0,0,0,0,0,10000,0,0,0,10000,0,10000,10000
05634P,玉晶光台新97售01,0,0,0,0,0,0,0,0,0,10000,0,0,0,10000,0,10000,10000
05662P,景碩元富96售01  ,0,0,0,0,0,0,0,0,0,10000,0,0,0,10000,0,10000,10000
05819P,臺股指凱基96售16,0,0,0,0,0,0,0,0,0,10000,0,0,0,10000,0,10000,10000
05716P,T50反1元大98售03,0,0,0,0,0,0,0,0,0,10000,0,0,0,10000,0,10000,10000
05747P,漢唐群益96售03  ,0,0,0,0,0,0,0,0,0,10000,0,0,0,10000,0,10000,10000
05770P,聯發科凱基96售16,0,0,0,0,0,0,0,0,0,10000,0,0,0,10000,0,10000,10000
06036P,台表科凱基96售04,0,0,0,0,0,0,0,0,0,10000,0,0,0,20000,10000,10000,10000
06025P,臺股指元大99售02,0,0,0,0,0,0,0,0,0,10000,0,0,0,10000,0,10000,10000
06027P,鴻海台新96售04  ,0,0,0,0,0,0,0,0,0,10000,0,0,0,10000,0,10000,10000
05938P,旺宏凱基96售07  ,0,0,0,0,0,0,0,0,0,10000,0,0,0,10000,0,10000,10000
055517,國巨中信97購03  ,0,0,0,0,0,0,0,0,0,9000,0,0,0,10000,1000,9000,9000
055308,聯發科群益97購04,0,0,0,0,0,0,0,0,0,9000,0,0,0,10000,1000,9000,9000
055304,瑞昱第一98購01  ,0,0,0,0,0,0,0,0,0,9000,0,0,0,9000,0,9000,9000
055431,和鑫群益98購01  ,0,0,0,0,0,0,0,0,0,9000,0,0,0,10000,1000,9000,9000
05541P,鴻海統一96售08  ,0,0,0,0,0,0,0,0,0,9000,0,0,0,9000,0,9000,9000
055683,晶技凱基99購01  ,0,0,0,0,0,0,0,0,0,9000,0,0,0,10000,1000,9000,9000
055776,宏達電凱基98購02,0,0,0,0,0,0,0,0,0,9000,0,0,0,23000,14000,9000,9000
054693,神基永豐97購01  ,0,0,0,0,0,0,0,0,0,9000,0,0,0,101000,92000,9000,9000
054658,道瓊銀元大9A購01,0,0,0,0,0,0,0,0,0,9000,0,0,0,30000,21000,9000,9000
055067,禾聯碩永豐97購01,0,0,0,0,0,0,0,0,0,9000,0,0,0,29000,20000,9000,9000
053921,嘉晶國票97購03  ,0,0,0,0,0,0,0,0,0,9000,0,0,0,9000,0,9000,9000
053950,緯穎富邦97購02  ,0,0,0,0,0,0,0,0,0,9000,0,0,0,59000,50000,9000,9000
053981,康控元大96購05  ,0,0,0,0,0,0,0,0,0,9000,0,0,0,9000,0,9000,9000
053730,樺漢凱基98購01  ,0,0,0,0,0,0,0,0,0,9000,0,0,0,10000,1000,9000,9000
05378P,台積電凱基96售02,0,0,0,0,0,0,0,0,0,9000,0,0,0,10000,1000,9000,9000
053451,致新凱基96購02  ,0,0,0,0,0,0,0,0,0,9000,0,0,0,10000,1000,9000,9000
04394P,臻鼎凱基94售01  ,0,0,0,0,0,0,0,0,0,9000,0,0,0,10000,1000,9000,9000
03202P,聯電凱基01售03  ,0,0,0,0,0,0,0,0,0,9000,0,0,0,10000,1000,9000,9000
03373P,聯發科元大02售11,0,0,0,0,0,0,0,0,0,9000,0,0,0,19000,10000,9000,9000
00666R,富邦恒生國企反1 ,0,0,0,0,0,0,0,0,0,9000,0,0,0,13000,4000,9000,9000
04155P,全新永豐93售01  ,0,0,0,0,0,0,0,0,0,9000,0,0,0,30000,21000,9000,9000
04109P,臺股指永昌93售04,270000,0,270000,0,0,0,0,0,0,-261000,0,0,0,170000,431000,-261000,9000
04043P,復盛元富93售02  ,0,0,0,0,0,0,0,0,0,9000,0,0,0,10000,1000,9000,9000
045640,嘉晶凱基93購01  ,0,0,0,0,0,0,0,0,0,9000,0,0,0,9000,0,9000,9000
046042,台勝科元大92購03,0,0,0,0,0,0,0,0,0,9000,0,0,0,10000,1000,9000,9000
044671,台積電兆豐93購01,0,0,0,0,0,0,0,0,0,9000,0,0,0,21000,12000,9000,9000
04662P,臺股指國票94售01,0,0,0,0,0,0,0,0,0,9000,0,0,0,9000,0,9000,9000
046391,上海銀統一94購01,0,0,0,0,0,0,0,0,0,9000,0,0,0,10000,1000,9000,9000
049245,和鑫元富95購01  ,0,0,0,0,0,0,0,0,0,9000,0,0,0,10000,1000,9000,9000
047967,南亞科國泰95購01,0,0,0,0,0,0,0,0,0,9000,0,0,0,50000,41000,9000,9000
048865,世紀鋼群益94購01,0,0,0,0,0,0,0,0,0,9000,0,0,0,209000,200000,9000,9000
049665,TPK永昌95購01   ,0,0,0,0,0,0,0,0,0,9000,0,0,0,9000,0,9000,9000
048940,晶相光永豐94購01,0,0,0,0,0,0,0,0,0,9000,0,0,0,9000,0,9000,9000
049334,上銀統一94購01  ,0,0,0,0,0,0,0,0,0,9000,0,0,0,10000,1000,9000,9000
047749,富邦金元富93購01,0,0,0,0,0,0,0,0,0,9000,0,0,0,20000,11000,9000,9000
048158,大立光兆豐95購01,0,0,0,0,0,0,0,0,0,9000,0,0,0,9000,0,9000,9000
050013,淘帝國泰95購01  ,0,0,0,0,0,0,0,0,0,9000,0,0,0,10000,1000,9000,9000
047177,上銀元大93購05  ,0,0,0,0,0,0,0,0,0,9000,0,0,0,10000,1000,9000,9000
04852P,臻鼎永豐94售02  ,0,0,0,0,0,0,0,0,0,9000,0,0,0,99000,90000,9000,9000
048460,盛群凱基94購01  ,0,0,0,0,0,0,0,0,0,9000,0,0,0,29000,20000,9000,9000
051857,喬山凱基95購01  ,0,0,0,0,0,0,0,0,0,9000,0,0,0,9000,0,9000,9000
051756,台積電元大97購04,0,0,0,0,0,0,0,0,0,9000,0,0,0,15000,6000,9000,9000
051577,台積電元大97購03,0,0,0,0,0,0,0,0,0,9000,0,0,0,22000,13000,9000,9000
051568,智邦富邦95購01  ,0,0,0,0,0,0,0,0,0,9000,0,0,0,169000,160000,9000,9000
051662,大立光永昌96購03,0,0,0,0,0,0,0,0,0,9000,0,0,0,15000,6000,9000,9000
051252,健鼎元大95購01  ,0,0,0,0,0,0,0,0,0,9000,0,0,0,20000,11000,9000,9000
051085,鴻海元大95購03  ,0,0,0,0,0,0,0,0,0,9000,0,0,0,83000,74000,9000,9000
051160,亞德客元大95購02,0,0,0,0,0,0,0,0,0,9000,0,0,0,24000,15000,9000,9000
052790,智邦兆豐97購01  ,0,0,0,0,0,0,0,0,0,9000,0,0,0,97000,88000,9000,9000
053037,國巨凱基96購08  ,0,0,0,0,0,0,0,0,0,9000,0,0,0,9000,0,9000,9000
05321P,鴻海凱基95售17  ,0,0,0,0,0,0,0,0,0,9000,0,0,0,15000,6000,9000,9000
053320,華新科群益97購01,0,0,0,0,0,0,0,0,0,9000,0,0,0,10000,1000,9000,9000
05897P,國巨凱基96售12  ,0,0,0,0,0,0,0,0,0,9000,0,0,0,30000,21000,9000,9000
05804P,美律永豐96售01  ,0,0,0,0,0,0,0,0,0,9000,0,0,0,139000,130000,9000,9000
05680P,聯發科元大96售12,0,0,0,0,0,0,0,0,0,9000,0,0,0,29000,20000,9000,9000
06141P,大立光日盛97售01,0,0,0,0,0,0,0,0,0,9000,0,0,0,11000,2000,9000,9000
06071P,大立光永豐97售01,0,0,0,0,0,0,0,0,0,9000,0,0,0,9000,0,9000,9000
06403P,鴻海元富97售15  ,0,0,0,0,0,0,0,0,0,9000,0,0,0,180000,171000,9000,9000
6189,豐藝            ,36000,29000,7000,0,0,0,0,0,0,2000,2000,0,2000,0,0,0,9000
5305,敦南            ,42000,33000,9000,0,0,0,0,0,0,0,0,0,0,0,0,0,9000
3550,聯穎            ,10000,1000,9000,0,0,0,0,0,0,0,0,0,0,0,0,0,9000
4439,冠星-KY         ,9000,0,9000,0,0,0,0,0,0,0,0,0,0,0,0,0,9000
053493,智邦兆豐97購02  ,0,0,0,0,0,0,0,0,0,8000,0,0,0,38000,30000,8000,8000
053477,大立光元大97購03,0,0,0,0,0,0,0,0,0,8000,0,0,0,8000,0,8000,8000
053807,T50反1群益96購02,0,0,0,0,0,0,0,0,0,8000,0,0,0,8000,0,8000,8000
053835,南亞科永豐96購02,0,0,0,0,0,0,0,0,0,8000,0,0,0,8000,0,8000,8000
053725,晶相光凱基96購01,0,0,0,0,0,0,0,0,0,8000,0,0,0,10000,2000,8000,8000
053694,創意元大96購03  ,0,0,0,0,0,0,0,0,0,8000,0,0,0,8000,0,8000,8000
053990,晶技兆豐96購01  ,0,0,0,0,0,0,0,0,0,8000,0,0,0,58000,50000,8000,8000
05388P,南亞科元大95售04,0,0,0,0,0,0,0,0,0,8000,0,0,0,94000,86000,8000,8000
054045,奇力新元大97購03,0,0,0,0,0,0,0,0,0,8000,0,0,0,12000,4000,8000,8000
054383,傳奇群益97購01  ,0,0,0,0,0,0,0,0,0,8000,0,0,0,10000,2000,8000,8000
054410,國巨元大96購14  ,0,0,0,0,0,0,0,0,0,8000,0,0,0,15000,7000,8000,8000
054573,漢唐元大98購01  ,0,0,0,0,0,0,0,0,0,8000,0,0,0,18000,10000,8000,8000
054649,聯茂群益97購01  ,0,0,0,0,0,0,0,0,0,8000,0,0,0,12000,4000,8000,8000
055120,南港兆豐97購01  ,0,0,0,0,0,0,0,0,0,8000,0,0,0,17000,9000,8000,8000
055117,臻鼎凱基98購02  ,0,0,0,0,0,0,0,0,0,8000,0,0,0,8000,0,8000,8000
05552P,聯詠群益96售01  ,0,0,0,0,0,0,0,0,0,8000,0,0,0,20000,12000,8000,8000
049084,欣興凱基94購03  ,0,0,0,0,0,0,0,0,0,8000,0,0,0,88000,80000,8000,8000
04903P,全新永豐94售05  ,0,0,0,0,0,0,0,0,0,8000,0,0,0,41000,33000,8000,8000
046601,奇力新群益93購01,0,0,0,0,0,0,0,0,0,8000,0,0,0,8000,0,8000,8000
04585P,楠梓電永豐94售02,0,0,0,0,0,0,0,0,0,8000,0,0,0,8000,0,8000,8000
04455P,台積電統一94售07,0,0,0,0,0,0,0,0,0,8000,0,0,0,8000,0,8000,8000
045726,矽創凱基92購01  ,0,0,0,0,0,0,0,0,0,8000,0,0,0,10000,2000,8000,8000
044375,亞光兆豐92購01  ,0,0,0,0,0,0,0,0,0,8000,0,0,0,8000,0,8000,8000
04308P,京元電凱基93售06,0,0,0,0,0,0,0,0,0,8000,0,0,0,21000,13000,8000,8000
047046,台積電國票94購01,0,0,0,0,0,0,0,0,0,8000,0,0,0,18000,10000,8000,8000
047184,漢唐元大94購02  ,0,0,0,0,0,0,0,0,0,8000,0,0,0,8000,0,8000,8000
048073,南電元富93購02  ,0,0,0,0,0,0,0,0,0,8000,0,0,0,8000,0,8000,8000
047243,為升群益93購02  ,0,0,0,0,0,0,0,0,0,8000,0,0,0,8000,0,8000,8000
050374,上緯控元大95購01,0,0,0,0,0,0,0,0,0,8000,0,0,0,10000,2000,8000,8000
047714,禾伸堂凱基93購03,0,0,0,0,0,0,0,0,0,8000,0,0,0,8000,0,8000,8000
049188,可成台新94購01  ,0,0,0,0,0,0,0,0,0,8000,0,0,0,94000,86000,8000,8000
048705,GIS國票95購01   ,0,0,0,0,0,0,0,0,0,8000,0,0,0,131000,123000,8000,8000
04871P,力成元富94售02  ,0,0,0,0,0,0,0,0,0,8000,0,0,0,38000,30000,8000,8000
04769P,高股息元大94售01,0,0,0,0,0,0,0,0,0,8000,0,0,0,13000,5000,8000,8000
047634,亞德客元大93購01,0,0,0,0,0,0,0,0,0,8000,0,0,0,8000,0,8000,8000
04750P,臺股指元大94售26,0,0,0,0,0,0,0,0,0,8000,0,0,0,9000,1000,8000,8000
053294,聯發科中信9C購01,0,0,0,0,0,0,0,0,0,8000,0,0,0,10000,2000,8000,8000
053067,牧德群益96購01  ,0,0,0,0,0,0,0,0,0,8000,0,0,0,8000,0,8000,8000
053065,大立光群益96購01,0,0,0,0,0,0,0,0,0,8000,0,0,0,8000,0,8000,8000
053083,中環元大99購01  ,0,0,0,0,0,0,0,0,0,8000,0,0,0,38000,30000,8000,8000
053009,大成鋼統一96購02,0,0,0,0,0,0,0,0,0,8000,0,0,0,56000,48000,8000,8000
052306,鴻海國泰97購05  ,0,0,0,0,0,0,0,0,0,8000,0,0,0,10000,2000,8000,8000
052132,旺宏凱基9B購01  ,0,0,0,0,0,0,0,0,0,8000,0,0,0,22000,14000,8000,8000
052149,電子類群益95購01,0,0,0,0,0,0,0,0,0,8000,0,0,0,8000,0,8000,8000
052177,京鼎元大95購02  ,0,0,0,0,0,0,0,0,0,8000,0,0,0,18000,10000,8000,8000
052565,上銀凱基96購01  ,0,0,0,0,0,0,0,0,0,8000,0,0,0,54000,46000,8000,8000
050621,易華電元大95購01,0,0,0,0,0,0,0,0,0,8000,0,0,0,8000,0,8000,8000
050756,京元電元富94購03,0,0,0,0,0,0,0,0,0,8000,0,0,0,18000,10000,8000,8000
050893,鴻海元大96購03  ,0,0,0,0,0,0,0,0,0,8000,0,0,0,40000,32000,8000,8000
051677,達方元大95購01  ,0,0,0,0,0,0,0,0,0,8000,0,0,0,29000,21000,8000,8000
051868,貿聯凱基96購01  ,0,0,0,0,0,0,0,0,0,8000,0,0,0,68000,60000,8000,8000
3591,艾笛森          ,17000,9000,8000,0,0,0,0,0,0,0,0,0,0,0,0,0,8000
6216,居易            ,11000,2000,9000,0,0,0,0,0,0,-1000,0,1000,-1000,0,0,0,8000
3032,偉訓            ,18000,7000,11000,0,0,0,0,0,0,-3000,0,3000,-3000,0,0,0,8000
2442,新美齊          ,31000,24000,7000,0,0,0,1000,0,1000,0,0,0,0,0,0,0,8000
9926,新海            ,8000,0,8000,0,0,0,0,0,0,0,0,0,0,0,0,0,8000
06075P,智邦凱基97售02  ,0,0,0,0,0,0,0,0,0,8000,0,0,0,23000,15000,8000,8000
06207P,聯發科凱基97售07,0,0,0,0,0,0,0,0,0,8000,0,0,0,10000,2000,8000,8000
05706P,TPK永豐96售02   ,0,0,0,0,0,0,0,0,0,8000,0,0,0,51000,43000,8000,8000
05902P,華通國票96售02  ,0,0,0,0,0,0,0,0,0,8000,0,0,0,10000,2000,8000,8000
05944P,富邦金中信96售01,0,0,0,0,0,0,0,0,0,8000,0,0,0,109000,101000,8000,8000
055500,京鼎元大97購04  ,0,0,0,0,0,0,0,0,0,7000,0,0,0,7000,0,7000,7000
055710,亞德客元大97購03,0,0,0,0,0,0,0,0,0,7000,0,0,0,7000,0,7000,7000
055081,健鼎中信97購01  ,0,0,0,0,0,0,0,0,0,7000,0,0,0,69000,62000,7000,7000
055272,國巨元大98購04  ,0,0,0,0,0,0,0,0,0,7000,0,0,0,12000,5000,7000,7000
054602,聯詠台新97購01  ,0,0,0,0,0,0,0,0,0,7000,0,0,0,10000,3000,7000,7000
05403P,台積電富邦95售08,0,0,0,0,0,0,0,0,0,7000,0,0,0,109000,102000,7000,7000
054205,華新國票97購02  ,0,0,0,0,0,0,0,0,0,7000,0,0,0,38000,31000,7000,7000
053858,台達電元大96購05,0,0,0,0,0,0,0,0,0,7000,0,0,0,7000,0,7000,7000
053993,旺宏群益98購02  ,0,0,0,0,0,0,0,0,0,7000,0,0,0,118000,111000,7000,7000
053401,臺股指中信99購01,0,0,0,0,0,0,0,0,0,7000,0,0,0,423000,416000,7000,7000
04318P,大成鋼永豐93售02,0,0,0,0,0,0,0,0,0,7000,0,0,0,7000,0,7000,7000
04568P,瑞昱兆豐94售02  ,0,0,0,0,0,0,0,0,0,7000,0,0,0,7000,0,7000,7000
042040,大立光群益93購01,0,0,0,0,0,0,0,0,0,7000,0,0,0,7000,0,7000,7000
03744P,致茂凱基93售01  ,0,0,0,0,0,0,0,0,0,7000,0,0,0,7000,0,7000,7000
03643C,臺股指元富99牛04,0,0,0,0,0,0,0,0,0,7000,0,0,0,100000,93000,7000,7000
049023,玉晶光群益96購04,0,0,0,0,0,0,0,0,0,7000,0,0,0,114000,107000,7000,7000
049024,玉晶光群益97購01,0,0,0,0,0,0,0,0,0,7000,0,0,0,10000,3000,7000,7000
045506,麗豐凱基92購02  ,0,0,0,0,0,0,0,0,0,7000,0,0,0,7000,0,7000,7000
047652,滬深2X兆豐94購03,0,0,0,0,0,0,0,0,0,7000,0,0,0,7000,0,7000,7000
048855,華新科群益94購02,0,0,0,0,0,0,0,0,0,7000,0,0,0,10000,3000,7000,7000
049229,台化富邦94購01  ,0,0,0,0,0,0,0,0,0,7000,0,0,0,22000,15000,7000,7000
049233,聯發科統一94購04,0,0,0,0,0,0,0,0,0,7000,0,0,0,49000,42000,7000,7000
048780,臺股指凱基94購03,0,0,0,0,0,0,0,0,0,7000,0,0,0,7000,0,7000,7000
050424,鴻海凱基96購03  ,0,0,0,0,0,0,0,0,0,7000,0,0,0,27000,20000,7000,7000
05006P,華通元富95售01  ,0,0,0,0,0,0,0,0,0,7000,0,0,0,96000,89000,7000,7000
047271,華通永豐93購01  ,0,0,0,0,0,0,0,0,0,7000,0,0,0,49000,42000,7000,7000
050020,為升元大94購06  ,0,0,0,0,0,0,0,0,0,7000,0,0,0,7000,0,7000,7000
048159,聯詠兆豐93購03  ,0,0,0,0,0,0,0,0,0,7000,0,0,0,16000,9000,7000,7000
048525,華通國票94購02  ,0,0,0,0,0,0,0,0,0,7000,0,0,0,7000,0,7000,7000
048586,美利達富邦93購01,0,0,0,0,0,0,0,0,0,7000,0,0,0,20000,13000,7000,7000
051938,旭富群益95購01  ,0,0,0,0,0,0,0,0,0,7000,0,0,0,27000,20000,7000,7000
051674,臻鼎元大95購02  ,0,0,0,0,0,0,0,0,0,7000,0,0,0,40000,33000,7000,7000
051355,聯發科元大96購01,0,0,0,0,0,0,0,0,0,7000,0,0,0,10000,3000,7000,7000
050842,旺宏國票97購01  ,0,0,0,0,0,0,0,0,0,7000,0,0,0,11000,4000,7000,7000
050922,南亞科凱基95購02,0,0,0,0,0,0,0,0,0,7000,0,0,0,20000,13000,7000,7000
050955,達方群益97購01  ,0,0,0,0,0,0,0,0,0,7000,0,0,0,7000,0,7000,7000
050666,道瓊銀永豐94購01,0,0,0,0,0,0,0,0,0,7000,0,0,0,7000,0,7000,7000
050642,和大凱基94購03  ,0,0,0,0,0,0,0,0,0,7000,0,0,0,51000,44000,7000,7000
05125P,鴻海群益95售06  ,0,0,0,0,0,0,0,0,0,7000,0,0,0,7000,0,7000,7000
051268,創意富邦97購01  ,0,0,0,0,0,0,0,0,0,7000,0,0,0,22000,15000,7000,7000
052215,樺漢元大96購02  ,0,0,0,0,0,0,0,0,0,7000,0,0,0,35000,28000,7000,7000
052058,臺股指凱基95購16,0,0,0,0,0,0,0,0,0,7000,0,0,0,7000,0,7000,7000
052293,泰碩國票95購03  ,0,0,0,0,0,0,0,0,0,7000,0,0,0,42000,35000,7000,7000
052969,建準群益97購01  ,0,0,0,0,0,0,0,0,0,7000,0,0,0,18000,11000,7000,7000
05874P,台積電群益96售10,0,0,0,0,0,0,0,0,0,7000,0,0,0,46000,39000,7000,7000
05772P,景碩凱基96售02  ,0,0,0,0,0,0,0,0,0,7000,0,0,0,10000,3000,7000,7000
05850P,台積電兆豐96售06,0,0,0,0,0,0,0,0,0,7000,0,0,0,22000,15000,7000,7000
05840P,臺股指富邦96售07,0,0,0,0,0,0,0,0,0,7000,0,0,0,10000,3000,7000,7000
06354P,大立光永豐97售04,0,0,0,0,0,0,0,0,0,7000,0,0,0,7000,0,7000,7000
06272P,台郡凱基97售04  ,0,0,0,0,0,0,0,0,0,7000,0,0,0,10000,3000,7000,7000
1220,台榮            ,7000,0,7000,0,0,0,0,0,0,0,0,0,0,0,0,0,7000
2236,百達-KY         ,6000,0,6000,0,0,0,0,0,0,1000,1000,0,1000,0,0,0,7000
8482,商億-KY         ,235000,228000,7000,0,0,0,0,0,0,0,0,0,0,0,0,0,7000
2380,虹光            ,13000,2000,11000,0,0,0,0,0,0,-4000,0,4000,-4000,0,0,0,7000
6666,羅麗芬-KY       ,30000,23000,7000,0,0,0,0,0,0,0,0,0,0,0,0,0,7000
4560,強信-KY         ,151000,144000,7000,0,0,0,0,0,0,0,0,0,0,0,0,0,7000
053355,超眾兆豐97購01  ,0,0,0,0,0,0,0,0,0,6000,0,0,0,10000,4000,6000,6000
053551,可成凱基96購05  ,0,0,0,0,0,0,0,0,0,6000,0,0,0,6000,0,6000,6000
054260,貿聯元大96購03  ,20000,0,20000,0,0,0,0,0,0,-14000,0,0,0,0,14000,-14000,6000
055233,康友國票98購01  ,0,0,0,0,0,0,0,0,0,6000,0,0,0,8000,2000,6000,6000
055255,欣興統一97購02  ,0,0,0,0,0,0,0,0,0,6000,0,0,0,54000,48000,6000,6000
055215,智邦凱基98購02  ,0,0,0,0,0,0,0,0,0,6000,0,0,0,72000,66000,6000,6000
055181,日電貿統一97購01,0,0,0,0,0,0,0,0,0,6000,0,0,0,21000,15000,6000,6000
055050,敬鵬永豐97購01  ,0,0,0,0,0,0,0,0,0,6000,0,0,0,6000,0,6000,6000
054698,同欣電永豐97購01,0,0,0,0,0,0,0,0,0,6000,0,0,0,8000,2000,6000,6000
054816,聯發科元大97購12,0,0,0,0,0,0,0,0,0,6000,0,0,0,6000,0,6000,6000
054944,精元元大97購01  ,0,0,0,0,0,0,0,0,0,6000,0,0,0,6000,0,6000,6000
054950,奇力新元大98購02,0,0,0,0,0,0,0,0,0,6000,0,0,0,18000,12000,6000,6000
055704,亞德客永豐97購04,0,0,0,0,0,0,0,0,0,6000,0,0,0,56000,50000,6000,6000
055499,大立光元大98購05,0,0,0,0,0,0,0,0,0,6000,0,0,0,9000,3000,6000,6000
055436,晶豪科中信99購01,0,0,0,0,0,0,0,0,0,6000,0,0,0,16000,10000,6000,6000
055593,華新科元大97購10,0,0,0,0,0,0,0,0,0,6000,0,0,0,6000,0,6000,6000
045013,大立光元大93購04,0,0,0,0,0,0,0,0,0,6000,0,0,0,6000,0,6000,6000
045584,奇鋐元大93購03  ,0,0,0,0,0,0,0,0,0,6000,0,0,0,6000,0,6000,6000
049117,矽格統一96購01  ,0,0,0,0,0,0,0,0,0,6000,0,0,0,24000,18000,6000,6000
049398,微星群益94購02  ,0,0,0,0,0,0,0,0,0,6000,0,0,0,43000,37000,6000,6000
045872,元油2X元富98購03,0,0,0,0,0,0,0,0,0,6000,0,0,0,797000,791000,6000,6000
044673,上銀凱基93購04  ,0,0,0,0,0,0,0,0,0,6000,0,0,0,80000,74000,6000,6000
046044,達興元大92購03  ,0,0,0,0,0,0,0,0,0,6000,0,0,0,6000,0,6000,6000
00652,富邦印度        ,38000,0,38000,0,0,0,0,0,0,-32000,0,0,0,10000,42000,-32000,6000
00714,群益道瓊美國地產,0,0,0,0,0,0,0,0,0,6000,0,0,0,109000,103000,6000,6000
03033X,元展30          ,0,0,0,0,0,0,0,0,0,6000,0,0,0,6000,0,6000,6000
046740,大立光群益95購01,0,0,0,0,0,0,0,0,0,6000,0,0,0,6000,0,6000,6000
04275P,南亞科凱基93售08,0,0,0,0,0,0,0,0,0,6000,0,0,0,10000,4000,6000,6000
04280P,宏達電台新93售01,0,0,0,0,0,0,0,0,0,6000,0,0,0,6000,0,6000,6000
050059,旺宏凱基94購03  ,0,0,0,0,0,0,0,0,0,6000,0,0,0,35000,29000,6000,6000
050454,嘉澤元大94購04  ,0,0,0,0,0,0,0,0,0,6000,0,0,0,6000,0,6000,6000
050496,鴻海富邦96購01  ,0,0,0,0,0,0,0,0,0,6000,0,0,0,415000,409000,6000,6000
048779,美利達凱基94購01,0,0,0,0,0,0,0,0,0,6000,0,0,0,10000,4000,6000,6000
049634,臺股指群益94購07,0,0,0,0,0,0,0,0,0,6000,0,0,0,6000,0,6000,6000
049733,旺宏群益94購03  ,0,0,0,0,0,0,0,0,0,6000,0,0,0,15000,9000,6000,6000
049322,志超凱基94購02  ,0,0,0,0,0,0,0,0,0,6000,0,0,0,6000,0,6000,6000
047786,燿華群益93購03  ,0,0,0,0,0,0,0,0,0,6000,0,0,0,6000,0,6000,6000
049868,傳奇兆豐94購01  ,0,0,0,0,0,0,0,0,0,6000,0,0,0,6000,0,6000,6000
047529,嘉晶元大94購02  ,0,0,0,0,0,0,0,0,0,6000,0,0,0,99000,93000,6000,6000
052761,可成群益96購02  ,0,0,0,0,0,0,0,0,0,6000,0,0,0,10000,4000,6000,6000
053233,大立光永豐96購01,0,0,0,0,0,0,0,0,0,6000,0,0,0,6000,0,6000,6000
052376,聯詠元大95購04  ,0,0,0,0,0,0,0,0,0,6000,0,0,0,6000,0,6000,6000
052211,台積電元大95購22,0,0,0,0,0,0,0,0,0,6000,0,0,0,6000,0,6000,6000
052566,國巨凱基96購04  ,0,0,0,0,0,0,0,0,0,6000,0,0,0,7000,1000,6000,6000
050871,麗豐永豐95購01  ,0,0,0,0,0,0,0,0,0,6000,0,0,0,6000,0,6000,6000
051501,康友群益95購02  ,0,0,0,0,0,0,0,0,0,6000,0,0,0,26000,20000,6000,6000
051840,康友國泰97購02  ,0,0,0,0,0,0,0,0,0,6000,0,0,0,31000,25000,6000,6000
3416,融程電          ,9000,3000,6000,0,0,0,0,0,0,0,0,0,0,0,0,0,6000
2450,神腦            ,12000,7000,5000,0,0,0,0,0,0,1000,1000,0,1000,0,0,0,6000
2882B,國泰金乙特      ,0,0,0,0,0,0,0,0,0,6000,6000,0,6000,0,0,0,6000
1234,黑松            ,14000,6000,8000,0,0,0,0,0,0,-2000,0,2000,-2000,0,0,0,6000
1445,大宇            ,6000,0,6000,0,0,0,0,0,0,0,0,0,0,0,0,0,6000
06326P,鴻海中信01售01  ,0,0,0,0,0,0,0,0,0,6000,0,0,0,6000,0,6000,6000
06112P,台積電兆豐97售01,0,0,0,0,0,0,0,0,0,6000,0,0,0,6000,0,6000,6000
05786P,臺股指永昌96售03,0,0,0,0,0,0,0,0,0,6000,22000,0,22000,284000,300000,-16000,6000
05612P,台積電元大96售13,0,0,0,0,0,0,0,0,0,6000,0,0,0,6000,0,6000,6000
2353,宏碁            ,6799469,6884880,-85411,0,0,0,4000,0,4000,87000,74000,54000,20000,124000,57000,67000,5589
055463,國喬凱基97購01  ,0,0,0,0,0,0,0,0,0,5000,0,0,0,10000,5000,5000,5000
055385,昇陽半元大98購01,0,0,0,0,0,0,0,0,0,5000,0,0,0,5000,0,5000,5000
055355,大立光凱基97購05,0,0,0,0,0,0,0,0,0,5000,0,0,0,9000,4000,5000,5000
055343,國巨凱基97購03  ,0,0,0,0,0,0,0,0,0,5000,0,0,0,5000,0,5000,5000
055775,友達凱基9A購01  ,0,0,0,0,0,0,0,0,0,5000,0,0,0,10000,5000,5000,5000
055793,臺股指凱基97購16,0,0,0,0,0,0,0,0,0,5000,0,0,0,5000,0,5000,5000
054946,億光元大97購01  ,0,0,0,0,0,0,0,0,0,5000,0,0,0,8000,3000,5000,5000
054919,興富發凱基97購01,0,0,0,0,0,0,0,0,0,5000,0,0,0,5000,0,5000,5000
054838,京鼎第一97購01  ,0,0,0,0,0,0,0,0,0,5000,0,0,0,35000,30000,5000,5000
054834,帆宣中信97購01  ,0,0,0,0,0,0,0,0,0,5000,0,0,0,105000,100000,5000,5000
054768,泰碩國票99購02  ,0,0,0,0,0,0,0,0,0,5000,0,0,0,5000,0,5000,5000
054782,國巨群益97購01  ,0,0,0,0,0,0,0,0,0,5000,0,0,0,10000,5000,5000,5000
054997,文曄元富97購01  ,0,0,0,0,0,0,0,0,0,5000,0,0,0,5000,0,5000,5000
05528P,臺股指群益96售01,0,0,0,0,0,0,0,0,0,5000,0,0,0,5000,0,5000,5000
055292,聯鈞元大97購02  ,0,0,0,0,0,0,0,0,0,5000,0,0,0,11000,6000,5000,5000
054296,世芯元大97購01  ,0,0,0,0,0,0,0,0,0,5000,0,0,0,5000,0,5000,5000
054049,亞光元大96購03  ,0,0,0,0,0,0,0,0,0,5000,0,0,0,10000,5000,5000,5000
054150,國巨國泰97購05  ,0,0,0,0,0,0,0,0,0,5000,0,0,0,5000,0,5000,5000
054600,中壽台新97購01  ,0,0,0,0,0,0,0,0,0,5000,0,0,0,5000,0,5000,5000
054645,奇力新群益97購04,0,0,0,0,0,0,0,0,0,5000,0,0,0,7000,2000,5000,5000
054564,玉晶光群益99購01,0,0,0,0,0,0,0,0,0,5000,0,0,0,56000,51000,5000,5000
054416,禾伸堂元大97購01,0,0,0,0,0,0,0,0,0,5000,0,0,0,5000,0,5000,5000
054467,隆達凱基97購01  ,0,0,0,0,0,0,0,0,0,5000,0,0,0,20000,15000,5000,5000
053530,聯發科康和96購01,0,0,0,0,0,0,0,0,0,5000,0,0,0,30000,25000,5000,5000
053566,大立光富邦99購03,0,0,0,0,0,0,0,0,0,5000,0,0,0,5000,0,5000,5000
05336P,臺股指國票95售05,0,0,0,0,0,0,0,0,0,5000,0,0,0,5000,0,5000,5000
053419,光罩永豐96購01  ,0,0,0,0,0,0,0,0,0,5000,0,0,0,5000,0,5000,5000
053424,欣興永豐96購02  ,0,0,0,0,0,0,0,0,0,5000,0,0,0,10000,5000,5000,5000
053938,彩晶元富96購01  ,0,0,0,0,0,0,0,0,0,5000,0,0,0,5000,0,5000,5000
053904,漢唐凱基97購01  ,0,0,0,0,0,0,0,0,0,5000,0,0,0,20000,15000,5000,5000
053893,京鼎群益97購02  ,0,0,0,0,0,0,0,0,0,5000,0,0,0,5000,0,5000,5000
053709,台達電凱基96購04,0,0,0,0,0,0,0,0,0,5000,0,0,0,5000,0,5000,5000
053745,康友國票97購01  ,0,0,0,0,0,0,0,0,0,5000,0,0,0,5000,0,5000,5000
053831,台積電台新97購02,0,0,0,0,0,0,0,0,0,5000,0,0,0,15000,10000,5000,5000
04116P,京元電元大94售02,0,0,0,0,0,0,0,0,0,5000,0,0,0,175000,170000,5000,5000
044260,滬深2X國泰92購02,0,0,0,0,0,0,0,0,0,5000,0,0,0,5000,0,5000,5000
04285P,超眾永豐93售04  ,0,0,0,0,0,0,0,0,0,5000,0,0,0,5000,0,5000,5000
046928,奇鋐富邦97購01  ,0,0,0,0,0,0,0,0,0,5000,0,0,0,5000,0,5000,5000
046836,聯茂群益93購01  ,0,0,0,0,0,0,0,0,0,5000,0,0,0,5000,0,5000,5000
03039X,元展36          ,0,0,0,0,0,0,0,0,0,5000,0,0,0,5000,0,5000,5000
03012X,元展12          ,0,0,0,0,0,0,0,0,0,5000,0,0,0,10000,5000,5000,5000
00767,FH美國金融股    ,0,0,0,0,0,0,0,0,0,5000,0,0,0,105000,100000,5000,5000
03481P,欣興群益02售08  ,0,0,0,0,0,0,0,0,0,5000,0,0,0,7000,2000,5000,5000
035275,台積電台新97購01,0,0,0,0,0,0,0,0,0,5000,0,0,0,6000,1000,5000,5000
043765,GIS元大93購04   ,0,0,0,0,0,0,0,0,0,5000,0,0,0,5000,0,5000,5000
044167,大立光元大93購03,0,0,0,0,0,0,0,0,0,5000,0,0,0,5000,0,5000,5000
044175,亞光統一92購01  ,0,0,0,0,0,0,0,0,0,5000,0,0,0,5000,0,5000,5000
03981P,嘉澤凱基93售02  ,0,0,0,0,0,0,0,0,0,5000,0,0,0,5000,0,5000,5000
04591P,上銀元大94售01  ,0,0,0,0,0,0,0,0,0,5000,0,0,0,20000,15000,5000,5000
044510,台光電凱基93購04,0,0,0,0,0,0,0,0,0,5000,0,0,0,25000,20000,5000,5000
046668,嘉澤元大93購01  ,0,0,0,0,0,0,0,0,0,5000,0,0,0,10000,5000,5000,5000
046390,旺宏統一94購02  ,0,0,0,0,0,0,0,0,0,5000,0,0,0,10000,5000,5000,5000
048972,晶豪科元大94購01,0,0,0,0,0,0,0,0,0,5000,0,0,0,5000,0,5000,5000
049264,奇鋐元大95購01  ,0,0,0,0,0,0,0,0,0,5000,0,0,0,5000,0,5000,5000
049277,臺股指元大94購12,0,0,0,0,0,0,0,0,0,5000,0,0,0,5000,0,5000,5000
045471,鎧勝元大93購01  ,0,0,0,0,0,0,0,0,0,5000,0,0,0,5000,0,5000,5000
045535,A50正2群益94購01,0,0,0,0,0,0,0,0,0,5000,0,0,0,5000,0,5000,5000
045027,漢唐國票92購02  ,0,0,0,0,0,0,0,0,0,5000,0,0,0,10000,5000,5000,5000
046147,道瓊指中信96購02,0,0,0,0,0,0,0,0,0,5000,0,0,0,5000,0,5000,5000
045360,樺漢凱基92購01  ,0,0,0,0,0,0,0,0,0,5000,0,0,0,5000,0,5000,5000
045216,鴻海元大93購02  ,0,0,0,0,0,0,0,0,0,5000,0,0,0,145000,140000,5000,5000
045230,嘉聯益元大93購01,0,0,0,0,0,0,0,0,0,5000,0,0,0,5000,0,5000,5000
045320,鴻海統一92購05  ,0,0,0,0,0,0,0,0,0,5000,0,0,0,10000,5000,5000,5000
045268,康普凱基92購01  ,0,0,0,0,0,0,0,0,0,5000,0,0,0,5000,0,5000,5000
047649,啟碁元大93購07  ,0,0,0,0,0,0,0,0,0,5000,0,0,0,7000,2000,5000,5000
049927,健策元大94購02  ,0,0,0,0,0,0,0,0,0,5000,0,0,0,28000,23000,5000,5000
049436,義隆國泰96購02  ,0,0,0,0,0,0,0,0,0,5000,0,0,0,30000,25000,5000,5000
047305,卜蜂元大93購02  ,0,0,0,0,0,0,0,0,0,5000,0,0,0,5000,0,5000,5000
049344,華固統一94購01  ,0,0,0,0,0,0,0,0,0,5000,0,0,0,16000,11000,5000,5000
049315,上緯控凱基94購03,0,0,0,0,0,0,0,0,0,5000,0,0,0,5000,0,5000,5000
049206,大立光群益94購04,0,0,0,0,0,0,0,0,0,5000,0,0,0,12000,7000,5000,5000
049588,聯發科元大94購06,0,0,0,0,0,0,0,0,0,5000,0,0,0,5000,0,5000,5000
049708,滬深2X凱基94購02,0,0,0,0,0,0,0,0,0,5000,0,0,0,5000,0,5000,5000
048748,國巨元富96購01  ,0,0,0,0,0,0,0,0,0,5000,0,0,0,5000,0,5000,5000
048753,智伸科元富94購01,0,0,0,0,0,0,0,0,0,5000,0,0,0,5000,0,5000,5000
048798,華新科國泰95購01,0,0,0,0,0,0,0,0,0,5000,0,0,0,5000,0,5000,5000
049553,鴻海國泰96購02  ,0,0,0,0,0,0,0,0,0,5000,0,0,0,7000,2000,5000,5000
050525,嘉晶元大95購02  ,0,0,0,0,0,0,0,0,0,5000,0,0,0,5000,0,5000,5000
050451,嘉晶元大95購01  ,0,0,0,0,0,0,0,0,0,5000,0,0,0,24000,19000,5000,5000
050364,卜蜂元大94購02  ,0,0,0,0,0,0,0,0,0,5000,0,0,0,5000,0,5000,5000
050335,正崴國泰96購01  ,0,0,0,0,0,0,0,0,0,5000,0,0,0,21000,16000,5000,5000
050234,國巨凱基94購10  ,0,0,0,0,0,0,0,0,0,5000,0,0,0,13000,8000,5000,5000
05029P,鴻海元富95售04  ,0,0,0,0,0,0,0,0,0,5000,0,0,0,26000,21000,5000,5000
04718P,亞德客凱基94售03,0,0,0,0,0,0,0,0,0,5000,0,0,0,5000,0,5000,5000
050801,元金2X群益98購01,0,0,0,0,0,0,0,0,0,5000,0,0,0,15000,10000,5000,5000
048390,國巨國票94購02  ,0,0,0,0,0,0,0,0,0,5000,0,0,0,5000,0,5000,5000
047051,可成國票94購01  ,0,0,0,0,0,0,0,0,0,5000,0,0,0,5000,0,5000,5000
048281,矽力永豐93購02  ,0,0,0,0,0,0,0,0,0,5000,0,0,0,50000,45000,5000,5000
048658,鴻海統一93購09  ,0,0,0,0,0,0,0,0,0,5000,0,0,0,885000,880000,5000,5000
047123,中石化中信95購01,0,0,0,0,0,0,0,0,0,5000,0,0,0,10000,5000,5000,5000
047109,華邦電元大94購01,0,0,0,0,0,0,0,0,0,5000,0,0,0,5000,0,5000,5000
05181P,健策凱基95售01  ,0,0,0,0,0,0,0,0,0,5000,0,0,0,5000,0,5000,5000
051884,樺漢永豐95購01  ,0,0,0,0,0,0,0,0,0,5000,0,0,0,5000,0,5000,5000
051736,旺宏國票96購01  ,0,0,0,0,0,0,0,0,0,5000,0,0,0,5000,0,5000,5000
051898,富邦金國泰97購01,0,0,0,0,0,0,0,0,0,5000,0,0,0,10000,5000,5000,5000
051928,大立光中信96購03,0,0,0,0,0,0,0,0,0,5000,0,0,0,6000,1000,5000,5000
051485,玉晶光凱基97購02,0,0,0,0,0,0,0,0,0,5000,0,0,0,51000,46000,5000,5000
051468,智邦日盛95購01  ,0,0,0,0,0,0,0,0,0,5000,0,0,0,10000,5000,5000,5000
051395,聯詠兆豐95購01  ,0,0,0,0,0,0,0,0,0,5000,0,0,0,100000,95000,5000,5000
051423,GIS國票97購01   ,0,0,0,0,0,0,0,0,0,5000,0,0,0,5000,0,5000,5000
05140P,台表科國票96售01,0,0,0,0,0,0,0,0,0,5000,0,0,0,5000,0,5000,5000
051590,玉晶光元大96購02,0,0,0,0,0,0,0,0,0,5000,0,0,0,10000,5000,5000,5000
050881,大立光元富95購04,0,0,0,0,0,0,0,0,0,5000,0,0,0,5000,0,5000,5000
050926,禾伸堂凱基95購01,0,0,0,0,0,0,0,0,0,5000,0,0,0,5000,0,5000,5000
050903,臺股指元大95購10,0,0,0,0,0,0,0,0,0,5000,0,0,0,5000,0,5000,5000
050610,鴻海元大94購24  ,0,0,0,0,0,0,0,0,0,5000,0,0,0,15000,10000,5000,5000
050611,鴻海元大95購02  ,0,0,0,0,0,0,0,0,0,5000,0,0,0,5000,0,5000,5000
051086,鴻海元大96購04  ,0,0,0,0,0,0,0,0,0,5000,0,0,0,13000,8000,5000,5000
051095,貿聯元大95購03  ,0,0,0,0,0,0,0,0,0,5000,0,0,0,5000,0,5000,5000
051071,聯發科國票96購01,0,0,0,0,0,0,0,0,0,5000,0,0,0,40000,35000,5000,5000
052538,和大統一95購02  ,0,0,0,0,0,0,0,0,0,5000,0,0,0,113000,108000,5000,5000
052545,康控元富95購02  ,0,0,0,0,0,0,0,0,0,5000,0,0,0,7000,2000,5000,5000
052386,鴻海群益96購02  ,0,0,0,0,0,0,0,0,0,5000,0,0,0,9000,4000,5000,5000
052235,聯發科國票96購02,0,0,0,0,0,0,0,0,0,5000,0,0,0,6000,1000,5000,5000
053230,達方台新97購01  ,0,0,0,0,0,0,0,0,0,5000,0,0,0,43000,38000,5000,5000
053176,矽力群益96購02  ,0,0,0,0,0,0,0,0,0,5000,0,0,0,6000,1000,5000,5000
052827,昇陽半永豐97購01,0,0,0,0,0,0,0,0,0,5000,0,0,0,5000,0,5000,5000
052828,滬深2X群益9A購02,0,0,0,0,0,0,0,0,0,5000,0,0,0,5000,0,5000,5000
052892,大成鋼群益96購01,0,0,0,0,0,0,0,0,0,5000,0,0,0,30000,25000,5000,5000
05303P,華通國泰97售01  ,0,0,0,0,0,0,0,0,0,5000,0,0,0,139000,134000,5000,5000
3593,力銘            ,5000,0,5000,0,0,0,0,0,0,0,0,0,0,0,0,0,5000
6552,易華電          ,213000,184000,29000,0,0,0,0,0,0,-24000,0,6000,-6000,26000,44000,-18000,5000
8201,無敵            ,15000,9000,6000,0,0,0,0,0,0,-1000,0,1000,-1000,0,0,0,5000
9912,偉聯            ,2000,1000,1000,0,0,0,0,0,0,4000,4000,0,4000,0,0,0,5000
05651P,大立光元大97售02,0,0,0,0,0,0,0,0,0,5000,0,0,0,20000,15000,5000,5000
05649P,矽創國票97售03  ,0,0,0,0,0,0,0,0,0,5000,0,0,0,25000,20000,5000,5000
056017,台積電群益97購04,0,0,0,0,0,0,0,0,0,5000,0,0,0,33000,28000,5000,5000
05599P,欣興台新96售01  ,0,0,0,0,0,0,0,0,0,5000,0,0,0,34000,29000,5000,5000
05821P,臺股指凱基96售18,0,0,0,0,0,0,0,0,0,5000,0,0,0,5000,0,5000,5000
05831P,臺股指元富96售03,0,0,0,0,0,0,0,0,0,5000,0,0,0,5000,0,5000,5000
05942P,奇力新凱基96售04,0,0,0,0,0,0,0,0,0,5000,0,0,0,5000,0,5000,5000
05988P,光磊元富96售02  ,0,0,0,0,0,0,0,0,0,5000,0,0,0,5000,0,5000,5000
06105P,國巨國票98售02  ,0,0,0,0,0,0,0,0,0,5000,0,0,0,25000,20000,5000,5000
06068P,玉晶光康和97售01,0,0,0,0,0,0,0,0,0,5000,0,0,0,5000,0,5000,5000
06085P,義隆台新97售01  ,0,0,0,0,0,0,0,0,0,5000,0,0,0,15000,10000,5000,5000
06087P,國巨永豐97售01  ,0,0,0,0,0,0,0,0,0,5000,0,0,0,13000,8000,5000,5000
06311P,嘉聯益元富97售02,0,0,0,0,0,0,0,0,0,5000,0,0,0,25000,20000,5000,5000
06237P,台積電元大97售26,0,0,0,0,0,0,0,0,0,5000,0,0,0,5000,0,5000,5000
06342P,世芯統一98售01  ,0,0,0,0,0,0,0,0,0,5000,0,0,0,5000,0,5000,5000
06385P,聯發科永豐97售02,0,0,0,0,0,0,0,0,0,5000,0,0,0,5000,0,5000,5000
07480P,FBVIX凱基94售01 ,0,0,0,0,0,0,0,0,0,5000,0,0,0,5000,0,5000,5000
1460,宏遠            ,56000,48000,8000,0,0,0,0,0,0,-3000,0,3000,-3000,0,0,0,5000
053813,友達群益9A購03  ,0,0,0,0,0,0,0,0,0,4000,0,0,0,190000,186000,4000,4000
053905,華新科凱基96購10,0,0,0,0,0,0,0,0,0,4000,0,0,0,4000,0,4000,4000
053974,大立光元大96購10,0,0,0,0,0,0,0,0,0,4000,0,0,0,4000,0,4000,4000
053628,微星兆豐96購01  ,0,0,0,0,0,0,0,0,0,4000,0,0,0,35000,31000,4000,4000
054421,臺股指元大99購03,0,0,0,0,0,0,0,0,0,4000,0,0,0,6000,2000,4000,4000
055201,興勤群益98購01  ,0,0,0,0,0,0,0,0,0,4000,0,0,0,4000,0,4000,4000
055874,中環元富9A購01  ,0,0,0,0,0,0,0,0,0,4000,0,0,0,4000,0,4000,4000
045231,南電元大94購01  ,0,0,0,0,0,0,0,0,0,4000,0,0,0,23000,19000,4000,4000
045333,A50正2日盛92購01,0,0,0,0,0,0,0,0,0,4000,0,0,0,4000,0,4000,4000
045371,元石油元大95購01,0,0,0,0,0,0,0,0,0,4000,0,0,0,4000,0,4000,4000
049009,南亞科麥證94購01,0,0,0,4000,0,4000,0,0,0,4000,0,0,0,4000,0,4000,4000
046962,群創中信95購03  ,0,0,0,0,0,0,0,0,0,4000,0,0,0,52000,48000,4000,4000
044530,台積電富邦94購01,0,0,0,0,0,0,0,0,0,4000,0,0,0,5000,1000,4000,4000
045975,祥碩凱基93購04  ,0,0,0,0,0,0,0,0,0,4000,0,0,0,4000,0,4000,4000
044934,玉晶光元大93購01,0,0,0,0,0,0,0,0,0,4000,0,0,0,10000,6000,4000,4000
04372P,臺股指凱基94售02,0,0,0,0,0,0,0,0,0,4000,0,0,0,6000,2000,4000,4000
041453,國巨元富93購03  ,0,0,0,0,0,0,0,0,0,4000,0,0,0,4000,0,4000,4000
048122,台達電元大96購02,0,0,0,0,0,0,0,0,0,4000,0,0,0,20000,16000,4000,4000
04709P,台積電元大94售15,0,0,0,0,0,0,0,0,0,4000,0,0,0,5000,1000,4000,4000
048426,超眾元富93購01  ,0,0,0,0,0,0,0,0,0,4000,0,0,0,20000,16000,4000,4000
048499,達運元大96購01  ,0,0,0,0,0,0,0,0,0,4000,0,0,0,25000,21000,4000,4000
050519,旺宏元大95購03  ,0,0,0,0,0,0,0,0,0,4000,0,0,0,349000,345000,4000,4000
047847,鴻海統一93購07  ,0,0,0,0,0,0,0,0,0,4000,0,0,0,4000,0,4000,4000
047699,亞德客凱基93購04,0,0,0,0,0,0,0,0,0,4000,0,0,0,4000,0,4000,4000
049914,瑞昱元大94購06  ,0,0,0,0,0,0,0,0,0,4000,0,0,0,17000,13000,4000,4000
048871,晶豪科國票94購01,0,0,0,0,0,0,0,0,0,4000,0,0,0,4000,0,4000,4000
047663,亞德客永豐93購03,0,0,0,0,0,0,0,0,0,4000,0,0,0,24000,20000,4000,4000
047898,嘉澤群益93購02  ,0,0,0,0,0,0,0,0,0,4000,0,0,0,15000,11000,4000,4000
052890,FB上証群益9B購01,0,0,0,0,0,0,0,0,0,4000,0,0,0,4000,0,4000,4000
053248,智伸科國票97購01,0,0,0,0,0,0,0,0,0,4000,0,0,0,5000,1000,4000,4000
053317,友達群益9A購02  ,0,0,0,0,0,0,0,0,0,4000,0,0,0,114000,110000,4000,4000
052170,台積電元大95購20,0,0,0,0,0,0,0,0,0,4000,0,0,0,63000,59000,4000,4000
052551,台積電國票97購03,0,0,0,0,0,0,0,0,0,4000,0,0,0,4000,0,4000,4000
052489,義隆國票96購02  ,0,0,0,0,0,0,0,0,0,4000,0,0,0,4000,0,4000,4000
051176,聯發科凱基95購07,0,0,0,0,0,0,0,0,0,4000,0,0,0,4000,0,4000,4000
051225,台積電群益95購02,0,0,0,0,0,0,0,0,0,4000,0,0,0,70000,66000,4000,4000
050640,致新國票94購01  ,0,0,0,0,0,0,0,0,0,4000,0,0,0,4000,0,4000,4000
050647,聯發科凱基96購01,0,0,0,0,0,0,0,0,0,4000,0,0,0,6000,2000,4000,4000
051007,台光電麥證95購01,0,0,0,44000,40000,4000,0,0,0,4000,0,0,0,44000,40000,4000,4000
050758,聯發科元富9B購01,0,0,0,0,0,0,0,0,0,4000,0,0,0,6000,2000,4000,4000
051582,聯發科元大97購02,0,0,0,0,0,0,0,0,0,4000,0,0,0,9000,5000,4000,4000
1108,幸福            ,17000,13000,4000,0,0,0,0,0,0,0,0,0,0,0,0,0,4000
1726,永記            ,4000,0,4000,0,0,0,0,0,0,0,0,0,0,0,0,0,4000
1817,凱撒衛          ,23000,19000,4000,0,0,0,0,0,0,0,0,0,0,0,0,0,4000
06236P,台積電元大97售25,0,0,0,0,0,0,0,0,0,4000,0,0,0,26000,22000,4000,4000
06230P,亞德客永豐97售03,0,0,0,0,0,0,0,0,0,4000,0,0,0,48000,44000,4000,4000
06199P,聯發科元大97售17,0,0,0,0,0,0,0,0,0,4000,0,0,0,4000,0,4000,4000
06136P,華新科國泰99售02,0,0,0,0,0,0,0,0,0,4000,0,0,0,22000,18000,4000,4000
05741P,聯發科元大96售14,0,0,0,0,0,0,0,0,0,4000,0,0,0,252000,248000,4000,4000
055960,義隆元大97購01  ,0,0,0,0,0,0,0,0,0,4000,0,0,0,4000,0,4000,4000
6641,基士德-KY       ,13000,9000,4000,0,0,0,0,0,0,0,0,0,0,0,0,0,4000
3617,碩天            ,54000,51000,3000,0,0,0,0,0,0,1000,1000,0,1000,0,0,0,4000
2425,承啟            ,67000,63000,4000,0,0,0,0,0,0,0,0,0,0,0,0,0,4000
2887E,台新戊特        ,0,0,0,0,0,0,0,0,0,4000,4000,0,4000,0,0,0,4000
3011,今皓            ,10000,6000,4000,0,0,0,0,0,0,0,0,0,0,0,0,0,4000
055665,亞德客群益97購01,0,0,0,0,0,0,0,0,0,3000,0,0,0,4000,1000,3000,3000
055655,群創元富99購07  ,0,0,0,0,0,0,0,0,0,3000,0,0,0,5000,2000,3000,3000
055501,創意元大97購01  ,0,0,0,0,0,0,0,0,0,3000,0,0,0,28000,25000,3000,3000
055532,中工群益98購01  ,0,0,0,0,0,0,0,0,0,3000,0,0,0,11000,8000,3000,3000
05446P,緯穎元大95售04  ,0,0,0,0,0,0,0,0,0,3000,0,0,0,20000,17000,3000,3000
05451P,臺股指元大95售28,0,0,0,0,0,0,0,0,0,3000,0,0,0,7000,4000,3000,3000
054635,台達電中信98購01,0,0,0,0,0,0,0,0,0,3000,0,0,0,48000,45000,3000,3000
054252,奇力新元大96購04,0,0,0,0,0,0,0,0,0,3000,0,0,0,6000,3000,3000,3000
054208,台積電國票97購07,0,0,0,0,0,0,0,0,0,3000,0,0,0,8000,5000,3000,3000
053472,漢唐元大96購02  ,0,0,0,0,0,0,0,0,0,3000,0,0,0,17000,14000,3000,3000
053735,矽力中信97購01  ,0,0,0,0,0,0,0,0,0,3000,0,0,0,3000,0,3000,3000
04317P,樺漢國票93售03  ,0,0,0,0,0,0,0,0,0,3000,0,0,0,40000,37000,3000,3000
043442,大立光台新01購01,0,0,0,0,0,0,0,0,0,3000,0,0,0,5000,2000,3000,3000
046840,晶技台新93購01  ,0,0,0,0,0,0,0,0,0,3000,0,0,0,11000,8000,3000,3000
046801,中橡元大93購01  ,0,0,0,0,0,0,0,0,0,3000,0,0,0,3000,0,3000,3000
03960P,新日興元富96售02,0,0,0,0,0,0,0,0,0,3000,0,0,0,113000,110000,3000,3000
044126,奇力新凱基93購01,0,0,0,0,0,0,0,0,0,3000,0,0,0,12000,9000,3000,3000
043894,百和元大92購01  ,0,0,0,0,0,0,0,0,0,3000,0,0,0,3000,0,3000,3000
00681R,元大美債20反1   ,0,0,0,0,0,0,0,0,0,3000,0,0,0,78000,75000,3000,3000
03010X,元展10          ,0,0,0,0,0,0,0,0,0,3000,0,0,0,3000,0,3000,3000
04590P,元石油元大97售01,0,0,0,0,0,0,0,0,0,3000,0,0,0,1604000,1601000,3000,3000
044466,和大群益93購01  ,0,0,0,0,0,0,0,0,0,3000,0,0,0,13000,10000,3000,3000
044563,亞德客凱基92購01,0,0,0,0,0,0,0,0,0,3000,0,0,0,3000,0,3000,3000
046981,智伸科兆豐94購01,0,0,0,0,0,0,0,0,0,3000,0,0,0,4000,1000,3000,3000
046242,大立光中信93購02,0,0,0,0,0,0,0,0,0,3000,0,0,0,3000,0,3000,3000
046448,亞德客凱基92購03,0,0,0,0,0,0,0,0,0,3000,0,0,0,3000,0,3000,3000
049284,瑞昱中信94購02  ,0,0,0,0,0,0,0,0,0,3000,0,0,0,3000,0,3000,3000
049138,台積電元大94購05,0,0,0,0,0,0,0,0,0,3000,0,0,0,16000,13000,3000,3000
049041,和鑫兆豐94購01  ,0,0,0,0,0,0,0,0,0,3000,0,0,0,3000,0,3000,3000
045293,鴻海元大94購01  ,0,0,0,0,0,0,0,0,0,3000,0,0,0,37000,34000,3000,3000
04517P,宏達電群益95售01,0,0,0,0,0,0,0,0,0,3000,0,0,0,3000,0,3000,3000
046158,聯發科群益92購02,0,0,0,0,0,0,0,0,0,3000,0,0,0,3000,0,3000,3000
04506P,旺宏元大94售06  ,0,0,0,0,0,0,0,0,0,3000,0,0,0,44000,41000,3000,3000
046133,臺股指元大92購16,0,0,0,0,0,0,0,0,0,3000,0,0,0,3000,0,3000,3000
049795,華通元大96購02  ,0,0,0,0,0,0,0,0,0,3000,0,0,0,52000,49000,3000,3000
047380,統一元大93購01  ,0,0,0,0,0,0,0,0,0,3000,0,0,0,39000,36000,3000,3000
047615,為升凱基93購05  ,0,0,0,0,0,0,0,0,0,3000,0,0,0,3000,0,3000,3000
047994,亞德客元大93購03,0,0,0,0,0,0,0,0,0,3000,0,0,0,3000,0,3000,3000
047860,臺股指國票93購15,0,0,0,0,0,0,0,0,0,3000,0,0,0,3000,0,3000,3000
04953P,台積電群益94售13,0,0,0,0,0,0,0,0,0,3000,0,0,0,33000,30000,3000,3000
049712,為升凱基94購03  ,0,0,0,0,0,0,0,0,0,3000,0,0,0,8000,5000,3000,3000
049237,元油2X元富96購07,0,0,0,0,0,0,0,0,0,3000,0,0,0,30000,27000,3000,3000
050436,大立光凱基94購18,0,0,0,0,0,0,0,0,0,3000,0,0,0,3000,0,3000,3000
050272,訊芯元大94購03  ,0,0,0,0,0,0,0,0,0,3000,0,0,0,28000,25000,3000,3000
05077P,智易群益95售02  ,0,0,0,0,0,0,0,0,0,3000,0,0,0,25000,22000,3000,3000
048250,矽創兆豐93購02  ,0,0,0,0,0,0,0,0,0,3000,0,0,0,3000,0,3000,3000
048511,美律凱基93購07  ,0,0,0,0,0,0,0,0,0,3000,0,0,0,40000,37000,3000,3000
049459,全新元富95購02  ,0,0,0,0,0,0,0,0,0,3000,0,0,0,53000,50000,3000,3000
048277,建準永豐93購02  ,0,0,0,0,0,0,0,0,0,3000,0,0,0,23000,20000,3000,3000
048321,欣興凱基93購03  ,0,0,0,0,0,0,0,0,0,3000,0,0,0,71000,68000,3000,3000
050017,百和富邦94購01  ,0,0,0,0,0,0,0,0,0,3000,0,0,0,3000,0,3000,3000
050023,國巨元大94購12  ,0,0,0,0,0,0,0,0,0,3000,0,0,0,3000,0,3000,3000
048168,致茂永豐93購02  ,0,0,0,0,0,0,0,0,0,3000,0,0,0,3000,0,3000,3000
047153,聯發科國票93購02,0,0,0,0,0,0,0,0,0,3000,0,0,0,3000,0,3000,3000
051645,光寶科永豐95購01,0,0,0,0,0,0,0,0,0,3000,0,0,0,76000,73000,3000,3000
051734,台積電國票95購04,0,0,0,0,0,0,0,0,0,3000,0,0,0,6000,3000,3000,3000
05084P,嘉聯益永豐95售02,0,0,0,0,0,0,0,0,0,3000,0,0,0,39000,36000,3000,3000
050907,臺股指元大95購14,0,0,0,0,0,0,0,0,0,3000,0,0,0,5000,2000,3000,3000
050935,劍麟國票96購01  ,0,0,0,0,0,0,0,0,0,3000,0,0,0,3000,0,3000,3000
051234,南電群益95購02  ,0,0,0,0,0,0,0,0,0,3000,0,0,0,3000,0,3000,3000
05265P,正崴元大95售03  ,0,0,0,0,0,0,0,0,0,3000,0,0,0,10000,7000,3000,3000
052055,緯穎凱基95購03  ,0,0,0,0,0,0,0,0,0,3000,0,0,0,20000,17000,3000,3000
053089,貿聯元大97購02  ,0,0,0,0,0,0,0,0,0,3000,0,0,0,6000,3000,3000,3000
05284P,鴻海兆豐95售04  ,0,0,0,0,0,0,0,0,0,3000,0,0,0,6000,3000,3000,3000
2636,台驊投控        ,23000,18000,5000,0,0,0,0,0,0,-2000,0,2000,-2000,0,0,0,3000
2427,三商電          ,12000,12000,0,0,0,0,0,0,0,3000,6000,3000,3000,0,0,0,3000
2611,志信            ,22000,19000,3000,0,0,0,0,0,0,0,0,0,0,0,0,0,3000
3679,新至陞          ,55000,53000,2000,0,0,0,0,0,0,1000,2000,1000,1000,0,0,0,3000
8011,台通            ,37000,34000,3000,0,0,0,0,0,0,0,0,0,0,0,0,0,3000
05604P,聯發科元大96售10,0,0,0,0,0,0,0,0,0,3000,0,0,0,491000,488000,3000,3000
05756P,臺股指中信99售05,0,0,0,0,0,0,0,0,0,3000,0,0,0,4000,1000,3000,3000
05954P,旺宏國票97售03  ,0,0,0,0,0,0,0,0,0,3000,0,0,0,13000,10000,3000,3000
05916P,聯發科元大96售20,0,0,0,0,0,0,0,0,0,3000,0,0,0,13000,10000,3000,3000
06200P,聯發科元大97售18,0,0,0,0,0,0,0,0,0,3000,0,0,0,3000,0,3000,3000
01003T,兆豐新光R1      ,2748,0,2748,0,0,0,0,0,0,0,0,0,0,0,0,0,2748
053753,啟碁永豐96購01  ,0,0,0,0,0,0,0,0,0,2000,0,0,0,17000,15000,2000,2000
053688,燿華元大96購05  ,0,0,0,0,0,0,0,0,0,2000,0,0,0,78000,76000,2000,2000
05377P,鴻海凱基95售18  ,0,0,0,0,0,0,0,0,0,2000,0,0,0,12000,10000,2000,2000
05391P,鴻海統一95售12  ,0,0,0,0,0,0,0,0,0,2000,0,0,0,7000,5000,2000,2000
053646,臺股指國票96購09,0,0,0,0,0,0,0,0,0,2000,0,0,0,2000,0,2000,2000
053591,大立光元大99購03,0,0,0,0,0,0,0,0,0,2000,0,0,0,15000,13000,2000,2000
054245,鴻海元大96購23  ,0,0,0,0,0,0,0,0,0,2000,0,0,0,5000,3000,2000,2000
054021,義隆台新96購01  ,0,0,0,0,0,0,0,0,0,2000,0,0,0,2000,0,2000,2000
055792,臺股指凱基97購15,0,0,0,0,0,0,0,0,0,2000,0,0,0,187000,185000,2000,2000
055813,聯發科國票98購04,0,0,0,0,0,0,0,0,0,2000,0,0,0,2000,0,2000,2000
055816,新日興國票98購01,0,0,0,0,0,0,0,0,0,2000,0,0,0,18000,16000,2000,2000
055192,世芯元富97購01  ,0,0,0,0,0,0,0,0,0,2000,0,0,0,2000,0,2000,2000
055270,上銀元大97購03  ,0,0,0,0,0,0,0,0,0,2000,0,0,0,12000,10000,2000,2000
055000,玉晶光元富97購04,0,0,0,0,0,0,0,0,0,2000,0,0,0,2000,0,2000,2000
00682U,元大美元指數    ,0,0,0,0,0,0,0,0,0,2000,0,0,0,42000,40000,2000,2000
00770,國泰北美科技    ,0,0,0,0,0,0,0,0,0,2000,0,0,0,29000,27000,2000,2000
03861P,群創元富99售01  ,0,0,0,0,0,0,0,0,0,2000,0,0,0,2000,0,2000,2000
03035X,元展32          ,0,0,0,0,0,0,0,0,0,2000,0,0,0,2000,0,2000,2000
03713P,GIS元富93售02   ,0,0,0,0,0,0,0,0,0,2000,0,0,0,10000,8000,2000,2000
044025,台表科凱基93購02,0,0,0,0,0,0,0,0,0,2000,0,0,0,2000,0,2000,2000
03552P,上銀元富08售02  ,0,0,0,0,0,0,0,0,0,2000,0,0,0,2000,0,2000,2000
03575P,台灣50元富05售01,0,0,0,0,0,0,0,0,0,2000,0,0,0,2000,0,2000,2000
03420B,臺股指元大95熊31,0,0,0,0,0,0,0,0,0,2000,0,0,0,2000,0,2000,2000
03422B,臺股指凱基96熊28,0,0,0,0,0,0,0,0,0,2000,0,0,0,2000,0,2000,2000
03290P,亞德客元大02售01,0,0,0,0,0,0,0,0,0,2000,0,0,0,2000,0,2000,2000
04691P,智邦群益94售02  ,0,0,0,0,0,0,0,0,0,2000,0,0,0,28000,26000,2000,2000
045677,聯發科元大92購10,0,0,0,0,0,0,0,0,0,2000,0,0,0,2000,0,2000,2000
042089,台灣50中信94購03,0,0,0,0,0,0,0,0,0,2000,0,0,0,20000,18000,2000,2000
042023,大立光富邦92購04,0,0,0,0,0,0,0,0,0,2000,0,0,0,2000,0,2000,2000
04251P,欣興統一93售06  ,0,0,0,0,0,0,0,0,0,2000,0,0,0,15000,13000,2000,2000
041836,宏達電統一92購01,0,0,0,0,0,0,0,0,0,2000,0,0,0,2000,0,2000,2000
045090,瀚宇博元大93購01,0,0,0,0,0,0,0,0,0,2000,0,0,0,7000,5000,2000,2000
046164,健策兆豐93購03  ,0,0,0,0,0,0,0,0,0,2000,0,0,0,10000,8000,2000,2000
046202,台表科凱基93購04,0,0,0,0,0,0,0,0,0,2000,0,0,0,2000,0,2000,2000
045296,台積電元大93購03,0,0,0,0,0,0,0,0,0,2000,0,0,0,2000,0,2000,2000
045451,聯發科富邦93購01,0,0,0,0,0,0,0,0,0,2000,0,0,0,2000,0,2000,2000
049354,致新永豐94購01  ,0,0,0,0,0,0,0,0,0,2000,0,0,0,2000,0,2000,2000
049257,南亞科元大94購03,0,0,0,0,0,0,0,0,0,2000,0,0,0,2000,0,2000,2000
049001,川湖中信94購01  ,0,0,0,0,0,0,0,0,0,2000,0,0,0,2000,0,2000,2000
049013,川湖群益94購01  ,0,0,0,0,0,0,0,0,0,2000,0,0,0,5000,3000,2000,2000
04638P,臺股指群益94售13,0,0,0,0,0,0,0,0,0,2000,0,0,0,2000,0,2000,2000
046380,神基凱基93購01  ,0,0,0,0,0,0,0,0,0,2000,0,0,0,12000,10000,2000,2000
044511,全新凱基92購01  ,0,0,0,0,0,0,0,0,0,2000,0,0,0,20000,18000,2000,2000
04584P,楠梓電永豐94售01,0,0,0,0,0,0,0,0,0,2000,0,0,0,16000,14000,2000,2000
047058,聯茂國票94購01  ,0,0,0,0,0,0,0,0,0,2000,0,0,0,10000,8000,2000,2000
048049,滬深反中信96購01,0,0,0,0,0,0,0,0,0,2000,0,0,0,12000,10000,2000,2000
047049,聯發科國票94購01,0,0,0,0,0,0,0,0,0,2000,0,0,0,2000,0,2000,2000
049484,台積電元大95購02,0,0,0,0,0,0,0,0,0,2000,0,0,0,5000,3000,2000,2000
049455,上海銀統一94購02,0,0,0,0,0,0,0,0,0,2000,0,0,0,50000,48000,2000,2000
048595,儒鴻國票96購01  ,0,0,0,0,0,0,0,0,0,2000,0,0,0,2000,0,2000,2000
048503,百和元大93購02  ,0,0,0,0,0,0,0,0,0,2000,0,0,0,2000,0,2000,2000
048589,國巨兆豐96購01  ,0,0,0,0,0,0,0,0,0,2000,0,0,0,2000,0,2000,2000
048561,可成元大93購13  ,0,0,0,0,0,0,0,0,0,2000,0,0,0,12000,10000,2000,2000
048378,貿聯元富93購01  ,0,0,0,0,0,0,0,0,0,2000,0,0,0,12000,10000,2000,2000
048258,國泰金統一93購01,0,0,0,0,0,0,0,0,0,2000,0,0,0,30000,28000,2000,2000
04818P,華新科永豐94售03,0,0,0,0,0,0,0,0,0,2000,0,0,0,2000,0,2000,2000
048219,為升凱基93購06  ,0,0,0,0,0,0,0,0,0,2000,0,0,0,2000,0,2000,2000
047247,淘帝群益93購01  ,0,0,0,0,0,0,0,0,0,2000,0,0,0,2000,0,2000,2000
047227,華新科凱基94購01,0,0,0,0,0,0,0,0,0,2000,0,0,0,40000,38000,2000,2000
05009P,大立光元富95售06,0,0,0,0,0,0,0,0,0,2000,0,0,0,2000,0,2000,2000
050206,寶成群益94購01  ,0,0,0,0,0,0,0,0,0,2000,0,0,0,2000,0,2000,2000
050448,義隆元大94購04  ,0,0,0,0,0,0,0,0,0,2000,0,0,0,2000,0,2000,2000
050408,臻鼎台新94購02  ,0,0,0,0,0,0,0,0,0,2000,0,0,0,2000,0,2000,2000
050495,大立光永昌96購01,0,0,0,0,0,0,0,0,0,2000,0,0,0,6000,4000,2000,2000
047710,聯發科凱基93購21,0,0,0,0,0,0,0,0,0,2000,0,0,0,77000,75000,2000,2000
047771,緯創元大93購01  ,0,0,0,0,0,0,0,0,0,2000,0,0,0,9000,7000,2000,2000
047801,臺股指兆豐93購01,0,0,0,0,0,0,0,0,0,2000,0,0,0,2000,0,2000,2000
048729,鴻海麥證94購01  ,0,0,0,4000,2000,2000,0,0,0,2000,0,0,0,4000,2000,2000,2000
049771,GIS元富94購02   ,0,0,0,0,0,0,0,0,0,2000,0,0,0,2000,0,2000,2000
049502,訊芯元大94購01  ,0,0,0,0,0,0,0,0,0,2000,0,0,0,2000,0,2000,2000
048794,易華電元大97購01,0,0,0,0,0,0,0,0,0,2000,0,0,0,2000,0,2000,2000
047857,臺股指國票93購12,0,0,0,0,0,0,0,0,0,2000,0,0,0,2000,0,2000,2000
048018,南亞科麥證93購01,0,0,0,12000,10000,2000,0,0,0,2000,0,0,0,12000,10000,2000,2000
049442,滬深2X統一99購01,0,0,0,0,0,0,0,0,0,2000,0,0,0,2000,0,2000,2000
049874,全新康和94購01  ,0,0,0,0,0,0,0,0,0,2000,0,0,0,10000,8000,2000,2000
047488,臺股指凱基93購04,0,0,0,0,0,0,0,0,0,2000,0,0,0,10000,8000,2000,2000
047870,嘉澤永豐93購02  ,0,0,0,0,0,0,0,0,0,2000,0,0,0,3000,1000,2000,2000
052874,超眾凱基96購01  ,0,0,0,0,0,0,0,0,0,2000,0,0,0,16000,14000,2000,2000
052910,鴻海統一96購10  ,0,0,0,0,0,0,0,0,0,2000,0,0,0,50000,48000,2000,2000
053090,新唐元大96購01  ,0,0,0,0,0,0,0,0,0,2000,0,0,0,2000,0,2000,2000
052719,致新凱基96購01  ,0,0,0,0,0,0,0,0,0,2000,0,0,0,13000,11000,2000,2000
052666,瑞昱群益96購01  ,0,0,0,0,0,0,0,0,0,2000,0,0,0,13000,11000,2000,2000
052546,友達中信98購01  ,0,0,0,0,0,0,0,0,0,2000,0,0,0,20000,18000,2000,2000
051239,國巨元大96購02  ,0,0,0,0,0,0,0,0,0,2000,0,0,0,2000,0,2000,2000
051289,大立光統一96購01,0,0,0,0,0,0,0,0,0,2000,0,0,0,2000,0,2000,2000
051096,日月光元大95購01,0,0,0,0,0,0,0,0,0,2000,0,0,0,2000,0,2000,2000
050979,鴻海元富96購02  ,0,0,0,0,0,0,0,0,0,2000,0,0,0,2000,0,2000,2000
050650,大立光凱基96購01,0,0,0,0,0,0,0,0,0,2000,0,0,0,2000,0,2000,2000
050630,大立光亞東96購01,0,0,0,0,0,0,0,0,0,2000,0,0,0,2000,0,2000,2000
050555,道瓊銀統一94購01,0,0,0,0,0,0,0,0,0,2000,0,0,0,2000,0,2000,2000
051768,臻鼎元大95購04  ,0,0,0,0,0,0,0,0,0,2000,0,0,0,2000,0,2000,2000
051833,昇陽半元大96購01,0,0,0,0,0,0,0,0,0,2000,0,0,0,2000,0,2000,2000
051825,中環元大95購01  ,0,0,0,0,0,0,0,0,0,2000,0,0,0,53000,51000,2000,2000
051912,健鼎元大96購01  ,0,0,0,0,0,0,0,0,0,2000,0,0,0,5000,3000,2000,2000
051634,大立光國票96購03,0,0,0,0,0,0,0,0,0,2000,0,0,0,4000,2000,2000,2000
051352,南亞科元大95購02,0,0,0,0,0,0,0,0,0,2000,0,0,0,104000,102000,2000,2000
06165P,臺股指凱基9A售03,0,0,0,0,0,0,0,0,0,2000,0,0,0,2000,0,2000,2000
06084P,宏達電元富97售02,0,0,0,0,0,0,0,0,0,2000,0,0,0,2000,0,2000,2000
06248P,國巨統一97售07  ,0,0,0,0,0,0,0,0,0,2000,0,0,0,30000,28000,2000,2000
06407P,創意元富97售02  ,0,0,0,0,0,0,0,0,0,2000,0,0,0,2000,0,2000,2000
06373P,聯發科元大97售22,0,0,0,0,0,0,0,0,0,2000,0,0,0,2000,0,2000,2000
2227,裕日車          ,22000,21000,1000,0,0,0,2000,0,2000,-1000,0,1000,-1000,0,0,0,2000
2038,海光            ,2000,0,2000,0,0,0,0,0,0,0,0,0,0,0,0,0,2000
08966P,臺指反元大04售07,0,0,0,0,0,0,0,0,0,2000,0,0,0,2000,0,2000,2000
1312A,國喬特          ,0,0,0,0,0,0,0,0,0,2000,3000,1000,2000,0,0,0,2000
1472,三洋紡          ,3000,1000,2000,0,0,0,0,0,0,0,0,0,0,0,0,0,2000
05924P,超眾元富96售04  ,0,0,0,0,0,0,0,0,0,2000,0,0,0,10000,8000,2000,2000
05693P,滬深2X凱基98售02,0,0,0,0,0,0,0,0,0,2000,0,0,0,2000,0,2000,2000
05848P,臺股指元大96售24,0,0,0,0,0,0,0,0,0,2000,0,0,0,2000,0,2000,2000
055961,國泰金元大97購01,0,0,0,0,0,0,0,0,0,2000,0,0,0,2000,0,2000,2000
055994,聯發科國泰99購02,0,0,0,0,0,0,0,0,0,2000,0,0,0,52000,50000,2000,2000
056172,鴻海元富97購11  ,0,0,0,0,0,0,0,0,0,2000,0,0,0,19000,17000,2000,2000
056154,宏達電凱基97購03,0,0,0,0,0,0,0,0,0,2000,0,0,0,21000,19000,2000,2000
2881B,富邦金乙特      ,0,0,0,0,0,0,0,0,0,2000,2000,0,2000,0,0,0,2000
9918,欣天然          ,2000,0,2000,0,0,0,0,0,0,0,0,0,0,0,0,0,2000
055096,緯穎群益97購01  ,0,0,0,0,0,0,0,0,0,1000,0,0,0,63000,62000,1000,1000
055218,彩晶凱基99購01  ,0,0,0,0,0,0,0,0,0,1000,0,0,0,1000,0,1000,1000
054784,順德群益9A購01  ,0,0,0,0,0,0,0,0,0,1000,0,0,0,1000,0,1000,1000
054794,貿聯群益98購01  ,0,0,0,0,0,0,0,0,0,1000,0,0,0,1000,0,1000,1000
054742,京鼎凱基99購01  ,0,0,0,0,0,0,0,0,0,1000,0,0,0,30000,29000,1000,1000
054661,嘉聯益元大97購03,0,0,0,0,0,0,0,0,0,1000,0,0,0,1000,0,1000,1000
054892,彩晶統一99購01  ,0,0,0,0,0,0,0,0,0,1000,0,0,0,1000,0,1000,1000
05490P,鴻海元大95售23  ,0,0,0,0,0,0,0,0,0,1000,0,0,0,117000,116000,1000,1000
054904,興勤康和97購01  ,0,0,0,0,0,0,0,0,0,1000,0,0,0,1000,0,1000,1000
05495P,大立光統一95售07,0,0,0,0,0,0,0,0,0,1000,0,0,0,1000,0,1000,1000
055855,牧德元大99購02  ,0,0,0,0,0,0,0,0,0,1000,0,0,0,41000,40000,1000,1000
055774,台光電凱基97購02,0,0,0,0,0,0,0,0,0,1000,0,0,0,1000,0,1000,1000
055717,聯發科元大97購19,0,0,0,0,0,0,0,0,0,1000,0,0,0,54000,53000,1000,1000
054050,創意元大96購06  ,0,0,0,0,0,0,0,0,0,1000,0,0,0,1000,0,1000,1000
054126,和大元大96購02  ,0,0,0,0,0,0,0,0,0,1000,0,0,0,11000,10000,1000,1000
054186,高鐵永豐96購01  ,0,0,0,0,0,0,0,0,0,1000,0,0,0,2000,1000,1000,1000
054295,世芯元大96購03  ,0,0,0,0,0,0,0,0,0,1000,0,0,0,6000,5000,1000,1000
05454P,奇鋐群益95售04  ,0,0,0,0,0,0,0,0,0,1000,0,0,0,31000,30000,1000,1000
053552,華新科凱基96購08,0,0,0,0,0,0,0,0,0,1000,0,0,0,138000,137000,1000,1000
053464,喬山元大96購01  ,0,0,0,0,0,0,0,0,0,1000,0,0,0,1000,0,1000,1000
053900,T50反1日盛99購01,0,0,0,0,0,0,0,0,0,1000,0,0,0,1000,0,1000,1000
045774,義隆元大92購02  ,0,0,0,0,0,0,0,0,0,1000,0,0,0,1000,0,1000,1000
045737,友達群益94購01  ,0,0,0,0,0,0,0,0,0,1000,0,0,0,1000,0,1000,1000
044697,美律元大93購02  ,0,0,0,0,0,0,0,0,0,1000,0,0,0,1000,0,1000,1000
045945,臺股指群益92購06,0,0,0,0,0,0,0,0,0,1000,0,0,0,1000,0,1000,1000
044901,聯發科凱基93購01,0,0,0,0,0,0,0,0,0,1000,0,0,0,1000,0,1000,1000
046603,貿聯群益93購01  ,0,0,0,0,0,0,0,0,0,1000,0,0,0,1000,0,1000,1000
046582,聯發科元大92購23,0,0,0,0,0,0,0,0,0,1000,0,0,0,1000,0,1000,1000
04628P,欣興元大95售01  ,0,0,0,0,0,0,0,0,0,1000,0,0,0,1000,0,1000,1000
046681,漢唐群益93購01  ,0,0,0,0,0,0,0,0,0,1000,0,0,0,10000,9000,1000,1000
046319,新日興元大92購03,0,0,0,0,0,0,0,0,0,1000,0,0,0,3000,2000,1000,1000
049410,統一凱基94購02  ,0,0,0,0,0,0,0,0,0,1000,0,0,0,11000,10000,1000,1000
049409,滬深2X凱基96購04,0,0,0,0,0,0,0,0,0,1000,0,0,0,1000,0,1000,1000
04904P,奇力新永豐94售05,0,0,0,0,0,0,0,0,0,1000,0,0,0,5000,4000,1000,1000
045410,華邦電群益94購01,0,0,0,0,0,0,0,0,0,1000,0,0,0,1000,0,1000,1000
045122,臺股指元大93購08,0,0,0,0,0,0,0,0,0,1000,0,0,0,1000,0,1000,1000
045140,玉晶光兆豐93購02,0,0,0,0,0,0,0,0,0,1000,0,0,0,1000,0,1000,1000
045053,聯發科元富98購01,0,0,0,0,0,0,0,0,0,1000,0,0,0,256000,255000,1000,1000
044965,大立光中信95購01,0,0,0,0,0,0,0,0,0,1000,0,0,0,122000,121000,1000,1000
044966,台表科中信94購01,0,0,0,0,0,0,0,0,0,1000,0,0,0,5000,4000,1000,1000
045532,台表科永豐92購01,0,0,0,0,0,0,0,0,0,1000,0,0,0,1000,0,1000,1000
04556P,大成鋼群益94售02,0,0,0,0,0,0,0,0,0,1000,0,0,0,1000,0,1000,1000
043641,深中小國票94購01,0,0,0,0,0,0,0,0,0,1000,0,0,0,1000,0,1000,1000
043381,大立光元大93購02,0,0,0,0,0,0,0,0,0,1000,0,0,0,1000,0,1000,1000
04332P,A50正2日盛93售01,0,0,0,0,0,0,0,0,0,1000,0,0,0,1000,0,1000,1000
04290P,滬深2X富邦96售03,0,0,0,0,0,0,0,0,0,1000,0,0,0,11000,10000,1000,1000
042931,啟碁中信95購01  ,0,0,0,0,0,0,0,0,0,1000,0,0,0,1000,0,1000,1000
04006P,滬深2X國票9B售01,0,0,0,0,0,0,0,0,0,1000,0,0,0,1000,0,1000,1000
042062,台灣50兆豐92購01,0,0,0,0,0,0,0,0,0,1000,0,0,0,10000,9000,1000,1000
042681,嘉聯益元大92購01,0,0,0,0,0,0,0,0,0,1000,0,0,0,1000,0,1000,1000
046852,燿華元大93購02  ,0,0,0,0,0,0,0,0,0,1000,0,0,0,1000,0,1000,1000
03372P,台積電元大02售25,0,0,0,0,0,0,0,0,0,1000,0,0,0,3000,2000,1000,1000
03364P,金像電元大02售05,0,0,0,0,0,0,0,0,0,1000,0,0,0,1000,0,1000,1000
03423B,臺股指元大94熊29,0,0,0,0,0,0,0,0,0,1000,0,0,0,1000,0,1000,1000
035277,景碩台新97購01  ,0,0,0,0,0,0,0,0,0,1000,0,0,0,10000,9000,1000,1000
043753,聯發科元大92購02,0,0,0,0,0,0,0,0,0,1000,0,0,0,1000,0,1000,1000
044053,國巨元大92購11  ,0,0,0,0,0,0,0,0,0,1000,0,0,0,5000,4000,1000,1000
044173,矽創元大92購02  ,0,0,0,0,0,0,0,0,0,1000,0,0,0,1000,0,1000,1000
03982P,智易國票94售02  ,0,0,0,0,0,0,0,0,0,1000,0,0,0,26000,25000,1000,1000
039901,國巨國泰92購01  ,0,0,0,0,0,0,0,0,0,1000,0,0,0,1000,0,1000,1000
03953P,易華電凱基94售01,0,0,0,0,0,0,0,0,0,1000,0,0,0,21000,20000,1000,1000
03811P,鴻海群益93售06  ,0,0,0,0,0,0,0,0,0,1000,0,0,0,1000,0,1000,1000
03823P,嘉澤元富93售01  ,0,0,0,0,0,0,0,0,0,1000,0,0,0,1000,0,1000,1000
03063X,元展58          ,0,0,0,0,0,0,0,0,0,1000,0,0,0,1000,0,1000,1000
03883P,鴻海元大93售11  ,0,0,0,0,0,0,0,0,0,1000,0,0,0,1000,0,1000,1000
00775B,新光投等債15+   ,0,0,0,0,0,0,0,0,0,1000,0,0,0,3000,2000,1000,1000
00709,富邦歐洲        ,0,0,0,0,0,0,0,0,0,1000,0,0,0,102000,101000,1000,1000
03643P,燿華永豐92售02  ,0,0,0,0,0,0,0,0,0,1000,0,0,0,1000,0,1000,1000
00661,元大日經225     ,0,0,0,0,0,0,0,0,0,1000,0,0,0,1000,0,1000,1000
046992,智伸科凱基93購03,0,0,0,0,0,0,0,0,0,1000,0,0,0,1000,0,1000,1000
047025,可成元大93購05  ,0,0,0,0,0,0,0,0,0,1000,0,0,0,1000,0,1000,1000
047930,嘉澤凱基93購03  ,0,0,0,0,0,0,0,0,0,1000,0,0,0,1000,0,1000,1000
04740P,台積電富邦95售02,0,0,0,0,0,0,0,0,0,1000,0,0,0,1000,0,1000,1000
047396,力成元大93購01  ,0,0,0,0,0,0,0,0,0,1000,0,0,0,1000,0,1000,1000
049831,日月光凱基94購01,0,0,0,0,0,0,0,0,0,1000,0,0,0,1000,0,1000,1000
048869,光罩國票94購01  ,0,0,0,0,0,0,0,0,0,1000,0,0,0,1000,0,1000,1000
048834,牧德凱基94購01  ,0,0,0,0,0,0,0,0,0,1000,0,0,0,1000,0,1000,1000
049839,聯發科亞東94購02,0,0,0,0,0,0,0,0,0,1000,0,0,0,1000,0,1000,1000
048784,台積電元大94購04,0,0,0,0,0,0,0,0,0,1000,0,0,0,33000,32000,1000,1000
048785,台積電元大96購01,0,0,0,0,0,0,0,0,0,1000,0,0,0,1000,0,1000,1000
049654,臺股指凱基94購15,0,0,0,0,0,0,0,0,0,1000,0,0,0,3000,2000,1000,1000
048909,聯詠富邦94購01  ,0,0,0,0,0,0,0,0,0,1000,0,0,0,1000,0,1000,1000
047800,大立光兆豐93購04,0,0,0,0,0,0,0,0,0,1000,0,0,0,1000,0,1000,1000
049342,聯發科統一94購05,0,0,0,0,0,0,0,0,0,1000,0,0,0,49000,48000,1000,1000
048687,旺宏群益96購01  ,0,0,0,0,0,0,0,0,0,1000,0,0,0,1000,0,1000,1000
047781,上銀國泰94購02  ,0,0,0,0,0,0,0,0,0,1000,0,0,0,1000,0,1000,1000
048663,聯發科統一96購01,0,0,0,0,0,0,0,0,0,1000,0,0,0,1000,0,1000,1000
049215,國巨國票94購03  ,0,0,0,0,0,0,0,0,0,1000,0,0,0,1000,0,1000,1000
05041P,大立光凱基95售09,0,0,0,0,0,0,0,0,0,1000,0,0,0,16000,15000,1000,1000
050367,鴻海元大94購20  ,0,0,0,0,0,0,0,0,0,1000,0,0,0,1000,0,1000,1000
050177,聯發科元大94購11,0,0,0,0,0,0,0,0,0,1000,0,0,0,29000,28000,1000,1000
050165,泰鼎國泰95購02  ,0,0,0,0,0,0,0,0,0,1000,0,0,0,1000,0,1000,1000
050064,華新科凱基94購08,0,0,0,0,0,0,0,0,0,1000,0,0,0,11000,10000,1000,1000
048172,祥碩永豐93購02  ,0,0,0,0,0,0,0,0,0,1000,0,0,0,1000,0,1000,1000
048195,聯發科元大93購23,0,0,0,0,0,0,0,0,0,1000,0,0,0,1000,0,1000,1000
048645,創意元大94購02  ,0,0,0,0,0,0,0,0,0,1000,0,0,0,1000,0,1000,1000
048329,台積電永昌93購07,0,0,0,0,0,0,0,0,0,1000,0,0,0,36000,35000,1000,1000
047124,華新中信93購01  ,0,0,0,0,0,0,0,0,0,1000,0,0,0,95000,94000,1000,1000
047113,聯發科元大93購12,0,0,0,0,0,0,0,0,0,1000,0,0,0,1000,0,1000,1000
047108,華邦電元大93購03,0,0,0,0,0,0,0,0,0,1000,0,0,0,1000,0,1000,1000
051348,國巨元大95購07  ,0,0,0,0,0,0,0,0,0,1000,0,0,0,1000,0,1000,1000
051354,聯發科元大95購09,0,0,0,0,0,0,0,0,0,1000,0,0,0,1000,0,1000,1000
051522,玉晶光凱基95購05,0,0,0,0,0,0,0,0,0,1000,0,0,0,16000,15000,1000,1000
051649,中磊永豐95購02  ,0,0,0,0,0,0,0,0,0,1000,0,0,0,3000,2000,1000,1000
052034,臺股指群益95購07,0,0,0,0,0,0,0,0,0,1000,0,0,0,1000,0,1000,1000
051860,為升凱基95購01  ,0,0,0,0,0,0,0,0,0,1000,0,0,0,16000,15000,1000,1000
051763,新光金元大98購01,0,0,0,0,0,0,0,0,0,1000,0,0,0,1000,0,1000,1000
051798,國巨永豐95購03  ,0,0,0,0,0,0,0,0,0,1000,0,0,0,3000,2000,1000,1000
050592,矽格永豐94購02  ,0,0,0,0,0,0,0,0,0,1000,0,0,0,1000,0,1000,1000
050722,聯電國票96購01  ,0,0,0,0,0,0,0,0,0,1000,0,0,0,20000,19000,1000,1000
051081,聯茂富邦96購01  ,0,0,0,0,0,0,0,0,0,1000,0,0,0,1000,0,1000,1000
052537,力成富邦95購01  ,0,0,0,0,0,0,0,0,0,1000,0,0,0,2000,1000,1000,1000
052689,玉晶光元大98購03,0,0,0,0,0,0,0,0,0,1000,0,0,0,1000,0,1000,1000
05268P,玉晶光元大98售01,0,0,0,0,0,0,0,0,0,1000,0,0,0,341000,340000,1000,1000
05257P,欣興凱基95售04  ,0,0,0,0,0,0,0,0,0,1000,0,0,0,15000,14000,1000,1000
052099,臺股指富邦95購02,0,0,0,0,0,0,0,0,0,1000,0,0,0,15000,14000,1000,1000
052243,致茂康和95購01  ,0,0,0,0,0,0,0,0,0,1000,0,0,0,1000,0,1000,1000
052380,臺股指元大95購21,0,0,0,0,0,0,0,0,0,1000,0,0,0,1000,0,1000,1000
053113,瀚宇博兆豐97購01,0,0,0,0,0,0,0,0,0,1000,0,0,0,1000,0,1000,1000
053319,可成群益96購04  ,0,0,0,0,0,0,0,0,0,1000,0,0,0,1000,0,1000,1000
05333P,臺股指國票95售02,0,0,0,0,0,0,0,0,0,1000,0,0,0,1000,0,1000,1000
053286,臺股指元大96購14,0,0,0,0,0,0,0,0,0,1000,0,0,0,1000,0,1000,1000
052932,正文元大97購01  ,0,0,0,0,0,0,0,0,0,1000,0,0,0,126000,125000,1000,1000
052935,康友元大96購03  ,0,0,0,0,0,0,0,0,0,1000,0,0,0,1000,0,1000,1000
052975,嘉聯益群益96購01,0,0,0,0,0,0,0,0,0,1000,0,0,0,1000,0,1000,1000
053049,T50反1國票98購01,0,0,0,0,0,0,0,0,0,1000,0,0,0,1000,0,1000,1000
05305P,華新科國泰97售01,0,0,0,0,0,0,0,0,0,1000,0,0,0,1000,0,1000,1000
053064,國巨群益96購04  ,0,0,0,0,0,0,0,0,0,1000,0,0,0,44000,43000,1000,1000
053020,貿聯元富96購01  ,0,0,0,0,0,0,0,0,0,1000,0,0,0,5000,4000,1000,1000
052909,上銀統一96購01  ,0,0,0,0,0,0,0,0,0,1000,0,0,0,21000,20000,1000,1000
052739,國巨元大96購04  ,0,0,0,0,0,0,0,0,0,1000,0,0,0,5000,4000,1000,1000
9908,大台北          ,7000,14000,-7000,0,0,0,0,0,0,8000,10000,2000,8000,0,0,0,1000
9927,泰銘            ,22000,20000,2000,0,0,0,0,0,0,-1000,0,1000,-1000,0,0,0,1000
8222,寶一            ,2000,1000,1000,0,0,0,0,0,0,0,0,0,0,0,0,0,1000
8249,菱光            ,33000,37000,-4000,0,0,0,0,0,0,5000,5000,0,5000,0,0,0,1000
8367,建新國際        ,16000,14000,2000,0,0,0,0,0,0,-1000,0,1000,-1000,0,0,0,1000
8478,東哥遊艇        ,6000,4000,2000,0,0,0,0,0,0,-1000,0,1000,-1000,0,0,0,1000
8499,鼎炫-KY         ,37000,36000,1000,0,0,0,0,0,0,0,0,0,0,0,0,0,1000
8466,美吉吉-KY       ,5000,3000,2000,0,0,0,0,0,0,-1000,0,1000,-1000,0,0,0,1000
2891B,中信金乙特      ,0,0,0,0,0,0,0,0,0,1000,1000,0,1000,0,0,0,1000
2910,統領            ,0,0,0,0,0,0,0,0,0,1000,1000,0,1000,0,0,0,1000
2722,夏都            ,1000,0,1000,0,0,0,0,0,0,0,0,0,0,0,0,0,1000
3040,遠見            ,1000,0,1000,0,0,0,0,0,0,0,0,0,0,0,0,0,1000
2482,連宇            ,5000,4000,1000,0,0,0,0,0,0,0,0,0,0,0,0,0,1000
2374,佳能            ,27000,25000,2000,0,0,0,0,0,0,-1000,0,1000,-1000,0,0,0,1000
6579,研揚            ,1000,0,1000,0,0,0,0,0,0,0,0,0,0,0,0,0,1000
4557,永新-KY         ,3000,2000,1000,0,0,0,0,0,0,0,0,0,0,0,0,0,1000
05641P,貿聯元富96售02  ,0,0,0,0,0,0,0,0,0,1000,0,0,0,21000,20000,1000,1000
056011,矽力中信99購01  ,0,0,0,0,0,0,0,0,0,1000,0,0,0,20000,19000,1000,1000
05838P,臺股指富邦96售05,0,0,0,0,0,0,0,0,0,1000,0,0,0,1000,0,1000,1000
05784P,臺股指元大96售18,1000,1000,0,0,0,0,0,0,0,1000,0,0,0,7000,6000,1000,1000
05778P,台積電統一96售05,0,0,0,0,0,0,0,0,0,1000,0,0,0,60000,59000,1000,1000
05728P,滬深2X凱基98售03,0,0,0,0,0,0,0,0,0,1000,0,0,0,10000,9000,1000,1000
05953P,台積電國票98售02,0,0,0,0,0,0,0,0,0,1000,0,0,0,1000,0,1000,1000
1452,宏益            ,9000,8000,1000,0,0,0,0,0,0,0,0,0,0,0,0,0,1000
1587,吉茂            ,1000,0,1000,0,0,0,0,0,0,0,0,0,0,0,0,0,1000
1101B,台泥乙特        ,0,0,0,0,0,0,0,0,0,1000,1000,0,1000,0,0,0,1000
2314,台揚            ,141000,188000,-47000,0,0,0,0,0,0,48000,0,0,0,48000,0,48000,1000
06298P,聯發科元大97售20,0,0,0,0,0,0,0,0,0,1000,0,0,0,1000,0,1000,1000
06074P,台積電凱基98售04,0,0,0,0,0,0,0,0,0,1000,0,0,0,1000,0,1000,1000
00636K,國泰中國A50+U   ,0,0,0,0,0,0,0,0,0,100,0,0,0,100,0,100,100
053902,S&P反1凱基97購01,0,0,0,0,0,0,0,0,0,0,0,0,0,200000,200000,0,0
053874,台表科元大96購05,0,0,0,0,0,0,0,0,0,0,0,0,0,3000,3000,0,0
053848,聯發科元富96購03,0,0,0,0,0,0,0,0,0,0,0,0,0,15000,15000,0,0
053841,美律統一96購01  ,0,0,0,0,0,0,0,0,0,0,0,0,0,48000,48000,0,0
053843,訊芯統一96購01  ,0,0,0,0,0,0,0,0,0,0,0,0,0,48000,48000,0,0
053948,大立光富邦99購04,0,0,0,0,0,0,0,0,0,0,0,0,0,30000,30000,0,0
053966,旺宏元大96購08  ,0,0,0,0,0,0,0,0,0,0,0,0,0,125000,125000,0,0
05399P,GIS國票95售03   ,0,0,0,0,0,0,0,0,0,0,0,0,0,10000,10000,0,0
053995,奇力新群益97購02,0,0,0,0,0,0,0,0,0,0,0,0,0,3000,3000,0,0
053780,南亞科元大96購03,0,0,0,0,0,0,0,0,0,0,0,0,0,14000,14000,0,0
053784,奇力新元大97購02,0,0,0,0,0,0,0,0,0,0,0,0,0,19000,19000,0,0
053795,群創亞東96購01  ,0,0,0,0,0,0,0,0,0,0,0,0,0,1000,1000,0,0
053777,台積電元大96購20,0,0,0,0,0,0,0,0,0,0,0,0,0,177000,177000,0,0
053802,南亞科凱基96購04,0,0,0,0,0,0,0,0,0,0,0,0,0,20000,20000,0,0
053682,臺股指富邦96購03,0,0,0,0,0,0,0,0,0,0,0,0,0,40000,40000,0,0
053685,台積電元大96購18,0,0,0,0,0,0,0,0,0,0,0,0,0,108000,108000,0,0
053690,南亞科元大96購02,0,0,0,0,0,0,0,0,0,0,0,0,0,1000,1000,0,0
053747,滬深2X永豐96購05,0,0,0,0,0,0,0,0,0,0,0,0,0,499000,499000,0,0
053461,台郡永昌99購01  ,0,0,0,0,0,0,0,0,0,0,0,0,0,1000,1000,0,0
053476,冠德元大96購03  ,0,0,0,0,0,0,0,0,0,0,0,0,0,16000,16000,0,0
053354,康控兆豐97購02  ,0,0,0,0,0,0,0,0,0,0,0,0,0,38000,38000,0,0
053386,聯詠元大96購03  ,0,0,0,0,0,0,0,0,0,0,0,0,0,26000,26000,0,0
053531,國泰金康和96購01,0,0,0,0,0,0,0,0,0,0,0,0,0,68000,68000,0,0
053589,宏達電元大97購02,0,0,0,0,0,0,0,0,0,0,0,0,0,3000,3000,0,0
053667,鴻海統一96購12  ,0,0,0,0,0,0,0,0,0,0,0,0,0,48000,48000,0,0
053676,新光金國泰98購02,0,0,0,0,0,0,0,0,0,0,0,0,0,28000,28000,0,0
053630,奇鋐兆豐97購01  ,0,0,0,0,0,0,0,0,0,0,0,0,0,47000,47000,0,0
053605,臺股指永昌96購01,0,0,0,0,0,0,0,0,0,0,0,0,0,100000,100000,0,0
053600,同欣電元大96購04,0,0,0,0,0,0,0,0,0,0,0,0,0,2000,2000,0,0
053596,嘉澤元大96購01  ,0,0,0,0,0,0,0,0,0,0,0,0,0,50000,50000,0,0
054643,上証2X群益9B購01,0,0,0,0,0,0,0,0,0,0,0,0,0,66000,66000,0,0
054454,滬深2X群益96購04,0,0,0,0,0,0,0,0,0,0,0,0,0,3693000,3693000,0,0
05441P,華通元大95售09  ,0,0,0,0,0,0,0,0,0,0,0,0,0,48000,48000,0,0
054412,智邦元大96購03  ,0,0,0,0,0,0,0,0,0,0,0,0,0,108000,108000,0,0
05443P,宏達電元大95售05,0,0,0,0,0,0,0,0,0,0,0,0,0,70000,70000,0,0
054324,美律台新97購01  ,0,0,0,0,0,0,0,0,0,0,0,0,0,56000,56000,0,0
054357,可成兆豐97購02  ,0,0,0,0,0,0,0,0,0,0,0,0,0,6000,6000,0,0
054300,華通凱基96購07  ,0,0,0,0,0,0,0,0,0,0,0,0,0,19000,19000,0,0
054255,亞光元大96購05  ,0,0,0,0,0,0,0,0,0,0,0,0,0,6000,6000,0,0
054250,漢唐元大96購04  ,0,0,0,0,0,0,0,0,0,0,0,0,0,2000,2000,0,0
054278,晶技群益97購02  ,0,0,0,0,0,0,0,0,0,0,0,0,0,11000,11000,0,0
054276,國巨群益96購07  ,0,0,0,0,0,0,0,0,0,0,0,0,0,18000,18000,0,0
054157,國巨亞東96購01  ,0,0,0,0,0,0,0,0,0,0,0,0,0,411000,411000,0,0
055721,聯詠元大97購04  ,0,0,0,0,0,0,0,0,0,0,0,0,0,20000,20000,0,0
055785,祥碩凱基97購02  ,0,0,0,0,0,0,0,0,0,0,0,0,0,7000,7000,0,0
05562P,鴻海元大96售16  ,0,0,0,0,0,0,0,0,0,0,0,0,0,131000,131000,0,0
055637,亞德客元富97購01,0,0,0,0,0,0,0,0,0,0,0,0,0,20000,20000,0,0
055671,世紀鋼群益97購01,0,0,0,0,0,0,0,0,0,0,0,0,0,11000,11000,0,0
055695,大毅國票98購03  ,0,0,0,0,0,0,0,0,0,0,0,0,0,21000,21000,0,0
055845,大立光元大97購08,0,0,0,0,0,0,0,0,0,0,0,0,0,4000,4000,0,0
055832,台達電元大97購02,0,0,0,0,0,0,0,0,0,0,0,0,0,31000,31000,0,0
055839,瑞昱元大97購04  ,0,0,0,0,0,0,0,0,0,0,0,0,0,1000,1000,0,0
055843,美律元大97購02  ,0,0,0,0,0,0,0,0,0,0,0,0,0,17000,17000,0,0
055925,上銀群益97購01  ,0,0,0,0,0,0,0,0,0,0,0,0,0,19000,19000,0,0
055927,南亞科群益97購01,0,0,0,0,0,0,0,0,0,0,0,0,0,7000,7000,0,0
055484,華通元大97購04  ,0,0,0,0,0,0,0,0,0,0,0,0,0,6000,6000,0,0
055478,訊芯凱基97購01  ,0,0,0,0,0,0,0,0,0,0,0,0,0,10000,10000,0,0
055498,大立光元大97購07,0,0,0,0,0,0,0,0,0,0,0,0,0,4000,4000,0,0
055471,聯發科凱基97購04,0,0,0,0,0,0,0,0,0,0,0,0,0,11000,11000,0,0
055595,宏達電元大98購02,0,0,0,0,0,0,0,0,0,0,0,0,0,4000,4000,0,0
055590,聯發科元大98購02,0,0,0,0,0,0,0,0,0,0,0,0,0,8000,8000,0,0
055608,華邦電康和97購01,0,0,0,0,0,0,0,0,0,0,0,0,0,68000,68000,0,0
055575,華新科統一98購01,0,0,0,0,0,0,0,0,0,0,0,0,0,48000,48000,0,0
055548,旺宏凱基97購02  ,0,0,0,0,0,0,0,0,0,0,0,0,0,20000,20000,0,0
055543,為升凱基97購01  ,0,0,0,0,0,0,0,0,0,0,0,0,0,3000,3000,0,0
055345,國巨凱基98購01  ,0,0,0,0,0,0,0,0,0,0,0,0,0,10000,10000,0,0
055365,華通元大97購03  ,0,0,0,0,0,0,0,0,0,0,0,0,0,81000,81000,0,0
05533P,滬深2X富邦97售01,0,0,0,0,0,0,0,0,0,0,0,0,0,499000,499000,0,0
055389,國巨統一98購02  ,0,0,0,0,0,0,0,0,0,0,0,0,0,48000,48000,0,0
055444,致新台新97購01  ,0,0,0,0,0,0,0,0,0,0,0,0,0,38000,38000,0,0
054945,正崴元大97購01  ,0,0,0,0,0,0,0,0,0,0,0,0,0,1000,1000,0,0
054940,台積電元大97購16,0,0,0,0,0,0,0,0,0,0,0,0,0,50000,50000,0,0
054917,聯發科凱基98購05,0,0,0,0,0,0,0,0,0,0,0,0,0,68000,68000,0,0
054824,同欣電元大97購04,0,0,0,0,0,0,0,0,0,0,0,0,0,2000,2000,0,0
054656,深中小元大97購01,0,0,0,0,0,0,0,0,0,0,0,0,0,200000,200000,0,0
05469P,台積電元大95售24,0,0,0,0,0,0,0,0,0,0,0,0,0,538000,538000,0,0
054814,台積電元大97購13,0,0,0,0,0,0,0,0,0,0,0,0,0,85000,85000,0,0
055250,華新科統一97購02,0,0,0,0,0,0,0,0,0,0,0,0,0,48000,48000,0,0
055209,勤誠康和97購01  ,0,0,0,0,0,0,0,0,0,0,0,0,0,1000,1000,0,0
055082,台郡中信97購01  ,0,0,0,0,0,0,0,0,0,0,0,0,0,30000,30000,0,0
055125,智原兆豐97購01  ,0,0,0,0,0,0,0,0,0,0,0,0,0,38000,38000,0,0
055022,精元國泰99購01  ,0,0,0,0,0,0,0,0,0,0,0,0,0,1000,1000,0,0
055049,智邦永豐97購01  ,0,0,0,0,0,0,0,0,0,0,0,0,0,68000,68000,0,0
00625K,富邦上証+R      ,0,0,0,0,0,0,0,0,0,0,0,0,0,50000,50000,0,0
006204,永豐臺灣加權    ,0,0,0,0,0,0,0,0,0,0,0,0,0,46000,46000,0,0
020002,元富新中國N     ,0,0,0,0,0,0,0,0,0,0,0,0,0,1000,1000,0,0
020004,兆豐電菁英30N   ,0,0,0,0,0,0,0,0,0,0,0,0,0,1000,1000,0,0
00657,國泰日經225     ,0,0,0,0,0,0,0,0,0,0,0,0,0,141000,141000,0,0
00657K,國泰日經225+U   ,0,0,0,0,0,0,0,0,0,0,0,0,0,100,100,0,0
00707R,元大S&P日圓反1  ,0,0,0,0,0,0,0,0,0,0,0,0,0,41000,41000,0,0
00683L,元大美元指數正2 ,0,0,0,0,0,0,0,0,0,0,0,0,0,40000,40000,0,0
00684R,元大美元指數反1 ,0,0,0,0,0,0,0,0,0,0,0,0,0,40000,40000,0,0
00689R,國泰20年美債反1 ,0,0,0,0,0,0,0,0,0,0,0,0,0,100000,100000,0,0
00668K,國泰美國道瓊+U  ,0,0,0,0,0,0,0,0,0,0,0,0,0,100,100,0,0
00774B,新光中國政金綠債,0,0,0,0,0,0,0,0,0,0,0,0,0,2000,2000,0,0
00732,國泰RMB短期報酬 ,0,0,0,0,0,0,0,0,0,0,0,0,0,100000,100000,0,0
00735,國泰臺韓科技    ,0,0,0,0,0,0,0,0,0,0,0,0,0,100000,100000,0,0
03890P,聯詠國泰94售02  ,0,0,0,0,0,0,0,0,0,0,0,0,0,3000,3000,0,0
044124,燿華凱基93購01  ,0,0,0,0,0,0,0,0,0,0,0,0,0,10000,10000,0,0
043773,智邦兆豐93購01  ,0,0,0,0,0,0,0,0,0,0,0,0,0,20000,20000,0,0
03449P,玉晶光元大02售08,0,0,0,0,0,0,0,0,0,0,0,0,0,10000,10000,0,0
03394P,聯電國泰04售01  ,0,0,0,0,0,0,0,0,0,0,0,0,0,10000,10000,0,0
03318P,台積電元富08售12,0,0,0,0,0,0,0,0,0,0,0,0,0,10000,10000,0,0
03208P,國巨中信02售02  ,0,0,0,0,0,0,0,0,0,0,0,0,0,13000,13000,0,0
03197P,台積電統一01售14,0,0,0,0,0,0,0,0,0,0,0,0,0,110000,110000,0,0
046344,超眾國票94購01  ,0,0,0,0,0,0,0,0,0,0,0,0,0,20000,20000,0,0
046939,燿華元大96購01  ,0,0,0,0,0,0,0,0,0,0,0,0,0,32000,32000,0,0
046806,瀚宇博元大93購03,0,0,0,0,0,0,0,0,0,0,0,0,0,3000,3000,0,0
04678P,臺股指統一94售03,0,0,0,0,0,0,0,0,0,0,0,0,0,938000,938000,0,0
046845,燿華永豐93購01  ,0,0,0,0,0,0,0,0,0,0,0,0,0,300000,300000,0,0
046831,大立光群益94購01,0,0,0,0,0,0,0,0,0,0,0,0,0,4000,4000,0,0
044302,智邦兆豐93購02  ,0,0,0,0,0,0,0,0,0,0,0,0,0,30000,30000,0,0
042679,群創元大92購02  ,0,0,0,0,0,0,0,0,0,0,0,0,0,1000,1000,0,0
04271P,南亞科國票93售03,0,0,0,0,0,0,0,0,0,0,0,0,0,10000,10000,0,0
045665,聯電元富92購01  ,0,0,0,0,0,0,0,0,0,0,0,0,0,10000,10000,0,0
045704,微星日盛92購01  ,0,0,0,0,0,0,0,0,0,0,0,0,0,10000,10000,0,0
044254,深中小元大94購01,0,0,0,0,0,0,0,0,0,0,0,0,0,200000,200000,0,0
04063P,臺股指兆豐93售02,0,0,0,0,0,0,0,0,0,0,0,0,0,60000,60000,0,0
04064P,臺股指兆豐93售03,0,0,0,0,0,0,0,0,0,0,0,0,0,250000,250000,0,0
04089P,臺股指元富93售07,0,0,0,0,0,0,0,0,0,0,0,0,0,100000,100000,0,0
04148P,GIS凱基93售05   ,0,0,0,0,0,0,0,0,0,0,0,0,0,74000,74000,0,0
043457,鴻海元大93購01  ,0,0,0,0,0,0,0,0,0,0,0,0,0,140000,140000,0,0
04354P,華新科永豐94售01,0,0,0,0,0,0,0,0,0,0,0,0,0,30000,30000,0,0
043580,大立光元富94購01,0,0,0,0,0,0,0,0,0,0,0,0,0,1000,1000,0,0
044995,大立光國泰94購01,0,0,0,0,0,0,0,0,0,0,0,0,0,30000,30000,0,0
045038,臻鼎群益93購01  ,0,0,0,0,0,0,0,0,0,0,0,0,0,20000,20000,0,0
045073,可成元大93購01  ,0,0,0,0,0,0,0,0,0,0,0,0,0,77000,77000,0,0
046144,康控元富92購01  ,0,0,0,0,0,0,0,0,0,0,0,0,0,1000,1000,0,0
046189,聯發科凱基92購02,0,0,0,0,0,0,0,0,0,0,0,0,0,10000,10000,0,0
045149,聯發科凱基93購02,0,0,0,0,0,0,0,0,0,0,0,0,0,10000,10000,0,0
046124,健策元大92購04  ,0,0,0,0,0,0,0,0,0,0,0,0,0,1000,1000,0,0
045463,聯發科元大92購08,0,0,0,0,0,0,0,0,0,0,0,0,0,100000,100000,0,0
049113,大立光統一94購06,0,0,0,0,0,0,0,0,0,0,0,0,0,1000,1000,0,0
049139,台積電元大94購06,0,0,0,0,0,0,0,0,0,0,0,0,0,25000,25000,0,0
049140,台積電元大94購07,0,0,0,0,0,0,0,0,0,0,0,0,0,38000,38000,0,0
049134,為升元大95購01  ,0,0,0,0,0,0,0,0,0,0,0,0,0,10000,10000,0,0
049137,華通元大95購02  ,0,0,0,0,0,0,0,0,0,0,0,0,0,9000,9000,0,0
049145,南亞科元大94購01,0,0,0,0,0,0,0,0,0,0,0,0,0,1000,1000,0,0
049151,大立光元大94購07,0,0,0,0,0,0,0,0,0,0,0,0,0,1000,1000,0,0
049387,緯穎元大94購03  ,0,0,0,0,0,0,0,0,0,0,0,0,0,33000,33000,0,0
049016,國巨群益94購02  ,0,0,0,0,0,0,0,0,0,0,0,0,0,11000,11000,0,0
049263,大立光元大94購10,0,0,0,0,0,0,0,0,0,0,0,0,0,1000,1000,0,0
049260,華新科元大96購01,0,0,0,0,0,0,0,0,0,0,0,0,0,22000,22000,0,0
049275,臺股指元大94購10,0,0,0,0,0,0,0,0,0,0,0,0,0,310000,310000,0,0
048660,台積電統一93購09,0,0,0,0,0,0,0,0,0,0,0,0,0,2000,2000,0,0
046320,明泰元大92購02  ,0,0,0,0,0,0,0,0,0,0,0,0,0,21000,21000,0,0
046947,禾伸堂元大93購01,0,0,0,0,0,0,0,0,0,0,0,0,0,2000,2000,0,0
046694,智邦凱基93購01  ,0,0,0,0,0,0,0,0,0,0,0,0,0,10000,10000,0,0
046524,臺股指元大92購23,0,0,0,0,0,0,0,0,0,0,0,0,0,90000,90000,0,0
046551,聯發科麥證92購02,0,0,0,10000,10000,0,0,0,0,0,0,0,0,10000,10000,0,0
046634,GIS元富93購01   ,0,0,0,0,0,0,0,0,0,0,0,0,0,100000,100000,0,0
046466,台虹凱基92購01  ,0,0,0,0,0,0,0,0,0,0,0,0,0,10000,10000,0,0
046505,聯發科元大92購20,0,0,0,0,0,0,0,0,0,0,0,0,0,50000,50000,0,0
044884,嘉澤群益93購01  ,0,0,0,0,0,0,0,0,0,0,0,0,0,15000,15000,0,0
044925,漢唐國泰93購01  ,0,0,0,0,0,0,0,0,0,0,0,0,0,15000,15000,0,0
046016,緯穎元富92購04  ,0,0,0,0,0,0,0,0,0,0,0,0,0,50000,50000,0,0
04604P,華新科國票95售01,0,0,0,0,0,0,0,0,0,0,0,0,0,21000,21000,0,0
046073,日月光凱基92購03,0,0,0,0,0,0,0,0,0,0,0,0,0,30000,30000,0,0
045922,臺股指國票92購12,0,0,0,0,0,0,0,0,0,0,0,0,0,2000,2000,0,0
045968,貿聯凱基92購03  ,0,0,0,0,0,0,0,0,0,0,0,0,0,10000,10000,0,0
045971,智伸科凱基92購01,0,0,0,0,0,0,0,0,0,0,0,0,0,10000,10000,0,0
04476P,玉晶光元大94售05,0,0,0,0,0,0,0,0,0,0,0,0,0,20000,20000,0,0
044705,群創元大93購03  ,0,0,0,0,0,0,0,0,0,0,0,0,0,92000,92000,0,0
044645,元金2X群益93購01,0,0,0,0,0,0,0,0,0,0,0,0,0,50000,50000,0,0
045898,康控元大93購04  ,0,0,0,0,0,0,0,0,0,0,0,0,0,98000,98000,0,0
045890,欣興元大92購06  ,0,0,0,0,0,0,0,0,0,0,0,0,0,16000,16000,0,0
045736,台積電群益94購01,0,0,0,0,0,0,0,0,0,0,0,0,0,162000,162000,0,0
045752,全新國泰93購01  ,0,0,0,0,0,0,0,0,0,0,0,0,0,42000,42000,0,0
045785,揚明光元大93購04,0,0,0,0,0,0,0,0,0,0,0,0,0,89000,89000,0,0
047133,旺宏凱基93購03  ,0,0,0,0,0,0,0,0,0,0,0,0,0,22000,22000,0,0
047134,聯發科凱基93購10,0,0,0,0,0,0,0,0,0,0,0,0,0,2000,2000,0,0
047175,台塑元大93購01  ,0,0,0,0,0,0,0,0,0,0,0,0,0,10000,10000,0,0
048111,奇力新群益93購06,0,0,0,0,0,0,0,0,0,0,0,0,0,10000,10000,0,0
048165,嘉澤康和93購01  ,0,0,0,0,0,0,0,0,0,0,0,0,0,10000,10000,0,0
050022,鴻海元大94購11  ,0,0,0,0,0,0,0,0,0,0,0,0,0,1000,1000,0,0
048153,台積電兆豐94購01,0,0,0,0,0,0,0,0,0,0,0,0,0,6000,6000,0,0
048157,美律兆豐93購01  ,0,0,0,0,0,0,0,0,0,0,0,0,0,94000,94000,0,0
04805P,創意元富94售01  ,0,0,0,0,0,0,0,0,0,0,0,0,0,20000,20000,0,0
048075,美利達元富93購02,0,0,0,0,0,0,0,0,0,0,0,0,0,10000,10000,0,0
048055,燿華國泰95購02  ,0,0,0,0,0,0,0,0,0,0,0,0,0,10000,10000,0,0
047067,啟碁凱基93購01  ,0,0,0,0,0,0,0,0,0,0,0,0,0,2000,2000,0,0
049418,大立光凱基94購05,0,0,0,0,0,0,0,0,0,0,0,0,0,3000,3000,0,0
049974,聯發科日盛94購02,0,0,0,0,0,0,0,0,0,0,0,0,0,10000,10000,0,0
048090,正崴凱基93購03  ,0,0,0,0,0,0,0,0,0,0,0,0,0,68000,68000,0,0
048093,聯發科凱基93購30,0,0,0,0,0,0,0,0,0,0,0,0,0,68000,68000,0,0
048336,光磊元大93購02  ,0,0,0,0,0,0,0,0,0,0,0,0,0,80000,80000,0,0
048340,聯發科元大93購25,0,0,0,0,0,0,0,0,0,0,0,0,0,1000,1000,0,0
047039,晶技群益93購02  ,0,0,0,0,0,0,0,0,0,0,0,0,0,20000,20000,0,0
048636,鴻海元大94購05  ,0,0,0,0,0,0,0,0,0,0,0,0,0,20000,20000,0,0
048599,和鑫國票96購01  ,0,0,0,0,0,0,0,0,0,0,0,0,0,10000,10000,0,0
048272,新光金富邦98購01,0,0,0,0,0,0,0,0,0,0,0,0,0,10000,10000,0,0
049465,美律台新94購01  ,0,0,0,0,0,0,0,0,0,0,0,0,0,38000,38000,0,0
048367,華邦電統一93購01,0,0,0,0,0,0,0,0,0,0,0,0,0,48000,48000,0,0
048392,宏碁國票94購01  ,0,0,0,0,0,0,0,0,0,0,0,0,0,10000,10000,0,0
048404,大立光群益93購11,0,0,0,0,0,0,0,0,0,0,0,0,0,10000,10000,0,0
048416,台達電統一93購02,0,0,0,0,0,0,0,0,0,0,0,0,0,20000,20000,0,0
048441,台積電凱基93購29,0,0,0,0,0,0,0,0,0,0,0,0,0,10000,10000,0,0
048464,康控台新94購01  ,0,0,0,0,0,0,0,0,0,0,0,0,0,10000,10000,0,0
048552,鴻海元大94購03  ,0,0,0,0,0,0,0,0,0,0,0,0,0,21000,21000,0,0
048517,致伸凱基93購06  ,0,0,0,0,0,0,0,0,0,0,0,0,0,45000,45000,0,0
048221,鴻海凱基95購01  ,0,0,0,0,0,0,0,0,0,0,0,0,0,10000,10000,0,0
047269,同欣電康和93購01,0,0,0,0,0,0,0,0,0,0,0,0,0,10000,10000,0,0
048206,臺股指元大93購40,0,0,0,0,0,0,0,0,0,0,0,0,0,110000,110000,0,0
048208,臺股指元大93購42,0,0,0,0,0,0,0,0,0,0,0,0,0,180000,180000,0,0
050082,聯發科統一94購08,0,0,0,0,0,0,0,0,0,0,0,0,0,22000,22000,0,0
050069,禾伸堂凱基94購04,0,0,0,0,0,0,0,0,0,0,0,0,0,10000,10000,0,0
050061,聯發科凱基94購07,0,0,0,0,0,0,0,0,0,0,0,0,0,10000,10000,0,0
047193,南電元大94購02  ,0,0,0,0,0,0,0,0,0,0,0,0,0,26000,26000,0,0
050187,群創元大94購03  ,0,0,0,0,0,0,0,0,0,0,0,0,0,8000,8000,0,0
050176,正崴元大94購03  ,0,0,0,0,0,0,0,0,0,0,0,0,0,1000,1000,0,0
050194,臻鼎元大94購03  ,0,0,0,0,0,0,0,0,0,0,0,0,0,6000,6000,0,0
050812,台積電凱基95購01,0,0,0,0,0,0,0,0,0,0,0,0,0,10000,10000,0,0
050834,啟碁凱基95購01  ,0,0,0,0,0,0,0,0,0,0,0,0,0,54000,54000,0,0
050108,鴻海元大94購13  ,0,0,0,0,0,0,0,0,0,0,0,0,0,20000,20000,0,0
050121,南電元大95購02  ,0,0,0,0,0,0,0,0,0,0,0,0,0,9000,9000,0,0
050366,鴻海元大94購19  ,0,0,0,0,0,0,0,0,0,0,0,0,0,32000,32000,0,0
050356,緯穎群益94購05  ,0,0,0,0,0,0,0,0,0,0,0,0,0,79000,79000,0,0
050351,華新科群益95購02,0,0,0,0,0,0,0,0,0,0,0,0,0,2000,2000,0,0
050370,台積電元大94購24,0,0,0,0,0,0,0,0,0,0,0,0,0,6000,6000,0,0
050371,台積電元大94購25,0,0,0,0,0,0,0,0,0,0,0,0,0,13000,13000,0,0
050378,上証2X群益98購02,0,0,0,0,0,0,0,0,0,0,0,0,0,121000,121000,0,0
050389,鴻海統一95購04  ,0,0,0,0,0,0,0,0,0,0,0,0,0,10000,10000,0,0
050347,上証2X群益98購01,0,0,0,0,0,0,0,0,0,0,0,0,0,83000,83000,0,0
050317,和鑫國票95購02  ,0,0,0,0,0,0,0,0,0,0,0,0,0,10000,10000,0,0
050302,百和凱基94購03  ,0,0,0,0,0,0,0,0,0,0,0,0,0,10000,10000,0,0
050269,欣興元大94購09  ,0,0,0,0,0,0,0,0,0,0,0,0,0,1000,1000,0,0
050257,為升元大94購07  ,0,0,0,0,0,0,0,0,0,0,0,0,0,10000,10000,0,0
050258,為升元大94購08  ,0,0,0,0,0,0,0,0,0,0,0,0,0,26000,26000,0,0
050259,鴻海元大94購14  ,0,0,0,0,0,0,0,0,0,0,0,0,0,20000,20000,0,0
050262,台積電元大94購21,0,0,0,0,0,0,0,0,0,0,0,0,0,11000,11000,0,0
050251,樺漢凱基94購02  ,0,0,0,0,0,0,0,0,0,0,0,0,0,10000,10000,0,0
050146,訊芯康和94購02  ,0,0,0,0,0,0,0,0,0,0,0,0,0,10000,10000,0,0
050213,華新科台新94購03,0,0,0,0,0,0,0,0,0,0,0,0,0,94000,94000,0,0
050420,鴻海凱基95購03  ,0,0,0,0,0,0,0,0,0,0,0,0,0,20000,20000,0,0
050395,大立光元富94購10,0,0,0,0,0,0,0,0,0,0,0,0,0,1000,1000,0,0
050446,鴻海元大94購22  ,0,0,0,0,0,0,0,0,0,0,0,0,0,30000,30000,0,0
050438,欣興凱基94購09  ,0,0,0,0,0,0,0,0,0,0,0,0,0,68000,68000,0,0
050466,瑞儀中信94購01  ,0,0,0,0,0,0,0,0,0,0,0,0,0,10000,10000,0,0
050470,智邦台新94購01  ,0,0,0,0,0,0,0,0,0,0,0,0,0,38000,38000,0,0
050471,國泰金台新94購01,0,0,0,0,0,0,0,0,0,0,0,0,0,38000,38000,0,0
05050P,華通群益96售02  ,0,0,0,0,0,0,0,0,0,0,0,0,0,11000,11000,0,0
049187,義隆台新94購01  ,0,0,0,0,0,0,0,0,0,0,0,0,0,94000,94000,0,0
049175,台積電凱基94購12,0,0,0,0,0,0,0,0,0,0,0,0,0,1000,1000,0,0
047705,燿華凱基94購01  ,0,0,0,0,0,0,0,0,0,0,0,0,0,10000,10000,0,0
049597,泰鼎元大96購01  ,0,0,0,0,0,0,0,0,0,0,0,0,0,24000,24000,0,0
047703,台積電凱基93購19,0,0,0,0,0,0,0,0,0,0,0,0,0,5000,5000,0,0
049586,正崴元大94購01  ,0,0,0,0,0,0,0,0,0,0,0,0,0,1000,1000,0,0
049230,台達電富邦96購01,0,0,0,0,0,0,0,0,0,0,0,0,0,20000,20000,0,0
048668,奇力新永豐93購04,0,0,0,0,0,0,0,0,0,0,0,0,0,12000,12000,0,0
047767,聯發科元大93購20,0,0,0,0,0,0,0,0,0,0,0,0,0,7000,7000,0,0
047735,華邦電台新94購01,0,0,0,0,0,0,0,0,0,0,0,0,0,38000,38000,0,0
047716,晶技凱基93購03  ,0,0,0,0,0,0,0,0,0,0,0,0,0,10000,10000,0,0
04778P,可成凱基94售10  ,0,0,0,0,0,0,0,0,0,0,0,0,0,12000,12000,0,0
049338,台達電統一94購04,0,0,0,0,0,0,0,0,0,0,0,0,0,20000,20000,0,0
049319,GIS凱基94購03   ,0,0,0,0,0,0,0,0,0,0,0,0,0,10000,10000,0,0
048938,玉晶光永豐95購02,0,0,0,0,0,0,0,0,0,0,0,0,0,1000,1000,0,0
048966,佳世達元大95購01,0,0,0,0,0,0,0,0,0,0,0,0,0,32000,32000,0,0
049646,旺宏凱基94購01  ,0,0,0,0,0,0,0,0,0,0,0,0,0,10000,10000,0,0
049689,正崴元大94購02  ,0,0,0,0,0,0,0,0,0,0,0,0,0,1000,1000,0,0
048786,瑞昱元大94購02  ,0,0,0,0,0,0,0,0,0,0,0,0,0,4000,4000,0,0
047838,亞光元大93購03  ,0,0,0,0,0,0,0,0,0,0,0,0,0,10000,10000,0,0
047826,台泥元大93購01  ,0,0,0,0,0,0,0,0,0,0,0,0,0,118000,118000,0,0
047814,宏達電凱基93購02,0,0,0,0,0,0,0,0,0,0,0,0,0,30000,30000,0,0
049485,台積電元大96購03,0,0,0,0,0,0,0,0,0,0,0,0,0,5000,5000,0,0
049490,京元電元大95購02,0,0,0,0,0,0,0,0,0,0,0,0,0,53000,53000,0,0
049527,國巨中信95購01  ,0,0,0,0,0,0,0,0,0,0,0,0,0,20000,20000,0,0
049834,康控凱基94購01  ,0,0,0,0,0,0,0,0,0,0,0,0,0,10000,10000,0,0
049916,台光電元大94購06,0,0,0,0,0,0,0,0,0,0,0,0,0,15000,15000,0,0
049905,為升元大94購05  ,0,0,0,0,0,0,0,0,0,0,0,0,0,10000,10000,0,0
049907,鴻海元大94購07  ,0,0,0,0,0,0,0,0,0,0,0,0,0,1000,1000,0,0
049908,鴻海元大94購08  ,0,0,0,0,0,0,0,0,0,0,0,0,0,1000,1000,0,0
048835,牧德凱基94購02  ,0,0,0,0,0,0,0,0,0,0,0,0,0,3000,3000,0,0
048839,牧德凱基95購01  ,0,0,0,0,0,0,0,0,0,0,0,0,0,3000,3000,0,0
049819,百和元大94購02  ,0,0,0,0,0,0,0,0,0,0,0,0,0,5000,5000,0,0
049804,華固元大94購01  ,0,0,0,0,0,0,0,0,0,0,0,0,0,14000,14000,0,0
049800,瑞昱元大94購05  ,0,0,0,0,0,0,0,0,0,0,0,0,0,1000,1000,0,0
049438,嘉晶國泰96購01  ,0,0,0,0,0,0,0,0,0,0,0,0,0,10000,10000,0,0
047700,華新凱基94購01  ,0,0,0,0,0,0,0,0,0,0,0,0,0,10000,10000,0,0
047953,台積電永豐93購04,0,0,0,0,0,0,0,0,0,0,0,0,0,2000,2000,0,0
047302,為升富邦97購01  ,0,0,0,0,0,0,0,0,0,0,0,0,0,20000,20000,0,0
047290,台積電元富93購04,0,0,0,0,0,0,0,0,0,0,0,0,0,10000,10000,0,0
047330,康舒元大93購01  ,0,0,0,0,0,0,0,0,0,0,0,0,0,1000,1000,0,0
048006,瑞儀元大93購03  ,0,0,0,0,0,0,0,0,0,0,0,0,0,1000,1000,0,0
048824,聯發科凱基94購03,0,0,0,0,0,0,0,0,0,0,0,0,0,68000,68000,0,0
047361,致茂群益93購01  ,0,0,0,0,0,0,0,0,0,0,0,0,0,110000,110000,0,0
047387,美律元大93購05  ,0,0,0,0,0,0,0,0,0,0,0,0,0,27000,27000,0,0
047448,啟碁元大93購06  ,0,0,0,0,0,0,0,0,0,0,0,0,0,2000,2000,0,0
047931,日月光凱基93購01,0,0,0,0,0,0,0,0,0,0,0,0,0,50000,50000,0,0
049613,華通中信94購01  ,0,0,0,0,0,0,0,0,0,0,0,0,0,36000,36000,0,0
049600,緯穎元大95購02  ,0,0,0,0,0,0,0,0,0,0,0,0,0,10000,10000,0,0
047468,為升中信95購01  ,0,0,0,0,0,0,0,0,0,0,0,0,0,10000,10000,0,0
047521,台積電元大94購03,0,0,0,0,0,0,0,0,0,0,0,0,0,27000,27000,0,0
047550,聯發科凱基93購13,0,0,0,0,0,0,0,0,0,0,0,0,0,68000,68000,0,0
047612,瑞昱群益93購03  ,0,0,0,0,0,0,0,0,0,0,0,0,0,11000,11000,0,0
047640,聯發科元大93購17,0,0,0,0,0,0,0,0,0,0,0,0,0,5000,5000,0,0
052745,欣興元大96購04  ,0,0,0,0,0,0,0,0,0,0,0,0,0,10000,10000,0,0
052754,上証2X群益9A購01,0,0,0,0,0,0,0,0,0,0,0,0,0,33000,33000,0,0
052756,國巨群益96購02  ,0,0,0,0,0,0,0,0,0,0,0,0,0,31000,31000,0,0
052806,玉晶光元大98購04,0,0,0,0,0,0,0,0,0,0,0,0,0,49000,49000,0,0
052897,緯創群益96購03  ,0,0,0,0,0,0,0,0,0,0,0,0,0,17000,17000,0,0
052870,玉晶光凱基96購03,0,0,0,0,0,0,0,0,0,0,0,0,0,4000,4000,0,0
052993,欣興台新97購01  ,0,0,0,0,0,0,0,0,0,0,0,0,0,38000,38000,0,0
053274,旺宏元大98購03  ,0,0,0,0,0,0,0,0,0,0,0,0,0,33000,33000,0,0
053232,友達永豐97購02  ,0,0,0,0,0,0,0,0,0,0,0,0,0,68000,68000,0,0
053116,華新科中信96購01,0,0,0,0,0,0,0,0,0,0,0,0,0,3000,3000,0,0
053099,正崴元富96購01  ,0,0,0,0,0,0,0,0,0,0,0,0,0,1000,1000,0,0
053129,緯穎凱基96購01  ,0,0,0,0,0,0,0,0,0,0,0,0,0,10000,10000,0,0
053091,同欣電元大96購01,0,0,0,0,0,0,0,0,0,0,0,0,0,2000,2000,0,0
053086,宏達電元大97購01,0,0,0,0,0,0,0,0,0,0,0,0,0,10000,10000,0,0
053171,中磊群益96購01  ,0,0,0,0,0,0,0,0,0,0,0,0,0,25000,25000,0,0
053159,同欣電元大96購02,0,0,0,0,0,0,0,0,0,0,0,0,0,3000,3000,0,0
052378,矽力元大96購01  ,0,0,0,0,0,0,0,0,0,0,0,0,0,5000,5000,0,0
052342,茂林凱基96購01  ,0,0,0,0,0,0,0,0,0,0,0,0,0,40000,40000,0,0
052327,聯詠中信95購03  ,0,0,0,0,0,0,0,0,0,0,0,0,0,33000,33000,0,0
052274,大立光群益95購03,0,0,0,0,0,0,0,0,0,0,0,0,0,3000,3000,0,0
052119,漢唐國票96購01  ,0,0,0,0,0,0,0,0,0,0,0,0,0,2000,2000,0,0
052063,臺股指國票95購10,0,0,0,0,0,0,0,0,0,0,0,0,0,10000,10000,0,0
052084,台泥元大95購01  ,0,0,0,0,0,0,0,0,0,0,0,0,0,65000,65000,0,0
052198,鴻海統一95購10  ,0,0,0,0,0,0,0,0,0,0,0,0,0,10000,10000,0,0
052616,鴻海國泰98購02  ,0,0,0,0,0,0,0,0,0,0,0,0,0,10000,10000,0,0
052607,大立光元大96購03,0,0,0,0,0,0,0,0,0,0,0,0,0,3000,3000,0,0
052696,玉晶光麥證97購01,0,0,0,0,1000,-1000,0,0,0,0,0,0,0,1000,1000,0,0
052720,鴻海統一96購07  ,0,0,0,0,0,0,0,0,0,0,0,0,0,48000,48000,0,0
052729,國巨國泰97購03  ,0,0,0,0,0,0,0,0,0,0,0,0,0,64000,64000,0,0
052503,大成鋼日盛95購02,0,0,0,0,0,0,0,0,0,0,0,0,0,10000,10000,0,0
052511,聯發科凱基95購14,0,0,0,0,0,0,0,0,0,0,0,0,0,68000,68000,0,0
05247P,上銀群益95售01  ,0,0,0,0,0,0,0,0,0,0,0,0,0,11000,11000,0,0
052428,嘉晶永豐95購01  ,0,0,0,0,0,0,0,0,0,0,0,0,0,10000,10000,0,0
052435,滬深2X富邦96購05,0,0,0,0,0,0,0,0,0,0,0,0,0,1000,1000,0,0
052443,台積電元大95購23,0,0,0,0,0,0,0,0,0,0,0,0,0,81000,81000,0,0
052384,臺股指元大95購30,0,0,0,0,0,0,0,0,0,0,0,0,0,1000,1000,0,0
051011,國巨凱基95購03  ,0,0,0,0,0,0,0,0,0,0,0,0,0,10000,10000,0,0
05116P,台積電群益95售03,0,0,0,0,0,0,0,0,0,0,0,0,0,30000,30000,0,0
051147,南亞科凱基95購05,0,0,0,0,0,0,0,0,0,0,0,0,0,10000,10000,0,0
051111,可成統一95購02  ,0,0,0,0,0,0,0,0,0,0,0,0,0,48000,48000,0,0
051290,大立光統一96購02,0,0,0,0,0,0,0,0,0,0,0,0,0,1000,1000,0,0
051264,道瓊反富邦97購01,0,0,0,0,0,0,0,0,0,0,0,0,0,200000,200000,0,0
051309,卜蜂麥證95購01  ,0,0,0,2000,2000,0,0,0,0,0,0,0,0,2000,2000,0,0
051322,國泰金國票96購01,0,0,0,0,0,0,0,0,0,0,0,0,0,10000,10000,0,0
051236,鴻海元大96購05  ,0,0,0,0,0,0,0,0,0,0,0,0,0,1000,1000,0,0
051249,潤泰全元大95購01,0,0,0,0,0,0,0,0,0,0,0,0,0,83000,83000,0,0
050681,南亞科元富94購01,0,0,0,0,0,0,0,0,0,0,0,0,0,20000,20000,0,0
050634,華新科群益96購01,0,0,0,0,0,0,0,0,0,0,0,0,0,20000,20000,0,0
050648,全新凱基96購01  ,0,0,0,0,0,0,0,0,0,0,0,0,0,10000,10000,0,0
050615,奇力新元大95購03,0,0,0,0,0,0,0,0,0,0,0,0,0,4000,4000,0,0
050628,美律中信94購02  ,0,0,0,0,0,0,0,0,0,0,0,0,0,94000,94000,0,0
05055P,台表科群益95售01,0,0,0,0,0,0,0,0,0,0,0,0,0,11000,11000,0,0
050561,上証2X元富97購01,0,0,0,0,0,0,0,0,0,0,0,0,0,250000,250000,0,0
050968,超眾永豐95購01  ,0,0,0,0,0,0,0,0,0,0,0,0,0,10000,10000,0,0
051005,緯創中信95購02  ,0,0,0,0,0,0,0,0,0,0,0,0,0,30000,30000,0,0
050901,樺漢元大95購02  ,0,0,0,0,0,0,0,0,0,0,0,0,0,59000,59000,0,0
050740,旺宏永豐94購03  ,0,0,0,0,0,0,0,0,0,0,0,0,0,97000,97000,0,0
051760,奇力新元大95購04,0,0,0,0,0,0,0,0,0,0,0,0,0,11000,11000,0,0
051758,瑞昱元大95購01  ,0,0,0,0,0,0,0,0,0,0,0,0,0,32000,32000,0,0
051769,矽力元大95購01  ,0,0,0,0,0,0,0,0,0,0,0,0,0,1000,1000,0,0
051742,欣興國票96購01  ,0,0,0,0,0,0,0,0,0,0,0,0,0,10000,10000,0,0
052025,國巨群益96購01  ,0,0,0,0,0,0,0,0,0,0,0,0,0,20000,20000,0,0
051941,樺漢群益95購02  ,0,0,0,0,0,0,0,0,0,0,0,0,0,10000,10000,0,0
051620,可成凱基95購10  ,0,0,0,0,0,0,0,0,0,0,0,0,0,6000,6000,0,0
051676,康舒元大95購01  ,0,0,0,0,0,0,0,0,0,0,0,0,0,29000,29000,0,0
051688,大立光凱基97購02,0,0,0,0,0,0,0,0,0,0,0,0,0,1000,1000,0,0
051597,T50反1中信99購02,0,0,0,0,0,0,0,0,0,0,0,0,0,10000,10000,0,0
051602,南茂兆豐96購01  ,0,0,0,0,0,0,0,0,0,0,0,0,0,115000,115000,0,0
051616,鴻海凱基96購08  ,0,0,0,0,0,0,0,0,0,0,0,0,0,68000,68000,0,0
051569,緯創富邦95購02  ,0,0,0,0,0,0,0,0,0,0,0,0,0,50000,50000,0,0
051575,國巨元大96購03  ,0,0,0,0,0,0,0,0,0,0,0,0,0,18000,18000,0,0
051536,玉晶光國票97購01,0,0,0,0,0,0,0,0,0,0,0,0,0,3000,3000,0,0
051499,康控群益95購02  ,0,0,0,0,0,0,0,0,0,0,0,0,0,10000,10000,0,0
051441,鴻海元大95購13  ,0,0,0,0,0,0,0,0,0,0,0,0,0,1000,1000,0,0
051430,瑞昱元富95購02  ,0,0,0,0,0,0,0,0,0,0,0,0,0,13000,13000,0,0
051360,緯創元大95購03  ,0,0,0,0,0,0,0,0,0,0,0,0,0,16000,16000,0,0
051368,國泰金富邦97購01,0,0,0,0,0,0,0,0,0,0,0,0,0,310000,310000,0,0
051384,康友群益95購01  ,0,0,0,0,0,0,0,0,0,0,0,0,0,10000,10000,0,0
051408,台積電國票95購03,0,0,0,0,0,0,0,0,0,0,0,0,0,4000,4000,0,0
051399,玉晶光台新96購01,0,0,0,0,0,0,0,0,0,0,0,0,0,10000,10000,0,0
06069P,台積電永豐97售01,0,0,0,0,0,0,0,0,0,0,0,0,0,390000,390000,0,0
06171P,台積電統一97售06,0,0,0,0,0,0,0,0,0,0,0,0,0,10000,10000,0,0
06148P,台積電元大97售17,0,0,0,0,0,0,0,0,0,0,0,0,0,100000,100000,0,0
06197P,國巨元大97售08  ,0,0,0,0,0,0,0,0,0,0,0,0,0,10000,10000,0,0
06296P,燿華元大98售01  ,0,0,0,0,0,0,0,0,0,0,0,0,0,21000,21000,0,0
06249P,億光統一97售02  ,0,0,0,0,0,0,0,0,0,0,0,0,0,108000,108000,0,0
06243P,亞光元富97售01  ,0,0,0,0,0,0,0,0,0,0,0,0,0,8000,8000,0,0
1592,英瑞-KY         ,62000,62000,0,0,0,0,0,0,0,0,0,0,0,0,0,0,0
08995P,台灣50群益01售12,0,0,0,0,0,0,0,0,0,0,0,0,0,200000,200000,0,0
1232,大統益          ,12000,12000,0,0,0,0,0,0,0,0,0,0,0,0,0,0,0
1539,巨庭            ,1000,0,1000,0,0,0,0,0,0,-1000,0,1000,-1000,0,0,0,0
1516,川飛            ,1000,1000,0,0,0,0,0,0,0,0,0,0,0,0,0,0,0
06018P,康控凱基96售03  ,0,0,0,0,0,0,0,0,0,0,0,0,0,10000,10000,0,0
05739P,臺股指統一97售02,0,0,0,0,0,0,0,0,0,0,0,0,0,15000,15000,0,0
05768P,台積電凱基96售15,0,0,0,0,0,0,0,0,0,0,0,0,0,65000,65000,0,0
055988,矽力元富97購01  ,0,0,0,0,0,0,0,0,0,0,0,0,0,20000,20000,0,0
055963,欣興元大97購04  ,0,0,0,0,0,0,0,0,0,0,0,0,0,105000,105000,0,0
055957,瑞昱元大97購06  ,0,0,0,0,0,0,0,0,0,0,0,0,0,3000,3000,0,0
055954,南港元大97購02  ,0,0,0,0,0,0,0,0,0,0,0,0,0,43000,43000,0,0
056062,大立光元大97購12,0,0,0,0,0,0,0,0,0,0,0,0,0,3000,3000,0,0
056063,大立光元大97購13,0,0,0,0,0,0,0,0,0,0,0,0,0,4000,4000,0,0
056080,世紀鋼元大97購03,30000,0,30000,0,0,0,0,0,0,-30000,0,0,0,0,30000,-30000,0
056300,聯發科元大97購23,0,0,0,0,0,0,0,0,0,0,0,0,0,50000,50000,0,0
056303,亞光元大97購04  ,0,0,0,0,0,0,0,0,0,0,0,0,0,27000,27000,0,0
056292,統一元大97購01  ,0,0,0,0,0,0,0,0,0,0,0,0,0,8000,8000,0,0
056296,旺宏元大97購07  ,0,0,0,0,0,0,0,0,0,0,0,0,0,23000,23000,0,0
056297,台光電元大97購04,0,0,0,0,0,0,0,0,0,0,0,0,0,7000,7000,0,0
056287,亞光永豐97購02  ,0,0,0,0,0,0,0,0,0,0,0,0,0,5000,5000,0,0
056135,緯創元大98購01  ,0,0,0,0,0,0,0,0,0,0,0,0,0,92000,92000,0,0
056239,宏達電群益98購01,0,0,0,0,0,0,0,0,0,0,0,0,0,4000,4000,0,0
056241,緯創群益97購01  ,0,0,0,0,0,0,0,0,0,0,0,0,0,104000,104000,0,0
056242,緯創群益9A購01  ,0,0,0,0,0,0,0,0,0,0,0,0,0,103000,103000,0,0
4555,氣立            ,1000,1000,0,0,0,0,0,0,0,0,0,0,0,0,0,0,0
4526,東台            ,22000,21000,1000,0,0,0,0,0,0,-1000,0,1000,-1000,0,0,0,0
4764,雙鍵            ,8000,8000,0,0,0,0,0,0,0,0,0,0,0,0,0,0,0
4807,日成-KY         ,1000,1000,0,0,0,0,0,0,0,0,0,0,0,0,0,0,0
3694,海華            ,10000,10000,0,0,0,0,0,0,0,0,0,0,0,0,0,0,0
6674,鋐寶科技        ,2000,0,2000,0,0,0,0,0,0,-2000,0,2000,-2000,0,0,0,0
2415,錩新            ,2000,2000,0,0,0,0,0,0,0,0,0,0,0,0,0,0,0
2465,麗臺            ,1000,1000,0,0,0,0,0,0,0,0,0,0,0,0,0,0,0
3022,威強電          ,38000,38000,0,0,0,0,0,0,0,0,0,0,0,0,0,0,0
2901,欣欣            ,1000,1000,0,0,0,0,0,0,0,0,0,0,0,0,0,0,0
055092,開發金群益9B購01,0,0,0,0,0,0,0,0,0,-1000,0,0,0,0,1000,-1000,-1000
055196,致新元富97購01  ,0,0,0,0,0,0,0,0,0,-1000,0,0,0,0,1000,-1000,-1000
055174,精元統一97購01  ,0,0,0,0,0,0,0,0,0,-1000,0,0,0,0,1000,-1000,-1000
055244,國巨統一98購01  ,0,0,0,0,0,0,0,0,0,-1000,0,0,0,50000,51000,-1000,-1000
055277,旺宏元大97購04  ,0,0,0,0,0,0,0,0,0,-1000,0,0,0,127000,128000,-1000,-1000
055265,玉晶光永豐98購03,0,0,0,0,0,0,0,0,0,-1000,0,0,0,0,1000,-1000,-1000
055294,智易元大98購01  ,0,0,0,0,0,0,0,0,0,-1000,0,0,0,29000,30000,-1000,-1000
054813,鴻海元大97購09  ,0,0,0,0,0,0,0,0,0,-1000,0,0,0,13000,14000,-1000,-1000
054717,亞德客永豐97購01,0,0,0,0,0,0,0,0,0,-1000,0,0,0,71000,72000,-1000,-1000
054827,宏全元大9A購01  ,0,0,0,0,0,0,0,0,0,-1000,0,0,0,0,1000,-1000,-1000
054939,台積電元大97購15,0,0,0,0,0,0,0,0,0,-1000,0,0,0,82000,83000,-1000,-1000
055440,矽力國票98購01  ,0,0,0,0,0,0,0,0,0,-1000,0,0,0,0,1000,-1000,-1000
055441,緯穎國票98購01  ,0,0,0,0,0,0,0,0,0,-1000,0,0,0,2000,3000,-1000,-1000
055601,茂林元大97購03  ,0,0,0,0,0,0,0,0,0,-1000,0,0,0,0,1000,-1000,-1000
055589,台光電元大98購04,0,0,0,0,0,0,0,0,0,-1000,0,0,0,0,1000,-1000,-1000
055587,智邦元大97購02  ,0,0,0,0,0,0,0,0,0,-1000,0,0,0,5000,6000,-1000,-1000
055469,台光電凱基97購01,0,0,0,0,0,0,0,0,0,-1000,0,0,0,2000,3000,-1000,-1000
055526,台積電群益97購02,0,0,0,0,0,0,0,0,0,-1000,0,0,0,29000,30000,-1000,-1000
055918,和鑫凱基97購01  ,0,0,0,0,0,0,0,0,0,-1000,0,0,0,0,1000,-1000,-1000
055684,京鼎凱基97購01  ,0,0,0,0,0,0,0,0,0,-1000,0,0,0,40000,41000,-1000,-1000
055780,禾伸堂凱基99購01,0,0,0,0,0,0,0,0,0,-1000,0,0,0,0,1000,-1000,-1000
055772,致茂凱基97購01  ,0,0,0,0,0,0,0,0,0,-1000,0,0,0,0,1000,-1000,-1000
055746,同欣電元富97購01,0,0,0,0,0,0,0,0,0,-1000,0,0,0,0,1000,-1000,-1000
055726,台表科元大98購03,0,0,0,0,0,0,0,0,0,-1000,0,0,0,0,1000,-1000,-1000
055715,智邦元大97購04  ,0,0,0,0,0,0,0,0,0,-1000,0,0,0,8000,9000,-1000,-1000
054190,矽創永豐96購01  ,0,0,0,0,0,0,0,0,0,-1000,0,0,0,0,1000,-1000,-1000
054185,喬山永豐96購02  ,0,0,0,0,0,0,0,0,0,-1000,0,0,0,0,1000,-1000,-1000
054196,台光電國泰97購02,0,0,0,0,0,0,0,0,0,-1000,0,0,0,10000,11000,-1000,-1000
054351,華新科國泰97購03,0,0,0,0,0,0,0,0,0,-1000,0,0,0,0,1000,-1000,-1000
054331,世芯永豐96購03  ,0,0,0,0,0,0,0,0,0,-1000,0,0,0,4000,5000,-1000,-1000
054384,瀚宇博群益96購02,0,0,0,0,0,0,0,0,0,-1000,0,0,0,10000,11000,-1000,-1000
054380,世芯群益97購02  ,0,0,0,0,0,0,0,0,0,-1000,0,0,0,0,1000,-1000,-1000
05456P,鴻海凱基95售19  ,0,0,0,0,0,0,0,0,0,-1000,0,0,0,70000,71000,-1000,-1000
054515,華通元大98購02  ,0,0,0,0,0,0,0,0,0,-1000,0,0,0,17000,18000,-1000,-1000
053515,致伸群益96購02  ,0,0,0,0,0,0,0,0,0,-1000,0,0,0,0,1000,-1000,-1000
053757,聯發科國泰96購04,0,0,0,0,0,0,0,0,0,-1000,0,0,0,98000,99000,-1000,-1000
053871,臻鼎元大96購03  ,0,0,0,0,0,0,0,0,0,-1000,0,0,0,0,1000,-1000,-1000
04463P,可成元富94售03  ,0,0,0,0,0,0,0,0,0,-1000,0,0,0,0,1000,-1000,-1000
046512,和鑫元大92購01  ,0,0,0,0,0,0,0,0,0,-1000,0,0,0,0,1000,-1000,-1000
046425,臻鼎元大92購12  ,0,0,0,0,0,0,0,0,0,-1000,0,0,0,0,1000,-1000,-1000
046545,大成鋼永豐92購01,0,0,0,0,0,0,0,0,0,-1000,0,0,0,0,1000,-1000,-1000
046591,康舒元大92購01  ,0,0,0,0,0,0,0,0,0,-1000,0,0,0,0,1000,-1000,-1000
046328,臻鼎元大92購09  ,0,0,0,0,0,0,0,0,0,-1000,0,0,0,0,1000,-1000,-1000
046330,祥碩元大92購02  ,0,0,0,0,0,0,0,0,0,-1000,0,0,0,0,1000,-1000,-1000
044407,聯茂凱基93購01  ,0,0,0,0,0,0,0,0,0,-1000,0,0,0,0,1000,-1000,-1000
046222,上銀元大92購08  ,0,0,0,0,0,0,0,0,0,-1000,0,0,0,0,1000,-1000,-1000
049250,華通元大95購04  ,0,0,0,0,0,0,0,0,0,-1000,0,0,0,23000,24000,-1000,-1000
049273,臺股指元大94購08,0,0,0,0,0,0,0,0,0,-1000,0,0,0,5000,6000,-1000,-1000
048973,禾伸堂元大94購01,0,0,0,0,0,0,0,0,0,-1000,0,0,0,0,1000,-1000,-1000
048981,牧德元大94購01  ,0,0,0,0,0,0,0,0,0,-1000,0,0,0,31000,32000,-1000,-1000
048978,晶相光元大94購02,0,0,0,0,0,0,0,0,0,-1000,0,0,0,10000,11000,-1000,-1000
049385,茂林元大94購03  ,0,0,0,0,0,0,0,0,0,-1000,0,0,0,2000,3000,-1000,-1000
049377,聯詠元大94購01  ,0,0,0,0,0,0,0,0,0,-1000,0,0,0,0,1000,-1000,-1000
049379,智原元大95購01  ,0,0,0,0,0,0,0,0,0,-1000,0,0,0,3000,4000,-1000,-1000
04913P,聯詠元富94售02  ,0,0,0,0,0,0,0,0,0,-1000,0,0,0,0,1000,-1000,-1000
049086,晶相光凱基94購01,0,0,0,0,0,0,0,0,0,-1000,0,0,0,0,1000,-1000,-1000
045228,泰鼎元大93購01  ,0,0,0,0,0,0,0,0,0,-1000,0,0,0,0,1000,-1000,-1000
045089,中磊元大94購01  ,0,0,0,0,0,0,0,0,0,-1000,0,0,0,0,1000,-1000,-1000
043591,智邦元大92購02  ,0,0,0,0,0,0,0,0,0,-1000,0,0,0,0,1000,-1000,-1000
043489,大立光兆豐92購03,0,0,0,0,0,0,0,0,0,-1000,0,0,0,50000,51000,-1000,-1000
043453,上銀元大92購01  ,0,0,0,0,0,0,0,0,0,-1000,0,0,0,0,1000,-1000,-1000
04139P,大立光國票93售03,0,0,0,0,0,0,0,0,0,-1000,0,0,0,0,1000,-1000,-1000
041546,群創統一93購01  ,0,0,0,0,0,0,0,0,0,-1000,0,0,0,15000,16000,-1000,-1000
045688,祥碩元大92購01  ,0,0,0,0,0,0,0,0,0,-1000,0,0,0,0,1000,-1000,-1000
042433,元油2X永豐96購01,0,0,0,0,0,0,0,0,0,-1000,0,0,0,0,1000,-1000,-1000
042315,T50反1台新96購01,0,0,0,0,0,0,0,0,0,-1000,0,0,0,0,1000,-1000,-1000
046830,大立光群益93購07,0,0,0,0,0,0,0,0,0,-1000,0,0,0,0,1000,-1000,-1000
046755,瑞昱凱基93購05  ,0,0,0,0,0,0,0,0,0,-1000,0,0,0,0,1000,-1000,-1000
046802,聯電元大93購01  ,0,0,0,0,0,0,0,0,0,-1000,0,0,0,0,1000,-1000,-1000
046934,智邦元富96購01  ,0,0,0,0,0,0,0,0,0,-1000,0,0,0,0,1000,-1000,-1000
04692P,大立光群益94售06,0,0,0,0,0,0,0,0,0,-1000,0,0,0,0,1000,-1000,-1000
03411P,欣興元大02售08  ,0,0,0,0,0,0,0,0,0,-1000,0,0,0,0,1000,-1000,-1000
03419B,臺股指元富99熊03,0,0,0,0,0,0,0,0,0,-1000,0,0,0,1000,2000,-1000,-1000
043896,台積電群益92購06,0,0,0,0,0,0,0,0,0,-1000,0,0,0,0,1000,-1000,-1000
03929P,元油2X永豐93售04,0,0,0,0,0,0,0,0,0,-1000,0,0,0,609000,610000,-1000,-1000
03022X,富展01          ,0,0,0,0,0,0,0,0,0,-1000,0,0,0,0,1000,-1000,-1000
03025X,元展22          ,0,0,0,0,0,0,0,0,0,-1000,0,0,0,0,1000,-1000,-1000
03046X,元展43          ,0,0,0,0,0,0,0,0,0,-1000,0,0,0,0,1000,-1000,-1000
00691R,兆豐藍籌30反1   ,0,0,0,0,0,0,0,0,0,-1000,0,0,0,41000,42000,-1000,-1000
0051,元大中型100     ,2000,1000,1000,0,0,0,0,0,0,-2000,0,0,0,13000,15000,-2000,-1000
047630,元油反元大96購02,0,0,0,0,0,0,0,0,0,-1000,0,0,0,0,1000,-1000,-1000
047455,儒鴻群益93購03  ,0,0,0,0,0,0,0,0,0,-1000,0,0,0,0,1000,-1000,-1000
047015,上銀元大93購03  ,0,0,0,0,0,0,0,0,0,-1000,0,0,0,0,1000,-1000,-1000
04798P,牧德元大95售02  ,0,0,0,0,0,0,0,0,0,-1000,0,0,0,0,1000,-1000,-1000
047352,和鑫凱基94購02  ,0,0,0,0,0,0,0,0,0,-1000,0,0,0,0,1000,-1000,-1000
049493,可成元大94購05  ,0,0,0,0,0,0,0,0,0,-1000,0,0,0,100000,101000,-1000,-1000
049497,茂林元大94購04  ,0,0,0,0,0,0,0,0,0,-1000,0,0,0,0,1000,-1000,-1000
049498,茂林元大95購01  ,0,0,0,0,0,0,0,0,0,-1000,0,0,0,22000,23000,-1000,-1000
047845,美利達元大93購02,0,0,0,0,0,0,0,0,0,-1000,0,0,0,0,1000,-1000,-1000
049769,和鑫元富96購01  ,0,0,0,0,0,0,0,0,0,-1000,0,0,0,0,1000,-1000,-1000
049734,瑞昱群益94購02  ,0,0,0,0,0,0,0,0,0,-1000,0,0,0,0,1000,-1000,-1000
049574,新日興統一94購03,0,0,0,0,0,0,0,0,0,-1000,0,0,0,0,1000,-1000,-1000
04772P,欣興元大94售08  ,0,0,0,0,0,0,0,0,0,-1000,0,0,0,2000,3000,-1000,-1000
047746,宏碁元富93購01  ,0,0,0,0,0,0,0,0,0,-1000,0,0,0,0,1000,-1000,-1000
049200,元黃金群益98購01,0,0,0,0,0,0,0,0,0,-1000,0,0,0,0,1000,-1000,-1000
049210,昇陽半群益94購02,0,0,0,0,0,0,0,0,0,-1000,0,0,0,0,1000,-1000,-1000
050511,元油2X元大94購11,0,0,0,0,0,0,0,0,0,-1000,0,0,0,3000,4000,-1000,-1000
050514,聯電元大94購01  ,0,0,0,0,0,0,0,0,0,-1000,0,0,0,0,1000,-1000,-1000
050515,聯電元大96購01  ,0,0,0,0,0,0,0,0,0,-1000,0,0,0,0,1000,-1000,-1000
050462,寶成元大94購01  ,0,0,0,0,0,0,0,0,0,-1000,0,0,0,52000,53000,-1000,-1000
050386,智伸科國票94購01,0,0,0,0,0,0,0,0,0,-1000,0,0,0,1000,2000,-1000,-1000
050419,鴻海凱基95購02  ,0,0,0,0,0,0,0,0,0,-1000,0,0,0,22000,23000,-1000,-1000
050375,矽創元大94購02  ,0,0,0,0,0,0,0,0,0,-1000,0,0,0,1000,2000,-1000,-1000
04721P,正崴凱基94售02  ,0,0,0,0,0,0,0,0,0,-1000,0,0,0,0,1000,-1000,-1000
048209,臺股指元大93購43,0,0,0,0,0,0,0,0,0,-1000,0,0,0,0,1000,-1000,-1000
047251,麗豐群益93購01  ,0,0,0,0,0,0,0,0,0,-1000,0,0,0,0,1000,-1000,-1000
047249,欣興群益93購03  ,0,0,0,0,0,0,0,0,0,-1000,0,0,0,100000,101000,-1000,-1000
048574,台積電國泰95購02,0,0,0,0,0,0,0,0,0,-1000,0,0,0,0,1000,-1000,-1000
048469,微星永豐93購03  ,0,0,0,0,0,0,0,0,0,-1000,0,0,0,5000,6000,-1000,-1000
047031,麗豐元大93購01  ,0,0,0,0,0,0,0,0,0,-1000,0,0,0,0,1000,-1000,-1000
049480,同欣電永豐94購01,0,0,0,0,0,0,0,0,0,-1000,0,0,0,0,1000,-1000,-1000
048332,台積電富邦94購02,0,0,0,0,0,0,0,0,0,-1000,0,0,0,0,1000,-1000,-1000
048080,元石油凱基96購01,0,0,0,0,0,0,0,0,0,-1000,0,0,0,0,1000,-1000,-1000
048134,祥碩國票93購02  ,0,0,0,0,0,0,0,0,0,-1000,0,0,0,0,1000,-1000,-1000
048108,鴻海群益93購07  ,0,0,0,0,0,0,0,0,0,-1000,0,0,0,0,1000,-1000,-1000
051433,中磊元富95購01  ,0,0,0,0,0,0,0,0,0,-1000,0,0,0,4000,5000,-1000,-1000
051457,寶成元大95購01  ,0,0,0,0,0,0,0,0,0,-1000,0,0,0,0,1000,-1000,-1000
051469,友達日盛9B購01  ,0,0,0,0,0,0,0,0,0,-1000,0,0,0,0,1000,-1000,-1000
051609,貿聯群益95購03  ,0,0,0,0,0,0,0,0,0,-1000,0,0,0,20000,21000,-1000,-1000
051587,大立光元大95購08,0,0,0,0,0,0,0,0,0,-1000,0,0,0,0,1000,-1000,-1000
051671,和鑫元大96購02  ,0,0,0,0,0,0,0,0,0,-1000,0,0,0,0,1000,-1000,-1000
051891,智邦元富95購04  ,0,0,0,0,0,0,0,0,0,-1000,0,0,0,0,1000,-1000,-1000
052001,寶成元大95購02  ,0,0,0,0,0,0,0,0,0,-1000,0,0,0,0,1000,-1000,-1000
051765,健鼎元大95購03  ,0,0,0,0,0,0,0,0,0,-1000,0,0,0,0,1000,-1000,-1000
05180P,玉晶光凱基95售04,0,0,0,0,0,0,0,0,0,-1000,0,0,0,44000,45000,-1000,-1000
050887,台積電富邦95購05,0,0,0,0,0,0,0,0,0,-1000,0,0,0,6000,7000,-1000,-1000
050892,聯電元大96購02  ,0,0,0,0,0,0,0,0,0,-1000,0,0,0,0,1000,-1000,-1000
050972,台虹永豐95購01  ,0,0,0,0,0,0,0,0,0,-1000,0,0,0,0,1000,-1000,-1000
05093P,可成元大95售03  ,0,0,0,0,0,0,0,0,0,-1000,0,0,0,100000,101000,-1000,-1000
050550,大立光凱基95購04,0,0,0,0,0,0,0,0,0,-1000,0,0,0,0,1000,-1000,-1000
050674,瑞昱富邦94購02  ,0,0,0,0,0,0,0,0,0,-1000,0,0,0,10000,11000,-1000,-1000
050713,矽格麥證94購01  ,0,0,0,0,1000,-1000,0,0,0,-1000,0,0,0,0,1000,-1000,-1000
050707,寶成凱基94購02  ,0,0,0,0,0,0,0,0,0,-1000,0,0,0,10000,11000,-1000,-1000
051256,中磊元大95購01  ,0,0,0,0,0,0,0,0,0,-1000,0,0,0,0,1000,-1000,-1000
051197,光寶科麥證95購01,0,0,0,0,1000,-1000,0,0,0,-1000,0,0,0,0,1000,-1000,-1000
051206,大立光麥證95購02,0,0,0,10000,10000,0,0,0,0,-1000,0,0,0,10000,11000,-1000,-1000
051342,光寶科元大95購01,0,0,0,0,0,0,0,0,0,-1000,0,0,0,44000,45000,-1000,-1000
051127,同欣電群益95購01,0,0,0,0,0,0,0,0,0,-1000,0,0,0,96000,97000,-1000,-1000
051123,和鑫群益95購01  ,0,0,0,0,0,0,0,0,0,-1000,0,0,0,0,1000,-1000,-1000
051178,大立光凱基95購10,0,0,0,0,0,0,0,0,0,-1000,0,0,0,24000,25000,-1000,-1000
051041,大立光永豐95購01,0,0,0,0,0,0,0,0,0,-1000,0,0,0,0,1000,-1000,-1000
051074,矽力國票96購01  ,0,0,0,0,0,0,0,0,0,-1000,0,0,0,0,1000,-1000,-1000
051061,中磊群益95購01  ,0,0,0,0,0,0,0,0,0,-1000,0,0,0,0,1000,-1000,-1000
052426,國巨台新96購01  ,0,0,0,0,0,0,0,0,0,-1000,0,0,0,4000,5000,-1000,-1000
052738,聯電元大98購02  ,0,0,0,0,0,0,0,0,0,-1000,0,0,0,40000,41000,-1000,-1000
052682,上銀元大97購01  ,0,0,0,0,0,0,0,0,0,-1000,0,0,0,0,1000,-1000,-1000
052626,上証2X中信9A購01,0,0,0,0,0,0,0,0,0,-1000,0,0,0,100000,101000,-1000,-1000
052191,超眾群益96購01  ,0,0,0,0,0,0,0,0,0,-1000,0,0,0,9000,10000,-1000,-1000
052085,聯電元大95購01  ,0,0,0,0,0,0,0,0,0,-1000,0,0,0,0,1000,-1000,-1000
052068,瑞儀兆豐96購01  ,0,0,0,0,0,0,0,0,0,-1000,0,0,0,0,1000,-1000,-1000
05209P,鴻海凱基96售09  ,0,0,0,0,0,0,0,0,0,-1000,0,0,0,0,1000,-1000,-1000
052313,聯電元大98購01  ,0,0,0,0,0,0,0,0,0,-1000,0,0,0,0,1000,-1000,-1000
053158,茂林元大96購01  ,0,0,0,0,0,0,0,0,0,-1000,0,0,0,0,1000,-1000,-1000
053082,聯電元大98購03  ,0,0,0,0,0,0,0,0,0,-1000,0,0,0,0,1000,-1000,-1000
053337,聯電國票97購01  ,0,0,0,0,0,0,0,0,0,-1000,0,0,0,23000,24000,-1000,-1000
053000,臺股指康和96購02,0,0,0,0,0,0,0,0,0,-1000,0,0,0,5000,6000,-1000,-1000
05297P,臻鼎凱基95售04  ,0,0,0,0,0,0,0,0,0,-1000,0,0,0,0,1000,-1000,-1000
052901,台達電國票97購01,0,0,0,0,0,0,0,0,0,-1000,0,0,0,0,1000,-1000,-1000
052793,健鼎兆豐96購01  ,0,0,0,0,0,0,0,0,0,-1000,0,0,0,5000,6000,-1000,-1000
2904,匯僑            ,0,1000,-1000,0,0,0,0,0,0,0,0,0,0,0,0,0,-1000
2739,寒舍            ,0,0,0,0,0,0,0,0,0,-1000,0,1000,-1000,0,0,0,-1000
2936,客思達-KY       ,0,1000,-1000,0,0,0,0,0,0,0,0,0,0,0,0,0,-1000
3054,立萬利          ,1000,2000,-1000,0,0,0,0,0,0,0,0,0,0,0,0,0,-1000
2491,吉祥全          ,0,0,0,0,0,0,0,0,0,-1000,0,1000,-1000,0,0,0,-1000
2543,皇昌            ,6000,7000,-1000,0,0,0,0,0,0,0,0,0,0,0,0,0,-1000
2431,聯昌            ,19000,24000,-5000,0,0,0,0,0,0,4000,6000,2000,4000,0,0,0,-1000
6671,三能-KY         ,2000,3000,-1000,0,0,0,0,0,0,0,0,0,0,0,0,0,-1000
6625,必應            ,0,1000,-1000,0,0,0,0,0,0,0,0,0,0,0,0,0,-1000
8103,瀚荃            ,12000,11000,1000,0,0,0,0,0,0,-2000,0,2000,-2000,0,0,0,-1000
6405,悅城            ,0,1000,-1000,0,0,0,0,0,0,0,0,0,0,0,0,0,-1000
6205,詮欣            ,0,1000,-1000,0,0,0,0,0,0,0,0,0,0,0,0,0,-1000
5906,台南-KY         ,0,1000,-1000,0,0,0,0,0,0,0,0,0,0,0,0,0,-1000
3308,聯德            ,0,0,0,0,0,0,0,0,0,-1000,0,1000,-1000,0,0,0,-1000
3432,台端            ,1000,2000,-1000,0,0,0,0,0,0,0,0,0,0,0,0,0,-1000
4930,燦星網          ,1000,1000,0,0,0,0,0,0,0,-1000,0,1000,-1000,0,0,0,-1000
4545,銘鈺            ,3000,4000,-1000,0,0,0,0,0,0,0,0,0,0,0,0,0,-1000
4722,國精化          ,10000,11000,-1000,0,0,0,0,0,0,0,0,0,0,0,0,0,-1000
9188,精熙-DR         ,0,1000,-1000,0,0,0,0,0,0,0,0,0,0,0,0,0,-1000
056190,昇陽半統一97購01,0,0,0,0,0,0,0,0,0,-1000,0,0,0,0,1000,-1000,-1000
056159,牧德凱基99購01  ,0,0,0,0,0,0,0,0,0,-1000,0,0,0,0,1000,-1000,-1000
056285,可成永豐97購02  ,0,0,0,0,0,0,0,0,0,-1000,0,0,0,0,1000,-1000,-1000
05668P,滬深2X永豐96售04,0,0,0,0,0,0,0,0,0,-1000,0,0,0,0,1000,-1000,-1000
05597P,鴻海元富96售06  ,0,0,0,0,0,0,0,0,0,-1000,0,0,0,0,1000,-1000,-1000
05797P,臺股指群益96售11,0,0,0,0,0,0,0,0,0,-1000,0,0,0,0,1000,-1000,-1000
05863P,滬深2X元大96售09,0,0,0,0,0,0,0,0,0,-1000,0,0,0,0,1000,-1000,-1000
05692P,聯發科中信9A售02,0,0,0,0,0,0,0,0,0,-1000,0,0,0,10000,11000,-1000,-1000
05695P,台積電凱基96售10,0,0,0,0,0,0,0,0,0,-1000,0,0,0,0,1000,-1000,-1000
06003P,亞光康和96售02  ,0,0,0,0,0,0,0,0,0,-1000,0,0,0,0,1000,-1000,-1000
05963P,貿聯國票97售02  ,0,0,0,0,0,0,0,0,0,-1000,0,0,0,16000,17000,-1000,-1000
05931P,鴻海凱基96售15  ,0,0,0,0,0,0,0,0,0,-1000,0,0,0,2000,3000,-1000,-1000
05919P,京鼎元大96售03  ,0,0,0,0,0,0,0,0,0,-1000,0,0,0,112000,113000,-1000,-1000
1525,江申            ,0,0,0,0,0,0,0,0,0,-1000,0,1000,-1000,0,0,0,-1000
1506,正道            ,0,0,0,0,0,0,0,0,0,-1000,0,1000,-1000,0,0,0,-1000
1568,倉佑            ,4000,4000,0,0,0,0,0,0,0,-1000,0,1000,-1000,0,0,0,-1000
1468,昶和            ,0,1000,-1000,0,0,0,0,0,0,0,0,0,0,0,0,0,-1000
1466,聚隆            ,0,1000,-1000,0,0,0,0,0,0,0,0,0,0,0,0,0,-1000
1438,裕豐            ,0,1000,-1000,0,0,0,0,0,0,0,0,0,0,0,0,0,-1000
1603,華電            ,8000,8000,0,0,0,0,0,0,0,-1000,0,1000,-1000,0,0,0,-1000
1616,億泰            ,0,0,0,0,0,0,0,0,0,-1000,0,1000,-1000,0,0,0,-1000
2012,春雨            ,0,4000,-4000,0,0,0,0,0,0,3000,3000,0,3000,0,0,0,-1000
2302,麗正            ,3000,3000,0,0,0,0,0,0,0,-1000,0,1000,-1000,0,0,0,-1000
2024,志聯            ,0,1000,-1000,0,0,0,0,0,0,0,0,0,0,0,0,0,-1000
2028,威致            ,0,4000,-4000,0,0,0,0,0,0,3000,3000,0,3000,0,0,0,-1000
2115,六暉-KY         ,0,1000,-1000,0,0,0,0,0,0,0,0,0,0,0,0,0,-1000
06269P,群創凱基98售10  ,0,0,0,0,0,0,0,0,0,-1000,0,0,0,0,1000,-1000,-1000
06056P,台積電凱基98售02,0,0,0,0,0,0,0,0,0,-1000,0,0,0,0,1000,-1000,-1000
06126P,凌陽元富97售02  ,0,0,0,0,0,0,0,0,0,-1000,0,0,0,0,1000,-1000,-1000
06120P,大立光凱基98售05,0,0,0,0,0,0,0,0,0,-1000,0,0,0,0,1000,-1000,-1000
2616,山隆            ,1001,3000,-1999,0,0,0,0,0,0,0,0,0,0,0,0,0,-1999
053872,臻鼎元大96購04  ,0,0,0,0,0,0,0,0,0,-2000,0,0,0,0,2000,-2000,-2000
053500,新日興兆豐97購01,0,0,0,0,0,0,0,0,0,-2000,0,0,0,0,2000,-2000,-2000
053618,新唐群益96購01  ,0,0,0,0,0,0,0,0,0,-2000,0,0,0,0,2000,-2000,-2000
053578,華新元大98購01  ,0,0,0,0,0,0,0,0,0,-2000,0,0,0,0,2000,-2000,-2000
053550,聯發科凱基96購15,0,0,0,0,0,0,0,0,0,-2000,0,0,0,0,2000,-2000,-2000
054543,元金2X中信01購01,0,0,0,0,0,0,0,0,0,-2000,0,0,0,0,2000,-2000,-2000
054363,世芯凱基97購01  ,0,0,0,0,0,0,0,0,0,-2000,0,0,0,1000,3000,-2000,-2000
054187,亞光永豐96購03  ,0,0,0,0,0,0,0,0,0,-2000,0,0,0,0,2000,-2000,-2000
054218,S&P反1統一98購02,0,0,0,0,0,0,0,0,0,-2000,0,0,0,0,2000,-2000,-2000
054267,上銀第一96購01  ,0,0,0,0,0,0,0,0,0,-2000,0,0,0,0,2000,-2000,-2000
054251,聯發科元大96購21,0,0,0,0,0,0,0,0,0,-2000,0,0,0,0,2000,-2000,-2000
05425P,華邦電亞東96售02,0,0,0,0,0,0,0,0,0,-2000,0,0,0,88000,90000,-2000,-2000
054249,技嘉元大96購03  ,0,0,0,0,0,0,0,0,0,-2000,0,0,0,0,2000,-2000,-2000
054301,楠梓電凱基98購01,0,0,0,0,0,0,0,0,0,-2000,0,0,0,0,2000,-2000,-2000
054169,上緯控凱基98購01,0,0,0,0,0,0,0,0,0,-2000,0,0,0,0,2000,-2000,-2000
054148,矽創元大96購03  ,0,0,0,0,0,0,0,0,0,-2000,0,0,0,11000,13000,-2000,-2000
054129,技嘉元大96購02  ,0,0,0,0,0,0,0,0,0,-2000,0,0,0,3000,5000,-2000,-2000
055697,牧德國票98購01  ,0,0,0,0,0,0,0,0,0,-2000,0,0,0,27000,29000,-2000,-2000
055837,致茂元大97購02  ,0,0,0,0,0,0,0,0,0,-2000,0,0,0,0,2000,-2000,-2000
055799,致茂永豐97購02  ,0,0,0,0,0,0,0,0,0,-2000,0,0,0,8000,10000,-2000,-2000
055472,大立光凱基97購07,0,0,0,0,0,0,0,0,0,-2000,0,0,0,0,2000,-2000,-2000
055298,啟碁元大97購02  ,0,0,0,0,0,0,0,0,0,-2000,0,0,0,1000,3000,-2000,-2000
054931,緯穎凱基98購01  ,0,0,0,0,0,0,0,0,0,-2000,0,0,0,0,2000,-2000,-2000
054912,群光凱基97購01  ,0,0,0,0,0,0,0,0,0,-2000,0,0,0,10000,12000,-2000,-2000
054905,國揚康和97購01  ,0,0,0,0,0,0,0,0,0,-2000,0,0,0,11000,13000,-2000,-2000
054829,亞光國泰99購01  ,0,0,0,0,0,0,0,0,0,-2000,0,0,0,56000,58000,-2000,-2000
054687,建準永豐97購02  ,0,0,0,0,0,0,0,0,0,-2000,0,0,0,0,2000,-2000,-2000
054777,昇陽半國票98購01,0,0,0,0,0,0,0,0,0,-2000,0,0,0,0,2000,-2000,-2000
055193,世芯元富97購02  ,0,0,0,0,0,0,0,0,0,-2000,0,0,0,16000,18000,-2000,-2000
00648R,元大S&P500反1   ,0,0,0,0,0,0,0,0,0,-2000,0,0,0,655000,657000,-2000,-2000
00702,國泰標普低波高息,0,0,0,0,0,0,0,0,0,-2000,0,0,0,1000,3000,-2000,-2000
00685L,群益臺灣加權正2 ,4000,0,4000,0,0,0,0,0,0,-6000,0,0,0,3000,9000,-6000,-2000
03039P,玉晶光國票02售04,0,0,0,0,0,0,0,0,0,-2000,0,0,0,8000,10000,-2000,-2000
03071X,元展66          ,0,0,0,0,0,0,0,0,0,-2000,0,0,0,0,2000,-2000,-2000
036630,玉山金台新99購01,0,0,0,0,0,0,0,0,0,-2000,0,0,0,0,2000,-2000,-2000
03420P,牧德群益02售04  ,0,0,0,0,0,0,0,0,0,-2000,0,0,0,0,2000,-2000,-2000
03636C,元油2X元富04牛01,0,0,0,0,0,0,0,0,0,-2000,0,0,0,5000,7000,-2000,-2000
03437P,道瓊銀凱基05售03,0,0,0,0,0,0,0,0,0,-2000,0,0,0,0,2000,-2000,-2000
03579P,玉晶光台新02售02,0,0,0,0,0,0,0,0,0,-2000,0,0,0,0,2000,-2000,-2000
03602C,臺股指元大93牛01,0,0,0,0,0,0,0,0,0,-2000,0,0,0,18000,20000,-2000,-2000
04634P,臺股指群益94售09,0,0,0,0,0,0,0,0,0,-2000,0,0,0,0,2000,-2000,-2000
042787,新日興兆豐93購01,0,0,0,0,0,0,0,0,0,-2000,0,0,0,10000,12000,-2000,-2000
044972,元金2X國票96購01,0,0,0,0,0,0,0,0,0,-2000,0,0,0,0,2000,-2000,-2000
045377,華邦電元大93購01,0,0,0,0,0,0,0,0,0,-2000,0,0,0,0,2000,-2000,-2000
04907P,超眾國票95售01  ,0,0,0,0,0,0,0,0,0,-2000,0,0,0,0,2000,-2000,-2000
049118,元油2X元富94購03,0,0,0,0,0,0,0,0,0,-2000,0,0,0,0,2000,-2000,-2000
049120,元油2X元富94購05,0,0,0,0,0,0,0,0,0,-2000,0,0,0,0,2000,-2000,-2000
049124,可成元富94購02  ,0,0,0,0,0,0,0,0,0,-2000,0,0,0,0,2000,-2000,-2000
049274,臺股指元大94購09,0,0,0,0,0,0,0,0,0,-2000,0,0,0,0,2000,-2000,-2000
049368,奇力新元大94購02,0,0,0,0,0,0,0,0,0,-2000,0,0,0,0,2000,-2000,-2000
046961,大立光中信95購02,0,0,0,0,0,0,0,0,0,-2000,0,0,0,11000,13000,-2000,-2000
046557,亞泥凱基93購02  ,0,0,0,0,0,0,0,0,0,-2000,0,0,0,130000,132000,-2000,-2000
046426,臻鼎元大92購13  ,0,0,0,0,0,0,0,0,0,-2000,0,0,0,0,2000,-2000,-2000
046068,國泰金凱基92購02,0,0,0,0,0,0,0,0,0,-2000,0,0,0,28000,30000,-2000,-2000
047119,臻鼎元大93購01  ,0,0,0,0,0,0,0,0,0,-2000,0,0,0,0,2000,-2000,-2000
049989,臻鼎凱基94購02  ,0,0,0,0,0,0,0,0,0,-2000,0,0,0,0,2000,-2000,-2000
049999,義隆永豐94購01  ,0,0,0,0,0,0,0,0,0,-2000,0,0,0,0,2000,-2000,-2000
049463,華新科富邦97購01,0,0,0,0,0,0,0,0,0,-2000,0,0,0,55000,57000,-2000,-2000
048570,鈺齊元大93購01  ,0,0,0,0,0,0,0,0,0,-2000,0,0,0,0,2000,-2000,-2000
047231,大立光凱基95購03,0,0,0,0,0,0,0,0,0,-2000,0,0,0,0,2000,-2000,-2000
047213,新日興富邦97購01,0,0,0,0,0,0,0,0,0,-2000,0,0,0,73000,75000,-2000,-2000
047187,亞光元大94購01  ,0,0,0,0,0,0,0,0,0,-2000,0,0,0,14000,16000,-2000,-2000
050348,鴻海群益94購06  ,0,0,0,0,0,0,0,0,0,-2000,0,0,0,0,2000,-2000,-2000
050222,瑞儀元富94購01  ,0,0,0,0,0,0,0,0,0,-2000,0,0,0,0,2000,-2000,-2000
050227,大立光中信96購01,0,0,0,0,0,0,0,0,0,-2000,0,0,0,0,2000,-2000,-2000
050508,上証2X元大97購01,0,0,0,0,0,0,0,0,0,-2000,0,0,0,0,2000,-2000,-2000
049222,和碩國票94購01  ,0,0,0,0,0,0,0,0,0,-2000,0,0,0,0,2000,-2000,-2000
048706,緯穎國票94購01  ,0,0,0,0,0,0,0,0,0,-2000,0,0,0,0,2000,-2000,-2000
048711,台郡台新94購01  ,0,0,0,0,0,0,0,0,0,-2000,0,0,0,10000,12000,-2000,-2000
049560,香港反統一95購01,0,0,0,0,0,0,0,0,0,-2000,0,0,0,0,2000,-2000,-2000
049656,臺股指凱基94購17,0,0,0,0,0,0,0,0,0,-2000,0,0,0,0,2000,-2000,-2000
049668,大立光國泰96購02,0,0,0,0,0,0,0,0,0,-2000,0,0,0,69000,71000,-2000,-2000
049780,智易統一94購02  ,0,0,0,0,0,0,0,0,0,-2000,0,0,0,124000,126000,-2000,-2000
048782,亞泥元大94購01  ,0,0,0,0,0,0,0,0,0,-2000,0,0,0,21000,23000,-2000,-2000
048031,全新凱基93購02  ,0,0,0,0,0,0,0,0,0,-2000,0,0,0,10000,12000,-2000,-2000
049900,台積電元富94購06,0,0,0,0,0,0,0,0,0,-2000,0,0,0,277000,279000,-2000,-2000
052821,晶技永豐96購01  ,0,0,0,0,0,0,0,0,0,-2000,0,0,0,0,2000,-2000,-2000
052990,超眾元大97購01  ,0,0,0,0,0,0,0,0,0,-2000,0,0,0,6000,8000,-2000,-2000
053013,台積電統一97購01,0,0,0,0,0,0,0,0,0,-2000,0,0,0,43000,45000,-2000,-2000
053041,可成凱基96購02  ,0,0,0,0,0,0,0,0,0,-2000,0,0,0,0,2000,-2000,-2000
053250,百和國票97購02  ,0,0,0,0,0,0,0,0,0,-2000,0,0,0,7000,9000,-2000,-2000
053134,南亞科國票97購01,0,0,0,0,0,0,0,0,0,-2000,0,0,0,0,2000,-2000,-2000
052325,高股息中信99購01,0,0,0,0,0,0,0,0,0,-2000,0,0,0,6000,8000,-2000,-2000
052383,臺股指元大95購29,0,0,0,0,0,0,0,0,0,-2000,0,0,0,2000,4000,-2000,-2000
052062,臺股指國票95購09,0,0,0,0,0,0,0,0,0,-2000,0,0,0,25000,27000,-2000,-2000
052159,瑞昱永豐95購01  ,0,0,0,0,0,0,0,0,0,-2000,0,0,0,36000,38000,-2000,-2000
052642,滬深2X永豐96購03,0,0,0,0,0,0,0,0,0,-2000,0,0,0,3000,5000,-2000,-2000
052676,聯發科永昌98購01,0,0,0,0,0,0,0,0,0,-2000,0,0,0,486000,488000,-2000,-2000
052497,楠梓電永豐96購01,0,0,0,0,0,0,0,0,0,-2000,0,0,0,0,2000,-2000,-2000
052553,技嘉國票96購01  ,0,0,0,0,0,0,0,0,0,-2000,0,0,0,3000,5000,-2000,-2000
051137,聯詠永豐95購01  ,0,0,0,0,0,0,0,0,0,-2000,0,0,0,18000,20000,-2000,-2000
050672,上証2X富邦97購01,0,0,0,0,0,0,0,0,0,-2000,0,0,0,0,2000,-2000,-2000
05098P,鴻海凱基95售15  ,0,0,0,0,0,0,0,0,0,-2000,0,0,0,463000,465000,-2000,-2000
050855,華通台新95購01  ,0,0,0,0,0,0,0,0,0,-2000,0,0,0,94000,96000,-2000,-2000
051747,貿聯國泰96購01  ,0,0,0,0,0,0,0,0,0,-2000,0,0,0,10000,12000,-2000,-2000
051970,元黃金凱基98購01,0,0,0,0,0,0,0,0,0,-2000,0,0,0,20000,22000,-2000,-2000
051589,健鼎元大95購02  ,0,0,0,0,0,0,0,0,0,-2000,0,0,0,0,2000,-2000,-2000
051523,牧德凱基95購02  ,0,0,0,0,0,0,0,0,0,-2000,0,0,0,8000,10000,-2000,-2000
051528,亞泥國票96購01  ,0,0,0,0,0,0,0,0,0,-2000,0,0,0,0,2000,-2000,-2000
2712,遠雄來          ,1000,3000,-2000,0,0,0,0,0,0,0,1000,1000,0,0,0,0,-2000
2911,麗嬰房          ,2000,4000,-2000,0,0,0,0,0,0,0,0,0,0,0,0,0,-2000
3057,喬鼎            ,0,2000,-2000,0,0,0,0,0,0,0,0,0,0,0,0,0,-2000
3229,晟鈦            ,2000,4000,-2000,0,0,0,0,0,0,0,0,0,0,0,0,0,-2000
3046,建碁            ,1000,3000,-2000,0,0,0,0,0,0,0,0,0,0,0,0,0,-2000
2540,愛山林          ,0,2000,-2000,0,0,0,0,0,0,0,0,0,0,0,0,0,-2000
2460,建通            ,0,0,0,0,0,0,0,0,0,-2000,0,2000,-2000,0,0,0,-2000
3356,奇偶            ,22000,20000,2000,0,0,0,0,0,0,-4000,0,4000,-4000,0,0,0,-2000
6139,亞翔            ,132000,98000,34000,0,0,0,0,0,0,-36000,2000,38000,-36000,0,0,0,-2000
6243,迅杰            ,4000,6000,-2000,0,0,0,0,0,0,0,0,0,0,0,0,0,-2000
6464,台數科          ,0,2000,-2000,0,0,0,0,0,0,0,0,0,0,0,0,0,-2000
9905,大華            ,7000,8000,-1000,0,0,0,0,0,0,-1000,0,1000,-1000,0,0,0,-2000
8467,波力-KY         ,0,0,0,0,0,0,0,0,0,-2000,0,2000,-2000,0,0,0,-2000
8427,基勝-KY         ,2000,4000,-2000,0,0,0,0,0,0,0,0,0,0,0,0,0,-2000
9931,欣高            ,0,2000,-2000,0,0,0,0,0,0,0,0,0,0,0,0,0,-2000
06115P,台積電統一97售04,0,0,0,0,0,0,0,0,0,-2000,0,0,0,50000,52000,-2000,-2000
06156P,大立光統一97售05,0,0,0,0,0,0,0,0,0,-2000,0,0,0,5000,7000,-2000,-2000
06312P,樺漢元富97售02  ,0,0,0,0,0,0,0,0,0,-2000,0,0,0,20000,22000,-2000,-2000
1474,弘裕            ,1000,2000,-1000,0,0,0,0,0,0,-1000,0,1000,-1000,0,0,0,-2000
1521,大億            ,3000,5000,-2000,0,0,0,0,0,0,0,0,0,0,0,0,0,-2000
1324,地球            ,0,2000,-2000,0,0,0,0,0,0,0,0,0,0,0,0,0,-2000
1218,泰山            ,81000,81000,0,0,0,0,0,0,0,-2000,0,2000,-2000,0,0,0,-2000
05990P,台積電群益96售13,0,0,0,0,0,0,0,0,0,-2000,0,0,0,8000,10000,-2000,-2000
05969P,台積電台新96售04,0,0,0,0,0,0,0,0,0,-2000,0,0,0,0,2000,-2000,-2000
05689P,滬深2X中信97售02,0,0,0,0,0,0,0,0,0,-2000,0,0,0,0,2000,-2000,-2000
05753P,臺股指中信99售02,0,0,0,0,0,0,0,0,0,-2000,0,0,0,0,2000,-2000,-2000
05839P,臺股指富邦96售06,0,0,0,0,0,0,0,0,0,-2000,0,0,0,0,2000,-2000,-2000
05601P,鴻海元大97售04  ,0,0,0,0,0,0,0,0,0,-2000,0,0,0,99000,101000,-2000,-2000
056290,正文永豐98購01  ,0,0,0,0,0,0,0,0,0,-2000,0,0,0,0,2000,-2000,-2000
05631P,國巨富邦9A售01  ,0,0,0,0,0,0,0,0,0,-2000,0,0,0,25000,27000,-2000,-2000
056196,聯茂富邦98購02  ,0,0,0,0,0,0,0,0,0,-2000,0,0,0,0,2000,-2000,-2000
055179,大立光統一97購04,0,0,0,0,0,0,0,0,0,-3000,0,0,0,240000,243000,-3000,-3000
054994,建準元富97購01  ,0,0,0,0,0,0,0,0,0,-3000,0,0,0,0,3000,-3000,-3000
054783,國巨群益98購04  ,0,0,0,0,0,0,0,0,0,-3000,0,0,0,10000,13000,-3000,-3000
054830,世芯國泰99購01  ,0,0,0,0,0,0,0,0,0,-3000,0,0,0,2000,5000,-3000,-3000
055370,旺宏元大97購05  ,0,0,0,0,0,0,0,0,0,-3000,0,0,0,5000,8000,-3000,-3000
055474,欣興凱基97購05  ,0,0,0,0,0,0,0,0,0,-3000,0,0,0,87000,90000,-3000,-3000
05577P,上銀凱基96售02  ,0,0,0,0,0,0,0,0,0,-3000,0,0,0,200000,203000,-3000,-3000
05580P,美律凱基96售03  ,0,0,0,0,0,0,0,0,0,-3000,0,0,0,17000,20000,-3000,-3000
055838,致茂元大97購03  ,0,0,0,0,0,0,0,0,0,-3000,0,0,0,0,3000,-3000,-3000
055760,新日興群益98購02,0,0,0,0,0,0,0,0,0,-3000,0,0,0,176000,179000,-3000,-3000
054323,旺宏台新96購02  ,0,0,0,0,0,0,0,0,0,-3000,0,0,0,47000,50000,-3000,-3000
054238,聯茂群益96購04  ,0,0,0,0,0,0,0,0,0,-3000,0,0,0,0,3000,-3000,-3000
053595,創意元大96購02  ,0,0,0,0,0,0,0,0,0,-3000,0,0,0,18000,21000,-3000,-3000
05379P,可成凱基95售11  ,0,0,0,0,0,0,0,0,0,-3000,0,0,0,10000,13000,-3000,-3000
046039,新日興元大92購02,0,0,0,0,0,0,0,0,0,-3000,0,0,0,10000,13000,-3000,-3000
045786,台勝科元大92購02,0,0,0,0,0,0,0,0,0,-3000,0,0,0,0,3000,-3000,-3000
044468,台積電群益93購01,0,0,0,0,0,0,0,0,0,-3000,0,0,0,13000,16000,-3000,-3000
046375,友達凱基98購01  ,0,0,0,0,0,0,0,0,0,-3000,0,0,0,6000,9000,-3000,-3000
046673,樺漢元大93購01  ,0,0,0,0,0,0,0,0,0,-3000,0,0,0,0,3000,-3000,-3000
046726,台新金元大93購01,0,0,0,0,0,0,0,0,0,-3000,0,0,0,0,3000,-3000,-3000
046291,友達統一94購01  ,0,0,0,0,0,0,0,0,0,-3000,0,0,0,111000,114000,-3000,-3000
04622P,臺股指統一94售01,0,0,0,0,0,0,0,0,0,-3000,0,0,0,0,3000,-3000,-3000
04915P,鴻海永昌96售02  ,0,0,0,0,0,0,0,0,0,-3000,0,0,0,665000,668000,-3000,-3000
045420,台積電凱基92購07,0,0,0,0,0,0,0,0,0,-3000,0,0,0,7000,10000,-3000,-3000
045256,致茂凱基92購01  ,0,0,0,0,0,0,0,0,0,-3000,0,0,0,0,3000,-3000,-3000
043475,聯茂元大92購01  ,0,0,0,0,0,0,0,0,0,-3000,0,0,0,0,3000,-3000,-3000
041976,可成中信92購01  ,0,0,0,0,0,0,0,0,0,-3000,0,0,0,27000,30000,-3000,-3000
046938,致茂元大93購02  ,0,0,0,0,0,0,0,0,0,-3000,0,0,0,0,3000,-3000,-3000
042069,T50正2富邦93購01,0,0,0,0,0,0,0,0,0,-3000,0,0,0,2000,5000,-3000,-3000
04195P,上海銀永豐93售01,0,0,0,0,0,0,0,0,0,-3000,0,0,0,0,3000,-3000,-3000
03064X,元展59          ,0,0,0,0,0,0,0,0,0,-3000,0,0,0,0,3000,-3000,-3000
03087P,聯發科元大01售24,0,0,0,0,0,0,0,0,0,-3000,0,0,0,20000,23000,-3000,-3000
00742,新光內需收益    ,0,1000,-1000,0,0,0,0,0,0,-2000,0,0,0,0,2000,-2000,-3000
00660,元大歐洲50      ,0,0,0,0,0,0,0,0,0,-3000,0,0,0,1000,4000,-3000,-3000
0057,富邦摩台        ,2000,0,2000,0,0,0,0,0,0,-5000,0,0,0,20000,25000,-5000,-3000
047298,聯茂元富96購01  ,0,0,0,0,0,0,0,0,0,-3000,0,0,0,10000,13000,-3000,-3000
047895,台積電群益94購04,0,0,0,0,0,0,0,0,0,-3000,0,0,0,180000,183000,-3000,-3000
047878,日股2X中信95購01,0,0,0,0,0,0,0,0,0,-3000,0,0,0,7000,10000,-3000,-3000
049614,聯茂中信94購01  ,0,0,0,0,0,0,0,0,0,-3000,0,0,0,1000,4000,-3000,-3000
04745P,祥碩元大94售04  ,0,0,0,0,0,0,0,0,0,-3000,0,0,0,0,3000,-3000,-3000
04758P,國巨凱基94售03  ,0,0,0,0,0,0,0,0,0,-3000,0,0,0,0,3000,-3000,-3000
048792,瑞儀元大94購01  ,0,0,0,0,0,0,0,0,0,-3000,0,0,0,52000,55000,-3000,-3000
049777,華新科統一94購06,0,0,0,0,0,0,0,0,0,-3000,0,0,0,0,3000,-3000,-3000
049767,奇力新元富94購01,0,0,0,0,0,0,0,0,0,-3000,0,0,0,0,3000,-3000,-3000
049701,聯茂元大94購05  ,0,0,0,0,0,0,0,0,0,-3000,0,0,0,7000,10000,-3000,-3000
049582,台積電元大95購03,0,0,0,0,0,0,0,0,0,-3000,0,0,0,6000,9000,-3000,-3000
049335,聯電統一97購01  ,0,0,0,0,0,0,0,0,0,-3000,0,0,0,20000,23000,-3000,-3000
047804,鴻海凱基93購26  ,0,0,0,0,0,0,0,0,0,-3000,0,0,0,81000,84000,-3000,-3000
050528,瑞儀元大94購02  ,0,0,0,0,0,0,0,0,0,-3000,0,0,0,0,3000,-3000,-3000
050780,台表科元大96購01,0,0,0,0,0,0,0,0,0,-3000,0,0,0,0,3000,-3000,-3000
048371,華固統一93購02  ,0,0,0,0,0,0,0,0,0,-3000,0,0,0,18000,21000,-3000,-3000
049980,奇力新凱基94購04,0,0,0,0,0,0,0,0,0,-3000,0,0,0,10000,13000,-3000,-3000
049955,崇越群益95購01  ,0,0,0,0,0,0,0,0,0,-3000,0,0,0,120000,123000,-3000,-3000
051909,潤泰全元大95購02,0,0,0,0,0,0,0,0,0,-3000,0,0,0,1000,4000,-3000,-3000
051917,瑞儀元大95購01  ,0,0,0,0,0,0,0,0,0,-3000,0,0,0,0,3000,-3000,-3000
051845,世紀鋼富邦96購01,0,0,0,0,0,0,0,0,0,-3000,0,0,0,0,3000,-3000,-3000
050601,台表科國泰96購01,0,0,0,0,0,0,0,0,0,-3000,0,0,0,36000,39000,-3000,-3000
051139,康友永豐95購01  ,0,0,0,0,0,0,0,0,0,-3000,0,0,0,2000,5000,-3000,-3000
052698,深中小國票99購01,0,0,0,0,0,0,0,0,0,-3000,0,0,0,0,3000,-3000,-3000
052631,T50反1凱基98購02,0,0,0,0,0,0,0,0,0,-3000,0,0,0,0,3000,-3000,-3000
052641,聯詠台新96購01  ,0,0,0,0,0,0,0,0,0,-3000,0,0,0,10000,13000,-3000,-3000
052300,力成台新95購01  ,0,0,0,0,0,0,0,0,0,-3000,0,0,0,0,3000,-3000,-3000
053107,旺宏兆豐97購01  ,0,0,0,0,0,0,0,0,0,-3000,0,0,0,38000,41000,-3000,-3000
053026,奇力新富邦98購01,0,0,0,0,0,0,0,0,0,-3000,0,0,0,0,3000,-3000,-3000
052959,聯電凱基97購01  ,0,0,0,0,0,0,0,0,0,-3000,0,0,0,0,3000,-3000,-3000
052766,玉晶光群益9A購01,0,0,0,0,0,0,0,0,0,-3000,0,0,0,19000,22000,-3000,-3000
052899,和大國票97購01  ,20000,0,20000,0,0,0,0,0,0,-23000,0,0,0,0,23000,-23000,-3000
056177,嘉澤元富97購01  ,0,0,0,0,0,0,0,0,0,-3000,0,0,0,20000,23000,-3000,-3000
056291,聯茂永豐97購03  ,0,0,0,0,0,0,0,0,0,-3000,0,0,0,0,3000,-3000,-3000
056289,合勤控永豐97購01,0,0,0,0,0,0,0,0,0,-3000,0,0,0,0,3000,-3000,-3000
055953,上銀元大97購09  ,0,0,0,0,0,0,0,0,0,-3000,0,0,0,67000,70000,-3000,-3000
055949,亞德客元大97購04,0,0,0,0,0,0,0,0,0,-3000,0,0,0,0,3000,-3000,-3000
05837P,臺股指富邦96售04,0,0,0,0,0,0,0,0,0,-3000,0,0,0,2000,5000,-3000,-3000
05826P,臺股指凱基96售23,0,0,0,0,0,0,0,0,0,-3000,0,0,0,50000,53000,-3000,-3000
06000P,GIS元大96售04   ,0,0,0,0,0,0,0,0,0,-3000,0,0,0,0,3000,-3000,-3000
06006P,欣興永豐96售04  ,0,0,0,0,0,0,0,0,0,-3000,0,0,0,0,3000,-3000,-3000
05930P,景碩康和96售01  ,0,0,0,0,0,0,0,0,0,-3000,0,0,0,0,3000,-3000,-3000
05896P,宏達電群益96售03,0,0,0,0,0,0,0,0,0,-3000,0,0,0,1000,4000,-3000,-3000
1316,上曜            ,43000,45000,-2000,0,0,0,0,0,0,-1000,0,1000,-1000,0,0,0,-3000
2351,順德            ,120000,128000,-8000,0,0,0,12000,0,12000,-7000,0,7000,-7000,0,0,0,-3000
2013,中鋼構          ,37000,40000,-3000,0,0,0,0,0,0,0,0,0,0,0,0,0,-3000
1614,三洋電          ,6000,7000,-1000,0,0,0,0,0,0,-2000,0,2000,-2000,0,0,0,-3000
06256P,臺股指群益97售09,0,0,0,0,0,0,0,0,0,-3000,0,0,0,0,3000,-3000,-3000
06135P,志超元富97售01  ,0,0,0,0,0,0,0,0,0,-3000,0,0,0,0,3000,-3000,-3000
06093P,華通元富97售03  ,0,0,0,0,0,0,0,0,0,-3000,0,0,0,0,3000,-3000,-3000
06060P,玉晶光元大97售03,0,0,0,0,0,0,0,0,0,-3000,0,0,0,0,3000,-3000,-3000
06066P,群創台新98售01  ,0,0,0,0,0,0,0,0,0,-3000,0,0,0,0,3000,-3000,-3000
06051P,嘉聯益國票97售04,0,0,0,0,0,0,0,0,0,-3000,0,0,0,17000,20000,-3000,-3000
8443,阿瘦            ,2000,5000,-3000,0,0,0,0,0,0,0,0,0,0,0,0,0,-3000
8497,格威傳媒        ,1000,4000,-3000,0,0,0,0,0,0,0,0,0,0,0,0,0,-3000
6215,和椿            ,4000,7000,-3000,0,0,0,0,0,0,0,0,0,0,0,0,0,-3000
4720,德淵            ,0,1000,-1000,0,0,0,0,0,0,-2000,0,2000,-2000,0,0,0,-3000
2483,百容            ,1000,4000,-3000,0,0,0,0,0,0,0,0,0,0,0,0,0,-3000
3164,景岳            ,2000,5000,-3000,0,0,0,0,0,0,0,0,0,0,0,0,0,-3000
2929,淘帝-KY         ,224000,223000,1000,0,0,0,0,0,0,-4000,0,2000,-2000,0,2000,-2000,-3000
3002,歐格            ,5000,8000,-3000,0,0,0,0,0,0,0,0,0,0,0,0,0,-3000
053816,聯發科群益96購02,0,0,0,0,0,0,0,0,0,-4000,0,0,0,0,4000,-4000,-4000
053576,智原元富96購01  ,0,0,0,0,0,0,0,0,0,-4000,0,0,0,3000,7000,-4000,-4000
053610,矽力中信98購01  ,0,0,0,0,0,0,0,0,0,-4000,0,0,0,26000,30000,-4000,-4000
05366P,鴻海元富95售12  ,0,0,0,0,0,0,0,0,0,-4000,0,0,0,200000,204000,-4000,-4000
053652,友達凱基98購04  ,0,0,0,0,0,0,0,0,0,-4000,0,0,0,0,4000,-4000,-4000
053391,嘉聯益元大99購01,0,0,0,0,0,0,0,0,0,-4000,0,0,0,36000,40000,-4000,-4000
053429,彩晶永豐96購01  ,0,0,0,0,0,0,0,0,0,-4000,0,0,0,3000,7000,-4000,-4000
053407,台積電兆豐96購02,0,0,0,0,0,0,0,0,0,-4000,0,0,0,8000,12000,-4000,-4000
054058,晶豪科國票98購01,0,0,0,0,0,0,0,0,0,-4000,0,0,0,0,4000,-4000,-4000
05435P,鴻海群益95售12  ,0,0,0,0,0,0,0,0,0,-4000,0,0,0,6000,10000,-4000,-4000
054382,康控群益96購03  ,0,0,0,0,0,0,0,0,0,-4000,0,0,0,26000,30000,-4000,-4000
054801,康友群益97購02  ,0,0,0,0,0,0,0,0,0,-4000,0,0,0,36000,40000,-4000,-4000
054749,聯茂凱基98購01  ,0,0,0,0,0,0,0,0,0,-4000,0,0,0,10000,14000,-4000,-4000
055085,大毅國票97購01  ,0,0,0,0,0,0,0,0,0,-4000,0,0,0,0,4000,-4000,-4000
055126,嘉澤兆豐97購01  ,0,0,0,0,0,0,0,0,0,-4000,0,0,0,11000,15000,-4000,-4000
055216,友達凱基98購05  ,0,0,0,0,0,0,0,0,0,-4000,0,0,0,0,4000,-4000,-4000
044221,群創凱基93購03  ,0,0,0,0,0,0,0,0,0,-4000,0,0,0,0,4000,-4000,-4000
045710,儒鴻凱基92購02  ,0,0,0,0,0,0,0,0,0,-4000,0,0,0,6000,10000,-4000,-4000
04350P,欣興國票94售01  ,0,0,0,0,0,0,0,0,0,-4000,0,0,0,0,4000,-4000,-4000
045503,群創凱基93購09  ,0,0,0,0,0,0,0,0,0,-4000,0,0,0,0,4000,-4000,-4000
045504,群創凱基94購01  ,0,0,0,0,0,0,0,0,0,-4000,0,0,0,0,4000,-4000,-4000
049112,可成統一94購01  ,0,0,0,0,0,0,0,0,0,-4000,0,0,0,322000,326000,-4000,-4000
049359,台達電元大94購06,0,0,0,0,0,0,0,0,0,-4000,0,0,0,0,4000,-4000,-4000
048996,中環第一94購01  ,0,0,0,0,0,0,0,0,0,-4000,0,0,0,0,4000,-4000,-4000
046289,群創兆豐92購03  ,0,0,0,0,0,0,0,0,0,-4000,0,0,0,0,4000,-4000,-4000
046312,可成元大92購10  ,0,0,0,0,0,0,0,0,0,-4000,0,0,0,0,4000,-4000,-4000
045803,旺宏國票93購01  ,0,0,0,0,0,0,0,0,0,-4000,0,0,0,60000,64000,-4000,-4000
045869,滬深2X元富95購01,0,0,0,0,0,0,0,0,0,-4000,0,0,0,0,4000,-4000,-4000
04603P,訊芯凱基94售03  ,0,0,0,0,0,0,0,0,0,-4000,0,0,0,110000,114000,-4000,-4000
044908,玉晶光凱基93購01,0,0,0,0,0,0,0,0,0,-4000,0,0,0,0,4000,-4000,-4000
046028,微星元大92購01  ,0,0,0,0,0,0,0,0,0,-4000,0,0,0,1000,5000,-4000,-4000
046010,大立光元富92購03,0,0,0,0,0,0,0,0,0,-4000,0,0,0,0,4000,-4000,-4000
045924,鴻海台新92購01  ,0,0,0,0,0,0,0,0,0,-4000,0,0,0,0,4000,-4000,-4000
048385,亞德客國票94購01,0,0,0,0,0,0,0,0,0,-4000,0,0,0,0,4000,-4000,-4000
048436,聯茂日盛93購01  ,0,0,0,0,0,0,0,0,0,-4000,0,0,0,0,4000,-4000,-4000
048873,玉晶光國票95購02,0,0,0,0,0,0,0,0,0,-4000,0,0,0,47000,51000,-4000,-4000
048651,美利達元大96購05,0,0,0,0,0,0,0,0,0,-4000,0,0,0,0,4000,-4000,-4000
050804,和大日盛95購01  ,0,0,0,0,0,0,0,0,0,-4000,0,0,0,6000,10000,-4000,-4000
050035,聯茂元大94購07  ,0,0,0,0,0,0,0,0,0,-4000,0,0,0,120000,124000,-4000,-4000
047245,聯發科群益94購03,0,0,0,0,0,0,0,0,0,-4000,0,0,0,16000,20000,-4000,-4000
048234,美利達凱基93購03,0,0,0,0,0,0,0,0,0,-4000,0,0,0,0,4000,-4000,-4000
047752,健鼎元富93購01  ,0,0,0,0,0,0,0,0,0,-4000,0,0,0,2000,6000,-4000,-4000
047742,友達統一93購04  ,0,0,0,0,0,0,0,0,0,-4000,0,0,0,0,4000,-4000,-4000
049671,上証2X富邦95購01,0,0,0,0,0,0,0,0,0,-4000,0,0,0,0,4000,-4000,-4000
049700,瀚宇博元大97購01,0,0,0,0,0,0,0,0,0,-4000,0,0,0,11000,15000,-4000,-4000
048787,義隆元大94購02  ,0,0,0,0,0,0,0,0,0,-4000,0,0,0,6000,10000,-4000,-4000
047313,華新科元大93購08,0,0,0,0,0,0,0,0,0,-4000,0,0,0,1000,5000,-4000,-4000
049933,GIS元大95購01   ,0,0,0,0,0,0,0,0,0,-4000,0,0,0,0,4000,-4000,-4000
049934,緯穎元大94購08  ,0,0,0,0,0,0,0,0,0,-4000,0,0,0,35000,39000,-4000,-4000
048349,美利達元大96購02,0,0,0,0,0,0,0,0,0,-4000,0,0,0,0,4000,-4000,-4000
053035,台表科兆豐97購01,0,0,0,0,0,0,0,0,0,-4000,0,0,0,6000,10000,-4000,-4000
053074,嘉晶永豐96購02  ,0,0,0,0,0,0,0,0,0,-4000,0,0,0,10000,14000,-4000,-4000
053071,南電群益96購01  ,0,0,0,0,0,0,0,0,0,-4000,0,0,0,4000,8000,-4000,-4000
053183,大立光元富96購03,0,0,0,0,0,0,0,0,0,-4000,0,0,0,1000,5000,-4000,-4000
053216,京鼎凱基96購02  ,0,0,0,0,0,0,0,0,0,-4000,0,0,0,34000,38000,-4000,-4000
05330P,臺股指凱基95售14,0,0,0,0,0,0,0,0,0,-4000,0,0,0,8000,12000,-4000,-4000
052279,旺宏凱基95購07  ,0,0,0,0,0,0,0,0,0,-4000,0,0,0,27000,31000,-4000,-4000
05228P,大立光元富95售09,0,0,0,0,0,0,0,0,0,-4000,0,0,0,0,4000,-4000,-4000
052329,台積電亞東96購01,0,0,0,0,0,0,0,0,0,-4000,0,0,0,1000,5000,-4000,-4000
052161,義隆永豐95購03  ,0,0,0,0,0,0,0,0,0,-4000,0,0,0,0,4000,-4000,-4000
052069,聯茂兆豐96購01  ,0,0,0,0,0,0,0,0,0,-4000,0,0,0,6000,10000,-4000,-4000
052121,全新國票96購03  ,0,0,0,0,0,0,0,0,0,-4000,0,0,0,0,4000,-4000,-4000
052662,華新科國票97購01,0,0,0,0,0,0,0,0,0,-4000,0,0,0,1000,5000,-4000,-4000
052445,南亞科元大95購05,0,0,0,0,0,0,0,0,0,-4000,0,0,0,1000,5000,-4000,-4000
051293,鴻海元富95購05  ,0,0,0,0,0,0,0,0,0,-4000,0,0,0,20000,24000,-4000,-4000
051294,鴻海元富95購06  ,0,0,0,0,0,0,0,0,0,-4000,0,0,0,0,4000,-4000,-4000
05057P,鴻海國票96售01  ,0,0,0,0,0,0,0,0,0,-4000,0,0,0,0,4000,-4000,-4000
050880,大立光元富95購03,0,0,0,0,0,0,0,0,0,-4000,0,0,0,3000,7000,-4000,-4000
051949,鴻海元富95購08  ,0,0,0,0,0,0,0,0,0,-4000,0,0,0,0,4000,-4000,-4000
051934,緯穎國票96購01  ,0,0,0,0,0,0,0,0,0,-4000,0,0,0,0,4000,-4000,-4000
051988,台光電元大95購01,0,0,0,0,0,0,0,0,0,-4000,0,0,0,10000,14000,-4000,-4000
051592,健策元大96購05  ,0,0,0,0,0,0,0,0,0,-4000,0,0,0,163000,167000,-4000,-4000
3021,鴻名            ,1000,5000,-4000,0,0,0,0,0,0,0,0,0,0,0,0,0,-4000
2906,高林            ,1000,5000,-4000,0,0,0,0,0,0,0,0,0,0,0,0,0,-4000
2887F,台新戊特二      ,0,4000,-4000,0,0,0,0,0,0,0,0,0,0,0,0,0,-4000
2613,中櫃            ,3000,7000,-4000,0,0,0,0,0,0,0,0,0,0,0,0,0,-4000
2440,太空梭          ,0,3000,-3000,0,0,0,0,0,0,-1000,0,1000,-1000,0,0,0,-4000
4571,鈞興-KY         ,0,4000,-4000,0,0,0,0,0,0,0,0,0,0,0,0,0,-4000
6133,金橋            ,0,1000,-1000,0,0,0,0,0,0,-3000,0,3000,-3000,0,0,0,-4000
6431,光麗-KY         ,0,4000,-4000,0,0,0,0,0,0,0,0,0,0,0,0,0,-4000
8411,福貞-KY         ,1000,4000,-3000,0,0,0,0,0,0,-1000,0,1000,-1000,0,0,0,-4000
9937,全國            ,0,4000,-4000,0,0,0,0,0,0,0,0,0,0,0,0,0,-4000
1735,日勝化          ,0,4000,-4000,0,0,0,0,0,0,0,0,0,0,0,0,0,-4000
2114,鑫永銓          ,0,4000,-4000,0,0,0,0,0,0,0,0,0,0,0,0,0,-4000
1410,南染            ,1000,5000,-4000,0,0,0,0,0,0,0,0,0,0,0,0,0,-4000
1529,樂士            ,2000,6000,-4000,0,0,0,0,0,0,0,0,0,0,0,0,0,-4000
1423,利華            ,4000,8000,-4000,0,0,0,0,0,0,0,0,0,0,0,0,0,-4000
05918P,大立光元大96售11,0,0,0,0,0,0,0,0,0,-4000,0,0,0,0,4000,-4000,-4000
05750P,臺股指群益99售04,0,0,0,0,0,0,0,0,0,-4000,0,0,0,0,4000,-4000,-4000
055274,華泰元大97購02  ,0,0,0,0,0,0,0,0,0,-5000,0,0,0,0,5000,-5000,-5000
05513P,玉山金台新96售01,0,0,0,0,0,0,0,0,0,-5000,0,0,0,5000,10000,-5000,-5000
054999,玉晶光元富97購03,0,0,0,0,0,0,0,0,0,-5000,0,0,0,45000,50000,-5000,-5000
054663,同欣電元大97購03,0,0,0,0,0,0,0,0,0,-5000,0,0,0,0,5000,-5000,-5000
054695,世芯永豐98購01  ,0,0,0,0,0,0,0,0,0,-5000,0,0,0,5000,10000,-5000,-5000
054890,聯鈞統一99購01  ,0,0,0,0,0,0,0,0,0,-5000,0,0,0,53000,58000,-5000,-5000
054872,瀚宇博群益98購01,0,0,0,0,0,0,0,0,0,-5000,0,0,0,10000,15000,-5000,-5000
055713,國巨元大98購09  ,0,0,0,0,0,0,0,0,0,-5000,0,0,0,0,5000,-5000,-5000
055646,漢唐元富97購01  ,0,0,0,0,0,0,0,0,0,-5000,0,0,0,0,5000,-5000,-5000
055797,華通富邦98購01  ,0,0,0,0,0,0,0,0,0,-5000,0,0,0,0,5000,-5000,-5000
055910,瑞昱凱基98購01  ,0,0,0,0,0,0,0,0,0,-5000,0,0,0,7000,12000,-5000,-5000
055938,矽力群益97購01  ,0,0,0,0,0,0,0,0,0,-5000,0,0,0,0,5000,-5000,-5000
055491,奇力新元大98購03,0,0,0,0,0,0,0,0,0,-5000,0,0,0,102000,107000,-5000,-5000
055591,全新元大98購01  ,0,0,0,0,0,0,0,0,0,-5000,0,0,0,0,5000,-5000,-5000
055367,台積電元大97購23,0,0,0,0,0,0,0,0,0,-5000,0,0,0,326000,331000,-5000,-5000
05534P,元油反元大96售06,0,0,0,0,0,0,0,0,0,-5000,0,0,0,5000,10000,-5000,-5000
055321,大立光國票98購02,0,0,0,0,0,0,0,0,0,-5000,0,0,0,0,5000,-5000,-5000
055404,超眾元富97購01  ,0,0,0,0,0,0,0,0,0,-5000,0,0,0,15000,20000,-5000,-5000
054554,大立光凱基98購02,0,0,0,0,0,0,0,0,0,-5000,0,0,0,0,5000,-5000,-5000
054511,香港反元大98購01,0,0,0,0,0,0,0,0,0,-5000,0,0,0,0,5000,-5000,-5000
054044,京元電元大96購03,0,0,0,0,0,0,0,0,0,-5000,0,0,0,20000,25000,-5000,-5000
054067,百和國票97購03  ,0,0,0,0,0,0,0,0,0,-5000,0,0,0,7000,12000,-5000,-5000
054081,聯電元富96購01  ,0,0,0,0,0,0,0,0,0,-5000,0,0,0,13000,18000,-5000,-5000
054020,技嘉台新97購01  ,0,0,0,0,0,0,0,0,0,-5000,0,0,0,38000,43000,-5000,-5000
054200,美律富邦97購02  ,0,0,0,0,0,0,0,0,0,-5000,0,0,0,0,5000,-5000,-5000
054327,亞光台新96購02  ,0,0,0,0,0,0,0,0,0,-5000,0,0,0,10000,15000,-5000,-5000
054284,和大元大96購03  ,0,0,0,0,0,0,0,0,0,-5000,0,0,0,0,5000,-5000,-5000
053420,華邦電永豐96購01,0,0,0,0,0,0,0,0,0,-5000,0,0,0,0,5000,-5000,-5000
053390,彩晶元大9A購01  ,0,0,0,0,0,0,0,0,0,-5000,0,0,0,5000,10000,-5000,-5000
053486,T50反1兆豐96購01,0,0,0,0,0,0,0,0,0,-5000,0,0,0,0,5000,-5000,-5000
053467,鴻海元大96購20  ,0,0,0,0,0,0,0,0,0,-5000,0,0,0,63000,68000,-5000,-5000
053700,臺股指元大96購23,0,0,0,0,0,0,0,0,0,-5000,0,0,0,45000,50000,-5000,-5000
053829,力成麥證96購01  ,0,0,0,11000,16000,-5000,0,0,0,-5000,0,0,0,11000,16000,-5000,-5000
04598P,光罩凱基94售03  ,0,0,0,0,0,0,0,0,0,-5000,0,0,0,0,5000,-5000,-5000
045797,健策中信93購01  ,0,0,0,0,0,0,0,0,0,-5000,0,0,0,225000,230000,-5000,-5000
044536,深中小群益92購01,0,0,0,0,0,0,0,0,0,-5000,0,0,0,10000,15000,-5000,-5000
046234,彩晶元大92購01  ,0,0,0,0,0,0,0,0,0,-5000,0,0,0,0,5000,-5000,-5000
046720,元油2X元大95購08,0,0,0,0,0,0,0,0,0,-5000,0,0,0,0,5000,-5000,-5000
046658,微星元大93購01  ,0,0,0,0,0,0,0,0,0,-5000,0,0,0,5000,10000,-5000,-5000
046628,大立光統一98購01,0,0,0,0,0,0,0,0,0,-5000,0,0,0,5000,10000,-5000,-5000
049395,元油2X群益94購03,0,0,0,0,0,0,0,0,0,-5000,0,0,0,0,5000,-5000,-5000
049299,矽創群益94購01  ,0,0,0,0,0,0,0,0,0,-5000,0,0,0,10000,15000,-5000,-5000
049110,臻鼎富邦94購01  ,0,0,0,0,0,0,0,0,0,-5000,0,0,0,0,5000,-5000,-5000
049072,台積電凱基94購08,0,0,0,0,0,0,0,0,0,-5000,0,0,0,5000,10000,-5000,-5000
045055,聯發科元富98購03,0,0,0,0,0,0,0,0,0,-5000,0,0,0,5000,10000,-5000,-5000
042912,凌陽元大94購01  ,0,0,0,0,0,0,0,0,0,-5000,0,0,0,0,5000,-5000,-5000
04286P,滬深2X中信96售01,0,0,0,0,0,0,0,0,0,-5000,0,0,0,0,5000,-5000,-5000
04098P,臺股指國票93售05,0,0,0,0,0,0,0,0,0,-5000,0,0,0,0,5000,-5000,-5000
041206,樺漢統一92購01  ,0,0,0,0,0,0,0,0,0,-5000,0,0,0,0,5000,-5000,-5000
040475,台表科群益92購01,0,0,0,0,0,0,0,0,0,-5000,0,0,0,0,5000,-5000,-5000
046738,台積電群益93購05,0,0,0,0,0,0,0,0,0,-5000,0,0,0,2000,7000,-5000,-5000
046929,大立光統一93購03,0,0,0,0,0,0,0,0,0,-5000,0,0,0,25000,30000,-5000,-5000
046351,智邦群益92購01  ,0,0,0,0,0,0,0,0,0,-5000,0,0,0,5000,10000,-5000,-5000
03992P,臺股指統一93售06,0,0,0,0,0,0,0,0,0,-5000,0,0,0,0,5000,-5000,-5000
03607P,滬深2X富邦95售01,0,0,0,0,0,0,0,0,0,-5000,0,0,0,101000,106000,-5000,-5000
036084,台灣50台新98購01,0,0,0,0,0,0,0,0,0,-5000,0,0,0,0,5000,-5000,-5000
049922,禾伸堂元大95購01,0,0,0,0,0,0,0,0,0,-5000,0,0,0,30000,35000,-5000,-5000
049876,智邦永豐94購01  ,0,0,0,0,0,0,0,0,0,-5000,0,0,0,0,5000,-5000,-5000
049871,T50反1台新9A購02,0,0,0,0,0,0,0,0,0,-5000,0,0,0,0,5000,-5000,-5000
049803,華新科元大95購07,0,0,0,0,0,0,0,0,0,-5000,0,0,0,7000,12000,-5000,-5000
049820,世紀鋼元大96購03,0,0,0,0,0,0,0,0,0,-5000,0,0,0,0,5000,-5000,-5000
047307,儒鴻元大93購04  ,0,0,0,0,0,0,0,0,0,-5000,0,0,0,8000,13000,-5000,-5000
047309,鴻海元大93購13  ,0,0,0,0,0,0,0,0,0,-5000,0,0,0,0,5000,-5000,-5000
047291,台積電元富93購05,0,0,0,0,0,0,0,0,0,-5000,0,0,0,0,5000,-5000,-5000
049602,南電元大95購01  ,0,0,0,0,0,0,0,0,0,-5000,0,0,0,0,5000,-5000,-5000
04977P,力成凱基96售01  ,0,0,0,0,0,0,0,0,0,-5000,0,0,0,25000,30000,-5000,-5000
048765,奇力新凱基94購01,0,0,0,0,0,0,0,0,0,-5000,0,0,0,10000,15000,-5000,-5000
047828,華新元大93購03  ,0,0,0,0,0,0,0,0,0,-5000,0,0,0,100000,105000,-5000,-5000
049492,聯發科元大95購02,0,0,0,0,0,0,0,0,0,-5000,0,0,0,3000,8000,-5000,-5000
049696,欣興元大95購02  ,0,0,0,0,0,0,0,0,0,-5000,0,0,0,0,5000,-5000,-5000
049649,信邦凱基94購01  ,0,0,0,0,0,0,0,0,0,-5000,0,0,0,10000,15000,-5000,-5000
048697,華新科國票94購06,0,0,0,0,0,0,0,0,0,-5000,0,0,0,1000,6000,-5000,-5000
049235,元油2X元富96購05,0,0,0,0,0,0,0,0,0,-5000,0,0,0,0,5000,-5000,-5000
047806,旺宏凱基93購05  ,0,0,0,0,0,0,0,0,0,-5000,0,0,0,10000,15000,-5000,-5000
047782,燿華國泰95購01  ,0,0,0,0,0,0,0,0,0,-5000,0,0,0,1000,6000,-5000,-5000
048892,台郡元富97購01  ,0,0,0,0,0,0,0,0,0,-5000,0,0,0,0,5000,-5000,-5000
047274,華新科永豐93購02,0,0,0,0,0,0,0,0,0,-5000,0,0,0,25000,30000,-5000,-5000
050829,臻鼎凱基96購01  ,0,0,0,0,0,0,0,0,0,-5000,0,0,0,0,5000,-5000,-5000
050777,臻鼎元大94購05  ,0,0,0,0,0,0,0,0,0,-5000,0,0,0,0,5000,-5000,-5000
050468,矽格中信94購01  ,0,0,0,0,0,0,0,0,0,-5000,0,0,0,200000,205000,-5000,-5000
050236,旺宏凱基94購06  ,0,0,0,0,0,0,0,0,0,-5000,0,0,0,8000,13000,-5000,-5000
050243,華新科凱基94購10,0,0,0,0,0,0,0,0,0,-5000,0,0,0,0,5000,-5000,-5000
050263,旺宏元大94購10  ,0,0,0,0,0,0,0,0,0,-5000,0,0,0,37000,42000,-5000,-5000
050268,智原元大95購03  ,0,0,0,0,0,0,0,0,0,-5000,0,0,0,9000,14000,-5000,-5000
048642,聯發科元大94購02,0,0,0,0,0,0,0,0,0,-5000,0,0,0,51000,56000,-5000,-5000
048454,合勤控凱基94購01,0,0,0,0,0,0,0,0,0,-5000,0,0,0,5000,10000,-5000,-5000
048571,美利達元大96購03,0,0,0,0,0,0,0,0,0,-5000,0,0,0,0,5000,-5000,-5000
048564,智易元大94購01  ,0,0,0,0,0,0,0,0,0,-5000,0,0,0,0,5000,-5000,-5000
048568,緯穎元大93購06  ,0,0,0,0,0,0,0,0,0,-5000,0,0,0,5000,10000,-5000,-5000
048535,超眾國票94購02  ,0,0,0,0,0,0,0,0,0,-5000,0,0,0,0,5000,-5000,-5000
050021,鴻海元大94購10  ,0,0,0,0,0,0,0,0,0,-5000,0,0,0,1000,6000,-5000,-5000
051513,台積電凱基95購13,0,0,0,0,0,0,0,0,0,-5000,0,0,0,5000,10000,-5000,-5000
051995,矽力元大95購03  ,0,0,0,0,0,0,0,0,0,-5000,0,0,0,20000,25000,-5000,-5000
051931,美律國票96購02  ,0,0,0,0,0,0,0,0,0,-5000,0,0,0,0,5000,-5000,-5000
050948,華固群益95購01  ,0,0,0,0,0,0,0,0,0,-5000,0,0,0,20000,25000,-5000,-5000
050535,台表科群益94購02,0,0,0,0,0,0,0,0,0,-5000,0,0,0,0,5000,-5000,-5000
050711,TPK中信94購01   ,0,0,0,0,0,0,0,0,0,-5000,0,0,0,0,5000,-5000,-5000
051299,致茂凱基95購01  ,0,0,0,0,0,0,0,0,0,-5000,0,0,0,60000,65000,-5000,-5000
051300,台光電凱基96購02,0,0,0,0,0,0,0,0,0,-5000,0,0,0,0,5000,-5000,-5000
051210,S&P反1統一97購01,0,0,0,0,0,0,0,0,0,-5000,0,0,0,0,5000,-5000,-5000
051079,鴻海富邦96購02  ,0,0,0,0,0,0,0,0,0,-5000,0,0,0,0,5000,-5000,-5000
052577,台積電統一96購01,0,0,0,0,0,0,0,0,0,-5000,0,0,0,0,5000,-5000,-5000
052661,奇力新國票97購03,0,0,0,0,0,0,0,0,0,-5000,0,0,0,10000,15000,-5000,-5000
052591,康友永豐97購01  ,0,0,0,0,0,0,0,0,0,-5000,0,0,0,35000,40000,-5000,-5000
052690,台表科元大97購01,0,0,0,0,0,0,0,0,0,-5000,0,0,0,0,5000,-5000,-5000
052060,旺宏國票96購02  ,0,0,0,0,0,0,0,0,0,-5000,0,0,0,22000,27000,-5000,-5000
053224,矽力凱基96購02  ,0,0,0,0,0,0,0,0,0,-5000,0,0,0,10000,15000,-5000,-5000
053052,旺宏國票97購02  ,0,0,0,0,0,0,0,0,0,-5000,0,0,0,48000,53000,-5000,-5000
052977,奇力新麥證97購01,0,0,0,70000,25000,45000,0,0,0,-5000,0,0,0,70000,75000,-5000,-5000
052858,華通凱基97購02  ,0,0,0,0,0,0,0,0,0,-5000,0,0,0,0,5000,-5000,-5000
05836P,臺股指元富96售08,0,0,0,0,0,0,0,0,0,-5000,0,0,0,0,5000,-5000,-5000
05796P,臺股指群益96售10,0,0,0,0,0,0,0,0,0,-5000,0,0,0,0,5000,-5000,-5000
05813P,臺股指國票96售06,0,0,0,0,0,0,0,0,0,-5000,0,0,0,5000,10000,-5000,-5000
05815P,台積電凱基97售06,0,0,0,0,0,0,0,0,0,-5000,0,0,0,25000,30000,-5000,-5000
05775P,台積電國泰98售02,0,0,0,0,0,0,0,0,0,-5000,0,0,0,36000,41000,-5000,-5000
06005P,晶豪科永豐96售04,0,0,0,0,0,0,0,0,0,-5000,0,0,0,20000,25000,-5000,-5000
06026P,華通台新97售01  ,0,0,0,0,0,0,0,0,0,-5000,0,0,0,0,5000,-5000,-5000
06034P,世芯凱基96售03  ,0,0,0,0,0,0,0,0,0,-5000,0,0,0,5000,10000,-5000,-5000
05976P,國巨凱基96售14  ,0,0,0,0,0,0,0,0,0,-5000,0,0,0,0,5000,-5000,-5000
056064,大立光元大97購14,0,0,0,0,0,0,0,0,0,-5000,0,0,0,8000,13000,-5000,-5000
056036,鴻海凱基97購07  ,0,0,0,0,0,0,0,0,0,-5000,0,0,0,5000,10000,-5000,-5000
056293,上銀元大97購10  ,0,0,0,0,0,0,0,0,0,-5000,0,0,0,10000,15000,-5000,-5000
056304,創意元大97購03  ,0,0,0,0,0,0,0,0,0,-5000,0,0,0,0,5000,-5000,-5000
05659P,A50正2中信97售01,0,0,0,0,0,0,0,0,0,-5000,0,0,0,25000,30000,-5000,-5000
056131,鴻海元大97購12  ,0,0,0,0,0,0,0,0,0,-5000,0,0,0,348000,353000,-5000,-5000
056199,美律永豐97購01  ,0,0,0,0,0,0,0,0,0,-5000,0,0,0,0,5000,-5000,-5000
1419,新紡            ,0,5000,-5000,0,0,0,0,0,0,0,0,0,0,0,0,0,-5000
1467,南緯            ,2000,7000,-5000,0,0,0,0,0,0,0,0,0,0,0,0,0,-5000
1533,車王電          ,4000,9000,-5000,0,0,0,0,0,0,0,0,0,0,0,0,0,-5000
1110,東泥            ,0,5000,-5000,0,0,0,0,0,0,0,0,0,0,0,0,0,-5000
1783,和康生          ,17000,22000,-5000,0,0,0,0,0,0,0,0,0,0,0,0,0,-5000
06090P,旺宏統一97售06  ,0,0,0,0,0,0,0,0,0,-5000,0,0,0,89000,94000,-5000,-5000
06116P,臺股指日盛97售01,0,0,0,0,0,0,0,0,0,-5000,0,0,0,5000,10000,-5000,-5000
06212P,華新科元大97售11,0,0,0,0,0,0,0,0,0,-5000,0,0,0,45000,50000,-5000,-5000
06205P,台積電群益97售03,0,0,0,0,0,0,0,0,0,-5000,0,0,0,26000,31000,-5000,-5000
06315P,臺股指元富97售02,0,0,0,0,0,0,0,0,0,-5000,0,0,0,5000,10000,-5000,-5000
06292P,臺股指國票97售06,0,0,0,0,0,0,0,0,0,-5000,0,0,0,0,5000,-5000,-5000
06381P,臺股指統一98售03,0,0,0,0,0,0,0,0,0,-5000,0,0,0,0,5000,-5000,-5000
06388P,鴻海兆豐97售04  ,0,0,0,0,0,0,0,0,0,-5000,0,0,0,0,5000,-5000,-5000
6655,科定            ,0,5000,-5000,0,0,0,0,0,0,0,0,0,0,0,0,0,-5000
6581,鋼聯            ,0,4000,-4000,0,0,0,0,0,0,-1000,0,1000,-1000,0,0,0,-5000
6164,華興            ,1000,6000,-5000,0,0,0,0,0,0,0,0,0,0,0,0,0,-5000
4755,三福化          ,1000,5000,-4000,0,0,0,0,0,0,-1000,0,1000,-1000,0,0,0,-5000
3321,同泰            ,51000,11000,40000,0,0,0,0,0,0,-45000,0,45000,-45000,0,0,0,-5000
3266,昇陽            ,5000,10000,-5000,0,0,0,0,0,0,0,0,0,0,0,0,0,-5000
3607,谷崧            ,1000,6000,-5000,0,0,0,0,0,0,0,0,0,0,0,0,0,-5000
2375,凱美            ,297000,278000,19000,0,0,0,0,0,0,-24000,0,0,0,3000,27000,-24000,-5000
2516,新建            ,0,5000,-5000,0,0,0,0,0,0,0,0,0,0,0,0,0,-5000
053982,臻鼎元大96購05  ,0,0,0,0,0,0,0,0,0,-6000,0,0,0,10000,16000,-6000,-6000
053760,牧德國泰98購01  ,0,0,0,0,0,0,0,0,0,-6000,0,0,0,90000,96000,-6000,-6000
053441,旺宏凱基98購01  ,0,0,0,0,0,0,0,0,0,-6000,0,0,0,0,6000,-6000,-6000
053516,茂林群益96購05  ,0,0,0,0,0,0,0,0,0,-6000,0,0,0,0,6000,-6000,-6000
054142,致伸元大97購01  ,0,0,0,0,0,0,0,0,0,-6000,0,0,0,0,6000,-6000,-6000
054579,聯茂元大97購01  ,0,0,0,0,0,0,0,0,0,-6000,0,0,0,1000,7000,-6000,-6000
054571,楠梓電元大99購01,0,0,0,0,0,0,0,0,0,-6000,0,0,0,0,6000,-6000,-6000
054437,欣興台新97購02  ,0,0,0,0,0,0,0,0,0,-6000,0,0,0,38000,44000,-6000,-6000
055724,祥碩元大97購03  ,0,0,0,0,0,0,0,0,0,-6000,0,0,0,35000,41000,-6000,-6000
054822,祥碩元大97購01  ,0,0,0,0,0,0,0,0,0,-6000,0,0,0,4000,10000,-6000,-6000
054679,台積電康和99購01,0,0,0,0,0,0,0,0,0,-6000,0,0,0,16000,22000,-6000,-6000
055026,健和興國泰98購01,0,0,0,0,0,0,0,0,0,-6000,0,0,0,1000,7000,-6000,-6000
055084,國巨第一97購01  ,0,0,0,0,0,0,0,0,0,-6000,0,0,0,0,6000,-6000,-6000
055285,華新科元大99購03,0,0,0,0,0,0,0,0,0,-6000,0,0,0,0,6000,-6000,-6000
03646C,臺股指元大95牛32,0,0,0,0,0,0,0,0,0,-6000,0,0,0,0,6000,-6000,-6000
045106,玉晶光群益95購01,0,0,0,0,0,0,0,0,0,-6000,0,0,0,22000,28000,-6000,-6000
048987,崇越元大94購01  ,0,0,0,0,0,0,0,0,0,-6000,0,0,0,8000,14000,-6000,-6000
044508,微星凱基92購02  ,0,0,0,0,0,0,0,0,0,-6000,0,0,0,10000,16000,-6000,-6000
044792,康友群益93購01  ,0,0,0,0,0,0,0,0,0,-6000,0,0,0,0,6000,-6000,-6000
050031,嘉澤元大95購01  ,0,0,0,0,0,0,0,0,0,-6000,0,0,0,11000,17000,-6000,-6000
050034,智伸科元大94購01,0,0,0,0,0,0,0,0,0,-6000,0,0,0,0,6000,-6000,-6000
048557,瑞昱元大94購01  ,0,0,0,0,0,0,0,0,0,-6000,0,0,0,29000,35000,-6000,-6000
048442,友訊凱基94購01  ,0,0,0,0,0,0,0,0,0,-6000,0,0,0,282000,288000,-6000,-6000
050274,GIS元大94購05   ,0,0,0,0,0,0,0,0,0,-6000,0,0,0,4000,10000,-6000,-6000
050489,聯詠元富94購01  ,0,0,0,0,0,0,0,0,0,-6000,0,0,0,0,6000,-6000,-6000
048874,玉晶光國票96購01,0,0,0,0,0,0,0,0,0,-6000,0,0,0,2000,8000,-6000,-6000
050081,聯發科統一94購07,0,0,0,0,0,0,0,0,0,-6000,0,0,0,33000,39000,-6000,-6000
049591,開發金元大98購01,0,0,0,0,0,0,0,0,0,-6000,0,0,0,0,6000,-6000,-6000
049576,元油2X元大94購06,0,0,0,0,0,0,0,0,0,-6000,0,0,0,0,6000,-6000,-6000
049522,華通兆豐94購02  ,0,0,0,0,0,0,0,0,0,-6000,0,0,0,94000,100000,-6000,-6000
047412,鴻海永昌93購05  ,0,0,0,0,0,0,0,0,0,-6000,0,0,0,811000,817000,-6000,-6000
047653,上銀兆豐94購01  ,0,0,0,0,0,0,0,0,0,-6000,0,0,0,94000,100000,-6000,-6000
047671,T50反1統一93購04,0,0,0,0,0,0,0,0,0,-6000,0,0,0,0,6000,-6000,-6000
052917,大立光富邦99購02,0,0,0,0,0,0,0,0,0,-6000,0,0,0,91000,97000,-6000,-6000
053200,華邦電日盛96購01,0,0,0,0,0,0,0,0,0,-6000,0,0,0,0,6000,-6000,-6000
053121,上証2X凱基9C購01,0,0,0,0,0,0,0,0,0,-6000,0,0,0,6000,12000,-6000,-6000
052040,臺股指永昌95購01,0,0,0,0,0,0,0,0,0,-6000,0,0,0,0,6000,-6000,-6000
052078,大立光元富95購10,0,0,0,0,0,0,0,0,0,-6000,0,0,0,7000,13000,-6000,-6000
052282,宏達電凱基95購05,0,0,0,0,0,0,0,0,0,-6000,0,0,0,34000,40000,-6000,-6000
052454,力成元大95購02  ,0,0,0,0,0,0,0,0,0,-6000,0,0,0,0,6000,-6000,-6000
051254,健策元大96購04  ,0,0,0,0,0,0,0,0,0,-6000,0,0,0,146000,152000,-6000,-6000
05095P,景碩元大95售01  ,0,0,0,0,0,0,0,0,0,-6000,0,0,0,44000,50000,-6000,-6000
05087P,GIS國泰96售01   ,0,0,0,0,0,0,0,0,0,-6000,0,0,0,24000,30000,-6000,-6000
051914,健策元大96購06  ,0,0,0,0,0,0,0,0,0,-6000,0,0,0,160000,166000,-6000,-6000
051897,台光電國泰97購01,0,0,0,0,0,0,0,0,0,-6000,0,0,0,4000,10000,-6000,-6000
051974,華新科凱基96購05,0,0,0,0,0,0,0,0,0,-6000,0,0,0,0,6000,-6000,-6000
051434,中磊元富95購02  ,0,0,0,0,0,0,0,0,0,-6000,0,0,0,13000,19000,-6000,-6000
051670,欣興元大95購06  ,0,0,0,0,0,0,0,0,0,-6000,0,0,0,6000,12000,-6000,-6000
051669,建準元大95購01  ,0,0,0,0,0,0,0,0,0,-6000,0,0,0,22000,28000,-6000,-6000
05165P,欣興元富95售03  ,0,0,0,0,0,0,0,0,0,-6000,0,0,0,1000,7000,-6000,-6000
2413,環科            ,21000,25000,-4000,0,0,0,0,0,0,-2000,0,2000,-2000,0,0,0,-6000
2923,鼎固-KY         ,9000,16000,-7000,0,0,0,0,0,0,1000,2000,1000,1000,0,0,0,-6000
3296,勝德            ,0,2000,-2000,0,0,0,0,0,0,-4000,0,4000,-4000,0,0,0,-6000
3305,昇貿            ,21000,27000,-6000,0,0,0,0,0,0,0,0,0,0,0,0,0,-6000
3346,麗清            ,8000,14000,-6000,0,0,0,0,0,0,0,0,0,0,0,0,0,-6000
3528,安馳            ,3000,9000,-6000,0,0,0,0,0,0,0,0,0,0,0,0,0,-6000
4737,華廣            ,48000,54000,-6000,0,0,0,0,0,0,0,0,0,0,0,0,0,-6000
5608,四維航          ,4000,9000,-5000,0,0,0,0,0,0,-1000,1000,2000,-1000,0,0,0,-6000
910322,康師傅-DR       ,5000,11000,-6000,0,0,0,0,0,0,0,0,0,0,0,0,0,-6000
8442,威宏-KY         ,0,6000,-6000,0,0,0,0,0,0,0,0,0,0,0,0,0,-6000
06334P,臺股指群益9C售03,0,0,0,0,0,0,0,0,0,-6000,0,0,0,0,6000,-6000,-6000
06275P,臺股指凱基97售07,0,0,0,0,0,0,0,0,0,-6000,0,0,0,0,6000,-6000,-6000
06129P,玉晶光元富97售06,0,0,0,0,0,0,0,0,0,-6000,0,0,0,24000,30000,-6000,-6000
1615,大山            ,2000,8000,-6000,0,0,0,0,0,0,0,0,0,0,0,0,0,-6000
2109,華豐            ,0,5000,-5000,0,0,0,0,0,0,-1000,0,1000,-1000,0,0,0,-6000
1233,天仁            ,4000,10000,-6000,0,0,0,0,0,0,0,0,0,0,0,0,0,-6000
1540,喬福            ,14000,20000,-6000,0,0,0,0,0,0,0,0,0,0,0,0,0,-6000
1465,偉全            ,0,6000,-6000,0,0,0,0,0,0,0,0,0,0,0,0,0,-6000
05676P,欣興群益96售04  ,0,0,0,0,0,0,0,0,0,-6000,0,0,0,0,6000,-6000,-6000
05992P,華通元大96售05  ,0,0,0,0,0,0,0,0,0,-6000,0,0,0,28000,34000,-6000,-6000
05941P,聯發科凱基96售22,0,0,0,0,0,0,0,0,0,-6000,0,0,0,0,6000,-6000,-6000
05767P,國巨凱基96售11  ,0,0,0,0,0,0,0,0,0,-6000,0,0,0,10000,16000,-6000,-6000
05798P,臺股指群益96售12,0,0,0,0,0,0,0,0,0,-6000,0,0,0,38000,44000,-6000,-6000
05854P,華新科凱基96售09,0,0,0,0,0,0,0,0,0,-6000,0,0,0,0,6000,-6000,-6000
008201,BP上證50        ,0,6300,-6300,0,0,0,0,0,0,0,0,0,0,0,0,0,-6300
055246,美律統一98購01  ,0,0,0,0,0,0,0,0,0,-7000,0,0,0,48000,55000,-7000,-7000
055137,GIS富邦98購01   ,0,0,0,0,0,0,0,0,0,-7000,0,0,0,145000,152000,-7000,-7000
05466P,旺宏富邦97售01  ,0,0,0,0,0,0,0,0,0,-7000,0,0,0,3000,10000,-7000,-7000
055329,百和國票98購01  ,0,0,0,0,0,0,0,0,0,-7000,0,0,0,9000,16000,-7000,-7000
054627,義隆凱基98購01  ,0,0,0,0,0,0,0,0,0,-7000,0,0,0,1000,8000,-7000,-7000
054066,緯穎國票97購03  ,0,0,0,0,0,0,0,0,0,-7000,0,0,0,0,7000,-7000,-7000
054320,國喬台新96購01  ,0,0,0,0,0,0,0,0,0,-7000,0,0,0,38000,45000,-7000,-7000
053456,大立光元富96購04,0,0,0,0,0,0,0,0,0,-7000,0,0,0,4000,11000,-7000,-7000
053668,鴻海統一97購01  ,0,0,0,0,0,0,0,0,0,-7000,0,0,0,48000,55000,-7000,-7000
053669,台積電統一96購08,0,0,0,0,0,0,0,0,0,-7000,0,0,0,5000,12000,-7000,-7000
053603,臺股指元大96購20,0,0,0,0,0,0,0,0,0,-7000,0,0,0,0,7000,-7000,-7000
053592,亞光元大96購01  ,0,0,0,0,0,0,0,0,0,-7000,0,0,0,19000,26000,-7000,-7000
054000,訊芯群益96購02  ,0,0,0,0,0,0,0,0,0,-7000,0,0,0,10000,17000,-7000,-7000
0053,元大電子        ,0,0,0,0,0,0,0,0,0,-7000,0,0,0,8000,15000,-7000,-7000
046792,京元電元富96購01,0,0,0,0,0,0,0,0,0,-7000,0,0,0,23000,30000,-7000,-7000
046794,智伸科元富93購01,0,0,0,0,0,0,0,0,0,-7000,0,0,0,33000,40000,-7000,-7000
04103P,臺股指國票93售10,0,0,0,0,0,0,0,0,0,-7000,0,0,0,22000,29000,-7000,-7000
04150P,燿華康和93售01  ,0,0,0,0,0,0,0,0,0,-7000,0,0,0,0,7000,-7000,-7000
04337P,台積電元大93售25,0,0,0,0,0,0,0,0,0,-7000,0,0,0,23000,30000,-7000,-7000
046672,聯茂元大93購01  ,0,0,0,0,0,0,0,0,0,-7000,0,0,0,0,7000,-7000,-7000
046374,台積電凱基92購20,0,0,0,0,0,0,0,0,0,-7000,0,0,0,3000,10000,-7000,-7000
046387,臻鼎凱基92購04  ,0,0,0,0,0,0,0,0,0,-7000,0,0,0,4000,11000,-7000,-7000
046951,GIS元大93購08   ,0,0,0,0,0,0,0,0,0,-7000,0,0,0,19000,26000,-7000,-7000
049362,國巨元大94購04  ,0,0,0,0,0,0,0,0,0,-7000,0,0,0,6000,13000,-7000,-7000
049268,聯茂元大94購03  ,0,0,0,0,0,0,0,0,0,-7000,0,0,0,0,7000,-7000,-7000
047974,新光金兆豐93購01,0,0,0,0,0,0,0,0,0,-7000,0,0,0,14000,21000,-7000,-7000
04987P,昇陽半永豐94售04,0,0,0,0,0,0,0,0,0,-7000,0,0,0,117000,124000,-7000,-7000
049761,亞德客國泰95購03,0,0,0,0,0,0,0,0,0,-7000,0,0,0,21000,28000,-7000,-7000
048735,美利達麥證95購01,0,0,0,0,7000,-7000,0,0,0,-7000,0,0,0,0,7000,-7000,-7000
048956,美食康和94購01  ,0,0,0,0,0,0,0,0,0,-7000,0,0,0,1000,8000,-7000,-7000
050184,信邦元大94購01  ,0,0,0,0,0,0,0,0,0,-7000,0,0,0,0,7000,-7000,-7000
050407,聯詠台新94購02  ,0,0,0,0,0,0,0,0,0,-7000,0,0,0,4000,11000,-7000,-7000
050220,台積電元富96購01,0,0,0,0,0,0,0,0,0,-7000,0,0,0,151000,158000,-7000,-7000
050313,大立光兆豐94購05,0,0,0,0,0,0,0,0,0,-7000,0,0,0,0,7000,-7000,-7000
048308,儒鴻凱基93購05  ,0,0,0,0,0,0,0,0,0,-7000,0,0,0,3000,10000,-7000,-7000
049950,南亞科群益94購02,0,0,0,0,0,0,0,0,0,-7000,0,0,0,82000,89000,-7000,-7000
047073,大立光兆豐94購01,0,0,0,0,0,0,0,0,0,-7000,0,0,0,0,7000,-7000,-7000
051611,鈺齊群益95購02  ,0,0,0,0,0,0,0,0,0,-7000,0,0,0,8000,15000,-7000,-7000
051567,台積電富邦95購06,0,0,0,0,0,0,0,0,0,-7000,0,0,0,6000,13000,-7000,-7000
051411,聯發科國票95購05,0,0,0,0,0,0,0,0,0,-7000,0,0,0,10000,17000,-7000,-7000
05134P,鴻海凱基96售06  ,0,0,0,0,0,0,0,0,0,-7000,0,0,0,0,7000,-7000,-7000
051740,可成國票96購04  ,0,0,0,0,0,0,0,0,0,-7000,0,0,0,2000,9000,-7000,-7000
051027,楠梓電元富95購01,0,0,0,0,0,0,0,0,0,-7000,0,0,0,0,7000,-7000,-7000
051145,台積電凱基95購05,0,0,0,0,0,0,0,0,0,-7000,0,0,0,3000,10000,-7000,-7000
052519,旺宏元大95購05  ,0,0,0,0,0,0,0,0,0,-7000,0,0,0,113000,120000,-7000,-7000
052227,瑞昱凱基95購05  ,0,0,0,0,0,0,0,0,0,-7000,0,0,0,62000,69000,-7000,-7000
053057,聯電國泰97購02  ,0,0,0,0,0,0,0,0,0,-7000,0,0,0,64000,71000,-7000,-7000
053076,貿聯永豐96購01  ,0,0,0,0,0,0,0,0,0,-7000,0,0,0,0,7000,-7000,-7000
053261,國巨群益96購05  ,0,0,0,0,0,0,0,0,0,-7000,0,0,0,10000,17000,-7000,-7000
052838,新唐國泰98購01  ,0,0,0,0,0,0,0,0,0,-7000,0,0,0,0,7000,-7000,-7000
052906,緯創國票97購01  ,0,0,0,0,0,0,0,0,0,-7000,0,0,0,3000,10000,-7000,-7000
05669P,嘉晶永豐96售03  ,0,0,0,0,0,0,0,0,0,-7000,0,0,0,64000,71000,-7000,-7000
055970,聯茂元大97購04  ,0,0,0,0,0,0,0,0,0,-7000,0,0,0,0,7000,-7000,-7000
1528,恩德            ,3000,10000,-7000,0,0,0,0,0,0,0,0,0,0,0,0,0,-7000
1524,耿鼎            ,1000,8000,-7000,0,0,0,0,0,0,0,0,0,0,0,0,0,-7000
1235,興泰            ,2000,8000,-6000,0,0,0,0,0,0,-1000,0,1000,-1000,0,0,0,-7000
1323,永裕            ,9000,16000,-7000,0,0,0,0,0,0,0,0,0,0,0,0,0,-7000
1203,味王            ,0,7000,-7000,0,0,0,0,0,0,0,0,0,0,0,0,0,-7000
08714P,華碩元富01售03  ,0,0,0,0,0,0,0,0,0,-7000,0,0,0,59000,66000,-7000,-7000
2239,英利-KY         ,0,6000,-6000,0,0,0,0,0,0,-1000,0,1000,-1000,0,0,0,-7000
1721,三晃            ,0,6000,-6000,0,0,0,0,0,0,-1000,0,1000,-1000,0,0,0,-7000
1737,臺鹽            ,30000,36000,-6000,0,0,0,0,0,0,-1000,0,1000,-1000,0,0,0,-7000
1724,台硝            ,1000,8000,-7000,0,0,0,0,0,0,0,0,0,0,0,0,0,-7000
1810,和成            ,2000,8000,-6000,0,0,0,0,0,0,-1000,0,1000,-1000,0,0,0,-7000
06204P,鴻海群益97售04  ,0,0,0,0,0,0,0,0,0,-7000,0,0,0,0,7000,-7000,-7000
06255P,臺股指群益97售08,0,0,0,0,0,0,0,0,0,-7000,0,0,0,0,7000,-7000,-7000
6573,虹揚-KY         ,9000,16000,-7000,0,0,0,0,0,0,0,0,0,0,0,0,0,-7000
4566,時碩工業        ,42000,50000,-8000,0,0,0,0,0,0,1000,1000,0,1000,0,0,0,-7000
5007,三星            ,0,7000,-7000,0,0,0,0,0,0,0,0,0,0,0,0,0,-7000
2816,旺旺保          ,54000,61000,-7000,0,0,0,0,0,0,0,0,0,0,0,0,0,-7000
2509,全坤建          ,0,6000,-6000,0,0,0,0,0,0,-1000,0,1000,-1000,0,0,0,-7000
2497,怡利電          ,3000,9000,-6000,0,0,0,0,0,0,-1000,0,1000,-1000,0,0,0,-7000
2466,冠西電          ,3000,9000,-6000,0,0,0,0,0,0,-1000,0,1000,-1000,0,0,0,-7000
053923,亞光國票97購01  ,0,0,0,0,0,0,0,0,0,-8000,0,0,0,4000,12000,-8000,-8000
053833,彩晶台新97購02  ,0,0,0,0,0,0,0,0,0,-8000,0,0,0,30000,38000,-8000,-8000
054444,緯穎台新97購01  ,0,0,0,0,0,0,0,0,0,-8000,0,0,0,0,8000,-8000,-8000
055342,鴻海凱基97購04  ,0,0,0,0,0,0,0,0,0,-8000,0,0,0,20000,28000,-8000,-8000
055445,旺宏統一99購01  ,0,0,0,0,0,0,0,0,0,-8000,0,0,0,48000,56000,-8000,-8000
055573,國巨統一97購06  ,0,0,0,0,0,0,0,0,0,-8000,0,0,0,52000,60000,-8000,-8000
055541,聚陽凱基98購01  ,0,0,0,0,0,0,0,0,0,-8000,0,0,0,0,8000,-8000,-8000
055819,晶相光國票98購01,0,0,0,0,0,0,0,0,0,-8000,0,0,0,0,8000,-8000,-8000
054673,京鼎國泰98購01  ,0,0,0,0,0,0,0,0,0,-8000,0,0,0,0,8000,-8000,-8000
05487P,台表科凱基95售02,0,0,0,0,0,0,0,0,0,-8000,0,0,0,5000,13000,-8000,-8000
054928,帆宣凱基98購01  ,0,0,0,0,0,0,0,0,0,-8000,0,0,0,0,8000,-8000,-8000
055105,鴻海凱基98購05  ,0,0,0,0,0,0,0,0,0,-8000,0,0,0,20000,28000,-8000,-8000
055172,凱美統一97購02  ,0,0,0,0,0,0,0,0,0,-8000,0,0,0,22000,30000,-8000,-8000
049256,瑞昱元大94購04  ,0,0,0,0,0,0,0,0,0,-8000,0,0,0,3000,11000,-8000,-8000
048985,茂林元大94購01  ,0,0,0,0,0,0,0,0,0,-8000,0,0,0,5000,13000,-8000,-8000
049030,凌華群益94購01  ,0,0,0,0,0,0,0,0,0,-8000,0,0,0,132000,140000,-8000,-8000
044988,玉晶光統一95購01,0,0,0,0,0,0,0,0,0,-8000,0,0,0,10000,18000,-8000,-8000
046317,亞光元大92購04  ,0,0,0,0,0,0,0,0,0,-8000,0,0,0,2000,10000,-8000,-8000
044819,新日興兆豐93購02,0,0,0,0,0,0,0,0,0,-8000,0,0,0,72000,80000,-8000,-8000
046800,儒鴻元大93購02  ,0,0,0,0,0,0,0,0,0,-8000,0,0,0,2000,10000,-8000,-8000
03425B,臺股指元大9A熊01,0,0,0,0,0,0,0,0,0,-8000,0,0,0,5000,13000,-8000,-8000
04999P,南電永豐95售01  ,0,0,0,0,0,0,0,0,0,-8000,0,0,0,0,8000,-8000,-8000
047033,日月光中信95購01,0,0,0,0,0,0,0,0,0,-8000,0,0,0,22000,30000,-8000,-8000
048644,華固元大93購01  ,0,0,0,0,0,0,0,0,0,-8000,0,0,0,0,8000,-8000,-8000
04838P,宏達電元大95售02,0,0,0,0,0,0,0,0,0,-8000,0,0,0,57000,65000,-8000,-8000
048393,台光電國票93購02,0,0,0,0,0,0,0,0,0,-8000,0,0,0,0,8000,-8000,-8000
050510,元油2X元大94購10,0,0,0,0,0,0,0,0,0,-8000,0,0,0,2000,10000,-8000,-8000
050783,旺宏國泰96購02  ,0,0,0,0,0,0,0,0,0,-8000,0,0,0,96000,104000,-8000,-8000
050085,國泰金元富94購01,0,0,0,0,0,0,0,0,0,-8000,0,0,0,12000,20000,-8000,-8000
04824P,亞泥中信94售02  ,0,0,0,0,0,0,0,0,0,-8000,0,0,0,0,8000,-8000,-8000
048700,和鑫國票95購01  ,0,0,0,0,0,0,0,0,0,-8000,0,0,0,17000,25000,-8000,-8000
047706,燿華凱基95購01  ,0,10000,-10000,0,0,0,0,0,0,2000,0,0,0,70000,68000,2000,-8000
049694,華新科元大95購06,0,0,0,0,0,0,0,0,0,-8000,0,0,0,0,8000,-8000,-8000
049682,友達統一94購03  ,0,0,0,0,0,0,0,0,0,-8000,0,0,0,0,8000,-8000,-8000
049544,台積電群益94購08,0,0,0,0,0,0,0,0,0,-8000,0,0,0,67000,75000,-8000,-8000
049496,和鑫元大95購01  ,0,0,0,0,0,0,0,0,0,-8000,0,0,0,0,8000,-8000,-8000
048790,大立光元大95購05,0,0,0,0,0,0,0,0,0,-8000,0,0,0,0,8000,-8000,-8000
048768,景碩凱基94購02  ,0,0,0,0,0,0,0,0,0,-8000,0,0,0,40000,48000,-8000,-8000
049899,台積電元富94購05,0,0,0,0,0,0,0,0,0,-8000,0,0,0,27000,35000,-8000,-8000
052752,臺股指元大96購06,0,0,0,0,0,0,0,0,0,-8000,0,0,0,0,8000,-8000,-8000
052976,台表科群益96購03,0,0,0,0,0,0,0,0,0,-8000,0,0,0,10000,18000,-8000,-8000
053243,楠梓電國票97購02,0,0,0,0,0,0,0,0,0,-8000,0,0,0,0,8000,-8000,-8000
053346,群創國票97購04  ,0,0,0,0,0,0,0,0,0,-8000,0,0,0,0,8000,-8000,-8000
052171,台積電元大95購21,0,0,0,0,0,0,0,0,0,-8000,0,0,0,10000,18000,-8000,-8000
052560,康舒國票97購01  ,0,0,0,0,0,0,0,0,0,-8000,0,0,0,0,8000,-8000,-8000
051077,台郡國泰96購02  ,0,0,0,0,0,0,0,0,0,-8000,0,0,0,25000,33000,-8000,-8000
051340,健策永豐95購03  ,0,0,0,0,0,0,0,0,0,-8000,0,0,0,53000,61000,-8000,-8000
050745,茂林永豐94購06  ,0,0,0,0,0,0,0,0,0,-8000,0,0,0,0,8000,-8000,-8000
050578,聯發科國票95購03,0,0,0,0,0,0,0,0,0,-8000,0,0,0,10000,18000,-8000,-8000
052037,全新國泰96購02  ,0,0,0,0,0,0,0,0,0,-8000,0,0,0,10000,18000,-8000,-8000
051537,牧德國票96購01  ,0,0,0,0,0,0,0,0,0,-8000,0,0,0,0,8000,-8000,-8000
051531,國巨國票96購04  ,0,0,0,0,0,0,0,0,0,-8000,0,0,0,70000,78000,-8000,-8000
2459,敦吉            ,26000,34000,-8000,0,0,0,0,0,0,0,0,0,0,0,0,0,-8000
2851,中再保          ,49000,54000,-5000,0,0,0,0,0,0,-3000,0,3000,-3000,0,0,0,-8000
3149,正達            ,30000,38000,-8000,0,0,0,0,0,0,0,0,0,0,0,0,0,-8000
4148,全宇生技-KY     ,3000,11000,-8000,0,0,0,0,0,0,0,0,0,0,0,0,0,-8000
6172,互億            ,2000,10000,-8000,0,0,0,0,0,0,0,0,0,0,0,0,0,-8000
9943,好樂迪          ,25000,33000,-8000,0,0,0,0,0,0,0,0,0,0,0,0,0,-8000
9925,新保            ,17000,25000,-8000,0,0,0,0,0,0,0,0,0,0,0,0,0,-8000
910861,神州-DR         ,2000,10000,-8000,0,0,0,0,0,0,0,0,0,0,0,0,0,-8000
06417P,台積電兆豐97售03,0,0,0,0,0,0,0,0,0,-8000,0,0,0,0,8000,-8000,-8000
1459,聯發            ,2000,10000,-8000,0,0,0,0,0,0,0,0,0,0,0,0,0,-8000
056067,智原元大97購01  ,0,0,0,0,0,0,0,0,0,-8000,0,0,0,0,8000,-8000,-8000
056150,台光電凱基98購02,0,0,0,0,0,0,0,0,0,-8000,0,0,0,0,8000,-8000,-8000
05999P,世芯元大96售01  ,0,0,0,0,0,0,0,0,0,-8000,0,0,0,15000,23000,-8000,-8000
055204,宏達電中信99購01,0,0,0,0,0,0,0,0,0,-9000,0,0,0,30000,39000,-9000,-9000
055188,亞翔統一97購01  ,0,0,0,0,0,0,0,0,0,-9000,0,0,0,1000,10000,-9000,-9000
055044,信錦永豐97購01  ,0,0,0,0,0,0,0,0,0,-9000,0,0,0,42000,51000,-9000,-9000
054880,華泰統一97購01  ,0,0,0,0,0,0,0,0,0,-9000,0,0,0,27000,36000,-9000,-9000
054785,建準群益98購01  ,0,0,0,0,0,0,0,0,0,-9000,0,0,0,11000,20000,-9000,-9000
055818,晶相光國票97購02,0,0,0,0,0,0,0,0,0,-9000,0,0,0,1000,10000,-9000,-9000
055381,茂林元大97購02  ,0,0,0,0,0,0,0,0,0,-9000,0,0,0,12000,21000,-9000,-9000
054472,道瓊反中信9A購01,0,0,0,0,0,0,0,0,0,-9000,0,0,0,0,9000,-9000,-9000
054418,茂林元大97購01  ,0,0,0,0,0,0,0,0,0,-9000,0,0,0,10000,19000,-9000,-9000
054406,旺宏國票98購01  ,0,0,0,0,0,0,0,0,0,-9000,0,0,0,4000,13000,-9000,-9000
054493,同欣電台新96購01,0,0,0,0,0,0,0,0,0,-9000,0,0,0,1000,10000,-9000,-9000
054189,貿聯永豐96購03  ,0,0,0,0,0,0,0,0,0,-9000,0,0,0,1000,10000,-9000,-9000
054248,燿華元大97購02  ,0,0,0,0,0,0,0,0,0,-9000,0,0,0,85000,94000,-9000,-9000
054090,瑞昱群益97購01  ,0,0,0,0,0,0,0,0,0,-9000,0,0,0,4000,13000,-9000,-9000
053965,聯電元大98購04  ,0,0,0,0,0,0,0,0,0,-9000,0,0,0,0,9000,-9000,-9000
053480,祥碩元大96購02  ,0,0,0,0,0,0,0,0,0,-9000,0,0,0,3000,12000,-9000,-9000
04388P,滬深2X凱基95售05,0,0,0,0,0,0,0,0,0,-9000,0,0,0,10000,19000,-9000,-9000
04599P,南亞科凱基94售03,0,0,0,0,0,0,0,0,0,-9000,0,0,0,51000,60000,-9000,-9000
045853,緯穎永豐92購02  ,0,0,0,0,0,0,0,0,0,-9000,0,0,0,1000,10000,-9000,-9000
049074,光罩凱基94購02  ,0,0,0,0,0,0,0,0,0,-9000,0,0,0,17000,26000,-9000,-9000
049093,昇陽半凱基94購01,0,0,0,0,0,0,0,0,0,-9000,0,0,0,0,9000,-9000,-9000
049101,聯詠國泰95購01  ,0,0,0,0,0,0,0,0,0,-9000,0,0,0,0,9000,-9000,-9000
04730P,臺股指中信96售02,0,0,0,0,0,0,0,0,0,-9000,0,0,0,0,9000,-9000,-9000
047627,華新科國票94購03,0,0,0,0,0,0,0,0,0,-9000,0,0,0,0,9000,-9000,-9000
050788,台郡國泰96購01  ,0,0,0,0,0,0,0,0,0,-9000,0,0,0,0,9000,-9000,-9000
04808P,訊芯永豐94售02  ,0,0,0,0,0,0,0,0,0,-9000,0,0,0,1000,10000,-9000,-9000
047083,大立光永豐93購01,0,0,0,0,0,0,0,0,0,-9000,0,0,0,1000,10000,-9000,-9000
048124,大立光元大95購03,0,0,0,0,0,0,0,0,0,-9000,0,0,0,1000,10000,-9000,-9000
047131,鴻海凱基94購03  ,0,0,0,0,0,0,0,0,0,-9000,0,0,0,30000,39000,-9000,-9000
051624,智邦麥證95購02  ,0,0,0,80000,89000,-9000,0,0,0,-9000,0,0,0,80000,89000,-9000,-9000
051683,A50正2凱基97購01,0,0,0,0,0,0,0,0,0,-9000,0,0,0,21000,30000,-9000,-9000
051524,貿聯凱基95購02  ,0,0,0,0,0,0,0,0,0,-9000,0,0,0,61000,70000,-9000,-9000
051305,訊連凱基96購01  ,0,0,0,0,0,0,0,0,0,-9000,0,0,0,1000,10000,-9000,-9000
051292,牧德統一97購01  ,0,0,0,0,0,0,0,0,0,-9000,0,0,0,0,9000,-9000,-9000
051250,大立光元大98購01,0,0,0,0,0,0,0,0,0,-9000,0,0,0,1000,10000,-9000,-9000
052446,聯發科元大96購03,0,0,0,0,0,0,0,0,0,-9000,0,0,0,1000,10000,-9000,-9000
052346,訊芯凱基95購01  ,0,0,0,0,0,0,0,0,0,-9000,0,0,0,10000,19000,-9000,-9000
052953,百和國票97購01  ,0,0,0,0,0,0,0,0,0,-9000,0,0,0,0,9000,-9000,-9000
052941,康控兆豐97購01  ,0,0,0,0,0,0,0,0,0,-9000,0,0,0,100000,109000,-9000,-9000
052831,華固群益96購01  ,0,0,0,0,0,0,0,0,0,-9000,0,0,0,13000,22000,-9000,-9000
056141,聯茂元大97購05  ,0,0,0,0,0,0,0,0,0,-9000,0,0,0,0,9000,-9000,-9000
056246,祥碩群益97購01  ,0,0,0,0,0,0,0,0,0,-9000,0,0,0,3000,12000,-9000,-9000
1416,廣豐            ,0,9000,-9000,0,0,0,0,0,0,0,0,0,0,0,0,0,-9000
1436,華友聯          ,6000,14000,-8000,0,0,0,0,0,0,-1000,0,1000,-1000,0,0,0,-9000
1530,亞崴            ,0,9000,-9000,0,0,0,0,0,0,0,0,0,0,0,0,0,-9000
08749P,鴻海台新01售02  ,0,0,0,0,0,0,0,0,0,-9000,0,0,0,6000,15000,-9000,-9000
1340,勝悅-KY         ,8000,17000,-9000,0,0,0,0,0,0,0,0,0,0,0,0,0,-9000
2069,運錩            ,0,9000,-9000,0,0,0,0,0,0,0,0,0,0,0,0,0,-9000
06386P,欣興永豐97售03  ,0,0,0,0,0,0,0,0,0,-9000,0,0,0,0,9000,-9000,-9000
9941A,裕融甲特        ,0,0,0,0,0,0,0,0,0,-9000,1000,10000,-9000,0,0,0,-9000
2706,第一店          ,1000,7000,-6000,0,0,0,0,0,0,-3000,0,3000,-3000,0,0,0,-9000
2528,皇普            ,4000,9000,-5000,0,0,0,0,0,0,-4000,5000,9000,-4000,0,0,0,-9000
053379,南亞科元大96購01,0,0,0,0,0,0,0,0,0,-10000,0,0,0,0,10000,-10000,-10000
053369,T50反1元大96購06,0,0,0,0,0,0,0,0,0,-10000,0,0,0,0,10000,-10000,-10000
053422,可成永豐96購01  ,0,0,0,0,0,0,0,0,0,-10000,0,0,0,68000,78000,-10000,-10000
053590,新光金元大9A購02,0,0,0,0,0,0,0,0,0,-10000,0,0,0,85000,95000,-10000,-10000
053580,國巨元大96購10  ,0,0,0,0,0,0,0,0,0,-10000,0,0,0,0,10000,-10000,-10000
053609,華新中信9A購01  ,0,0,0,0,0,0,0,0,0,-10000,0,0,0,10000,20000,-10000,-10000
053635,技嘉永豐96購01  ,0,0,0,0,0,0,0,0,0,-10000,0,0,0,48000,58000,-10000,-10000
053679,緯創富邦96購01  ,0,0,0,0,0,0,0,0,0,-10000,0,0,0,0,10000,-10000,-10000
053913,華新國票97購01  ,0,0,0,0,0,0,0,0,0,-10000,0,0,0,21000,31000,-10000,-10000
053862,南亞科元大97購02,0,0,0,0,0,0,0,0,0,-10000,0,0,0,0,10000,-10000,-10000
05380P,鴻海群益95售11  ,0,0,0,0,0,0,0,0,0,-10000,0,0,0,5000,15000,-10000,-10000
053774,台達電元大96購04,0,0,0,0,0,0,0,0,0,-10000,0,0,0,0,10000,-10000,-10000
053696,日月光元大96購05,0,0,0,0,0,0,0,0,0,-10000,0,0,0,10000,20000,-10000,-10000
053750,致伸永豐96購02  ,0,0,0,0,0,0,0,0,0,-10000,0,0,0,0,10000,-10000,-10000
053731,矽創凱基96購03  ,0,0,0,0,0,0,0,0,0,-10000,0,0,0,0,10000,-10000,-10000
054110,群創凱基98購09  ,0,0,0,0,0,0,0,0,0,-10000,0,0,0,10000,20000,-10000,-10000
054103,T50反1凱基99購04,0,0,0,0,0,0,0,0,0,-10000,0,0,0,0,10000,-10000,-10000
054135,大立光元大97購04,0,0,0,0,0,0,0,0,0,-10000,0,0,0,0,10000,-10000,-10000
05404P,台積電群益95售06,0,0,0,0,0,0,0,0,0,-10000,0,0,0,0,10000,-10000,-10000
054028,臻鼎凱基96購03  ,0,0,0,0,0,0,0,0,0,-10000,0,0,0,10000,20000,-10000,-10000
054194,國巨麥證96購02  ,0,0,0,0,10000,-10000,0,0,0,-10000,0,0,0,0,10000,-10000,-10000
054165,亞光凱基96購02  ,0,0,0,0,0,0,0,0,0,-10000,0,0,0,104000,114000,-10000,-10000
054171,台郡凱基97購01  ,0,0,0,0,0,0,0,0,0,-10000,0,0,0,3000,13000,-10000,-10000
054310,牧德凱基98購01  ,0,0,0,0,0,0,0,0,0,-10000,0,0,0,10000,20000,-10000,-10000
054299,南電元大96購03  ,0,0,0,0,0,0,0,0,0,-10000,0,0,0,17000,27000,-10000,-10000
054305,光磊凱基98購01  ,0,0,0,0,0,0,0,0,0,-10000,0,0,0,0,10000,-10000,-10000
054281,世芯群益97購01  ,0,0,0,0,0,0,0,0,0,-10000,0,0,0,0,10000,-10000,-10000
054503,京鼎永豐96購04  ,0,0,0,0,0,0,0,0,0,-10000,0,0,0,14000,24000,-10000,-10000
054545,奇力新中信98購01,0,0,0,0,0,0,0,0,0,-10000,0,0,0,20000,30000,-10000,-10000
054628,可成凱基98購01  ,0,0,0,0,0,0,0,0,0,-10000,0,0,0,0,10000,-10000,-10000
054629,華新科凱基98購01,0,0,0,0,0,0,0,0,0,-10000,0,0,0,10000,20000,-10000,-10000
054615,牧德永豐98購01  ,0,0,0,0,0,0,0,0,0,-10000,0,0,0,0,10000,-10000,-10000
054401,康普永豐96購01  ,0,0,0,0,0,0,0,0,0,-10000,0,0,0,0,10000,-10000,-10000
054399,智易永豐96購03  ,0,0,0,0,0,0,0,0,0,-10000,0,0,0,10000,20000,-10000,-10000
054422,T50反1富邦9A購01,0,0,0,0,0,0,0,0,0,-10000,0,0,0,0,10000,-10000,-10000
054428,禾伸堂富邦98購01,0,0,0,0,0,0,0,0,0,-10000,0,0,0,30000,40000,-10000,-10000
055455,健策國泰98購02  ,0,0,0,0,0,0,0,0,0,-10000,0,0,0,40000,50000,-10000,-10000
055361,樺漢凱基97購01  ,0,0,0,0,0,0,0,0,0,-10000,0,0,0,0,10000,-10000,-10000
055363,緯穎凱基98購03  ,0,0,0,0,0,0,0,0,0,-10000,0,0,0,0,10000,-10000,-10000
055352,奇力新凱基97購01,0,0,0,0,0,0,0,0,0,-10000,0,0,0,0,10000,-10000,-10000
055344,國巨凱基97購04  ,0,0,0,0,0,0,0,0,0,-10000,0,0,0,0,10000,-10000,-10000
055315,晶技麥證97購01  ,0,0,0,0,10000,-10000,0,0,0,-10000,0,0,0,0,10000,-10000,-10000
055584,國巨元大97購11  ,0,0,0,0,0,0,0,0,0,-10000,0,0,0,0,10000,-10000,-10000
055619,同欣電國票98購02,0,0,0,0,0,0,0,0,0,-10000,0,0,0,4000,14000,-10000,-10000
055489,瑞昱元大97購02  ,0,0,0,0,0,0,0,0,0,-10000,0,0,0,38000,48000,-10000,-10000
055461,TPK永豐97購01   ,0,0,0,0,0,0,0,0,0,-10000,0,0,0,0,10000,-10000,-10000
055933,欣興群益98購02  ,0,0,0,0,0,0,0,0,0,-10000,0,0,0,0,10000,-10000,-10000
055740,智易元富97購01  ,0,0,0,0,0,0,0,0,0,-10000,0,0,0,0,10000,-10000,-10000
055730,建準元富97購02  ,0,0,0,0,0,0,0,0,0,-10000,0,0,0,0,10000,-10000,-10000
055731,美律元富97購01  ,0,0,0,0,0,0,0,0,0,-10000,0,0,0,0,10000,-10000,-10000
055647,義隆元富97購01  ,0,0,0,0,0,0,0,0,0,-10000,0,0,0,0,10000,-10000,-10000
055652,聯詠元富01購01  ,0,0,0,0,0,0,0,0,0,-10000,0,0,0,0,10000,-10000,-10000
055623,貿聯國泰99購01  ,0,0,0,0,0,0,0,0,0,-10000,0,0,0,10000,20000,-10000,-10000
055687,瀚宇博凱基97購01,0,0,0,0,0,0,0,0,0,-10000,0,0,0,0,10000,-10000,-10000
055693,南茂凱基97購01  ,0,0,0,0,0,0,0,0,0,-10000,0,0,0,0,10000,-10000,-10000
055669,緯穎群益97購02  ,0,0,0,0,0,0,0,0,0,-10000,0,0,0,49000,59000,-10000,-10000
054734,燿華凱基97購03  ,0,0,0,0,0,0,0,0,0,-10000,0,0,0,0,10000,-10000,-10000
054773,台郡國票98購01  ,0,0,0,0,0,0,0,0,0,-10000,0,0,0,0,10000,-10000,-10000
054744,晶相光凱基99購01,0,0,0,0,0,0,0,0,0,-10000,0,0,0,0,10000,-10000,-10000
054653,聯發科麥證97購02,0,0,0,0,10000,-10000,0,0,0,-10000,0,0,0,0,10000,-10000,-10000
054715,中橡康和97購01  ,0,0,0,0,0,0,0,0,0,-10000,0,0,0,5000,15000,-10000,-10000
054819,裕民元大9A購01  ,0,0,0,0,0,0,0,0,0,-10000,0,0,0,0,10000,-10000,-10000
054846,瑞昱兆豐97購01  ,0,0,0,0,0,0,0,0,0,-10000,0,0,0,10000,20000,-10000,-10000
054922,文曄凱基98購01  ,0,0,0,0,0,0,0,0,0,-10000,0,0,0,0,10000,-10000,-10000
054908,群電康和97購01  ,0,0,0,0,0,0,0,0,0,-10000,0,0,0,0,10000,-10000,-10000
054918,華新科凱基98購02,0,0,0,0,0,0,0,0,0,-10000,0,0,0,0,10000,-10000,-10000
054955,宏達電元大98購01,0,0,0,0,0,0,0,0,0,-10000,0,0,0,4000,14000,-10000,-10000
055024,興勤國泰98購01  ,0,0,0,0,0,0,0,0,0,-10000,0,0,0,30000,40000,-10000,-10000
054987,凱美元富97購01  ,0,0,0,0,0,0,0,0,0,-10000,0,0,0,20000,30000,-10000,-10000
055010,佐登元富97購01  ,0,0,0,0,0,0,0,0,0,-10000,0,0,0,40000,50000,-10000,-10000
055011,元翎元富97購01  ,0,0,0,0,0,0,0,0,0,-10000,0,0,0,0,10000,-10000,-10000
055173,瑞昱統一97購01  ,0,0,0,0,0,0,0,0,0,-10000,0,0,0,0,10000,-10000,-10000
055157,晶豪科元大97購01,0,0,0,0,0,0,0,0,0,-10000,0,0,0,10000,20000,-10000,-10000
055146,華通元大98購04  ,0,0,0,0,0,0,0,0,0,-10000,0,0,0,11000,21000,-10000,-10000
055231,大毅國票98購02  ,0,0,0,0,0,0,0,0,0,-10000,0,0,0,22000,32000,-10000,-10000
055287,日電貿元大97購01,0,0,0,0,0,0,0,0,0,-10000,0,0,0,0,10000,-10000,-10000
055282,聯發科元大97購15,0,0,0,0,0,0,0,0,0,-10000,0,0,0,12000,22000,-10000,-10000
049066,元石油凱基97購01,0,0,0,0,0,0,0,0,0,-10000,0,0,0,0,10000,-10000,-10000
049033,大成鋼兆豐94購01,0,0,0,0,0,0,0,0,0,-10000,0,0,0,0,10000,-10000,-10000
04911P,美律元富94售02  ,0,0,0,0,0,0,0,0,0,-10000,0,0,0,10000,20000,-10000,-10000
049135,台達電元大94購03,0,0,0,0,0,0,0,0,0,-10000,0,0,0,0,10000,-10000,-10000
04912P,可成元富94售06  ,0,0,0,0,0,0,0,0,0,-10000,0,0,0,0,10000,-10000,-10000
048999,康普國票95購01  ,0,0,0,0,0,0,0,0,0,-10000,0,0,0,0,10000,-10000,-10000
049014,台達電群益94購02,0,0,0,0,0,0,0,0,0,-10000,0,0,0,8000,18000,-10000,-10000
048970,裕民元大94購01  ,0,0,0,0,0,0,0,0,0,-10000,0,0,0,0,10000,-10000,-10000
049298,矽格群益95購01  ,0,0,0,0,0,0,0,0,0,-10000,0,0,0,10000,20000,-10000,-10000
049291,華通群益94購04  ,0,0,0,0,0,0,0,0,0,-10000,0,0,0,0,10000,-10000,-10000
044991,T50反1國泰93購02,0,0,0,0,0,0,0,0,0,-10000,0,0,0,0,10000,-10000,-10000
045608,鴻海群益93購02  ,0,0,0,0,0,0,0,0,0,-10000,0,0,0,0,10000,-10000,-10000
045496,鴻海凱基92購07  ,0,0,0,0,0,0,0,0,0,-10000,0,0,0,10000,20000,-10000,-10000
045534,深中小群益94購01,0,0,0,0,0,0,0,0,0,-10000,0,0,0,0,10000,-10000,-10000
045087,玉晶光元大95購01,0,0,0,0,0,0,0,0,0,-10000,0,0,0,0,10000,-10000,-10000
045085,新日興元大92購01,0,0,0,0,0,0,0,0,0,-10000,0,0,0,0,10000,-10000,-10000
046171,中環永豐92購01  ,0,0,0,0,0,0,0,0,0,-10000,0,0,0,0,10000,-10000,-10000
045273,鴻海統一92購02  ,0,0,0,0,0,0,0,0,0,-10000,0,0,0,20000,30000,-10000,-10000
045299,友達元大92購02  ,0,0,0,0,0,0,0,0,0,-10000,0,0,0,0,10000,-10000,-10000
045254,台積電凱基92購05,0,0,0,0,0,0,0,0,0,-10000,0,0,0,0,10000,-10000,-10000
045401,大立光兆豐93購01,0,0,0,0,0,0,0,0,0,-10000,0,0,0,0,10000,-10000,-10000
045457,光磊元大93購01  ,0,0,0,0,0,0,0,0,0,-10000,0,0,0,0,10000,-10000,-10000
045443,群創元富98購01  ,0,0,0,0,0,0,0,0,0,-10000,0,0,0,0,10000,-10000,-10000
045378,智邦元大92購04  ,0,0,0,0,0,0,0,0,0,-10000,0,0,0,0,10000,-10000,-10000
045346,潤泰全凱基92購02,0,0,0,0,0,0,0,0,0,-10000,0,0,0,20000,30000,-10000,-10000
045782,欣興元大93購04  ,0,0,0,0,0,0,0,0,0,-10000,0,0,0,0,10000,-10000,-10000
044524,瑞儀凱基93購02  ,0,0,0,0,0,0,0,0,0,-10000,0,0,0,0,10000,-10000,-10000
044643,滬深2X群益96購01,0,0,0,0,0,0,0,0,0,-10000,0,0,0,0,10000,-10000,-10000
044619,T50反1元大92購03,0,0,0,0,0,0,0,0,0,-10000,0,0,0,0,10000,-10000,-10000
044688,傳奇凱基93購01  ,0,0,0,0,0,0,0,0,0,-10000,0,0,0,0,10000,-10000,-10000
044622,旺宏元大92購06  ,0,0,0,0,0,0,0,0,0,-10000,0,0,0,10000,20000,-10000,-10000
045999,華通統一92購02  ,0,0,0,0,0,0,0,0,0,-10000,0,0,0,0,10000,-10000,-10000
045966,聯詠凱基92購07  ,0,0,0,0,0,0,0,0,0,-10000,0,0,0,0,10000,-10000,-10000
045955,宏碁凱基93購01  ,0,0,0,0,0,0,0,0,0,-10000,0,0,0,0,10000,-10000,-10000
046007,緯穎統一92購02  ,0,0,0,0,0,0,0,0,0,-10000,0,0,0,18000,28000,-10000,-10000
046058,訊芯群益92購01  ,0,0,0,0,0,0,0,0,0,-10000,0,0,0,0,10000,-10000,-10000
046080,同欣電凱基92購03,0,0,0,0,0,0,0,0,0,-10000,0,0,0,0,10000,-10000,-10000
046096,建準國票92購01  ,0,0,0,0,0,0,0,0,0,-10000,0,0,0,0,10000,-10000,-10000
044909,玉晶光凱基93購02,0,0,0,0,0,0,0,0,0,-10000,0,0,0,0,10000,-10000,-10000
046953,嘉聯益國票94購01,0,0,0,0,0,0,0,0,0,-10000,0,0,0,0,10000,-10000,-10000
04633P,旺宏群益96售04  ,0,0,0,0,0,0,0,0,0,-10000,0,0,0,0,10000,-10000,-10000
044405,材料凱基93購01  ,0,0,0,0,0,0,0,0,0,-10000,0,0,0,5000,15000,-10000,-10000
046254,台表科群益92購02,0,0,0,0,0,0,0,0,0,-10000,0,0,0,0,10000,-10000,-10000
046279,群創康和92購02  ,0,0,0,0,0,0,0,0,0,-10000,0,0,0,0,10000,-10000,-10000
046273,和碩凱基92購02  ,0,0,0,0,0,0,0,0,0,-10000,0,0,0,10000,20000,-10000,-10000
046517,南寶元大92購02  ,0,0,0,0,0,0,0,0,0,-10000,0,0,0,0,10000,-10000,-10000
04645P,禾伸堂凱基94售03,0,0,0,0,0,0,0,0,0,-10000,0,0,0,0,10000,-10000,-10000
046642,南電永豐93購01  ,0,0,0,0,0,0,0,0,0,-10000,0,0,0,10000,20000,-10000,-10000
046528,聯詠中信94購01  ,0,0,0,0,0,0,0,0,0,-10000,0,0,0,20000,30000,-10000,-10000
043973,元金2X元大94購02,0,0,0,0,0,0,0,0,0,-10000,0,0,0,10000,20000,-10000,-10000
044010,華通凱基93購01  ,0,0,0,0,0,0,0,0,0,-10000,0,0,0,0,10000,-10000,-10000
044011,鴻海凱基93購03  ,0,0,0,0,0,0,0,0,0,-10000,0,0,0,0,10000,-10000,-10000
03942P,電子類元大93售02,0,0,0,0,0,0,0,0,0,-10000,0,0,0,0,10000,-10000,-10000
03398P,瑞昱中信06售03  ,0,0,0,0,0,0,0,0,0,-10000,0,0,0,0,10000,-10000,-10000
03276P,聯發科台新02售01,0,0,0,0,0,0,0,0,0,-10000,0,0,0,0,10000,-10000,-10000
03305P,台達電台新02售01,0,0,0,0,0,0,0,0,0,-10000,0,0,0,0,10000,-10000,-10000
03362P,台積電元大02售19,0,0,0,0,0,0,0,0,0,-10000,0,0,0,0,10000,-10000,-10000
03612C,臺股指元大95牛01,0,0,0,0,0,0,0,0,0,-10000,0,0,0,3000,13000,-10000,-10000
04383P,泰鼎國泰95售01  ,0,0,0,0,0,0,0,0,0,-10000,0,0,0,10000,20000,-10000,-10000
03605P,美利達統一92售01,0,0,0,0,0,0,0,0,0,-10000,0,0,0,0,10000,-10000,-10000
03492P,創意元大02售03  ,0,0,0,0,0,0,0,0,0,-10000,0,0,0,0,10000,-10000,-10000
00653L,富邦印度正2     ,126000,0,126000,0,0,0,0,0,0,-136000,0,0,0,65000,201000,-136000,-10000
03676P,大立光國泰93售03,0,0,0,0,0,0,0,0,0,-10000,0,0,0,0,10000,-10000,-10000
03127P,台表科凱基01售03,0,0,0,0,0,0,0,0,0,-10000,0,0,0,0,10000,-10000,-10000
03181P,台灣50元大01售40,0,0,0,0,0,0,0,0,0,-10000,0,0,0,0,10000,-10000,-10000
03085P,台積電元大01售34,0,0,0,0,0,0,0,0,0,-10000,0,0,0,0,10000,-10000,-10000
03886P,國泰金元富93售01,0,0,0,0,0,0,0,0,0,-10000,0,0,0,0,10000,-10000,-10000
03902P,義隆國票94售01  ,0,0,0,0,0,0,0,0,0,-10000,0,0,0,0,10000,-10000,-10000
046788,貿聯永豐93購01  ,0,0,0,0,0,0,0,0,0,-10000,0,0,0,0,10000,-10000,-10000
046758,聯發科凱基93購05,0,0,0,0,0,0,0,0,0,-10000,0,0,0,0,10000,-10000,-10000
046762,大立光凱基93購13,0,0,0,0,0,0,0,0,0,-10000,0,0,0,0,10000,-10000,-10000
046853,友達元大93購03  ,0,0,0,0,0,0,0,0,0,-10000,0,0,0,0,10000,-10000,-10000
045644,祥碩凱基92購01  ,0,0,0,0,0,0,0,0,0,-10000,0,0,0,0,10000,-10000,-10000
045652,緯穎凱基92購01  ,0,0,0,0,0,0,0,0,0,-10000,0,0,0,0,10000,-10000,-10000
045715,華邦電凱基92購04,0,0,0,0,0,0,0,0,0,-10000,0,0,0,20000,30000,-10000,-10000
045674,友達元大92購03  ,0,0,0,0,0,0,0,0,0,-10000,0,0,0,0,10000,-10000,-10000
045675,友達元大93購01  ,0,0,0,0,0,0,0,0,0,-10000,0,0,0,0,10000,-10000,-10000
04229P,臺股指中信95售05,0,0,0,0,0,0,0,0,0,-10000,0,0,0,0,10000,-10000,-10000
04258P,健策國票94售01  ,0,0,0,0,0,0,0,0,0,-10000,0,0,0,40000,50000,-10000,-10000
04345P,景碩國泰94售02  ,0,0,0,0,0,0,0,0,0,-10000,0,0,0,200000,210000,-10000,-10000
043585,道瓊反元大94購01,0,0,0,0,0,0,0,0,0,-10000,0,0,0,0,10000,-10000,-10000
043665,和鑫元大93購01  ,0,0,0,0,0,0,0,0,0,-10000,0,0,0,200000,210000,-10000,-10000
04370P,聯茂凱基94售05  ,0,0,0,0,0,0,0,0,0,-10000,0,0,0,0,10000,-10000,-10000
04291P,鴻海富邦93售04  ,0,0,0,0,0,0,0,0,0,-10000,0,0,0,600000,610000,-10000,-10000
042927,道瓊反中信94購01,0,0,0,0,0,0,0,0,0,-10000,0,0,0,0,10000,-10000,-10000
043050,欣興國泰93購01  ,0,0,0,0,0,0,0,0,0,-10000,0,0,0,15000,25000,-10000,-10000
04158P,南電永豐93售04  ,0,0,0,0,0,0,0,0,0,-10000,0,0,0,2000,12000,-10000,-10000
04164P,滬深2X元富93售03,0,0,0,0,0,0,0,0,0,-10000,0,0,0,0,10000,-10000,-10000
04044P,鴻海元大93售18  ,0,0,0,0,0,0,0,0,0,-10000,0,0,0,20000,30000,-10000,-10000
04075P,臺股指凱基93售11,0,0,0,0,0,0,0,0,0,-10000,0,0,0,0,10000,-10000,-10000
044284,聯電凱基92購01  ,0,0,0,0,0,0,0,0,0,-10000,0,0,0,10000,20000,-10000,-10000
044277,彩晶群益92購01  ,0,0,0,0,0,0,0,0,0,-10000,0,0,0,0,10000,-10000,-10000
047128,新日興日盛93購01,0,0,0,0,0,0,0,0,0,-10000,0,0,0,0,10000,-10000,-10000
047106,喬山元大93購01  ,0,0,0,0,0,0,0,0,0,-10000,0,0,0,0,10000,-10000,-10000
04715P,聯茂元大94售06  ,0,0,0,0,0,0,0,0,0,-10000,0,0,0,0,10000,-10000,-10000
04812P,國巨元大95售03  ,0,0,0,0,0,0,0,0,0,-10000,0,0,0,0,10000,-10000,-10000
048162,矽力麥證93購01  ,0,0,0,2000,12000,-10000,0,0,0,-10000,0,0,0,2000,12000,-10000,-10000
048037,台表科凱基93購05,0,0,0,0,0,0,0,0,0,-10000,0,0,0,0,10000,-10000,-10000
048069,南亞科元富95購02,0,0,0,0,0,0,0,0,0,-10000,0,0,0,10000,20000,-10000,-10000
049947,S&P反1中信97購01,0,0,0,0,0,0,0,0,0,-10000,0,0,0,0,10000,-10000,-10000
050005,京鼎永豐94購01  ,0,0,0,0,0,0,0,0,0,-10000,0,0,0,20000,30000,-10000,-10000
049995,GIS台新94購01   ,0,0,0,0,0,0,0,0,0,-10000,0,0,0,0,10000,-10000,-10000
048391,友訊國票94購01  ,0,0,0,0,0,0,0,0,0,-10000,0,0,0,0,10000,-10000,-10000
048374,味全元富94購01  ,0,0,0,0,0,0,0,0,0,-10000,0,0,0,20000,30000,-10000,-10000
048410,和碩群益93購01  ,0,0,0,0,0,0,0,0,0,-10000,0,0,0,30000,40000,-10000,-10000
048355,國巨永豐93購04  ,0,0,0,0,0,0,0,0,0,-10000,0,0,0,10000,20000,-10000,-10000
048356,華泰永豐93購01  ,0,0,0,0,0,0,0,0,0,-10000,0,0,0,0,10000,-10000,-10000
048366,深中小統一93購02,0,0,0,0,0,0,0,0,0,-10000,0,0,0,160000,170000,-10000,-10000
048431,瑞昱國票94購01  ,0,0,0,0,0,0,0,0,0,-10000,0,0,0,0,10000,-10000,-10000
048545,嘉澤永豐93購03  ,0,0,0,0,0,0,0,0,0,-10000,0,0,0,0,10000,-10000,-10000
04848P,康控凱基94售02  ,0,0,0,0,0,0,0,0,0,-10000,0,0,0,0,10000,-10000,-10000
048625,GIS台新93購01   ,0,0,0,0,0,0,0,0,0,-10000,0,0,0,0,10000,-10000,-10000
048654,滬深2X元富93購05,0,0,0,0,0,0,0,0,0,-10000,0,0,0,0,10000,-10000,-10000
048276,旺宏永豐94購01  ,0,0,0,0,0,0,0,0,0,-10000,0,0,0,0,10000,-10000,-10000
050138,台表科國票95購02,0,0,0,0,0,0,0,0,0,-10000,0,0,0,0,10000,-10000,-10000
050143,臻鼎元富94購05  ,0,0,0,0,0,0,0,0,0,-10000,0,0,0,10000,20000,-10000,-10000
050127,台積電凱基94購31,0,0,0,0,0,0,0,0,0,-10000,0,0,0,0,10000,-10000,-10000
05011P,南電國泰96售01  ,0,0,0,0,0,0,0,0,0,-10000,0,0,0,0,10000,-10000,-10000
048241,樺漢國票93購01  ,0,0,0,0,0,0,0,0,0,-10000,0,0,0,0,10000,-10000,-10000
04821P,臺股指永豐94售01,0,0,0,0,0,0,0,0,0,-10000,0,0,0,0,10000,-10000,-10000
048199,大立光元大94購03,0,0,0,0,0,0,0,0,0,-10000,0,0,0,0,10000,-10000,-10000
04820P,聯茂永豐94售02  ,0,0,0,0,0,0,0,0,0,-10000,0,0,0,55000,65000,-10000,-10000
048210,鴻海日盛93購01  ,0,0,0,0,0,0,0,0,0,-10000,0,0,0,10000,20000,-10000,-10000
04817P,創意國票95售02  ,0,0,0,0,0,0,0,0,0,-10000,0,0,0,0,10000,-10000,-10000
048880,昇陽半國票94購01,0,0,0,0,0,0,0,0,0,-10000,0,0,0,0,10000,-10000,-10000
047221,日月光麥證93購01,0,0,0,0,10000,-10000,0,0,0,-10000,0,0,0,0,10000,-10000,-10000
047222,鴻海凱基94購04  ,0,0,0,0,0,0,0,0,0,-10000,0,0,0,10000,20000,-10000,-10000
050477,矽力永豐94購01  ,0,0,0,0,0,0,0,0,0,-10000,0,0,0,0,10000,-10000,-10000
050523,義隆元大94購05  ,0,0,0,0,0,0,0,0,0,-10000,0,0,0,10000,20000,-10000,-10000
050521,聯發科元大94購15,0,0,0,0,0,0,0,0,0,-10000,0,0,0,1000,11000,-10000,-10000
050405,新光金麥證94購01,0,0,0,400000,410000,-10000,0,0,0,-10000,0,0,0,400000,410000,-10000,-10000
050391,大立光統一94購07,0,0,0,0,0,0,0,0,0,-10000,0,0,0,0,10000,-10000,-10000
050410,燿華永豐95購03  ,0,0,0,0,0,0,0,0,0,-10000,0,0,0,0,10000,-10000,-10000
050311,上銀兆豐95購01  ,0,0,0,0,0,0,0,0,0,-10000,0,0,0,0,10000,-10000,-10000
050376,百和元大95購01  ,0,0,0,0,0,0,0,0,0,-10000,0,0,0,15000,25000,-10000,-10000
050359,T50反1元大94購05,0,0,0,0,0,0,0,0,0,-10000,0,0,0,0,10000,-10000,-10000
05022P,智易凱基95售01  ,0,0,0,0,0,0,0,0,0,-10000,0,0,0,0,10000,-10000,-10000
05014P,臺股指元大95售05,0,0,0,0,0,0,0,0,0,-10000,0,0,0,0,10000,-10000,-10000
047616,鴻海凱基94購10  ,0,0,0,0,0,0,0,0,0,-10000,0,0,0,40000,50000,-10000,-10000
047576,技嘉群益94購01  ,0,0,0,0,0,0,0,0,0,-10000,0,0,0,0,10000,-10000,-10000
047578,新光金群益93購01,0,0,0,0,0,0,0,0,0,-10000,0,0,0,40000,50000,-10000,-10000
047670,矽力永豐93購01  ,0,0,0,0,0,0,0,0,0,-10000,0,0,0,0,10000,-10000,-10000
047459,全新群益93購02  ,0,0,0,0,0,0,0,0,0,-10000,0,0,0,0,10000,-10000,-10000
047462,和鑫群益93購02  ,0,0,0,0,0,0,0,0,0,-10000,0,0,0,0,10000,-10000,-10000
047542,華通凱基94購02  ,0,0,0,0,0,0,0,0,0,-10000,0,0,0,10000,20000,-10000,-10000
047556,群創凱基95購01  ,0,0,0,0,0,0,0,0,0,-10000,0,0,0,21000,31000,-10000,-10000
047522,微星元大93購02  ,0,0,0,0,0,0,0,0,0,-10000,0,0,0,0,10000,-10000,-10000
047540,技嘉麥證93購01  ,0,0,0,0,10000,-10000,0,0,0,-10000,0,0,0,0,10000,-10000,-10000
047450,南茂元大93購05  ,0,0,0,0,0,0,0,0,0,-10000,0,0,0,0,10000,-10000,-10000
047430,儒鴻元大93購05  ,0,0,0,0,0,0,0,0,0,-10000,0,0,0,0,10000,-10000,-10000
047927,宏達電凱基93購03,0,0,0,0,0,0,0,0,0,-10000,0,0,0,0,10000,-10000,-10000
048802,聯發科富邦94購03,0,0,0,0,0,0,0,0,0,-10000,0,0,0,0,10000,-10000,-10000
046998,同欣電國泰94購01,0,0,0,0,0,0,0,0,0,-10000,0,0,0,0,10000,-10000,-10000
046991,健策凱基93購04  ,0,0,0,0,0,0,0,0,0,-10000,0,0,0,0,10000,-10000,-10000
046987,智邦凱基93購04  ,0,0,0,0,0,0,0,0,0,-10000,0,0,0,20000,30000,-10000,-10000
047026,大毅元大93購02  ,0,0,0,0,0,0,0,0,0,-10000,0,0,0,0,10000,-10000,-10000
047347,台積電凱基93購14,0,0,0,0,0,0,0,0,0,-10000,0,0,0,0,10000,-10000,-10000
047343,台達電中信95購01,0,0,0,0,0,0,0,0,0,-10000,0,0,0,0,10000,-10000,-10000
047319,晶技元大93購02  ,0,0,0,0,0,0,0,0,0,-10000,0,0,0,0,10000,-10000,-10000
047701,鴻海凱基94購12  ,0,0,0,0,0,0,0,0,0,-10000,0,0,0,10000,20000,-10000,-10000
047957,鎧勝永豐93購01  ,0,0,0,0,0,0,0,0,0,-10000,0,0,0,0,10000,-10000,-10000
048032,可成凱基93購13  ,0,0,0,0,0,0,0,0,0,-10000,0,0,0,10000,20000,-10000,-10000
048811,鴻海日盛94購01  ,0,0,0,0,0,0,0,0,0,-10000,0,0,0,10000,20000,-10000,-10000
049890,嘉澤國泰95購01  ,0,0,0,0,0,0,0,0,0,-10000,0,0,0,0,10000,-10000,-10000
049925,創意元大95購02  ,0,0,0,0,0,0,0,0,0,-10000,0,0,0,0,10000,-10000,-10000
049832,麗豐凱基94購05  ,0,0,0,0,0,0,0,0,0,-10000,0,0,0,0,10000,-10000,-10000
049829,裕民凱基94購01  ,0,0,0,0,0,0,0,0,0,-10000,0,0,0,0,10000,-10000,-10000
049858,百和群益94購05  ,0,0,0,0,0,0,0,0,0,-10000,0,0,0,0,10000,-10000,-10000
048847,A50群益98購01   ,0,0,0,0,0,0,0,0,0,-10000,0,0,0,0,10000,-10000,-10000
048770,揚明光凱基94購01,0,0,0,0,0,0,0,0,0,-10000,0,0,0,0,10000,-10000,-10000
048746,台達電元富94購01,0,0,0,0,0,0,0,0,0,-10000,0,0,0,0,10000,-10000,-10000
047834,義隆元大93購02  ,0,0,0,0,0,0,0,0,0,-10000,0,0,0,0,10000,-10000,-10000
047865,健鼎康和93購01  ,0,0,0,0,0,0,0,0,0,-10000,0,0,0,0,10000,-10000,-10000
049537,元石油群益97購01,0,0,0,0,0,0,0,0,0,-10000,0,0,0,0,10000,-10000,-10000
049705,緯穎元大94購05  ,0,0,0,0,0,0,0,0,0,-10000,0,0,0,5000,15000,-10000,-10000
049713,鴻海凱基94購17  ,0,0,0,0,0,0,0,0,0,-10000,0,0,0,11000,21000,-10000,-10000
049732,國巨群益94購05  ,0,0,0,0,0,0,0,0,0,-10000,0,0,0,31000,41000,-10000,-10000
049754,豐祥永豐94購01  ,0,0,0,0,0,0,0,0,0,-10000,0,0,0,0,10000,-10000,-10000
049766,滬深2X元富94購02,0,0,0,0,0,0,0,0,0,-10000,0,0,0,63000,73000,-10000,-10000
049781,台表科統一94購01,0,0,0,0,0,0,0,0,0,-10000,0,0,0,0,10000,-10000,-10000
049573,長榮航統一95購01,0,0,0,0,0,0,0,0,0,-10000,0,0,0,10000,20000,-10000,-10000
049580,國巨元大94購07  ,0,0,0,0,0,0,0,0,0,-10000,0,0,0,0,10000,-10000,-10000
049639,力山凱基94購03  ,0,0,0,0,0,0,0,0,0,-10000,0,0,0,0,10000,-10000,-10000
047708,聯發科凱基93購17,0,0,0,0,0,0,0,0,0,-10000,0,0,0,0,10000,-10000,-10000
04922P,日月光凱基94售02,0,0,0,0,0,0,0,0,0,-10000,0,0,0,10000,20000,-10000,-10000
048684,上海銀富邦93購02,0,0,0,0,0,0,0,0,0,-10000,0,0,0,10000,20000,-10000,-10000
048671,大立光永豐93購04,0,0,0,0,0,0,0,0,0,-10000,0,0,0,0,10000,-10000,-10000
048719,亞光永豐94購01  ,0,0,0,0,0,0,0,0,0,-10000,0,0,0,28000,38000,-10000,-10000
048728,台達電麥證94購01,0,0,0,10000,20000,-10000,0,0,0,-10000,0,0,0,10000,20000,-10000,-10000
048901,矽格國泰95購01  ,0,0,0,0,0,0,0,0,0,-10000,0,0,0,0,10000,-10000,-10000
048936,玉晶光永豐94購05,0,0,0,0,0,0,0,0,0,-10000,0,0,0,0,10000,-10000,-10000
04933P,中石化中信96售01,0,0,0,0,0,0,0,0,0,-10000,0,0,0,10000,20000,-10000,-10000
049347,群創統一95購01  ,0,0,0,0,0,0,0,0,0,-10000,0,0,0,0,10000,-10000,-10000
047818,台郡凱基93購04  ,0,0,0,0,0,0,0,0,0,-10000,0,0,0,0,10000,-10000,-10000
047813,華新科凱基93購07,0,0,0,0,0,0,0,0,0,-10000,0,0,0,10000,20000,-10000,-10000
049336,台達電統一94購02,0,0,0,0,0,0,0,0,0,-10000,0,0,0,0,10000,-10000,-10000
049337,台達電統一94購03,0,0,0,0,0,0,0,0,0,-10000,0,0,0,0,10000,-10000,-10000
049320,羅麗芬凱基94購01,0,0,0,0,0,0,0,0,0,-10000,0,0,0,0,10000,-10000,-10000
049332,深中小統一94購02,0,0,0,0,0,0,0,0,0,-10000,0,0,0,30000,40000,-10000,-10000
049323,百和凱基94購01  ,0,0,0,0,0,0,0,0,0,-10000,0,0,0,10000,20000,-10000,-10000
049314,京鼎凱基94購01  ,0,0,0,0,0,0,0,0,0,-10000,0,0,0,0,10000,-10000,-10000
052848,聯發科統一96購03,0,0,0,0,0,0,0,0,0,-10000,0,0,0,48000,58000,-10000,-10000
052871,群創凱基98購07  ,0,0,0,0,0,0,0,0,0,-10000,0,0,0,0,10000,-10000,-10000
052905,潤泰全國票97購01,0,0,0,0,0,0,0,0,0,-10000,0,0,0,0,10000,-10000,-10000
052881,康控凱基97購01  ,0,0,0,0,0,0,0,0,0,-10000,0,0,0,0,10000,-10000,-10000
052802,華新科元大97購02,0,0,0,0,0,0,0,0,0,-10000,0,0,0,0,10000,-10000,-10000
052961,國巨凱基97購02  ,0,0,0,0,0,0,0,0,0,-10000,0,0,0,0,10000,-10000,-10000
052964,台表科凱基96購03,0,0,0,0,0,0,0,0,0,-10000,0,0,0,10000,20000,-10000,-10000
052951,GIS國票97購02   ,0,0,0,0,0,0,0,0,0,-10000,0,0,0,0,10000,-10000,-10000
052972,義隆群益96購04  ,0,0,0,0,0,0,0,0,0,-10000,0,0,0,14000,24000,-10000,-10000
053044,南茂凱基96購02  ,0,0,0,0,0,0,0,0,0,-10000,0,0,0,68000,78000,-10000,-10000
053343,宏達電國票97購02,0,0,0,0,0,0,0,0,0,-10000,0,0,0,0,10000,-10000,-10000
053344,嘉晶國票97購02  ,0,0,0,0,0,0,0,0,0,-10000,0,0,0,0,10000,-10000,-10000
053220,瀚宇博凱基98購01,0,0,0,0,0,0,0,0,0,-10000,0,0,0,0,10000,-10000,-10000
053212,友達凱基99購04  ,0,0,0,0,0,0,0,0,0,-10000,0,0,0,0,10000,-10000,-10000
053283,同欣電元大96購03,0,0,0,0,0,0,0,0,0,-10000,0,0,0,2000,12000,-10000,-10000
053100,美律元富96購01  ,0,0,0,0,0,0,0,0,0,-10000,0,0,0,10000,20000,-10000,-10000
05320P,華通凱基96售03  ,0,0,0,0,0,0,0,0,0,-10000,0,0,0,28000,38000,-10000,-10000
052337,臺股指日盛95購02,0,0,0,0,0,0,0,0,0,-10000,0,0,0,20000,30000,-10000,-10000
052361,大成鋼國票96購01,0,0,0,0,0,0,0,0,0,-10000,0,0,0,0,10000,-10000,-10000
052362,瑞昱國票96購02  ,0,0,0,0,0,0,0,0,0,-10000,0,0,0,0,10000,-10000,-10000
052374,瑞昱元大95購02  ,0,0,0,0,0,0,0,0,0,-10000,0,0,0,18000,28000,-10000,-10000
052368,力成國票96購01  ,0,0,0,0,0,0,0,0,0,-10000,0,0,0,0,10000,-10000,-10000
052256,台泥國泰96購01  ,0,0,0,0,0,0,0,0,0,-10000,0,0,0,40000,50000,-10000,-10000
052290,鴻海元富97購01  ,0,0,0,0,0,0,0,0,0,-10000,0,0,0,0,10000,-10000,-10000
052271,力成日盛95購02  ,0,0,0,0,0,0,0,0,0,-10000,0,0,0,0,10000,-10000,-10000
052305,GIS永豐95購03   ,0,0,0,0,0,0,0,0,0,-10000,0,0,0,0,10000,-10000,-10000
052310,聯電富邦95購01  ,0,0,0,0,0,0,0,0,0,-10000,0,0,0,0,10000,-10000,-10000
052185,奇力新群益95購03,0,0,0,0,0,0,0,0,0,-10000,0,0,0,1000,11000,-10000,-10000
052207,台郡中信95購02  ,0,0,0,0,0,0,0,0,0,-10000,0,0,0,20000,30000,-10000,-10000
052205,台積電中信95購09,0,0,0,0,0,0,0,0,0,-10000,0,0,0,0,10000,-10000,-10000
052128,聯發科日盛95購03,0,0,0,0,0,0,0,0,0,-10000,0,0,0,0,10000,-10000,-10000
05211P,國巨國票96售05  ,0,0,0,0,0,0,0,0,0,-10000,0,0,0,20000,30000,-10000,-10000
052487,國巨國票96購07  ,0,0,0,0,0,0,0,0,0,-10000,0,0,0,0,10000,-10000,-10000
052567,台積電凱基96購05,0,0,0,0,0,0,0,0,0,-10000,0,0,0,30000,40000,-10000,-10000
052510,聯發科凱基95購13,0,0,0,0,0,0,0,0,0,-10000,0,0,0,0,10000,-10000,-10000
052683,鴻海元大97購03  ,0,0,0,0,0,0,0,0,0,-10000,0,0,0,0,10000,-10000,-10000
052732,新唐國泰97購01  ,0,0,0,0,0,0,0,0,0,-10000,0,0,0,0,10000,-10000,-10000
052716,欣興凱基96購01  ,0,0,0,0,0,0,0,0,0,-10000,0,0,0,10000,20000,-10000,-10000
052627,中壽中信98購01  ,0,0,0,0,0,0,0,0,0,-10000,0,0,0,0,10000,-10000,-10000
051217,聯發科元富95購01,0,0,0,0,0,0,0,0,0,-10000,0,0,0,0,10000,-10000,-10000
051295,國巨元富95購04  ,0,0,0,0,0,0,0,0,0,-10000,0,0,0,0,10000,-10000,-10000
051310,台達電麥證95購01,0,0,0,0,10000,-10000,0,0,0,-10000,0,0,0,0,10000,-10000,-10000
051339,智易永豐95購02  ,0,0,0,0,0,0,0,0,0,-10000,0,0,0,21000,31000,-10000,-10000
051090,光磊元大96購01  ,0,0,0,0,0,0,0,0,0,-10000,0,0,0,0,10000,-10000,-10000
051094,健策元大96購03  ,0,0,0,0,0,0,0,0,0,-10000,0,0,0,10000,20000,-10000,-10000
051116,可成麥證95購01  ,0,0,0,0,10000,-10000,0,0,0,-10000,0,0,0,0,10000,-10000,-10000
05117P,瑞昱群益95售02  ,0,0,0,0,0,0,0,0,0,-10000,0,0,0,0,10000,-10000,-10000
051163,鴻海元大95購04  ,0,0,0,0,0,0,0,0,0,-10000,0,0,0,0,10000,-10000,-10000
051158,嘉晶富邦96購01  ,0,0,0,0,0,0,0,0,0,-10000,0,0,0,0,10000,-10000,-10000
050618,緯創元大95購01  ,0,0,0,0,0,0,0,0,0,-10000,0,0,0,41000,51000,-10000,-10000
050646,美律凱基96購01  ,0,0,0,0,0,0,0,0,0,-10000,0,0,0,0,10000,-10000,-10000
050657,宏達電麥證94購01,0,0,0,250000,260000,-10000,0,0,0,-10000,0,0,0,250000,260000,-10000,-10000
050636,上証2X國票94購01,0,0,0,0,0,0,0,0,0,-10000,0,0,0,0,10000,-10000,-10000
050732,台虹國票94購01  ,0,0,0,0,0,0,0,0,0,-10000,0,0,0,0,10000,-10000,-10000
050728,新日興國票94購01,0,0,0,0,0,0,0,0,0,-10000,0,0,0,0,10000,-10000,-10000
050953,臻鼎群益95購01  ,0,0,0,0,0,0,0,0,0,-10000,0,0,0,0,10000,-10000,-10000
051527,台郡凱基95購03  ,0,0,0,0,0,0,0,0,0,-10000,0,0,0,0,10000,-10000,-10000
051516,全新凱基96購02  ,0,0,0,0,0,0,0,0,0,-10000,0,0,0,10000,20000,-10000,-10000
051494,中環兆豐95購01  ,0,0,0,0,0,0,0,0,0,-10000,0,0,0,0,10000,-10000,-10000
051462,世芯國泰97購01  ,0,0,0,0,0,0,0,0,0,-10000,0,0,0,0,10000,-10000,-10000
051479,兆豐金凱基95購01,0,0,0,0,0,0,0,0,0,-10000,0,0,0,0,10000,-10000,-10000
051483,玉晶光凱基96購02,0,0,0,0,0,0,0,0,0,-10000,0,0,0,51000,61000,-10000,-10000
05145P,道瓊反元大98售01,0,0,0,0,0,0,0,0,0,-10000,0,0,0,0,10000,-10000,-10000
051452,貿聯元大95購04  ,0,0,0,0,0,0,0,0,0,-10000,0,0,0,0,10000,-10000,-10000
051353,聯發科元大95購08,0,0,0,0,0,0,0,0,0,-10000,0,0,0,0,10000,-10000,-10000
051363,矽創元大95購03  ,0,0,0,0,0,0,0,0,0,-10000,0,0,0,0,10000,-10000,-10000
051387,新光金麥證96購01,0,0,0,0,10000,-10000,0,0,0,-10000,0,0,0,0,10000,-10000,-10000
051403,玉晶光永豐95購05,0,0,0,0,0,0,0,0,0,-10000,0,0,0,0,10000,-10000,-10000
051672,玉晶光元大96購03,0,0,0,0,0,0,0,0,0,-10000,0,0,0,0,10000,-10000,-10000
051625,聯發科麥證95購01,0,0,0,10000,20000,-10000,0,0,0,-10000,0,0,0,10000,20000,-10000,-10000
051640,GIS國票96購03   ,0,0,0,0,0,0,0,0,0,-10000,0,0,0,0,10000,-10000,-10000
051650,矽力永豐95購01  ,0,0,0,0,0,0,0,0,0,-10000,0,0,0,1000,11000,-10000,-10000
051894,嘉聯益元富95購03,0,0,0,0,0,0,0,0,0,-10000,0,0,0,0,10000,-10000,-10000
051915,日月光元大96購01,0,0,0,0,0,0,0,0,0,-10000,0,0,0,8000,18000,-10000,-10000
051933,嘉聯益國票97購03,0,0,0,0,0,0,0,0,0,-10000,0,0,0,0,10000,-10000,-10000
051783,鴻海兆豐95購03  ,0,0,0,0,0,0,0,0,0,-10000,0,0,0,0,10000,-10000,-10000
05184P,緯穎元富95售01  ,0,0,0,0,0,0,0,0,0,-10000,0,0,0,0,10000,-10000,-10000
051867,潤泰全凱基95購01,0,0,0,0,0,0,0,0,0,-10000,0,0,0,0,10000,-10000,-10000
051813,GIS凱基96購02   ,0,0,0,0,0,0,0,0,0,-10000,0,0,0,0,10000,-10000,-10000
051835,百和元大95購03  ,0,0,0,0,0,0,0,0,0,-10000,0,0,0,50000,60000,-10000,-10000
3027,盛達            ,4000,14000,-10000,0,0,0,0,0,0,0,0,0,0,0,0,0,-10000
06353P,電子類富邦99售02,0,0,0,0,0,0,0,0,0,-10000,0,0,0,13000,23000,-10000,-10000
06356P,啟碁永豐97售01  ,0,0,0,0,0,0,0,0,0,-10000,0,0,0,0,10000,-10000,-10000
06346P,聯鈞元富97售02  ,0,0,0,0,0,0,0,0,0,-10000,0,0,0,0,10000,-10000,-10000
06263P,燿華凱基97售04  ,0,0,0,0,0,0,0,0,0,-10000,0,0,0,0,10000,-10000,-10000
06206P,台積電凱基97售11,0,0,0,0,0,0,0,0,0,-10000,0,0,0,20000,30000,-10000,-10000
06188P,大立光元富97售01,0,0,0,0,0,0,0,0,0,-10000,0,0,0,0,10000,-10000,-10000
06179P,國巨群益97售04  ,0,0,0,0,0,0,0,0,0,-10000,0,0,0,0,10000,-10000,-10000
06161P,聯發科群益97售03,0,0,0,0,0,0,0,0,0,-10000,0,0,0,30000,40000,-10000,-10000
06057P,大立光凱基98售01,0,0,0,0,0,0,0,0,0,-10000,0,0,0,0,10000,-10000,-10000
2243,宏旭-KY         ,5000,15000,-10000,0,0,0,0,0,0,0,0,0,0,0,0,0,-10000
1903,士紙            ,0,8000,-8000,0,0,0,0,0,0,-2000,0,2000,-2000,0,0,0,-10000
1710,東聯            ,227000,235000,-8000,0,0,0,1000,0,1000,-3000,0,3000,-3000,0,0,0,-10000
1712,興農            ,154000,163000,-9000,0,0,0,0,0,0,-1000,0,1000,-1000,0,0,0,-10000
1612,宏泰            ,5000,15000,-10000,0,0,0,0,0,0,0,0,0,0,0,0,0,-10000
1307,三芳            ,14000,22000,-8000,0,0,0,0,0,0,-2000,0,2000,-2000,0,0,0,-10000
08852P,台灣50台新01售01,0,0,0,0,0,0,0,0,0,-10000,0,0,0,0,10000,-10000,-10000
08864P,欣興元大01售01  ,0,0,0,0,0,0,0,0,0,-10000,0,0,0,0,10000,-10000,-10000
1507,永大            ,10000,19000,-9000,0,0,0,0,0,0,-1000,0,1000,-1000,0,0,0,-10000
1446,宏和            ,20000,28000,-8000,0,0,0,0,0,0,-2000,0,2000,-2000,0,0,0,-10000
1453,大將            ,4000,14000,-10000,0,0,0,0,0,0,0,0,0,0,0,0,0,-10000
05624P,同欣電中信98售01,0,0,0,0,0,0,0,0,0,-10000,0,0,0,0,10000,-10000,-10000
056270,群創統一98購04  ,0,0,0,0,0,0,0,0,0,-10000,0,0,0,0,10000,-10000,-10000
056193,聯發科富邦99購08,0,0,0,0,0,0,0,0,0,-10000,0,0,0,210000,220000,-10000,-10000
056109,彩晶永豐98購01  ,0,0,0,0,0,0,0,0,0,-10000,0,0,0,0,10000,-10000,-10000
056294,上銀元大97購11  ,0,0,0,0,0,0,0,0,0,-10000,0,0,0,10000,20000,-10000,-10000
056049,奇力新國票98購01,0,0,0,0,0,0,0,0,0,-10000,0,0,0,0,10000,-10000,-10000
056076,超眾元大97購05  ,0,0,0,0,0,0,0,0,0,-10000,0,0,0,0,10000,-10000,-10000
056122,勤誠群益97購02  ,0,0,0,0,0,0,0,0,0,-10000,0,0,0,0,10000,-10000,-10000
056123,鈺齊群益97購01  ,0,0,0,0,0,0,0,0,0,-10000,0,0,0,0,10000,-10000,-10000
055939,GIS群益97購01   ,0,0,0,0,0,0,0,0,0,-10000,0,0,0,30000,40000,-10000,-10000
06037P,超眾國票98售02  ,0,0,0,0,0,0,0,0,0,-10000,0,0,0,0,10000,-10000,-10000
06041P,全新永豐96售03  ,0,0,0,0,0,0,0,0,0,-10000,0,0,0,13000,23000,-10000,-10000
06013P,世芯國泰97售03  ,0,0,0,0,0,0,0,0,0,-10000,0,0,0,30000,40000,-10000,-10000
05799P,臺股指群益96售13,0,0,0,0,0,0,0,0,0,-10000,0,0,0,0,10000,-10000,-10000
05774P,臺股指凱基99售04,0,0,0,0,0,0,0,0,0,-10000,0,0,0,24000,34000,-10000,-10000
05746P,台積電群益96售07,0,0,0,0,0,0,0,0,0,-10000,0,0,0,79000,89000,-10000,-10000
05704P,矽力群益96售04  ,0,0,0,0,0,0,0,0,0,-10000,0,0,0,11000,21000,-10000,-10000
05715P,創意元富96售05  ,0,0,0,0,0,0,0,0,0,-10000,0,0,0,0,10000,-10000,-10000
5525,順天            ,21000,30678,-9678,0,0,0,0,0,0,-1000,0,1000,-1000,0,0,0,-10678
055266,京鼎永豐97購01  ,0,0,0,0,0,0,0,0,0,-11000,0,0,0,0,11000,-11000,-11000
055214,聯電凱基97購02  ,0,0,0,0,0,0,0,0,0,-11000,0,0,0,0,11000,-11000,-11000
055873,聚陽元富97購01  ,0,0,0,0,0,0,0,0,0,-11000,0,0,0,0,11000,-11000,-11000
055811,國巨國票98購05  ,0,0,0,0,0,0,0,0,0,-11000,0,0,0,58000,69000,-11000,-11000
055528,華邦電群益97購01,0,0,0,0,0,0,0,0,0,-11000,0,0,0,52000,63000,-11000,-11000
055323,貿聯國票98購01  ,0,0,0,0,0,0,0,0,0,-11000,0,0,0,35000,46000,-11000,-11000
055366,國巨元大98購05  ,0,0,0,0,0,0,0,0,0,-11000,0,0,0,0,11000,-11000,-11000
054450,聯茂第一96購01  ,0,0,0,0,0,0,0,0,0,-11000,0,0,0,21000,32000,-11000,-11000
054461,台積電凱基97購09,0,0,0,0,0,0,0,0,0,-11000,0,0,0,50000,61000,-11000,-11000
054594,國巨麥證97購01  ,0,0,0,0,11000,-11000,0,0,0,-11000,0,0,0,0,11000,-11000,-11000
054566,貿聯群益97購02  ,0,0,0,0,0,0,0,0,0,-11000,0,0,0,0,11000,-11000,-11000
054264,超眾元大97購02  ,0,0,0,0,0,0,0,0,0,-11000,0,0,0,420000,431000,-11000,-11000
054235,欣興群益96購06  ,0,0,0,0,0,0,0,0,0,-11000,0,0,0,116000,127000,-11000,-11000
054015,晶豪科永豐96購03,0,0,0,0,0,0,0,0,0,-11000,0,0,0,10000,21000,-11000,-11000
054133,奇力新元大97購04,0,0,0,0,0,0,0,0,0,-11000,0,0,0,8000,19000,-11000,-11000
053692,聯詠元大96購04  ,0,0,0,0,0,0,0,0,0,-11000,0,0,0,0,11000,-11000,-11000
053985,矽創元大96購02  ,0,0,0,0,0,0,0,0,0,-11000,0,0,0,5000,16000,-11000,-11000
053347,茂林國票98購01  ,0,0,0,0,0,0,0,0,0,-11000,0,0,0,0,11000,-11000,-11000
053504,祥碩兆豐96購01  ,0,0,0,0,0,0,0,0,0,-11000,0,0,0,20000,31000,-11000,-11000
04034P,技嘉群益93售03  ,0,0,0,0,0,0,0,0,0,-11000,0,0,0,0,11000,-11000,-11000
041534,T50反1凱基96購01,0,0,0,0,0,0,0,0,0,-11000,0,0,0,0,11000,-11000,-11000
042994,葡萄王元大94購02,0,0,0,0,0,0,0,0,0,-11000,0,0,0,65000,76000,-11000,-11000
045645,祥碩凱基93購03  ,0,0,0,0,0,0,0,0,0,-11000,0,0,0,12000,23000,-11000,-11000
046893,華新科群益94購01,0,0,0,0,0,0,0,0,0,-11000,0,0,0,11000,22000,-11000,-11000
046753,台積電凱基93購04,0,0,0,0,0,0,0,0,0,-11000,0,0,0,0,11000,-11000,-11000
046813,聯電凱基96購01  ,0,0,0,0,0,0,0,0,0,-11000,0,0,0,20000,31000,-11000,-11000
03154P,華新科群益01售07,0,0,0,0,0,0,0,0,0,-11000,0,0,0,0,11000,-11000,-11000
03665P,華邦電永豐92售01,0,0,0,0,0,0,0,0,0,-11000,0,0,0,0,11000,-11000,-11000
03758P,GIS永豐93售01   ,0,0,0,0,0,0,0,0,0,-11000,0,0,0,10000,21000,-11000,-11000
00647L,元大S&P500正2   ,0,35000,-35000,0,0,0,0,0,0,24000,0,0,0,28000,4000,24000,-11000
046248,技嘉群益93購02  ,0,0,0,0,0,0,0,0,0,-11000,0,0,0,7000,18000,-11000,-11000
045461,廣達元大92購01  ,0,0,0,0,0,0,0,0,0,-11000,0,0,0,0,11000,-11000,-11000
049400,可成群益94購03  ,0,0,0,0,0,0,0,0,0,-11000,0,0,0,0,11000,-11000,-11000
049669,訊芯國泰95購01  ,0,0,0,0,0,0,0,0,0,-11000,0,0,0,6000,17000,-11000,-11000
049687,國巨元大94購09  ,0,0,0,0,0,0,0,0,0,-11000,0,0,0,0,11000,-11000,-11000
049538,元油2X群益98購01,0,0,0,0,0,0,0,0,0,-11000,0,0,0,0,11000,-11000,-11000
049504,臺股指元大94購15,0,0,0,0,0,0,0,0,0,-11000,0,0,0,9000,20000,-11000,-11000
047848,可成統一93購01  ,0,0,0,0,0,0,0,0,0,-11000,0,0,0,58000,69000,-11000,-11000
048860,玉晶光群益96購03,0,0,0,0,0,0,0,0,0,-11000,0,0,0,10000,21000,-11000,-11000
048857,晶豪科群益94購01,0,0,0,0,0,0,0,0,0,-11000,0,0,0,10000,21000,-11000,-11000
047960,鈺齊永豐93購01  ,0,0,0,0,0,0,0,0,0,-11000,0,0,0,4000,15000,-11000,-11000
047316,大立光元大94購01,0,0,0,0,0,0,0,0,0,-11000,0,0,0,0,11000,-11000,-11000
047438,台光電元大93購06,0,0,0,0,0,0,0,0,0,-11000,0,0,0,114000,125000,-11000,-11000
047559,彩晶凱基94購03  ,0,0,0,0,0,0,0,0,0,-11000,0,0,0,1000,12000,-11000,-11000
050270,景碩元大94購01  ,0,0,0,0,0,0,0,0,0,-11000,0,0,0,67000,78000,-11000,-11000
047248,奇鋐群益95購01  ,0,0,0,0,0,0,0,0,0,-11000,0,0,0,0,11000,-11000,-11000
048223,微星凱基93購02  ,0,0,0,0,0,0,0,0,0,-11000,0,0,0,0,11000,-11000,-11000
047040,台勝科群益93購01,0,0,0,0,0,0,0,0,0,-11000,0,0,0,22000,33000,-11000,-11000
048138,羅麗芬國票94購01,0,0,0,0,0,0,0,0,0,-11000,0,0,0,0,11000,-11000,-11000
047107,上銀元大93購04  ,0,0,0,0,0,0,0,0,0,-11000,0,0,0,0,11000,-11000,-11000
051465,鴻海富邦97購02  ,0,0,0,0,0,0,0,0,0,-11000,0,0,0,109000,120000,-11000,-11000
050841,國巨國票96購02  ,0,0,0,0,0,0,0,0,0,-11000,0,0,0,18000,29000,-11000,-11000
050724,國巨國票96購01  ,0,0,0,0,0,0,0,0,0,-11000,0,0,0,46000,57000,-11000,-11000
050587,緯穎國票94購02  ,0,0,0,0,0,0,0,0,0,-11000,0,0,0,0,11000,-11000,-11000
051126,訊連群益95購01  ,0,0,0,0,0,0,0,0,0,-11000,0,0,0,10000,21000,-11000,-11000
051058,景碩群益96購01  ,0,0,0,0,0,0,0,0,0,-11000,0,0,0,0,11000,-11000,-11000
051265,鴻海富邦96購04  ,0,0,0,0,0,0,0,0,0,-11000,0,0,0,0,11000,-11000,-11000
051272,嘉晶群益95購01  ,0,0,0,0,0,0,0,0,0,-11000,0,0,0,0,11000,-11000,-11000
051223,台化群益95購01  ,0,0,0,0,0,0,0,0,0,-11000,0,0,0,0,11000,-11000,-11000
051230,聯詠群益95購01  ,0,0,0,0,0,0,0,0,0,-11000,0,0,0,0,11000,-11000,-11000
052602,聯電元大97購01  ,0,0,0,0,0,0,0,0,0,-11000,0,0,0,0,11000,-11000,-11000
052674,智邦國泰98購01  ,0,0,0,0,0,0,0,0,0,-11000,0,0,0,24000,35000,-11000,-11000
052528,茂林元大95購05  ,0,0,0,0,0,0,0,0,0,-11000,0,0,0,83000,94000,-11000,-11000
052452,茂林元大95購03  ,0,0,0,0,0,0,0,0,0,-11000,0,0,0,10000,21000,-11000,-11000
052104,英業達兆豐96購01,0,0,0,0,0,0,0,0,0,-11000,0,0,0,100000,111000,-11000,-11000
052183,華邦電群益95購01,0,0,0,0,0,0,0,0,0,-11000,0,0,0,11000,22000,-11000,-11000
052974,瀚宇博群益96購01,0,0,0,0,0,0,0,0,0,-11000,0,0,0,0,11000,-11000,-11000
052929,可成元大96購02  ,0,0,0,0,0,0,0,0,0,-11000,0,0,0,40000,51000,-11000,-11000
5284,jpp-KY          ,4000,15000,-11000,0,0,0,0,0,0,0,0,0,0,0,0,0,-11000
4912,聯德控股-KY     ,3000,14000,-11000,0,0,0,0,0,0,0,0,0,0,0,0,0,-11000
2534,宏盛            ,292000,268000,24000,0,0,0,0,0,0,-35000,0,0,0,0,35000,-35000,-11000
05881P,彩晶康和96售01  ,0,0,0,0,0,0,0,0,0,-11000,0,0,0,0,11000,-11000,-11000
056092,亞德客元富97購02,0,0,0,0,0,0,0,0,0,-11000,0,0,0,0,11000,-11000,-11000
1541,錩泰            ,3000,14000,-11000,0,0,0,0,0,0,0,0,0,0,0,0,0,-11000
2305,全友            ,0,11000,-11000,0,0,0,0,0,0,0,0,0,0,0,0,0,-11000
06367P,台積電凱基97售14,0,0,0,0,0,0,0,0,0,-11000,0,0,0,130000,141000,-11000,-11000
053601,台表科元大98購01,0,0,0,0,0,0,0,0,0,-12000,0,0,0,21000,33000,-12000,-12000
053854,聯茂國泰97購02  ,0,0,0,0,0,0,0,0,0,-12000,0,0,0,0,12000,-12000,-12000
053882,聯發科中信98購02,0,0,0,0,0,0,0,0,0,-12000,0,0,0,0,12000,-12000,-12000
053792,百和元大96購01  ,0,0,0,0,0,0,0,0,0,-12000,0,0,0,13000,25000,-12000,-12000
054102,百和國票97購04  ,0,0,0,0,0,0,0,0,0,-12000,0,0,0,0,12000,-12000,-12000
054145,嘉聯益元大98購01,0,0,0,0,0,0,0,0,0,-12000,0,0,0,38000,50000,-12000,-12000
05427P,聯發科凱基96售07,0,0,0,0,0,0,0,0,0,-12000,0,0,0,13000,25000,-12000,-12000
054470,緯穎國票97購04  ,0,0,0,0,0,0,0,0,0,-12000,0,0,0,0,12000,-12000,-12000
054439,健策台新96購03  ,0,0,0,0,0,0,0,0,0,-12000,0,0,0,0,12000,-12000,-12000
054397,創意永豐96購05  ,0,0,0,0,0,0,0,0,0,-12000,0,0,0,0,12000,-12000,-12000
055462,華邦電日盛97購01,0,0,0,0,0,0,0,0,0,-12000,0,0,0,48000,60000,-12000,-12000
05545P,台表科國泰98售01,0,0,0,0,0,0,0,0,0,-12000,0,0,0,0,12000,-12000,-12000
055667,致茂群益98購01  ,0,0,0,0,0,0,0,0,0,-12000,0,0,0,0,12000,-12000,-12000
055723,康控元大97購04  ,0,0,0,0,0,0,0,0,0,-12000,0,0,0,74000,86000,-12000,-12000
055716,致茂元大97購01  ,0,0,0,0,0,0,0,0,0,-12000,0,0,0,41000,53000,-12000,-12000
055228,聯發科國票98購03,0,0,0,0,0,0,0,0,0,-12000,0,0,0,0,12000,-12000,-12000
055023,億光國泰98購01  ,0,0,0,0,0,0,0,0,0,-12000,0,0,0,111000,123000,-12000,-12000
055021,亞德客國泰98購01,0,0,0,0,0,0,0,0,0,-12000,0,0,0,133000,145000,-12000,-12000
054856,得力群益99購01  ,0,0,0,0,0,0,0,0,0,-12000,0,0,0,0,12000,-12000,-12000
054674,台光電台新97購01,0,0,0,0,0,0,0,0,0,-12000,0,0,0,0,12000,-12000,-12000
049012,大成鋼群益94購01,0,0,0,0,0,0,0,0,0,-12000,0,0,0,0,12000,-12000,-12000
049031,矽格群益94購01  ,0,0,0,0,0,0,0,0,0,-12000,0,0,0,10000,22000,-12000,-12000
046148,友達中信94購01  ,0,0,0,0,0,0,0,0,0,-12000,0,0,0,50000,62000,-12000,-12000
04618P,電子類群益94售02,0,0,0,0,0,0,0,0,0,-12000,0,0,0,7000,19000,-12000,-12000
045481,友達中信93購01  ,0,0,0,0,0,0,0,0,0,-12000,0,0,0,6000,18000,-12000,-12000
044403,新日興凱基92購01,0,0,0,0,0,0,0,0,0,-12000,0,0,0,40000,52000,-12000,-12000
046625,勤誠凱基93購01  ,0,0,0,0,0,0,0,0,0,-12000,0,0,0,0,12000,-12000,-12000
04644P,全新凱基94售01  ,0,0,0,0,0,0,0,0,0,-12000,0,0,0,0,12000,-12000,-12000
046376,建準凱基92購01  ,0,0,0,0,0,0,0,0,0,-12000,0,0,0,0,12000,-12000,-12000
00690,兆豐藍籌30      ,0,0,0,0,0,0,0,0,0,-12000,0,0,0,323000,335000,-12000,-12000
03799P,京元電元大94售01,0,0,0,0,0,0,0,0,0,-12000,0,0,0,51000,63000,-12000,-12000
03180P,台灣50元大01售39,0,0,0,0,0,0,0,0,0,-12000,0,0,0,570000,582000,-12000,-12000
043891,羅麗芬元大94購01,0,0,0,0,0,0,0,0,0,-12000,0,0,0,0,12000,-12000,-12000
046883,友達第一93購01  ,0,0,0,0,0,0,0,0,0,-12000,0,0,0,0,12000,-12000,-12000
04687P,全新凱基94售02  ,0,0,0,0,0,0,0,0,0,-12000,0,0,0,0,12000,-12000,-12000
04161P,全新國泰94售01  ,0,0,0,0,0,0,0,0,0,-12000,0,0,0,18000,30000,-12000,-12000
04050P,創意元大93售05  ,0,0,0,0,0,0,0,0,0,-12000,0,0,0,0,12000,-12000,-12000
048142,聯電統一93購01  ,0,0,0,0,0,0,0,0,0,-12000,0,0,0,38000,50000,-12000,-12000
048085,鴻海凱基93購32  ,0,0,0,0,0,0,0,0,0,-12000,0,0,0,317000,329000,-12000,-12000
04856P,光磊元富94售01  ,0,0,0,0,0,0,0,0,0,-12000,0,0,0,8000,20000,-12000,-12000
050080,國巨統一94購06  ,0,0,0,0,0,0,0,0,0,-12000,0,0,0,0,12000,-12000,-12000
050252,聯發科國泰95購01,0,0,0,0,0,0,0,0,0,-12000,0,0,0,183000,195000,-12000,-12000
050486,可成元富94購05  ,0,0,0,0,0,0,0,0,0,-12000,0,0,0,0,12000,-12000,-12000
048795,復盛元大94購01  ,0,0,0,0,0,0,0,0,0,-12000,0,0,0,0,12000,-12000,-12000
047770,聯詠元大93購10  ,0,0,0,0,0,0,0,0,0,-12000,0,0,0,110000,122000,-12000,-12000
049590,華新科元大94購01,0,0,0,0,0,0,0,0,0,-12000,0,0,0,0,12000,-12000,-12000
052948,景碩國票97購02  ,0,0,0,0,0,0,0,0,0,-12000,0,0,0,0,12000,-12000,-12000
053318,全新群益99購01  ,0,0,0,0,0,0,0,0,0,-12000,0,0,0,18000,30000,-12000,-12000
052188,欣興群益95購03  ,0,0,0,0,0,0,0,0,0,-12000,0,0,0,0,12000,-12000,-12000
05213P,台積電國票96售05,0,0,0,0,0,0,0,0,0,-12000,0,0,0,2000,14000,-12000,-12000
052375,奇力新元大96購02,0,0,0,0,0,0,0,0,0,-12000,0,0,0,49000,61000,-12000,-12000
052441,亞泥元大95購01  ,0,0,0,0,0,0,0,0,0,-12000,0,0,0,16000,28000,-12000,-12000
051067,台積電國票96購03,0,0,0,0,0,0,0,0,0,-12000,0,0,0,0,12000,-12000,-12000
051034,正崴兆豐95購01  ,0,0,0,0,0,0,0,0,0,-12000,0,0,0,38000,50000,-12000,-12000
051400,國巨永豐95購01  ,0,0,0,0,0,0,0,0,0,-12000,0,0,0,20000,32000,-12000,-12000
051980,樺漢凱基96購01  ,0,0,0,0,0,0,0,0,0,-12000,0,0,0,0,12000,-12000,-12000
06271P,彩晶凱基97售01  ,0,0,0,0,0,0,0,0,0,-12000,0,0,0,10000,22000,-12000,-12000
1618,合機            ,0,4000,-4000,0,0,0,0,0,0,-8000,0,8000,-8000,0,0,0,-12000
1904,正隆            ,319000,329000,-10000,0,0,0,0,0,0,-2000,0,2000,-2000,0,0,0,-12000
2010,春源            ,0,11000,-11000,0,0,0,0,0,0,-1000,0,1000,-1000,0,0,0,-12000
1503,士電            ,4000,15000,-11000,0,0,0,0,0,0,-1000,0,1000,-1000,0,0,0,-12000
1413,宏洲            ,0,12000,-12000,0,0,0,0,0,0,0,0,0,0,0,0,0,-12000
05605P,嘉聯益元大97售02,0,0,0,0,0,0,0,0,0,-12000,0,0,0,2000,14000,-12000,-12000
056009,奇力新中信98購03,0,0,0,0,0,0,0,0,0,-12000,0,0,0,17000,29000,-12000,-12000
05997P,嘉聯益群益96售02,0,0,0,0,0,0,0,0,0,-12000,0,0,0,24000,36000,-12000,-12000
2493,揚博            ,5000,17000,-12000,0,0,0,0,0,0,0,0,0,0,0,0,0,-12000
4540,全球傳動        ,71000,82000,-11000,0,0,0,0,0,0,-1000,0,1000,-1000,0,0,0,-12000
3257,虹冠電          ,13000,25000,-12000,0,0,0,0,0,0,0,0,0,0,0,0,0,-12000
4108,懷特            ,2000,14000,-12000,0,0,0,0,0,0,0,0,0,0,0,0,0,-12000
6409,旭隼            ,97000,112000,-15000,0,0,0,0,0,0,3000,3000,0,3000,0,0,0,-12000
055131,茂林康和97購01  ,0,0,0,0,0,0,0,0,0,-13000,0,0,0,3000,16000,-13000,-13000
055432,臻鼎群益97購02  ,0,0,0,0,0,0,0,0,0,-13000,0,0,0,0,13000,-13000,-13000
054436,高鐵台新97購02  ,0,0,0,0,0,0,0,0,0,-13000,0,0,0,65000,78000,-13000,-13000
053798,台積電中信98購02,0,0,0,0,0,0,0,0,0,-13000,0,0,0,0,13000,-13000,-13000
053888,和大群益97購01  ,0,0,0,0,0,0,0,0,0,-13000,0,0,0,18000,31000,-13000,-13000
053624,A50正2兆豐97購02,0,0,0,0,0,0,0,0,0,-13000,0,0,0,0,13000,-13000,-13000
053517,崇越群益97購01  ,0,0,0,0,0,0,0,0,0,-13000,0,0,0,0,13000,-13000,-13000
053353,玉晶光兆豐97購03,0,0,0,0,0,0,0,0,0,-13000,0,0,0,20000,33000,-13000,-13000
04032P,聯茂凱基94售02  ,0,0,0,0,0,0,0,0,0,-13000,0,0,0,0,13000,-13000,-13000
042929,台積電中信95購02,0,0,0,0,0,0,0,0,0,-13000,0,0,0,0,13000,-13000,-13000
046906,新光金凱基99購02,0,0,0,0,0,0,0,0,0,-13000,0,0,0,0,13000,-13000,-13000
04432P,昇陽半元大94售04,0,0,0,0,0,0,0,0,0,-13000,0,0,0,63000,76000,-13000,-13000
036628,統一台新99購01  ,0,0,0,0,0,0,0,0,0,-13000,0,0,0,38000,51000,-13000,-13000
036805,國巨元富93購02  ,0,0,0,0,0,0,0,0,0,-13000,0,0,0,229000,242000,-13000,-13000
046949,群創元大99購01  ,0,0,0,0,0,0,0,0,0,-13000,0,0,0,123000,136000,-13000,-13000
046072,台勝科凱基92購03,0,0,0,0,0,0,0,0,0,-13000,0,0,0,20000,33000,-13000,-13000
046187,友達凱基93購03  ,0,0,0,0,0,0,0,0,0,-13000,0,0,0,0,13000,-13000,-13000
047702,鴻海凱基94購13  ,0,0,0,0,0,0,0,0,0,-13000,0,0,0,17000,30000,-13000,-13000
047787,正崴群益93購01  ,0,0,0,0,0,0,0,0,0,-13000,0,0,0,22000,35000,-13000,-13000
049678,臺股指國票94購11,0,0,0,0,0,0,0,0,0,-13000,0,0,0,2000,15000,-13000,-13000
04956P,臺股指日盛94售02,0,0,0,0,0,0,0,0,0,-13000,0,0,0,6000,19000,-13000,-13000
047573,儒鴻群益93購04  ,0,0,0,0,0,0,0,0,0,-13000,0,0,0,0,13000,-13000,-13000
049863,京元電兆豐94購01,0,0,0,0,0,0,0,0,0,-13000,0,0,0,237000,250000,-13000,-13000
050305,正崴中信95購01  ,0,0,0,0,0,0,0,0,0,-13000,0,0,0,5000,18000,-13000,-13000
050799,嘉聯益中信98購01,0,0,0,0,0,0,0,0,0,-13000,0,0,0,0,13000,-13000,-13000
04846P,旺宏凱基94售07  ,0,0,0,0,0,0,0,0,0,-13000,0,0,0,10000,23000,-13000,-13000
051780,矽力群益95購01  ,0,0,0,0,0,0,0,0,0,-13000,0,0,0,1000,14000,-13000,-13000
05122P,鴻海永昌96售06  ,0,0,0,0,0,0,0,0,0,-13000,0,0,0,13000,26000,-13000,-13000
050717,京鼎群益96購01  ,0,0,0,0,0,0,0,0,0,-13000,0,0,0,0,13000,-13000,-13000
052496,華通台新96購02  ,0,0,0,0,0,0,0,0,0,-13000,0,0,0,38000,51000,-13000,-13000
053152,大立光元大99購01,0,0,0,0,0,0,0,0,0,-13000,0,0,0,19000,32000,-13000,-13000
6281,全國電          ,0,13000,-13000,0,0,0,0,0,0,0,0,0,0,0,0,0,-13000
6142,友勁            ,3000,16000,-13000,0,0,0,0,0,0,0,3000,3000,0,0,0,0,-13000
6183,關貿            ,5000,18000,-13000,0,0,0,0,0,0,0,0,0,0,0,0,0,-13000
6235,華孚            ,35000,43000,-8000,0,0,0,0,0,0,-5000,0,5000,-5000,0,0,0,-13000
9939,宏全            ,217000,163000,54000,0,0,0,4000,0,4000,-71000,20000,105000,-85000,14000,0,14000,-13000
9930,中聯資源        ,0,12000,-12000,0,0,0,0,0,0,-1000,0,1000,-1000,0,0,0,-13000
05982P,漢唐國票96售03  ,0,0,0,0,0,0,0,0,0,-13000,0,0,0,0,13000,-13000,-13000
06039P,亞光台新96售03  ,0,0,0,0,0,0,0,0,0,-13000,0,0,0,0,13000,-13000,-13000
056107,智易永豐97購02  ,0,0,0,0,0,0,0,0,0,-13000,0,0,0,9000,22000,-13000,-13000
056313,聯茂元大98購01  ,0,0,0,0,0,0,0,0,0,-13000,0,0,0,0,13000,-13000,-13000
056162,祥碩凱基97購03  ,0,0,0,0,0,0,0,0,0,-13000,0,0,0,3000,16000,-13000,-13000
056227,奇力新凱基98購04,0,0,0,0,0,0,0,0,0,-13000,0,0,0,0,13000,-13000,-13000
2009,第一銅          ,30000,43000,-13000,0,0,0,0,0,0,0,0,0,0,0,0,0,-13000
1805,寶徠            ,0,13000,-13000,0,0,0,0,0,0,0,0,0,0,0,0,0,-13000
2017,官田鋼          ,2000,14000,-12000,0,0,0,0,0,0,-1000,0,1000,-1000,0,0,0,-13000
053892,景碩群益96購02  ,0,0,0,0,0,0,0,0,0,-14000,0,0,0,0,14000,-14000,-14000
053758,華新科國泰97購02,0,0,0,0,0,0,0,0,0,-14000,0,0,0,0,14000,-14000,-14000
054577,世芯元大98購01  ,0,0,0,0,0,0,0,0,0,-14000,0,0,0,50000,64000,-14000,-14000
055576,嘉晶統一98購01  ,0,0,0,0,0,0,0,0,0,-14000,0,0,0,34000,48000,-14000,-14000
055782,新日興凱基99購01,0,0,0,0,0,0,0,0,0,-14000,0,0,0,0,14000,-14000,-14000
05592P,可成群益96售03  ,0,0,0,0,0,0,0,0,0,-14000,0,0,0,27000,41000,-14000,-14000
055220,緯穎凱基98購02  ,0,0,0,0,0,0,0,0,0,-14000,0,0,0,0,14000,-14000,-14000
045376,友訊元大93購01  ,0,0,0,0,0,0,0,0,0,-14000,0,0,0,20000,34000,-14000,-14000
044600,上銀國泰93購01  ,0,0,0,0,0,0,0,0,0,-14000,0,0,0,0,14000,-14000,-14000
04267P,康控元富93售04  ,0,0,0,0,0,0,0,0,0,-14000,0,0,0,14000,28000,-14000,-14000
04052P,上銀國泰94售01  ,0,0,0,0,0,0,0,0,0,-14000,0,0,0,10000,24000,-14000,-14000
049996,元油2X永豐94購05,0,0,0,0,0,0,0,0,0,-14000,0,0,0,106000,120000,-14000,-14000
047089,聯詠元富93購03  ,0,0,0,0,0,0,0,0,0,-14000,0,0,0,0,14000,-14000,-14000
050024,旺宏元大94購09  ,0,0,0,0,0,0,0,0,0,-14000,0,0,0,34000,48000,-14000,-14000
050122,臺指反凱基96購01,0,0,0,0,0,0,0,0,0,-14000,0,0,0,6000,20000,-14000,-14000
047201,鴻海元富93購05  ,0,0,0,0,0,0,0,0,0,-14000,0,0,0,0,14000,-14000,-14000
047199,鴻海元富93購03  ,0,0,0,0,0,0,0,0,0,-14000,0,0,0,0,14000,-14000,-14000
050509,元油2X元大94購09,0,0,0,0,0,0,0,0,0,-14000,0,0,0,0,14000,-14000,-14000
049531,聯詠台新94購01  ,0,0,0,0,0,0,0,0,0,-14000,0,0,0,0,14000,-14000,-14000
048755,志超元富96購01  ,0,0,0,0,0,0,0,0,0,-14000,0,0,0,0,14000,-14000,-14000
053088,奇鋐元大98購01  ,0,0,0,0,0,0,0,0,0,-14000,0,0,0,1000,15000,-14000,-14000
052701,群創國票96購01  ,0,0,0,0,0,0,0,0,0,-14000,0,0,0,5000,19000,-14000,-14000
052319,可成元大95購12  ,0,0,0,0,0,0,0,0,0,-14000,0,0,0,109000,123000,-14000,-14000
052237,嘉澤國票96購02  ,0,0,0,0,0,0,0,0,0,-14000,0,0,0,0,14000,-14000,-14000
052141,百和凱基95購02  ,0,0,0,0,0,0,0,0,0,-14000,0,0,0,0,14000,-14000,-14000
051989,華固元大95購02  ,0,0,0,0,0,0,0,0,0,-14000,0,0,0,0,14000,-14000,-14000
051480,大立光凱基97購01,0,0,0,0,0,0,0,0,0,-14000,0,0,0,1000,15000,-14000,-14000
2029,盛餘            ,2000,16000,-14000,0,0,0,0,0,0,0,0,0,0,0,0,0,-14000
1806,冠軍            ,9000,17000,-8000,0,0,0,0,0,0,-6000,0,6000,-6000,0,0,0,-14000
06307P,聚陽元富97售02  ,0,0,0,0,0,0,0,0,0,-14000,0,0,0,36000,50000,-14000,-14000
06187P,國巨統一97售05  ,0,0,0,0,0,0,0,0,0,-14000,0,0,0,13000,27000,-14000,-14000
056035,鴻海凱基97購06  ,0,0,0,0,0,0,0,0,0,-14000,0,0,0,20000,34000,-14000,-14000
055969,彩晶元大99購02  ,0,0,0,0,0,0,0,0,0,-14000,0,0,0,0,14000,-14000,-14000
06016P,京元電凱基96售03,0,0,0,0,0,0,0,0,0,-14000,0,0,0,0,14000,-14000,-14000
06020P,燿華元富96售04  ,0,0,0,0,0,0,0,0,0,-14000,0,0,0,21000,35000,-14000,-14000
911608,明輝-DR         ,0,14000,-14000,0,0,0,0,0,0,0,0,0,0,0,0,0,-14000
4725,信昌化          ,94000,107000,-13000,0,0,0,0,0,0,-1000,0,1000,-1000,0,0,0,-14000
4144,康聯-KY         ,8000,22000,-14000,0,0,0,0,0,0,0,0,0,0,0,0,0,-14000
2467,志聖            ,25000,39000,-14000,0,0,0,0,0,0,0,0,0,0,0,0,0,-14000
2414,精技            ,5000,18000,-13000,0,0,0,0,0,0,-1000,0,1000,-1000,0,0,0,-14000
055168,光罩統一98購01  ,0,0,0,0,0,0,0,0,0,-15000,0,0,0,33000,48000,-15000,-15000
055061,聯詠永豐97購01  ,0,0,0,0,0,0,0,0,0,-15000,0,0,0,0,15000,-15000,-15000
054998,玉晶光元富97購02,0,0,0,0,0,0,0,0,0,-15000,0,0,0,0,15000,-15000,-15000
054857,信錦群益97購01  ,0,0,0,0,0,0,0,0,0,-15000,0,0,0,20000,35000,-15000,-15000
054936,鴻海元大97購10  ,0,0,0,0,0,0,0,0,0,-15000,0,0,0,0,15000,-15000,-15000
055887,上銀統一97購03  ,0,0,0,0,0,0,0,0,0,-15000,0,0,0,5000,20000,-15000,-15000
055725,嘉聯益元大98購03,0,0,0,0,0,0,0,0,0,-15000,0,0,0,0,15000,-15000,-15000
055602,康控元大97購03  ,0,0,0,0,0,0,0,0,0,-15000,0,0,0,213000,228000,-15000,-15000
055586,旺宏元大98購06  ,0,0,0,0,0,0,0,0,0,-15000,0,0,0,13000,28000,-15000,-15000
055596,新光金元大9B購02,0,0,0,0,0,0,0,0,0,-15000,0,0,0,0,15000,-15000,-15000
055316,上銀國票98購01  ,0,0,0,0,0,0,0,0,0,-15000,0,0,0,0,15000,-15000,-15000
054652,裕隆麥證97購01  ,0,0,0,10000,25000,-15000,0,0,0,-15000,0,0,0,10000,25000,-15000,-15000
054378,楠梓電群益98購01,0,0,0,0,0,0,0,0,0,-15000,0,0,0,0,15000,-15000,-15000
054244,華新元大96購01  ,0,0,0,0,0,0,0,0,0,-15000,0,0,0,0,15000,-15000,-15000
053754,英業達元富96購02,0,0,0,0,0,0,0,0,0,-15000,0,0,0,30000,45000,-15000,-15000
053911,臺股指凱基96購31,0,0,0,0,0,0,0,0,0,-15000,0,0,0,62000,77000,-15000,-15000
053474,聯發科元大97購06,0,0,0,0,0,0,0,0,0,-15000,0,0,0,15000,30000,-15000,-15000
053546,台積電凱基96購13,0,0,0,0,0,0,0,0,0,-15000,0,0,0,0,15000,-15000,-15000
043171,冠德國泰93購01  ,0,0,0,0,0,0,0,0,0,-15000,0,0,0,0,15000,-15000,-15000
044354,奇鋐元大93購02  ,0,0,0,0,0,0,0,0,0,-15000,0,0,0,0,15000,-15000,-15000
03129P,台光電統一01售06,0,0,0,0,0,0,0,0,0,-15000,0,0,0,0,15000,-15000,-15000
043944,欣興兆豐93購02  ,0,0,0,0,0,0,0,0,0,-15000,0,0,0,102000,117000,-15000,-15000
03909P,奇鋐元大93售04  ,0,0,0,0,0,0,0,0,0,-15000,0,0,0,0,15000,-15000,-15000
03539P,牧德元富08售01  ,0,0,0,0,0,0,0,0,0,-15000,0,0,0,10000,25000,-15000,-15000
046081,康舒凱基92購01  ,0,0,0,0,0,0,0,0,0,-15000,0,0,0,60000,75000,-15000,-15000
045280,儒鴻富邦94購01  ,0,0,0,0,0,0,0,0,0,-15000,0,0,0,104000,119000,-15000,-15000
046113,旺宏元大93購04  ,0,0,0,0,0,0,0,0,0,-15000,0,0,0,0,15000,-15000,-15000
048976,華擎元大94購01  ,0,0,0,0,0,0,0,0,0,-15000,0,0,0,10000,25000,-15000,-15000
049150,新光金元大96購01,0,0,0,0,0,0,0,0,0,-15000,0,0,0,0,15000,-15000,-15000
048742,瀚宇博統一94購01,0,0,0,0,0,0,0,0,0,-15000,0,0,0,108000,123000,-15000,-15000
049532,同欣電台新94購01,0,0,0,0,0,0,0,0,0,-15000,0,0,0,99000,114000,-15000,-15000
049619,宏達電群益95購02,0,0,0,0,0,0,0,0,0,-15000,0,0,0,0,15000,-15000,-15000
049915,瑞昱元大94購07  ,0,0,0,0,0,0,0,0,0,-15000,0,0,0,5000,20000,-15000,-15000
047518,儒鴻元大93購07  ,0,0,0,0,0,0,0,0,0,-15000,0,0,0,8000,23000,-15000,-15000
047923,聯發科凱基94購02,0,0,0,0,0,0,0,0,0,-15000,0,0,0,20000,35000,-15000,-15000
049796,國巨元大94購10  ,0,0,0,0,0,0,0,0,0,-15000,0,0,0,0,15000,-15000,-15000
050151,台積電群益94購12,0,0,0,0,0,0,0,0,0,-15000,0,0,0,66000,81000,-15000,-15000
04723P,美律凱基94售06  ,0,0,0,0,0,0,0,0,0,-15000,0,0,0,27000,42000,-15000,-15000
048547,訊芯永豐93購03  ,0,0,0,0,0,0,0,0,0,-15000,0,0,0,75000,90000,-15000,-15000
048263,台積電元富95購01,0,0,0,0,0,0,0,0,0,-15000,0,0,0,5000,20000,-15000,-15000
051493,台郡凱基95購02  ,0,0,0,0,0,0,0,0,0,-15000,0,0,0,0,15000,-15000,-15000
051526,超眾凱基95購02  ,0,0,0,0,0,0,0,0,0,-15000,0,0,0,0,15000,-15000,-15000
051668,智邦元大95購02  ,0,0,0,0,0,0,0,0,0,-15000,0,0,0,0,15000,-15000,-15000
05169P,玉晶光元大95售03,0,0,0,0,0,0,0,0,0,-15000,0,0,0,0,15000,-15000,-15000
051876,宏達電國票96購01,0,0,0,0,0,0,0,0,0,-15000,0,0,0,25000,40000,-15000,-15000
050956,鈺齊群益95購01  ,0,0,0,0,0,0,0,0,0,-15000,0,0,0,5000,20000,-15000,-15000
050919,台積電凱基95購03,0,0,0,0,0,0,0,0,0,-15000,0,0,0,10000,25000,-15000,-15000
051245,南亞科元大95購01,0,0,0,0,0,0,0,0,0,-15000,0,0,0,1000,16000,-15000,-15000
052137,台表科凱基96購02,0,0,0,0,0,0,0,0,0,-15000,0,0,0,10000,25000,-15000,-15000
052249,大成鋼永豐95購01,0,0,0,0,0,0,0,0,0,-15000,0,0,0,20000,35000,-15000,-15000
052387,台積電群益95購08,0,0,0,0,0,0,0,0,0,-15000,0,0,0,75000,90000,-15000,-15000
052727,仁寶元富96購01  ,0,0,0,0,0,0,0,0,0,-15000,0,0,0,0,15000,-15000,-15000
052731,宏達電國泰98購01,0,0,0,0,0,0,0,0,0,-15000,0,0,0,0,15000,-15000,-15000
052575,茂林凱基96購04  ,0,0,0,0,0,0,0,0,0,-15000,0,0,0,0,15000,-15000,-15000
053085,華新科元大97購04,0,0,0,0,0,0,0,0,0,-15000,0,0,0,11000,26000,-15000,-15000
05300P,健策元大95售02  ,0,0,0,0,0,0,0,0,0,-15000,0,0,0,93000,108000,-15000,-15000
052810,易華電元大96購02,0,0,0,0,0,0,0,0,0,-15000,0,0,0,5000,20000,-15000,-15000
2373,震旦行          ,0,15000,-15000,0,0,0,0,0,0,0,0,0,0,0,0,0,-15000
2397,友通            ,0,15000,-15000,0,0,0,0,0,0,0,0,0,0,0,0,0,-15000
2506,太設            ,0,8000,-8000,0,0,0,0,0,0,-7000,0,7000,-7000,0,0,0,-15000
6277,宏正            ,16000,31000,-15000,0,0,0,0,0,0,0,0,0,0,0,0,0,-15000
6582,申豐            ,14000,29000,-15000,0,0,0,0,0,0,0,0,0,0,0,0,0,-15000
06007P,世芯永豐96售01  ,0,0,0,0,0,0,0,0,0,-15000,0,0,0,0,15000,-15000,-15000
05787P,臺股指永昌96售04,0,0,0,0,0,0,0,0,0,-15000,176000,0,176000,1175000,1366000,-191000,-15000
05808P,臺股指國票96售01,0,0,0,0,0,0,0,0,0,-15000,0,0,0,5000,20000,-15000,-15000
056093,大毅元富97購01  ,0,0,0,0,0,0,0,0,0,-15000,0,0,0,5000,20000,-15000,-15000
056263,友訊統一99購01  ,0,0,0,0,0,0,0,0,0,-15000,0,0,0,0,15000,-15000,-15000
056134,可成元大97購06  ,0,0,0,0,0,0,0,0,0,-15000,0,0,0,60000,75000,-15000,-15000
06283P,祥碩永豐97售01  ,0,0,0,0,0,0,0,0,0,-15000,0,0,0,15000,30000,-15000,-15000
06318P,臺股指元富97售05,0,0,0,0,0,0,0,0,0,-15000,0,0,0,0,15000,-15000,-15000
1708,東鹼            ,6000,21000,-15000,0,0,0,0,0,0,0,0,0,0,0,0,0,-15000
1219,福壽            ,2000,17000,-15000,0,0,0,0,0,0,0,0,0,0,0,0,0,-15000
053844,GIS統一96購01   ,0,0,0,0,0,0,0,0,0,-16000,0,0,0,32000,48000,-16000,-16000
054217,台表科國票97購05,0,0,0,0,0,0,0,0,0,-16000,0,0,0,17000,33000,-16000,-16000
054407,美律國票97購02  ,0,0,0,0,0,0,0,0,0,-16000,0,0,0,36000,52000,-16000,-16000
054353,世紀鋼國泰98購01,0,0,0,0,0,0,0,0,0,-16000,0,0,0,37000,53000,-16000,-16000
05442P,鴻海元大96售13  ,0,0,0,0,0,0,0,0,0,-16000,0,0,0,140000,156000,-16000,-16000
055359,超眾凱基97購01  ,0,0,0,0,0,0,0,0,0,-16000,0,0,0,0,16000,-16000,-16000
055535,緯創群益98購01  ,0,0,0,0,0,0,0,0,0,-16000,0,0,0,27000,43000,-16000,-16000
05575P,玉晶光元富96售01,0,0,0,0,0,0,0,0,0,-16000,0,0,0,0,16000,-16000,-16000
054868,國泰金群益9A購01,0,0,0,0,0,0,0,0,0,-16000,0,0,0,15000,31000,-16000,-16000
054725,國巨日盛97購01  ,0,0,0,0,0,0,0,0,0,-16000,0,0,0,316000,332000,-16000,-16000
054805,台苯元大9A購01  ,0,0,0,0,0,0,0,0,0,-16000,0,0,0,0,16000,-16000,-16000
05505P,聯發科凱基96售09,0,0,0,0,0,0,0,0,0,-16000,0,0,0,20000,36000,-16000,-16000
055263,華新科富邦9A購01,0,0,0,0,0,0,0,0,0,-16000,0,0,0,360000,376000,-16000,-16000
049380,欣興元大94購04  ,0,0,0,0,0,0,0,0,0,-16000,0,0,0,0,16000,-16000,-16000
045298,旺宏元大94購01  ,0,0,0,0,0,0,0,0,0,-16000,0,0,0,0,16000,-16000,-16000
04466P,大立光元富94售04,0,0,0,0,0,0,0,0,0,-16000,0,0,0,0,16000,-16000,-16000
046384,群創凱基98購02  ,0,0,0,0,0,0,0,0,0,-16000,0,0,0,15000,31000,-16000,-16000
03184P,台積電元大01售48,0,0,0,0,0,0,0,0,0,-16000,0,0,0,0,16000,-16000,-16000
04223P,友達統一93售05  ,0,0,0,0,0,0,0,0,0,-16000,0,0,0,0,16000,-16000,-16000
049478,祥碩永豐94購02  ,0,0,0,0,0,0,0,0,0,-16000,0,0,0,43000,59000,-16000,-16000
047491,旺宏統一94購03  ,0,0,0,0,0,0,0,0,0,-16000,0,0,0,11000,27000,-16000,-16000
047599,大立光統一93購08,0,0,0,0,0,0,0,0,0,-16000,0,0,0,0,16000,-16000,-16000
049445,遠東新統一94購01,0,0,0,0,0,0,0,0,0,-16000,0,0,0,14000,30000,-16000,-16000
049855,台表科群益94購01,0,0,0,0,0,0,0,0,0,-16000,0,0,0,0,16000,-16000,-16000
048724,台達電日盛94購01,0,0,0,0,0,0,0,0,0,-16000,0,0,0,99000,115000,-16000,-16000
052771,GIS群益96購01   ,0,0,0,0,0,0,0,0,0,-16000,0,0,0,14000,30000,-16000,-16000
052572,群創凱基99購01  ,0,0,0,0,0,0,0,0,0,-16000,0,0,0,0,16000,-16000,-16000
052134,智邦凱基95購09  ,0,0,0,0,0,0,0,0,0,-16000,0,0,0,67000,83000,-16000,-16000
051187,晶相光永豐95購01,0,0,0,0,0,0,0,0,0,-16000,0,0,0,22000,38000,-16000,-16000
051286,國巨統一97購01  ,0,0,0,0,0,0,0,0,0,-16000,0,0,0,0,16000,-16000,-16000
050951,緯創群益96購01  ,0,0,0,0,0,0,0,0,0,-16000,0,0,0,16000,32000,-16000,-16000
050568,為升中信97購01  ,0,0,0,0,0,0,0,0,0,-16000,0,0,0,24000,40000,-16000,-16000
051749,矽力國泰97購01  ,0,0,0,0,0,0,0,0,0,-16000,0,0,0,0,16000,-16000,-16000
051999,勤誠元大95購01  ,0,0,0,0,0,0,0,0,0,-16000,0,0,0,0,16000,-16000,-16000
1532,勤美            ,37000,52000,-15000,0,0,0,0,0,0,-1000,0,1000,-1000,0,0,0,-16000
1454,台富            ,0,16000,-16000,0,0,0,0,0,0,0,0,0,0,0,0,0,-16000
1713,國化            ,3000,19000,-16000,0,0,0,0,0,0,0,0,0,0,0,0,0,-16000
06145P,華新科永豐97售02,0,0,0,0,0,0,0,0,0,-16000,0,0,0,0,16000,-16000,-16000
06180P,禾伸堂群益97售01,0,0,0,0,0,0,0,0,0,-16000,0,0,0,0,16000,-16000,-16000
056048,同欣電兆豐97購01,0,0,0,0,0,0,0,0,0,-16000,0,0,0,0,16000,-16000,-16000
05790P,臺股指永昌96售07,0,0,0,0,0,0,0,0,0,-16000,0,0,0,150000,166000,-16000,-16000
05694P,台積電凱基96售09,0,0,0,0,0,0,0,0,0,-16000,0,0,0,94000,110000,-16000,-16000
05755P,臺股指中信99售04,0,0,0,0,0,0,0,0,0,-16000,0,0,0,8000,24000,-16000,-16000
5533,皇鼎            ,1000,17000,-16000,0,0,0,0,0,0,0,0,0,0,0,0,0,-16000
3712,永崴投控        ,29000,35000,-6000,0,0,0,0,0,0,-10000,0,10000,-10000,0,0,0,-16000
3419,譁裕            ,35000,51000,-16000,0,0,0,0,0,0,0,0,0,0,0,0,0,-16000
2539,櫻花建          ,0,14000,-14000,0,0,0,0,0,0,-2000,0,2000,-2000,0,0,0,-16000
2496,卓越            ,0,16000,-16000,0,0,0,0,0,0,0,0,0,0,0,0,0,-16000
2704,國賓            ,75000,100000,-25000,0,0,0,0,0,0,9000,9000,0,9000,0,0,0,-16000
055063,玉晶光永豐99購01,0,0,0,0,0,0,0,0,0,-17000,0,0,0,30000,47000,-17000,-17000
054770,健策國票98購01  ,0,0,0,0,0,0,0,0,0,-17000,0,0,0,76000,93000,-17000,-17000
054694,聯鈞永豐97購01  ,0,0,0,0,0,0,0,0,0,-17000,0,0,0,2000,19000,-17000,-17000
05584P,臺股指凱基96售13,0,0,0,0,0,0,0,0,0,-17000,0,0,0,33000,50000,-17000,-17000
055567,訊芯凱基98購02  ,0,0,0,0,0,0,0,0,0,-17000,0,0,0,78000,95000,-17000,-17000
05538P,玉晶光國票97售02,0,0,0,0,0,0,0,0,0,-17000,0,0,0,5000,22000,-17000,-17000
054641,祥碩中信98購01  ,0,0,0,0,0,0,0,0,0,-17000,0,0,0,47000,64000,-17000,-17000
054603,智易台新98購01  ,0,0,0,0,0,0,0,0,0,-17000,0,0,0,49000,66000,-17000,-17000
054082,楠梓電元富96購01,0,0,0,0,0,0,0,0,0,-17000,0,0,0,0,17000,-17000,-17000
053599,崇越元大96購01  ,0,0,0,0,0,0,0,0,0,-17000,0,0,0,0,17000,-17000,-17000
053459,康控國泰97購01  ,0,0,0,0,0,0,0,0,0,-17000,0,0,0,56000,73000,-17000,-17000
04003P,麗豐凱基94售03  ,0,0,0,0,0,0,0,0,0,-17000,0,0,0,3000,20000,-17000,-17000
03987P,亞光群益93售02  ,0,0,0,0,0,0,0,0,0,-17000,0,0,0,16000,33000,-17000,-17000
046644,台達電國泰93購01,0,0,0,0,0,0,0,0,0,-17000,0,0,0,30000,47000,-17000,-17000
046695,瑞昱凱基93購03  ,0,0,0,0,0,0,0,0,0,-17000,0,0,0,0,17000,-17000,-17000
04461P,燿華元富94售01  ,0,0,0,0,0,0,0,0,0,-17000,0,0,0,0,17000,-17000,-17000
04939P,國巨國票95售03  ,0,0,0,0,0,0,0,0,0,-17000,0,0,0,3000,20000,-17000,-17000
04756P,大立光元富94售08,0,0,0,0,0,0,0,0,0,-17000,0,0,0,6000,23000,-17000,-17000
047942,華新科國票94購04,0,0,0,0,0,0,0,0,0,-17000,0,0,0,0,17000,-17000,-17000
04998P,京元電永豐95售01,0,0,0,0,0,0,0,0,0,-17000,0,0,0,57000,74000,-17000,-17000
050250,台郡凱基94購03  ,0,0,0,0,0,0,0,0,0,-17000,0,0,0,10000,27000,-17000,-17000
050500,台積電凱基94購36,0,0,0,0,0,0,0,0,0,-17000,0,0,0,15000,32000,-17000,-17000
051361,泰鼎元大95購01  ,0,0,0,0,0,0,0,0,0,-17000,0,0,0,54000,71000,-17000,-17000
052535,日月光國泰96購01,0,0,0,0,0,0,0,0,0,-17000,0,0,0,20000,37000,-17000,-17000
052656,力山元富96購01  ,0,0,0,0,0,0,0,0,0,-17000,0,0,0,0,17000,-17000,-17000
05282P,可成元大95售09  ,0,0,0,0,0,0,0,0,0,-17000,0,0,0,75000,92000,-17000,-17000
053278,禾伸堂元大96購01,0,0,0,0,0,0,0,0,0,-17000,0,0,0,3000,20000,-17000,-17000
6197,佳必琪          ,135000,151000,-16000,0,0,0,0,0,0,-1000,0,1000,-1000,0,0,0,-17000
8473,山林水          ,2000,19000,-17000,0,0,0,0,0,0,0,0,0,0,0,0,0,-17000
8374,羅昇            ,1000,18000,-17000,0,0,0,0,0,0,0,0,0,0,0,0,0,-17000
05633P,台表科群益96售04,0,0,0,0,0,0,0,0,0,-17000,0,0,0,9000,26000,-17000,-17000
06364P,鴻海凱基97售08  ,0,0,0,0,0,0,0,0,0,-17000,0,0,0,0,17000,-17000,-17000
1449,佳和            ,28000,44000,-16000,0,0,0,0,0,0,-1000,0,1000,-1000,0,0,0,-17000
055390,國巨統一98購03  ,0,0,0,0,0,0,0,0,0,-18000,0,0,0,48000,66000,-18000,-18000
055850,聯詠元大97購06  ,0,0,0,0,0,0,0,0,0,-18000,0,0,0,40000,58000,-18000,-18000
055835,華邦電元大97購03,0,0,0,0,0,0,0,0,0,-18000,0,0,0,0,18000,-18000,-18000
054786,全新群益99購02  ,0,0,0,0,0,0,0,0,0,-18000,0,0,0,10000,28000,-18000,-18000
049003,智邦中信95購01  ,0,0,0,0,0,0,0,0,0,-18000,0,0,0,30000,48000,-18000,-18000
045897,泰鼎元大93購04  ,0,0,0,0,0,0,0,0,0,-18000,0,0,0,28000,46000,-18000,-18000
046070,景碩凱基92購03  ,0,0,0,0,0,0,0,0,0,-18000,0,0,0,0,18000,-18000,-18000
045937,臻鼎群益93購02  ,0,0,0,0,0,0,0,0,0,-18000,0,0,0,2000,20000,-18000,-18000
00733,富邦臺灣中小    ,0,0,0,0,0,0,0,0,0,-18000,0,0,0,209000,227000,-18000,-18000
041421,滬深2X凱基93購01,0,0,0,0,0,0,0,0,0,-18000,0,0,0,2000,20000,-18000,-18000
04207P,臺股指元大93售47,0,0,0,0,0,0,0,0,0,-18000,0,0,0,0,18000,-18000,-18000
046799,儒鴻元大93購01  ,0,0,0,0,0,0,0,0,0,-18000,0,0,0,4000,22000,-18000,-18000
049475,高鐵永豐94購01  ,0,0,0,0,0,0,0,0,0,-18000,0,0,0,0,18000,-18000,-18000
048260,鴻海元富93購06  ,0,0,0,0,0,0,0,0,0,-18000,0,0,0,0,18000,-18000,-18000
047437,旺宏元大94購02  ,0,0,0,0,0,0,0,0,0,-18000,0,0,0,87000,105000,-18000,-18000
047871,健策永豐93購02  ,0,0,0,0,0,0,0,0,0,-18000,0,0,0,2000,20000,-18000,-18000
048910,和鑫富邦98購01  ,0,0,0,0,0,0,0,0,0,-18000,0,0,0,38000,56000,-18000,-18000
049348,瑞昱台新94購01  ,0,0,0,0,0,0,0,0,0,-18000,0,0,0,20000,38000,-18000,-18000
053084,國巨元大98購01  ,0,0,0,0,0,0,0,0,0,-18000,0,0,0,0,18000,-18000,-18000
053139,滬深2X永豐98購01,0,0,0,0,0,0,0,0,0,-18000,0,0,0,7000,25000,-18000,-18000
052124,京鼎國票95購01  ,0,0,0,0,0,0,0,0,0,-18000,0,0,0,9000,27000,-18000,-18000
051579,宏碁元大95購01  ,0,0,0,0,0,0,0,0,0,-18000,0,0,0,3000,21000,-18000,-18000
051962,晶相光永豐95購02,0,0,0,0,0,0,0,0,0,-18000,0,0,0,2000,20000,-18000,-18000
051776,上証2X群益99購01,0,0,0,0,0,0,0,0,0,-18000,0,0,0,200000,218000,-18000,-18000
05092P,全新元大95售03  ,0,0,0,0,0,0,0,0,0,-18000,0,0,0,132000,150000,-18000,-18000
051115,華通麥證96購01  ,0,0,0,12000,30000,-18000,0,0,0,-18000,0,0,0,12000,30000,-18000,-18000
1617,榮星            ,1000,19000,-18000,0,0,0,0,0,0,0,0,0,0,0,0,0,-18000
2348,海悅            ,29000,46000,-17000,0,0,0,0,0,0,-1000,0,1000,-1000,0,0,0,-18000
06377P,華通統一97售04  ,0,0,0,0,0,0,0,0,0,-18000,0,0,0,0,18000,-18000,-18000
06089P,矽創永豐97售01  ,0,0,0,0,0,0,0,0,0,-18000,0,0,0,214000,232000,-18000,-18000
056273,祥碩統一97購02  ,0,0,0,0,0,0,0,0,0,-18000,0,0,0,0,18000,-18000,-18000
05748P,臺股指群益99售02,0,0,0,0,0,0,0,0,0,-18000,0,0,0,20000,38000,-18000,-18000
05723P,華通永豐96售03  ,0,0,0,0,0,0,0,0,0,-18000,0,0,0,58000,76000,-18000,-18000
8429,金麗-KY         ,35000,38000,-3000,0,0,0,0,0,0,-15000,0,15000,-15000,0,0,0,-18000
8104,錸寶            ,34000,52000,-18000,0,0,0,0,0,0,0,0,0,0,0,0,0,-18000
054832,興勤中信97購01  ,0,0,0,0,0,0,0,0,0,-19000,0,0,0,31000,50000,-19000,-19000
054934,金寶元大97購01  ,0,0,0,0,0,0,0,0,0,-19000,0,0,0,299000,318000,-19000,-19000
055028,佐登國泰98購01  ,0,0,0,0,0,0,0,0,0,-19000,0,0,0,11000,30000,-19000,-19000
055139,欣興永豐97購01  ,0,0,0,0,0,0,0,0,0,-19000,0,0,0,68000,87000,-19000,-19000
055915,大立光凱基98購07,0,0,0,0,0,0,0,0,0,-19000,0,0,0,1000,20000,-19000,-19000
055937,康舒群益97購01  ,0,0,0,0,0,0,0,0,0,-19000,0,0,0,0,19000,-19000,-19000
053442,光罩凱基96購01  ,0,0,0,0,0,0,0,0,0,-19000,0,0,0,50000,69000,-19000,-19000
053510,聯電群益97購01  ,0,0,0,0,0,0,0,0,0,-19000,0,0,0,13000,32000,-19000,-19000
053722,新光金凱基9C購01,0,0,0,0,0,0,0,0,0,-19000,0,0,0,1000,20000,-19000,-19000
054642,訊芯中信9A購01  ,0,0,0,0,0,0,0,0,0,-19000,0,0,0,11000,30000,-19000,-19000
045679,欣興元大94購01  ,0,0,0,0,0,0,0,0,0,-19000,0,0,0,7000,26000,-19000,-19000
00736,國泰新興市場    ,21000,23000,-2000,0,0,0,0,0,0,-17000,0,0,0,124000,141000,-17000,-19000
03867P,樺漢元大93售02  ,0,0,0,0,0,0,0,0,0,-19000,0,0,0,0,19000,-19000,-19000
04626P,聯發科元大94售07,0,0,0,0,0,0,0,0,0,-19000,0,0,0,13000,32000,-19000,-19000
046201,台郡凱基92購01  ,0,0,0,0,0,0,0,0,0,-19000,0,0,0,1000,20000,-19000,-19000
049596,智伸科元大95購01,0,0,0,0,0,0,0,0,0,-19000,0,0,0,1000,20000,-19000,-19000
048675,台達電國泰94購02,0,0,0,0,0,0,0,0,0,-19000,0,0,0,1000,20000,-19000,-19000
048483,可成國泰95購01  ,0,0,0,0,0,0,0,0,0,-19000,0,0,0,22000,41000,-19000,-19000
050332,鴻海國泰96購05  ,0,0,0,0,0,0,0,0,0,-19000,0,0,0,32000,51000,-19000,-19000
048192,華通元大96購01  ,0,0,0,0,0,0,0,0,0,-19000,0,0,0,54000,73000,-19000,-19000
051066,台積電國票96購02,0,0,0,0,0,0,0,0,0,-19000,0,0,0,15000,34000,-19000,-19000
051287,台積電統一95購05,0,0,0,0,0,0,0,0,0,-19000,0,0,0,2000,21000,-19000,-19000
051990,泰碩元大95購01  ,0,0,0,0,0,0,0,0,0,-19000,0,0,0,220000,239000,-19000,-19000
052672,世紀鋼群益96購02,0,0,0,0,0,0,0,0,0,-19000,0,0,0,1000,20000,-19000,-19000
052844,台積電統一96購02,0,0,0,0,0,0,0,0,0,-19000,0,0,0,0,19000,-19000,-19000
052987,華新科元大99購01,0,0,0,0,0,0,0,0,0,-19000,0,0,0,50000,69000,-19000,-19000
6184,大豐電          ,14000,33000,-19000,0,0,0,0,0,0,0,0,0,0,0,0,0,-19000
2701,萬企            ,0,17000,-17000,0,0,0,0,0,0,-2000,0,2000,-2000,0,0,0,-19000
3060,銘異            ,8000,26000,-18000,0,0,0,0,0,0,-1000,0,1000,-1000,0,0,0,-19000
05626P,景碩國票97售03  ,0,0,0,0,0,0,0,0,0,-19000,0,0,0,0,19000,-19000,-19000
056055,國巨元大97購15  ,0,0,0,0,0,0,0,0,0,-19000,0,0,0,7000,26000,-19000,-19000
06336P,鴻海元大98售05  ,0,0,0,0,0,0,0,0,0,-19000,0,0,0,85000,104000,-19000,-19000
07917P,可成永豐9B售01  ,0,0,0,0,0,0,0,0,0,-19000,0,0,0,7000,26000,-19000,-19000
1535,中宇            ,2000,21000,-19000,0,0,0,0,0,0,0,0,0,0,0,0,0,-19000
05461P,台積電亞東97售01,0,0,0,0,0,0,0,0,0,-20000,0,0,0,0,20000,-20000,-20000
054553,宏達電凱基99購01,0,0,0,0,0,0,0,0,0,-20000,0,0,0,20000,40000,-20000,-20000
054415,奇力新元大96購06,0,0,0,0,0,0,0,0,0,-20000,0,0,0,20000,40000,-20000,-20000
054483,聯電台新96購01  ,0,0,0,0,0,0,0,0,0,-20000,0,0,0,0,20000,-20000,-20000
054334,超眾永豐96購04  ,0,0,0,0,0,0,0,0,0,-20000,0,0,0,20000,40000,-20000,-20000
054405,樺漢康和96購01  ,0,0,0,0,0,0,0,0,0,-20000,0,0,0,0,20000,-20000,-20000
054403,同欣電永豐96購02,0,0,0,0,0,0,0,0,0,-20000,0,0,0,0,20000,-20000,-20000
054164,強茂凱基98購01  ,0,0,0,0,0,0,0,0,0,-20000,0,0,0,0,20000,-20000,-20000
054106,元油反凱基9C購01,0,0,0,0,0,0,0,0,0,-20000,0,0,0,0,20000,-20000,-20000
054216,聯茂國票97購03  ,0,0,0,0,0,0,0,0,0,-20000,0,0,0,86000,106000,-20000,-20000
054272,華通中信98購01  ,0,0,0,0,0,0,0,0,0,-20000,0,0,0,30000,50000,-20000,-20000
054292,欣興元大96購06  ,0,0,0,0,0,0,0,0,0,-20000,0,0,0,64000,84000,-20000,-20000
054316,矽創凱基97購01  ,0,0,0,0,0,0,0,0,0,-20000,0,0,0,0,20000,-20000,-20000
054328,台化康和96購01  ,0,0,0,0,0,0,0,0,0,-20000,0,0,0,0,20000,-20000,-20000
053746,彰銀康和96購01  ,0,0,0,0,0,0,0,0,0,-20000,0,0,0,0,20000,-20000,-20000
053742,創意國票97購01  ,0,0,0,0,0,0,0,0,0,-20000,0,0,0,0,20000,-20000,-20000
053779,台光電元大96購02,0,0,0,0,0,0,0,0,0,-20000,0,0,0,0,20000,-20000,-20000
053828,貿聯麥證96購01  ,0,0,0,10000,30000,-20000,0,0,0,-20000,0,0,0,10000,30000,-20000,-20000
053915,光罩國票96購02  ,0,0,0,0,0,0,0,0,0,-20000,0,0,0,10000,30000,-20000,-20000
053485,矽創國票97購04  ,0,0,0,0,0,0,0,0,0,-20000,0,0,0,0,20000,-20000,-20000
053450,同欣電凱基96購02,0,0,0,0,0,0,0,0,0,-20000,0,0,0,0,20000,-20000,-20000
053358,晶技統一98購01  ,0,0,0,0,0,0,0,0,0,-20000,0,0,0,0,20000,-20000,-20000
053575,聯詠元富96購01  ,0,0,0,0,0,0,0,0,0,-20000,0,0,0,0,20000,-20000,-20000
053647,臺股指國票96購10,0,0,0,0,0,0,0,0,0,-20000,0,0,0,20000,40000,-20000,-20000
053639,禾伸堂永豐96購01,0,0,0,0,0,0,0,0,0,-20000,0,0,0,20000,40000,-20000,-20000
053654,聯發科凱基98購01,0,0,0,0,0,0,0,0,0,-20000,0,0,0,182000,202000,-20000,-20000
055905,可成兆豐97購03  ,0,0,0,0,0,0,0,0,0,-20000,0,0,0,0,20000,-20000,-20000
055876,美食元富9A購01  ,0,0,0,0,0,0,0,0,0,-20000,0,0,0,0,20000,-20000,-20000
055840,南亞科元大97購03,0,0,0,0,0,0,0,0,0,-20000,0,0,0,0,20000,-20000,-20000
05579P,友達凱基98售03  ,0,0,0,0,0,0,0,0,0,-20000,0,0,0,0,20000,-20000,-20000
055735,宏達電元富98購01,0,0,0,0,0,0,0,0,0,-20000,0,0,0,20000,40000,-20000,-20000
05576P,群創日盛99售02  ,0,0,0,0,0,0,0,0,0,-20000,0,0,0,0,20000,-20000,-20000
055718,可成元大97購02  ,0,0,0,0,0,0,0,0,0,-20000,0,0,0,49000,69000,-20000,-20000
05568P,台積電統一96售03,0,0,0,0,0,0,0,0,0,-20000,0,0,0,0,20000,-20000,-20000
055653,聯詠元富01購02  ,0,0,0,0,0,0,0,0,0,-20000,0,0,0,0,20000,-20000,-20000
055642,廣宇元富97購01  ,0,0,0,0,0,0,0,0,0,-20000,0,0,0,10000,30000,-20000,-20000
055350,聯發科凱基97購02,0,0,0,0,0,0,0,0,0,-20000,0,0,0,73000,93000,-20000,-20000
055340,華新科日盛97購01,0,0,0,0,0,0,0,0,0,-20000,0,0,0,0,20000,-20000,-20000
055600,致伸元大97購02  ,0,0,0,0,0,0,0,0,0,-20000,0,0,0,0,20000,-20000,-20000
055616,智原國票97購03  ,0,0,0,0,0,0,0,0,0,-20000,0,0,0,0,20000,-20000,-20000
055618,麗豐國票98購01  ,0,0,0,0,0,0,0,0,0,-20000,0,0,0,10000,30000,-20000,-20000
055487,國巨元大98購07  ,0,0,0,0,0,0,0,0,0,-20000,0,0,0,0,20000,-20000,-20000
055515,聚陽中信9A購01  ,0,0,0,0,0,0,0,0,0,-20000,0,0,0,30000,50000,-20000,-20000
055150,台積電元大98購04,0,0,0,0,0,0,0,0,0,-20000,0,0,0,82000,102000,-20000,-20000
055221,矽創凱基97購02  ,0,0,0,0,0,0,0,0,0,-20000,0,0,0,15000,35000,-20000,-20000
054985,光罩元富97購01  ,0,0,0,0,0,0,0,0,0,-20000,0,0,0,0,20000,-20000,-20000
055140,晶相光永豐97購01,0,0,0,0,0,0,0,0,0,-20000,0,0,0,0,20000,-20000,-20000
055103,南港凱基97購01  ,0,0,0,0,0,0,0,0,0,-20000,0,0,0,0,20000,-20000,-20000
055112,晶豪科凱基98購01,0,0,0,0,0,0,0,0,0,-20000,0,0,0,50000,70000,-20000,-20000
05493P,華新科富邦99售02,0,0,0,0,0,0,0,0,0,-20000,0,0,0,0,20000,-20000,-20000
054942,凱美元大97購02  ,0,0,0,0,0,0,0,0,0,-20000,0,0,0,44000,64000,-20000,-20000
054959,禾伸堂元大98購01,0,0,0,0,0,0,0,0,0,-20000,0,0,0,40000,60000,-20000,-20000
054828,正崴國泰99購01  ,0,0,0,0,0,0,0,0,0,-20000,0,0,0,0,20000,-20000,-20000
054863,億光群益97購01  ,0,0,0,0,0,0,0,0,0,-20000,0,0,0,80000,100000,-20000,-20000
054771,茂林國票98購02  ,0,0,0,0,0,0,0,0,0,-20000,0,0,0,3000,23000,-20000,-20000
054765,亞光國票98購02  ,0,0,0,0,0,0,0,0,0,-20000,0,0,0,0,20000,-20000,-20000
054712,上証2X中信98購02,0,0,0,0,0,0,0,0,0,-20000,0,0,0,0,20000,-20000,-20000
054670,康友元富97購01  ,0,0,0,0,0,0,0,0,0,-20000,0,0,0,0,20000,-20000,-20000
049290,元油2X群益94購02,0,0,0,0,0,0,0,0,0,-20000,0,0,0,0,20000,-20000,-20000
049146,南亞科元大94購02,0,0,0,0,0,0,0,0,0,-20000,0,0,0,10000,30000,-20000,-20000
049147,美律元大94購02  ,0,0,0,0,0,0,0,0,0,-20000,0,0,0,0,20000,-20000,-20000
045144,訊芯兆豐92購01  ,0,0,0,0,0,0,0,0,0,-20000,0,0,0,0,20000,-20000,-20000
045170,鴻海日盛92購01  ,0,0,0,0,0,0,0,0,0,-20000,0,0,0,0,20000,-20000,-20000
046196,欣興凱基92購04  ,0,0,0,0,0,0,0,0,0,-20000,0,0,0,10000,30000,-20000,-20000
046197,日月光凱基92購04,0,0,0,0,0,0,0,0,0,-20000,0,0,0,20000,40000,-20000,-20000
045531,台郡永豐92購01  ,0,0,0,0,0,0,0,0,0,-20000,0,0,0,0,20000,-20000,-20000
046292,聯發科統一92購02,0,0,0,0,0,0,0,0,0,-20000,0,0,0,0,20000,-20000,-20000
046696,可成凱基93購02  ,0,0,0,0,0,0,0,0,0,-20000,0,0,0,10000,30000,-20000,-20000
046692,鴻海凱基93購15  ,0,0,0,0,0,0,0,0,0,-20000,0,0,0,0,20000,-20000,-20000
046735,聯發科國票93購01,0,0,0,0,0,0,0,0,0,-20000,0,0,0,0,20000,-20000,-20000
044462,漢唐兆豐93購01  ,0,0,0,0,0,0,0,0,0,-20000,0,0,0,2000,22000,-20000,-20000
046669,新唐元大93購01  ,0,0,0,0,0,0,0,0,0,-20000,0,0,0,0,20000,-20000,-20000
046562,大立光凱基95購01,0,0,0,0,0,0,0,0,0,-20000,0,0,0,0,20000,-20000,-20000
046571,瑞昱國泰93購01  ,0,0,0,0,0,0,0,0,0,-20000,0,0,0,0,20000,-20000,-20000
046402,華泰元大92購03  ,0,0,0,0,0,0,0,0,0,-20000,0,0,0,0,20000,-20000,-20000
04640P,上銀凱基94售05  ,0,0,0,0,0,0,0,0,0,-20000,0,0,0,0,20000,-20000,-20000
04649P,臺股指凱基94售08,0,0,0,0,0,0,0,0,0,-20000,0,0,0,0,20000,-20000,-20000
046501,友達元大92購05  ,0,0,0,0,0,0,0,0,0,-20000,0,0,0,0,20000,-20000,-20000
045934,燿華群益93購01  ,0,0,0,0,0,0,0,0,0,-20000,0,0,0,0,20000,-20000,-20000
045960,聯發科凱基92購01,0,0,0,0,0,0,0,0,0,-20000,0,0,0,0,20000,-20000,-20000
044758,玉山金凱基93購01,0,0,0,0,0,0,0,0,0,-20000,0,0,0,0,20000,-20000,-20000
044805,旭富凱基93購01  ,0,0,0,0,0,0,0,0,0,-20000,0,0,0,0,20000,-20000,-20000
046021,台泥元大92購01  ,0,0,0,0,0,0,0,0,0,-20000,0,0,0,0,20000,-20000,-20000
04464P,可成元富94售04  ,0,0,0,0,0,0,0,0,0,-20000,0,0,0,0,20000,-20000,-20000
044592,元油2X國票93購02,0,0,0,0,0,0,0,0,0,-20000,0,0,0,0,20000,-20000,-20000
045856,南亞科國泰94購01,0,0,0,0,0,0,0,0,0,-20000,0,0,0,0,20000,-20000,-20000
03859P,聯詠元富93售04  ,0,0,0,0,0,0,0,0,0,-20000,0,0,0,0,20000,-20000,-20000
03016P,滬深2X群益01售09,0,0,0,0,0,0,0,0,0,-20000,0,0,0,0,20000,-20000,-20000
03155P,玉晶光群益01售08,0,0,0,0,0,0,0,0,0,-20000,0,0,0,0,20000,-20000,-20000
03048P,南電國票03售01  ,0,0,0,0,0,0,0,0,0,-20000,0,0,0,0,20000,-20000,-20000
03641C,臺股指凱基95牛18,0,0,0,0,0,0,0,0,0,-20000,0,0,0,0,20000,-20000,-20000
044205,聯茂亞東92購01  ,0,0,0,0,0,0,0,0,0,-20000,0,0,0,0,20000,-20000,-20000
044119,台郡兆豐92購01  ,0,0,0,0,0,0,0,0,0,-20000,0,0,0,0,20000,-20000,-20000
03608P,鴻海元大92售14  ,0,0,0,0,0,0,0,0,0,-20000,0,0,0,0,20000,-20000,-20000
04570P,台積電國票94售05,0,0,0,0,0,0,0,0,0,-20000,0,0,0,0,20000,-20000,-20000
045718,瑞昱凱基92購01  ,0,0,0,0,0,0,0,0,0,-20000,0,0,0,0,20000,-20000,-20000
04430P,晶相光元大94售04,0,0,0,0,0,0,0,0,0,-20000,0,0,0,1000,21000,-20000,-20000
044362,元油2X中信94購01,0,0,0,0,0,0,0,0,0,-20000,0,0,0,0,20000,-20000,-20000
046882,智易富邦97購01  ,0,0,0,0,0,0,0,0,0,-20000,0,0,0,0,20000,-20000,-20000
046904,大毅凱基93購01  ,0,0,0,0,0,0,0,0,0,-20000,0,0,0,0,20000,-20000,-20000
044249,T50反1中信94購01,0,0,0,0,0,0,0,0,0,-20000,0,0,0,0,20000,-20000,-20000
04314P,聯茂元富93售01  ,0,0,0,0,0,0,0,0,0,-20000,0,0,0,10000,30000,-20000,-20000
043601,亞光元大93購01  ,0,0,0,0,0,0,0,0,0,-20000,0,0,0,15000,35000,-20000,-20000
048249,嘉澤兆豐94購01  ,0,0,0,0,0,0,0,0,0,-20000,0,0,0,10000,30000,-20000,-20000
047214,啟碁富邦97購01  ,0,0,0,0,0,0,0,0,0,-20000,0,0,0,0,20000,-20000,-20000
048883,玉晶光統一94購01,0,0,0,0,0,0,0,0,0,-20000,0,0,0,0,20000,-20000,-20000
050074,訊芯凱基94購05  ,0,0,0,0,0,0,0,0,0,-20000,0,0,0,0,20000,-20000,-20000
050118,臻鼎元大94購01  ,0,0,0,0,0,0,0,0,0,-20000,0,0,0,0,20000,-20000,-20000
050133,鈺齊凱基94購01  ,0,0,0,0,0,0,0,0,0,-20000,0,0,0,131000,151000,-20000,-20000
050167,T50反1富邦96購01,0,0,0,0,0,0,0,0,0,-20000,0,0,0,0,20000,-20000,-20000
050209,華通國票95購01  ,0,0,0,0,0,0,0,0,0,-20000,0,0,0,0,20000,-20000,-20000
050337,南電國泰95購01  ,0,0,0,0,0,0,0,0,0,-20000,0,0,0,100000,120000,-20000,-20000
050326,正崴永豐94購03  ,0,0,0,0,0,0,0,0,0,-20000,0,0,0,0,20000,-20000,-20000
050385,貿聯國票95購02  ,0,0,0,0,0,0,0,0,0,-20000,0,0,0,0,20000,-20000,-20000
050249,瑞儀凱基94購01  ,0,0,0,0,0,0,0,0,0,-20000,0,0,0,0,20000,-20000,-20000
050260,鴻海元大94購15  ,0,0,0,0,0,0,0,0,0,-20000,0,0,0,10000,30000,-20000,-20000
050211,貿聯國票95購01  ,0,0,0,0,0,0,0,0,0,-20000,0,0,0,0,20000,-20000,-20000
050522,聯發科元大95購03,0,0,0,0,0,0,0,0,0,-20000,0,0,0,29000,49000,-20000,-20000
050418,為升凱基94購06  ,0,0,0,0,0,0,0,0,0,-20000,0,0,0,20000,40000,-20000,-20000
050403,台積電麥證94購02,0,0,0,0,20000,-20000,0,0,0,-20000,0,0,0,0,20000,-20000,-20000
048485,泰鼎國泰94購02  ,0,0,0,0,0,0,0,0,0,-20000,0,0,0,0,20000,-20000,-20000
048475,台郡永豐93購02  ,0,0,0,0,0,0,0,0,0,-20000,0,0,0,0,20000,-20000,-20000
048438,台表科麥證94購01,0,0,0,0,20000,-20000,0,0,0,-20000,0,0,0,0,20000,-20000,-20000
048369,友達統一93購06  ,0,0,0,0,0,0,0,0,0,-20000,0,0,0,0,20000,-20000,-20000
048559,京元電元大93購03,0,0,0,0,0,0,0,0,0,-20000,0,0,0,0,20000,-20000,-20000
048534,貿聯國票94購01  ,0,0,0,0,0,0,0,0,0,-20000,0,0,0,0,20000,-20000,-20000
049456,上海銀統一94購03,0,0,0,0,0,0,0,0,0,-20000,0,0,0,24000,44000,-20000,-20000
04860P,鴻海群益94售07  ,0,0,0,0,0,0,0,0,0,-20000,0,0,0,0,20000,-20000,-20000
048598,瑞昱國票93購03  ,0,0,0,0,0,0,0,0,0,-20000,0,0,0,11000,31000,-20000,-20000
047048,華邦電國票93購02,0,0,0,0,0,0,0,0,0,-20000,0,0,0,0,20000,-20000,-20000
048298,華通麥證94購01  ,0,0,0,0,20000,-20000,0,0,0,-20000,0,0,0,0,20000,-20000,-20000
048293,聯詠群益93購04  ,0,0,0,0,0,0,0,0,0,-20000,0,0,0,0,20000,-20000,-20000
048061,鴻海統一95購03  ,0,0,0,0,0,0,0,0,0,-20000,0,0,0,36000,56000,-20000,-20000
048036,隆達凱基93購01  ,0,0,0,0,0,0,0,0,0,-20000,0,0,0,30000,50000,-20000,-20000
048130,美利達元大96購01,0,0,0,0,0,0,0,0,0,-20000,0,0,0,0,20000,-20000,-20000
048120,台泥元大93購02  ,0,0,0,0,0,0,0,0,0,-20000,0,0,0,0,20000,-20000,-20000
048109,旺宏群益94購02  ,0,0,0,0,0,0,0,0,0,-20000,0,0,0,20000,40000,-20000,-20000
048113,欣興群益93購08  ,0,0,0,0,0,0,0,0,0,-20000,0,0,0,0,20000,-20000,-20000
048676,和鑫國泰94購02  ,0,0,0,0,0,0,0,0,0,-20000,0,0,0,0,20000,-20000,-20000
049185,南電凱基94購03  ,0,0,0,0,0,0,0,0,0,-20000,0,0,0,0,20000,-20000,-20000
049173,鴻海凱基94購15  ,0,0,0,0,0,0,0,0,0,-20000,0,0,0,20000,40000,-20000,-20000
049170,亞德客凱基94購01,0,0,0,0,0,0,0,0,0,-20000,0,0,0,0,20000,-20000,-20000
049349,國巨康和94購01  ,0,0,0,0,0,0,0,0,0,-20000,0,0,0,0,20000,-20000,-20000
049524,可成兆豐95購02  ,0,0,0,0,0,0,0,0,0,-20000,0,0,0,0,20000,-20000,-20000
047868,欣興永豐93購04  ,0,0,0,0,0,0,0,0,0,-20000,0,0,0,0,20000,-20000,-20000
049571,華固統一94購02  ,0,0,0,0,0,0,0,0,0,-20000,0,0,0,0,20000,-20000,-20000
049644,台積電凱基94購21,0,0,0,0,0,0,0,0,0,-20000,0,0,0,0,20000,-20000,-20000
049730,滬深2X群益94購02,0,0,0,0,0,0,0,0,0,-20000,0,0,0,0,20000,-20000,-20000
046988,南亞科凱基93購02,0,0,0,0,0,0,0,0,0,-20000,0,0,0,10000,30000,-20000,-20000
047941,義隆國票94購02  ,0,0,0,0,0,0,0,0,0,-20000,0,0,0,0,20000,-20000,-20000
047924,可成凱基93購10  ,0,0,0,0,0,0,0,0,0,-20000,0,0,0,0,20000,-20000,-20000
047580,TPK群益94購01   ,0,0,0,0,0,0,0,0,0,-20000,0,0,0,0,20000,-20000,-20000
047675,群創元富96購03  ,0,0,0,0,0,0,0,0,0,-20000,0,0,0,0,20000,-20000,-20000
04763P,臺股指凱基96售05,0,0,0,0,0,0,0,0,0,-20000,0,0,0,0,20000,-20000,-20000
047631,味全元大93購01  ,0,0,0,0,0,0,0,0,0,-20000,0,0,0,0,20000,-20000,-20000
047632,儒鴻元大93購08  ,0,0,0,0,0,0,0,0,0,-20000,0,0,0,70000,90000,-20000,-20000
047482,新光金凱基99購03,0,0,0,0,0,0,0,0,0,-20000,0,0,0,0,20000,-20000,-20000
047476,鴻海凱基94購08  ,0,0,0,0,0,0,0,0,0,-20000,0,0,0,20000,40000,-20000,-20000
049444,元石油統一94購03,0,0,0,0,0,0,0,0,0,-20000,0,0,0,0,20000,-20000,-20000
047288,台郡統一93購01  ,0,0,0,0,0,0,0,0,0,-20000,0,0,0,0,20000,-20000,-20000
047364,欣興群益93購04  ,0,0,0,0,0,0,0,0,0,-20000,0,0,0,0,20000,-20000,-20000
04986P,茂林永豐94售05  ,0,0,0,0,0,0,0,0,0,-20000,0,0,0,0,20000,-20000,-20000
049810,欣興元大95購03  ,0,0,0,0,0,0,0,0,0,-20000,0,0,0,50000,70000,-20000,-20000
048841,聯茂凱基94購06  ,0,0,0,0,0,0,0,0,0,-20000,0,0,0,0,20000,-20000,-20000
052998,拓凱康和96購01  ,0,0,0,0,0,0,0,0,0,-20000,0,0,0,10000,30000,-20000,-20000
053019,禾伸堂元富96購01,0,0,0,0,0,0,0,0,0,-20000,0,0,0,0,20000,-20000,-20000
05296P,牧德凱基96售01  ,0,0,0,0,0,0,0,0,0,-20000,0,0,0,0,20000,-20000,-20000
05274P,嘉聯益亞東95售01,0,0,0,0,0,0,0,0,0,-20000,0,0,0,0,20000,-20000,-20000
052784,緯穎國票97購02  ,0,0,0,0,0,0,0,0,0,-20000,0,0,0,0,20000,-20000,-20000
053194,緯穎統一99購01  ,0,0,0,0,0,0,0,0,0,-20000,0,0,0,16000,36000,-20000,-20000
05309P,康友中信95售03  ,0,0,0,0,0,0,0,0,0,-20000,0,0,0,0,20000,-20000,-20000
053125,宏達電凱基96購01,0,0,0,0,0,0,0,0,0,-20000,0,0,0,0,20000,-20000,-20000
053273,國巨元大96購08  ,0,0,0,0,0,0,0,0,0,-20000,0,0,0,1000,21000,-20000,-20000
052614,聯電國泰97購01  ,0,0,0,0,0,0,0,0,0,-20000,0,0,0,0,20000,-20000,-20000
052603,鴻海元大96購15  ,0,0,0,0,0,0,0,0,0,-20000,0,0,0,0,20000,-20000,-20000
05261P,鴻海元大95售20  ,0,0,0,0,0,0,0,0,0,-20000,0,0,0,21000,41000,-20000,-20000
052564,美食日盛96購01  ,0,0,0,0,0,0,0,0,0,-20000,0,0,0,0,20000,-20000,-20000
052549,喬山國票97購01  ,0,0,0,0,0,0,0,0,0,-20000,0,0,0,0,20000,-20000,-20000
05239P,欣興永豐95售03  ,0,0,0,0,0,0,0,0,0,-20000,0,0,0,0,20000,-20000,-20000
052136,瑞儀凱基95購01  ,0,0,0,0,0,0,0,0,0,-20000,0,0,0,0,20000,-20000,-20000
052392,台表科群益96購02,0,0,0,0,0,0,0,0,0,-20000,0,0,0,0,20000,-20000,-20000
052373,鴻海元大95購22  ,0,0,0,0,0,0,0,0,0,-20000,0,0,0,0,20000,-20000,-20000
05231P,GIS群益95售03   ,0,0,0,0,0,0,0,0,0,-20000,0,0,0,22000,42000,-20000,-20000
052348,台光電富邦95購01,0,0,0,0,0,0,0,0,0,-20000,0,0,0,0,20000,-20000,-20000
052265,聯發科亞東95購01,0,0,0,0,0,0,0,0,0,-20000,0,0,0,0,20000,-20000,-20000
05223P,臻鼎凱基95售02  ,0,0,0,0,0,0,0,0,0,-20000,0,0,0,30000,50000,-20000,-20000
052220,T50反1凱基98購01,0,0,0,0,0,0,0,0,0,-20000,0,0,0,0,20000,-20000,-20000
052273,新光金群益95購02,0,0,0,0,0,0,0,0,0,-20000,0,0,0,25000,45000,-20000,-20000
051979,群創凱基97購01  ,0,0,0,0,0,0,0,0,0,-20000,0,0,0,0,20000,-20000,-20000
051956,滬深2X台新96購01,0,0,0,0,0,0,0,0,0,-20000,0,0,0,640000,660000,-20000,-20000
051926,聯電中信97購01  ,0,0,0,0,0,0,0,0,0,-20000,0,0,0,10000,30000,-20000,-20000
051892,台光電元富95購03,0,0,0,0,0,0,0,0,0,-20000,0,0,0,0,20000,-20000,-20000
051725,緯穎永豐95購02  ,0,0,0,0,0,0,0,0,0,-20000,0,0,0,0,20000,-20000,-20000
051883,智原永豐95購03  ,0,0,0,0,0,0,0,0,0,-20000,0,0,0,0,20000,-20000,-20000
051850,臻鼎中信96購01  ,0,0,0,0,0,0,0,0,0,-20000,0,0,0,0,20000,-20000,-20000
051831,緯穎元大96購04  ,0,0,0,0,0,0,0,0,0,-20000,0,0,0,0,20000,-20000,-20000
051841,南茂國泰96購01  ,0,0,0,0,0,0,0,0,0,-20000,0,0,0,30000,50000,-20000,-20000
051810,欣興凱基95購03  ,0,0,0,0,0,0,0,0,0,-20000,0,0,0,0,20000,-20000,-20000
051595,康控元大95購04  ,0,0,0,0,0,0,0,0,0,-20000,0,0,0,0,20000,-20000,-20000
051693,華新科統一95購02,0,0,0,0,0,0,0,0,0,-20000,0,0,0,0,20000,-20000,-20000
051654,致新永豐95購01  ,0,0,0,0,0,0,0,0,0,-20000,0,0,0,0,20000,-20000,-20000
051381,玉晶光群益98購01,0,0,0,0,0,0,0,0,0,-20000,0,0,0,12000,32000,-20000,-20000
051437,百和元富95購02  ,0,0,0,0,0,0,0,0,0,-20000,0,0,0,0,20000,-20000,-20000
051274,華新科亞東96購01,0,0,0,0,0,0,0,0,0,-20000,0,0,0,0,20000,-20000,-20000
051338,揚明光永豐95購02,0,0,0,0,0,0,0,0,0,-20000,0,0,0,30000,50000,-20000,-20000
051312,國泰金麥證95購01,0,0,0,10000,30000,-20000,0,0,0,-20000,0,0,0,10000,30000,-20000,-20000
051321,建準國票96購01  ,0,0,0,0,0,0,0,0,0,-20000,0,0,0,0,20000,-20000,-20000
051198,鴻海麥證95購02  ,0,0,0,30000,50000,-20000,0,0,0,-20000,0,0,0,30000,50000,-20000,-20000
051078,力山富邦97購01  ,0,0,0,0,0,0,0,0,0,-20000,0,0,0,0,20000,-20000,-20000
051073,同欣電國票96購01,0,0,0,0,0,0,0,0,0,-20000,0,0,0,0,20000,-20000,-20000
051029,緯創元富95購01  ,0,0,0,0,0,0,0,0,0,-20000,0,0,0,0,20000,-20000,-20000
051017,聯發科凱基95購04,0,0,0,0,0,0,0,0,0,-20000,0,0,0,0,20000,-20000,-20000
051107,鴻海統一95購05  ,0,0,0,0,0,0,0,0,0,-20000,0,0,0,0,20000,-20000,-20000
05091P,台積電元大95售11,0,0,0,0,0,0,0,0,0,-20000,0,0,0,351000,371000,-20000,-20000
050883,嘉聯益國泰96購01,0,0,0,0,0,0,0,0,0,-20000,0,0,0,10000,30000,-20000,-20000
050556,道瓊銀統一95購01,0,0,0,0,0,0,0,0,0,-20000,0,0,0,10000,30000,-20000,-20000
05058P,燿華國票97售01  ,0,0,0,0,0,0,0,0,0,-20000,0,0,0,61000,81000,-20000,-20000
050692,鴻海凱基96購04  ,0,0,0,0,0,0,0,0,0,-20000,0,0,0,0,20000,-20000,-20000
1906,寶隆            ,8000,28000,-20000,0,0,0,0,0,0,0,0,0,0,0,0,0,-20000
06384P,訊芯元富97售03  ,0,0,0,0,0,0,0,0,0,-20000,0,0,0,0,20000,-20000,-20000
06389P,聯發科兆豐97售01,0,0,0,0,0,0,0,0,0,-20000,0,0,0,0,20000,-20000,-20000
06410P,祥碩統一97售01  ,0,0,0,0,0,0,0,0,0,-20000,0,0,0,0,20000,-20000,-20000
08484P,台灣50中信96售01,0,0,0,0,0,0,0,0,0,-20000,0,0,0,0,20000,-20000,-20000
06265P,美律凱基97售01  ,0,0,0,0,0,0,0,0,0,-20000,0,0,0,0,20000,-20000,-20000
06050P,玉晶光國票98售01,0,0,0,0,0,0,0,0,0,-20000,0,0,0,0,20000,-20000,-20000
06109P,華新科群益97售05,0,0,0,0,0,0,0,0,0,-20000,0,0,0,20000,40000,-20000,-20000
06173P,華通元大97售02  ,0,0,0,0,0,0,0,0,0,-20000,0,0,0,47000,67000,-20000,-20000
056250,瑞昱兆豐97購02  ,0,0,0,0,0,0,0,0,0,-20000,0,0,0,0,20000,-20000,-20000
056137,聯鈞元大9A購01  ,0,0,0,0,0,0,0,0,0,-20000,0,0,0,0,20000,-20000,-20000
056133,可成元大97購05  ,0,0,0,0,0,0,0,0,0,-20000,0,0,0,50000,70000,-20000,-20000
056180,南茂元富97購01  ,0,0,0,0,0,0,0,0,0,-20000,0,0,0,0,20000,-20000,-20000
056277,上銀富邦99購02  ,0,0,0,0,0,0,0,0,0,-20000,0,0,0,0,20000,-20000,-20000
05660P,玉晶光第一96售01,0,0,0,0,0,0,0,0,0,-20000,0,0,0,0,20000,-20000,-20000
05730P,臺股指凱基97售03,0,0,0,0,0,0,0,0,0,-20000,0,0,0,0,20000,-20000,-20000
05788P,臺股指永昌96售05,0,0,0,0,0,0,0,0,0,-20000,10000,0,10000,350000,380000,-30000,-20000
05811P,臺股指國票96售04,0,0,0,0,0,0,0,0,0,-20000,0,0,0,0,20000,-20000,-20000
05835P,臺股指元富96售07,0,0,0,0,0,0,0,0,0,-20000,0,0,0,0,20000,-20000,-20000
06024P,台郡國票97售05  ,0,0,0,0,0,0,0,0,0,-20000,0,0,0,0,20000,-20000,-20000
05904P,大立光統一96售07,0,0,0,0,0,0,0,0,0,-20000,0,0,0,0,20000,-20000,-20000
05956P,漢唐國票96售02  ,0,0,0,0,0,0,0,0,0,-20000,0,0,0,0,20000,-20000,-20000
2495,普安            ,6000,18000,-12000,0,0,0,0,0,0,-8000,0,8000,-8000,0,0,0,-20000
055055,精元永豐97購01  ,0,0,0,0,0,0,0,0,0,-21000,0,0,0,0,21000,-21000,-21000
055527,旺宏群益99購03  ,0,0,0,0,0,0,0,0,0,-21000,0,0,0,10000,31000,-21000,-21000
055320,建準國票98購01  ,0,0,0,0,0,0,0,0,0,-21000,0,0,0,0,21000,-21000,-21000
055795,茂林國泰98購01  ,0,0,0,0,0,0,0,0,0,-21000,0,0,0,297000,318000,-21000,-21000
055787,聯茂凱基99購01  ,0,0,0,0,0,0,0,0,0,-21000,0,0,0,0,21000,-21000,-21000
05390P,康友群益95售04  ,0,0,0,0,0,0,0,0,0,-21000,0,0,0,0,21000,-21000,-21000
053899,矽創群益96購02  ,0,0,0,0,0,0,0,0,0,-21000,0,0,0,0,21000,-21000,-21000
054293,健策元大98購02  ,0,0,0,0,0,0,0,0,0,-21000,0,0,0,173000,194000,-21000,-21000
054007,貿聯統一96購01  ,0,0,0,0,0,0,0,0,0,-21000,0,0,0,28000,49000,-21000,-21000
04159P,滬深2X中信95售08,0,0,0,0,0,0,0,0,0,-21000,0,0,0,0,21000,-21000,-21000
03335P,台積電兆豐03售07,0,0,0,0,0,0,0,0,0,-21000,0,0,0,30000,51000,-21000,-21000
044129,群創凱基93購02  ,0,0,0,0,0,0,0,0,0,-21000,0,0,0,0,21000,-21000,-21000
03644C,臺股指元大94牛28,0,0,0,0,0,0,0,0,0,-21000,0,0,0,38000,59000,-21000,-21000
00670L,富邦NASDAQ正2   ,0,0,0,0,0,0,0,0,0,-21000,0,0,0,99000,120000,-21000,-21000
046716,欣興國泰93購03  ,0,0,0,0,0,0,0,0,0,-21000,0,0,0,11000,32000,-21000,-21000
046159,群創群益98購04  ,0,0,0,0,0,0,0,0,0,-21000,0,0,0,73000,94000,-21000,-21000
047696,聯發科國票94購02,0,0,0,0,0,0,0,0,0,-21000,0,0,0,100000,121000,-21000,-21000
048572,美利達元大96購04,0,0,0,0,0,0,0,0,0,-21000,0,0,0,4000,25000,-21000,-21000
04857P,美律元富94售01  ,0,0,0,0,0,0,0,0,0,-21000,0,0,0,40000,61000,-21000,-21000
050415,力成永豐94購01  ,0,0,0,0,0,0,0,0,0,-21000,0,0,0,1000,22000,-21000,-21000
050304,台光電中信94購01,0,0,0,0,0,0,0,0,0,-21000,0,0,0,499000,520000,-21000,-21000
050202,建準群益95購01  ,0,0,0,0,0,0,0,0,0,-21000,0,0,0,4000,25000,-21000,-21000
050716,可成群益96購01  ,0,0,0,0,0,0,0,0,0,-21000,0,0,0,0,21000,-21000,-21000
050946,瑞昱群益95購01  ,0,0,0,0,0,0,0,0,0,-21000,0,0,0,113000,134000,-21000,-21000
051130,百和群益96購01  ,0,0,0,0,0,0,0,0,0,-21000,0,0,0,0,21000,-21000,-21000
051382,玉晶光群益98購02,0,0,0,0,0,0,0,0,0,-21000,0,0,0,10000,31000,-21000,-21000
051372,樺漢富邦96購01  ,0,0,0,0,0,0,0,0,0,-21000,0,0,0,10000,31000,-21000,-21000
051895,聯茂元富95購02  ,0,0,0,0,0,0,0,0,0,-21000,0,0,0,0,21000,-21000,-21000
051940,康舒群益95購01  ,0,0,0,0,0,0,0,0,0,-21000,0,0,0,10000,31000,-21000,-21000
052818,智邦永豐96購01  ,0,0,0,0,0,0,0,0,0,-21000,0,0,0,68000,89000,-21000,-21000
052734,台表科國泰98購02,0,0,0,0,0,0,0,0,0,-21000,0,0,0,20000,41000,-21000,-21000
052908,大成鋼統一96購01,0,0,0,0,0,0,0,0,0,-21000,0,0,0,199000,220000,-21000,-21000
2462,良得電          ,5000,25000,-20000,0,0,0,0,0,0,-1000,0,1000,-1000,0,0,0,-21000
6024,群益期          ,3000,24000,-21000,0,0,0,0,0,0,0,0,0,0,0,0,0,-21000
3501,維熹            ,7000,27000,-20000,0,0,0,0,0,0,-1000,0,1000,-1000,0,0,0,-21000
056165,矽力凱基98購02  ,0,0,0,0,0,0,0,0,0,-21000,0,0,0,0,21000,-21000,-21000
06100P,台積電日盛97售03,0,0,0,0,0,0,0,0,0,-21000,0,0,0,3000,24000,-21000,-21000
06114P,台積電統一97售03,0,0,0,0,0,0,0,0,0,-21000,0,0,0,7000,28000,-21000,-21000
06079P,燿華群益98售02  ,0,0,0,0,0,0,0,0,0,-21000,0,0,0,32000,53000,-21000,-21000
06077P,GIS凱基97售02   ,0,0,0,0,0,0,0,0,0,-21000,0,0,0,0,21000,-21000,-21000
1773,勝一            ,14000,35000,-21000,0,0,0,0,0,0,0,0,0,0,0,0,0,-21000
054101,茂林國票97購04  ,0,0,0,0,0,0,0,0,0,-22000,0,0,0,0,22000,-22000,-22000
054093,智原群益97購01  ,0,0,0,0,0,0,0,0,0,-22000,0,0,0,0,22000,-22000,-22000
054236,貿聯群益96購01  ,0,0,0,0,0,0,0,0,0,-22000,0,0,0,10000,32000,-22000,-22000
054883,億光統一97購01  ,0,0,0,0,0,0,0,0,0,-22000,0,0,0,8000,30000,-22000,-22000
045412,宏達電群益93購01,0,0,0,0,0,0,0,0,0,-22000,0,0,0,0,22000,-22000,-22000
006203,元大MSCI台灣    ,2000,2000,0,0,0,0,0,0,0,-22000,0,0,0,6000,28000,-22000,-22000
039212,台達電台新9A購01,0,0,0,0,0,0,0,0,0,-22000,0,0,0,26000,48000,-22000,-22000
04102P,臺股指國票93售09,0,0,0,0,0,0,0,0,0,-22000,0,0,0,0,22000,-22000,-22000
042953,鴻海台新01購01  ,0,0,0,0,0,0,0,0,0,-22000,0,0,0,1000,23000,-22000,-22000
050517,台積電元大94購27,0,0,0,0,0,0,0,0,0,-22000,0,0,0,34000,56000,-22000,-22000
049982,嘉晶凱基94購01  ,0,0,0,0,0,0,0,0,0,-22000,0,0,0,10000,32000,-22000,-22000
048022,儒鴻凱基93購04  ,0,0,0,0,0,0,0,0,0,-22000,0,0,0,6000,28000,-22000,-22000
049898,緯穎統一95購01  ,0,0,0,0,0,0,0,0,0,-22000,0,0,0,0,22000,-22000,-22000
048741,欣興統一94購02  ,0,0,0,0,0,0,0,0,0,-22000,0,0,0,0,22000,-22000,-22000
052795,健策兆豐97購01  ,0,0,0,0,0,0,0,0,0,-22000,0,0,0,38000,60000,-22000,-22000
05298P,上銀元大95售03  ,0,0,0,0,0,0,0,0,0,-22000,0,0,0,78000,100000,-22000,-22000
053321,智原群益96購02  ,0,0,0,0,0,0,0,0,0,-22000,0,0,0,10000,32000,-22000,-22000
053324,康舒群益96購01  ,0,0,0,0,0,0,0,0,0,-22000,0,0,0,20000,42000,-22000,-22000
052182,鴻海群益96購01  ,0,0,0,0,0,0,0,0,0,-22000,0,0,0,203000,225000,-22000,-22000
051937,廣達群益95購01  ,0,0,0,0,0,0,0,0,0,-22000,0,0,0,0,22000,-22000,-22000
051939,同欣電群益97購01,0,0,0,0,0,0,0,0,0,-22000,0,0,0,7000,29000,-22000,-22000
051878,鴻海台新96購01  ,0,0,0,0,0,0,0,0,0,-22000,0,0,0,0,22000,-22000,-22000
051490,世芯凱基96購01  ,0,0,0,0,0,0,0,0,0,-22000,0,0,0,12000,34000,-22000,-22000
051632,全新國票96購01  ,0,0,0,0,0,0,0,0,0,-22000,0,0,0,38000,60000,-22000,-22000
051087,國巨元大97購01  ,0,0,0,0,0,0,0,0,0,-22000,0,0,0,5000,27000,-22000,-22000
051251,信邦元大95購01  ,0,0,0,0,0,0,0,0,0,-22000,0,0,0,0,22000,-22000,-22000
051304,緯創凱基96購01  ,0,0,0,0,0,0,0,0,0,-22000,0,0,0,0,22000,-22000,-22000
1109,信大            ,138000,160000,-22000,0,0,0,0,0,0,0,0,0,0,0,0,0,-22000
06192P,高股息中信98售01,0,0,0,0,0,0,0,0,0,-22000,0,0,0,0,22000,-22000,-22000
05679P,台表科群益96售05,0,0,0,0,0,0,0,0,0,-22000,0,0,0,10000,32000,-22000,-22000
05698P,群創凱基96售01  ,0,0,0,0,0,0,0,0,0,-22000,0,0,0,28000,50000,-22000,-22000
2545,皇翔            ,52000,72000,-20000,0,0,0,0,0,0,-2000,0,2000,-2000,0,0,0,-22000
3062,建漢            ,262000,280000,-18000,0,0,0,0,0,0,-4000,2000,6000,-4000,0,0,0,-22000
054913,億光凱基97購01  ,0,0,0,0,0,0,0,0,0,-23000,0,0,0,115000,138000,-23000,-23000
055821,勤誠國票98購01  ,0,0,0,0,0,0,0,0,0,-23000,0,0,0,11000,34000,-23000,-23000
05530P,臺股指群益96售03,0,0,0,0,0,0,0,0,0,-23000,0,0,0,200000,223000,-23000,-23000
055327,致新國票98購01  ,0,0,0,0,0,0,0,0,0,-23000,0,0,0,15000,38000,-23000,-23000
055502,群創元大9C購03  ,0,0,0,0,0,0,0,0,0,-23000,0,0,0,114000,137000,-23000,-23000
053870,正文元大96購01  ,0,0,0,0,0,0,0,0,0,-23000,0,0,0,79000,102000,-23000,-23000
053588,聯發科元大97購07,0,0,0,0,0,0,0,0,0,-23000,0,0,0,0,23000,-23000,-23000
053468,鴻海元大98購01  ,0,0,0,0,0,0,0,0,0,-23000,0,0,0,17000,40000,-23000,-23000
053469,光磊元大97購01  ,0,0,0,0,0,0,0,0,0,-23000,0,0,0,0,23000,-23000,-23000
045634,友達凱基93購02  ,0,0,0,0,0,0,0,0,0,-23000,0,0,0,0,23000,-23000,-23000
043784,鴻海凱基94購01  ,0,0,0,0,0,0,0,0,0,-23000,0,0,0,5000,28000,-23000,-23000
049357,微星富邦94購01  ,0,0,0,0,0,0,0,0,0,-23000,0,0,0,20000,43000,-23000,-23000
046976,國巨永豐93購02  ,0,0,0,0,0,0,0,0,0,-23000,0,0,0,0,23000,-23000,-23000
049546,正崴群益94購01  ,0,0,0,0,0,0,0,0,0,-23000,0,0,0,98000,121000,-23000,-23000
04962P,易華電凱基96售01,0,0,0,0,0,0,0,0,0,-23000,0,0,0,0,23000,-23000,-23000
047916,台積電凱基93購22,0,0,0,0,0,0,0,0,0,-23000,0,0,0,1000,24000,-23000,-23000
047879,台積電中信93購04,0,0,0,0,0,0,0,0,0,-23000,0,0,0,0,23000,-23000,-23000
048125,和鑫元大96購01  ,0,0,0,0,0,0,0,0,0,-23000,0,0,0,0,23000,-23000,-23000
048427,百和元富95購01  ,0,0,0,0,0,0,0,0,0,-23000,0,0,0,7000,30000,-23000,-23000
050480,健策國票95購04  ,0,0,0,0,0,0,0,0,0,-23000,0,0,0,0,23000,-23000,-23000
051984,台塑元大95購01  ,0,0,0,0,0,0,0,0,0,-23000,0,0,0,55000,78000,-23000,-23000
05219P,鴻海元大95售17  ,0,0,0,0,0,0,0,0,0,-23000,0,0,0,53000,76000,-23000,-23000
052431,茂林永豐95購03  ,0,0,0,0,0,0,0,0,0,-23000,0,0,0,0,23000,-23000,-23000
052741,聯發科元大96購08,0,0,0,0,0,0,0,0,0,-23000,0,0,0,10000,33000,-23000,-23000
053340,建準國票97購01  ,0,0,0,0,0,0,0,0,0,-23000,0,0,0,0,23000,-23000,-23000
05332P,臺股指國票95售01,0,0,0,0,0,0,0,0,0,-23000,0,0,0,21000,44000,-23000,-23000
053069,同欣電群益98購01,0,0,0,0,0,0,0,0,0,-23000,0,0,0,32000,55000,-23000,-23000
053211,漢唐凱基96購03  ,0,0,0,0,0,0,0,0,0,-23000,0,0,0,10000,33000,-23000,-23000
3130,一零四          ,0,23000,-23000,0,0,0,0,0,0,0,0,0,0,0,0,0,-23000
2365,昆盈            ,8000,26000,-18000,0,0,0,0,0,0,-5000,0,5000,-5000,0,0,0,-23000
3413,京鼎            ,321000,288000,33000,0,0,0,0,0,0,-56000,15000,48000,-33000,0,23000,-23000,-23000
3311,閎暉            ,1000,24000,-23000,0,0,0,0,0,0,0,0,0,0,0,0,0,-23000
8114,振樺電          ,34000,51000,-17000,0,0,0,0,6000,-6000,0,0,0,0,0,0,0,-23000
05701P,彩晶凱基96售01  ,0,0,0,0,0,0,0,0,0,-23000,0,0,0,110000,133000,-23000,-23000
05807P,泰鼎永豐96售03  ,0,0,0,0,0,0,0,0,0,-23000,0,0,0,135000,158000,-23000,-23000
056130,新日興麥證97購01,0,0,0,6000,29000,-23000,0,0,0,-23000,0,0,0,6000,29000,-23000,-23000
053481,同欣電元大97購01,0,0,0,0,0,0,0,0,0,-24000,0,0,0,5000,29000,-24000,-24000
053703,緯穎兆豐96購01  ,0,0,0,0,0,0,0,0,0,-24000,0,0,0,94000,118000,-24000,-24000
054056,華新科國票96購02,0,0,0,0,0,0,0,0,0,-24000,0,0,0,0,24000,-24000,-24000
054623,華新科第一97購01,0,0,0,0,0,0,0,0,0,-24000,0,0,0,107000,131000,-24000,-24000
054601,奇鋐台新98購01  ,0,0,0,0,0,0,0,0,0,-24000,0,0,0,14000,38000,-24000,-24000
055118,嘉聯益凱基98購02,0,0,0,0,0,0,0,0,0,-24000,0,0,0,41000,65000,-24000,-24000
046438,群創群益95購01  ,0,0,0,0,0,0,0,0,0,-24000,0,0,0,0,24000,-24000,-24000
044922,玉晶光永豐93購01,0,0,0,0,0,0,0,0,0,-24000,0,0,0,0,24000,-24000,-24000
04600P,可成凱基94售07  ,0,0,0,0,0,0,0,0,0,-24000,0,0,0,18000,42000,-24000,-24000
049082,晶豪科凱基94購01,0,0,0,0,0,0,0,0,0,-24000,0,0,0,1000,25000,-24000,-24000
045414,康控群益94購02  ,0,0,0,0,0,0,0,0,0,-24000,0,0,0,30000,54000,-24000,-24000
050467,力成中信94購01  ,0,0,0,0,0,0,0,0,0,-24000,0,0,0,6000,30000,-24000,-24000
049622,聯詠群益94購02  ,0,0,0,0,0,0,0,0,0,-24000,0,0,0,0,24000,-24000,-24000
048762,寶齡凱基94購01  ,0,0,0,0,0,0,0,0,0,-24000,0,0,0,30000,54000,-24000,-24000
04920P,智易凱基94售05  ,0,0,0,0,0,0,0,0,0,-24000,0,0,0,0,24000,-24000,-24000
052448,新光金元大96購03,0,0,0,0,0,0,0,0,0,-24000,0,0,0,10000,34000,-24000,-24000
051869,康控凱基96購01  ,0,0,0,0,0,0,0,0,0,-24000,0,0,0,10000,34000,-24000,-24000
051722,玉晶光永豐97購01,0,0,0,0,0,0,0,0,0,-24000,0,0,0,0,24000,-24000,-24000
051532,潤泰全國票96購01,0,0,0,0,0,0,0,0,0,-24000,0,0,0,0,24000,-24000,-24000
05141P,華通台新96售01  ,0,0,0,0,0,0,0,0,0,-24000,0,0,0,10000,34000,-24000,-24000
051232,貿聯群益95購02  ,0,0,0,0,0,0,0,0,0,-24000,0,0,0,0,24000,-24000,-24000
051199,鴻海麥證95購03  ,0,0,0,10000,34000,-24000,0,0,0,-24000,0,0,0,10000,34000,-24000,-24000
050891,喬山元大95購01  ,0,0,0,0,0,0,0,0,0,-24000,0,0,0,1000,25000,-24000,-24000
05652P,臻鼎群益96售01  ,0,0,0,0,0,0,0,0,0,-24000,0,0,0,20000,44000,-24000,-24000
05731P,創意統一96售03  ,0,0,0,0,0,0,0,0,0,-24000,0,0,0,26000,50000,-24000,-24000
05983P,聯詠國票96售02  ,0,0,0,0,0,0,0,0,0,-24000,0,0,0,0,24000,-24000,-24000
06140P,華新科群益97售06,0,0,0,0,0,0,0,0,0,-24000,0,0,0,11000,35000,-24000,-24000
1439,中和            ,3000,27000,-24000,0,0,0,0,0,0,0,0,0,0,0,0,0,-24000
5288,豐祥-KY         ,10000,34000,-24000,0,0,0,0,0,0,0,0,0,0,0,0,0,-24000
2358,廷鑫            ,9000,30000,-21000,0,0,0,0,0,0,-3000,0,3000,-3000,0,0,0,-24000
2488,漢平            ,40000,64000,-24000,0,0,0,0,0,0,0,0,0,0,0,0,0,-24000
3025,星通            ,3000,26000,-23000,0,0,0,0,0,0,-1000,0,1000,-1000,0,0,0,-24000
3013,晟銘電          ,3000,24000,-21000,0,0,0,0,0,0,-3000,0,3000,-3000,0,0,0,-24000
9136,巨騰-DR         ,0,24000,-24000,0,0,0,0,0,0,0,0,0,0,0,0,0,-24000
055091,微星群益97購01  ,0,0,0,0,0,0,0,0,0,-25000,0,0,0,0,25000,-25000,-25000
054958,亞光元大97購03  ,0,0,0,0,0,0,0,0,0,-25000,0,0,0,20000,45000,-25000,-25000
055520,矽力中信97購02  ,0,0,0,0,0,0,0,0,0,-25000,0,0,0,0,25000,-25000,-25000
055373,聯詠元大97購03  ,0,0,0,0,0,0,0,0,0,-25000,0,0,0,0,25000,-25000,-25000
055722,聯鈞元大97購03  ,0,0,0,0,0,0,0,0,0,-25000,0,0,0,35000,60000,-25000,-25000
054308,嘉晶凱基98購01  ,0,0,0,0,0,0,0,0,0,-25000,0,0,0,142000,167000,-25000,-25000
053932,華新科統一96購03,0,0,0,0,0,0,0,0,0,-25000,0,0,0,10000,35000,-25000,-25000
053994,微星群益96購01  ,0,0,0,0,0,0,0,0,0,-25000,0,0,0,16000,41000,-25000,-25000
053554,欣興凱基97購02  ,0,0,0,0,0,0,0,0,0,-25000,0,0,0,68000,93000,-25000,-25000
049040,亞光兆豐95購01  ,0,0,0,0,0,0,0,0,0,-25000,0,0,0,26000,51000,-25000,-25000
049054,禾伸堂永豐94購01,0,0,0,0,0,0,0,0,0,-25000,0,0,0,10000,35000,-25000,-25000
04901P,臺股指麥證94售02,0,0,0,0,25000,-25000,0,0,0,-25000,0,0,0,0,25000,-25000,-25000
049369,義隆元大95購01  ,0,0,0,0,0,0,0,0,0,-25000,0,0,0,200000,225000,-25000,-25000
049261,大立光元大94購08,0,0,0,0,0,0,0,0,0,-25000,0,0,0,0,25000,-25000,-25000
044879,上証2X群益93購01,0,0,0,0,0,0,0,0,0,-25000,0,0,0,0,25000,-25000,-25000
04664P,臺股指國票94售03,0,0,0,0,0,0,0,0,0,-25000,0,0,0,35000,60000,-25000,-25000
04419P,奇力新永豐94售01,0,0,0,0,0,0,0,0,0,-25000,0,0,0,0,25000,-25000,-25000
046905,新光金凱基99購01,0,0,0,0,0,0,0,0,0,-25000,0,0,0,0,25000,-25000,-25000
046869,聯發科統一95購01,0,0,0,0,0,0,0,0,0,-25000,0,0,0,10000,35000,-25000,-25000
04429P,和鑫元大94售01  ,0,0,0,0,0,0,0,0,0,-25000,0,0,0,16000,41000,-25000,-25000
04773P,金融類元大94售01,0,0,0,0,0,0,0,0,0,-25000,0,0,0,0,25000,-25000,-25000
049302,聯茂日盛94購01  ,0,0,0,0,0,0,0,0,0,-25000,0,0,0,0,25000,-25000,-25000
04951P,緯創中信94售01  ,0,0,0,0,0,0,0,0,0,-25000,0,0,0,0,25000,-25000,-25000
049725,台郡國票94購03  ,0,0,0,0,0,0,0,0,0,-25000,0,0,0,0,25000,-25000,-25000
047638,瑞昱元大93購11  ,0,0,0,0,0,0,0,0,0,-25000,0,0,0,0,25000,-25000,-25000
049877,南亞科永豐94購01,0,0,0,0,0,0,0,0,0,-25000,0,0,0,43000,68000,-25000,-25000
050226,華新科中信94購01,0,0,0,0,0,0,0,0,0,-25000,0,0,0,63000,88000,-25000,-25000
05027P,南電群益95售01  ,0,0,0,0,0,0,0,0,0,-25000,0,0,0,0,25000,-25000,-25000
050130,華新科凱基94購09,0,0,0,0,0,0,0,0,0,-25000,0,0,0,0,25000,-25000,-25000
050075,南電凱基94購04  ,0,0,0,0,0,0,0,0,0,-25000,0,0,0,75000,100000,-25000,-25000
050072,京鼎凱基94購02  ,0,0,0,0,0,0,0,0,0,-25000,0,0,0,20000,45000,-25000,-25000
049417,奇力新凱基94購02,0,0,0,0,0,0,0,0,0,-25000,0,0,0,0,25000,-25000,-25000
049968,麗豐國票95購01  ,0,0,0,0,0,0,0,0,0,-25000,0,0,0,20000,45000,-25000,-25000
050653,聯鈞凱基96購01  ,0,0,0,0,0,0,0,0,0,-25000,0,0,0,46000,71000,-25000,-25000
051402,玉晶光永豐95購04,0,0,0,0,0,0,0,0,0,-25000,0,0,0,0,25000,-25000,-25000
05172P,臺股指元大95售16,0,0,0,0,0,0,0,0,0,-25000,0,0,0,25000,50000,-25000,-25000
052421,元油反國票9B購01,0,0,0,0,0,0,0,0,0,-25000,0,0,0,5000,30000,-25000,-25000
052181,南茂元大95購05  ,0,0,0,0,0,0,0,0,0,-25000,0,0,0,0,25000,-25000,-25000
052169,鴻海元大97購02  ,0,0,0,0,0,0,0,0,0,-25000,0,0,0,0,25000,-25000,-25000
052261,台泥第一95購01  ,0,0,0,0,0,0,0,0,0,-25000,0,0,0,48000,73000,-25000,-25000
05329P,臺股指凱基95售13,0,0,0,0,0,0,0,0,0,-25000,0,0,0,10000,35000,-25000,-25000
2002A,中鋼特          ,0,0,0,0,0,0,0,0,0,-25000,0,25000,-25000,0,0,0,-25000
06329P,大立光兆豐97售04,0,0,0,0,0,0,0,0,0,-25000,0,0,0,0,25000,-25000,-25000
05740P,宏達電元富96售01,0,0,0,0,0,0,0,0,0,-25000,0,0,0,133000,158000,-25000,-25000
056058,建準元大97購02  ,0,0,0,0,0,0,0,0,0,-25000,0,0,0,0,25000,-25000,-25000
056100,楠梓電永豐97購02,0,0,0,0,0,0,0,0,0,-25000,0,0,0,0,25000,-25000,-25000
053562,玉晶光國泰98購02,0,0,0,0,0,0,0,0,0,-26000,0,0,0,83000,109000,-26000,-26000
053648,台積電凱基97購04,0,0,0,0,0,0,0,0,0,-26000,0,0,0,50000,76000,-26000,-26000
053518,聯茂群益96購03  ,0,0,0,0,0,0,0,0,0,-26000,0,0,0,5000,31000,-26000,-26000
053926,晶相光國票97購01,0,0,0,0,0,0,0,0,0,-26000,0,0,0,0,26000,-26000,-26000
053805,奇鋐凱基98購02  ,0,0,0,0,0,0,0,0,0,-26000,0,0,0,3000,29000,-26000,-26000
054297,台郡元大98購01  ,0,0,0,0,0,0,0,0,0,-26000,0,0,0,10000,36000,-26000,-26000
054195,亞泥國泰98購01  ,0,0,0,0,0,0,0,0,0,-26000,0,0,0,52000,78000,-26000,-26000
054563,泰碩群益99購01  ,0,0,0,0,0,0,0,0,0,-26000,0,0,0,0,26000,-26000,-26000
054972,聯茂元大97購02  ,0,0,0,0,0,0,0,0,0,-26000,0,0,0,1000,27000,-26000,-26000
05478P,智伸科國票96售02,0,0,0,0,0,0,0,0,0,-26000,0,0,0,0,26000,-26000,-26000
055116,康控凱基98購01  ,0,0,0,0,0,0,0,0,0,-26000,0,0,0,0,26000,-26000,-26000
055167,友訊統一97購01  ,0,0,0,0,0,0,0,0,0,-26000,0,0,0,188000,214000,-26000,-26000
04676P,彩晶統一94售03  ,0,0,0,0,0,0,0,0,0,-26000,0,0,0,1000,27000,-26000,-26000
045720,台光電凱基93購07,0,0,0,0,0,0,0,0,0,-26000,0,0,0,0,26000,-26000,-26000
03917P,鴻海凱基94售07  ,0,0,0,0,0,0,0,0,0,-26000,0,0,0,0,26000,-26000,-26000
03904P,啟碁統一93售01  ,0,0,0,0,0,0,0,0,0,-26000,0,0,0,32000,58000,-26000,-26000
049018,光罩群益94購01  ,0,0,0,0,0,0,0,0,0,-26000,0,0,0,52000,78000,-26000,-26000
045436,友達統一93購02  ,0,0,0,0,0,0,0,0,0,-26000,0,0,0,5000,31000,-26000,-26000
048084,華通凱基93購05  ,0,0,0,0,0,0,0,0,0,-26000,0,0,0,123000,149000,-26000,-26000
05082P,健策永豐95售02  ,0,0,0,0,0,0,0,0,0,-26000,0,0,0,0,26000,-26000,-26000
050458,台郡元大94購03  ,0,0,0,0,0,0,0,0,0,-26000,0,0,0,0,26000,-26000,-26000
049913,微星元大94購01  ,0,0,0,0,0,0,0,0,0,-26000,0,0,0,22000,48000,-26000,-26000
047485,景碩凱基94購01  ,0,0,0,0,0,0,0,0,0,-26000,0,0,0,20000,46000,-26000,-26000
049608,旺宏兆豐94購02  ,0,0,0,0,0,0,0,0,0,-26000,0,0,0,0,26000,-26000,-26000
049566,鴻海統一94購04  ,0,0,0,0,0,0,0,0,0,-26000,0,0,0,10000,36000,-26000,-26000
053247,麗豐國票97購01  ,0,0,0,0,0,0,0,0,0,-26000,0,0,0,4000,30000,-26000,-26000
053266,全新群益98購01  ,0,0,0,0,0,0,0,0,0,-26000,0,0,0,0,26000,-26000,-26000
053006,玉晶光永豐96購03,0,0,0,0,0,0,0,0,0,-26000,0,0,0,12000,38000,-26000,-26000
052296,TPK國票96購01   ,0,0,0,0,0,0,0,0,0,-26000,0,0,0,4000,30000,-26000,-26000
052680,T50反1元大96購04,0,0,0,0,0,0,0,0,0,-26000,0,0,0,10000,36000,-26000,-26000
051405,世芯永豐95購01  ,0,0,0,0,0,0,0,0,0,-26000,0,0,0,139000,165000,-26000,-26000
050743,京鼎永豐94購02  ,0,0,0,0,0,0,0,0,0,-26000,0,0,0,77000,103000,-26000,-26000
051207,聯茂麥證95購01  ,0,0,0,20000,46000,-26000,0,0,0,-26000,0,0,0,20000,46000,-26000,-26000
051334,宏達電永豐95購01,0,0,0,0,0,0,0,0,0,-26000,0,0,0,12000,38000,-26000,-26000
05823P,臺股指凱基96售20,0,0,0,0,0,0,0,0,0,-26000,0,0,0,0,26000,-26000,-26000
05857P,旺宏中信98售02  ,0,0,0,0,0,0,0,0,0,-26000,0,0,0,36000,62000,-26000,-26000
05911P,南亞科永豐96售03,0,0,0,0,0,0,0,0,0,-26000,0,0,0,57000,83000,-26000,-26000
06245P,健策元富97售03  ,0,0,0,0,0,0,0,0,0,-26000,0,0,0,20000,46000,-26000,-26000
06172P,台虹永豐97售02  ,0,0,0,0,0,0,0,0,0,-26000,0,0,0,50000,76000,-26000,-26000
06225P,華新科元富97售04,0,0,0,0,0,0,0,0,0,-26000,0,0,0,0,26000,-26000,-26000
2062,橋椿            ,4000,30000,-26000,0,0,0,0,0,0,0,0,0,0,0,0,0,-26000
1225,福懋油          ,5000,30000,-25000,0,0,0,0,0,0,-1000,0,1000,-1000,0,0,0,-26000
2908,特力            ,3000,27000,-24000,0,0,0,0,0,0,-2000,0,2000,-2000,0,0,0,-26000
8422,可寧衛          ,74366,102000,-27634,0,0,0,2000,0,2000,-1000,0,1000,-1000,0,0,0,-26634
054668,傳奇元富97購03  ,0,0,0,0,0,0,0,0,0,-27000,0,0,0,6000,33000,-27000,-27000
054914,億光凱基98購01  ,0,0,0,0,0,0,0,0,0,-27000,0,0,0,10000,37000,-27000,-27000
054845,智邦兆豐98購01  ,0,0,0,0,0,0,0,0,0,-27000,0,0,0,41000,68000,-27000,-27000
055803,鎧勝永豐97購01  ,0,0,0,0,0,0,0,0,0,-27000,0,0,0,0,27000,-27000,-27000
054435,華新科台新97購02,0,0,0,0,0,0,0,0,0,-27000,0,0,0,38000,65000,-27000,-27000
053473,聯發科元大96購15,0,0,0,0,0,0,0,0,0,-27000,0,0,0,0,27000,-27000,-27000
046479,群創元富94購01  ,0,0,0,0,0,0,0,0,0,-27000,0,0,0,0,27000,-27000,-27000
04607P,A50中信94售01   ,0,0,0,0,0,0,0,0,0,-27000,0,0,0,0,27000,-27000,-27000
03830P,緯創中信95售01  ,0,0,0,0,0,0,0,0,0,-27000,0,0,0,3000,30000,-27000,-27000
03567P,可成凱基02售06  ,0,0,0,0,0,0,0,0,0,-27000,0,0,0,10000,37000,-27000,-27000
042028,滬深反凱基93購01,0,0,0,0,0,0,0,0,0,-27000,0,0,0,16000,43000,-27000,-27000
04241P,欣興國泰95售02  ,0,0,0,0,0,0,0,0,0,-27000,0,0,0,40000,67000,-27000,-27000
04693P,超眾群益95售01  ,0,0,0,0,0,0,0,0,0,-27000,0,0,0,60000,87000,-27000,-27000
043605,創意元大93購01  ,0,0,0,0,0,0,0,0,0,-27000,0,0,0,3000,30000,-27000,-27000
048852,旺宏群益96購02  ,0,0,0,0,0,0,0,0,0,-27000,0,0,0,12000,39000,-27000,-27000
04802P,國巨凱基94售07  ,0,0,0,0,0,0,0,0,0,-27000,0,0,0,0,27000,-27000,-27000
049434,茂林國票95購01  ,0,0,0,0,0,0,0,0,0,-27000,0,0,0,0,27000,-27000,-27000
050210,華新科國票94購08,0,0,0,0,0,0,0,0,0,-27000,0,0,0,35000,62000,-27000,-27000
050155,華新科群益95購01,0,0,0,0,0,0,0,0,0,-27000,0,0,0,24000,51000,-27000,-27000
050114,群創元大95購01  ,0,0,0,0,0,0,0,0,0,-27000,0,0,0,64000,91000,-27000,-27000
048237,致茂國票94購01  ,0,0,0,0,0,0,0,0,0,-27000,0,0,0,55000,82000,-27000,-27000
04826P,華新科麥證95售01,0,0,0,0,27000,-27000,0,0,0,-27000,0,0,0,0,27000,-27000,-27000
050848,日月光國票95購01,0,0,0,0,0,0,0,0,0,-27000,0,0,0,150000,177000,-27000,-27000
050975,楠梓電統一95購01,0,0,0,0,0,0,0,0,0,-27000,0,0,0,3000,30000,-27000,-27000
050686,欣興兆豐96購01  ,0,0,0,0,0,0,0,0,0,-27000,0,0,0,227000,254000,-27000,-27000
051993,和碩元大95購03  ,0,0,0,0,0,0,0,0,0,-27000,0,0,0,7000,34000,-27000,-27000
052586,晶豪科永豐96購01,0,0,0,0,0,0,0,0,0,-27000,0,0,0,0,27000,-27000,-27000
052764,景碩群益98購01  ,0,0,0,0,0,0,0,0,0,-27000,0,0,0,0,27000,-27000,-27000
2597,潤弘            ,28000,54000,-26000,0,0,0,0,0,0,-1000,0,1000,-1000,0,0,0,-27000
056108,麗豐永豐97購01  ,0,0,0,0,0,0,0,0,0,-27000,0,0,0,0,27000,-27000,-27000
053349,台郡國票97購02  ,0,0,0,0,0,0,0,0,0,-28000,0,0,0,1000,29000,-28000,-28000
053799,矽創中信9A購01  ,0,0,0,0,0,0,0,0,0,-28000,0,0,0,20000,48000,-28000,-28000
054637,智邦中信98購01  ,0,0,0,0,0,0,0,0,0,-28000,0,0,0,20000,48000,-28000,-28000
054170,泰鼎凱基98購01  ,0,0,0,0,0,0,0,0,0,-28000,0,0,0,68000,96000,-28000,-28000
055477,同欣電凱基98購01,0,0,0,0,0,0,0,0,0,-28000,0,0,0,4000,32000,-28000,-28000
054854,台積電麥證97購01,0,0,0,50000,78000,-28000,0,0,0,-28000,0,0,0,50000,78000,-28000,-28000
054894,GIS統一97購01   ,0,0,0,0,0,0,0,0,0,-28000,0,0,0,20000,48000,-28000,-28000
055186,正文統一97購01  ,0,0,0,0,0,0,0,0,0,-28000,0,0,0,48000,76000,-28000,-28000
055064,碩天永豐97購01  ,0,0,0,0,0,0,0,0,0,-28000,0,0,0,0,28000,-28000,-28000
055008,隆達元富97購01  ,0,0,0,0,0,0,0,0,0,-28000,0,0,0,16000,44000,-28000,-28000
043051,天鈺國泰93購01  ,0,0,0,0,0,0,0,0,0,-28000,0,0,0,50000,78000,-28000,-28000
044052,鴻海元大92購04  ,0,0,0,0,0,0,0,0,0,-28000,0,0,0,2000,30000,-28000,-28000
03841P,聯發科統一93售02,0,0,0,0,0,0,0,0,0,-28000,0,0,0,0,28000,-28000,-28000
03793P,超眾永豐93售01  ,0,0,0,0,0,0,0,0,0,-28000,0,0,0,0,28000,-28000,-28000
045851,健策永豐92購01  ,0,0,0,0,0,0,0,0,0,-28000,0,0,0,0,28000,-28000,-28000
044396,燿華凱基93購02  ,0,0,0,0,0,0,0,0,0,-28000,0,0,0,33000,61000,-28000,-28000
046707,友達康和93購01  ,0,0,0,0,0,0,0,0,0,-28000,0,0,0,0,28000,-28000,-28000
050343,鴻海元富94購01  ,0,0,0,0,0,0,0,0,0,-28000,0,0,0,18000,46000,-28000,-28000
049857,緯穎群益94購03  ,0,0,0,0,0,0,0,0,0,-28000,0,0,0,47000,75000,-28000,-28000
052991,台積電台新96購01,0,0,0,0,0,0,0,0,0,-28000,0,0,0,2000,30000,-28000,-28000
053179,大立光統一96購04,0,0,0,0,0,0,0,0,0,-28000,0,0,0,2000,30000,-28000,-28000
052523,奇力新元大97購01,0,0,0,0,0,0,0,0,0,-28000,0,0,0,33000,61000,-28000,-28000
052254,康友永豐95購03  ,0,0,0,0,0,0,0,0,0,-28000,0,0,0,10000,38000,-28000,-28000
051539,瀚宇博國票97購01,0,0,0,0,0,0,0,0,0,-28000,0,0,0,0,28000,-28000,-28000
051284,上銀統一95購02  ,0,0,0,0,0,0,0,0,0,-28000,0,0,0,0,28000,-28000,-28000
051166,可成元大95購02  ,0,0,0,0,0,0,0,0,0,-28000,0,0,0,0,28000,-28000,-28000
05665P,台積電凱基96售08,0,0,0,0,0,0,0,0,0,-28000,0,0,0,0,28000,-28000,-28000
056305,群創元大9A購03  ,0,0,0,0,0,0,0,0,0,-28000,0,0,0,85000,113000,-28000,-28000
05905P,晶技統一97售01  ,0,0,0,0,0,0,0,0,0,-28000,0,0,0,21000,49000,-28000,-28000
05801P,正崴兆豐96售01  ,0,0,0,0,0,0,0,0,0,-28000,0,0,0,11000,39000,-28000,-28000
1760,寶齡富錦        ,17000,44000,-27000,0,0,0,0,0,0,-1000,0,0,0,1000,2000,-1000,-28000
06244P,智易元富97售02  ,0,0,0,0,0,0,0,0,0,-28000,0,0,0,0,28000,-28000,-28000
054750,聯茂凱基98購02  ,0,0,0,0,0,0,0,0,0,-29000,0,0,0,39000,68000,-29000,-29000
055758,旺宏群益97購01  ,0,0,0,0,0,0,0,0,0,-29000,0,0,0,15000,44000,-29000,-29000
054175,高鐵台新97購01  ,0,0,0,0,0,0,0,0,0,-29000,0,0,0,67000,96000,-29000,-29000
054587,玉晶光國泰99購01,0,0,0,0,0,0,0,0,0,-29000,0,0,0,5000,34000,-29000,-29000
054550,旺宏凱基98購02  ,0,0,0,0,0,0,0,0,0,-29000,0,0,0,11000,40000,-29000,-29000
05356P,臺股指元富95售10,0,0,0,0,0,0,0,0,0,-29000,0,0,0,0,29000,-29000,-29000
053535,宏達電永豐96購02,0,0,0,0,0,0,0,0,0,-29000,0,0,0,0,29000,-29000,-29000
044736,聯發科國泰93購01,0,0,0,0,0,0,0,0,0,-29000,0,0,0,33000,62000,-29000,-29000
045470,康控元大94購03  ,0,0,0,0,0,0,0,0,0,-29000,0,0,0,1000,30000,-29000,-29000
049430,國巨國票95購02  ,0,0,0,0,0,0,0,0,0,-29000,0,0,0,20000,49000,-29000,-29000
047651,復盛元大93購01  ,0,0,0,0,0,0,0,0,0,-29000,0,0,0,0,29000,-29000,-29000
049667,大立光國泰96購01,0,0,0,0,0,0,0,0,0,-29000,0,0,0,45000,74000,-29000,-29000
04867P,美律統一94售03  ,0,0,0,0,0,0,0,0,0,-29000,0,0,0,41000,70000,-29000,-29000
048696,台達電國票96購01,0,0,0,0,0,0,0,0,0,-29000,0,0,0,0,29000,-29000,-29000
048179,臻鼎富邦97購01  ,0,0,0,0,0,0,0,0,0,-29000,0,0,0,0,29000,-29000,-29000
050044,聯詠兆豐94購02  ,0,0,0,0,0,0,0,0,0,-29000,0,0,0,0,29000,-29000,-29000
051332,奇力新永豐95購01,0,0,0,0,0,0,0,0,0,-29000,0,0,0,10000,39000,-29000,-29000
050702,崇越凱基94購01  ,0,0,0,0,0,0,0,0,0,-29000,0,0,0,20000,49000,-29000,-29000
050900,台郡元大95購02  ,0,0,0,0,0,0,0,0,0,-29000,0,0,0,27000,56000,-29000,-29000
05162P,玉晶光國票96售03,0,0,0,0,0,0,0,0,0,-29000,0,0,0,137000,166000,-29000,-29000
05151P,台光電群益95售02,0,0,0,0,0,0,0,0,0,-29000,0,0,0,21000,50000,-29000,-29000
051799,台積電永豐96購01,0,0,0,0,0,0,0,0,0,-29000,0,0,0,0,29000,-29000,-29000
052623,台郡兆豐96購01  ,0,0,0,0,0,0,0,0,0,-29000,0,0,0,24000,53000,-29000,-29000
05272P,臻鼎中信97售03  ,0,0,0,0,0,0,0,0,0,-29000,0,0,0,49000,78000,-29000,-29000
053209,台積電凱基96購07,0,0,0,0,0,0,0,0,0,-29000,0,0,0,0,29000,-29000,-29000
053199,旺宏日盛96購01  ,0,0,0,0,0,0,0,0,0,-29000,0,0,0,42000,71000,-29000,-29000
053018,旺宏元富96購02  ,0,0,0,0,0,0,0,0,0,-29000,0,0,0,292000,321000,-29000,-29000
06382P,大毅元富97售02  ,0,0,0,0,0,0,0,0,0,-29000,0,0,0,1000,30000,-29000,-29000
05861P,瀚宇博永豐96售02,0,0,0,0,0,0,0,0,0,-29000,0,0,0,71000,100000,-29000,-29000
05862P,大立光國泰98售01,0,0,0,0,0,0,0,0,0,-29000,0,0,0,124000,153000,-29000,-29000
6477,安集            ,34000,63000,-29000,0,0,0,0,0,0,0,0,0,0,0,0,0,-29000
4564,元翎            ,87000,116000,-29000,0,0,0,0,0,0,0,0,0,0,0,0,0,-29000
053642,瀚宇博永豐96購01,0,0,0,0,0,0,0,0,0,-30000,0,0,0,0,30000,-30000,-30000
053421,南亞科永豐96購01,0,0,0,0,0,0,0,0,0,-30000,0,0,0,38000,68000,-30000,-30000
053826,光磊麥證97購01  ,0,0,0,0,30000,-30000,0,0,0,-30000,0,0,0,0,30000,-30000,-30000
053715,美律凱基96購04  ,0,0,0,0,0,0,0,0,0,-30000,0,0,0,0,30000,-30000,-30000
054588,玉晶光國泰99購02,0,0,0,0,0,0,0,0,0,-30000,0,0,0,1000,31000,-30000,-30000
054639,台新金中信99購01,0,0,0,0,0,0,0,0,0,-30000,0,0,0,0,30000,-30000,-30000
054617,超眾永豐97購01  ,0,0,0,0,0,0,0,0,0,-30000,0,0,0,0,30000,-30000,-30000
054420,緯穎元大96購08  ,0,0,0,0,0,0,0,0,0,-30000,0,0,0,52000,82000,-30000,-30000
054237,茂林群益97購01  ,0,0,0,0,0,0,0,0,0,-30000,0,0,0,17000,47000,-30000,-30000
054321,上銀台新96購01  ,0,0,0,0,0,0,0,0,0,-30000,0,0,0,20000,50000,-30000,-30000
054013,聯發科永豐96購02,0,0,0,0,0,0,0,0,0,-30000,0,0,0,0,30000,-30000,-30000
055747,康舒元富97購01  ,0,0,0,0,0,0,0,0,0,-30000,0,0,0,0,30000,-30000,-30000
055924,深中小群益9B購01,0,0,0,0,0,0,0,0,0,-30000,0,0,0,0,30000,-30000,-30000
055513,旺宏亞東98購01  ,0,0,0,0,0,0,0,0,0,-30000,0,0,0,0,30000,-30000,-30000
055564,茂林凱基98購01  ,0,0,0,0,0,0,0,0,0,-30000,0,0,0,0,30000,-30000,-30000
055349,京元電凱基97購02,0,0,0,0,0,0,0,0,0,-30000,0,0,0,20000,50000,-30000,-30000
054736,南亞科凱基98購01,0,0,0,0,0,0,0,0,0,-30000,0,0,0,68000,98000,-30000,-30000
054740,強茂凱基99購01  ,0,0,0,0,0,0,0,0,0,-30000,0,0,0,0,30000,-30000,-30000
054781,台化群益99購01  ,0,0,0,0,0,0,0,0,0,-30000,0,0,0,0,30000,-30000,-30000
054798,超眾群益97購01  ,0,0,0,0,0,0,0,0,0,-30000,0,0,0,0,30000,-30000,-30000
054821,貿聯元大9A購01  ,0,0,0,0,0,0,0,0,0,-30000,0,0,0,76000,106000,-30000,-30000
054701,宏全永豐97購01  ,0,0,0,0,0,0,0,0,0,-30000,0,0,0,0,30000,-30000,-30000
054707,聯茂亞東97購01  ,0,0,0,0,0,0,0,0,0,-30000,0,0,0,0,30000,-30000,-30000
055066,佐登永豐97購01  ,0,0,0,0,0,0,0,0,0,-30000,0,0,0,10000,40000,-30000,-30000
05508P,華通統一97售01  ,0,0,0,0,0,0,0,0,0,-30000,0,0,0,10000,40000,-30000,-30000
045448,宏達電國泰93購02,0,0,0,0,0,0,0,0,0,-30000,0,0,0,19000,49000,-30000,-30000
045455,鴻海元大92購08  ,0,0,0,0,0,0,0,0,0,-30000,0,0,0,0,30000,-30000,-30000
045352,亞光凱基92購03  ,0,0,0,0,0,0,0,0,0,-30000,0,0,0,52000,82000,-30000,-30000
04511P,臺股指元大94售06,0,0,0,0,0,0,0,0,0,-30000,0,0,0,0,30000,-30000,-30000
045203,同欣電凱基92購01,0,0,0,0,0,0,0,0,0,-30000,0,0,0,0,30000,-30000,-30000
046213,可成統一92購06  ,0,0,0,0,0,0,0,0,0,-30000,0,0,0,10000,40000,-30000,-30000
046137,遠東新統一92購01,0,0,0,0,0,0,0,0,0,-30000,0,0,0,10000,40000,-30000,-30000
049393,世紀鋼第一94購01,0,0,0,0,0,0,0,0,0,-30000,0,0,0,0,30000,-30000,-30000
049258,美律元大94購03  ,0,0,0,0,0,0,0,0,0,-30000,0,0,0,170000,200000,-30000,-30000
049279,元油2X國票94購02,0,0,0,0,0,0,0,0,0,-30000,0,0,0,0,30000,-30000,-30000
049288,聯茂兆豐95購02  ,0,0,0,0,0,0,0,0,0,-30000,0,0,0,0,30000,-30000,-30000
049021,慧洋群益94購01  ,0,0,0,0,0,0,0,0,0,-30000,0,0,0,0,30000,-30000,-30000
049127,上海銀元富94購01,0,0,0,0,0,0,0,0,0,-30000,0,0,0,10000,40000,-30000,-30000
046008,臺股指統一92購03,0,0,0,0,0,0,0,0,0,-30000,0,0,0,0,30000,-30000,-30000
04597P,為升凱基94售02  ,0,0,0,0,0,0,0,0,0,-30000,0,0,0,21000,51000,-30000,-30000
046062,遠東新凱基92購02,0,0,0,0,0,0,0,0,0,-30000,0,0,0,10000,40000,-30000,-30000
044478,友達統一93購01  ,0,0,0,0,0,0,0,0,0,-30000,0,0,0,0,30000,-30000,-30000
046243,麗豐中信92購01  ,0,0,0,0,0,0,0,0,0,-30000,0,0,0,0,30000,-30000,-30000
046280,國巨永豐92購03  ,0,0,0,0,0,0,0,0,0,-30000,0,0,0,0,30000,-30000,-30000
046960,台新金中信95購01,0,0,0,0,0,0,0,0,0,-30000,0,0,0,0,30000,-30000,-30000
046467,台虹凱基92購02  ,0,0,0,0,0,0,0,0,0,-30000,0,0,0,10000,40000,-30000,-30000
046385,群創凱基98購03  ,0,0,0,0,0,0,0,0,0,-30000,0,0,0,0,30000,-30000,-30000
03788P,聯發科群益94售02,0,0,0,0,0,0,0,0,0,-30000,0,0,0,0,30000,-30000,-30000
043921,台表科凱基93購01,0,0,0,0,0,0,0,0,0,-30000,0,0,0,0,30000,-30000,-30000
03972P,可成元大93售07  ,0,0,0,0,0,0,0,0,0,-30000,0,0,0,0,30000,-30000,-30000
04310P,京元電統一93售03,0,0,0,0,0,0,0,0,0,-30000,0,0,0,12000,42000,-30000,-30000
041817,鴻海凱基92購01  ,0,0,0,0,0,0,0,0,0,-30000,0,0,0,10000,40000,-30000,-30000
04019P,聯茂永豐93售01  ,0,0,0,0,0,0,0,0,0,-30000,0,0,0,0,30000,-30000,-30000
046362,華通永豐92購02  ,0,0,0,0,0,0,0,0,0,-30000,0,0,0,20000,50000,-30000,-30000
046877,燿華國泰94購01  ,0,0,0,0,0,0,0,0,0,-30000,0,0,0,60000,90000,-30000,-30000
042538,新光金國泰92購01,0,0,0,0,0,0,0,0,0,-30000,0,0,0,0,30000,-30000,-30000
042126,欣興統一92購01  ,0,0,0,0,0,0,0,0,0,-30000,0,0,0,10000,40000,-30000,-30000
047127,臻鼎中信95購01  ,0,0,0,0,0,0,0,0,0,-30000,0,0,0,0,30000,-30000,-30000
047136,潤泰全凱基94購01,0,0,0,0,0,0,0,0,0,-30000,0,0,0,0,30000,-30000,-30000
047183,台光電元大93購05,0,0,0,0,0,0,0,0,0,-30000,0,0,0,0,30000,-30000,-30000
04803P,台積電凱基94售30,0,0,0,0,0,0,0,0,0,-30000,0,0,0,0,30000,-30000,-30000
047094,聯發科麥證93購02,0,0,0,10000,40000,-30000,0,0,0,-30000,0,0,0,10000,40000,-30000,-30000
047050,可成國票93購02  ,0,0,0,0,0,0,0,0,0,-30000,0,0,0,0,30000,-30000,-30000
049474,台光電永豐94購02,0,0,0,0,0,0,0,0,0,-30000,0,0,0,0,30000,-30000,-30000
04849P,GIS中信94售01   ,0,0,0,0,0,0,0,0,0,-30000,0,0,0,0,30000,-30000,-30000
048502,百和元大93購01  ,0,0,0,0,0,0,0,0,0,-30000,0,0,0,55000,85000,-30000,-30000
050123,群臺反凱基96購01,0,0,0,0,0,0,0,0,0,-30000,0,0,0,10000,40000,-30000,-30000
050164,揚明光國泰95購01,0,0,0,0,0,0,0,0,0,-30000,0,0,0,0,30000,-30000,-30000
050833,台郡凱基95購01  ,0,0,0,0,0,0,0,0,0,-30000,0,0,0,0,30000,-30000,-30000
050338,TPK富邦96購01   ,0,0,0,0,0,0,0,0,0,-30000,0,0,0,0,30000,-30000,-30000
050464,華通國泰95購01  ,0,0,0,0,0,0,0,0,0,-30000,0,0,0,89000,119000,-30000,-30000
047725,廣達群益93購01  ,0,0,0,0,0,0,0,0,0,-30000,0,0,0,0,30000,-30000,-30000
049593,群創元大9A購01  ,0,0,0,0,0,0,0,0,0,-30000,0,0,0,117000,147000,-30000,-30000
049301,致新群益95購01  ,0,0,0,0,0,0,0,0,0,-30000,0,0,0,20000,50000,-30000,-30000
048916,華新科台新94購01,0,0,0,0,0,0,0,0,0,-30000,0,0,0,30000,60000,-30000,-30000
048895,光罩國泰95購01  ,0,0,0,0,0,0,0,0,0,-30000,0,0,0,10000,40000,-30000,-30000
049675,台光電國票95購01,0,0,0,0,0,0,0,0,0,-30000,0,0,0,8000,38000,-30000,-30000
049640,大成鋼凱基94購02,0,0,0,0,0,0,0,0,0,-30000,0,0,0,0,30000,-30000,-30000
049563,華新統一95購01  ,0,0,0,0,0,0,0,0,0,-30000,0,0,0,10000,40000,-30000,-30000
049623,創意群益94購01  ,0,0,0,0,0,0,0,0,0,-30000,0,0,0,20000,50000,-30000,-30000
049704,羅麗芬元大95購01,0,0,0,0,0,0,0,0,0,-30000,0,0,0,15000,45000,-30000,-30000
048739,華新科統一94購02,0,0,0,0,0,0,0,0,0,-30000,0,0,0,10000,40000,-30000,-30000
047855,美律國票94購01  ,0,0,0,0,0,0,0,0,0,-30000,0,0,0,0,30000,-30000,-30000
047514,亞光國票94購01  ,0,0,0,0,0,0,0,0,0,-30000,0,0,0,5000,35000,-30000,-30000
047938,台化國票93購01  ,0,0,0,0,0,0,0,0,0,-30000,0,0,0,0,30000,-30000,-30000
047292,台光電元富96購01,0,0,0,0,0,0,0,0,0,-30000,0,0,0,100000,130000,-30000,-30000
04732P,聯茂群益94售01  ,0,0,0,0,0,0,0,0,0,-30000,0,0,0,0,30000,-30000,-30000
048812,上証2X凱基96購01,0,0,0,0,0,0,0,0,0,-30000,0,0,0,400000,430000,-30000,-30000
048843,台郡凱基94購01  ,0,0,0,0,0,0,0,0,0,-30000,0,0,0,0,30000,-30000,-30000
049811,聯鈞元大94購01  ,0,0,0,0,0,0,0,0,0,-30000,0,0,0,20000,50000,-30000,-30000
049835,緯穎凱基94購05  ,0,0,0,0,0,0,0,0,0,-30000,0,0,0,0,30000,-30000,-30000
052799,上銀元大96購01  ,0,0,0,0,0,0,0,0,0,-30000,0,0,0,92000,122000,-30000,-30000
052903,致茂國票97購01  ,0,0,0,0,0,0,0,0,0,-30000,0,0,0,0,30000,-30000,-30000
053177,華邦電統一96購01,0,0,0,0,0,0,0,0,0,-30000,0,0,0,30000,60000,-30000,-30000
053291,旺宏中信9A購01  ,0,0,0,0,0,0,0,0,0,-30000,0,0,0,10000,40000,-30000,-30000
053311,同欣電凱基96購01,0,0,0,0,0,0,0,0,0,-30000,0,0,0,10000,40000,-30000,-30000
052723,新唐統一97購01  ,0,0,0,0,0,0,0,0,0,-30000,0,0,0,0,30000,-30000,-30000
052664,麗豐國票96購02  ,0,0,0,0,0,0,0,0,0,-30000,0,0,0,0,30000,-30000,-30000
052658,友達元富9C購01  ,0,0,0,0,0,0,0,0,0,-30000,0,0,0,3000,33000,-30000,-30000
052561,矽創國票97購01  ,0,0,0,0,0,0,0,0,0,-30000,0,0,0,0,30000,-30000,-30000
052414,聯電麥證95購01  ,0,0,0,10000,40000,-30000,0,0,0,-30000,0,0,0,10000,40000,-30000,-30000
052311,台積電富邦95購09,0,0,0,0,0,0,0,0,0,-30000,0,0,0,0,30000,-30000,-30000
052168,鴻海元大96購10  ,0,0,0,0,0,0,0,0,0,-30000,0,0,0,0,30000,-30000,-30000
052100,滬深2X永昌96購01,0,0,0,0,0,0,0,0,0,-30000,0,0,0,0,30000,-30000,-30000
051772,玉山金中信95購01,0,0,0,0,0,0,0,0,0,-30000,0,0,0,30000,60000,-30000,-30000
051773,元大金中信95購02,0,0,0,0,0,0,0,0,0,-30000,0,0,0,0,30000,-30000,-30000
051748,超眾國泰96購01  ,0,0,0,0,0,0,0,0,0,-30000,0,0,0,0,30000,-30000,-30000
051985,智邦元大95購05  ,0,0,0,0,0,0,0,0,0,-30000,0,0,0,10000,40000,-30000,-30000
051694,A50正2中信96購03,0,0,0,0,0,0,0,0,0,-30000,0,0,0,0,30000,-30000,-30000
050960,台光電永豐95購01,0,0,0,0,0,0,0,0,0,-30000,0,0,0,0,30000,-30000,-30000
051009,緯創麥證95購01  ,0,0,0,30000,60000,-30000,0,0,0,-30000,0,0,0,30000,60000,-30000,-30000
050933,南亞國票95購01  ,0,0,0,0,0,0,0,0,0,-30000,0,0,0,66000,96000,-30000,-30000
05065P,燿華元大96售03  ,0,0,0,0,0,0,0,0,0,-30000,0,0,0,187000,217000,-30000,-30000
050627,華通中信94購02  ,0,0,0,0,0,0,0,0,0,-30000,0,0,0,30000,60000,-30000,-30000
050574,微星國票94購01  ,0,0,0,0,0,0,0,0,0,-30000,0,0,0,0,30000,-30000,-30000
050538,鴻海凱基95購06  ,0,0,0,0,0,0,0,0,0,-30000,0,0,0,0,30000,-30000,-30000
051313,緯創麥證95購02  ,0,0,0,40000,70000,-30000,0,0,0,-30000,0,0,0,40000,70000,-30000,-30000
051247,可成元大95購04  ,0,0,0,0,0,0,0,0,0,-30000,0,0,0,0,30000,-30000,-30000
051114,鈺齊中信95購01  ,0,0,0,0,0,0,0,0,0,-30000,0,0,0,0,30000,-30000,-30000
05108P,欣興中信95售02  ,0,0,0,0,0,0,0,0,0,-30000,0,0,0,0,30000,-30000,-30000
6605,帝寶            ,4000,36000,-32000,0,0,0,0,0,0,2000,3000,1000,2000,0,0,0,-30000
2524,京城            ,58000,76000,-18000,0,0,0,0,0,0,-12000,0,12000,-12000,0,0,0,-30000
05824P,臺股指凱基96售21,0,0,0,0,0,0,0,0,0,-30000,0,0,0,0,30000,-30000,-30000
05735P,臺股指統一96售05,0,0,0,0,0,0,0,0,0,-30000,0,0,0,0,30000,-30000,-30000
056311,泰鼎元大98購01  ,0,0,0,0,0,0,0,0,0,-30000,0,0,0,27000,57000,-30000,-30000
05655P,南亞科統一96售01,0,0,0,0,0,0,0,0,0,-30000,0,0,0,93000,123000,-30000,-30000
05611P,康控群益96售02  ,0,0,0,0,0,0,0,0,0,-30000,0,0,0,9000,39000,-30000,-30000
056129,義隆麥證97購01  ,0,0,0,0,30000,-30000,0,0,0,-30000,0,0,0,0,30000,-30000,-30000
05606P,TPK國票97售02   ,0,0,0,0,0,0,0,0,0,-30000,0,0,0,0,30000,-30000,-30000
2007,燁興            ,0,30000,-30000,0,0,0,0,0,0,0,0,0,0,0,0,0,-30000
08663P,台灣50元大96售01,0,0,0,0,0,0,0,0,0,-30000,0,0,0,0,30000,-30000,-30000
054924,景碩凱基98購01  ,0,0,0,0,0,0,0,0,0,-31000,0,0,0,20000,51000,-31000,-31000
055668,欣興群益97購01  ,0,0,0,0,0,0,0,0,0,-31000,0,0,0,0,31000,-31000,-31000
054035,聯詠麥證96購01  ,0,0,0,0,31000,-31000,0,0,0,-31000,0,0,0,0,31000,-31000,-31000
054240,訊芯群益96購03  ,0,0,0,0,0,0,0,0,0,-31000,0,0,0,22000,53000,-31000,-31000
054457,強茂群益96購01  ,0,0,0,0,0,0,0,0,0,-31000,0,0,0,0,31000,-31000,-31000
05340P,臺股指國票95售08,0,0,0,0,0,0,0,0,0,-31000,0,0,0,39000,70000,-31000,-31000
045643,臻鼎凱基93購01  ,0,0,0,0,0,0,0,0,0,-31000,0,0,0,0,31000,-31000,-31000
043907,鴻海凱基93購01  ,0,0,0,0,0,0,0,0,0,-31000,0,0,0,0,31000,-31000,-31000
045385,華新科元大93購04,0,0,0,0,0,0,0,0,0,-31000,0,0,0,0,31000,-31000,-31000
047689,瑞昱富邦97購01  ,0,0,0,0,0,0,0,0,0,-31000,0,0,0,8000,39000,-31000,-31000
046983,南茂兆豐94購01  ,0,0,0,0,0,0,0,0,0,-31000,0,0,0,7000,38000,-31000,-31000
047673,瑞昱元富96購01  ,0,0,0,0,0,0,0,0,0,-31000,0,0,0,0,31000,-31000,-31000
048757,美利達元富96購01,0,0,0,0,0,0,0,0,0,-31000,0,0,0,10000,41000,-31000,-31000
050341,光寶科元富94購01,0,0,0,0,0,0,0,0,0,-31000,0,0,0,10000,41000,-31000,-31000
050281,台積電日盛94購03,0,0,0,0,0,0,0,0,0,-31000,0,0,0,35000,66000,-31000,-31000
048394,正崴國票94購01  ,0,0,0,0,0,0,0,0,0,-31000,0,0,0,0,31000,-31000,-31000
051097,嘉聯益元大96購02,0,0,0,0,0,0,0,0,0,-31000,0,0,0,71000,102000,-31000,-31000
052678,群創富邦96購01  ,0,0,0,0,0,0,0,0,0,-31000,0,0,0,0,31000,-31000,-31000
052681,T50反1元大98購02,0,0,0,0,0,0,0,0,0,-31000,0,0,0,1000,32000,-31000,-31000
052967,智邦群益96購01  ,0,0,0,0,0,0,0,0,0,-31000,0,0,0,40000,71000,-31000,-31000
1337,再生-KY         ,2000,33000,-31000,0,0,0,0,0,0,0,0,0,0,0,0,0,-31000
1537,廣隆            ,15000,46000,-31000,0,0,0,0,0,0,0,0,0,0,0,0,0,-31000
056053,和大元大97購05  ,0,0,0,0,0,0,0,0,0,-31000,0,0,0,10000,41000,-31000,-31000
056312,茂林元大98購01  ,0,0,0,0,0,0,0,0,0,-31000,0,0,0,0,31000,-31000,-31000
05749P,臺股指群益99售03,0,0,0,0,0,0,0,0,0,-31000,0,0,0,0,31000,-31000,-31000
06001P,樺漢台新96售01  ,0,0,0,0,0,0,0,0,0,-31000,0,0,0,25000,56000,-31000,-31000
2423,固緯            ,7000,38000,-31000,0,0,0,0,0,0,0,0,0,0,0,0,0,-31000
9924,福興            ,37000,68000,-31000,0,0,0,0,0,0,0,0,0,0,0,0,0,-31000
01002T,土銀國泰R1      ,3982,35000,-31018,0,0,0,0,0,0,0,0,0,0,0,0,0,-31018
053769,香港反元大99購01,0,0,0,0,0,0,0,0,0,-32000,0,0,0,0,32000,-32000,-32000
053912,T50反1國票97購02,0,0,0,0,0,0,0,0,0,-32000,0,0,0,322000,354000,-32000,-32000
05468P,鴻海元大96售14  ,0,0,0,0,0,0,0,0,0,-32000,0,0,0,124000,156000,-32000,-32000
055160,玉晶光元大99購03,0,0,0,0,0,0,0,0,0,-32000,0,0,0,166000,198000,-32000,-32000
055295,瀚宇博元大97購02,0,0,0,0,0,0,0,0,0,-32000,0,0,0,25000,57000,-32000,-32000
04163P,可成統一93售03  ,0,0,0,0,0,0,0,0,0,-32000,0,0,0,0,32000,-32000,-32000
049353,茂林永豐94購03  ,0,0,0,0,0,0,0,0,0,-32000,0,0,0,154000,186000,-32000,-32000
044818,可成兆豐93購02  ,0,0,0,0,0,0,0,0,0,-32000,0,0,0,18000,50000,-32000,-32000
048118,百和群益94購03  ,0,0,0,0,0,0,0,0,0,-32000,0,0,0,0,32000,-32000,-32000
050212,瀚宇博國票95購02,0,0,0,0,0,0,0,0,0,-32000,0,0,0,4000,36000,-32000,-32000
04890P,台積電元大95售05,0,0,0,0,0,0,0,0,0,-32000,0,0,0,43000,75000,-32000,-32000
047011,鴻海元富93購01  ,0,0,0,0,0,0,0,0,0,-32000,0,0,0,10000,42000,-32000,-32000
04731P,臺股指中信96售03,0,0,0,0,0,0,0,0,0,-32000,0,0,0,55000,87000,-32000,-32000
052921,大成鋼永豐96購01,0,0,0,0,0,0,0,0,0,-32000,0,0,0,22000,54000,-32000,-32000
052896,宏達電群益96購01,0,0,0,0,0,0,0,0,0,-32000,0,0,0,33000,65000,-32000,-32000
052746,泰碩元大97購01  ,0,0,0,0,0,0,0,0,0,-32000,0,0,0,8000,40000,-32000,-32000
053181,滬深2X元富99購02,0,0,0,0,0,0,0,0,0,-32000,0,0,0,280000,312000,-32000,-32000
052742,可成元大96購01  ,0,0,0,0,0,0,0,0,0,-32000,0,0,0,80000,112000,-32000,-32000
052637,欣興凱基97購01  ,0,0,0,0,0,0,0,0,0,-32000,0,0,0,68000,100000,-32000,-32000
052533,聯發科國泰96購03,0,0,0,0,0,0,0,0,0,-32000,0,0,0,131000,163000,-32000,-32000
052366,聯詠國票96購01  ,0,0,0,0,0,0,0,0,0,-32000,0,0,0,28000,60000,-32000,-32000
050682,南亞科元富94購02,0,0,0,0,0,0,0,0,0,-32000,0,0,0,30000,62000,-32000,-32000
050850,訊連國票96購01  ,0,0,0,0,0,0,0,0,0,-32000,0,0,0,0,32000,-32000,-32000
2428,興勤            ,169000,194000,-25000,0,0,0,0,0,0,-7000,0,0,0,2000,9000,-7000,-32000
2642,宅配通          ,25000,12000,13000,0,0,0,0,44000,-44000,-1000,0,1000,-1000,0,0,0,-32000
06017P,亞光凱基96售04  ,0,0,0,0,0,0,0,0,0,-32000,0,0,0,3000,35000,-32000,-32000
055881,康控元富97購01  ,0,0,0,0,0,0,0,0,0,-33000,0,0,0,0,33000,-33000,-33000
055892,國巨統一99購01  ,0,0,0,0,0,0,0,0,0,-33000,0,0,0,0,33000,-33000,-33000
055430,宏達電群益97購01,0,0,0,0,0,0,0,0,0,-33000,0,0,0,14000,47000,-33000,-33000
053839,華通統一96購01  ,0,0,0,0,0,0,0,0,0,-33000,0,0,0,48000,81000,-33000,-33000
053427,鎧勝永豐96購02  ,0,0,0,0,0,0,0,0,0,-33000,0,0,0,0,33000,-33000,-33000
054364,智伸科凱基96購01,0,0,0,0,0,0,0,0,0,-33000,0,0,0,23000,56000,-33000,-33000
054097,淘帝國票97購01  ,0,0,0,0,0,0,0,0,0,-33000,0,0,0,0,33000,-33000,-33000
044875,玉晶光統一93購01,0,0,0,0,0,0,0,0,0,-33000,0,0,0,22000,55000,-33000,-33000
046736,儒鴻群益93購01  ,0,0,0,0,0,0,0,0,0,-33000,0,0,0,10000,43000,-33000,-33000
049104,元油2X富邦97購02,0,0,0,0,0,0,0,0,0,-33000,0,0,0,0,33000,-33000,-33000
04526P,美律凱基94售03  ,0,0,0,0,0,0,0,0,0,-33000,0,0,0,5000,38000,-33000,-33000
045519,宏達電元富92購01,0,0,0,0,0,0,0,0,0,-33000,0,0,0,0,33000,-33000,-33000
04038P,聯茂群益93售03  ,0,0,0,0,0,0,0,0,0,-33000,0,0,0,0,33000,-33000,-33000
046804,群創元大94購01  ,0,0,0,0,0,0,0,0,0,-33000,0,0,0,193000,226000,-33000,-33000
00763U,街口道瓊銅      ,0,0,0,0,0,0,0,0,0,-33000,0,0,0,0,33000,-33000,-33000
03888P,大立光元富93售03,0,0,0,0,0,0,0,0,0,-33000,0,0,0,0,33000,-33000,-33000
047688,亞德客富邦95購01,0,0,0,0,0,0,0,0,0,-33000,0,0,0,27000,60000,-33000,-33000
048025,鴻海凱基93購30  ,0,0,0,0,0,0,0,0,0,-33000,0,0,0,37000,70000,-33000,-33000
048853,凌陽群益94購01  ,0,0,0,0,0,0,0,0,0,-33000,0,0,0,10000,43000,-33000,-33000
047591,訊芯永豐93購02  ,0,0,0,0,0,0,0,0,0,-33000,0,0,0,73000,106000,-33000,-33000
047569,世紀鋼國票94購02,0,0,0,0,0,0,0,0,0,-33000,0,0,0,0,33000,-33000,-33000
049697,群創元大98購01  ,0,0,0,0,0,0,0,0,0,-33000,0,0,0,89000,122000,-33000,-33000
05026P,貿聯群益95售01  ,0,0,0,0,0,0,0,0,0,-33000,0,0,0,10000,43000,-33000,-33000
050333,鴻海國泰96購06  ,0,0,0,0,0,0,0,0,0,-33000,0,0,0,16000,49000,-33000,-33000
051591,玉晶光元大97購01,0,0,0,0,0,0,0,0,0,-33000,0,0,0,3000,36000,-33000,-33000
051906,國巨元大95購09  ,0,0,0,0,0,0,0,0,0,-33000,0,0,0,2000,35000,-33000,-33000
052912,日月光統一96購01,0,0,0,0,0,0,0,0,0,-33000,0,0,0,48000,81000,-33000,-33000
05910P,力山永豐96售02  ,0,0,0,0,0,0,0,0,0,-33000,0,0,0,0,33000,-33000,-33000
056125,旺宏國票98購02  ,0,0,0,0,0,0,0,0,0,-33000,0,0,0,0,33000,-33000,-33000
055980,祥碩統一98購01  ,0,0,0,0,0,0,0,0,0,-33000,0,0,0,1000,34000,-33000,-33000
06383P,聯茂元富97售01  ,0,0,0,0,0,0,0,0,0,-33000,0,0,0,0,33000,-33000,-33000
054046,義隆元大96購02  ,0,0,0,0,0,0,0,0,0,-34000,0,0,0,402000,436000,-34000,-34000
053365,彩晶國泰98購01  ,0,0,0,0,0,0,0,0,0,-34000,0,0,0,6000,40000,-34000,-34000
053979,健策元大98購01  ,0,0,0,0,0,0,0,0,0,-34000,0,0,0,325000,359000,-34000,-34000
055844,大毅元大98購01  ,0,0,0,0,0,0,0,0,0,-34000,0,0,0,32000,66000,-34000,-34000
04213P,台光電凱基93售11,0,0,0,0,0,0,0,0,0,-34000,0,0,0,10000,44000,-34000,-34000
043656,上証反元大94購01,0,0,0,0,0,0,0,0,0,-34000,0,0,0,0,34000,-34000,-34000
046163,友達兆豐92購02  ,0,0,0,0,0,0,0,0,0,-34000,0,0,0,0,34000,-34000,-34000
046182,燿華凱基93購04  ,0,0,0,0,0,0,0,0,0,-34000,0,0,0,20000,54000,-34000,-34000
045361,鈺齊凱基93購01  ,0,0,0,0,0,0,0,0,0,-34000,0,0,0,0,34000,-34000,-34000
044863,矽創兆豐93購01  ,0,0,0,0,0,0,0,0,0,-34000,0,0,0,60000,94000,-34000,-34000
046107,勤誠永豐92購01  ,0,0,0,0,0,0,0,0,0,-34000,0,0,0,0,34000,-34000,-34000
044516,景碩凱基93購02  ,0,0,0,0,0,0,0,0,0,-34000,0,0,0,20000,54000,-34000,-34000
050219,台積電元富95購03,0,0,0,0,0,0,0,0,0,-34000,0,0,0,6000,40000,-34000,-34000
050421,鴻海凱基95購04  ,0,0,0,0,0,0,0,0,0,-34000,0,0,0,0,34000,-34000,-34000
050092,鴻海永豐94購04  ,0,0,0,0,0,0,0,0,0,-34000,0,0,0,80000,114000,-34000,-34000
047080,仁寶康和93購01  ,0,0,0,0,0,0,0,0,0,-34000,0,0,0,30000,64000,-34000,-34000
049528,台積電中信94購01,0,0,0,0,0,0,0,0,0,-34000,0,0,0,15000,49000,-34000,-34000
049870,南電兆豐94購01  ,0,0,0,0,0,0,0,0,0,-34000,0,0,0,66000,100000,-34000,-34000
047975,緯創兆豐93購01  ,0,0,0,0,0,0,0,0,0,-34000,0,0,0,76000,110000,-34000,-34000
050687,上銀日盛94購01  ,0,0,0,0,0,0,0,0,0,-34000,0,0,0,47000,81000,-34000,-34000
050548,華固凱基95購01  ,0,0,0,0,0,0,0,0,0,-34000,0,0,0,17000,51000,-34000,-34000
050590,晶技永豐95購01  ,0,0,0,0,0,0,0,0,0,-34000,0,0,0,0,34000,-34000,-34000
051101,台表科元大96購02,0,0,0,0,0,0,0,0,0,-34000,0,0,0,0,34000,-34000,-34000
051213,華新科統一95購01,0,0,0,0,0,0,0,0,0,-34000,0,0,0,97000,131000,-34000,-34000
06174P,國巨元大97售07  ,0,0,0,0,0,0,0,0,0,-34000,0,0,0,7000,41000,-34000,-34000
056018,旺宏群益97購02  ,0,0,0,0,0,0,0,0,0,-34000,0,0,0,0,34000,-34000,-34000
06023P,超眾國票96售03  ,0,0,0,0,0,0,0,0,0,-34000,0,0,0,9000,43000,-34000,-34000
05758P,光罩永豐96售02  ,0,0,0,0,0,0,0,0,0,-34000,0,0,0,11000,45000,-34000,-34000
4999,鑫禾            ,8000,41000,-33000,0,0,0,0,0,0,-1000,0,1000,-1000,0,0,0,-34000
4989,榮科            ,9000,42000,-33000,0,0,0,0,0,0,-1000,0,1000,-1000,0,0,0,-34000
9940,信義            ,16000,49000,-33000,0,0,0,0,0,0,-1000,1000,2000,-1000,0,0,0,-34000
055662,上銀中信99購01  ,0,0,0,0,0,0,0,0,0,-35000,0,0,0,51000,86000,-35000,-35000
055679,華通凱基99購01  ,0,0,0,0,0,0,0,0,0,-35000,0,0,0,5000,40000,-35000,-35000
055435,佳世達中信99購01,0,0,0,0,0,0,0,0,0,-35000,0,0,0,20000,55000,-35000,-35000
055588,瑞昱元大97購03  ,0,0,0,0,0,0,0,0,0,-35000,0,0,0,46000,81000,-35000,-35000
055459,建準永豐97購03  ,0,0,0,0,0,0,0,0,0,-35000,0,0,0,0,35000,-35000,-35000
053996,晶相光群益97購01,0,0,0,0,0,0,0,0,0,-35000,0,0,0,51000,86000,-35000,-35000
054112,台積電麥證96購02,0,0,0,35000,70000,-35000,0,0,0,-35000,0,0,0,35000,70000,-35000,-35000
054132,聯發科元大97購10,0,0,0,0,0,0,0,0,0,-35000,0,0,0,11000,46000,-35000,-35000
054385,矽創群益98購01  ,0,0,0,0,0,0,0,0,0,-35000,0,0,0,0,35000,-35000,-35000
05457P,鴻海凱基95售20  ,0,0,0,0,0,0,0,0,0,-35000,0,0,0,15000,50000,-35000,-35000
054539,欣興國票98購01  ,0,0,0,0,0,0,0,0,0,-35000,0,0,0,15000,50000,-35000,-35000
046715,美律國泰94購01  ,0,0,0,0,0,0,0,0,0,-35000,0,0,0,10000,45000,-35000,-35000
046298,聯發科富邦94購01,0,0,0,0,0,0,0,0,0,-35000,0,0,0,25000,60000,-35000,-35000
046627,高鐵統一95購01  ,0,0,0,0,0,0,0,0,0,-35000,0,0,0,65000,100000,-35000,-35000
04509P,臺股指元大94售04,0,0,0,0,0,0,0,0,0,-35000,0,0,0,0,35000,-35000,-35000
049115,創意統一94購03  ,0,0,0,0,0,0,0,0,0,-35000,0,0,0,0,35000,-35000,-35000
04898P,瑞儀中信95售01  ,0,0,0,0,0,0,0,0,0,-35000,0,0,0,83000,118000,-35000,-35000
049149,華新科元大95購03,0,0,0,0,0,0,0,0,0,-35000,0,0,0,53000,88000,-35000,-35000
03109P,台積電元大01售41,0,0,0,0,0,0,0,0,0,-35000,0,0,0,45000,80000,-35000,-35000
03421B,臺股指元大99熊01,0,0,0,0,0,0,0,0,0,-35000,0,0,0,10000,45000,-35000,-35000
049636,上証反凱基9A購01,0,0,0,0,0,0,0,0,0,-35000,0,0,0,0,35000,-35000,-35000
048040,百和凱基93購07  ,0,0,0,0,0,0,0,0,0,-35000,0,0,0,15000,50000,-35000,-35000
049951,全新群益94購03  ,0,0,0,0,0,0,0,0,0,-35000,0,0,0,10000,45000,-35000,-35000
048495,南亞科元大93購04,0,0,0,0,0,0,0,0,0,-35000,0,0,0,5000,40000,-35000,-35000
051175,國巨凱基95購04  ,0,0,0,0,0,0,0,0,0,-35000,0,0,0,20000,55000,-35000,-35000
05070P,鴻海統一96售04  ,0,0,0,0,0,0,0,0,0,-35000,0,0,0,0,35000,-35000,-35000
050729,聯鈞國票94購01  ,0,0,0,0,0,0,0,0,0,-35000,0,0,0,8000,43000,-35000,-35000
050936,國巨國票95購04  ,0,0,0,0,0,0,0,0,0,-35000,0,0,0,77000,112000,-35000,-35000
052919,鈺齊富邦98購01  ,0,0,0,0,0,0,0,0,0,-35000,0,0,0,2000,37000,-35000,-35000
053093,緯穎元大96購06  ,0,0,0,0,0,0,0,0,0,-35000,0,0,0,74000,109000,-35000,-35000
052061,樺漢國票96購01  ,0,0,0,0,0,0,0,0,0,-35000,0,0,0,0,35000,-35000,-35000
052585,友達永豐97購01  ,0,0,0,0,0,0,0,0,0,-35000,0,0,0,55000,90000,-35000,-35000
3705,永信            ,38000,73000,-35000,0,0,0,0,0,0,0,0,0,0,0,0,0,-35000
2705,六福            ,0,34000,-34000,0,0,0,0,0,0,-1000,0,1000,-1000,0,0,0,-35000
2204,中華            ,122000,155000,-33000,0,0,0,1000,1000,0,-2000,0,2000,-2000,0,0,0,-35000
053755,亞光元富96購01  ,0,0,0,0,0,0,0,0,0,-36000,0,0,0,0,36000,-36000,-36000
055275,台積電元大97購19,0,0,0,0,0,0,0,0,0,-36000,0,0,0,90000,126000,-36000,-36000
05492P,聯茂元大95售02  ,0,0,0,0,0,0,0,0,0,-36000,0,0,0,0,36000,-36000,-36000
04312P,聯茂統一93售02  ,0,0,0,0,0,0,0,0,0,-36000,0,0,0,0,36000,-36000,-36000
04294P,台積電元大95售01,0,0,0,0,0,0,0,0,0,-36000,0,0,0,68000,104000,-36000,-36000
04807P,聯茂元富94售01  ,0,0,0,0,0,0,0,0,0,-36000,0,0,0,10000,46000,-36000,-36000
049969,泰鼎國票95購01  ,0,0,0,0,0,0,0,0,0,-36000,0,0,0,2000,38000,-36000,-36000
048070,聯發科元富99購03,0,0,0,0,0,0,0,0,0,-36000,0,0,0,4000,40000,-36000,-36000
048146,大立光統一93購11,0,0,0,0,0,0,0,0,0,-36000,0,0,0,4000,40000,-36000,-36000
048245,台積電兆豐93購07,0,0,0,0,0,0,0,0,0,-36000,0,0,0,0,36000,-36000,-36000
049554,禾伸堂富邦96購01,0,0,0,0,0,0,0,0,0,-36000,0,0,0,34000,70000,-36000,-36000
048951,宏全永豐94購01  ,0,0,0,0,0,0,0,0,0,-36000,0,0,0,0,36000,-36000,-36000
047519,台達電元大93購02,0,0,0,0,0,0,0,0,0,-36000,0,0,0,0,36000,-36000,-36000
052581,訊芯元富98購01  ,0,0,0,0,0,0,0,0,0,-36000,0,0,0,0,36000,-36000,-36000
053331,玉晶光永豐97購02,0,0,0,0,0,0,0,0,0,-36000,0,0,0,1000,37000,-36000,-36000
053222,聯茂凱基96購03  ,0,0,0,0,0,0,0,0,0,-36000,0,0,0,0,36000,-36000,-36000
052940,玉晶光兆豐97購01,0,0,0,0,0,0,0,0,0,-36000,0,0,0,0,36000,-36000,-36000
051167,京鼎元大95購01  ,0,0,0,0,0,0,0,0,0,-36000,0,0,0,0,36000,-36000,-36000
051153,鴻海國泰97購02  ,0,0,0,0,0,0,0,0,0,-36000,0,0,0,53000,89000,-36000,-36000
051932,康控國票96購02  ,0,0,0,0,0,0,0,0,0,-36000,0,0,0,10000,46000,-36000,-36000
051466,玉晶光富邦97購01,0,0,0,0,0,0,0,0,0,-36000,0,0,0,0,36000,-36000,-36000
054962,玉晶光元大99購02,0,0,0,0,0,0,0,0,0,-37000,0,0,0,13000,50000,-37000,-37000
054881,光罩統一97購01  ,0,0,0,0,0,0,0,0,0,-37000,0,0,0,11000,48000,-37000,-37000
053359,矽力統一96購02  ,0,0,0,0,0,0,0,0,0,-37000,0,0,0,0,37000,-37000,-37000
054069,亞光國泰98購01  ,0,0,0,0,0,0,0,0,0,-37000,0,0,0,109000,146000,-37000,-37000
044353,宏達電元大93購04,0,0,0,0,0,0,0,0,0,-37000,0,0,0,0,37000,-37000,-37000
046858,群創元大94購02  ,0,0,0,0,0,0,0,0,0,-37000,0,0,0,167000,204000,-37000,-37000
045214,上銀元大92購06  ,0,0,0,0,0,0,0,0,0,-37000,0,0,0,23000,60000,-37000,-37000
046489,大立光永昌92購01,0,0,0,0,0,0,0,0,0,-37000,0,0,0,0,37000,-37000,-37000
04667P,臺股指國票94售06,0,0,0,0,0,0,0,0,0,-37000,0,0,0,7000,44000,-37000,-37000
047778,美利達元大93購01,0,0,0,0,0,0,0,0,0,-37000,0,0,0,0,37000,-37000,-37000
049491,聯發科元大95購01,0,0,0,0,0,0,0,0,0,-37000,0,0,0,63000,100000,-37000,-37000
048247,聯發科兆豐93購03,0,0,0,0,0,0,0,0,0,-37000,0,0,0,63000,100000,-37000,-37000
051818,國巨統一95購02  ,0,0,0,0,0,0,0,0,0,-37000,0,0,0,13000,50000,-37000,-37000
051024,南亞科統一95購01,0,0,0,0,0,0,0,0,0,-37000,0,0,0,71000,108000,-37000,-37000
050632,國巨群益94購07  ,0,0,0,0,0,0,0,0,0,-37000,0,0,0,4000,41000,-37000,-37000
052794,群創兆豐97購01  ,0,0,0,0,0,0,0,0,0,-37000,0,0,0,94000,131000,-37000,-37000
052371,元金2X元大95購01,0,0,0,0,0,0,0,0,0,-37000,0,0,0,66000,103000,-37000,-37000
052295,揚明光國票96購03,0,0,0,0,0,0,0,0,0,-37000,0,0,0,0,37000,-37000,-37000
06151P,華新科元大97售07,0,0,0,0,0,0,0,0,0,-37000,0,0,0,88000,125000,-37000,-37000
06058P,玉晶光凱基97售04,0,0,0,0,0,0,0,0,0,-37000,0,0,0,42000,79000,-37000,-37000
06374P,台表科元大97售06,0,0,0,0,0,0,0,0,0,-37000,0,0,0,13000,50000,-37000,-37000
06012P,世芯國票96售01  ,0,0,0,0,0,0,0,0,0,-37000,0,0,0,40000,77000,-37000,-37000
06044P,同欣電永豐96售03,0,0,0,0,0,0,0,0,0,-37000,0,0,0,109000,146000,-37000,-37000
055967,臻鼎元大97購01  ,0,0,0,0,0,0,0,0,0,-37000,0,0,0,0,37000,-37000,-37000
2849,安泰銀          ,4000,41000,-37000,0,0,0,0,0,0,0,0,0,0,0,0,0,-37000
054490,臻鼎台新96購02  ,0,0,0,0,0,0,0,0,0,-38000,0,0,0,0,38000,-38000,-38000
054487,京元電台新97購01,0,0,0,0,0,0,0,0,0,-38000,0,0,0,38000,76000,-38000,-38000
053561,玉晶光國泰98購01,0,0,0,0,0,0,0,0,0,-38000,0,0,0,83000,121000,-38000,-38000
053586,建準元大96購01  ,0,0,0,0,0,0,0,0,0,-38000,0,0,0,88000,126000,-38000,-38000
053989,奇力新兆豐97購01,0,0,0,0,0,0,0,0,0,-38000,0,0,0,35000,73000,-38000,-38000
054669,凌華元富97購01  ,0,0,0,0,0,0,0,0,0,-38000,0,0,0,9000,47000,-38000,-38000
055248,可成統一97購02  ,0,0,0,0,0,0,0,0,0,-38000,0,0,0,10000,48000,-38000,-38000
055245,凱美統一99購01  ,0,0,0,0,0,0,0,0,0,-38000,0,0,0,10000,48000,-38000,-38000
05517P,臻鼎元大96售01  ,0,0,0,0,0,0,0,0,0,-38000,0,0,0,27000,65000,-38000,-38000
055612,台光電國票97購04,0,0,0,0,0,0,0,0,0,-38000,0,0,0,0,38000,-38000,-38000
046955,康舒國票93購01  ,0,0,0,0,0,0,0,0,0,-38000,0,0,0,0,38000,-38000,-38000
04654P,臺股指凱基94售13,0,0,0,0,0,0,0,0,0,-38000,0,0,0,50000,88000,-38000,-38000
044683,聯鈞凱基93購01  ,0,0,0,0,0,0,0,0,0,-38000,0,0,0,97000,135000,-38000,-38000
046005,健策統一92購02  ,0,0,0,0,0,0,0,0,0,-38000,0,0,0,0,38000,-38000,-38000
045429,復盛凱基92購01  ,0,0,0,0,0,0,0,0,0,-38000,0,0,0,0,38000,-38000,-38000
04018P,亞光永豐93售01  ,0,0,0,0,0,0,0,0,0,-38000,0,0,0,5000,43000,-38000,-38000
043912,華新科凱基93購01,0,0,0,0,0,0,0,0,0,-38000,0,0,0,10000,48000,-38000,-38000
03893P,為升凱基93售03  ,0,0,0,0,0,0,0,0,0,-38000,0,0,0,14000,52000,-38000,-38000
050049,華通群益96購01  ,0,0,0,0,0,0,0,0,0,-38000,0,0,0,21000,59000,-38000,-38000
049419,欣興凱基94購04  ,0,0,0,0,0,0,0,0,0,-38000,0,0,0,30000,68000,-38000,-38000
048688,瑞昱群益94購01  ,0,0,0,0,0,0,0,0,0,-38000,0,0,0,10000,48000,-38000,-38000
049217,智邦國票95購01  ,0,0,0,0,0,0,0,0,0,-38000,0,0,0,1000,39000,-38000,-38000
048703,康控國票95購01  ,0,0,0,0,0,0,0,0,0,-38000,0,0,0,0,38000,-38000,-38000
052312,美律富邦96購02  ,0,0,0,0,0,0,0,0,0,-38000,0,0,0,70000,108000,-38000,-38000
052349,鴻海統一95購15  ,0,0,0,0,0,0,0,0,0,-38000,0,0,0,10000,48000,-38000,-38000
052596,群創群益98購05  ,0,0,0,0,0,0,0,0,0,-38000,0,0,0,64000,102000,-38000,-38000
052432,康友永豐95購04  ,0,0,0,0,0,0,0,0,0,-38000,0,0,0,0,38000,-38000,-38000
052470,華新科亞東97購01,0,0,0,0,0,0,0,0,0,-38000,0,0,0,0,38000,-38000,-38000
053136,彩晶國票97購01  ,0,0,0,0,0,0,0,0,0,-38000,0,0,0,0,38000,-38000,-38000
050735,亞光台新94購01  ,0,0,0,0,0,0,0,0,0,-38000,0,0,0,0,38000,-38000,-38000
050854,世紀鋼國票97購01,0,0,0,0,0,0,0,0,0,-38000,0,0,0,17000,55000,-38000,-38000
051997,康友元大95購02  ,0,0,0,0,0,0,0,0,0,-38000,0,0,0,92000,130000,-38000,-38000
051420,康控國票95購05  ,0,0,0,0,0,0,0,0,0,-38000,0,0,0,0,38000,-38000,-38000
051566,鴻海富邦95購05  ,0,0,0,0,0,0,0,0,0,-38000,0,0,0,37000,75000,-38000,-38000
8028,昇陽半導體      ,246000,248000,-2000,0,0,0,0,0,0,-36000,6000,3000,3000,17000,56000,-39000,-38000
1339,昭輝            ,96000,134000,-38000,0,0,0,0,0,0,0,0,0,0,0,0,0,-38000
055310,聯詠群益97購02  ,0,0,0,0,0,0,0,0,0,-39000,0,0,0,5000,44000,-39000,-39000
055080,正崴中信99購01  ,0,0,0,0,0,0,0,0,0,-39000,0,0,0,21000,60000,-39000,-39000
053823,茂林群益96購06  ,0,0,0,0,0,0,0,0,0,-39000,0,0,0,3000,42000,-39000,-39000
03751P,旺宏富邦95售01  ,0,0,0,0,0,0,0,0,0,-39000,0,0,0,6000,45000,-39000,-39000
043908,鴻海凱基93購02  ,0,0,0,0,0,0,0,0,0,-39000,0,0,0,5000,44000,-39000,-39000
03970P,奇鋐國票93售01  ,0,0,0,0,0,0,0,0,0,-39000,0,0,0,31000,70000,-39000,-39000
046881,智原富邦99購01  ,0,0,0,0,0,0,0,0,0,-39000,0,0,0,10000,49000,-39000,-39000
04889P,華通元大94售03  ,0,0,0,0,0,0,0,0,0,-39000,0,0,0,61000,100000,-39000,-39000
047013,超眾元富96購01  ,0,0,0,0,0,0,0,0,0,-39000,0,0,0,31000,70000,-39000,-39000
047393,景碩元大93購02  ,0,0,0,0,0,0,0,0,0,-39000,0,0,0,17000,56000,-39000,-39000
052011,欣興中信96購01  ,0,0,0,0,0,0,0,0,0,-39000,0,0,0,0,39000,-39000,-39000
05192P,玉晶光台新96售02,0,0,0,0,0,0,0,0,0,-39000,0,0,0,3000,42000,-39000,-39000
050595,緯穎永豐94購03  ,0,0,0,0,0,0,0,0,0,-39000,0,0,0,0,39000,-39000,-39000
051026,健策統一96購01  ,0,0,0,0,0,0,0,0,0,-39000,0,0,0,0,39000,-39000,-39000
051108,鴻海統一96購02  ,0,0,0,0,0,0,0,0,0,-39000,0,0,0,22000,61000,-39000,-39000
05131P,聯詠統一97售01  ,0,0,0,0,0,0,0,0,0,-39000,0,0,0,70000,109000,-39000,-39000
06409P,康友元富97售03  ,0,0,0,0,0,0,0,0,0,-39000,0,0,0,0,39000,-39000,-39000
06154P,超眾元大98售01  ,0,0,0,0,0,0,0,0,0,-39000,0,0,0,47000,86000,-39000,-39000
06213P,大立光元大98售07,0,0,0,0,0,0,0,0,0,-39000,0,0,0,0,39000,-39000,-39000
06008P,燿華統一96售04  ,0,0,0,0,0,0,0,0,0,-39000,0,0,0,0,39000,-39000,-39000
8033,雷虎            ,0,38000,-38000,0,0,0,0,0,0,-1000,0,1000,-1000,0,0,0,-39000
4952,凌通            ,5000,44000,-39000,0,0,0,0,0,0,0,0,0,0,0,0,0,-39000
4572,駐龍            ,0,34000,-34000,0,0,0,0,0,0,-5000,0,5000,-5000,0,0,0,-39000
4763,材料-KY         ,38000,87000,-49000,0,0,0,10000,0,10000,0,0,0,0,0,0,0,-39000
2939,凱羿-KY         ,3000,42000,-39000,0,0,0,0,0,0,0,0,0,0,0,0,0,-39000
3209,全科            ,48000,87000,-39000,0,0,0,0,0,0,0,0,0,0,0,0,0,-39000
8480,泰昇-KY         ,2000,41000,-39000,0,0,0,0,0,0,0,0,0,0,0,0,0,-39000
4104,佳醫            ,25000,64475,-39475,0,0,0,0,0,0,0,0,0,0,0,0,0,-39475
053961,揚明光永豐96購04,0,0,0,0,0,0,0,0,0,-40000,0,0,0,10000,50000,-40000,-40000
054338,全新統一96購01  ,0,0,0,0,0,0,0,0,0,-40000,0,0,0,20000,60000,-40000,-40000
054530,台光電國泰97購03,0,0,0,0,0,0,0,0,0,-40000,0,0,0,0,40000,-40000,-40000
054538,台光電國票98購01,0,0,0,0,0,0,0,0,0,-40000,0,0,0,0,40000,-40000,-40000
05415P,台積電台新95售04,0,0,0,0,0,0,0,0,0,-40000,0,0,0,10000,50000,-40000,-40000
054266,緯穎元大96購07  ,0,0,0,0,0,0,0,0,0,-40000,0,0,0,40000,80000,-40000,-40000
054262,瀚宇博元大96購03,0,0,0,0,0,0,0,0,0,-40000,0,0,0,15000,55000,-40000,-40000
054817,聯發科元大97購13,0,0,0,0,0,0,0,0,0,-40000,0,0,0,0,40000,-40000,-40000
054870,新日興群益98購01,0,0,0,0,0,0,0,0,0,-40000,0,0,0,10000,50000,-40000,-40000
054920,智原凱基98購01  ,0,0,0,0,0,0,0,0,0,-40000,0,0,0,0,40000,-40000,-40000
055853,群創元大98購03  ,0,0,0,0,0,0,0,0,0,-40000,0,0,0,0,40000,-40000,-40000
055902,同欣電中信99購01,0,0,0,0,0,0,0,0,0,-40000,0,0,0,0,40000,-40000,-40000
046814,鴻海凱基93購20  ,0,0,0,0,0,0,0,0,0,-40000,0,0,0,10000,50000,-40000,-40000
042281,元油2X富邦96購02,0,0,0,0,0,0,0,0,0,-40000,0,0,0,0,40000,-40000,-40000
04203P,超眾元大93售04  ,0,0,0,0,0,0,0,0,0,-40000,0,0,0,5000,45000,-40000,-40000
04230P,臺股指中信95售06,0,0,0,0,0,0,0,0,0,-40000,0,0,0,254000,294000,-40000,-40000
045638,強茂凱基93購02  ,0,0,0,0,0,0,0,0,0,-40000,0,0,0,0,40000,-40000,-40000
04008P,京元電國票93售01,0,0,0,0,0,0,0,0,0,-40000,0,0,0,0,40000,-40000,-40000
042904,金寶元大94購02  ,0,0,0,0,0,0,0,0,0,-40000,0,0,0,0,40000,-40000,-40000
04189P,台積電兆豐94售02,0,0,0,0,0,0,0,0,0,-40000,0,0,0,0,40000,-40000,-40000
043538,元石油國票97購01,0,0,0,0,0,0,0,0,0,-40000,0,0,0,0,40000,-40000,-40000
043391,康控元大94購01  ,0,0,0,0,0,0,0,0,0,-40000,0,0,0,60000,100000,-40000,-40000
044039,康控群益93購01  ,0,0,0,0,0,0,0,0,0,-40000,0,0,0,0,40000,-40000,-40000
045223,潤泰全元大93購01,0,0,0,0,0,0,0,0,0,-40000,0,0,0,0,40000,-40000,-40000
045511,同欣電凱基92購02,0,0,0,0,0,0,0,0,0,-40000,0,0,0,0,40000,-40000,-40000
044963,台積電中信96購01,0,0,0,0,0,0,0,0,0,-40000,0,0,0,0,40000,-40000,-40000
049399,台光電群益94購02,0,0,0,0,0,0,0,0,0,-40000,0,0,0,0,40000,-40000,-40000
049386,嘉聯益元大95購01,0,0,0,0,0,0,0,0,0,-40000,0,0,0,0,40000,-40000,-40000
045957,技嘉凱基93購03  ,0,0,0,0,0,0,0,0,0,-40000,0,0,0,10000,50000,-40000,-40000
044711,台郡元大93購01  ,0,0,0,0,0,0,0,0,0,-40000,0,0,0,2000,42000,-40000,-40000
045759,T50反1統一94購02,0,0,0,0,0,0,0,0,0,-40000,0,0,0,0,40000,-40000,-40000
046620,智伸科凱基93購01,0,0,0,0,0,0,0,0,0,-40000,0,0,0,10000,50000,-40000,-40000
047372,創意國票94購01  ,0,0,0,0,0,0,0,0,0,-40000,0,0,0,0,40000,-40000,-40000
047365,隆達群益93購01  ,0,0,0,0,0,0,0,0,0,-40000,0,0,0,120000,160000,-40000,-40000
049884,訊芯永豐94購01  ,0,0,0,0,0,0,0,0,0,-40000,0,0,0,0,40000,-40000,-40000
049902,大立光元富94購05,0,0,0,0,0,0,0,0,0,-40000,0,0,0,0,40000,-40000,-40000
048351,旺宏台新94購02  ,0,0,0,0,0,0,0,0,0,-40000,0,0,0,10000,50000,-40000,-40000
048717,鴻海永豐94購02  ,0,0,0,0,0,0,0,0,0,-40000,0,0,0,0,40000,-40000,-40000
049306,元油2X凱基96購01,0,0,0,0,0,0,0,0,0,-40000,0,0,0,12000,52000,-40000,-40000
047809,瑞昱凱基93購08  ,0,0,0,0,0,0,0,0,0,-40000,0,0,0,21000,61000,-40000,-40000
049224,致新國票95購01  ,0,0,0,0,0,0,0,0,0,-40000,0,0,0,0,40000,-40000,-40000
048793,超眾元大95購02  ,0,0,0,0,0,0,0,0,0,-40000,0,0,0,0,40000,-40000,-40000
04875P,台積電中信94售04,0,0,0,0,0,0,0,0,0,-40000,0,0,0,40000,80000,-40000,-40000
047829,旺宏元大93購06  ,0,0,0,0,0,0,0,0,0,-40000,0,0,0,0,40000,-40000,-40000
047087,亞泥元富93購01  ,0,0,0,0,0,0,0,0,0,-40000,0,0,0,0,40000,-40000,-40000
050012,台積電國泰95購03,0,0,0,0,0,0,0,0,0,-40000,0,0,0,0,40000,-40000,-40000
047144,華通群益94購01  ,0,0,0,0,0,0,0,0,0,-40000,0,0,0,30000,70000,-40000,-40000
048341,全新元大94購03  ,0,0,0,0,0,0,0,0,0,-40000,0,0,0,20000,60000,-40000,-40000
047200,鴻海元富93購04  ,0,0,0,0,0,0,0,0,0,-40000,0,0,0,10000,50000,-40000,-40000
050099,台積電永昌96購01,0,0,0,0,0,0,0,0,0,-40000,0,0,0,0,40000,-40000,-40000
050423,鴻海凱基96購02  ,0,0,0,0,0,0,0,0,0,-40000,0,0,0,0,40000,-40000,-40000
051162,楠梓電元大95購01,0,0,0,0,0,0,0,0,0,-40000,0,0,0,60000,100000,-40000,-40000
051183,建準永豐95購02  ,0,0,0,0,0,0,0,0,0,-40000,0,0,0,0,40000,-40000,-40000
05106P,鴻海永豐95售02  ,0,0,0,0,0,0,0,0,0,-40000,0,0,0,0,40000,-40000,-40000
05068P,鴻海統一95售06  ,0,0,0,0,0,0,0,0,0,-40000,0,0,0,92000,132000,-40000,-40000
050696,台光電凱基96購01,0,0,0,0,0,0,0,0,0,-40000,0,0,0,0,40000,-40000,-40000
050885,T50反1富邦95購01,0,0,0,0,0,0,0,0,0,-40000,0,0,0,1000,41000,-40000,-40000
051704,智邦群益95購02  ,0,0,0,0,0,0,0,0,0,-40000,0,0,0,11000,51000,-40000,-40000
051626,可成麥證95購02  ,0,0,0,0,40000,-40000,0,0,0,-40000,0,0,0,0,40000,-40000,-40000
051512,超眾麥證95購01  ,0,0,0,0,40000,-40000,0,0,0,-40000,0,0,0,0,40000,-40000,-40000
053094,聯電統一97購02  ,0,0,0,0,0,0,0,0,0,-40000,0,0,0,20000,60000,-40000,-40000
053187,國巨統一96購05  ,0,0,0,0,0,0,0,0,0,-40000,0,0,0,15000,55000,-40000,-40000
053206,聯發科麥證96購02,0,0,0,0,40000,-40000,0,0,0,-40000,0,0,0,0,40000,-40000,-40000
05313P,臺股指群益95售12,0,0,0,0,0,0,0,0,0,-40000,0,0,0,4000,44000,-40000,-40000
052934,中磊元大96購01  ,0,0,0,0,0,0,0,0,0,-40000,0,0,0,42000,82000,-40000,-40000
052957,T50反1凱基99購01,0,0,0,0,0,0,0,0,0,-40000,0,0,0,0,40000,-40000,-40000
053056,同欣電國票97購01,0,0,0,0,0,0,0,0,0,-40000,0,0,0,0,40000,-40000,-40000
052424,泰碩國票97購01  ,0,0,0,0,0,0,0,0,0,-40000,0,0,0,0,40000,-40000,-40000
052514,嘉澤凱基96購01  ,0,0,0,0,0,0,0,0,0,-40000,0,0,0,10000,50000,-40000,-40000
052635,奇力新凱基98購01,0,0,0,0,0,0,0,0,0,-40000,0,0,0,0,40000,-40000,-40000
052710,玉晶光日盛96購01,0,0,0,0,0,0,0,0,0,-40000,0,0,0,0,40000,-40000,-40000
052379,鈺齊元大95購04  ,0,0,0,0,0,0,0,0,0,-40000,0,0,0,11000,51000,-40000,-40000
052142,滬深2X群益99購04,0,0,0,0,0,0,0,0,0,-40000,0,0,0,10000,50000,-40000,-40000
4155,訊映            ,78000,115000,-37000,0,0,0,0,0,0,-3000,0,3000,-3000,0,0,0,-40000
4766,南寶            ,17000,52000,-35000,0,0,0,0,0,0,-5000,0,0,0,0,5000,-5000,-40000
2417,圓剛            ,5000,45000,-40000,0,0,0,0,0,0,0,0,0,0,0,0,0,-40000
2405,浩鑫            ,19000,58000,-39000,0,0,0,0,0,0,-1000,0,1000,-1000,0,0,0,-40000
2485,兆赫            ,69000,182000,-113000,0,0,0,0,0,0,73000,4000,2000,2000,72000,1000,71000,-40000
911868,同方友友-DR     ,0,40000,-40000,0,0,0,0,0,0,0,0,0,0,0,0,0,-40000
055975,鴻海統一98購05  ,0,0,0,0,0,0,0,0,0,-40000,0,0,0,0,40000,-40000,-40000
056016,鴻海群益97購06  ,0,0,0,0,0,0,0,0,0,-40000,0,0,0,16000,56000,-40000,-40000
06096P,全新永豐97售02  ,0,0,0,0,0,0,0,0,0,-40000,0,0,0,75000,115000,-40000,-40000
07240P,台灣50台新94售01,0,0,0,0,0,0,0,0,0,-40000,0,0,0,0,40000,-40000,-40000
06343P,臺股指統一98售01,0,0,0,0,0,0,0,0,0,-40000,0,0,0,0,40000,-40000,-40000
1515,力山            ,273000,327000,-54000,0,0,0,0,0,0,14000,1000,2000,-1000,40000,25000,15000,-40000
1455,集盛            ,14000,53000,-39000,0,0,0,0,0,0,-1000,0,1000,-1000,0,0,0,-40000
055229,大毅國票97購02  ,0,0,0,0,0,0,0,0,0,-41000,0,0,0,3000,44000,-41000,-41000
05527P,聯茂群益96售01  ,0,0,0,0,0,0,0,0,0,-41000,0,0,0,0,41000,-41000,-41000
054143,茂林元大96購04  ,0,0,0,0,0,0,0,0,0,-41000,0,0,0,20000,61000,-41000,-41000
054089,台積電群益96購11,0,0,0,0,0,0,0,0,0,-41000,0,0,0,14000,55000,-41000,-41000
054023,和大康和96購01  ,0,0,0,0,0,0,0,0,0,-41000,0,0,0,27000,68000,-41000,-41000
054509,上証反元大99購01,0,0,0,0,0,0,0,0,0,-41000,0,0,0,5000,46000,-41000,-41000
053971,聯發科元大97購09,0,0,0,0,0,0,0,0,0,-41000,0,0,0,210000,251000,-41000,-41000
053955,華通永豐96購04  ,0,0,0,0,0,0,0,0,0,-41000,0,0,0,27000,68000,-41000,-41000
053697,臻鼎元大96購02  ,0,0,0,0,0,0,0,0,0,-41000,0,0,0,49000,90000,-41000,-41000
053430,樺漢永豐96購01  ,0,0,0,0,0,0,0,0,0,-41000,0,0,0,4000,45000,-41000,-41000
05345P,臺股指統一95售05,0,0,0,0,0,0,0,0,0,-41000,0,0,0,1000,42000,-41000,-41000
044408,聯茂凱基93購02  ,0,0,0,0,0,0,0,0,0,-41000,0,0,0,30000,71000,-41000,-41000
044717,旺宏統一94購01  ,0,0,0,0,0,0,0,0,0,-41000,0,0,0,26000,67000,-41000,-41000
045233,神基日盛92購01  ,0,0,0,0,0,0,0,0,0,-41000,0,0,0,9000,50000,-41000,-41000
04395P,台積電群益94售06,0,0,0,0,0,0,0,0,0,-41000,0,0,0,0,41000,-41000,-41000
03025P,國巨元大01售12  ,0,0,0,0,0,0,0,0,0,-41000,0,0,0,0,41000,-41000,-41000
042317,台灣50永豐96購01,0,0,0,0,0,0,0,0,0,-41000,0,0,0,75000,116000,-41000,-41000
048105,滬深2X群益99購02,0,0,0,0,0,0,0,0,0,-41000,0,0,0,0,41000,-41000,-41000
049966,旺宏國票95購02  ,0,0,0,0,0,0,0,0,0,-41000,0,0,0,0,41000,-41000,-41000
048941,牧德永豐94購02  ,0,0,0,0,0,0,0,0,0,-41000,0,0,0,69000,110000,-41000,-41000
052707,景碩台新96購01  ,0,0,0,0,0,0,0,0,0,-41000,0,0,0,20000,61000,-41000,-41000
053281,茂林元大96購02  ,0,0,0,0,0,0,0,0,0,-41000,0,0,0,150000,191000,-41000,-41000
051753,華通元大96購03  ,0,0,0,0,0,0,0,0,0,-41000,0,0,0,0,41000,-41000,-41000
052029,矽力群益95購02  ,0,0,0,0,0,0,0,0,0,-41000,0,0,0,0,41000,-41000,-41000
06340P,鴻海統一98售06  ,0,0,0,0,0,0,0,0,0,-41000,0,0,0,14000,55000,-41000,-41000
05593P,鴻海國票97售03  ,0,0,0,0,0,0,0,0,0,-41000,0,0,0,0,41000,-41000,-41000
056075,瀚宇博元大97購03,0,0,0,0,0,0,0,0,0,-41000,0,0,0,34000,75000,-41000,-41000
05664P,國巨凱基96售09  ,0,0,0,0,0,0,0,0,0,-41000,0,0,0,0,41000,-41000,-41000
05700P,臻鼎凱基96售02  ,0,0,0,0,0,0,0,0,0,-41000,0,0,0,5000,46000,-41000,-41000
05718P,國巨元大96售09  ,0,0,0,0,0,0,0,0,0,-41000,0,0,0,6000,47000,-41000,-41000
05844P,旺宏元大96售07  ,0,0,0,0,0,0,0,0,0,-41000,0,0,0,155000,196000,-41000,-41000
2852,第一保          ,2000,43000,-41000,0,0,0,0,0,0,0,0,0,0,0,0,0,-41000
3530,晶相光          ,368000,331000,37000,0,0,0,0,0,0,-78000,2000,47000,-45000,4000,37000,-33000,-41000
053880,智邦中信96購01  ,0,0,0,0,0,0,0,0,0,-42000,0,0,0,10000,52000,-42000,-42000
054651,台化麥證97購01  ,0,0,0,0,42000,-42000,0,0,0,-42000,0,0,0,0,42000,-42000,-42000
054389,為升元富96購02  ,0,0,0,0,0,0,0,0,0,-42000,0,0,0,0,42000,-42000,-42000
055158,亞光元大99購01  ,0,0,0,0,0,0,0,0,0,-42000,0,0,0,10000,52000,-42000,-42000
055199,國喬群益97購01  ,0,0,0,0,0,0,0,0,0,-42000,0,0,0,0,42000,-42000,-42000
054774,同欣電國票98購01,0,0,0,0,0,0,0,0,0,-42000,0,0,0,26000,68000,-42000,-42000
054727,台積電日盛97購02,0,0,0,0,0,0,0,0,0,-42000,0,0,0,15000,57000,-42000,-42000
055698,茂林國票98購03  ,0,0,0,0,0,0,0,0,0,-42000,0,0,0,201000,243000,-42000,-42000
055330,上銀兆豐98購02  ,0,0,0,0,0,0,0,0,0,-42000,0,0,0,7000,49000,-42000,-42000
055529,華邦電群益97購02,0,0,0,0,0,0,0,0,0,-42000,0,0,0,11000,53000,-42000,-42000
04083P,欣興統一94售01  ,0,0,0,0,0,0,0,0,0,-42000,0,0,0,0,42000,-42000,-42000
043909,台光電凱基93購01,0,0,0,0,0,0,0,0,0,-42000,0,0,0,0,42000,-42000,-42000
03947P,新光金國泰94售01,0,0,0,0,0,0,0,0,0,-42000,0,0,0,0,42000,-42000,-42000
049121,元油2X元富94購06,0,0,0,0,0,0,0,0,0,-42000,0,0,0,5000,47000,-42000,-42000
049048,玉晶光台新94購01,0,0,0,0,0,0,0,0,0,-42000,0,0,0,94000,136000,-42000,-42000
04765P,宏達電永豐94售02,0,0,0,0,0,0,0,0,0,-42000,0,0,0,0,42000,-42000,-42000
05035P,聯發科元大95售06,0,0,0,0,0,0,0,0,0,-42000,0,0,0,608000,650000,-42000,-42000
051735,台積電國票96購06,0,0,0,0,0,0,0,0,0,-42000,0,0,0,60000,102000,-42000,-42000
051859,劍麟凱基96購01  ,0,0,0,0,0,0,0,0,0,-42000,0,0,0,8000,50000,-42000,-42000
05160P,國巨國票96售03  ,0,0,0,0,0,0,0,0,0,-42000,0,0,0,0,42000,-42000,-42000
050915,健策中信98購01  ,0,0,0,0,0,0,0,0,0,-42000,0,0,0,48000,90000,-42000,-42000
051317,亞德客國票96購01,0,0,0,0,0,0,0,0,0,-42000,0,0,0,0,42000,-42000,-42000
051288,可成統一95購03  ,0,0,0,0,0,0,0,0,0,-42000,0,0,0,307000,349000,-42000,-42000
053204,旺宏麥證96購01  ,0,0,0,0,42000,-42000,0,0,0,-42000,0,0,0,0,42000,-42000,-42000
052966,光磊群益96購01  ,0,0,0,0,0,0,0,0,0,-42000,0,0,0,20000,62000,-42000,-42000
052876,GIS凱基96購03   ,0,0,0,0,0,0,0,0,0,-42000,0,0,0,0,42000,-42000,-42000
052612,康舒元大97購01  ,0,0,0,0,0,0,0,0,0,-42000,0,0,0,30000,72000,-42000,-42000
5285,界霖            ,53000,95000,-42000,0,0,0,0,0,0,0,0,0,0,0,0,0,-42000
6177,達麗            ,76000,116000,-40000,0,0,0,0,0,0,-2000,0,2000,-2000,0,0,0,-42000
05986P,大立光統一97售03,0,0,0,0,0,0,0,0,0,-42000,0,0,0,68000,110000,-42000,-42000
05877P,大立光群益96售06,0,0,0,0,0,0,0,0,0,-42000,0,0,0,20000,62000,-42000,-42000
06104P,大立光凱基97售04,0,0,0,0,0,0,0,0,0,-42000,0,0,0,0,42000,-42000,-42000
054968,佐登元大97購01  ,0,0,0,0,0,0,0,0,0,-43000,0,0,0,6000,49000,-43000,-43000
055183,聯鈞統一97購01  ,0,0,0,0,0,0,0,0,0,-43000,0,0,0,53000,96000,-43000,-43000
055258,玉晶光統一97購03,0,0,0,0,0,0,0,0,0,-43000,0,0,0,94000,137000,-43000,-43000
049005,可成中信95購01  ,0,0,0,0,0,0,0,0,0,-43000,0,0,0,5000,48000,-43000,-43000
04615P,華新科群益94售03,0,0,0,0,0,0,0,0,0,-43000,0,0,0,0,43000,-43000,-43000
03416B,臺股指凱基95熊05,0,0,0,0,0,0,0,0,0,-43000,0,0,0,62000,105000,-43000,-43000
03869P,和大群益93售02  ,0,0,0,0,0,0,0,0,0,-43000,0,0,0,0,43000,-43000,-43000
04566P,GIS凱基94售04   ,0,0,0,0,0,0,0,0,0,-43000,0,0,0,10000,53000,-43000,-43000
047098,大毅國泰94購01  ,0,0,0,0,0,0,0,0,0,-43000,0,0,0,0,43000,-43000,-43000
048634,華通元大94購01  ,0,0,0,0,0,0,0,0,0,-43000,0,0,0,93000,136000,-43000,-43000
047536,正崴日盛93購01  ,0,0,0,0,0,0,0,0,0,-43000,0,0,0,94000,137000,-43000,-43000
04993P,上銀兆豐96售01  ,0,0,0,0,0,0,0,0,0,-43000,0,0,0,588000,631000,-43000,-43000
048758,美利達元富96購02,0,0,0,0,0,0,0,0,0,-43000,0,0,0,10000,53000,-43000,-43000
052484,矽創群益95購02  ,0,0,0,0,0,0,0,0,0,-43000,0,0,0,0,43000,-43000,-43000
052053,泰鼎凱基96購01  ,0,0,0,0,0,0,0,0,0,-43000,0,0,0,180000,223000,-43000,-43000
052133,華邦電凱基9B購01,0,0,0,0,0,0,0,0,0,-43000,0,0,0,11000,54000,-43000,-43000
052343,同欣電凱基95購03,0,0,0,0,0,0,0,0,0,-43000,0,0,0,35000,78000,-43000,-43000
050577,美律國票94購03  ,0,0,0,0,0,0,0,0,0,-43000,0,0,0,5000,48000,-43000,-43000
051426,道瓊反統一95購02,0,0,0,0,0,0,0,0,0,-43000,0,0,0,0,43000,-43000,-43000
052028,健策群益95購02  ,0,0,0,0,0,0,0,0,0,-43000,0,0,0,6000,49000,-43000,-43000
1437,勤益控          ,3000,45000,-42000,0,0,0,0,0,0,-1000,0,1000,-1000,0,0,0,-43000
1711,永光            ,46000,87000,-41000,0,0,0,0,0,0,-2000,0,2000,-2000,0,0,0,-43000
06042P,華新科永豐96售04,0,0,0,0,0,0,0,0,0,-43000,0,0,0,83000,126000,-43000,-43000
055943,瑞昱麥證97購01  ,0,0,0,3000,53000,-50000,0,0,0,-43000,0,0,0,13000,56000,-43000,-43000
8070,長華*           ,7000,55000,-48000,0,0,0,0,0,0,5000,5000,0,5000,0,0,0,-43000
055407,祥碩國泰98購01  ,0,0,0,0,0,0,0,0,0,-44000,0,0,0,11000,55000,-44000,-44000
053806,鎧勝凱基96購02  ,0,0,0,0,0,0,0,0,0,-44000,0,0,0,9000,53000,-44000,-44000
053602,台虹元大96購01  ,0,0,0,0,0,0,0,0,0,-44000,0,0,0,62000,106000,-44000,-44000
049020,可成群益94購02  ,0,0,0,0,0,0,0,0,0,-44000,0,0,0,0,44000,-44000,-44000
047095,聯詠麥證93購01  ,0,0,0,10000,54000,-44000,0,0,0,-44000,0,0,0,10000,54000,-44000,-44000
050240,聯發科凱基94購13,0,0,0,0,0,0,0,0,0,-44000,0,0,0,25000,69000,-44000,-44000
051991,泰碩元大95購02  ,0,0,0,0,0,0,0,0,0,-44000,0,0,0,26000,70000,-44000,-44000
051781,緯穎群益96購01  ,0,0,0,0,0,0,0,0,0,-44000,0,0,0,48000,92000,-44000,-44000
052276,力成群益96購01  ,0,0,0,0,0,0,0,0,0,-44000,0,0,0,11000,55000,-44000,-44000
052542,友達元富98購01  ,0,0,0,0,0,0,0,0,0,-44000,0,0,0,0,44000,-44000,-44000
053251,世紀鋼國票97購02,0,0,0,0,0,0,0,0,0,-44000,0,0,0,0,44000,-44000,-44000
3167,大量            ,14000,58000,-44000,0,0,0,0,0,0,0,0,0,0,0,0,0,-44000
2530,華建            ,5000,48000,-43000,0,0,0,0,0,0,-1000,0,1000,-1000,0,0,0,-44000
05793P,臺股指中信99售08,0,0,0,0,0,0,0,0,0,-44000,0,0,0,0,44000,-44000,-44000
053761,健策國泰98購01  ,0,0,0,0,0,0,0,0,0,-45000,0,0,0,198000,243000,-45000,-45000
054508,臺股指永豐96購04,0,0,0,0,0,0,0,0,0,-45000,0,0,0,10000,55000,-45000,-45000
054151,瑞昱國泰97購01  ,0,0,0,0,0,0,0,0,0,-45000,0,0,0,53000,98000,-45000,-45000
055505,新唐元大97購02  ,0,0,0,0,0,0,0,0,0,-45000,0,0,0,0,45000,-45000,-45000
055556,奇力新凱基98購03,0,0,0,0,0,0,0,0,0,-45000,0,0,0,0,45000,-45000,-45000
05583P,訊芯凱基96售01  ,0,0,0,0,0,0,0,0,0,-45000,0,0,0,100000,145000,-45000,-45000
055296,康舒元大97購02  ,0,0,0,0,0,0,0,0,0,-45000,0,0,0,101000,146000,-45000,-45000
055001,京鼎元富97購01  ,0,0,0,0,0,0,0,0,0,-45000,0,0,0,5000,50000,-45000,-45000
054677,智易台新98購02  ,0,0,0,0,0,0,0,0,0,-45000,0,0,0,18000,63000,-45000,-45000
048979,晶相光元大94購03,0,0,0,0,0,0,0,0,0,-45000,0,0,0,3000,48000,-45000,-45000
049414,台積電凱基94購18,0,0,0,0,0,0,0,0,0,-45000,0,0,0,170000,215000,-45000,-45000
045344,可成凱基92購06  ,0,0,0,0,0,0,0,0,0,-45000,0,0,0,10000,55000,-45000,-45000
044514,亞光凱基93購02  ,0,0,0,0,0,0,0,0,0,-45000,0,0,0,10000,55000,-45000,-45000
045762,微星統一92購01  ,0,0,0,0,0,0,0,0,0,-45000,0,0,0,30000,75000,-45000,-45000
044930,元黃金富邦93購01,0,0,0,0,0,0,0,0,0,-45000,0,0,0,0,45000,-45000,-45000
044437,台郡元大92購02  ,0,0,0,0,0,0,0,0,0,-45000,0,0,0,5000,50000,-45000,-45000
046945,大毅元大93購01  ,0,0,0,0,0,0,0,0,0,-45000,0,0,0,0,45000,-45000,-45000
046531,臻鼎兆豐92購02  ,0,0,0,0,0,0,0,0,0,-45000,0,0,0,0,45000,-45000,-45000
00717,富邦美國特別股  ,0,0,0,0,0,0,0,0,0,-45000,0,0,0,525000,570000,-45000,-45000
00757,統一FANG+       ,0,0,0,0,0,0,0,0,0,-45000,0,0,0,212000,257000,-45000,-45000
050290,南亞科凱基94購06,0,0,0,0,0,0,0,0,0,-45000,0,0,0,30000,75000,-45000,-45000
049948,聯發科麥證94購01,0,0,0,10000,55000,-45000,0,0,0,-45000,0,0,0,10000,55000,-45000,-45000
048533,景碩國票94購01  ,0,0,0,0,0,0,0,0,0,-45000,0,0,0,0,45000,-45000,-45000
048744,儒鴻元富97購01  ,0,0,0,0,0,0,0,0,0,-45000,0,0,0,0,45000,-45000,-45000
049896,聯發科統一94購06,0,0,0,0,0,0,0,0,0,-45000,0,0,0,3000,48000,-45000,-45000
048001,中工元大96購01  ,0,0,0,0,0,0,0,0,0,-45000,0,0,0,300000,345000,-45000,-45000
047614,台郡群益93購02  ,0,0,0,0,0,0,0,0,0,-45000,0,0,0,10000,55000,-45000,-45000
047940,台光電國票93購01,0,0,0,0,0,0,0,0,0,-45000,0,0,0,5000,50000,-45000,-45000
052480,麗豐群益95購01  ,0,0,0,0,0,0,0,0,0,-45000,0,0,0,0,45000,-45000,-45000
051729,華新國票96購01  ,0,0,0,0,0,0,0,0,0,-45000,0,0,0,49000,94000,-45000,-45000
051923,聯發科日盛95購02,0,0,0,0,0,0,0,0,0,-45000,0,0,0,10000,55000,-45000,-45000
051574,鴻海元大96購06  ,0,0,0,0,0,0,0,0,0,-45000,0,0,0,5000,50000,-45000,-45000
051555,聯茂永豐95購01  ,0,0,0,0,0,0,0,0,0,-45000,0,0,0,0,45000,-45000,-45000
4576,大銀微系統      ,9000,53000,-44000,0,0,0,0,0,0,-1000,0,1000,-1000,0,0,0,-45000
054288,華邦電元大96購05,0,0,0,0,0,0,0,0,0,-46000,0,0,0,3000,49000,-46000,-46000
053736,友達麥證96購01  ,0,0,0,0,46000,-46000,0,0,0,-46000,0,0,0,0,46000,-46000,-46000
053428,中磊永豐96購02  ,0,0,0,0,0,0,0,0,0,-46000,0,0,0,10000,56000,-46000,-46000
00731,FH富時高息低波  ,0,0,0,0,0,0,0,0,0,-46000,0,0,0,264000,310000,-46000,-46000
046862,台郡元大94購01  ,0,0,0,0,0,0,0,0,0,-46000,0,0,0,4000,50000,-46000,-46000
044614,聯茂兆豐92購02  ,0,0,0,0,0,0,0,0,0,-46000,0,0,0,1000,47000,-46000,-46000
048923,國巨永豐94購02  ,0,0,0,0,0,0,0,0,0,-46000,0,0,0,82000,128000,-46000,-46000
048928,華新科永豐94購02,0,0,0,0,0,0,0,0,0,-46000,0,0,0,40000,86000,-46000,-46000
050319,康控國票95購04  ,0,0,0,0,0,0,0,0,0,-46000,0,0,0,0,46000,-46000,-46000
052569,聯發科凱基96購08,0,0,0,0,0,0,0,0,0,-46000,0,0,0,219000,265000,-46000,-46000
052107,台積電統一95購06,0,0,0,0,0,0,0,0,0,-46000,0,0,0,22000,68000,-46000,-46000
053180,同欣電統一96購01,0,0,0,0,0,0,0,0,0,-46000,0,0,0,50000,96000,-46000,-46000
2444,兆勁            ,4000,50000,-46000,0,0,0,0,0,0,0,0,0,0,0,0,0,-46000
9934,成霖            ,28000,83000,-55000,0,0,0,0,0,0,9000,10000,1000,9000,0,0,0,-46000
056059,美律元大98購02  ,0,0,0,0,0,0,0,0,0,-46000,0,0,0,17000,63000,-46000,-46000
056170,鴻海元富97購09  ,0,0,0,0,0,0,0,0,0,-46000,0,0,0,13000,59000,-46000,-46000
056171,鴻海元富97購10  ,0,0,0,0,0,0,0,0,0,-46000,0,0,0,14000,60000,-46000,-46000
06052P,台郡國票97售06  ,0,0,0,0,0,0,0,0,0,-46000,0,0,0,0,46000,-46000,-46000
053482,矽力元大96購03  ,0,0,0,0,0,0,0,0,0,-47000,0,0,0,12000,59000,-47000,-47000
054584,貿聯元富97購01  ,0,0,0,0,0,0,0,0,0,-47000,0,0,0,43000,90000,-47000,-47000
055923,矽力凱基98購01  ,0,0,0,0,0,0,0,0,0,-47000,0,0,0,10000,57000,-47000,-47000
04528P,智原凱基94售01  ,0,0,0,0,0,0,0,0,0,-47000,0,0,0,43000,90000,-47000,-47000
04496P,國巨國泰96售02  ,0,0,0,0,0,0,0,0,0,-47000,0,0,0,307000,354000,-47000,-47000
049287,可成兆豐95購01  ,0,0,0,0,0,0,0,0,0,-47000,0,0,0,89000,136000,-47000,-47000
05217P,鴻海統一95售08  ,0,0,0,0,0,0,0,0,0,-47000,0,0,0,26000,73000,-47000,-47000
052173,廣達元大95購02  ,0,0,0,0,0,0,0,0,0,-47000,0,0,0,21000,68000,-47000,-47000
051511,鈺齊中信97購01  ,0,0,0,0,0,0,0,0,0,-47000,0,0,0,1000,48000,-47000,-47000
050693,鴻海凱基96購05  ,0,0,0,0,0,0,0,0,0,-47000,0,0,0,20000,67000,-47000,-47000
051118,台塑群益95購01  ,0,0,0,0,0,0,0,0,0,-47000,0,0,0,0,47000,-47000,-47000
05794P,華邦電群益96售04,0,0,0,0,0,0,0,0,0,-47000,0,0,0,575000,622000,-47000,-47000
2233,宇隆            ,58000,105000,-47000,0,0,0,0,0,0,0,0,0,0,3000,3000,0,-47000
05589P,大立光中信9A售01,0,0,0,0,0,0,0,0,0,-48000,0,0,0,302000,350000,-48000,-48000
055626,力山永豐97購01  ,0,0,0,0,0,0,0,0,0,-48000,0,0,0,112000,160000,-48000,-48000
055577,晶技統一97購02  ,0,0,0,0,0,0,0,0,0,-48000,0,0,0,0,48000,-48000,-48000
055397,超眾統一97購02  ,0,0,0,0,0,0,0,0,0,-48000,0,0,0,0,48000,-48000,-48000
054882,台光電統一97購02,0,0,0,0,0,0,0,0,0,-48000,0,0,0,0,48000,-48000,-48000
055108,智邦凱基98購01  ,0,0,0,0,0,0,0,0,0,-48000,0,0,0,20000,68000,-48000,-48000
055132,台虹康和97購01  ,0,0,0,0,0,0,0,0,0,-48000,0,0,0,20000,68000,-48000,-48000
054541,康控國票98購01  ,0,0,0,0,0,0,0,0,0,-48000,0,0,0,0,48000,-48000,-48000
054349,同欣電國票97購02,0,0,0,0,0,0,0,0,0,-48000,0,0,0,0,48000,-48000,-48000
054478,可成中信97購01  ,0,0,0,0,0,0,0,0,0,-48000,0,0,0,0,48000,-48000,-48000
05417P,燿華永豐95售07  ,0,0,0,0,0,0,0,0,0,-48000,0,0,0,0,48000,-48000,-48000
05412P,泰碩國票95售02  ,0,0,0,0,0,0,0,0,0,-48000,0,0,0,7000,55000,-48000,-48000
054025,鴻海凱基96購17  ,0,0,0,0,0,0,0,0,0,-48000,0,0,0,40000,88000,-48000,-48000
053356,聯發科統一96購07,0,0,0,0,0,0,0,0,0,-48000,0,0,0,0,48000,-48000,-48000
053840,燿華統一96購02  ,0,0,0,0,0,0,0,0,0,-48000,0,0,0,0,48000,-48000,-48000
053842,聯發科統一96購08,0,0,0,0,0,0,0,0,0,-48000,0,0,0,0,48000,-48000,-48000
053852,南亞科國泰98購01,0,0,0,0,0,0,0,0,0,-48000,0,0,0,38000,86000,-48000,-48000
049079,聯發科凱基94購04,0,0,0,0,0,0,0,0,0,-48000,0,0,0,30000,78000,-48000,-48000
045393,寶齡國泰93購01  ,0,0,0,0,0,0,0,0,0,-48000,0,0,0,15000,63000,-48000,-48000
045799,微星亞東93購01  ,0,0,0,0,0,0,0,0,0,-48000,0,0,0,2000,50000,-48000,-48000
046697,麗豐凱基94購01  ,0,0,0,0,0,0,0,0,0,-48000,0,0,0,20000,68000,-48000,-48000
044364,超眾中信94購01  ,0,0,0,0,0,0,0,0,0,-48000,0,0,0,61000,109000,-48000,-48000
042168,台灣50凱基96購01,0,0,0,0,0,0,0,0,0,-48000,0,0,0,115000,163000,-48000,-48000
050241,聯發科凱基94購14,0,0,0,0,0,0,0,0,0,-48000,0,0,0,20000,68000,-48000,-48000
050503,聯發科凱基94購22,0,0,0,0,0,0,0,0,0,-48000,0,0,0,20000,68000,-48000,-48000
05081P,京鼎永豐95售01  ,0,0,0,0,0,0,0,0,0,-48000,0,0,0,0,48000,-48000,-48000
047229,大立光凱基93購18,0,0,0,0,0,0,0,0,0,-48000,0,0,0,0,48000,-48000,-48000
048882,智原統一96購01  ,0,0,0,0,0,0,0,0,0,-48000,0,0,0,0,48000,-48000,-48000
04858P,健策元富94售01  ,0,0,0,0,0,0,0,0,0,-48000,0,0,0,0,48000,-48000,-48000
049957,智邦統一94購01  ,0,0,0,0,0,0,0,0,0,-48000,0,0,0,0,48000,-48000,-48000
049325,智邦元富94購02  ,0,0,0,0,0,0,0,0,0,-48000,0,0,0,2000,50000,-48000,-48000
048759,巨大元富96購01  ,0,0,0,0,0,0,0,0,0,-48000,0,0,0,0,48000,-48000,-48000
047002,鴻海統一93購04  ,0,0,0,0,0,0,0,0,0,-48000,0,0,0,2000,50000,-48000,-48000
051110,可成統一95購01  ,0,0,0,0,0,0,0,0,0,-48000,0,0,0,0,48000,-48000,-48000
050725,光磊國票96購01  ,0,0,0,0,0,0,0,0,0,-48000,0,0,0,0,48000,-48000,-48000
052321,華擎元大95購01  ,2000,0,2000,0,0,0,0,0,0,-50000,0,0,0,6000,56000,-50000,-48000
05238P,禾伸堂永豐95售01,0,0,0,0,0,0,0,0,0,-48000,0,0,0,80000,128000,-48000,-48000
052465,聯詠統一95購02  ,0,0,0,0,0,0,0,0,0,-48000,0,0,0,0,48000,-48000,-48000
052468,超眾統一96購02  ,0,0,0,0,0,0,0,0,0,-48000,0,0,0,0,48000,-48000,-48000
053148,華邦電元大96購01,0,0,0,0,0,0,0,0,0,-48000,0,0,0,10000,58000,-48000,-48000
053189,聯發科統一96購05,0,0,0,0,0,0,0,0,0,-48000,0,0,0,10000,58000,-48000,-48000
053341,聯發科國票97購03,0,0,0,0,0,0,0,0,0,-48000,0,0,0,103000,151000,-48000,-48000
053010,鴻海統一96購11  ,0,0,0,0,0,0,0,0,0,-48000,0,0,0,0,48000,-48000,-48000
8404,百和興業-KY     ,197000,244000,-47000,0,0,0,0,0,0,-1000,0,1000,-1000,0,0,0,-48000
1444,力麗            ,136000,181000,-45000,0,0,0,0,0,0,-3000,0,3000,-3000,0,0,0,-48000
1451,年興            ,10000,55000,-45000,0,0,0,0,0,0,-3000,0,3000,-3000,0,0,0,-48000
053908,貿聯凱基98購01  ,0,0,0,0,0,0,0,0,0,-49000,0,0,0,36000,85000,-49000,-49000
054688,兆赫永豐97購01  ,0,0,0,0,0,0,0,0,0,-49000,0,0,0,0,49000,-49000,-49000
054714,和鑫台新98購01  ,0,0,0,0,0,0,0,0,0,-49000,0,0,0,0,49000,-49000,-49000
055759,技嘉群益98購02  ,0,0,0,0,0,0,0,0,0,-49000,0,0,0,2000,51000,-49000,-49000
05585P,臺股指凱基96售14,0,0,0,0,0,0,0,0,0,-49000,0,0,0,1000,50000,-49000,-49000
044304,臻鼎兆豐93購01  ,0,0,0,0,0,0,0,0,0,-49000,0,0,0,0,49000,-49000,-49000
046791,台郡統一96購01  ,0,0,0,0,0,0,0,0,0,-49000,0,0,0,12000,61000,-49000,-49000
046782,建準永豐93購01  ,0,0,0,0,0,0,0,0,0,-49000,0,0,0,0,49000,-49000,-49000
042902,光寶科元大94購01,0,0,0,0,0,0,0,0,0,-49000,0,0,0,3000,52000,-49000,-49000
043148,裕隆統一93購01  ,0,0,0,0,0,0,0,0,0,-49000,0,0,0,0,49000,-49000,-49000
03903P,美律永豐93售01  ,0,0,0,0,0,0,0,0,0,-49000,0,0,0,0,49000,-49000,-49000
045205,鈺齊凱基92購01  ,0,0,0,0,0,0,0,0,0,-49000,0,0,0,0,49000,-49000,-49000
049141,旺宏元大95購01  ,0,0,0,0,0,0,0,0,0,-49000,0,0,0,6000,55000,-49000,-49000
048977,晶相光元大94購01,0,0,0,0,0,0,0,0,0,-49000,0,0,0,1000,50000,-49000,-49000
047389,義隆元大94購01  ,0,0,0,0,0,0,0,0,0,-49000,0,0,0,21000,70000,-49000,-49000
04761P,可成凱基94售09  ,0,0,0,0,0,0,0,0,0,-49000,0,0,0,0,49000,-49000,-49000
048698,宏達電國票95購01,0,0,0,0,0,0,0,0,0,-49000,0,0,0,1000,50000,-49000,-49000
048602,上緯控國票96購01,0,0,0,0,0,0,0,0,0,-49000,0,0,0,0,49000,-49000,-49000
052963,智邦凱基96購02  ,0,0,0,0,0,0,0,0,0,-49000,0,0,0,47000,96000,-49000,-49000
052065,臺股指國票95購12,0,0,0,0,0,0,0,0,0,-49000,0,0,0,5000,54000,-49000,-49000
050913,全新中信97購01  ,0,0,0,0,0,0,0,0,0,-49000,0,0,0,0,49000,-49000,-49000
051601,群創兆豐95購02  ,0,0,0,0,0,0,0,0,0,-49000,0,0,0,94000,143000,-49000,-49000
05193P,台郡台新95售01  ,0,0,0,0,0,0,0,0,0,-49000,0,0,0,0,49000,-49000,-49000
2457,飛宏            ,151000,191000,-40000,0,0,0,0,0,0,-9000,0,9000,-9000,0,0,0,-49000
3622,洋華            ,47000,95000,-48000,0,0,0,0,0,0,-1000,0,1000,-1000,0,0,0,-49000
1789,神隆            ,159680,220000,-60320,0,0,0,0,0,0,11000,15000,4000,11000,0,0,0,-49320
055903,鈺齊中信97購02  ,0,0,0,0,0,0,0,0,0,-50000,0,0,0,0,50000,-50000,-50000
055897,TXFI0永昌99購01 ,0,0,0,0,0,0,0,0,0,-50000,0,0,0,220000,270000,-50000,-50000
055883,樺漢元富97購01  ,0,0,0,0,0,0,0,0,0,-50000,0,0,0,0,50000,-50000,-50000
05588P,群創兆豐97售02  ,0,0,0,0,0,0,0,0,0,-50000,0,0,0,0,50000,-50000,-50000
055778,美食凱基97購01  ,0,0,0,0,0,0,0,0,0,-50000,0,0,0,0,50000,-50000,-50000
055720,宏達電元大97購05,0,0,0,0,0,0,0,0,0,-50000,0,0,0,0,50000,-50000,-50000
055657,超眾元富97購02  ,0,0,0,0,0,0,0,0,0,-50000,0,0,0,0,50000,-50000,-50000
055661,亞德客中信98購01,0,0,0,0,0,0,0,0,0,-50000,0,0,0,0,50000,-50000,-50000
055427,技嘉群益98購01  ,0,0,0,0,0,0,0,0,0,-50000,0,0,0,0,50000,-50000,-50000
055605,緯穎元大97購02  ,0,0,0,0,0,0,0,0,0,-50000,0,0,0,10000,60000,-50000,-50000
054666,強茂元富97購01  ,0,0,0,0,0,0,0,0,0,-50000,0,0,0,0,50000,-50000,-50000
054812,鴻海元大97購08  ,0,0,0,0,0,0,0,0,0,-50000,0,0,0,70000,120000,-50000,-50000
05479P,華新科台新96售01,0,0,0,0,0,0,0,0,0,-50000,0,0,0,30000,80000,-50000,-50000
055135,聯發科富邦99購05,0,0,0,0,0,0,0,0,0,-50000,0,0,0,0,50000,-50000,-50000
055293,晶相光元大97購01,0,0,0,0,0,0,0,0,0,-50000,0,0,0,0,50000,-50000,-50000
055163,訊芯元大98購01  ,0,0,0,0,0,0,0,0,0,-50000,0,0,0,98000,148000,-50000,-50000
053876,可成永昌98購01  ,0,0,0,0,0,0,0,0,0,-50000,0,0,0,65000,115000,-50000,-50000
053851,鴻海國泰98購03  ,0,0,0,0,0,0,0,0,0,-50000,0,0,0,11000,61000,-50000,-50000
053947,義隆富邦97購01  ,0,0,0,0,0,0,0,0,0,-50000,0,0,0,31000,81000,-50000,-50000
053410,啟碁兆豐96購01  ,0,0,0,0,0,0,0,0,0,-50000,0,0,0,38000,88000,-50000,-50000
053457,旺宏國泰98購03  ,0,0,0,0,0,0,0,0,0,-50000,0,0,0,60000,110000,-50000,-50000
053594,京鼎元大96購02  ,0,0,0,0,0,0,0,0,0,-50000,0,0,0,0,50000,-50000,-50000
054247,華邦電元大96購04,0,0,0,0,0,0,0,0,0,-50000,0,0,0,0,50000,-50000,-50000
054229,超眾元富96購05  ,0,0,0,0,0,0,0,0,0,-50000,0,0,0,0,50000,-50000,-50000
05447P,臺股指元大95售24,0,0,0,0,0,0,0,0,0,-50000,0,0,0,11000,61000,-50000,-50000
054555,欣興凱基98購01  ,0,0,0,0,0,0,0,0,0,-50000,0,0,0,29000,79000,-50000,-50000
049144,瑞昱元大94購03  ,0,0,0,0,0,0,0,0,0,-50000,0,0,0,0,50000,-50000,-50000
049022,聯詠群益94購01  ,0,0,0,0,0,0,0,0,0,-50000,0,0,0,1000,51000,-50000,-50000
045355,聯鈞凱基92購01  ,0,0,0,0,0,0,0,0,0,-50000,0,0,0,0,50000,-50000,-50000
045070,全新元大93購02  ,0,0,0,0,0,0,0,0,0,-50000,0,0,0,0,50000,-50000,-50000
046266,兆豐金凱基92購01,0,0,0,0,0,0,0,0,0,-50000,0,0,0,0,50000,-50000,-50000
044433,華新科元大92購06,0,0,0,0,0,0,0,0,0,-50000,0,0,0,0,50000,-50000,-50000
046521,台郡元大92購06  ,0,0,0,0,0,0,0,0,0,-50000,0,0,0,0,50000,-50000,-50000
046552,晶技麥證92購01  ,0,0,0,0,50000,-50000,0,0,0,-50000,0,0,0,0,50000,-50000,-50000
045814,可成麥證93購01  ,0,0,0,0,50000,-50000,0,0,0,-50000,0,0,0,0,50000,-50000,-50000
045829,滬深2X群益95購02,0,0,0,0,0,0,0,0,0,-50000,0,0,0,0,50000,-50000,-50000
045887,台光電元大92購07,0,0,0,0,0,0,0,0,0,-50000,0,0,0,0,50000,-50000,-50000
046060,台塑凱基92購01  ,0,0,0,0,0,0,0,0,0,-50000,0,0,0,10000,60000,-50000,-50000
045927,鴻海永豐92購01  ,0,0,0,0,0,0,0,0,0,-50000,0,0,0,0,50000,-50000,-50000
04473P,國巨元大94售03  ,0,0,0,0,0,0,0,0,0,-50000,0,0,0,0,50000,-50000,-50000
044817,可成兆豐93購01  ,0,0,0,0,0,0,0,0,0,-50000,0,0,0,94000,144000,-50000,-50000
03252P,台積電台新02售01,0,0,0,0,0,0,0,0,0,-50000,0,0,0,0,50000,-50000,-50000
03934P,大立光永昌93售06,0,0,0,0,0,0,0,0,0,-50000,0,0,0,0,50000,-50000,-50000
043961,道瓊反國泰94購01,0,0,0,0,0,0,0,0,0,-50000,0,0,0,0,50000,-50000,-50000
04293P,滬深2X元大96售02,0,0,0,0,0,0,0,0,0,-50000,0,0,0,0,50000,-50000,-50000
043460,台積電元大93購01,0,0,0,0,0,0,0,0,0,-50000,0,0,0,0,50000,-50000,-50000
044212,鴻海凱基93購04  ,0,0,0,0,0,0,0,0,0,-50000,0,0,0,0,50000,-50000,-50000
04274P,滬深2X凱基94售01,0,0,0,0,0,0,0,0,0,-50000,0,0,0,0,50000,-50000,-50000
045716,智邦凱基92購02  ,0,0,0,0,0,0,0,0,0,-50000,0,0,0,0,50000,-50000,-50000
048567,台郡元大93購03  ,0,0,0,0,0,0,0,0,0,-50000,0,0,0,0,50000,-50000,-50000
048548,緯穎永豐93購02  ,0,0,0,0,0,0,0,0,0,-50000,0,0,0,0,50000,-50000,-50000
04837P,華新科元大94售05,0,0,0,0,0,0,0,0,0,-50000,0,0,0,0,50000,-50000,-50000
048486,傳奇國泰95購01  ,0,0,0,0,0,0,0,0,0,-50000,0,0,0,0,50000,-50000,-50000
04995P,台達電凱基96售03,0,0,0,0,0,0,0,0,0,-50000,0,0,0,31000,81000,-50000,-50000
049965,矽創元富94購01  ,0,0,0,0,0,0,0,0,0,-50000,0,0,0,20000,70000,-50000,-50000
048043,滬深2X永豐94購03,0,0,0,0,0,0,0,0,0,-50000,0,0,0,0,50000,-50000,-50000
04711P,台光電元大94售05,0,0,0,0,0,0,0,0,0,-50000,0,0,0,16000,66000,-50000,-50000
047219,美律麥證94購01  ,0,0,0,0,50000,-50000,0,0,0,-50000,0,0,0,0,50000,-50000,-50000
048256,鴻海統一93購08  ,0,0,0,0,0,0,0,0,0,-50000,0,0,0,1000,51000,-50000,-50000
048193,旺宏元大94購05  ,0,0,0,0,0,0,0,0,0,-50000,0,0,0,103000,153000,-50000,-50000
048187,臺指反元大96購04,0,0,0,0,0,0,0,0,0,-50000,0,0,0,0,50000,-50000,-50000
050117,麗豐元大96購02  ,0,0,0,0,0,0,0,0,0,-50000,0,0,0,65000,115000,-50000,-50000
048685,T50反1第一94購01,0,0,0,0,0,0,0,0,0,-50000,0,0,0,0,50000,-50000,-50000
047779,台化中信93購01  ,0,0,0,0,0,0,0,0,0,-50000,0,0,0,0,50000,-50000,-50000
049191,元油2X永豐95購01,0,0,0,0,0,0,0,0,0,-50000,0,0,0,0,50000,-50000,-50000
048949,昇陽半永豐94購01,0,0,0,0,0,0,0,0,0,-50000,0,0,0,0,50000,-50000,-50000
04877P,聯發科麥證94售04,0,0,0,0,50000,-50000,0,0,0,-50000,0,0,0,0,50000,-50000,-50000
049579,鴻海元大94購06  ,0,0,0,0,0,0,0,0,0,-50000,0,0,0,0,50000,-50000,-50000
047672,欣興統一93購03  ,0,0,0,0,0,0,0,0,0,-50000,0,0,0,0,50000,-50000,-50000
047643,新光金元大95購02,0,0,0,0,0,0,0,0,0,-50000,0,0,0,0,50000,-50000,-50000
04748P,臺股指元大94售23,0,0,0,0,0,0,0,0,0,-50000,0,0,0,30000,80000,-50000,-50000
047906,中石化元大94購01,0,0,0,0,0,0,0,0,0,-50000,0,0,0,0,50000,-50000,-50000
047997,南亞科元大93購03,0,0,0,0,0,0,0,0,0,-50000,0,0,0,0,50000,-50000,-50000
047999,聯發科元大93購22,0,0,0,0,0,0,0,0,0,-50000,0,0,0,0,50000,-50000,-50000
047318,聯詠元大93購07  ,0,0,0,0,0,0,0,0,0,-50000,0,0,0,0,50000,-50000,-50000
049888,智邦國泰96購01  ,0,0,0,0,0,0,0,0,0,-50000,0,0,0,19000,69000,-50000,-50000
051951,聯發科元富95購02,0,0,0,0,0,0,0,0,0,-50000,0,0,0,0,50000,-50000,-50000
05203P,華新科元大95售10,0,0,0,0,0,0,0,0,0,-50000,0,0,0,0,50000,-50000,-50000
051679,百和元大95購02  ,0,0,0,0,0,0,0,0,0,-50000,0,0,0,0,50000,-50000,-50000
051489,世芯凱基95購01  ,0,0,0,0,0,0,0,0,0,-50000,0,0,0,0,50000,-50000,-50000
050861,鴻海永豐95購01  ,0,0,0,0,0,0,0,0,0,-50000,0,0,0,20000,70000,-50000,-50000
05052P,友達群益97售01  ,0,0,0,0,0,0,0,0,0,-50000,0,0,0,0,50000,-50000,-50000
051084,華通元大95購06  ,0,0,0,0,0,0,0,0,0,-50000,0,0,0,0,50000,-50000,-50000
051262,A50富邦96購01   ,0,0,0,0,0,0,0,0,0,-50000,0,0,0,0,50000,-50000,-50000
052129,鴻海凱基97購02  ,0,0,0,0,0,0,0,0,0,-50000,0,0,0,0,50000,-50000,-50000
052153,GIS富邦96購02   ,0,0,0,0,0,0,0,0,0,-50000,0,0,0,10000,60000,-50000,-50000
052370,滬深2X元大95購04,0,0,0,0,0,0,0,0,0,-50000,0,0,0,0,50000,-50000,-50000
052331,漢唐亞東97購01  ,0,0,0,0,0,0,0,0,0,-50000,0,0,0,0,50000,-50000,-50000
052341,泰鼎凱基96購02  ,0,0,0,0,0,0,0,0,0,-50000,0,0,0,190000,240000,-50000,-50000
052351,中環元富95購01  ,0,0,0,0,0,0,0,0,0,-50000,0,0,0,0,50000,-50000,-50000
052399,台光電凱基95購03,0,0,0,0,0,0,0,0,0,-50000,0,0,0,20000,70000,-50000,-50000
052660,京元電國票97購01,0,0,0,0,0,0,0,0,0,-50000,0,0,0,0,50000,-50000,-50000
052699,友達國票97購01  ,0,0,0,0,0,0,0,0,0,-50000,0,0,0,0,50000,-50000,-50000
052918,智易富邦97購02  ,0,0,0,0,0,0,0,0,0,-50000,0,0,0,0,50000,-50000,-50000
053062,緯穎富邦97購01  ,0,0,0,0,0,0,0,0,0,-50000,0,0,0,10000,60000,-50000,-50000
053038,華邦電凱基97購01,0,0,0,0,0,0,0,0,0,-50000,0,0,0,0,50000,-50000,-50000
053197,超眾元富96購02  ,0,0,0,0,0,0,0,0,0,-50000,0,0,0,0,50000,-50000,-50000
06185P,台表科元大97售05,0,0,0,0,0,0,0,0,0,-50000,0,0,0,20000,70000,-50000,-50000
06246P,茂林元富97售03  ,0,0,0,0,0,0,0,0,0,-50000,0,0,0,189000,239000,-50000,-50000
06310P,精元元富97售02  ,0,0,0,0,0,0,0,0,0,-50000,0,0,0,0,50000,-50000,-50000
056197,友訊永豐97購01  ,0,0,0,0,0,0,0,0,0,-50000,0,0,0,0,50000,-50000,-50000
056182,台光電統一97購03,0,0,0,0,0,0,0,0,0,-50000,0,0,0,0,50000,-50000,-50000
055991,鈺齊元富97購01  ,0,0,0,0,0,0,0,0,0,-50000,0,0,0,0,50000,-50000,-50000
1231,聯華食          ,26000,75650,-49650,0,0,0,0,0,0,-1000,0,1000,-1000,0,0,0,-50650
053853,康控國泰97購02  ,0,0,0,0,0,0,0,0,0,-51000,0,0,0,1000,52000,-51000,-51000
054747,麗豐凱基98購01  ,0,0,0,0,0,0,0,0,0,-51000,0,0,0,0,51000,-51000,-51000
054835,致新中信97購01  ,0,0,0,0,0,0,0,0,0,-51000,0,0,0,99000,150000,-51000,-51000
055426,旺宏群益99購02  ,0,0,0,0,0,0,0,0,0,-51000,0,0,0,0,51000,-51000,-51000
055631,創意永豐98購01  ,0,0,0,0,0,0,0,0,0,-51000,0,0,0,11000,62000,-51000,-51000
055670,矽創群益98購02  ,0,0,0,0,0,0,0,0,0,-51000,0,0,0,0,51000,-51000,-51000
055831,台達電元大97購01,0,0,0,0,0,0,0,0,0,-51000,0,0,0,11000,62000,-51000,-51000
046356,智伸科群益93購01,0,0,0,0,0,0,0,0,0,-51000,0,0,0,3000,54000,-51000,-51000
04325P,創意元大93售06  ,0,0,0,0,0,0,0,0,0,-51000,0,0,0,44000,95000,-51000,-51000
046404,友達元大93購02  ,0,0,0,0,0,0,0,0,0,-51000,0,0,0,167000,218000,-51000,-51000
046308,廣達元大92購02  ,0,0,0,0,0,0,0,0,0,-51000,0,0,0,0,51000,-51000,-51000
046134,致新國泰93購02  ,0,0,0,0,0,0,0,0,0,-51000,0,0,0,560000,611000,-51000,-51000
047647,麗豐元大93購03  ,0,0,0,0,0,0,0,0,0,-51000,0,0,0,0,51000,-51000,-51000
050806,華新科日盛95購01,0,0,0,0,0,0,0,0,0,-51000,0,0,0,10000,61000,-51000,-51000
048132,冠德國票94購01  ,0,0,0,0,0,0,0,0,0,-51000,0,0,0,0,51000,-51000,-51000
053124,聯發科凱基96購12,0,0,0,0,0,0,0,0,0,-51000,0,0,0,168000,219000,-51000,-51000
052076,可成元富98購01  ,0,0,0,0,0,0,0,0,0,-51000,0,0,0,0,51000,-51000,-51000
050623,致新元大94購05  ,0,0,0,0,0,0,0,0,0,-51000,0,0,0,0,51000,-51000,-51000
050663,麗豐元大96購03  ,0,0,0,0,0,0,0,0,0,-51000,0,0,0,0,51000,-51000,-51000
1734,杏輝            ,63000,68000,-5000,0,0,0,0,0,0,-46000,7000,53000,-46000,0,0,0,-51000
056147,鴻海日盛97購05  ,0,0,0,0,0,0,0,0,0,-51000,0,0,0,0,51000,-51000,-51000
056168,鴻海元富97購07  ,0,0,0,0,0,0,0,0,0,-51000,0,0,0,0,51000,-51000,-51000
05974P,國巨富邦97售03  ,0,0,0,0,0,0,0,0,0,-51000,0,0,0,15000,66000,-51000,-51000
055688,力成凱基98購02  ,0,0,0,0,0,0,0,0,0,-52000,0,0,0,29000,81000,-52000,-52000
053503,臻鼎兆豐97購01  ,0,0,0,0,0,0,0,0,0,-52000,0,0,0,0,52000,-52000,-52000
054646,華新科群益97購03,0,0,0,0,0,0,0,0,0,-52000,0,0,0,10000,62000,-52000,-52000
054215,創意國票97購02  ,0,0,0,0,0,0,0,0,0,-52000,0,0,0,23000,75000,-52000,-52000
054026,台積電凱基97購08,0,0,0,0,0,0,0,0,0,-52000,0,0,0,10000,62000,-52000,-52000
054121,奇鋐永豐96購02  ,0,0,0,0,0,0,0,0,0,-52000,0,0,0,3000,55000,-52000,-52000
04621P,楠梓電統一94售02,0,0,0,0,0,0,0,0,0,-52000,0,0,0,18000,70000,-52000,-52000
04162P,南亞科統一94售02,0,0,0,0,0,0,0,0,0,-52000,0,0,0,92000,144000,-52000,-52000
04067P,聯發科凱基93售24,0,0,0,0,0,0,0,0,0,-52000,0,0,0,25000,77000,-52000,-52000
04571P,華新科國泰95售03,0,0,0,0,0,0,0,0,0,-52000,0,0,0,2000,54000,-52000,-52000
04417P,光罩國泰95售02  ,0,0,0,0,0,0,0,0,0,-52000,0,0,0,0,52000,-52000,-52000
050518,台積電元大94購28,0,0,0,0,0,0,0,0,0,-52000,0,0,0,100000,152000,-52000,-52000
050444,卜蜂元大94購03  ,0,0,0,0,0,0,0,0,0,-52000,0,0,0,3000,55000,-52000,-52000
049866,景碩兆豐94購01  ,0,0,0,0,0,0,0,0,0,-52000,0,0,0,182000,234000,-52000,-52000
049776,全新統一95購02  ,0,0,0,0,0,0,0,0,0,-52000,0,0,0,53000,105000,-52000,-52000
049487,智邦元大94購03  ,0,0,0,0,0,0,0,0,0,-52000,0,0,0,0,52000,-52000,-52000
051319,光磊國票96購02  ,0,0,0,0,0,0,0,0,0,-52000,0,0,0,10000,62000,-52000,-52000
051233,力成群益97購01  ,0,0,0,0,0,0,0,0,0,-52000,0,0,0,10000,62000,-52000,-52000
05148P,臻鼎元大95售01  ,0,0,0,0,0,0,0,0,0,-52000,0,0,0,24000,76000,-52000,-52000
051461,聯詠國泰96購01  ,0,0,0,0,0,0,0,0,0,-52000,0,0,0,50000,102000,-52000,-52000
052027,智原群益95購01  ,0,0,0,0,0,0,0,0,0,-52000,0,0,0,0,52000,-52000,-52000
051947,矽力統一95購01  ,0,0,0,0,0,0,0,0,0,-52000,0,0,0,1000,53000,-52000,-52000
052201,超眾統一96購01  ,0,0,0,0,0,0,0,0,0,-52000,0,0,0,3000,55000,-52000,-52000
052217,台光電日盛95購01,0,0,0,0,0,0,0,0,0,-52000,0,0,0,0,52000,-52000,-52000
052944,宏達電國票97購01,0,0,0,0,0,0,0,0,0,-52000,0,0,0,0,52000,-52000,-52000
052796,和碩兆豐96購01  ,0,0,0,0,0,0,0,0,0,-52000,0,0,0,38000,90000,-52000,-52000
05745P,富邦金兆豐96售02,0,0,0,0,0,0,0,0,0,-52000,0,0,0,71000,123000,-52000,-52000
1808,潤隆            ,80000,132000,-52000,0,0,0,0,0,0,0,0,0,0,0,0,0,-52000
2015,豐興            ,33000,99000,-66000,0,0,0,5000,0,5000,9000,10000,1000,9000,0,0,0,-52000
054570,易華電群益98購01,0,0,0,0,0,0,0,0,0,-53000,0,0,0,0,53000,-53000,-53000
054464,奇力新凱基98購02,0,0,0,0,0,0,0,0,0,-53000,0,0,0,59000,112000,-53000,-53000
053585,友達元大9C購03  ,0,0,0,0,0,0,0,0,0,-53000,0,0,0,4000,57000,-53000,-53000
053727,麗豐凱基97購01  ,0,0,0,0,0,0,0,0,0,-53000,0,0,0,0,53000,-53000,-53000
055159,玉晶光元大98購05,0,0,0,0,0,0,0,0,0,-53000,0,0,0,668000,721000,-53000,-53000
055033,漢唐富邦98購01  ,0,0,0,0,0,0,0,0,0,-53000,0,0,0,80000,133000,-53000,-53000
044330,T50反1統一93購01,0,0,0,0,0,0,0,0,0,-53000,0,0,0,147000,200000,-53000,-53000
046441,儒鴻兆豐92購01  ,0,0,0,0,0,0,0,0,0,-53000,0,0,0,9000,62000,-53000,-53000
04948P,瑞儀元大94售03  ,0,0,0,0,0,0,0,0,0,-53000,0,0,0,80000,133000,-53000,-53000
053087,冠德元大96購02  ,0,0,0,0,0,0,0,0,0,-53000,0,0,0,8000,61000,-53000,-53000
053280,群創元大9C購01  ,0,0,0,0,0,0,0,0,0,-53000,0,0,0,182000,235000,-53000,-53000
052359,百和永豐95購01  ,0,0,0,0,0,0,0,0,0,-53000,0,0,0,15000,68000,-53000,-53000
052260,為升富邦97購02  ,0,0,0,0,0,0,0,0,0,-53000,0,0,0,0,53000,-53000,-53000
052449,創意元大95購04  ,0,0,0,0,0,0,0,0,0,-53000,0,0,0,0,53000,-53000,-53000
051665,台積電元大96購07,0,0,0,0,0,0,0,0,0,-53000,0,0,0,175000,228000,-53000,-53000
2034,允強            ,101000,153000,-52000,0,0,0,0,0,0,-1000,0,1000,-1000,0,0,0,-53000
1786,科妍            ,52000,104000,-52000,0,0,0,0,0,0,-1000,9000,10000,-1000,0,0,0,-53000
1733,五鼎            ,55000,110000,-55000,0,0,0,0,0,0,2000,3000,1000,2000,0,0,0,-53000
06055P,華通凱基97售04  ,0,0,0,0,0,0,0,0,0,-53000,0,0,0,28000,81000,-53000,-53000
05710P,禾伸堂國票97售02,0,0,0,0,0,0,0,0,0,-53000,0,0,0,0,53000,-53000,-53000
056279,新日興富邦99購01,0,0,0,0,0,0,0,0,0,-53000,0,0,0,100000,153000,-53000,-53000
6706,惠特            ,198000,213000,-15000,0,0,0,0,0,0,-38000,24000,62000,-38000,0,0,0,-53000
054802,高股息元大97購01,0,0,0,0,0,0,0,0,0,-54000,0,0,0,34000,88000,-54000,-54000
054700,致新永豐97購01  ,0,0,0,0,0,0,0,0,0,-54000,0,0,0,1000,55000,-54000,-54000
05572P,群創統一96售02  ,0,0,0,0,0,0,0,0,0,-54000,0,0,0,100000,154000,-54000,-54000
055307,瑞昱群益97購02  ,0,0,0,0,0,0,0,0,0,-54000,0,0,0,11000,65000,-54000,-54000
049165,元油2X凱基97購01,0,0,0,0,0,0,0,0,0,-54000,0,0,0,0,54000,-54000,-54000
04520P,欣興群益94售02  ,0,0,0,0,0,0,0,0,0,-54000,0,0,0,0,54000,-54000,-54000
04988P,楠梓電元大94售01,0,0,0,0,0,0,0,0,0,-54000,0,0,0,2000,56000,-54000,-54000
050469,聯電台新94購01  ,0,0,0,0,0,0,0,0,0,-54000,0,0,0,0,54000,-54000,-54000
050233,香港2X凱基96購01,0,0,0,0,0,0,0,0,0,-54000,0,0,0,0,54000,-54000,-54000
051608,新日興群益96購01,0,0,0,0,0,0,0,0,0,-54000,0,0,0,23000,77000,-54000,-54000
05171P,臺股指元大95售15,0,0,0,0,0,0,0,0,0,-54000,0,0,0,0,54000,-54000,-54000
050721,台泥國票94購01  ,0,0,0,0,0,0,0,0,0,-54000,0,0,0,0,54000,-54000,-54000
050984,大立光國泰97購01,0,0,0,0,0,0,0,0,0,-54000,0,0,0,52000,106000,-54000,-54000
053234,奇鋐永豐96購01  ,0,0,0,0,0,0,0,0,0,-54000,0,0,0,14000,68000,-54000,-54000
053135,信邦國票96購01  ,0,0,0,0,0,0,0,0,0,-54000,0,0,0,0,54000,-54000,-54000
053170,茂林群益96購04  ,0,0,0,0,0,0,0,0,0,-54000,0,0,0,15000,69000,-54000,-54000
052772,台虹群益96購01  ,0,0,0,0,0,0,0,0,0,-54000,0,0,0,40000,94000,-54000,-54000
053002,鴻海永豐96購01  ,0,0,0,0,0,0,0,0,0,-54000,0,0,0,34000,88000,-54000,-54000
9902,台火            ,8000,62000,-54000,0,0,0,0,0,0,0,0,0,0,0,0,0,-54000
06214P,國巨國票98售04  ,0,0,0,0,0,0,0,0,0,-54000,0,0,0,0,54000,-54000,-54000
2228,劍麟            ,59000,112000,-53000,0,0,0,0,0,0,-1000,0,0,0,0,1000,-1000,-54000
055719,可成元大97購03  ,0,0,0,0,0,0,0,0,0,-55000,0,0,0,10000,65000,-55000,-55000
053817,華新科群益97購02,0,0,0,0,0,0,0,0,0,-55000,0,0,0,44000,99000,-55000,-55000
053432,世紀鋼永豐96購02,0,0,0,0,0,0,0,0,0,-55000,0,0,0,20000,75000,-55000,-55000
054137,聯詠元大97購02  ,0,0,0,0,0,0,0,0,0,-55000,0,0,0,41000,96000,-55000,-55000
04543P,鴻海富邦95售03  ,0,0,0,0,0,0,0,0,0,-55000,0,0,0,5000,60000,-55000,-55000
045996,南電富邦94購01  ,0,0,0,0,0,0,0,0,0,-55000,0,0,0,10000,65000,-55000,-55000
044850,南亞科統一94購01,0,0,0,0,0,0,0,0,0,-55000,0,0,0,49000,104000,-55000,-55000
046798,元油2X元大96購01,0,0,0,0,0,0,0,0,0,-55000,0,0,0,0,55000,-55000,-55000
04261P,大立光群益93售12,0,0,0,0,0,0,0,0,0,-55000,0,0,0,0,55000,-55000,-55000
050779,超眾元大96購03  ,0,0,0,0,0,0,0,0,0,-55000,0,0,0,0,55000,-55000,-55000
050063,聯發科凱基94購09,0,0,0,0,0,0,0,0,0,-55000,0,0,0,13000,68000,-55000,-55000
04990P,臻鼎元大94售04  ,0,0,0,0,0,0,0,0,0,-55000,0,0,0,41000,96000,-55000,-55000
049304,元油2X凱基95購05,0,0,0,0,0,0,0,0,0,-55000,0,0,0,0,55000,-55000,-55000
047798,臺股指群益93購09,0,0,0,0,0,0,0,0,0,-55000,0,0,0,20000,75000,-55000,-55000
052241,台郡國票96購01  ,0,0,0,0,0,0,0,0,0,-55000,0,0,0,0,55000,-55000,-55000
050963,強茂永豐95購01  ,0,0,0,0,0,0,0,0,0,-55000,0,0,0,10000,65000,-55000,-55000
05089P,亞德客元大95售01,0,0,0,0,0,0,0,0,0,-55000,0,0,0,25000,80000,-55000,-55000
051741,可成國票97購01  ,0,0,0,0,0,0,0,0,0,-55000,0,0,0,0,55000,-55000,-55000
051651,易華電永豐95購01,0,0,0,0,0,0,0,0,0,-55000,0,0,0,0,55000,-55000,-55000
051396,健鼎兆豐95購01  ,0,0,0,0,0,0,0,0,0,-55000,0,0,0,0,55000,-55000,-55000
2022,聚亨            ,42000,86000,-44000,0,0,0,0,0,0,-11000,0,11000,-11000,0,0,0,-55000
1723,中碳            ,28000,80000,-52000,0,0,0,0,0,0,-3000,0,3000,-3000,0,0,0,-55000
06123P,玉晶光元大97售04,0,0,0,0,0,0,0,0,0,-55000,0,0,0,6000,61000,-55000,-55000
06261P,上銀凱基97售03  ,0,0,0,0,0,0,0,0,0,-55000,0,0,0,5000,60000,-55000,-55000
2748,雲品            ,4000,48000,-44000,0,0,0,0,11000,-11000,0,0,0,0,0,0,0,-55000
054583,玉晶光統一97購02,0,0,0,0,0,0,0,0,0,-56000,0,0,0,89000,145000,-56000,-56000
055733,奇力新元富97購01,0,0,0,0,0,0,0,0,0,-56000,0,0,0,57000,113000,-56000,-56000
055438,鴻海國票98購01  ,0,0,0,0,0,0,0,0,0,-56000,0,0,0,0,56000,-56000,-56000
054689,華新科永豐97購01,0,0,0,0,0,0,0,0,0,-56000,0,0,0,20000,76000,-56000,-56000
054836,勤誠中信97購01  ,0,0,0,0,0,0,0,0,0,-56000,0,0,0,11000,67000,-56000,-56000
04412P,欣興元富94售01  ,0,0,0,0,0,0,0,0,0,-56000,0,0,0,15000,71000,-56000,-56000
046671,彩晶元大93購03  ,0,0,0,0,0,0,0,0,0,-56000,0,0,0,23000,79000,-56000,-56000
050129,聯發科凱基94購11,0,0,0,0,0,0,0,0,0,-56000,0,0,0,30000,86000,-56000,-56000
050494,可成永昌96購01  ,0,0,0,0,0,0,0,0,0,-56000,0,0,0,148000,204000,-56000,-56000
050006,華擎永豐94購03  ,0,0,0,0,0,0,0,0,0,-56000,0,0,0,1000,57000,-56000,-56000
051445,可成元大95購06  ,0,0,0,0,0,0,0,0,0,-56000,0,0,0,1000,57000,-56000,-56000
050882,華泰國泰96購01  ,0,0,0,0,0,0,0,0,0,-56000,0,0,0,15000,71000,-56000,-56000
052067,中磊兆豐96購01  ,0,0,0,0,0,0,0,0,0,-56000,0,0,0,94000,150000,-56000,-56000
05267P,欣興元大95售08  ,0,0,0,0,0,0,0,0,0,-56000,0,0,0,15000,71000,-56000,-56000
052617,景碩國泰98購01  ,0,0,0,0,0,0,0,0,0,-56000,0,0,0,0,56000,-56000,-56000
052924,旺宏永豐96購01  ,0,0,0,0,0,0,0,0,0,-56000,0,0,0,68000,124000,-56000,-56000
3052,夆典            ,25000,79000,-54000,0,0,0,0,0,0,-2000,0,2000,-2000,0,0,0,-56000
6152,百一            ,0,56000,-56000,0,0,0,0,0,0,0,0,0,0,0,0,0,-56000
1709,和益            ,0,56000,-56000,0,0,0,0,0,0,0,0,0,0,0,0,0,-56000
056169,鴻海元富97購08  ,0,0,0,0,0,0,0,0,0,-56000,0,0,0,0,56000,-56000,-56000
056167,力成台新97購01  ,0,0,0,0,0,0,0,0,0,-56000,0,0,0,4000,60000,-56000,-56000
05546P,全新元大97售01  ,0,0,0,0,0,0,0,0,0,-57000,0,0,0,0,57000,-57000,-57000
054085,華新科統一96購04,0,0,0,0,0,0,0,0,0,-57000,0,0,0,35000,92000,-57000,-57000
054178,中磊台新97購01  ,0,0,0,0,0,0,0,0,0,-57000,0,0,0,38000,95000,-57000,-57000
053789,彩晶元大9C購02  ,0,0,0,0,0,0,0,0,0,-57000,0,0,0,10000,67000,-57000,-57000
049973,T50反1日盛9A購01,0,0,0,0,0,0,0,0,0,-57000,0,0,0,173000,230000,-57000,-57000
050016,緯穎富邦95購01  ,0,0,0,0,0,0,0,0,0,-57000,0,0,0,16000,73000,-57000,-57000
048370,可成統一93購04  ,0,0,0,0,0,0,0,0,0,-57000,0,0,0,49000,106000,-57000,-57000
053316,友達群益9A購01  ,0,0,0,0,0,0,0,0,0,-57000,0,0,0,23000,80000,-57000,-57000
052638,緯創凱基96購02  ,0,0,0,0,0,0,0,0,0,-57000,0,0,0,11000,68000,-57000,-57000
052482,茂林群益95購01  ,0,0,0,0,0,0,0,0,0,-57000,0,0,0,0,57000,-57000,-57000
05097P,聯發科日盛95售01,0,0,0,0,0,0,0,0,0,-57000,0,0,0,0,57000,-57000,-57000
06294P,臺股指國票97售08,0,0,0,0,0,0,0,0,0,-57000,0,0,0,45000,102000,-57000,-57000
06082P,華通統一98售01  ,0,0,0,0,0,0,0,0,0,-57000,0,0,0,30000,87000,-57000,-57000
053748,燿華永豐96購04  ,0,0,0,0,0,0,0,0,0,-58000,0,0,0,10000,68000,-58000,-58000
053417,上銀永豐96購02  ,0,0,0,0,0,0,0,0,0,-58000,0,0,0,10000,68000,-58000,-58000
053524,聯電中信97購02  ,0,0,0,0,0,0,0,0,0,-58000,0,0,0,0,58000,-58000,-58000
054160,華泰凱基98購01  ,0,0,0,0,0,0,0,0,0,-58000,0,0,0,10000,68000,-58000,-58000
054528,台光電統一96購02,0,0,0,0,0,0,0,0,0,-58000,0,0,0,0,58000,-58000,-58000
055468,智邦凱基97購04  ,0,0,0,0,0,0,0,0,0,-58000,0,0,0,10000,68000,-58000,-58000
055635,緯穎永豐97購01  ,0,0,0,0,0,0,0,0,0,-58000,0,0,0,0,58000,-58000,-58000
054718,可成永豐97購01  ,0,0,0,0,0,0,0,0,0,-58000,0,0,0,10000,68000,-58000,-58000
054758,南亞國票9A購01  ,0,0,0,0,0,0,0,0,0,-58000,0,0,0,16000,74000,-58000,-58000
04625P,燿華元大94售03  ,0,0,0,0,0,0,0,0,0,-58000,0,0,0,172000,230000,-58000,-58000
046142,康舒統一93購01  ,0,0,0,0,0,0,0,0,0,-58000,0,0,0,50000,108000,-58000,-58000
048997,智原國票95購01  ,0,0,0,0,0,0,0,0,0,-58000,0,0,0,0,58000,-58000,-58000
043972,大立光富邦93購02,0,0,0,0,0,0,0,0,0,-58000,0,0,0,7000,65000,-58000,-58000
03622P,台光電中信92售01,0,0,0,0,0,0,0,0,0,-58000,0,0,0,0,58000,-58000,-58000
048101,致伸凱基93購05  ,0,0,0,0,0,0,0,0,0,-58000,0,0,0,10000,68000,-58000,-58000
050502,聯發科凱基94購21,0,0,0,0,0,0,0,0,0,-58000,0,0,0,10000,68000,-58000,-58000
050439,新日興凱基94購01,0,0,0,0,0,0,0,0,0,-58000,0,0,0,166000,224000,-58000,-58000
050432,聯發科凱基94購19,0,0,0,0,0,0,0,0,0,-58000,0,0,0,10000,68000,-58000,-58000
050422,鴻海凱基96購01  ,0,0,0,0,0,0,0,0,0,-58000,0,0,0,10000,68000,-58000,-58000
050404,元大金麥證94購01,0,0,0,20000,78000,-58000,0,0,0,-58000,0,0,0,20000,78000,-58000,-58000
050353,華擎群益95購01  ,0,0,0,0,0,0,0,0,0,-58000,0,0,0,189000,247000,-58000,-58000
050079,元油2X統一94購06,0,0,0,0,0,0,0,0,0,-58000,0,0,0,10000,68000,-58000,-58000
049194,卜蜂永豐94購01  ,0,0,0,0,0,0,0,0,0,-58000,0,0,0,10000,68000,-58000,-58000
049523,微星兆豐94購02  ,0,0,0,0,0,0,0,0,0,-58000,0,0,0,98000,156000,-58000,-58000
048027,京元電凱基93購03,0,0,0,0,0,0,0,0,0,-58000,0,0,0,10000,68000,-58000,-58000
048029,聯發科凱基93購26,0,0,0,0,0,0,0,0,0,-58000,0,0,0,10000,68000,-58000,-58000
047443,智原元大94購01  ,0,0,0,0,0,0,0,0,0,-58000,0,0,0,42000,100000,-58000,-58000
051298,智邦凱基95購03  ,0,0,0,0,0,0,0,0,0,-58000,0,0,0,10000,68000,-58000,-58000
051442,正崴元大95購02  ,0,0,0,0,0,0,0,0,0,-58000,0,0,0,0,58000,-58000,-58000
051618,智邦凱基95購06  ,0,0,0,0,0,0,0,0,0,-58000,0,0,0,10000,68000,-58000,-58000
05158P,華通永豐95售01  ,0,0,0,0,0,0,0,0,0,-58000,0,0,0,34000,92000,-58000,-58000
051803,矽創永豐95購03  ,0,0,0,0,0,0,0,0,0,-58000,0,0,0,0,58000,-58000,-58000
052003,泰碩國泰97購02  ,0,0,0,0,0,0,0,0,0,-58000,0,0,0,3000,61000,-58000,-58000
052713,智邦凱基96購01  ,0,0,0,0,0,0,0,0,0,-58000,0,0,0,10000,68000,-58000,-58000
052210,華夏元大95購01  ,0,0,0,0,0,0,0,0,0,-58000,0,0,0,42000,100000,-58000,-58000
052193,國巨元富95購06  ,0,0,0,0,0,0,0,0,0,-58000,0,0,0,2000,60000,-58000,-58000
05235P,健鼎康和95售02  ,0,0,0,0,0,0,0,0,0,-58000,0,0,0,0,58000,-58000,-58000
052328,台表科中信99購01,0,0,0,0,0,0,0,0,0,-58000,0,0,0,102000,160000,-58000,-58000
053330,燿華永豐96購03  ,0,0,0,0,0,0,0,0,0,-58000,0,0,0,10000,68000,-58000,-58000
053097,超眾統一96購03  ,0,0,0,0,0,0,0,0,0,-58000,0,0,0,0,58000,-58000,-58000
055983,全新元富9A購02  ,0,0,0,0,0,0,0,0,0,-58000,0,0,0,0,58000,-58000,-58000
056060,宏達電元大99購01,0,0,0,0,0,0,0,0,0,-58000,0,0,0,2000,60000,-58000,-58000
054932,台肥元大97購01  ,0,0,0,0,0,0,0,0,0,-59000,0,0,0,92000,151000,-59000,-59000
055145,T50反1元大97購04,0,0,0,0,0,0,0,0,0,-59000,0,0,0,1000,60000,-59000,-59000
055654,景碩元富97購01  ,0,0,0,0,0,0,0,0,0,-59000,0,0,0,60000,119000,-59000,-59000
055458,燿華永豐98購01  ,0,0,0,0,0,0,0,0,0,-59000,0,0,0,9000,68000,-59000,-59000
05401P,聯茂永豐95售03  ,0,0,0,0,0,0,0,0,0,-59000,0,0,0,37000,96000,-59000,-59000
053409,和碩兆豐96購02  ,0,0,0,0,0,0,0,0,0,-59000,0,0,0,38000,97000,-59000,-59000
046965,復盛中信93購01  ,0,0,0,0,0,0,0,0,0,-59000,0,0,0,30000,89000,-59000,-59000
044526,訊芯凱基93購02  ,0,0,0,0,0,0,0,0,0,-59000,0,0,0,1000,60000,-59000,-59000
04876P,台光電中信94售02,0,0,0,0,0,0,0,0,0,-59000,0,0,0,0,59000,-59000,-59000
049198,聯鈞永豐94購01  ,0,0,0,0,0,0,0,0,0,-59000,0,0,0,1000,60000,-59000,-59000
050334,鴻海國泰96購07  ,0,0,0,0,0,0,0,0,0,-59000,0,0,0,34000,93000,-59000,-59000
053238,麗豐永豐96購01  ,0,0,0,0,0,0,0,0,0,-59000,0,0,0,11000,70000,-59000,-59000
05205P,緯穎元大95售03  ,0,0,0,0,0,0,0,0,0,-59000,0,0,0,1000,60000,-59000,-59000
050864,亞光永豐95購01  ,0,0,0,0,0,0,0,0,0,-59000,0,0,0,3000,62000,-59000,-59000
050573,光寶科國票94購01,0,0,0,0,0,0,0,0,0,-59000,0,0,0,1000,60000,-59000,-59000
06158P,玉晶光元富97售08,0,0,0,0,0,0,0,0,0,-59000,0,0,0,8000,67000,-59000,-59000
6541,泰福-KY         ,17000,75000,-58000,0,0,0,0,0,0,-1000,0,1000,-1000,0,0,0,-59000
6449,鈺邦            ,50324,102000,-51676,0,0,0,0,0,0,-8000,7000,15000,-8000,0,0,0,-59676
053737,華新科麥證96購01,0,0,0,10000,70000,-60000,0,0,0,-60000,0,0,0,10000,70000,-60000,-60000
053693,欣興元大96購05  ,0,0,0,0,0,0,0,0,0,-60000,0,0,0,0,60000,-60000,-60000
053997,健策群益97購02  ,0,0,0,0,0,0,0,0,0,-60000,0,0,0,21000,81000,-60000,-60000
054344,景碩國票97購04  ,0,0,0,0,0,0,0,0,0,-60000,0,0,0,0,60000,-60000,-60000
055613,全新國票98購01  ,0,0,0,0,0,0,0,0,0,-60000,0,0,0,0,60000,-60000,-60000
055382,台郡元大99購01  ,0,0,0,0,0,0,0,0,0,-60000,0,0,0,0,60000,-60000,-60000
055319,國巨國票98購03  ,0,0,0,0,0,0,0,0,0,-60000,0,0,0,0,60000,-60000,-60000
055685,日月光凱基97購02,0,0,0,0,0,0,0,0,0,-60000,0,0,0,0,60000,-60000,-60000
055673,旺宏日盛97購01  ,0,0,0,0,0,0,0,0,0,-60000,0,0,0,0,60000,-60000,-60000
055189,台虹統一97購01  ,0,0,0,0,0,0,0,0,0,-60000,0,0,0,0,60000,-60000,-60000
054921,文曄凱基97購01  ,0,0,0,0,0,0,0,0,0,-60000,0,0,0,0,60000,-60000,-60000
044509,台光電凱基93購03,0,0,0,0,0,0,0,0,0,-60000,0,0,0,50000,110000,-60000,-60000
04653P,臺股指凱基94售12,0,0,0,0,0,0,0,0,0,-60000,0,0,0,0,60000,-60000,-60000
045527,建準永豐92購01  ,0,0,0,0,0,0,0,0,0,-60000,0,0,0,0,60000,-60000,-60000
045153,大立光凱基93購04,0,0,0,0,0,0,0,0,0,-60000,0,0,0,0,60000,-60000,-60000
03240P,臺股指元大02售05,0,0,0,0,0,0,0,0,0,-60000,0,0,0,0,60000,-60000,-60000
03259P,聯發科康和02售01,0,0,0,0,0,0,0,0,0,-60000,0,0,0,0,60000,-60000,-60000
03940P,訊芯元大93售05  ,0,0,0,0,0,0,0,0,0,-60000,0,0,0,0,60000,-60000,-60000
03126P,旭富凱基01售04  ,0,0,0,0,0,0,0,0,0,-60000,0,0,0,0,60000,-60000,-60000
03808P,旺宏國泰94售02  ,0,0,0,0,0,0,0,0,0,-60000,0,0,0,0,60000,-60000,-60000
04078P,臺股指凱基93售14,0,0,0,0,0,0,0,0,0,-60000,0,0,0,0,60000,-60000,-60000
044285,鴻海凱基93購06  ,0,0,0,0,0,0,0,0,0,-60000,0,0,0,50000,110000,-60000,-60000
04276P,聯發科凱基93售33,0,0,0,0,0,0,0,0,0,-60000,0,0,0,50000,110000,-60000,-60000
042801,達邁元大93購01  ,0,0,0,0,0,0,0,0,0,-60000,0,0,0,20000,80000,-60000,-60000
040578,SP黃豆元富95購03,0,0,0,0,0,0,0,0,0,-60000,0,0,0,0,60000,-60000,-60000
04315P,台光電國票93售04,0,0,0,0,0,0,0,0,0,-60000,0,0,0,5000,65000,-60000,-60000
050437,聯詠凱基94購04  ,0,0,0,0,0,0,0,0,0,-60000,0,0,0,0,60000,-60000,-60000
05044P,亞德客永豐95售01,0,0,0,0,0,0,0,0,0,-60000,0,0,0,85000,145000,-60000,-60000
047194,世紀鋼元大96購01,0,0,0,0,0,0,0,0,0,-60000,0,0,0,0,60000,-60000,-60000
047270,元油2X永豐94購02,0,0,0,0,0,0,0,0,0,-60000,0,0,0,0,60000,-60000,-60000
047255,訊芯群益93購01  ,0,0,0,0,0,0,0,0,0,-60000,0,0,0,0,60000,-60000,-60000
047261,聯詠國票93購02  ,0,0,0,0,0,0,0,0,0,-60000,0,0,0,0,60000,-60000,-60000
050797,聯發科中信99購01,0,0,0,0,0,0,0,0,0,-60000,0,0,0,1000,61000,-60000,-60000
047182,智邦元大93購07  ,0,0,0,0,0,0,0,0,0,-60000,0,0,0,2000,62000,-60000,-60000
050007,貿聯永豐94購01  ,0,0,0,0,0,0,0,0,0,-60000,0,0,0,0,60000,-60000,-60000
048119,臺指反元大96購03,0,0,0,0,0,0,0,0,0,-60000,0,0,0,0,60000,-60000,-60000
049985,華擎凱基94購01  ,0,0,0,0,0,0,0,0,0,-60000,0,0,0,0,60000,-60000,-60000
048042,廣越康和93購02  ,0,0,0,0,0,0,0,0,0,-60000,0,0,0,10000,70000,-60000,-60000
048655,A50正2元富96購01,0,0,0,0,0,0,0,0,0,-60000,0,0,0,0,60000,-60000,-60000
047803,卜蜂凱基93購03  ,0,0,0,0,0,0,0,0,0,-60000,0,0,0,0,60000,-60000,-60000
049313,晶技凱基94購01  ,0,0,0,0,0,0,0,0,0,-60000,0,0,0,20000,80000,-60000,-60000
048908,慧洋富邦95購01  ,0,0,0,0,0,0,0,0,0,-60000,0,0,0,40000,100000,-60000,-60000
048750,智原元富94購01  ,0,0,0,0,0,0,0,0,0,-60000,0,0,0,0,60000,-60000,-60000
047447,台郡元大94購02  ,0,0,0,0,0,0,0,0,0,-60000,0,0,0,205000,265000,-60000,-60000
047912,台郡麥證94購01  ,0,0,0,0,60000,-60000,0,0,0,-60000,0,0,0,0,60000,-60000,-60000
049432,聯詠國票95購01  ,0,0,0,0,0,0,0,0,0,-60000,0,0,0,0,60000,-60000,-60000
050558,台積電統一94購14,0,0,0,0,0,0,0,0,0,-60000,0,0,0,610000,670000,-60000,-60000
051004,台新金中信95購02,0,0,0,0,0,0,0,0,0,-60000,0,0,0,0,60000,-60000,-60000
051278,臻鼎中信97購02  ,0,0,0,0,0,0,0,0,0,-60000,0,0,0,0,60000,-60000,-60000
051204,正崴麥證95購01  ,0,0,0,0,61000,-61000,0,0,0,-60000,0,0,0,1000,61000,-60000,-60000
051152,鴻海國泰97購01  ,0,0,0,0,0,0,0,0,0,-60000,0,0,0,100000,160000,-60000,-60000
052024,臺股指永豐95購04,0,0,0,0,0,0,0,0,0,-60000,0,0,0,0,60000,-60000,-60000
051794,臻鼎國票96購02  ,0,0,0,0,0,0,0,0,0,-60000,0,0,0,0,60000,-60000,-60000
051830,健策元大97購01  ,0,0,0,0,0,0,0,0,0,-60000,0,0,0,83000,143000,-60000,-60000
051852,啟碁群益95購01  ,0,0,0,0,0,0,0,0,0,-60000,0,0,0,0,60000,-60000,-60000
051870,台郡凱基95購04  ,0,0,0,0,0,0,0,0,0,-60000,0,0,0,0,60000,-60000,-60000
051580,宏碁元大95購02  ,0,0,0,0,0,0,0,0,0,-60000,0,0,0,20000,80000,-60000,-60000
051673,玉晶光元大96購04,0,0,0,0,0,0,0,0,0,-60000,0,0,0,1000,61000,-60000,-60000
051401,華新科永豐95購01,0,0,0,0,0,0,0,0,0,-60000,0,0,0,0,60000,-60000,-60000
052140,鈺齊凱基95購02  ,0,0,0,0,0,0,0,0,0,-60000,0,0,0,0,60000,-60000,-60000
052277,台達電凱基97購01,0,0,0,0,0,0,0,0,0,-60000,0,0,0,0,60000,-60000,-60000
052540,華新科統一95購03,0,0,0,0,0,0,0,0,0,-60000,0,0,0,10000,70000,-60000,-60000
053246,聯詠國票97購02  ,0,0,0,0,0,0,0,0,0,-60000,0,0,0,0,60000,-60000,-60000
053014,旺宏統一97購02  ,0,0,0,0,0,0,0,0,0,-60000,0,0,0,50000,110000,-60000,-60000
052822,泰碩永豐97購01  ,0,0,0,0,0,0,0,0,0,-60000,0,0,0,0,60000,-60000,-60000
6491,晶碩            ,2000,62000,-60000,0,0,0,0,0,0,0,0,0,0,0,0,0,-60000
3454,晶睿            ,13000,73000,-60000,0,0,0,0,0,0,0,2000,2000,0,0,0,0,-60000
06235P,國巨元大97售12  ,0,0,0,0,0,0,0,0,0,-60000,0,0,0,0,60000,-60000,-60000
056244,群創群益98購09  ,0,0,0,0,0,0,0,0,0,-60000,0,0,0,0,60000,-60000,-60000
05803P,臺股指兆豐96售03,0,0,0,0,0,0,0,0,0,-60000,0,0,0,0,60000,-60000,-60000
055152,旺宏元大98購04  ,0,0,0,0,0,0,0,0,0,-61000,0,0,0,120000,181000,-61000,-61000
055641,鴻海元富97購04  ,0,0,0,0,0,0,0,0,0,-61000,0,0,0,5000,66000,-61000,-61000
054395,華新科永豐96購03,0,0,0,0,0,0,0,0,0,-61000,0,0,0,52000,113000,-61000,-61000
054458,復盛群益96購01  ,0,0,0,0,0,0,0,0,0,-61000,0,0,0,20000,81000,-61000,-61000
054413,台光電元大96購03,0,0,0,0,0,0,0,0,0,-61000,0,0,0,0,61000,-61000,-61000
054559,台光電群益99購01,0,0,0,0,0,0,0,0,0,-61000,0,0,0,0,61000,-61000,-61000
0052,富邦科技        ,1000,3000,-2000,0,0,0,0,0,0,-59000,0,0,0,102000,161000,-59000,-61000
03957P,創意統一94售02  ,0,0,0,0,0,0,0,0,0,-61000,0,0,0,41000,102000,-61000,-61000
04392P,牧德凱基94售05  ,0,0,0,0,0,0,0,0,0,-61000,0,0,0,0,61000,-61000,-61000
04539P,力山永豐94售02  ,0,0,0,0,0,0,0,0,0,-61000,0,0,0,0,61000,-61000,-61000
045101,玉晶光中信94購01,0,0,0,0,0,0,0,0,0,-61000,0,0,0,214000,275000,-61000,-61000
049847,旺宏群益94購04  ,0,0,0,0,0,0,0,0,0,-61000,0,0,0,2000,63000,-61000,-61000
04793P,台光電元大94售07,0,0,0,0,0,0,0,0,0,-61000,0,0,0,14000,75000,-61000,-61000
047549,聯發科凱基93購12,0,0,0,0,0,0,0,0,0,-61000,0,0,0,10000,71000,-61000,-61000
047723,廣宇群益94購01  ,0,0,0,0,0,0,0,0,0,-61000,0,0,0,0,61000,-61000,-61000
048603,中磊國票94購02  ,0,0,0,0,0,0,0,0,0,-61000,0,0,0,0,61000,-61000,-61000
050390,聯發科統一94購09,0,0,0,0,0,0,0,0,0,-61000,0,0,0,0,61000,-61000,-61000
05302P,華通國泰96售01  ,0,0,0,0,0,0,0,0,0,-61000,0,0,0,0,61000,-61000,-61000
053133,華邦電國票97購01,0,0,0,0,0,0,0,0,0,-61000,0,0,0,0,61000,-61000,-61000
053195,玉晶光元富96購02,0,0,0,0,0,0,0,0,0,-61000,0,0,0,0,61000,-61000,-61000
051935,味全群益95購01  ,0,0,0,0,0,0,0,0,0,-61000,0,0,0,38000,99000,-61000,-61000
051315,同欣電麥證95購01,0,0,0,0,66000,-66000,0,0,0,-61000,0,0,0,5000,66000,-61000,-61000
056140,康控元大98購01  ,0,0,0,0,0,0,0,0,0,-61000,0,0,0,200000,261000,-61000,-61000
06322P,超眾統一97售04  ,0,0,0,0,0,0,0,0,0,-61000,0,0,0,35000,96000,-61000,-61000
2030,彰源            ,4000,49000,-45000,0,0,0,0,0,0,-16000,0,16000,-16000,0,0,0,-61000
054504,聯鈞永豐96購01  ,0,0,0,0,0,0,0,0,0,-62000,0,0,0,10000,72000,-62000,-62000
054173,奇力新台新97購02,0,0,0,0,0,0,0,0,0,-62000,0,0,0,10000,72000,-62000,-62000
053846,友達元富99購02  ,0,0,0,0,0,0,0,0,0,-62000,0,0,0,0,62000,-62000,-62000
053894,創意群益96購01  ,0,0,0,0,0,0,0,0,0,-62000,0,0,0,50000,112000,-62000,-62000
055649,華新科元富97購03,0,0,0,0,0,0,0,0,0,-62000,0,0,0,0,62000,-62000,-62000
055442,矽創國票98購02  ,0,0,0,0,0,0,0,0,0,-62000,0,0,0,0,62000,-62000,-62000
055018,緯穎元富97購02  ,0,0,0,0,0,0,0,0,0,-62000,0,0,0,0,62000,-62000,-62000
054844,華邦電兆豐98購01,0,0,0,0,0,0,0,0,0,-62000,0,0,0,68000,130000,-62000,-62000
054680,華新科康和97購02,0,0,0,0,0,0,0,0,0,-62000,0,0,0,177000,239000,-62000,-62000
045571,元油2X元大95購04,0,0,0,0,0,0,0,0,0,-62000,0,0,0,0,62000,-62000,-62000
045165,台虹國泰93購01  ,0,0,0,0,0,0,0,0,0,-62000,0,0,0,13000,75000,-62000,-62000
049285,宏碁兆豐94購01  ,0,0,0,0,0,0,0,0,0,-62000,0,0,0,105000,167000,-62000,-62000
048273,南電富邦97購01  ,0,0,0,0,0,0,0,0,0,-62000,0,0,0,8000,70000,-62000,-62000
05094P,大立光元大95售07,0,0,0,0,0,0,0,0,0,-62000,0,0,0,18000,80000,-62000,-62000
056056,旺宏元大97購06  ,0,0,0,0,0,0,0,0,0,-62000,0,0,0,51000,113000,-62000,-62000
2537,聯上發          ,206000,269000,-63000,0,0,0,0,0,0,1000,1000,0,1000,0,0,0,-62000
054897,信錦康和97購01  ,0,0,0,0,0,0,0,0,0,-63000,0,0,0,0,63000,-63000,-63000
055476,台郡凱基97購02  ,0,0,0,0,0,0,0,0,0,-63000,0,0,0,0,63000,-63000,-63000
053656,可成凱基96購06  ,0,0,0,0,0,0,0,0,0,-63000,0,0,0,5000,68000,-63000,-63000
049136,華通元大95購01  ,0,0,0,0,0,0,0,0,0,-63000,0,0,0,17000,80000,-63000,-63000
049880,健策永豐94購02  ,0,0,0,0,0,0,0,0,0,-63000,0,0,0,20000,83000,-63000,-63000
051902,T50反1元大97購01,0,0,0,0,0,0,0,0,0,-63000,0,0,0,28000,91000,-63000,-63000
051584,可成元大95購08  ,0,0,0,0,0,0,0,0,0,-63000,0,0,0,0,63000,-63000,-63000
2538,基泰            ,16000,79000,-63000,0,0,0,0,0,0,0,0,0,0,0,0,0,-63000
3010,華立            ,112000,175000,-63000,0,0,0,0,0,0,0,0,0,0,0,0,0,-63000
4141,龍燈-KY         ,19000,81000,-62000,0,0,0,0,0,0,-1000,0,1000,-1000,0,0,0,-63000
08897P,國巨群益01售10  ,0,0,0,0,0,0,0,0,0,-63000,0,0,0,55000,118000,-63000,-63000
06233P,訊芯永豐97售03  ,0,0,0,0,0,0,0,0,0,-63000,0,0,0,317000,380000,-63000,-63000
054510,S&P反1元大98購01,0,0,0,0,0,0,0,0,0,-64000,0,0,0,0,64000,-64000,-64000
055932,玉山金群益99購01,0,0,0,0,0,0,0,0,0,-64000,0,0,0,0,64000,-64000,-64000
045362,A50正2兆豐93購02,0,0,0,0,0,0,0,0,0,-64000,0,0,0,0,64000,-64000,-64000
045325,元油2X永豐94購01,0,0,0,0,0,0,0,0,0,-64000,0,0,0,6000,70000,-64000,-64000
04054P,滬深2X富邦96售02,0,0,0,0,0,0,0,0,0,-64000,0,0,0,16000,80000,-64000,-64000
047741,鴻海統一93購06  ,0,0,0,0,0,0,0,0,0,-64000,0,0,0,11000,75000,-64000,-64000
049317,啟碁凱基94購02  ,0,0,0,0,0,0,0,0,0,-64000,0,0,0,6000,70000,-64000,-64000
051347,國巨元大95購06  ,0,0,0,0,0,0,0,0,0,-64000,0,0,0,0,64000,-64000,-64000
051283,亞德客統一95購01,0,0,0,0,0,0,0,0,0,-64000,0,0,0,41000,105000,-64000,-64000
052758,友達群益99購01  ,0,0,0,0,0,0,0,0,0,-64000,0,0,0,112000,176000,-64000,-64000
052194,旺宏元富95購04  ,0,0,0,0,0,0,0,0,0,-64000,0,0,0,0,64000,-64000,-64000
056102,億光永豐97購02  ,0,0,0,0,0,0,0,0,0,-64000,0,0,0,17000,81000,-64000,-64000
4536,拓凱            ,71000,94000,-23000,0,0,0,0,0,0,-41000,0,41000,-41000,0,0,0,-64000
4916,事欣科          ,32000,94000,-62000,0,0,0,0,0,0,-2000,0,2000,-2000,0,0,0,-64000
3047,訊舟            ,88000,148000,-60000,0,0,0,0,0,0,-4000,0,4000,-4000,0,0,0,-64000
2433,互盛電          ,20000,14000,6000,0,0,0,0,0,0,-70000,0,70000,-70000,0,0,0,-64000
9941,裕融            ,83000,95000,-12000,0,0,0,2000,0,2000,-54000,0,54000,-54000,0,0,0,-64000
055858,聯茂元大97購03  ,0,0,0,0,0,0,0,0,0,-65000,0,0,0,1000,66000,-65000,-65000
054370,台積電中信9A購01,0,0,0,0,0,0,0,0,0,-65000,0,0,0,5000,70000,-65000,-65000
053767,臻鼎富邦97購02  ,0,0,0,0,0,0,0,0,0,-65000,0,0,0,0,65000,-65000,-65000
042805,智邦統一93購01  ,0,0,0,0,0,0,0,0,0,-65000,0,0,0,94000,159000,-65000,-65000
044198,友達國票92購01  ,0,0,0,0,0,0,0,0,0,-65000,0,0,0,5000,70000,-65000,-65000
045860,鴻海統一93購03  ,0,0,0,0,0,0,0,0,0,-65000,0,0,0,0,65000,-65000,-65000
049499,康控元大96購01  ,0,0,0,0,0,0,0,0,0,-65000,0,0,0,10000,75000,-65000,-65000
05269P,臻鼎元大95售05  ,0,0,0,0,0,0,0,0,0,-65000,0,0,0,64000,129000,-65000,-65000
051053,台光電群益95購01,0,0,0,0,0,0,0,0,0,-65000,0,0,0,18000,83000,-65000,-65000
050613,台光電元大94購09,0,0,0,0,0,0,0,0,0,-65000,0,0,0,30000,95000,-65000,-65000
051641,矽創國票96購01  ,0,0,0,0,0,0,0,0,0,-65000,0,0,0,0,65000,-65000,-65000
051969,世紀鋼永豐95購01,0,0,0,0,0,0,0,0,0,-65000,0,0,0,20000,85000,-65000,-65000
3030,德律            ,102000,127000,-25000,0,0,0,0,0,0,-40000,8000,48000,-40000,0,0,0,-65000
5471,松翰            ,8000,72000,-64000,0,0,0,0,0,0,-1000,0,1000,-1000,0,0,0,-65000
05970P,超眾永豐96售03  ,0,0,0,0,0,0,0,0,0,-65000,0,0,0,36000,101000,-65000,-65000
06108P,奇力新群益97售05,0,0,0,0,0,0,0,0,0,-65000,0,0,0,16000,81000,-65000,-65000
1608,華榮            ,7000,72000,-65000,0,0,0,0,0,0,0,0,0,0,0,0,0,-65000
053778,旺宏元大97購03  ,0,0,0,0,0,0,0,0,0,-66000,0,0,0,13000,79000,-66000,-66000
053657,元大金凱基96購01,0,0,0,0,0,0,0,0,0,-66000,0,0,0,0,66000,-66000,-66000
05574P,英業達元富96售01,0,0,0,0,0,0,0,0,0,-66000,0,0,0,24000,90000,-66000,-66000
055312,台虹群益99購01  ,0,0,0,0,0,0,0,0,0,-66000,0,0,0,0,66000,-66000,-66000
046172,美律永豐92購01  ,0,0,0,0,0,0,0,0,0,-66000,0,0,0,20000,86000,-66000,-66000
04428P,台光電元大94售02,0,0,0,0,0,0,0,0,0,-66000,0,0,0,34000,100000,-66000,-66000
04979P,臺股指凱基96售07,0,0,0,0,0,0,0,0,0,-66000,0,0,0,5000,71000,-66000,-66000
047993,鑽全元大96購01  ,0,0,0,0,0,0,0,0,0,-66000,0,0,0,34000,100000,-66000,-66000
048086,鴻海凱基93購33  ,0,0,0,0,0,0,0,0,0,-66000,0,0,0,25000,91000,-66000,-66000
048140,T50反1統一93購05,0,0,0,0,0,0,0,0,0,-66000,0,0,0,0,66000,-66000,-66000
050789,矽創國泰96購01  ,0,0,0,0,0,0,0,0,0,-66000,0,0,0,0,66000,-66000,-66000
050699,京鼎凱基96購01  ,0,0,0,0,0,0,0,0,0,-66000,0,0,0,13000,79000,-66000,-66000
052355,為升永豐95購02  ,0,0,0,0,0,0,0,0,0,-66000,0,0,0,30000,96000,-66000,-66000
05885P,牧德統一96售01  ,0,0,0,0,0,0,0,0,0,-66000,0,0,0,47000,113000,-66000,-66000
5234,達興材料        ,38000,70000,-32000,0,0,0,0,0,0,-34000,0,34000,-34000,0,0,0,-66000
055418,華通永豐97購01  ,0,0,0,0,0,0,0,0,0,-67000,0,0,0,0,67000,-67000,-67000
053574,奇力新元富99購01,0,0,0,0,0,0,0,0,0,-67000,0,0,0,5000,72000,-67000,-67000
054631,台郡凱基98購02  ,0,0,0,0,0,0,0,0,0,-67000,0,0,0,0,67000,-67000,-67000
04380P,欣興元大94售02  ,0,0,0,0,0,0,0,0,0,-67000,0,0,0,0,67000,-67000,-67000
04909P,鴻海統一94售10  ,0,0,0,0,0,0,0,0,0,-67000,0,0,0,37000,104000,-67000,-67000
047932,麗豐凱基93購01  ,0,0,0,0,0,0,0,0,0,-67000,0,0,0,1000,68000,-67000,-67000
048752,廣越元富95購01  ,0,0,0,0,0,0,0,0,0,-67000,0,0,0,7000,74000,-67000,-67000
051417,揚明光國票96購01,0,0,0,0,0,0,0,0,0,-67000,0,0,0,0,67000,-67000,-67000
6168,宏齊            ,32000,93000,-61000,0,0,0,0,0,0,-6000,0,6000,-6000,0,0,0,-67000
3050,鈺德            ,8000,72000,-64000,0,0,0,0,0,0,-3000,0,3000,-3000,0,0,0,-67000
054618,訊芯永豐97購01  ,0,0,0,0,0,0,0,0,0,-68000,0,0,0,20000,88000,-68000,-68000
054547,鴻海凱基98購02  ,0,0,0,0,0,0,0,0,0,-68000,0,0,0,5000,73000,-68000,-68000
054548,鴻海凱基98購03  ,0,0,0,0,0,0,0,0,0,-68000,0,0,0,0,68000,-68000,-68000
054360,智邦凱基96購03  ,0,0,0,0,0,0,0,0,0,-68000,0,0,0,0,68000,-68000,-68000
054219,楠梓電統一97購01,0,0,0,0,0,0,0,0,0,-68000,0,0,0,0,68000,-68000,-68000
054302,鴻海凱基96購18  ,0,0,0,0,0,0,0,0,0,-68000,0,0,0,0,68000,-68000,-68000
054306,聯發科凱基96購23,0,0,0,0,0,0,0,0,0,-68000,0,0,0,0,68000,-68000,-68000
054022,南亞康和96購01  ,0,0,0,0,0,0,0,0,0,-68000,0,0,0,0,68000,-68000,-68000
053542,超眾永豐96購01  ,0,0,0,0,0,0,0,0,0,-68000,0,0,0,0,68000,-68000,-68000
053771,華新元大97購01  ,0,0,0,0,0,0,0,0,0,-68000,0,0,0,10000,78000,-68000,-68000
053834,卜蜂永豐96購01  ,0,0,0,0,0,0,0,0,0,-68000,0,0,0,0,68000,-68000,-68000
053956,旺宏永豐96購04  ,0,0,0,0,0,0,0,0,0,-68000,0,0,0,3000,71000,-68000,-68000
053931,楠梓電統一96購01,0,0,0,0,0,0,0,0,0,-68000,0,0,0,0,68000,-68000,-68000
055347,台積電凱基97購10,0,0,0,0,0,0,0,0,0,-68000,0,0,0,0,68000,-68000,-68000
055457,聚陽永豐97購01  ,0,0,0,0,0,0,0,0,0,-68000,0,0,0,133000,201000,-68000,-68000
055705,微星永豐97購01  ,0,0,0,0,0,0,0,0,0,-68000,0,0,0,0,68000,-68000,-68000
054898,台肥康和97購01  ,0,0,0,0,0,0,0,0,0,-68000,0,0,0,0,68000,-68000,-68000
055015,帆宣元富97購01  ,0,0,0,0,0,0,0,0,0,-68000,0,0,0,0,68000,-68000,-68000
055133,致新康和97購01  ,0,0,0,0,0,0,0,0,0,-68000,0,0,0,0,68000,-68000,-68000
055217,緯創凱基97購02  ,0,0,0,0,0,0,0,0,0,-68000,0,0,0,105000,173000,-68000,-68000
049413,台達電凱基94購06,0,0,0,0,0,0,0,0,0,-68000,0,0,0,0,68000,-68000,-68000
046204,致新凱基93購01  ,0,0,0,0,0,0,0,0,0,-68000,0,0,0,0,68000,-68000,-68000
045958,技嘉凱基93購04  ,0,0,0,0,0,0,0,0,0,-68000,0,0,0,0,68000,-68000,-68000
047554,聯詠凱基93購04  ,0,0,0,0,0,0,0,0,0,-68000,0,0,0,0,68000,-68000,-68000
050814,微星凱基95購01  ,0,0,0,0,0,0,0,0,0,-68000,0,0,0,0,68000,-68000,-68000
050507,聯詠凱基94購06  ,0,0,0,0,0,0,0,0,0,-68000,0,0,0,0,68000,-68000,-68000
049983,智原凱基94購02  ,0,0,0,0,0,0,0,0,0,-68000,0,0,0,0,68000,-68000,-68000
050002,智原永豐94購02  ,0,0,0,0,0,0,0,0,0,-68000,0,0,0,0,68000,-68000,-68000
051643,瑞昱康和95購01  ,0,0,0,0,0,0,0,0,0,-68000,0,0,0,0,68000,-68000,-68000
051866,聯發科凱基96購05,0,0,0,0,0,0,0,0,0,-68000,0,0,0,50000,118000,-68000,-68000
050671,超眾永豐94購04  ,0,0,0,0,0,0,0,0,0,-68000,0,0,0,10000,78000,-68000,-68000
050927,聯詠凱基95購01  ,0,0,0,0,0,0,0,0,0,-68000,0,0,0,0,68000,-68000,-68000
051045,南茂永豐95購01  ,0,0,0,0,0,0,0,0,0,-68000,0,0,0,0,68000,-68000,-68000
051181,鴻海永豐95購03  ,0,0,0,0,0,0,0,0,0,-68000,0,0,0,0,68000,-68000,-68000
052280,聯發科凱基95購11,0,0,0,0,0,0,0,0,0,-68000,0,0,0,0,68000,-68000,-68000
052579,亞泥元富96購01  ,0,0,0,0,0,0,0,0,0,-68000,0,0,0,12000,80000,-68000,-68000
052400,聯詠凱基97購01  ,0,0,0,0,0,0,0,0,0,-68000,0,0,0,0,68000,-68000,-68000
052816,上銀永豐96購01  ,0,0,0,0,0,0,0,0,0,-68000,0,0,0,36000,104000,-68000,-68000
053305,聯詠凱基96購02  ,0,0,0,0,0,0,0,0,0,-68000,0,0,0,0,68000,-68000,-68000
3645,達邁            ,180000,253000,-73000,0,0,0,0,0,0,5000,15000,10000,5000,0,0,0,-68000
9955,佳龍            ,25000,93000,-68000,0,0,0,0,0,0,0,0,0,0,0,0,0,-68000
05961P,鴻海群益97售01  ,0,0,0,0,0,0,0,0,0,-68000,0,0,0,10000,78000,-68000,-68000
05465P,台表科永豐95售03,0,0,0,0,0,0,0,0,0,-69000,0,0,0,77000,146000,-69000,-69000
054716,緯穎康和97購01  ,0,0,0,0,0,0,0,0,0,-69000,0,0,0,0,69000,-69000,-69000
055405,華泰國泰98購01  ,0,0,0,0,0,0,0,0,0,-69000,0,0,0,29000,98000,-69000,-69000
053627,宏碁兆豐97購01  ,0,0,0,0,0,0,0,0,0,-69000,0,0,0,13000,82000,-69000,-69000
049255,旺宏元大97購02  ,0,0,0,0,0,0,0,0,0,-69000,0,0,0,32000,101000,-69000,-69000
049153,大立光元大96購02,0,0,0,0,0,0,0,0,0,-69000,0,0,0,355000,424000,-69000,-69000
043916,群創凱基93購01  ,0,0,0,0,0,0,0,0,0,-69000,0,0,0,11000,80000,-69000,-69000
045732,儒鴻國票93購01  ,0,0,0,0,0,0,0,0,0,-69000,0,0,0,0,69000,-69000,-69000
048056,全新國泰94購02  ,0,0,0,0,0,0,0,0,0,-69000,0,0,0,44000,113000,-69000,-69000
048064,可成統一93購02  ,0,0,0,0,0,0,0,0,0,-69000,0,0,0,21000,90000,-69000,-69000
049745,國巨永豐94購04  ,0,0,0,0,0,0,0,0,0,-69000,0,0,0,150000,219000,-69000,-69000
049617,光罩群益94購03  ,0,0,0,0,0,0,0,0,0,-69000,0,0,0,46000,115000,-69000,-69000
049645,台積電凱基94購22,0,0,0,0,0,0,0,0,0,-69000,0,0,0,19000,88000,-69000,-69000
049595,麗豐元大95購01  ,0,0,0,0,0,0,0,0,0,-69000,0,0,0,75000,144000,-69000,-69000
053162,緯穎元大97購01  ,0,0,0,0,0,0,0,0,0,-69000,0,0,0,18000,87000,-69000,-69000
053029,國巨第一96購01  ,0,0,0,0,0,0,0,0,0,-69000,0,0,0,382000,451000,-69000,-69000
053045,國巨中信97購01  ,0,0,0,0,0,0,0,0,0,-69000,0,0,0,292000,361000,-69000,-69000
05251P,喬山台新95售02  ,0,0,0,0,0,0,0,0,0,-69000,0,0,0,34000,103000,-69000,-69000
05123P,鴻海永昌96售07  ,0,0,0,0,0,0,0,0,0,-69000,0,0,0,750000,819000,-69000,-69000
050562,瑞昱元富94購02  ,0,0,0,0,0,0,0,0,0,-69000,0,0,0,26000,95000,-69000,-69000
052032,臺股指群益95購05,0,0,0,0,0,0,0,0,0,-69000,0,0,0,0,69000,-69000,-69000
056095,臻鼎元富9A購01  ,0,0,0,0,0,0,0,0,0,-69000,0,0,0,0,69000,-69000,-69000
055977,南亞科統一97購01,0,0,0,0,0,0,0,0,0,-69000,0,0,0,0,69000,-69000,-69000
06182P,群創兆豐97售03  ,0,0,0,0,0,0,0,0,0,-69000,0,0,0,32000,101000,-69000,-69000
053836,亞光永豐96購02  ,0,0,0,0,0,0,0,0,0,-70000,0,0,0,10000,80000,-70000,-70000
053803,聯發科凱基96購18,0,0,0,0,0,0,0,0,0,-70000,0,0,0,20000,90000,-70000,-70000
053691,聯發科元大96購16,0,0,0,0,0,0,0,0,0,-70000,0,0,0,0,70000,-70000,-70000
054156,聯電亞東98購01  ,0,0,0,0,0,0,0,0,0,-70000,0,0,0,0,70000,-70000,-70000
054269,台光電亞東98購01,0,0,0,0,0,0,0,0,0,-70000,0,0,0,0,70000,-70000,-70000
055504,貿聯元大98購04  ,0,0,0,0,0,0,0,0,0,-70000,0,0,0,0,70000,-70000,-70000
055676,亞德客凱基97購03,0,0,0,0,0,0,0,0,0,-70000,0,0,0,0,70000,-70000,-70000
054951,大毅元大97購01  ,0,0,0,0,0,0,0,0,0,-70000,0,0,0,1000,71000,-70000,-70000
055198,奇力新第一97購01,0,0,0,0,0,0,0,0,0,-70000,0,0,0,20000,90000,-70000,-70000
055224,鴻海國票99購02  ,0,0,0,0,0,0,0,0,0,-70000,0,0,0,0,70000,-70000,-70000
045628,台積電凱基92購11,0,0,0,0,0,0,0,0,0,-70000,0,0,0,0,70000,-70000,-70000
04925P,和碩元大94售03  ,0,0,0,0,0,0,0,0,0,-70000,0,0,0,80000,150000,-70000,-70000
049401,可成群益94購04  ,0,0,0,0,0,0,0,0,0,-70000,0,0,0,30000,100000,-70000,-70000
04616P,臺股指群益95售02,0,0,0,0,0,0,0,0,0,-70000,0,0,0,0,70000,-70000,-70000
046026,友訊元大92購01  ,0,0,0,0,0,0,0,0,0,-70000,0,0,0,30000,100000,-70000,-70000
046646,冠德國泰94購01  ,0,0,0,0,0,0,0,0,0,-70000,0,0,0,0,70000,-70000,-70000
046690,元油2X凱基93購03,0,0,0,0,0,0,0,0,0,-70000,0,0,0,0,70000,-70000,-70000
04760P,旺宏凱基94售02  ,0,0,0,0,0,0,0,0,0,-70000,0,0,0,25000,95000,-70000,-70000
047454,滬深2X群益96購03,0,0,0,0,0,0,0,0,0,-70000,0,0,0,0,70000,-70000,-70000
047988,志超群益93購02  ,0,0,0,0,0,0,0,0,0,-70000,0,0,0,0,70000,-70000,-70000
047295,欣興元富96購02  ,0,0,0,0,0,0,0,0,0,-70000,0,0,0,0,70000,-70000,-70000
048861,牧德群益94購01  ,0,0,0,0,0,0,0,0,0,-70000,0,0,0,73000,143000,-70000,-70000
049897,華新科統一94購07,0,0,0,0,0,0,0,0,0,-70000,0,0,0,0,70000,-70000,-70000
048638,台光電元大94購01,0,0,0,0,0,0,0,0,0,-70000,0,0,0,0,70000,-70000,-70000
052036,臺股指群益95購09,0,0,0,0,0,0,0,0,0,-70000,0,0,0,20000,90000,-70000,-70000
050534,臻鼎兆豐94購01  ,0,0,0,0,0,0,0,0,0,-70000,0,0,0,20000,90000,-70000,-70000
051003,中環中信97購01  ,0,0,0,0,0,0,0,0,0,-70000,0,0,0,0,70000,-70000,-70000
051314,嘉聯益麥證96購01,0,0,0,0,70000,-70000,0,0,0,-70000,0,0,0,0,70000,-70000,-70000
051021,啟碁凱基95購02  ,0,0,0,0,0,0,0,0,0,-70000,0,0,0,44000,114000,-70000,-70000
052493,上証2X中信97購02,0,0,0,0,0,0,0,0,0,-70000,0,0,0,0,70000,-70000,-70000
052363,廣達國票96購01  ,0,0,0,0,0,0,0,0,0,-70000,0,0,0,0,70000,-70000,-70000
052819,義隆永豐96購01  ,0,0,0,0,0,0,0,0,0,-70000,0,0,0,49000,119000,-70000,-70000
052839,上海銀國泰97購01,0,0,0,0,0,0,0,0,0,-70000,0,0,0,104000,174000,-70000,-70000
055981,臺股指統一97購03,0,0,0,0,0,0,0,0,0,-70000,0,0,0,30000,100000,-70000,-70000
056261,台積電統一97購07,0,0,0,0,0,0,0,0,0,-70000,0,0,0,50000,120000,-70000,-70000
056221,鴻海凱基99購01  ,0,0,0,0,0,0,0,0,0,-70000,0,0,0,0,70000,-70000,-70000
056201,華新科永豐98購01,0,0,0,0,0,0,0,0,0,-70000,0,0,0,0,70000,-70000,-70000
5519,隆大            ,116000,185000,-69000,0,0,0,0,0,0,-1000,0,1000,-1000,0,0,0,-70000
055029,帆宣國泰99購01  ,0,0,0,0,0,0,0,0,0,-71000,0,0,0,106000,177000,-71000,-71000
055701,亞德客富邦99購01,0,0,0,0,0,0,0,0,0,-71000,0,0,0,83000,154000,-71000,-71000
055447,華新科統一97購04,0,0,0,0,0,0,0,0,0,-71000,0,0,0,53000,124000,-71000,-71000
054024,中鋼康和96購01  ,0,0,0,0,0,0,0,0,0,-71000,0,0,0,0,71000,-71000,-71000
053949,康控富邦9A購01  ,0,0,0,0,0,0,0,0,0,-71000,0,0,0,80000,151000,-71000,-71000
053423,亞光永豐96購01  ,0,0,0,0,0,0,0,0,0,-71000,0,0,0,21000,92000,-71000,-71000
053494,南亞科兆豐96購02,0,0,0,0,0,0,0,0,0,-71000,0,0,0,49000,120000,-71000,-71000
04452P,超眾國泰95售01  ,0,0,0,0,0,0,0,0,0,-71000,0,0,0,0,71000,-71000,-71000
044531,欣興富邦93購01  ,0,0,0,0,0,0,0,0,0,-71000,0,0,0,0,71000,-71000,-71000
04583P,滬深2X永豐94售06,0,0,0,0,0,0,0,0,0,-71000,0,0,0,300000,371000,-71000,-71000
01010T,京城樂富R1      ,0,0,0,0,0,0,0,0,0,-71000,0,71000,-71000,0,0,0,-71000
03639C,元油2X元大9B牛01,0,0,0,0,0,0,0,0,0,-71000,0,0,0,0,71000,-71000,-71000
03878P,康控國票93售01  ,0,0,0,0,0,0,0,0,0,-71000,0,0,0,5000,76000,-71000,-71000
050782,台積電國泰96購03,0,0,0,0,0,0,0,0,0,-71000,0,0,0,55000,126000,-71000,-71000
050097,可成國泰96購02  ,0,0,0,0,0,0,0,0,0,-71000,0,0,0,10000,81000,-71000,-71000
052369,矽力國票96購02  ,0,0,0,0,0,0,0,0,0,-71000,0,0,0,10000,81000,-71000,-71000
052559,茂林國票97購01  ,0,0,0,0,0,0,0,0,0,-71000,0,0,0,100000,171000,-71000,-71000
051070,正崴國票96購01  ,0,0,0,0,0,0,0,0,0,-71000,0,0,0,98000,169000,-71000,-71000
051802,同欣電永豐95購02,0,0,0,0,0,0,0,0,0,-71000,0,0,0,0,71000,-71000,-71000
2612,中航            ,21000,92000,-71000,0,0,0,0,0,0,0,0,0,0,0,0,0,-71000
8261,富鼎            ,32000,97000,-65000,0,0,0,0,0,0,-6000,0,6000,-6000,0,0,0,-71000
05648P,康控國票97售01  ,0,0,0,0,0,0,0,0,0,-71000,0,0,0,0,71000,-71000,-71000
055993,致茂國泰99購01  ,0,0,0,0,0,0,0,0,0,-71000,0,0,0,0,71000,-71000,-71000
1714,和桐            ,2505000,2604000,-99000,0,0,0,0,0,0,28000,120000,92000,28000,0,0,0,-71000
1809,中釉            ,81000,144000,-63000,0,0,0,0,0,0,-8000,0,8000,-8000,0,0,0,-71000
1417,嘉裕            ,9000,79000,-70000,0,0,0,0,0,0,-1000,0,1000,-1000,0,0,0,-71000
053404,致新群益96購01  ,0,0,0,0,0,0,0,0,0,-72000,0,0,0,80000,152000,-72000,-72000
053988,友達亞東96購01  ,0,0,0,0,0,0,0,0,0,-72000,0,0,0,140000,212000,-72000,-72000
05387P,鴻海元大95售21  ,0,0,0,0,0,0,0,0,0,-72000,0,0,0,121000,193000,-72000,-72000
05470P,康控元大95售05  ,0,0,0,0,0,0,0,0,0,-72000,0,0,0,15000,87000,-72000,-72000
03900P,瀚宇博群益93售03,0,0,0,0,0,0,0,0,0,-72000,0,0,0,0,72000,-72000,-72000
046746,儒鴻凱基93購03  ,0,0,0,0,0,0,0,0,0,-72000,0,0,0,0,72000,-72000,-72000
048627,T50反1元大96購02,0,0,0,0,0,0,0,0,0,-72000,0,0,0,25000,97000,-72000,-72000
048268,長榮航中信95購01,0,0,0,0,0,0,0,0,0,-72000,0,0,0,18000,90000,-72000,-72000
04710P,台積電元大94售16,0,0,0,0,0,0,0,0,0,-72000,0,0,0,8000,80000,-72000,-72000
049783,元油2X兆豐95購01,0,0,0,0,0,0,0,0,0,-72000,0,0,0,0,72000,-72000,-72000
049718,南亞科凱基94購04,0,0,0,0,0,0,0,0,0,-72000,0,0,0,40000,112000,-72000,-72000
052970,美律群益96購01  ,0,0,0,0,0,0,0,0,0,-72000,0,0,0,186000,258000,-72000,-72000
1338,廣華-KY         ,32000,96000,-64000,0,0,0,0,0,0,-8000,0,8000,-8000,0,0,0,-72000
05991P,聯茂群益96售05  ,0,0,0,0,0,0,0,0,0,-72000,0,0,0,11000,83000,-72000,-72000
054979,南港元富97購01  ,0,0,0,0,0,0,0,0,0,-73000,0,0,0,0,73000,-73000,-73000
055666,鴻海群益97購05  ,0,0,0,0,0,0,0,0,0,-73000,0,0,0,0,73000,-73000,-73000
054552,聯發科凱基98購03,0,0,0,0,0,0,0,0,0,-73000,0,0,0,0,73000,-73000,-73000
03629C,元油2X元富98牛06,0,0,0,0,0,0,0,0,0,-73000,0,0,0,34000,107000,-73000,-73000
04879P,康控永豐94售02  ,0,0,0,0,0,0,0,0,0,-73000,0,0,0,73000,146000,-73000,-73000
047763,旺宏元大94購04  ,0,0,0,0,0,0,0,0,0,-73000,0,0,0,25000,98000,-73000,-73000
053265,南亞科群益96購02,0,0,0,0,0,0,0,0,0,-73000,0,0,0,116000,189000,-73000,-73000
052476,台光電群益98購01,0,0,0,0,0,0,0,0,0,-73000,0,0,0,92000,165000,-73000,-73000
05237P,為升永豐95售01  ,0,0,0,0,0,0,0,0,0,-73000,0,0,0,153000,226000,-73000,-73000
052318,友達元大98購01  ,0,0,0,0,0,0,0,0,0,-73000,0,0,0,0,73000,-73000,-73000
051432,群創元富99購03  ,0,0,0,0,0,0,0,0,0,-73000,0,0,0,0,73000,-73000,-73000
050997,麗豐元大95購03  ,0,0,0,0,0,0,0,0,0,-73000,0,0,0,0,73000,-73000,-73000
06361P,聯發科群益97售06,0,0,0,0,0,0,0,0,0,-73000,0,0,0,10000,83000,-73000,-73000
054965,健策元大98購04  ,0,0,0,0,0,0,0,0,0,-74000,0,0,0,107000,181000,-74000,-74000
03581P,台積電群益03售04,0,0,0,0,0,0,0,0,0,-74000,0,0,0,47000,121000,-74000,-74000
00715L,街口布蘭特油正2 ,0,0,0,0,0,0,0,0,0,-74000,0,0,0,0,74000,-74000,-74000
04250P,嘉晶統一95售02  ,0,0,0,0,0,0,0,0,0,-74000,0,0,0,28000,102000,-74000,-74000
046608,超眾兆豐93購02  ,0,0,0,0,0,0,0,0,0,-74000,0,0,0,0,74000,-74000,-74000
04550P,超眾元大94售01  ,0,0,0,0,0,0,0,0,0,-74000,0,0,0,0,74000,-74000,-74000
049355,元油2X富邦96購04,0,0,0,0,0,0,0,0,0,-74000,0,0,0,0,74000,-74000,-74000
048476,同欣電永豐93購01,0,0,0,0,0,0,0,0,0,-74000,0,0,0,0,74000,-74000,-74000
050998,訊連元大95購01  ,0,0,0,0,0,0,0,0,0,-74000,0,0,0,26000,100000,-74000,-74000
051771,上銀中信95購01  ,0,0,0,0,0,0,0,0,0,-74000,0,0,0,50000,124000,-74000,-74000
052307,潤泰全國泰96購01,0,0,0,0,0,0,0,0,0,-74000,0,0,0,6000,80000,-74000,-74000
052506,日月光日盛95購01,0,0,0,0,0,0,0,0,0,-74000,0,0,0,2000,76000,-74000,-74000
053295,奇力新中信96購01,0,0,0,0,0,0,0,0,0,-74000,0,0,0,50000,124000,-74000,-74000
055095,啟碁群益98購01  ,0,0,0,0,0,0,0,0,0,-75000,0,0,0,45000,120000,-75000,-75000
055734,奇力新元富97購02,0,0,0,0,0,0,0,0,0,-75000,0,0,0,0,75000,-75000,-75000
055891,鴻海統一9A購01  ,0,0,0,0,0,0,0,0,0,-75000,0,0,0,32000,107000,-75000,-75000
054036,T50反1元大96購08,0,0,0,0,0,0,0,0,0,-75000,0,0,0,0,75000,-75000,-75000
049294,南亞科群益94購01,0,0,0,0,0,0,0,0,0,-75000,0,0,0,52000,127000,-75000,-75000
049028,麗豐群益94購01  ,0,0,0,0,0,0,0,0,0,-75000,0,0,0,0,75000,-75000,-75000
04510P,臺股指元大94售05,0,0,0,0,0,0,0,0,0,-75000,0,0,0,0,75000,-75000,-75000
049472,楠梓電永豐95購01,0,0,0,0,0,0,0,0,0,-75000,0,0,0,0,75000,-75000,-75000
049219,聯發科國票95購01,0,0,0,0,0,0,0,0,0,-75000,0,0,0,1000,76000,-75000,-75000
048704,台表科國票95購01,0,0,0,0,0,0,0,0,0,-75000,0,0,0,10000,85000,-75000,-75000
049885,緯穎永豐94購01  ,0,0,0,0,0,0,0,0,0,-75000,0,0,0,0,75000,-75000,-75000
053039,聯發科凱基96購11,0,0,0,0,0,0,0,0,0,-75000,0,0,0,55000,130000,-75000,-75000
052780,玉晶光國票96購04,0,0,0,0,0,0,0,0,0,-75000,0,0,0,0,75000,-75000,-75000
052610,貿聯元大97購01  ,0,0,0,0,0,0,0,0,0,-75000,0,0,0,2000,77000,-75000,-75000
051978,泰碩凱基96購01  ,0,0,0,0,0,0,0,0,0,-75000,0,0,0,0,75000,-75000,-75000
050964,晶技永豐95購02  ,0,0,0,0,0,0,0,0,0,-75000,0,0,0,0,75000,-75000,-75000
050761,華通元大94購05  ,0,0,0,0,0,0,0,0,0,-75000,0,0,0,6000,81000,-75000,-75000
05607P,華通日盛96售01  ,0,0,0,0,0,0,0,0,0,-75000,0,0,0,16000,91000,-75000,-75000
6120,達運            ,132000,206000,-74000,0,0,0,0,0,0,-1000,7000,8000,-1000,0,0,0,-75000
6165,捷泰            ,29000,103000,-74000,0,0,0,0,0,0,-1000,0,1000,-1000,0,0,0,-75000
055238,茂林台新97購01  ,0,0,0,0,0,0,0,0,0,-76000,0,0,0,12000,88000,-76000,-76000
054981,國巨元富97購02  ,0,0,0,0,0,0,0,0,0,-76000,0,0,0,25000,101000,-76000,-76000
046790,康友永豐93購01  ,0,0,0,0,0,0,0,0,0,-76000,0,0,0,0,76000,-76000,-76000
049906,光寶科元大94購03,0,0,0,0,0,0,0,0,0,-76000,0,0,0,45000,121000,-76000,-76000
048926,燿華永豐95購01  ,0,0,0,0,0,0,0,0,0,-76000,0,0,0,22000,98000,-76000,-76000
049501,台郡元大95購01  ,0,0,0,0,0,0,0,0,0,-76000,0,0,0,0,76000,-76000,-76000
048320,聯詠凱基93購08  ,0,0,0,0,0,0,0,0,0,-76000,0,0,0,0,76000,-76000,-76000
4994,傳奇            ,80000,149000,-69000,0,0,0,0,0,0,-7000,0,3000,-3000,1000,5000,-4000,-76000
06152P,玉晶光元大98售06,0,0,0,0,0,0,0,0,0,-76000,0,0,0,320000,396000,-76000,-76000
1457,宜進            ,33000,107000,-74000,0,0,0,0,0,0,-2000,0,2000,-2000,0,0,0,-76000
9914,美利達          ,198000,246473,-48473,0,0,0,0,0,0,-28000,6000,34000,-28000,0,0,0,-76473
055399,超眾統一99購01  ,0,0,0,0,0,0,0,0,0,-77000,0,0,0,108000,185000,-77000,-77000
055538,鴻海日盛97購04  ,0,0,0,0,0,0,0,0,0,-77000,0,0,0,0,77000,-77000,-77000
054263,聯茂元大96購02  ,0,0,0,0,0,0,0,0,0,-77000,0,0,0,40000,117000,-77000,-77000
054546,玉晶光中信9B購01,0,0,0,0,0,0,0,0,0,-77000,0,0,0,307000,384000,-77000,-77000
054621,華新科兆豐98購01,0,0,0,0,0,0,0,0,0,-77000,0,0,0,54000,131000,-77000,-77000
053914,國巨國票96購08  ,0,0,0,0,0,0,0,0,0,-77000,0,0,0,6000,83000,-77000,-77000
05347P,滬深2X元富9B售02,0,0,0,0,0,0,0,0,0,-77000,0,0,0,6000,83000,-77000,-77000
046864,和大統一97購01  ,0,0,0,0,0,0,0,0,0,-77000,0,0,0,433000,510000,-77000,-77000
0055,元大MSCI金融    ,1000,0,1000,0,0,0,0,0,0,-78000,0,0,0,0,78000,-78000,-77000
04844P,京元電亞東94售01,0,0,0,0,0,0,0,0,0,-77000,0,0,0,0,77000,-77000,-77000
049449,宏碁統一94購01  ,0,0,0,0,0,0,0,0,0,-77000,0,0,0,0,77000,-77000,-77000
050704,復盛凱基94購03  ,0,0,0,0,0,0,0,0,0,-77000,0,0,0,74000,151000,-77000,-77000
6108,競國            ,31000,108000,-77000,0,0,0,0,0,0,0,0,0,0,0,0,0,-77000
1308,亞聚            ,76000,87000,-11000,0,0,0,0,0,0,-66000,0,66000,-66000,0,0,0,-77000
1256,鮮活果汁-KY     ,33000,82000,-49000,0,0,0,0,28000,-28000,0,0,0,0,0,0,0,-77000
06169P,華新科元富97售02,0,0,0,0,0,0,0,0,0,-77000,0,0,0,0,77000,-77000,-77000
06355P,聯茂永豐97售02  ,0,0,0,0,0,0,0,0,0,-77000,0,0,0,10000,87000,-77000,-77000
053861,台光電元大98購01,0,0,0,0,0,0,0,0,0,-78000,0,0,0,0,78000,-78000,-78000
05426P,聯發科凱基95售12,0,0,0,0,0,0,0,0,0,-78000,0,0,0,0,78000,-78000,-78000
055934,景碩群益98購03  ,0,0,0,0,0,0,0,0,0,-78000,0,0,0,32000,110000,-78000,-78000
049056,玉晶光永豐95購03,0,0,0,0,0,0,0,0,0,-78000,0,0,0,6000,84000,-78000,-78000
049244,亞光元富94購01  ,0,0,0,0,0,0,0,0,0,-78000,0,0,0,106000,184000,-78000,-78000
046626,台光電統一94購01,0,0,0,0,0,0,0,0,0,-78000,0,0,0,0,78000,-78000,-78000
049937,臺股指元大94購18,0,0,0,0,0,0,0,0,0,-78000,0,0,0,36000,114000,-78000,-78000
048773,貿聯凱基94購01  ,0,0,0,0,0,0,0,0,0,-78000,0,0,0,124000,202000,-78000,-78000
048774,麗豐凱基94購04  ,0,0,0,0,0,0,0,0,0,-78000,0,0,0,0,78000,-78000,-78000
04971P,矽力元富94售02  ,0,0,0,0,0,0,0,0,0,-78000,0,0,0,30000,108000,-78000,-78000
04832P,為升元大94售09  ,0,0,0,0,0,0,0,0,0,-78000,0,0,0,46000,124000,-78000,-78000
04888P,臺股指凱基95售03,0,0,0,0,0,0,0,0,0,-78000,0,0,0,69000,147000,-78000,-78000
050411,聯發科永豐94購05,0,0,0,0,0,0,0,0,0,-78000,0,0,0,202000,280000,-78000,-78000
050431,聯發科凱基94購18,0,0,0,0,0,0,0,0,0,-78000,0,0,0,47000,125000,-78000,-78000
050976,台光電統一95購01,0,0,0,0,0,0,0,0,0,-78000,0,0,0,120000,198000,-78000,-78000
051049,亞德客群益95購01,0,0,0,0,0,0,0,0,0,-78000,0,0,0,57000,135000,-78000,-78000
051865,聯發科凱基96購04,0,0,0,0,0,0,0,0,0,-78000,0,0,0,0,78000,-78000,-78000
052250,光磊永豐95購01  ,0,0,0,0,0,0,0,0,0,-78000,0,0,0,0,78000,-78000,-78000
053016,鈺齊統一96購01  ,0,0,0,0,0,0,0,0,0,-78000,0,0,0,0,78000,-78000,-78000
052988,智易元大96購02  ,0,0,0,0,0,0,0,0,0,-78000,0,0,0,27000,105000,-78000,-78000
053178,南亞科統一98購01,0,0,0,0,0,0,0,0,0,-78000,0,0,0,16000,94000,-78000,-78000
6224,聚鼎            ,3000,91000,-88000,0,0,0,0,0,0,10000,10000,0,10000,0,0,0,-78000
053707,A50正2凱基99購02,0,0,0,0,0,0,0,0,0,-79000,0,0,0,208000,287000,-79000,-79000
050774,健策元大96購02  ,0,0,0,0,0,0,0,0,0,-79000,0,0,0,233000,312000,-79000,-79000
047676,臺股指元富99購01,0,0,0,0,0,0,0,0,0,-79000,0,0,0,17000,96000,-79000,-79000
053214,冠德凱基96購02  ,0,0,0,0,0,0,0,0,0,-79000,0,0,0,0,79000,-79000,-79000
051719,鴻海永豐95購04  ,0,0,0,0,0,0,0,0,0,-79000,0,0,0,0,79000,-79000,-79000
051959,台郡台新95購03  ,0,0,0,0,0,0,0,0,0,-79000,0,0,0,15000,94000,-79000,-79000
051500,聯茂群益95購01  ,0,0,0,0,0,0,0,0,0,-79000,0,0,0,75000,154000,-79000,-79000
051335,華固永豐95購01  ,0,0,0,0,0,0,0,0,0,-79000,0,0,0,2000,81000,-79000,-79000
050971,緯穎永豐95購01  ,0,0,0,0,0,0,0,0,0,-79000,0,0,0,0,79000,-79000,-79000
3094,聯傑            ,48000,126000,-78000,0,0,0,0,0,0,-1000,0,1000,-1000,0,0,0,-79000
053513,義隆群益96購05  ,0,0,0,0,0,0,0,0,0,-80000,0,0,0,18000,98000,-80000,-80000
053360,上証2X元富96購01,0,0,0,0,0,0,0,0,0,-80000,0,0,0,199000,279000,-80000,-80000
054188,欣興永豐96購03  ,0,0,0,0,0,0,0,0,0,-80000,0,0,0,134000,214000,-80000,-80000
054350,美律國泰98購01  ,0,0,0,0,0,0,0,0,0,-80000,0,0,0,75000,155000,-80000,-80000
055788,緯穎凱基97購04  ,0,0,0,0,0,0,0,0,0,-80000,0,0,0,21000,101000,-80000,-80000
055582,亞德客元大97購01,0,0,0,0,0,0,0,0,0,-80000,0,0,0,2000,82000,-80000,-80000
054849,日月光兆豐97購01,0,0,0,0,0,0,0,0,0,-80000,0,0,0,0,80000,-80000,-80000
055046,上銀永豐97購01  ,0,0,0,0,0,0,0,0,0,-80000,0,0,0,1000,81000,-80000,-80000
054995,宏盛元富97購01  ,0,0,0,0,0,0,0,0,0,-80000,0,0,0,20000,100000,-80000,-80000
046699,臻鼎凱基93購03  ,0,0,0,0,0,0,0,0,0,-80000,0,0,0,0,80000,-80000,-80000
044507,燿華凱基93購03  ,0,0,0,0,0,0,0,0,0,-80000,0,0,0,20000,100000,-80000,-80000
044693,滬深2X元大94購01,0,0,0,0,0,0,0,0,0,-80000,0,0,0,0,80000,-80000,-80000
046066,長榮航凱基94購01,0,0,0,0,0,0,0,0,0,-80000,0,0,0,10000,90000,-80000,-80000
048989,矽格元大94購02  ,0,0,0,0,0,0,0,0,0,-80000,0,0,0,60000,140000,-80000,-80000
00678,群益NBI生技     ,0,0,0,0,0,0,0,0,0,-80000,0,0,0,576000,656000,-80000,-80000
047480,全新凱基93購01  ,0,0,0,0,0,0,0,0,0,-80000,0,0,0,20000,100000,-80000,-80000
04952P,台光電亞東94售01,0,0,0,0,0,0,0,0,0,-80000,0,0,0,0,80000,-80000,-80000
049178,宏達電凱基94購02,0,0,0,0,0,0,0,0,0,-80000,0,0,0,0,80000,-80000,-80000
048188,臺指反元大96購05,0,0,0,0,0,0,0,0,0,-80000,0,0,0,0,80000,-80000,-80000
05001P,華通統一95售01  ,0,0,0,0,0,0,0,0,0,-80000,0,0,0,0,80000,-80000,-80000
04997P,燿華台新95售02  ,0,0,0,0,0,0,0,0,0,-80000,0,0,0,35000,115000,-80000,-80000
050952,健策群益96購01  ,0,0,0,0,0,0,0,0,0,-80000,0,0,0,3000,83000,-80000,-80000
051448,聯詠元大95購02  ,0,0,0,0,0,0,0,0,0,-80000,0,0,0,45000,125000,-80000,-80000
051617,台積電凱基95購14,0,0,0,0,0,0,0,0,0,-80000,0,0,0,42000,122000,-80000,-80000
051538,和碩國票96購01  ,0,0,0,0,0,0,0,0,0,-80000,0,0,0,0,80000,-80000,-80000
052922,國巨永豐96購01  ,0,0,0,0,0,0,0,0,0,-80000,0,0,0,144000,224000,-80000,-80000
052884,台積電兆豐96購01,0,0,0,0,0,0,0,0,0,-80000,0,0,0,61000,141000,-80000,-80000
052350,鴻海統一96購06  ,0,0,0,0,0,0,0,0,0,-80000,0,0,0,0,80000,-80000,-80000
052536,聯茂國泰97購01  ,0,0,0,0,0,0,0,0,0,-80000,0,0,0,10000,90000,-80000,-80000
06327P,台積電中信01售01,0,0,0,0,0,0,0,0,0,-80000,0,0,0,0,80000,-80000,-80000
056068,欣興元大97購05  ,0,0,0,0,0,0,0,0,0,-80000,0,0,0,163000,243000,-80000,-80000
05682P,大立光元大98售03,0,0,0,0,0,0,0,0,0,-80000,0,0,0,118000,198000,-80000,-80000
056113,新日興兆豐98購01,0,0,0,0,0,0,0,0,0,-80000,0,0,0,0,80000,-80000,-80000
05789P,臺股指永昌96售06,0,0,0,0,0,0,0,0,0,-80000,0,0,0,140000,220000,-80000,-80000
05525P,奇力新群益96售02,0,0,0,0,0,0,0,0,0,-81000,0,0,0,0,81000,-81000,-81000
055534,晶技群益97購03  ,0,0,0,0,0,0,0,0,0,-81000,0,0,0,0,81000,-81000,-81000
054443,樺漢台新96購02  ,0,0,0,0,0,0,0,0,0,-81000,0,0,0,0,81000,-81000,-81000
03824P,燿華元大94售01  ,0,0,0,0,0,0,0,0,0,-81000,0,0,0,0,81000,-81000,-81000
04414P,牧德元富94售04  ,0,0,0,0,0,0,0,0,0,-81000,0,0,0,150000,231000,-81000,-81000
042326,元油2X國票94購01,0,0,0,0,0,0,0,0,0,-81000,0,0,0,0,81000,-81000,-81000
049062,華新科日盛94購01,0,0,0,0,0,0,0,0,0,-81000,0,0,0,10000,91000,-81000,-81000
046200,上海銀凱基93購01,0,0,0,0,0,0,0,0,0,-81000,0,0,0,20000,101000,-81000,-81000
045576,智邦元大92購07  ,0,0,0,0,0,0,0,0,0,-81000,0,0,0,20000,101000,-81000,-81000
044425,友達國泰92購01  ,0,0,0,0,0,0,0,0,0,-81000,0,0,0,30000,111000,-81000,-81000
048337,致茂元大93購04  ,0,0,0,0,0,0,0,0,0,-81000,0,0,0,22000,103000,-81000,-81000
047755,麗豐元富93購01  ,0,0,0,0,0,0,0,0,0,-81000,0,0,0,10000,91000,-81000,-81000
052621,台郡富邦97購01  ,0,0,0,0,0,0,0,0,0,-81000,0,0,0,5000,86000,-81000,-81000
052670,茂林群益96購02  ,0,0,0,0,0,0,0,0,0,-81000,0,0,0,28000,109000,-81000,-81000
051389,台達電兆豐95購01,0,0,0,0,0,0,0,0,0,-81000,0,0,0,119000,200000,-81000,-81000
05989P,健策元富96售01  ,0,0,0,0,0,0,0,0,0,-81000,0,0,0,0,81000,-81000,-81000
055985,聯鈞元富97購01  ,0,0,0,0,0,0,0,0,0,-81000,0,0,0,0,81000,-81000,-81000
06131P,京鼎元富97售02  ,0,0,0,0,0,0,0,0,0,-81000,0,0,0,15000,96000,-81000,-81000
3708,上緯投控        ,87000,165000,-78000,0,0,0,0,0,0,-3000,0,0,0,0,3000,-3000,-81000
3406,玉晶光          ,963238,746867,216371,0,0,0,100,102000,-101900,-196000,11000,230000,-219000,42000,19000,23000,-81529
054122,康友永豐96購01  ,0,0,0,0,0,0,0,0,0,-82000,0,0,0,13000,95000,-82000,-82000
055169,光罩統一99購01  ,0,0,0,0,0,0,0,0,0,-82000,0,0,0,18000,100000,-82000,-82000
055041,致新富邦97購01  ,0,0,0,0,0,0,0,0,0,-82000,0,0,0,16000,98000,-82000,-82000
05512P,華新科台新97售01,0,0,0,0,0,0,0,0,0,-82000,0,0,0,10000,92000,-82000,-82000
055107,旺宏凱基98購04  ,0,0,0,0,0,0,0,0,0,-82000,0,0,0,12000,94000,-82000,-82000
054943,群光元大97購01  ,0,0,0,0,0,0,0,0,0,-82000,0,0,0,168000,250000,-82000,-82000
043936,和大兆豐92購01  ,0,0,0,0,0,0,0,0,0,-82000,0,0,0,0,82000,-82000,-82000
048945,訊連永豐94購01  ,0,0,0,0,0,0,0,0,0,-82000,0,0,0,25000,107000,-82000,-82000
050950,健鼎群益96購01  ,0,0,0,0,0,0,0,0,0,-82000,0,0,0,5000,87000,-82000,-82000
052135,聯發科凱基9B購01,0,0,0,0,0,0,0,0,0,-82000,0,0,0,109000,191000,-82000,-82000
052093,麗豐元大96購04  ,0,0,0,0,0,0,0,0,0,-82000,0,0,0,0,82000,-82000,-82000
053172,瑞儀群益97購01  ,0,0,0,0,0,0,0,0,0,-82000,0,0,0,0,82000,-82000,-82000
3563,牧德            ,100000,250000,-150000,0,0,0,102000,0,102000,-34000,5000,40000,-35000,12000,11000,1000,-82000
6282,康舒            ,1194000,1313000,-119000,0,0,0,0,0,0,37000,8000,0,8000,53000,24000,29000,-82000
055996,矽力國泰99購01  ,0,0,0,0,0,0,0,0,0,-82000,0,0,0,20000,102000,-82000,-82000
05628P,茂林國票97售02  ,0,0,0,0,0,0,0,0,0,-82000,0,0,0,257000,339000,-82000,-82000
2385,群光            ,1968828,2735085,-766257,0,0,0,378000,0,378000,306000,0,4000,-4000,310000,0,310000,-82257
054527,國巨統一97購03  ,0,0,0,0,0,0,0,0,0,-83000,0,0,0,10000,93000,-83000,-83000
04418P,燿華永豐94售01  ,0,0,0,0,0,0,0,0,0,-83000,0,0,0,0,83000,-83000,-83000
045512,訊芯凱基92購01  ,0,0,0,0,0,0,0,0,0,-83000,0,0,0,0,83000,-83000,-83000
04991P,台表科元大94售05,0,0,0,0,0,0,0,0,0,-83000,0,0,0,49000,132000,-83000,-83000
048161,旺宏麥證94購01  ,0,0,0,10000,94000,-84000,0,0,0,-83000,0,0,0,11000,94000,-83000,-83000
050190,麗豐元大95購02  ,0,0,0,0,0,0,0,0,0,-83000,0,0,0,0,83000,-83000,-83000
052824,揚明光永豐96購02,0,0,0,0,0,0,0,0,0,-83000,0,0,0,0,83000,-83000,-83000
051832,復盛元大95購01  ,0,0,0,0,0,0,0,0,0,-83000,0,0,0,0,83000,-83000,-83000
056079,世紀鋼元大97購02,0,0,0,0,0,0,0,0,0,-83000,0,0,0,14000,97000,-83000,-83000
06426P,T50正2元大9B售01,0,0,0,0,0,0,0,0,0,-83000,0,0,0,0,83000,-83000,-83000
054180,亞泥康和96購01  ,0,0,0,0,0,0,0,0,0,-84000,0,0,0,0,84000,-84000,-84000
055032,億光富邦99購01  ,0,0,0,0,0,0,0,0,0,-84000,0,0,0,63000,147000,-84000,-84000
055650,華新科元富98購01,0,0,0,0,0,0,0,0,0,-84000,0,0,0,0,84000,-84000,-84000
049019,美律群益94購02  ,0,0,0,0,0,0,0,0,0,-84000,0,0,0,25000,109000,-84000,-84000
04437P,滬深2X群益98售03,0,0,0,0,0,0,0,0,0,-84000,0,0,0,610000,694000,-84000,-84000
046061,中石化凱基98購01,0,0,0,0,0,0,0,0,0,-84000,0,0,0,20000,104000,-84000,-84000
048878,康控國票95購02  ,0,0,0,0,0,0,0,0,0,-84000,0,0,0,7000,91000,-84000,-84000
048924,光罩永豐94購01  ,0,0,0,0,0,0,0,0,0,-84000,0,0,0,1000,85000,-84000,-84000
055629,華新科永豐97購04,0,0,0,0,0,0,0,0,0,-85000,0,0,0,68000,153000,-85000,-85000
055254,聯詠統一97購03  ,0,0,0,0,0,0,0,0,0,-85000,0,0,0,0,85000,-85000,-85000
054136,亞光元大96購04  ,0,0,0,0,0,0,0,0,0,-85000,0,0,0,14000,99000,-85000,-85000
049017,旺宏群益96購03  ,0,0,0,0,0,0,0,0,0,-85000,0,0,0,42000,127000,-85000,-85000
049164,滬深2X日盛94購01,0,0,0,0,0,0,0,0,0,-85000,0,0,0,15000,100000,-85000,-85000
03833P,台光電群益93售01,0,0,0,0,0,0,0,0,0,-85000,0,0,0,0,85000,-85000,-85000
046942,友達元大99購01  ,0,0,0,0,0,0,0,0,0,-85000,0,0,0,2000,87000,-85000,-85000
04344P,台達電國泰94售01,0,0,0,0,0,0,0,0,0,-85000,0,0,0,265000,350000,-85000,-85000
049179,高鐵凱基94購01  ,0,0,0,0,0,0,0,0,0,-85000,0,0,0,25000,110000,-85000,-85000
049901,瑞昱元富94購01  ,0,0,0,0,0,0,0,0,0,-85000,0,0,0,0,85000,-85000,-85000
048844,訊芯凱基94購02  ,0,0,0,0,0,0,0,0,0,-85000,0,0,0,10000,95000,-85000,-85000
047457,旺宏群益95購01  ,0,0,0,0,0,0,0,0,0,-85000,0,0,0,0,85000,-85000,-85000
049424,中石化兆豐94購01,0,0,0,0,0,0,0,0,0,-85000,0,0,0,40000,125000,-85000,-85000
052016,神基永豐95購01  ,0,0,0,0,0,0,0,0,0,-85000,0,0,0,21000,106000,-85000,-85000
052920,景碩台新96購02  ,0,0,0,0,0,0,0,0,0,-85000,0,0,0,20000,105000,-85000,-85000
3059,華晶科          ,109000,194000,-85000,0,0,0,0,0,0,0,1000,1000,0,0,0,0,-85000
054179,上海銀台新97購01,0,0,0,0,0,0,0,0,0,-86000,0,0,0,88000,174000,-86000,-86000
054633,臺股指凱基9A購02,0,0,0,0,0,0,0,0,0,-86000,0,0,0,133000,219000,-86000,-86000
054387,台積電統一98購02,0,0,0,0,0,0,0,0,0,-86000,0,0,0,184000,270000,-86000,-86000
053584,友達元大9B購02  ,0,0,0,0,0,0,0,0,0,-86000,0,0,0,5000,91000,-86000,-86000
053766,友達富邦97購01  ,0,0,0,0,0,0,0,0,0,-86000,0,0,0,90000,176000,-86000,-86000
055236,建準台新98購01  ,0,0,0,0,0,0,0,0,0,-86000,0,0,0,0,86000,-86000,-86000
00646,元大S&P500      ,0,0,0,0,0,0,0,0,0,-86000,119000,0,119000,38000,243000,-205000,-86000
048292,微星群益93購01  ,0,0,0,0,0,0,0,0,0,-86000,0,0,0,15000,101000,-86000,-86000
048962,宏全康和94購01  ,0,0,0,0,0,0,0,0,0,-86000,0,0,0,6000,92000,-86000,-86000
051020,健策凱基96購02  ,0,0,0,0,0,0,0,0,0,-86000,0,0,0,126000,212000,-86000,-86000
3038,全台            ,226000,307000,-81000,0,0,0,0,0,0,-5000,14000,19000,-5000,0,0,0,-86000
2342,茂矽            ,16000,102000,-86000,0,0,0,0,0,0,0,0,0,0,0,0,0,-86000
05934P,國巨凱基96售13  ,0,0,0,0,0,0,0,0,0,-86000,0,0,0,0,86000,-86000,-86000
05524P,瀚宇博國票97售02,0,0,0,0,0,0,0,0,0,-87000,0,0,0,13000,100000,-87000,-87000
055036,中工富邦9B購01  ,0,0,0,0,0,0,0,0,0,-87000,0,0,0,63000,150000,-87000,-87000
05569P,漢唐統一97售01  ,0,0,0,0,0,0,0,0,0,-87000,0,0,0,68000,155000,-87000,-87000
049026,晶相光群益94購01,0,0,0,0,0,0,0,0,0,-87000,0,0,0,41000,128000,-87000,-87000
044943,旺宏群益93購03  ,0,0,0,0,0,0,0,0,0,-87000,0,0,0,1000,88000,-87000,-87000
050987,台泥富邦95購01  ,0,0,0,0,0,0,0,0,0,-87000,0,0,0,30000,117000,-87000,-87000
05061P,鴻海富邦96售03  ,0,0,0,0,0,0,0,0,0,-87000,0,0,0,1209000,1296000,-87000,-87000
051987,廣達元大95購01  ,0,0,0,0,0,0,0,0,0,-87000,0,0,0,13000,100000,-87000,-87000
4306,炎洲            ,6000,88000,-82000,0,0,0,0,0,0,-5000,0,5000,-5000,0,0,0,-87000
9910,豐泰            ,1014708,1022636,-7928,0,0,0,36000,116000,-80000,0,5000,7000,-2000,2000,0,2000,-87928
055058,大毅永豐97購01  ,0,0,0,0,0,0,0,0,0,-88000,0,0,0,19000,107000,-88000,-88000
053963,百和永豐96購01  ,0,0,0,0,0,0,0,0,0,-88000,0,0,0,13000,101000,-88000,-88000
053505,瑞儀兆豐97購01  ,0,0,0,0,0,0,0,0,0,-88000,0,0,0,22000,110000,-88000,-88000
048896,凌陽國泰95購01  ,0,0,0,0,0,0,0,0,0,-88000,0,0,0,10000,98000,-88000,-88000
050115,群創元大96購01  ,0,0,0,0,0,0,0,0,0,-88000,0,0,0,150000,238000,-88000,-88000
050456,聯茂元大94購09  ,0,0,0,0,0,0,0,0,0,-88000,0,0,0,39000,127000,-88000,-88000
052936,華通兆豐98購01  ,0,0,0,0,0,0,0,0,0,-88000,0,0,0,195000,283000,-88000,-88000
053235,智原永豐96購01  ,0,0,0,0,0,0,0,0,0,-88000,0,0,0,1000,89000,-88000,-88000
053614,台積電群益96購08,0,0,0,0,0,0,0,0,0,-89000,0,0,0,26000,115000,-89000,-89000
044941,鴻海群益93購01  ,0,0,0,0,0,0,0,0,0,-89000,0,0,0,110000,199000,-89000,-89000
00675L,富邦臺灣加權正2 ,0,0,0,0,0,0,0,0,0,-89000,0,0,0,43000,132000,-89000,-89000
048607,上銀凱基93購11  ,0,0,0,0,0,0,0,0,0,-89000,0,0,0,100000,189000,-89000,-89000
048259,新日興統一93購01,0,0,0,0,0,0,0,0,0,-89000,0,0,0,0,89000,-89000,-89000
048583,智原富邦98購01  ,0,0,0,0,0,0,0,0,0,-89000,0,0,0,13000,102000,-89000,-89000
049427,瑞昱兆豐94購01  ,0,0,0,0,0,0,0,0,0,-89000,0,0,0,243000,332000,-89000,-89000
048133,臻鼎國票94購01  ,0,0,0,0,0,0,0,0,0,-89000,0,0,0,11000,100000,-89000,-89000
053048,同欣電麥證96購01,0,0,0,0,89000,-89000,0,0,0,-89000,0,0,0,0,89000,-89000,-89000
052284,日月光凱基96購01,0,0,0,0,0,0,0,0,0,-89000,0,0,0,10000,99000,-89000,-89000
1321,大洋            ,12000,101000,-89000,0,0,0,0,0,0,0,0,0,0,0,0,0,-89000
06339P,上銀統一97售06  ,0,0,0,0,0,0,0,0,0,-89000,0,0,0,19000,108000,-89000,-89000
2207,和泰車          ,470921,519024,-48103,0,0,0,2000,33000,-31000,-10000,0,12000,-12000,2000,0,2000,-89103
054038,T50反1元大98購04,0,0,0,0,0,0,0,0,0,-90000,0,0,0,0,90000,-90000,-90000
055769,智伸科中信97購01,0,0,0,0,0,0,0,0,0,-90000,0,0,0,10000,100000,-90000,-90000
055415,禾伸堂富邦9B購01,0,0,0,0,0,0,0,0,0,-90000,0,0,0,0,90000,-90000,-90000
00645,富邦日本        ,0,0,0,0,0,0,0,0,0,-90000,0,0,0,92000,182000,-90000,-90000
03995P,滬深2X國泰95售01,0,0,0,0,0,0,0,0,0,-90000,0,0,0,0,90000,-90000,-90000
044134,訊芯凱基93購01  ,0,0,0,0,0,0,0,0,0,-90000,0,0,0,10000,100000,-90000,-90000
03351P,台積電麥證02售07,0,0,0,0,0,0,0,0,0,-90000,0,0,0,0,90000,-90000,-90000
04146P,可成凱基93售14  ,0,0,0,0,0,0,0,0,0,-90000,0,0,0,10000,100000,-90000,-90000
046704,智原元富93購01  ,0,0,0,0,0,0,0,0,0,-90000,0,0,0,0,90000,-90000,-90000
04712P,國泰金元大94售01,0,0,0,0,0,0,0,0,0,-90000,0,0,0,0,90000,-90000,-90000
048079,燿華日盛93購01  ,0,0,0,0,0,0,0,0,0,-90000,0,0,0,20000,110000,-90000,-90000
048225,全新凱基93購03  ,0,0,0,0,0,0,0,0,0,-90000,0,0,0,0,90000,-90000,-90000
052718,新唐凱基96購01  ,0,0,0,0,0,0,0,0,0,-90000,0,0,0,0,90000,-90000,-90000
05331P,上証2X國票96售01,0,0,0,0,0,0,0,0,0,-90000,0,0,0,0,90000,-90000,-90000
051829,玉晶光元大98購02,0,0,0,0,0,0,0,0,0,-90000,0,0,0,0,90000,-90000,-90000
051664,鴻海元大96購07  ,0,0,0,0,0,0,0,0,0,-90000,0,0,0,0,90000,-90000,-90000
05966P,矽力凱基96售03  ,0,0,0,0,0,0,0,0,0,-90000,0,0,0,10000,100000,-90000,-90000
05851P,力山群益97售01  ,0,0,0,0,0,0,0,0,0,-90000,0,0,0,11000,101000,-90000,-90000
05687P,臺股指元大96售12,0,0,0,0,0,0,0,0,0,-90000,0,0,0,106000,196000,-90000,-90000
4942,嘉彰            ,104000,194000,-90000,0,0,0,0,0,0,0,0,0,0,0,0,0,-90000
055634,訊芯永豐97購02  ,0,0,0,0,0,0,0,0,0,-91000,0,0,0,0,91000,-91000,-91000
054952,大毅元大97購02  ,0,0,0,0,0,0,0,0,0,-91000,0,0,0,22000,113000,-91000,-91000
053611,聯茂麥證96購01  ,0,0,0,20000,111000,-91000,0,0,0,-91000,0,0,0,20000,111000,-91000,-91000
046002,美律統一93購01  ,0,0,0,0,0,0,0,0,0,-91000,0,0,0,118000,209000,-91000,-91000
04902P,國巨台新94售04  ,0,0,0,0,0,0,0,0,0,-91000,0,0,0,1000,92000,-91000,-91000
050201,光磊群益94購01  ,0,0,0,0,0,0,0,0,0,-91000,0,0,0,10000,101000,-91000,-91000
049688,台光電元大94購04,0,0,0,0,0,0,0,0,0,-91000,0,0,0,10000,101000,-91000,-91000
047981,南亞科群益93購02,0,0,0,0,0,0,0,0,0,-91000,0,0,0,13000,104000,-91000,-91000
4532,瑞智            ,25000,115000,-90000,0,0,0,0,0,0,-1000,0,1000,-1000,0,0,0,-91000
05744P,台表科元大96售04,0,0,0,0,0,0,0,0,0,-91000,0,0,0,13000,104000,-91000,-91000
053438,玉晶光麥證97購02,0,0,0,20000,113000,-93000,0,0,0,-92000,0,0,0,21000,113000,-92000,-92000
053729,聯茂凱基96購05  ,0,0,0,0,0,0,0,0,0,-92000,0,0,0,1000,93000,-92000,-92000
054463,瑞昱凱基97購01  ,0,0,0,0,0,0,0,0,0,-92000,0,0,0,39000,131000,-92000,-92000
046624,彩晶凱基94購02  ,0,0,0,0,0,0,0,0,0,-92000,0,0,0,30000,122000,-92000,-92000
046604,康控群益93購02  ,0,0,0,0,0,0,0,0,0,-92000,0,0,0,10000,102000,-92000,-92000
04104P,臺股指國票93售11,0,0,0,0,0,0,0,0,0,-92000,0,0,0,223000,315000,-92000,-92000
046750,鴻海凱基93購17  ,0,0,0,0,0,0,0,0,0,-92000,0,0,0,20000,112000,-92000,-92000
03427P,聯電元大02售11  ,0,0,0,0,0,0,0,0,0,-92000,0,0,0,100000,192000,-92000,-92000
03570P,台積電元大03售09,0,0,0,0,0,0,0,0,0,-92000,0,0,0,17000,109000,-92000,-92000
03921P,亞光凱基94售01  ,0,0,0,0,0,0,0,0,0,-92000,0,0,0,8000,100000,-92000,-92000
051419,麗豐國票96購01  ,0,0,0,0,0,0,0,0,0,-92000,0,0,0,0,92000,-92000,-92000
051025,晶華統一95購01  ,0,0,0,0,0,0,0,0,0,-92000,0,0,0,40000,132000,-92000,-92000
052172,致茂元大95購01  ,0,0,0,0,0,0,0,0,0,-92000,0,0,0,0,92000,-92000,-92000
2614,東森            ,138000,210000,-72000,0,0,0,0,0,0,-20000,0,20000,-20000,0,0,0,-92000
04639P,臺股指群益94售14,0,0,0,0,0,0,0,0,0,-93000,0,0,0,21000,114000,-93000,-93000
049787,麗豐兆豐94購01  ,0,0,0,0,0,0,0,0,0,-93000,0,0,0,0,93000,-93000,-93000
047896,京元電群益93購01,0,0,0,0,0,0,0,0,0,-93000,0,0,0,50000,143000,-93000,-93000
04869P,鴻海元富95售02  ,0,0,0,0,0,0,0,0,0,-93000,0,0,0,56000,149000,-93000,-93000
050157,臻鼎群益94購02  ,0,0,0,0,0,0,0,0,0,-93000,0,0,0,20000,113000,-93000,-93000
049961,GIS統一94購01   ,0,0,0,0,0,0,0,0,0,-93000,0,0,0,15000,108000,-93000,-93000
05229P,台積電群益95售05,0,0,0,0,0,0,0,0,0,-93000,0,0,0,65000,158000,-93000,-93000
051089,旺宏元大96購04  ,0,0,0,0,0,0,0,0,0,-93000,0,0,0,166000,259000,-93000,-93000
051121,裕民群益97購01  ,0,0,0,0,0,0,0,0,0,-93000,0,0,0,71000,164000,-93000,-93000
051202,智邦麥證95購01  ,0,0,0,22000,115000,-93000,0,0,0,-93000,0,0,0,22000,115000,-93000,-93000
05096P,台積電日盛95售01,0,0,0,0,0,0,0,0,0,-93000,0,0,0,0,93000,-93000,-93000
6533,晶心科          ,121000,212000,-91000,0,0,0,0,0,0,-2000,0,0,0,0,2000,-2000,-93000
6141,柏承            ,220000,168000,52000,0,0,0,0,0,0,-145000,0,145000,-145000,0,0,0,-93000
056087,世芯統一97購01  ,0,0,0,0,0,0,0,0,0,-93000,0,0,0,157000,250000,-93000,-93000
06348P,鈺齊元富97售02  ,0,0,0,0,0,0,0,0,0,-93000,0,0,0,0,93000,-93000,-93000
045908,矽創中信92購01  ,0,0,0,0,0,0,0,0,0,-94000,0,0,0,0,94000,-94000,-94000
050867,聯鈞永豐95購01  ,0,0,0,0,0,0,0,0,0,-94000,0,0,0,73000,167000,-94000,-94000
051487,健策凱基96購03  ,0,0,0,0,0,0,0,0,0,-94000,0,0,0,13000,107000,-94000,-94000
051815,百和凱基96購01  ,0,0,0,0,0,0,0,0,0,-94000,0,0,0,10000,104000,-94000,-94000
1315,達新            ,49000,137000,-88000,0,0,0,0,0,0,-6000,0,6000,-6000,0,0,0,-94000
056074,茂林元大97購04  ,0,0,0,0,0,0,0,0,0,-94000,0,0,0,64000,158000,-94000,-94000
5215,科嘉-KY         ,65000,153000,-88000,0,0,0,0,0,0,-6000,0,6000,-6000,0,0,0,-94000
054313,麗豐凱基96購02  ,0,0,0,0,0,0,0,0,0,-95000,0,0,0,0,95000,-95000,-95000
053458,聯詠國泰97購01  ,0,0,0,0,0,0,0,0,0,-95000,0,0,0,0,95000,-95000,-95000
053357,可成統一96購02  ,0,0,0,0,0,0,0,0,0,-95000,0,0,0,110000,205000,-95000,-95000
053649,台積電凱基97購05,0,0,0,0,0,0,0,0,0,-95000,0,0,0,671000,766000,-95000,-95000
055378,晶相光元大97購02,0,0,0,0,0,0,0,0,0,-95000,0,0,0,41000,136000,-95000,-95000
045086,玉晶光元大94購02,0,0,0,0,0,0,0,0,0,-95000,0,0,0,21000,116000,-95000,-95000
00686R,群益臺灣加權反1 ,0,0,0,0,0,0,0,0,0,-95000,0,0,0,50000,145000,-95000,-95000
05000P,臺股指永豐95售01,0,0,0,0,0,0,0,0,0,-95000,0,0,0,0,95000,-95000,-95000
050066,華固凱基94購01  ,0,0,0,0,0,0,0,0,0,-95000,0,0,0,68000,163000,-95000,-95000
050350,全新群益94購04  ,0,0,0,0,0,0,0,0,0,-95000,0,0,0,10000,105000,-95000,-95000
049744,亞德客永豐94購01,0,0,0,0,0,0,0,0,0,-95000,0,0,0,5000,100000,-95000,-95000
051814,鈺齊凱基95購01  ,0,0,0,0,0,0,0,0,0,-95000,0,0,0,0,95000,-95000,-95000
051015,南亞科凱基95購04,0,0,0,0,0,0,0,0,0,-95000,0,0,0,25000,120000,-95000,-95000
052576,聯茂凱基96購01  ,0,0,0,0,0,0,0,0,0,-95000,0,0,0,0,95000,-95000,-95000
4739,康普            ,26000,119000,-93000,0,0,0,0,0,0,-2000,0,0,0,0,2000,-2000,-95000
2484,希華            ,88000,181000,-93000,0,0,0,0,0,0,-2000,0,2000,-2000,0,0,0,-95000
056101,光磊永豐98購01  ,0,0,0,0,0,0,0,0,0,-95000,0,0,0,0,95000,-95000,-95000
056070,新日興元大97購04,0,0,0,0,0,0,0,0,0,-95000,0,0,0,17000,112000,-95000,-95000
056200,大毅永豐98購01  ,0,0,0,0,0,0,0,0,0,-95000,0,0,0,0,95000,-95000,-95000
05920P,力成元大96售04  ,0,0,0,0,0,0,0,0,0,-95000,0,0,0,18000,113000,-95000,-95000
05926P,智易永豐96售02  ,0,0,0,0,0,0,0,0,0,-95000,0,0,0,32000,127000,-95000,-95000
054683,川湖永豐97購01  ,0,0,0,0,0,0,0,0,0,-96000,0,0,0,12000,108000,-96000,-96000
053671,可成統一96購03  ,0,0,0,0,0,0,0,0,0,-96000,0,0,0,0,96000,-96000,-96000
046770,聯發科國泰94購01,0,0,0,0,0,0,0,0,0,-96000,0,0,0,87000,183000,-96000,-96000
048881,美律統一94購02  ,0,0,0,0,0,0,0,0,0,-96000,0,0,0,0,96000,-96000,-96000
047197,美律統一94購01  ,0,0,0,0,0,0,0,0,0,-96000,0,0,0,0,96000,-96000,-96000
050808,台達電凱基96購02,0,0,0,0,0,0,0,0,0,-96000,0,0,0,0,96000,-96000,-96000
053259,卜蜂群益97購01  ,0,0,0,0,0,0,0,0,0,-96000,0,0,0,2000,98000,-96000,-96000
05293P,廣達凱基95售01  ,0,0,0,0,0,0,0,0,0,-96000,0,0,0,10000,106000,-96000,-96000
052880,台積電凱基96購06,0,0,0,0,0,0,0,0,0,-96000,0,0,0,0,96000,-96000,-96000
05062P,大立光富邦98售03,0,0,0,0,0,0,0,0,0,-96000,0,0,0,5000,101000,-96000,-96000
05948P,茂林元大96售03  ,0,0,0,0,0,0,0,0,0,-96000,0,0,0,100000,196000,-96000,-96000
054826,復盛元大9A購01  ,0,0,0,0,0,0,0,0,0,-97000,0,0,0,23000,120000,-97000,-97000
055699,康控國票97購04  ,0,0,0,0,0,0,0,0,0,-97000,0,0,0,0,97000,-97000,-97000
055672,國巨日盛97購02  ,0,0,0,0,0,0,0,0,0,-97000,0,0,0,2000,99000,-97000,-97000
047000,和大統一93購01  ,0,0,0,0,0,0,0,0,0,-97000,0,0,0,3000,100000,-97000,-97000
1905,華紙            ,5000,98000,-93000,0,0,0,0,0,0,-4000,0,4000,-4000,0,0,0,-97000
2486,一詮            ,11000,104000,-93000,0,0,0,0,0,0,-4000,0,4000,-4000,0,0,0,-97000
2727,王品            ,6000,103000,-97000,0,0,0,0,0,0,0,0,0,0,0,0,0,-97000
055658,南電元富97購01  ,0,0,0,0,0,0,0,0,0,-98000,0,0,0,0,98000,-98000,-98000
055194,昇陽半元富97購01,0,0,0,0,0,0,0,0,0,-98000,0,0,0,0,98000,-98000,-98000
053521,緯穎群益96購02  ,0,0,0,0,0,0,0,0,0,-98000,0,0,0,64000,162000,-98000,-98000
053980,泰鼎元大97購02  ,0,0,0,0,0,0,0,0,0,-98000,0,0,0,269000,367000,-98000,-98000
054648,智原群益98購01  ,0,0,0,0,0,0,0,0,0,-98000,0,0,0,0,98000,-98000,-98000
04284P,瀚宇博永豐93售01,0,0,0,0,0,0,0,0,0,-98000,0,0,0,0,98000,-98000,-98000
045428,彩晶凱基94購01  ,0,0,0,0,0,0,0,0,0,-98000,0,0,0,0,98000,-98000,-98000
049616,卜蜂群益94購01  ,0,0,0,0,0,0,0,0,0,-98000,0,0,0,0,98000,-98000,-98000
049562,和大統一94購01  ,0,0,0,0,0,0,0,0,0,-98000,0,0,0,10000,108000,-98000,-98000
049327,台郡元富94購01  ,0,0,0,0,0,0,0,0,0,-98000,0,0,0,0,98000,-98000,-98000
047137,健策凱基94購01  ,0,0,0,0,0,0,0,0,0,-98000,0,0,0,10000,108000,-98000,-98000
049997,聯發科永豐94購04,0,0,0,0,0,0,0,0,0,-98000,0,0,0,0,98000,-98000,-98000
051455,樺漢元大96購01  ,0,0,0,0,0,0,0,0,0,-98000,0,0,0,47000,145000,-98000,-98000
051607,緯創群益96購02  ,0,0,0,0,0,0,0,0,0,-98000,0,0,0,0,98000,-98000,-98000
052477,美律群益98購01  ,0,0,0,0,0,0,0,0,0,-98000,0,0,0,157000,255000,-98000,-98000
052402,健策凱基97購01  ,0,0,0,0,0,0,0,0,0,-98000,0,0,0,20000,118000,-98000,-98000
052111,智原元富95購01  ,0,0,0,0,0,0,0,0,0,-98000,0,0,0,0,98000,-98000,-98000
06416P,大立光群益97售06,0,0,0,0,0,0,0,0,0,-98000,0,0,0,0,98000,-98000,-98000
056283,鴻海永豐97購03  ,0,0,0,0,0,0,0,0,0,-98000,0,0,0,0,98000,-98000,-98000
054285,國巨元大98購02  ,0,0,0,0,0,0,0,0,0,-99000,0,0,0,1000,100000,-99000,-99000
055640,鴻海元富97購03  ,0,0,0,0,0,0,0,0,0,-99000,0,0,0,21000,120000,-99000,-99000
055805,矽力永豐97購01  ,0,0,0,0,0,0,0,0,0,-99000,0,0,0,21000,120000,-99000,-99000
055371,正崴元大97購02  ,0,0,0,0,0,0,0,0,0,-99000,0,0,0,15000,114000,-99000,-99000
03798P,台光電元大93售02,0,0,0,0,0,0,0,0,0,-99000,0,0,0,0,99000,-99000,-99000
04996P,台積電凱基95售02,0,0,0,0,0,0,0,0,0,-99000,0,0,0,1000,100000,-99000,-99000
050790,昇陽半國泰96購02,0,0,0,0,0,0,0,0,0,-99000,0,0,0,10000,109000,-99000,-99000
052322,力成元大96購01  ,0,0,0,0,0,0,0,0,0,-99000,0,0,0,14000,113000,-99000,-99000
052900,大成鋼國票97購01,0,0,0,0,0,0,0,0,0,-99000,0,0,0,0,99000,-99000,-99000
053257,華通富邦97購01  ,0,0,0,0,0,0,0,0,0,-99000,0,0,0,151000,250000,-99000,-99000
053095,台光電統一98購01,0,0,0,0,0,0,0,0,0,-99000,0,0,0,1000,100000,-99000,-99000
051890,智邦元富95購03  ,0,0,0,0,0,0,0,0,0,-99000,0,0,0,0,99000,-99000,-99000
050947,聯發科群益95購01,0,0,0,0,0,0,0,0,0,-99000,0,0,0,0,99000,-99000,-99000
08163P,T50正2中信95售01,0,0,0,0,0,0,0,0,0,-99000,0,0,0,0,99000,-99000,-99000
6209,今國光          ,40000,138000,-98000,0,0,0,0,0,0,-1000,0,1000,-1000,0,0,0,-99000
055311,健策群益98購02  ,0,0,0,0,0,0,0,0,0,-100000,0,0,0,22000,122000,-100000,-100000
055325,佐登國票98購01  ,0,0,0,0,0,0,0,0,0,-100000,0,0,0,0,100000,-100000,-100000
055609,旺宏國票99購01  ,0,0,0,0,0,0,0,0,0,-100000,0,0,0,168000,268000,-100000,-100000
055849,聯詠元大97購05  ,0,0,0,0,0,0,0,0,0,-100000,0,0,0,42000,142000,-100000,-100000
05590P,臺股指中信96售05,0,0,0,0,0,0,0,0,0,-100000,0,0,0,0,100000,-100000,-100000
055728,緯穎元大97購03  ,0,0,0,0,0,0,0,0,0,-100000,0,0,0,0,100000,-100000,-100000
055038,華航富邦99購01  ,0,0,0,0,0,0,0,0,0,-100000,0,0,0,0,100000,-100000,-100000
054989,精元元富97購01  ,0,0,0,0,0,0,0,0,0,-100000,0,0,0,0,100000,-100000,-100000
054691,裕民永豐97購01  ,0,0,0,0,0,0,0,0,0,-100000,0,0,0,0,100000,-100000,-100000
054697,凌華永豐97購01  ,0,0,0,0,0,0,0,0,0,-100000,0,0,0,0,100000,-100000,-100000
054006,智易統一97購01  ,0,0,0,0,0,0,0,0,0,-100000,0,0,0,80000,180000,-100000,-100000
053711,鴻海凱基96購14  ,0,0,0,0,0,0,0,0,0,-100000,0,0,0,0,100000,-100000,-100000
053555,日月光凱基97購01,0,0,0,0,0,0,0,0,0,-100000,0,0,0,0,100000,-100000,-100000
053400,緯穎中信9A購01  ,0,0,0,0,0,0,0,0,0,-100000,0,0,0,10000,110000,-100000,-100000
03831P,臺股指中信95售02,0,0,0,0,0,0,0,0,0,-100000,0,0,0,0,100000,-100000,-100000
03936P,上銀元大93售06  ,0,0,0,0,0,0,0,0,0,-100000,0,0,0,0,100000,-100000,-100000
03952P,晶技凱基93售02  ,0,0,0,0,0,0,0,0,0,-100000,0,0,0,0,100000,-100000,-100000
03535P,臺股指凱基02售14,0,0,0,0,0,0,0,0,0,-100000,0,0,0,0,100000,-100000,-100000
04377P,大立光元大94售04,0,0,0,0,0,0,0,0,0,-100000,0,0,0,50000,150000,-100000,-100000
03407P,華新科國泰03售02,0,0,0,0,0,0,0,0,0,-100000,0,0,0,0,100000,-100000,-100000
04316P,華新科國票94售05,0,0,0,0,0,0,0,0,0,-100000,0,0,0,0,100000,-100000,-100000
04349P,美律國票94售02  ,0,0,0,0,0,0,0,0,0,-100000,0,0,0,0,100000,-100000,-100000
04366P,全新元富95售01  ,0,0,0,0,0,0,0,0,0,-100000,0,0,0,0,100000,-100000,-100000
04106P,滬深2X永豐93售02,0,0,0,0,0,0,0,0,0,-100000,0,0,0,150000,250000,-100000,-100000
042784,上銀兆豐93購01  ,0,0,0,0,0,0,0,0,0,-100000,0,0,0,0,100000,-100000,-100000
045633,南亞科凱基92購02,0,0,0,0,0,0,0,0,0,-100000,0,0,0,20000,120000,-100000,-100000
049142,智邦元大94購01  ,0,0,0,0,0,0,0,0,0,-100000,0,0,0,0,100000,-100000,-100000
049396,元油2X群益97購03,0,0,0,0,0,0,0,0,0,-100000,0,0,0,0,100000,-100000,-100000
046623,臻鼎凱基93購02  ,0,0,0,0,0,0,0,0,0,-100000,0,0,0,0,100000,-100000,-100000
046239,中石化中信92購02,0,0,0,0,0,0,0,0,0,-100000,0,0,0,0,100000,-100000,-100000
04724P,可成凱基94售08  ,0,0,0,0,0,0,0,0,0,-100000,0,0,0,0,100000,-100000,-100000
050229,鴻海麥證94購02  ,0,0,0,0,103000,-103000,0,0,0,-100000,0,0,0,3000,103000,-100000,-100000
050282,T50反1凱基97購01,0,0,0,0,0,0,0,0,0,-100000,0,0,0,0,100000,-100000,-100000
04708P,國巨元大94售11  ,0,0,0,0,0,0,0,0,0,-100000,0,0,0,0,100000,-100000,-100000
048148,欣興元富93購02  ,0,0,0,0,0,0,0,0,0,-100000,0,0,0,0,100000,-100000,-100000
048428,滬深2X國票93購05,0,0,0,0,0,0,0,0,0,-100000,0,0,0,0,100000,-100000,-100000
047762,華新元大93購02  ,0,0,0,0,0,0,0,0,0,-100000,0,0,0,0,100000,-100000,-100000
049517,台光電國票94購02,0,0,0,0,0,0,0,0,0,-100000,0,0,0,80000,180000,-100000,-100000
049799,旺宏元大96購01  ,0,0,0,0,0,0,0,0,0,-100000,0,0,0,27000,127000,-100000,-100000
047908,南亞科元大93購02,0,0,0,0,0,0,0,0,0,-100000,0,0,0,11000,111000,-100000,-100000
047629,深中小元大96購01,0,0,0,0,0,0,0,0,0,-100000,0,0,0,300000,400000,-100000,-100000
048007,明基材元大96購01,0,0,0,0,0,0,0,0,0,-100000,0,0,0,0,100000,-100000,-100000
048821,光磊凱基95購01  ,0,0,0,0,0,0,0,0,0,-100000,0,0,0,10000,110000,-100000,-100000
049851,致伸群益94購03  ,0,0,0,0,0,0,0,0,0,-100000,0,0,0,0,100000,-100000,-100000
049935,南電元大94購08  ,0,0,0,0,0,0,0,0,0,-100000,0,0,0,0,100000,-100000,-100000
050877,美律統一95購01  ,0,0,0,0,0,0,0,0,0,-100000,0,0,0,124000,224000,-100000,-100000
050685,緯穎元富94購02  ,0,0,0,0,0,0,0,0,0,-100000,0,0,0,151000,251000,-100000,-100000
051994,瀚宇博元大96購01,0,0,0,0,0,0,0,0,0,-100000,0,0,0,10000,110000,-100000,-100000
051667,光磊元大96購02  ,0,0,0,0,0,0,0,0,0,-100000,0,0,0,0,100000,-100000,-100000
051491,貿聯凱基95購01  ,0,0,0,0,0,0,0,0,0,-100000,0,0,0,30000,130000,-100000,-100000
053079,世紀鋼永豐96購01,0,0,0,0,0,0,0,0,0,-100000,0,0,0,24000,124000,-100000,-100000
053210,華邦電凱基97購02,0,0,0,0,0,0,0,0,0,-100000,0,0,0,80000,180000,-100000,-100000
05289P,鴻海永豐95售05  ,0,0,0,0,0,0,0,0,0,-100000,0,0,0,0,100000,-100000,-100000
052949,智易國票97購02  ,0,0,0,0,0,0,0,0,0,-100000,0,0,0,0,100000,-100000,-100000
052377,景碩元大96購02  ,0,0,0,0,0,0,0,0,0,-100000,0,0,0,0,100000,-100000,-100000
052396,台積電凱基97購01,0,0,0,0,0,0,0,0,0,-100000,0,0,0,62000,162000,-100000,-100000
052491,泰碩國票99購01  ,0,0,0,0,0,0,0,0,0,-100000,0,0,0,0,100000,-100000,-100000
052509,鴻海凱基96購10  ,0,0,0,0,0,0,0,0,0,-100000,0,0,0,0,100000,-100000,-100000
06351P,臺股指台新99售03,0,0,0,0,0,0,0,0,0,-100000,0,0,0,0,100000,-100000,-100000
06338P,亞德客統一97售02,0,0,0,0,0,0,0,0,0,-100000,0,0,0,24000,124000,-100000,-100000
06363P,臺股指麥證97售02,0,0,0,0,100000,-100000,0,0,0,-100000,0,0,0,0,100000,-100000,-100000
056275,國巨國泰98購04  ,0,0,0,0,0,0,0,0,0,-100000,0,0,0,0,100000,-100000,-100000
056138,群創元大9B購01  ,0,0,0,0,0,0,0,0,0,-100000,0,0,0,11000,111000,-100000,-100000
3596,智易            ,682000,689570,-7570,0,0,0,0,14000,-14000,-79000,16000,29000,-13000,57000,123000,-66000,-100570
053969,瑞昱元大97購01  ,0,0,0,0,0,0,0,0,0,-101000,0,0,0,57000,158000,-101000,-101000
053866,景碩元大97購02  ,0,0,0,0,0,0,0,0,0,-101000,0,0,0,0,101000,-101000,-101000
054209,台積電國票97購08,0,0,0,0,0,0,0,0,0,-101000,0,0,0,3000,104000,-101000,-101000
054348,康控國票97購03  ,0,0,0,0,0,0,0,0,0,-101000,0,0,0,0,101000,-101000,-101000
043344,可成富邦93購01  ,0,0,0,0,0,0,0,0,0,-101000,0,0,0,0,101000,-101000,-101000
03993P,滬深2X中信94售03,0,0,0,0,0,0,0,0,0,-101000,0,0,0,30000,131000,-101000,-101000
04420P,奇鋐永豐94售01  ,0,0,0,0,0,0,0,0,0,-101000,0,0,0,63000,164000,-101000,-101000
043884,臻鼎元大92購01  ,0,0,0,0,0,0,0,0,0,-101000,0,0,0,0,101000,-101000,-101000
04965P,日月光元大94售02,0,0,0,0,0,0,0,0,0,-101000,0,0,0,9000,110000,-101000,-101000
048653,巨大元大96購02  ,0,0,0,0,0,0,0,0,0,-101000,0,0,0,0,101000,-101000,-101000
052931,麗豐元大97購01  ,0,0,0,0,0,0,0,0,0,-101000,0,0,0,15000,116000,-101000,-101000
053221,彩晶凱基98購01  ,0,0,0,0,0,0,0,0,0,-101000,0,0,0,25000,126000,-101000,-101000
051429,智邦元富95購01  ,0,0,0,0,0,0,0,0,0,-101000,0,0,0,17000,118000,-101000,-101000
051439,川湖元大95購01  ,0,0,0,0,0,0,0,0,0,-101000,0,0,0,68000,169000,-101000,-101000
050612,台積電元大95購06,0,0,0,0,0,0,0,0,0,-101000,0,0,0,0,101000,-101000,-101000
056189,樺漢統一97購02  ,0,0,0,0,0,0,0,0,0,-101000,0,0,0,0,101000,-101000,-101000
056082,旺宏統一99購02  ,0,0,0,0,0,0,0,0,0,-101000,0,0,0,0,101000,-101000,-101000
08600P,臺股指元大9C售32,0,0,0,0,0,0,0,0,0,-101000,0,0,0,0,101000,-101000,-101000
054207,國巨國票98購01  ,0,0,0,0,0,0,0,0,0,-102000,0,0,0,100000,202000,-102000,-102000
054134,強茂元大96購01  ,0,0,0,0,0,0,0,0,0,-102000,0,0,0,8000,110000,-102000,-102000
053532,台積電永豐96購03,0,0,0,0,0,0,0,0,0,-102000,0,0,0,203000,305000,-102000,-102000
055645,技嘉元富97購01  ,0,0,0,0,0,0,0,0,0,-102000,0,0,0,54000,156000,-102000,-102000
05542P,滬深2X元富96售01,0,0,0,0,0,0,0,0,0,-102000,0,0,0,0,102000,-102000,-102000
051195,台郡中信95購01  ,0,0,0,0,0,0,0,0,0,-102000,0,0,0,22000,124000,-102000,-102000
052817,楠梓電永豐96購02,0,0,0,0,0,0,0,0,0,-102000,0,0,0,0,102000,-102000,-102000
055965,泰鼎元大97購03  ,0,0,0,0,0,0,0,0,0,-102000,0,0,0,266000,368000,-102000,-102000
05995P,T50正2中信9C售01,0,0,0,0,0,0,0,0,0,-102000,0,0,0,36000,138000,-102000,-102000
055374,明泰元大97購01  ,0,0,0,0,0,0,0,0,0,-103000,0,0,0,2000,105000,-103000,-103000
055812,台積電國票99購02,0,0,0,0,0,0,0,0,0,-103000,0,0,0,34000,137000,-103000,-103000
044290,群創凱基93購05  ,0,0,0,0,0,0,0,0,0,-103000,0,0,0,22000,125000,-103000,-103000
049243,佳世達元富96購02,0,0,0,0,0,0,0,0,0,-103000,0,0,0,0,103000,-103000,-103000
047684,景碩國泰94購01  ,0,0,0,0,0,0,0,0,0,-103000,0,0,0,38000,141000,-103000,-103000
051397,聯茂兆豐95購03  ,0,0,0,0,0,0,0,0,0,-103000,0,0,0,118000,221000,-103000,-103000
052043,瑞昱日盛95購01  ,0,0,0,0,0,0,0,0,0,-103000,0,0,0,148000,251000,-103000,-103000
056029,國巨麥證98購01  ,0,0,0,0,103000,-103000,0,0,0,-103000,0,0,0,0,103000,-103000,-103000
056262,台積電統一98購04,0,0,0,0,0,0,0,0,0,-103000,0,0,0,0,103000,-103000,-103000
3703,欣陸            ,82000,183000,-101000,0,0,0,0,0,0,-2000,0,2000,-2000,0,0,0,-103000
4956,光鋐            ,10000,111000,-101000,0,0,0,0,0,0,-2000,0,2000,-2000,0,0,0,-103000
8462,柏文            ,94000,201799,-107799,0,0,0,6000,0,6000,-2000,0,0,0,0,2000,-2000,-103799
055393,華新科統一97購03,0,0,0,0,0,0,0,0,0,-104000,0,0,0,0,104000,-104000,-104000
055154,聯發科元大98購01,0,0,0,0,0,0,0,0,0,-104000,0,0,0,112000,216000,-104000,-104000
053825,南電群益96購02  ,0,0,0,0,0,0,0,0,0,-104000,0,0,0,190000,294000,-104000,-104000
050641,上証反凱基96購01,0,0,0,0,0,0,0,0,0,-104000,0,0,0,0,104000,-104000,-104000
052911,友達統一97購02  ,0,0,0,0,0,0,0,0,0,-104000,0,0,0,30000,134000,-104000,-104000
054243,國喬元大96購01  ,0,0,0,0,0,0,0,0,0,-105000,0,0,0,0,105000,-105000,-105000
055401,亞光元富9A購01  ,0,0,0,0,0,0,0,0,0,-105000,0,0,0,0,105000,-105000,-105000
055425,聚陽群益99購01  ,0,0,0,0,0,0,0,0,0,-105000,0,0,0,10000,115000,-105000,-105000
055551,致茂凱基98購01  ,0,0,0,0,0,0,0,0,0,-105000,0,0,0,0,105000,-105000,-105000
055741,健策元富97購01  ,0,0,0,0,0,0,0,0,0,-105000,0,0,0,0,105000,-105000,-105000
045568,上証2X元大95購01,0,0,0,0,0,0,0,0,0,-105000,0,0,0,0,105000,-105000,-105000
046339,訊芯中信92購01  ,0,0,0,0,0,0,0,0,0,-105000,0,0,0,0,105000,-105000,-105000
00713,元大台灣高息低波,0,83000,-83000,0,0,0,0,0,0,-22000,0,0,0,56000,78000,-22000,-105000
047969,台達電富邦97購01,0,0,0,0,0,0,0,0,0,-105000,0,0,0,100000,205000,-105000,-105000
047639,聯發科元大93購16,0,0,0,0,0,0,0,0,0,-105000,0,0,0,95000,200000,-105000,-105000
048714,巨大康和94購01  ,0,0,0,0,0,0,0,0,0,-105000,0,0,0,0,105000,-105000,-105000
048072,GIS元富93購05   ,0,0,0,0,0,0,0,0,0,-105000,0,0,0,0,105000,-105000,-105000
050253,百和國泰96購01  ,0,0,0,0,0,0,0,0,0,-105000,0,0,0,44000,149000,-105000,-105000
050598,友達麥證94購01  ,0,0,0,0,105000,-105000,0,0,0,-105000,0,0,0,0,105000,-105000,-105000
050531,訊芯元大95購02  ,0,0,0,0,0,0,0,0,0,-105000,0,0,0,0,105000,-105000,-105000
050560,聯詠統一94購02  ,0,0,0,0,0,0,0,0,0,-105000,0,0,0,0,105000,-105000,-105000
051203,微星麥證95購01  ,0,0,0,20000,125000,-105000,0,0,0,-105000,0,0,0,20000,125000,-105000,-105000
051751,聯茂富邦95購01  ,0,0,0,0,0,0,0,0,0,-105000,0,0,0,0,105000,-105000,-105000
2609,陽明            ,164000,269000,-105000,0,0,0,0,0,0,0,0,0,0,0,0,0,-105000
055384,緯穎元大98購02  ,0,0,0,0,0,0,0,0,0,-106000,0,0,0,22000,128000,-106000,-106000
054671,國巨國泰98購01  ,0,0,0,0,0,0,0,0,0,-106000,0,0,0,0,106000,-106000,-106000
03417B,臺股指凱基95熊19,0,0,0,0,0,0,0,0,0,-106000,0,0,0,10000,116000,-106000,-106000
04263P,南電群益93售03  ,0,0,0,0,0,0,0,0,0,-106000,0,0,0,0,106000,-106000,-106000
049389,元石油中信97購02,0,0,0,0,0,0,0,0,0,-106000,0,0,0,0,106000,-106000,-106000
05013P,台積電元大96售05,0,0,0,0,0,0,0,0,0,-106000,0,0,0,29000,135000,-106000,-106000
048372,美利達統一93購01,0,0,0,0,0,0,0,0,0,-106000,0,0,0,2000,108000,-106000,-106000
051257,光寶科國泰96購01,0,0,0,0,0,0,0,0,0,-106000,0,0,0,10000,116000,-106000,-106000
051088,台積電元大95購09,0,0,0,0,0,0,0,0,0,-106000,0,0,0,49000,155000,-106000,-106000
053003,國巨永豐96購02  ,0,0,0,0,0,0,0,0,0,-106000,0,0,0,6000,112000,-106000,-106000
06078P,臺股指凱基9A售01,0,0,0,0,0,0,0,0,0,-106000,0,0,0,15000,121000,-106000,-106000
055358,臻鼎凱基97購01  ,0,0,0,0,0,0,0,0,0,-107000,0,0,0,0,107000,-107000,-107000
045322,京元電統一92購02,0,0,0,0,0,0,0,0,0,-107000,0,0,0,43000,150000,-107000,-107000
046702,旺宏元富93購02  ,0,0,0,0,0,0,0,0,0,-107000,0,0,0,111000,218000,-107000,-107000
046602,新日興群益94購01,0,0,0,0,0,0,0,0,0,-107000,0,0,0,39000,146000,-107000,-107000
00753L,中信中國50正2   ,0,0,0,0,0,0,0,0,0,-107000,0,0,0,82000,189000,-107000,-107000
050083,旺宏元富94購01  ,0,0,0,0,0,0,0,0,0,-107000,0,0,0,50000,157000,-107000,-107000
050869,健策永豐95購01  ,0,0,0,0,0,0,0,0,0,-107000,0,0,0,84000,191000,-107000,-107000
1531,高林股          ,0,107000,-107000,0,0,0,0,0,0,0,0,0,0,0,0,0,-107000
055422,康控永豐97購01  ,0,0,0,0,0,0,0,0,0,-108000,0,0,0,22000,130000,-108000,-108000
054586,健鼎國泰99購01  ,0,0,0,0,0,0,0,0,0,-108000,0,0,0,0,108000,-108000,-108000
053917,友達國票97購03  ,0,0,0,0,0,0,0,0,0,-108000,0,0,0,50000,158000,-108000,-108000
053381,友達元大9A購02  ,0,0,0,0,0,0,0,0,0,-108000,0,0,0,21000,129000,-108000,-108000
03538P,景碩元富08售02  ,0,0,0,0,0,0,0,0,0,-108000,0,0,0,0,108000,-108000,-108000
046663,亞光元大93購02  ,0,0,0,0,0,0,0,0,0,-108000,0,0,0,2000,110000,-108000,-108000
050203,美律群益94購04  ,0,0,0,0,0,0,0,0,0,-108000,0,0,0,24000,132000,-108000,-108000
048315,聯發科凱基93購32,0,0,0,0,0,0,0,0,0,-108000,0,0,0,0,108000,-108000,-108000
049226,元石油富邦95購01,0,0,0,0,0,0,0,0,0,-108000,0,0,0,12000,120000,-108000,-108000
049642,鴻海凱基94購16  ,0,0,0,0,0,0,0,0,0,-108000,0,0,0,10000,118000,-108000,-108000
051968,勤誠永豐95購01  ,0,0,0,0,0,0,0,0,0,-108000,0,0,0,5000,113000,-108000,-108000
051600,新日興兆豐96購02,0,0,0,0,0,0,0,0,0,-108000,0,0,0,67000,175000,-108000,-108000
052122,新光金國票96購01,0,0,0,0,0,0,0,0,0,-108000,0,0,0,0,108000,-108000,-108000
06091P,華新科統一97售01,0,0,0,0,0,0,0,0,0,-108000,0,0,0,12000,120000,-108000,-108000
2426,鼎元            ,113000,216000,-103000,0,0,0,0,0,0,-5000,0,5000,-5000,0,0,0,-108000
053660,群創凱基98購08  ,0,0,0,0,0,0,0,0,0,-109000,0,0,0,30000,139000,-109000,-109000
054304,台積電凱基96購23,0,0,0,0,0,0,0,0,0,-109000,0,0,0,0,109000,-109000,-109000
00700,富邦恒生國企    ,0,169000,-169000,0,0,0,0,0,0,60000,0,0,0,92000,32000,60000,-109000
047839,景碩元大93購03  ,0,0,0,0,0,0,0,0,0,-109000,0,0,0,3000,112000,-109000,-109000
052339,光寶科凱基95購01,0,0,0,0,0,0,0,0,0,-109000,0,0,0,34000,143000,-109000,-109000
6230,超眾            ,444000,372000,72000,0,0,0,0,152000,-152000,-29000,17000,0,17000,22000,68000,-46000,-109000
05939P,聯發科凱基96售20,0,0,0,0,0,0,0,0,0,-109000,0,0,0,13000,122000,-109000,-109000
05346P,臺股指統一95售06,0,0,0,0,0,0,0,0,0,-110000,0,0,0,30000,140000,-110000,-110000
053781,友達元大9B購03  ,0,0,0,0,0,0,0,0,0,-110000,0,0,0,6000,116000,-110000,-110000
055801,景碩永豐97購02  ,0,0,0,0,0,0,0,0,0,-110000,0,0,0,0,110000,-110000,-110000
055034,建準富邦99購01  ,0,0,0,0,0,0,0,0,0,-110000,0,0,0,0,110000,-110000,-110000
044347,上証2X元大94購01,0,0,0,0,0,0,0,0,0,-110000,0,0,0,0,110000,-110000,-110000
04367P,滬深2X凱基95售04,0,0,0,0,0,0,0,0,0,-110000,0,0,0,1000,111000,-110000,-110000
044764,聯茂凱基93購03  ,0,0,0,0,0,0,0,0,0,-110000,0,0,0,0,110000,-110000,-110000
046065,益航凱基93購02  ,0,0,0,0,0,0,0,0,0,-110000,0,0,0,0,110000,-110000,-110000
049370,可成元大94購03  ,0,0,0,0,0,0,0,0,0,-110000,0,0,0,60000,170000,-110000,-110000
047773,超眾元大96購01  ,0,0,0,0,0,0,0,0,0,-110000,0,0,0,15000,125000,-110000,-110000
050000,盟立永豐94購01  ,0,0,0,0,0,0,0,0,0,-110000,0,0,0,0,110000,-110000,-110000
050087,美食台新94購01  ,0,0,0,0,0,0,0,0,0,-110000,0,0,0,0,110000,-110000,-110000
052500,元翎永豐95購01  ,0,0,0,0,0,0,0,0,0,-110000,0,0,0,0,110000,-110000,-110000
052834,彩晶群益96購01  ,0,0,0,0,0,0,0,0,0,-110000,0,0,0,0,110000,-110000,-110000
051806,華通凱基96購02  ,0,0,0,0,0,0,0,0,0,-110000,0,0,0,0,110000,-110000,-110000
051184,聯發科永豐95購03,0,0,0,0,0,0,0,0,0,-110000,0,0,0,0,110000,-110000,-110000
055955,微星元大97購01  ,0,0,0,0,0,0,0,0,0,-110000,0,0,0,59000,169000,-110000,-110000
055124,建準兆豐97購01  ,0,0,0,0,0,0,0,0,0,-111000,0,0,0,38000,149000,-111000,-111000
055802,新日興永豐97購01,0,0,0,0,0,0,0,0,0,-111000,0,0,0,287000,398000,-111000,-111000
053983,樺漢元大97購02  ,0,0,0,0,0,0,0,0,0,-111000,0,0,0,58000,169000,-111000,-111000
053523,T50反1中信9A購01,0,0,0,0,0,0,0,0,0,-111000,0,0,0,9000,120000,-111000,-111000
044741,玉山金富邦93購01,0,0,0,0,0,0,0,0,0,-111000,0,0,0,10000,121000,-111000,-111000
03881P,易華電永豐93售02,0,0,0,0,0,0,0,0,0,-111000,0,0,0,83000,194000,-111000,-111000
04382P,美律國泰95售01  ,0,0,0,0,0,0,0,0,0,-111000,0,0,0,140000,251000,-111000,-111000
050447,廣達元大94購01  ,0,0,0,0,0,0,0,0,0,-111000,0,0,0,25000,136000,-111000,-111000
047548,友達凱基99購03  ,0,0,0,0,0,0,0,0,0,-111000,0,0,0,0,111000,-111000,-111000
051263,深中小富邦96購01,0,0,0,0,0,0,0,0,0,-111000,0,0,0,100000,211000,-111000,-111000
052770,聯茂群益96購02  ,0,0,0,0,0,0,0,0,0,-111000,0,0,0,38000,149000,-111000,-111000
052653,臺股指永豐97購01,0,0,0,0,0,0,0,0,0,-111000,0,0,0,130000,241000,-111000,-111000
052223,聯電凱基96購02  ,0,0,0,0,0,0,0,0,0,-111000,0,0,0,0,111000,-111000,-111000
06231P,台積電永豐97售05,0,0,0,0,0,0,0,0,0,-111000,0,0,0,13000,124000,-111000,-111000
1598,岱宇            ,2000,112403,-110403,0,0,0,0,0,0,-1000,0,1000,-1000,0,0,0,-111403
4934,太極            ,97000,258620,-161620,0,0,0,0,0,0,50000,50000,0,50000,0,0,0,-111620
053418,旺宏永豐96購02  ,0,0,0,0,0,0,0,0,0,-112000,0,0,0,237000,349000,-112000,-112000
054970,帆宣元大97購01  ,0,0,0,0,0,0,0,0,0,-112000,0,0,0,0,112000,-112000,-112000
041990,A50正2國票97購01,0,0,0,0,0,0,0,0,0,-112000,0,0,0,8000,120000,-112000,-112000
048065,群創統一93購04  ,0,0,0,0,0,0,0,0,0,-112000,0,0,0,50000,162000,-112000,-112000
048267,元金反中信93購01,0,0,0,0,0,0,0,0,0,-112000,0,0,0,0,112000,-112000,-112000
052490,禾伸堂國票95購01,0,0,0,0,0,0,0,0,0,-112000,0,0,0,0,112000,-112000,-112000
053334,訊芯永豐96購01  ,0,0,0,0,0,0,0,0,0,-112000,0,0,0,309000,421000,-112000,-112000
3016,嘉晶            ,232000,280000,-48000,0,0,0,0,0,0,-64000,0,24000,-24000,16000,56000,-40000,-112000
05922P,京元電兆豐96售01,0,0,0,0,0,0,0,0,0,-112000,0,0,0,0,112000,-112000,-112000
055628,旺宏永豐97購01  ,0,0,0,0,0,0,0,0,0,-113000,0,0,0,120000,233000,-113000,-113000
053452,臺股指凱基97購01,0,0,0,0,0,0,0,0,0,-113000,0,0,0,287000,400000,-113000,-113000
046896,臻鼎群益94購01  ,0,0,0,0,0,0,0,0,0,-113000,0,0,0,80000,193000,-113000,-113000
049055,聯詠永豐94購01  ,0,0,0,0,0,0,0,0,0,-113000,0,0,0,15000,128000,-113000,-113000
048339,友達元大95購01  ,0,0,0,0,0,0,0,0,0,-113000,0,0,0,16000,129000,-113000,-113000
050778,瑞儀元大96購01  ,0,0,0,0,0,0,0,0,0,-113000,0,0,0,0,113000,-113000,-113000
04747P,臺股指元大94售22,0,0,0,0,0,0,0,0,0,-113000,0,0,0,88000,201000,-113000,-113000
053186,健策中信9C購01  ,0,0,0,0,0,0,0,0,0,-113000,0,0,0,34000,147000,-113000,-113000
05056P,訊芯群益95售01  ,0,0,0,0,0,0,0,0,0,-113000,0,0,0,150000,263000,-113000,-113000
051357,可成元大95購05  ,0,0,0,0,0,0,0,0,0,-113000,0,0,0,20000,133000,-113000,-113000
05708P,奇力新國票97售04,0,0,0,0,0,0,0,0,0,-113000,0,0,0,15000,128000,-113000,-113000
6672,騰輝電子-KY     ,99000,209000,-110000,0,0,0,0,0,0,-3000,0,0,0,0,3000,-3000,-113000
053431,志超永豐96購01  ,0,0,0,0,0,0,0,0,0,-114000,0,0,0,9000,123000,-114000,-114000
046703,瑞昱元富95購01  ,0,0,0,0,0,0,0,0,0,-114000,0,0,0,0,114000,-114000,-114000
042942,永冠國票94購01  ,0,0,0,0,0,0,0,0,0,-114000,0,0,0,80000,194000,-114000,-114000
03640C,元油2X元大9B牛02,0,0,0,0,0,0,0,0,0,-114000,0,0,0,37000,151000,-114000,-114000
047354,訊芯凱基94購01  ,0,0,0,0,0,0,0,0,0,-114000,0,0,0,36000,150000,-114000,-114000
048670,華新科永豐93購03,0,0,0,0,0,0,0,0,0,-114000,0,0,0,18000,132000,-114000,-114000
048422,瑞昱元富96購02  ,0,0,0,0,0,0,0,0,0,-114000,0,0,0,181000,295000,-114000,-114000
050961,美律永豐95購01  ,0,0,0,0,0,0,0,0,0,-114000,0,0,0,22000,136000,-114000,-114000
052853,友達日盛99購01  ,0,0,0,0,0,0,0,0,0,-114000,0,0,0,48000,162000,-114000,-114000
6525,捷敏-KY         ,76000,190000,-114000,0,0,0,0,0,0,0,0,0,0,0,0,0,-114000
3033,威健            ,1000,114000,-113000,0,0,0,0,0,0,-1000,0,1000,-1000,0,0,0,-114000
05960P,欣興統一96售01  ,0,0,0,0,0,0,0,0,0,-114000,0,0,0,56000,170000,-114000,-114000
056045,勤誠凱基97購01  ,0,0,0,0,0,0,0,0,0,-114000,0,0,0,0,114000,-114000,-114000
1217,愛之味          ,49000,162000,-113000,0,0,0,0,0,0,-1000,0,1000,-1000,0,0,0,-114000
054494,訊芯台新96購01  ,0,0,0,0,0,0,0,0,0,-115000,0,0,0,0,115000,-115000,-115000
055659,百和元富97購01  ,0,0,0,0,0,0,0,0,0,-115000,0,0,0,0,115000,-115000,-115000
049341,旺宏統一95購01  ,0,0,0,0,0,0,0,0,0,-115000,0,0,0,10000,125000,-115000,-115000
048830,和鑫凱基94購03  ,0,0,0,0,0,0,0,0,0,-115000,0,0,0,0,115000,-115000,-115000
05276P,GIS永豐95售02   ,0,0,0,0,0,0,0,0,0,-115000,0,0,0,36000,151000,-115000,-115000
05234P,美食康和95售01  ,0,0,0,0,0,0,0,0,0,-115000,0,0,0,0,115000,-115000,-115000
051534,景碩國票97購01  ,0,0,0,0,0,0,0,0,0,-115000,0,0,0,0,115000,-115000,-115000
051619,智邦凱基95購07  ,0,0,0,0,0,0,0,0,0,-115000,0,0,0,30000,145000,-115000,-115000
055170,光磊統一97購01  ,0,0,0,0,0,0,0,0,0,-116000,0,0,0,10000,126000,-116000,-116000
053891,欣興群益98購01  ,0,0,0,0,0,0,0,0,0,-116000,0,0,0,20000,136000,-116000,-116000
04685P,訊芯元大94售02  ,0,0,0,0,0,0,0,0,0,-116000,0,0,0,0,116000,-116000,-116000
046844,旺宏永豐93購01  ,0,0,0,0,0,0,0,0,0,-116000,0,0,0,5000,121000,-116000,-116000
048733,台勝科麥證95購02,0,0,0,60000,176000,-116000,0,0,0,-116000,0,0,0,60000,176000,-116000,-116000
047086,群創統一93購03  ,0,0,0,0,0,0,0,0,0,-116000,0,0,0,10000,126000,-116000,-116000
05139P,臺股指凱基95售06,0,0,0,0,0,0,0,0,0,-116000,0,0,0,10000,126000,-116000,-116000
1313,聯成            ,147000,263000,-116000,0,0,0,0,0,0,0,0,0,0,0,0,0,-116000
05760P,京鼎永豐96售02  ,0,0,0,0,0,0,0,0,0,-116000,0,0,0,45000,161000,-116000,-116000
2472,立隆電          ,101000,176000,-75000,0,0,0,0,0,0,-41000,26000,67000,-41000,0,0,0,-116000
3437,榮創            ,80000,196000,-116000,0,0,0,0,0,0,0,0,0,0,0,0,0,-116000
053811,國巨群益98購02  ,0,0,0,0,0,0,0,0,0,-117000,0,0,0,34000,151000,-117000,-117000
053638,信邦永豐96購01  ,0,0,0,0,0,0,0,0,0,-117000,0,0,0,26000,143000,-117000,-117000
055644,致茂元富97購01  ,0,0,0,0,0,0,0,0,0,-117000,0,0,0,0,117000,-117000,-117000
055400,緯穎統一97購01  ,0,0,0,0,0,0,0,0,0,-117000,0,0,0,15000,132000,-117000,-117000
050255,GIS富邦95購01   ,0,0,0,0,0,0,0,0,0,-117000,0,0,0,10000,127000,-117000,-117000
048702,正文國票95購01  ,0,0,0,0,0,0,0,0,0,-117000,0,0,0,5000,122000,-117000,-117000
051414,新光金國票95購04,0,0,0,0,0,0,0,0,0,-117000,0,0,0,0,117000,-117000,-117000
051752,緯穎富邦96購01  ,0,0,0,0,0,0,0,0,0,-117000,0,0,0,22000,139000,-117000,-117000
051001,緯穎元大96購02  ,0,0,0,0,0,0,0,0,0,-117000,0,0,0,10000,127000,-117000,-117000
051260,鴻海永昌96購04  ,0,0,0,0,0,0,0,0,0,-117000,0,0,0,1085000,1202000,-117000,-117000
06150P,奇力新元大97售06,0,0,0,0,0,0,0,0,0,-117000,0,0,0,0,117000,-117000,-117000
054667,神基元富97購01  ,0,0,0,0,0,0,0,0,0,-118000,0,0,0,16000,134000,-118000,-118000
043970,為升富邦94購01  ,0,0,0,0,0,0,0,0,0,-118000,0,0,0,5000,123000,-118000,-118000
047872,貿聯永豐93購02  ,0,0,0,0,0,0,0,0,0,-118000,0,0,0,11000,129000,-118000,-118000
04809P,台光電群益94售04,0,0,0,0,0,0,0,0,0,-118000,0,0,0,11000,129000,-118000,-118000
052075,旺宏元富95購03  ,0,0,0,0,0,0,0,0,0,-118000,0,0,0,0,118000,-118000,-118000
052459,道瓊反統一95購04,0,0,0,0,0,0,0,0,0,-118000,0,0,0,101000,219000,-118000,-118000
053276,友達元大9C購01  ,0,0,0,0,0,0,0,0,0,-118000,0,0,0,12000,130000,-118000,-118000
06218P,鴻海元富97售06  ,0,0,0,0,0,0,0,0,0,-118000,0,0,0,2000,120000,-118000,-118000
056061,國泰金元大97購02,0,0,0,0,0,0,0,0,0,-118000,0,0,0,0,118000,-118000,-118000
6192,巨路            ,4000,122000,-118000,0,0,0,0,0,0,0,0,0,0,0,0,0,-118000
054990,凌陽元富97購01  ,0,0,0,0,0,0,0,0,0,-119000,0,0,0,60000,179000,-119000,-119000
054578,世芯元大99購01  ,0,0,0,0,0,0,0,0,0,-119000,0,0,0,1000,120000,-119000,-119000
048035,聯詠凱基93購06  ,0,0,0,0,0,0,0,0,0,-119000,0,0,0,0,119000,-119000,-119000
5243,乙盛-KY         ,55000,168000,-113000,0,0,0,0,0,0,-6000,2000,8000,-6000,0,0,0,-119000
054558,劍麟群益99購01  ,0,0,0,0,0,0,0,0,0,-120000,0,0,0,20000,140000,-120000,-120000
054568,訊芯群益97購01  ,0,0,0,0,0,0,0,0,0,-120000,0,0,0,0,120000,-120000,-120000
054462,旺宏凱基96購08  ,0,0,0,0,0,0,0,0,0,-120000,0,0,0,32000,152000,-120000,-120000
055017,緯穎元富97購01  ,0,0,0,0,0,0,0,0,0,-120000,0,0,0,0,120000,-120000,-120000
054659,亞光元大97購02  ,0,0,0,0,0,0,0,0,0,-120000,0,0,0,24000,144000,-120000,-120000
055764,臺股指群益97購02,0,0,0,0,0,0,0,0,0,-120000,0,0,0,131000,251000,-120000,-120000
055790,南電凱基97購01  ,0,0,0,0,0,0,0,0,0,-120000,0,0,0,0,120000,-120000,-120000
03874P,臺股指群益95售01,0,0,0,0,0,0,0,0,0,-120000,0,0,0,130000,250000,-120000,-120000
046767,南茂凱基93購03  ,0,0,0,0,0,0,0,0,0,-120000,0,0,0,10000,130000,-120000,-120000
049158,元油2X中信94購03,0,0,0,0,0,0,0,0,0,-120000,0,0,0,0,120000,-120000,-120000
047348,台光電凱基94購02,0,0,0,0,0,0,0,0,0,-120000,0,0,0,0,120000,-120000,-120000
048747,華通元富97購01  ,0,0,0,0,0,0,0,0,0,-120000,0,0,0,7000,127000,-120000,-120000
052878,台虹凱基96購01  ,0,0,0,0,0,0,0,0,0,-120000,0,0,0,120000,240000,-120000,-120000
052390,聯詠群益95購03  ,0,0,0,0,0,0,0,0,0,-120000,0,0,0,0,120000,-120000,-120000
051042,中磊永豐95購01  ,0,0,0,0,0,0,0,0,0,-120000,0,0,0,0,120000,-120000,-120000
6226,光鼎            ,19000,139000,-120000,0,0,0,0,0,0,0,0,0,0,0,0,0,-120000
056181,百和元富97購02  ,0,0,0,0,0,0,0,0,0,-120000,0,0,0,0,120000,-120000,-120000
056281,深中小永豐97購01,0,0,0,0,0,0,0,0,0,-120000,0,0,0,0,120000,-120000,-120000
06124P,超眾元大97售03  ,0,0,0,0,0,0,0,0,0,-120000,0,0,0,30000,150000,-120000,-120000
05536P,奇力新元大96售03,0,0,0,0,0,0,0,0,0,-121000,0,0,0,53000,174000,-121000,-121000
055072,康友永豐97購02  ,0,0,0,0,0,0,0,0,0,-121000,0,0,0,0,121000,-121000,-121000
049067,元油2X凱基94購02,0,0,0,0,0,0,0,0,0,-121000,0,0,0,0,121000,-121000,-121000
044834,旺宏元大93購02  ,0,0,0,0,0,0,0,0,0,-121000,0,0,0,0,121000,-121000,-121000
04302P,和碩中信93售01  ,0,0,0,0,0,0,0,0,0,-121000,0,0,0,9000,130000,-121000,-121000
05028P,康控永豐95售02  ,0,0,0,0,0,0,0,0,0,-121000,0,0,0,66000,187000,-121000,-121000
050433,華新科凱基94購11,0,0,0,0,0,0,0,0,0,-121000,0,0,0,0,121000,-121000,-121000
1463,強盛            ,14000,135000,-121000,0,0,0,0,0,0,0,0,0,0,0,0,0,-121000
055456,上銀富邦99購01  ,0,0,0,0,0,0,0,0,0,-122000,0,0,0,109000,231000,-122000,-122000
055807,勤誠永豐97購01  ,0,0,0,0,0,0,0,0,0,-123000,0,0,0,25000,148000,-123000,-123000
054574,美律元大99購01  ,0,0,0,0,0,0,0,0,0,-123000,0,0,0,32000,155000,-123000,-123000
046932,聯詠統一93購02  ,0,0,0,0,0,0,0,0,0,-123000,0,0,0,0,123000,-123000,-123000
056145,緯穎元大98購03  ,0,0,0,0,0,0,0,0,0,-123000,0,0,0,0,123000,-123000,-123000
05726P,易華電永豐96售02,0,0,0,0,0,0,0,0,0,-123000,0,0,0,27000,150000,-123000,-123000
6504,南六            ,3000,136000,-133000,0,0,0,0,0,0,10000,10000,0,10000,0,0,0,-123000
03856P,易華電永豐93售01,0,0,0,0,0,0,0,0,0,-124000,0,0,0,75000,199000,-124000,-124000
049408,旺宏日盛94購01  ,0,0,0,0,0,0,0,0,0,-124000,0,0,0,20000,144000,-124000,-124000
045142,聯茂兆豐93購02  ,0,0,0,0,0,0,0,0,0,-124000,0,0,0,0,124000,-124000,-124000
052783,台郡國票97購01  ,0,0,0,0,0,0,0,0,0,-124000,0,0,0,10000,134000,-124000,-124000
05973P,聯詠元大96售06  ,0,0,0,0,0,0,0,0,0,-124000,0,0,0,41000,165000,-124000,-124000
06113P,台積電群益97售01,0,0,0,0,0,0,0,0,0,-124000,0,0,0,107000,231000,-124000,-124000
045449,嘉聯益國泰94購01,0,0,0,0,0,0,0,0,0,-125000,0,0,0,20000,145000,-125000,-125000
044750,鴻海凱基93購07  ,0,0,0,0,0,0,0,0,0,-125000,0,0,0,8000,133000,-125000,-125000
044190,聯詠富邦93購01  ,0,0,0,0,0,0,0,0,0,-125000,0,0,0,110000,235000,-125000,-125000
047751,玉山金元富93購01,0,0,0,0,0,0,0,0,0,-125000,0,0,0,0,125000,-125000,-125000
053165,大立光群益96購03,0,0,0,0,0,0,0,0,0,-125000,0,0,0,63000,188000,-125000,-125000
053154,聯詠元大96購01  ,0,0,0,0,0,0,0,0,0,-125000,0,0,0,10000,135000,-125000,-125000
052091,緯創元大95購04  ,0,0,0,0,0,0,0,0,0,-125000,0,0,0,111000,236000,-125000,-125000
051281,健策兆豐96購01  ,0,0,0,0,0,0,0,0,0,-125000,0,0,0,94000,219000,-125000,-125000
050876,復盛永豐95購01  ,0,0,0,0,0,0,0,0,0,-125000,0,0,0,27000,152000,-125000,-125000
05915P,聯發科元大96售19,0,0,0,0,0,0,0,0,0,-125000,0,0,0,25000,150000,-125000,-125000
056166,微星台新97購01  ,0,0,0,0,0,0,0,0,0,-125000,0,0,0,0,125000,-125000,-125000
056191,世紀鋼統一97購01,0,0,0,0,0,0,0,0,0,-125000,0,0,0,0,125000,-125000,-125000
2430,燦坤            ,2000,125000,-123000,0,0,0,0,0,0,-2000,0,2000,-2000,0,0,0,-125000
9942,茂順            ,1000,122000,-121000,0,0,0,0,0,0,-4000,0,4000,-4000,0,0,0,-125000
053402,A50正2群益9A購02,0,0,0,0,0,0,0,0,0,-126000,0,0,0,55000,181000,-126000,-126000
055003,群創元富99購05  ,0,0,0,0,0,0,0,0,0,-126000,0,0,0,0,126000,-126000,-126000
054966,貿聯元大98購02  ,0,0,0,0,0,0,0,0,0,-126000,0,0,0,0,126000,-126000,-126000
00762,元大全球AI      ,2000,0,2000,0,0,0,0,0,0,-128000,0,0,0,0,128000,-128000,-126000
04475P,欣興元大94售03  ,0,0,0,0,0,0,0,0,0,-126000,0,0,0,27000,153000,-126000,-126000
2406,國碩            ,252000,378000,-126000,0,0,0,0,0,0,0,0,0,0,0,0,0,-126000
2436,偉詮電          ,40000,162000,-122000,0,0,0,0,0,0,-4000,1000,5000,-4000,0,0,0,-126000
6698,旭暉應材        ,77000,53000,24000,0,0,0,0,39000,-39000,-111000,1000,112000,-111000,0,0,0,-126000
054358,矽創兆豐96購01  ,0,0,0,0,0,0,0,0,0,-127000,0,0,0,10000,137000,-127000,-127000
048185,台郡群益93購04  ,0,0,0,0,0,0,0,0,0,-127000,0,0,0,35000,162000,-127000,-127000
051792,泰鼎國票96購02  ,0,0,0,0,0,0,0,0,0,-127000,0,0,0,61000,188000,-127000,-127000
052968,燿華群益98購01  ,0,0,0,0,0,0,0,0,0,-127000,0,0,0,91000,218000,-127000,-127000
6112,聚碩            ,50000,101000,-51000,0,0,0,0,0,0,-76000,0,76000,-76000,0,0,0,-127000
06144P,台光電永豐97售01,0,0,0,0,0,0,0,0,0,-127000,0,0,0,37000,164000,-127000,-127000
054665,華通元富97購02  ,0,0,0,0,0,0,0,0,0,-128000,0,0,0,95000,223000,-128000,-128000
05079P,可成永豐95售01  ,0,0,0,0,0,0,0,0,0,-128000,0,0,0,15000,143000,-128000,-128000
051470,玉晶光日盛95購01,0,0,0,0,0,0,0,0,0,-128000,0,0,0,44000,172000,-128000,-128000
050661,景碩元大94購02  ,0,0,0,0,0,0,0,0,0,-128000,0,0,0,0,128000,-128000,-128000
05866P,致伸元大96售01  ,0,0,0,0,0,0,0,0,0,-128000,0,0,0,22000,150000,-128000,-128000
6283,淳安            ,44000,170000,-126000,0,0,0,0,0,0,-2000,0,2000,-2000,0,0,0,-128000
4919,新唐            ,156000,231000,-75000,0,0,0,1000,25000,-24000,-29000,0,9000,-9000,2000,22000,-20000,-128000
054743,聯鈞凱基99購01  ,0,0,0,0,0,0,0,0,0,-129000,0,0,0,68000,197000,-129000,-129000
054808,東元元大9A購01  ,0,0,0,0,0,0,0,0,0,-129000,0,0,0,121000,250000,-129000,-129000
054433,南亞科台新96購02,0,0,0,0,0,0,0,0,0,-129000,0,0,0,48000,177000,-129000,-129000
041991,元油2X國票98購01,0,0,0,0,0,0,0,0,0,-129000,0,0,0,68000,197000,-129000,-129000
045662,華邦電統一94購02,0,0,0,0,0,0,0,0,0,-129000,0,0,0,288000,417000,-129000,-129000
051291,聯詠統一95購01  ,0,0,0,0,0,0,0,0,0,-129000,0,0,0,23000,152000,-129000,-129000
054325,奇力新台新97購03,0,0,0,0,0,0,0,0,0,-130000,0,0,0,10000,140000,-130000,-130000
053433,友達日盛99購06  ,0,0,0,0,0,0,0,0,0,-130000,0,0,0,0,130000,-130000,-130000
054724,鴻海日盛97購02  ,0,0,0,0,0,0,0,0,0,-130000,0,0,0,13000,143000,-130000,-130000
055851,智原元大98購01  ,0,0,0,0,0,0,0,0,0,-130000,0,0,0,0,130000,-130000,-130000
055394,健策統一97購01  ,0,0,0,0,0,0,0,0,0,-130000,0,0,0,193000,323000,-130000,-130000
055604,訊芯元大98購02  ,0,0,0,0,0,0,0,0,0,-130000,0,0,0,16000,146000,-130000,-130000
046091,健鼎兆豐92購01  ,0,0,0,0,0,0,0,0,0,-130000,0,0,0,0,130000,-130000,-130000
046383,群創凱基98購01  ,0,0,0,0,0,0,0,0,0,-130000,0,0,0,57000,187000,-130000,-130000
048062,南亞科統一93購05,0,0,0,0,0,0,0,0,0,-130000,0,0,0,118000,248000,-130000,-130000
050009,昇陽半永豐94購02,0,0,0,0,0,0,0,0,0,-130000,0,0,0,30000,160000,-130000,-130000
049448,光磊統一94購01  ,0,0,0,0,0,0,0,0,0,-130000,0,0,0,24000,154000,-130000,-130000
051128,台表科群益95購02,0,0,0,0,0,0,0,0,0,-130000,0,0,0,190000,320000,-130000,-130000
051919,台郡元大96購02  ,0,0,0,0,0,0,0,0,0,-130000,0,0,0,0,130000,-130000,-130000
053284,樺漢元大97購01  ,0,0,0,0,0,0,0,0,0,-130000,0,0,0,0,130000,-130000,-130000
05324P,臺股指凱基95售08,0,0,0,0,0,0,0,0,0,-130000,0,0,0,0,130000,-130000,-130000
08445P,臺股指麥證9C售03,0,0,0,0,0,0,0,0,0,-130000,0,0,0,0,130000,-130000,-130000
055570,華通統一98購03  ,0,0,0,0,0,0,0,0,0,-131000,0,0,0,22000,153000,-131000,-131000
053659,智原凱基97購01  ,0,0,0,0,0,0,0,0,0,-131000,0,0,0,0,131000,-131000,-131000
054063,聯茂國票97購02  ,0,0,0,0,0,0,0,0,0,-131000,0,0,0,104000,235000,-131000,-131000
049091,訊連凱基94購01  ,0,0,0,0,0,0,0,0,0,-131000,0,0,0,10000,141000,-131000,-131000
046828,聯發科群益94購01,0,0,0,0,0,0,0,0,0,-131000,0,0,0,69000,200000,-131000,-131000
047897,可成群益94購01  ,0,0,0,0,0,0,0,0,0,-131000,0,0,0,50000,181000,-131000,-131000
048667,旺宏永豐94購02  ,0,0,0,0,0,0,0,0,0,-131000,0,0,0,37000,168000,-131000,-131000
048652,巨大元大96購01  ,0,0,0,0,0,0,0,0,0,-131000,0,0,0,0,131000,-131000,-131000
053130,聯發科麥證96購01,0,0,0,10000,141000,-131000,0,0,0,-131000,0,0,0,10000,141000,-131000,-131000
052778,智原國票97購01  ,0,0,0,0,0,0,0,0,0,-131000,0,0,0,5000,136000,-131000,-131000
052320,緯創元大95購05  ,0,0,0,0,0,0,0,0,0,-131000,0,0,0,66000,197000,-131000,-131000
050982,台積電國泰96購04,0,0,0,0,0,0,0,0,0,-131000,0,0,0,20000,151000,-131000,-131000
05672P,鴻海群益96售03  ,0,0,0,0,0,0,0,0,0,-131000,0,0,0,0,131000,-131000,-131000
053812,台積電群益96購09,0,0,0,0,0,0,0,0,0,-132000,0,0,0,174000,306000,-132000,-132000
053726,TPK凱基96購02   ,0,0,0,0,0,0,0,0,0,-132000,0,0,0,0,132000,-132000,-132000
04235P,鴻海群益93售08  ,0,0,0,0,0,0,0,0,0,-132000,0,0,0,20000,152000,-132000,-132000
050261,國巨元大95購04  ,0,0,0,0,0,0,0,0,0,-132000,0,0,0,47000,179000,-132000,-132000
052525,聯詠元大95購06  ,0,0,0,0,0,0,0,0,0,-132000,0,0,0,0,132000,-132000,-132000
053338,台光電國票97購01,0,0,0,0,0,0,0,0,0,-132000,0,0,0,0,132000,-132000,-132000
053364,友達國泰98購01  ,0,0,0,0,0,0,0,0,0,-133000,0,0,0,20000,153000,-133000,-133000
054117,宏全康和96購01  ,0,0,0,0,0,0,0,0,0,-133000,0,0,0,0,133000,-133000,-133000
054096,佳世達國票97購01,0,0,0,0,0,0,0,0,0,-133000,0,0,0,0,133000,-133000,-133000
055565,祥碩凱基97購01  ,0,0,0,0,0,0,0,0,0,-133000,0,0,0,7000,140000,-133000,-133000
05586P,臺股指凱基96售15,0,0,0,0,0,0,0,0,0,-133000,0,0,0,140000,273000,-133000,-133000
049069,元油2X凱基95購04,0,0,0,0,0,0,0,0,0,-133000,0,0,0,0,133000,-133000,-133000
048914,川湖台新94購01  ,0,0,0,0,0,0,0,0,0,-133000,0,0,0,10000,143000,-133000,-133000
049853,上海銀群益94購02,0,0,0,0,0,0,0,0,0,-133000,0,0,0,0,133000,-133000,-133000
050700,健策凱基96購01  ,0,0,0,0,0,0,0,0,0,-133000,0,0,0,142000,275000,-133000,-133000
051900,臻鼎富邦95購01  ,0,0,0,0,0,0,0,0,0,-133000,0,0,0,0,133000,-133000,-133000
1527,鑽全            ,41000,107000,-66000,0,0,0,0,61000,-61000,-6000,0,6000,-6000,0,0,0,-133000
054678,麗豐台新98購02  ,0,0,0,0,0,0,0,0,0,-134000,0,0,0,0,134000,-134000,-134000
048797,美律國泰95購02  ,0,0,0,0,0,0,0,0,0,-134000,0,0,0,50000,184000,-134000,-134000
050340,鴻海統一94購07  ,0,0,0,0,0,0,0,0,0,-134000,0,0,0,109000,243000,-134000,-134000
051259,鴻海永昌96購03  ,0,0,0,0,0,0,0,0,0,-134000,0,0,0,5310000,5444000,-134000,-134000
6271,同欣電          ,958000,787000,171000,0,0,0,35000,117000,-82000,-223000,144000,372000,-228000,22000,17000,5000,-134000
055328,鈺齊國票98購01  ,0,0,0,0,0,0,0,0,0,-135000,0,0,0,0,135000,-135000,-135000
05430P,台積電統一95售07,0,0,0,0,0,0,0,0,0,-135000,0,0,0,100000,235000,-135000,-135000
04500P,燿華統一94售01  ,0,0,0,0,0,0,0,0,0,-135000,0,0,0,47000,182000,-135000,-135000
043231,鴻海中信95購01  ,0,0,0,0,0,0,0,0,0,-135000,0,0,0,13000,148000,-135000,-135000
050624,鈺齊元大94購01  ,0,0,0,0,0,0,0,0,0,-135000,0,0,0,0,135000,-135000,-135000
053323,群創群益98購07  ,0,0,0,0,0,0,0,0,0,-135000,0,0,0,12000,147000,-135000,-135000
053205,台光電麥證96購01,0,0,0,112000,247000,-135000,0,0,0,-135000,0,0,0,112000,247000,-135000,-135000
052526,智伸科元大96購02,0,0,0,0,0,0,0,0,0,-135000,0,0,0,43000,178000,-135000,-135000
1104,環泥            ,25000,160000,-135000,0,0,0,0,0,0,0,0,0,0,0,0,0,-135000
2328,廣宇            ,189000,210000,-21000,0,0,0,0,0,0,-114000,17000,45000,-28000,0,86000,-86000,-135000
06143P,鴻海永豐97售02  ,0,0,0,0,0,0,0,0,0,-135000,0,0,0,0,135000,-135000,-135000
05657P,樺漢統一97售01  ,0,0,0,0,0,0,0,0,0,-135000,0,0,0,60000,195000,-135000,-135000
053751,康控永豐96購02  ,0,0,0,0,0,0,0,0,0,-136000,0,0,0,0,136000,-136000,-136000
053787,健策元大97購02  ,0,0,0,0,0,0,0,0,0,-136000,0,0,0,310000,446000,-136000,-136000
055406,大毅國泰99購01  ,0,0,0,0,0,0,0,0,0,-136000,0,0,0,29000,165000,-136000,-136000
055574,美律統一97購01  ,0,0,0,0,0,0,0,0,0,-136000,0,0,0,0,136000,-136000,-136000
03840P,台積電統一99售02,0,0,0,0,0,0,0,0,0,-136000,0,0,0,862000,998000,-136000,-136000
046381,緯創凱基93購03  ,0,0,0,0,0,0,0,0,0,-136000,0,0,0,0,136000,-136000,-136000
050342,華通元富94購02  ,0,0,0,0,0,0,0,0,0,-136000,0,0,0,0,136000,-136000,-136000
047047,旺宏國票95購01  ,0,0,0,0,0,0,0,0,0,-136000,0,0,0,28000,164000,-136000,-136000
052180,緯穎元大96購05  ,0,0,0,0,0,0,0,0,0,-136000,0,0,0,36000,172000,-136000,-136000
053142,緯穎永豐96購01  ,0,0,0,0,0,0,0,0,0,-136000,0,0,0,0,136000,-136000,-136000
050879,樺漢統一95購02  ,0,0,0,0,0,0,0,0,0,-136000,0,0,0,25000,161000,-136000,-136000
051346,仁寶元大95購01  ,0,0,0,0,0,0,0,0,0,-136000,0,0,0,50000,186000,-136000,-136000
2390,云辰            ,38000,173000,-135000,0,0,0,0,0,0,-1000,0,1000,-1000,0,0,0,-136000
05502P,台表科國票97售01,0,0,0,0,0,0,0,0,0,-137000,0,0,0,86000,223000,-137000,-137000
05002P,台積電統一95售03,0,0,0,0,0,0,0,0,0,-137000,0,0,0,0,137000,-137000,-137000
050265,美食元大94購05  ,0,0,0,0,0,0,0,0,0,-137000,0,0,0,0,137000,-137000,-137000
049236,元油2X元富96購06,0,0,0,0,0,0,0,0,0,-137000,0,0,0,90000,227000,-137000,-137000
051072,強茂國票95購02  ,0,0,0,0,0,0,0,0,0,-137000,0,0,0,0,137000,-137000,-137000
06073P,健策永豐97售01  ,0,0,0,0,0,0,0,0,0,-137000,0,0,0,20000,157000,-137000,-137000
054012,廣達永豐96購01  ,0,0,0,0,0,0,0,0,0,-138000,0,0,0,73000,211000,-138000,-138000
048937,玉晶光永豐95購01,0,0,0,0,0,0,0,0,0,-138000,0,0,0,0,138000,-138000,-138000
052989,麗豐元大98購01  ,0,0,0,0,0,0,0,0,0,-138000,0,0,0,0,138000,-138000,-138000
3031,佰鴻            ,90000,228000,-138000,0,0,0,0,0,0,0,0,0,0,0,0,0,-138000
055176,大毅統一98購02  ,0,0,0,0,0,0,0,0,0,-139000,0,0,0,1000,140000,-139000,-139000
046878,康友國泰94購01  ,0,0,0,0,0,0,0,0,0,-139000,0,0,0,9000,148000,-139000,-139000
047010,聯詠統一93購05  ,0,0,0,0,0,0,0,0,0,-139000,0,0,0,10000,149000,-139000,-139000
048346,智易元大95購01  ,0,0,0,0,0,0,0,0,0,-139000,0,0,0,1000,140000,-139000,-139000
050223,聯茂元富94購02  ,0,0,0,0,0,0,0,0,0,-139000,0,0,0,20000,159000,-139000,-139000
050959,元金2X永豐95購02,0,0,0,0,0,0,0,0,0,-139000,0,0,0,0,139000,-139000,-139000
051896,柏文元富95購01  ,0,0,0,0,0,0,0,0,0,-139000,0,0,0,3000,142000,-139000,-139000
051918,聯茂元大95購01  ,0,0,0,0,0,0,0,0,0,-139000,0,0,0,135000,274000,-139000,-139000
051370,聯詠富邦97購01  ,0,0,0,0,0,0,0,0,0,-139000,0,0,0,77000,216000,-139000,-139000
051691,台表科凱基95購01,0,0,0,0,0,0,0,0,0,-139000,0,0,0,6000,145000,-139000,-139000
06095P,燿華永豐97售01  ,0,0,0,0,0,0,0,0,0,-139000,0,0,0,28000,167000,-139000,-139000
05688P,臺股指元大96售13,0,0,0,0,0,0,0,0,0,-139000,0,0,0,127000,266000,-139000,-139000
05828P,台積電統一97售02,0,0,0,0,0,0,0,0,0,-139000,0,0,0,138000,277000,-139000,-139000
05762P,昇陽半永豐96售04,0,0,0,0,0,0,0,0,0,-139000,0,0,0,74000,213000,-139000,-139000
055488,華邦電元大98購01,0,0,0,0,0,0,0,0,0,-140000,0,0,0,19000,159000,-140000,-140000
055341,台達電凱基97購02,0,0,0,0,0,0,0,0,0,-140000,0,0,0,0,140000,-140000,-140000
054009,欣興元富96購03  ,0,0,0,0,0,0,0,0,0,-140000,0,0,0,0,140000,-140000,-140000
046701,T50反1統一93購03,0,0,0,0,0,0,0,0,0,-140000,0,0,0,0,140000,-140000,-140000
04470P,為升元大94售01  ,0,0,0,0,0,0,0,0,0,-140000,0,0,0,64000,204000,-140000,-140000
047035,華邦電群益94購02,0,0,0,0,0,0,0,0,0,-140000,0,0,0,0,140000,-140000,-140000
053112,中磊兆豐97購01  ,0,0,0,0,0,0,0,0,0,-140000,0,0,0,38000,178000,-140000,-140000
052403,麗豐凱基96購01  ,0,0,0,0,0,0,0,0,0,-140000,0,0,0,0,140000,-140000,-140000
046931,聯詠統一93購01  ,0,0,0,0,0,0,0,0,0,-141000,0,0,0,12000,153000,-141000,-141000
04853P,易華電永豐94售03,0,0,0,0,0,0,0,0,0,-141000,0,0,0,70000,211000,-141000,-141000
052860,旺宏凱基96購03  ,0,0,0,0,0,0,0,0,0,-141000,0,0,0,14000,155000,-141000,-141000
2231,為升            ,170000,255025,-85025,0,0,0,0,4279,-4279,-52000,14000,29000,-15000,4000,41000,-37000,-141304
05544P,台表科元富96售01,0,0,0,0,0,0,0,0,0,-142000,0,0,0,26000,168000,-142000,-142000
054848,群創兆豐98購01  ,0,0,0,0,0,0,0,0,0,-142000,0,0,0,38000,180000,-142000,-142000
048515,貿聯凱基93購03  ,0,0,0,0,0,0,0,0,0,-142000,0,0,0,10000,152000,-142000,-142000
052444,友訊元大95購01  ,0,0,0,0,0,0,0,0,0,-142000,0,0,0,0,142000,-142000,-142000
05639P,欣興統一97售01  ,0,0,0,0,0,0,0,0,0,-142000,0,0,0,8000,150000,-142000,-142000
03945P,欣興群益94售01  ,0,0,0,0,0,0,0,0,0,-143000,0,0,0,7000,150000,-143000,-143000
044578,緯創凱基93購02  ,0,0,0,0,0,0,0,0,0,-143000,0,0,0,31000,174000,-143000,-143000
046700,台郡凱基93購02  ,0,0,0,0,0,0,0,0,0,-143000,0,0,0,0,143000,-143000,-143000
04536P,長榮航統一94售01,0,0,0,0,0,0,0,0,0,-143000,0,0,0,0,143000,-143000,-143000
050474,鴻海永豐94購05  ,0,0,0,0,0,0,0,0,0,-143000,0,0,0,20000,163000,-143000,-143000
050784,美律國泰96購01  ,0,0,0,0,0,0,0,0,0,-143000,0,0,0,48000,191000,-143000,-143000
053114,聯茂兆豐97購01  ,0,0,0,0,0,0,0,0,0,-143000,0,0,0,50000,193000,-143000,-143000
6285,啟碁            ,199000,368000,-169000,0,0,0,0,0,0,26000,4000,4000,0,52000,26000,26000,-143000
043048,金寶國泰93購01  ,0,0,0,0,0,0,0,0,0,-144000,0,0,0,0,144000,-144000,-144000
1730,花仙子          ,265000,320000,-55000,0,0,0,0,0,0,-89000,0,89000,-89000,0,0,0,-144000
055503,健策元大98購05  ,0,0,0,0,0,0,0,0,0,-145000,0,0,0,217000,362000,-145000,-145000
054612,慧洋永豐97購01  ,0,0,0,0,0,0,0,0,0,-145000,0,0,0,0,145000,-145000,-145000
053788,泰鼎元大97購01  ,0,0,0,0,0,0,0,0,0,-145000,0,0,0,189000,334000,-145000,-145000
053951,T50反1台新06購02,0,0,0,0,0,0,0,0,0,-145000,0,0,0,51000,196000,-145000,-145000
046480,群創元富96購01  ,0,0,0,0,0,0,0,0,0,-145000,0,0,0,0,145000,-145000,-145000
056249,鴻海兆豐97購05  ,0,0,0,0,0,0,0,0,0,-145000,0,0,0,0,145000,-145000,-145000
3028,增你強          ,17000,162000,-145000,0,0,0,0,0,0,0,0,0,0,0,0,0,-145000
050173,旺宏元大96購02  ,0,0,0,0,0,0,0,0,0,-146000,0,0,0,77000,223000,-146000,-146000
049534,華擎永豐94購02  ,0,0,0,0,0,0,0,0,0,-146000,0,0,0,20000,166000,-146000,-146000
054361,技嘉凱基96購01  ,0,0,0,0,0,0,0,0,0,-147000,0,0,0,0,147000,-147000,-147000
053687,智邦元大96購02  ,0,0,0,0,0,0,0,0,0,-148000,0,0,0,5000,153000,-148000,-148000
055736,宏達電元富99購01,0,0,0,0,0,0,0,0,0,-148000,0,0,0,0,148000,-148000,-148000
04413P,玉晶光元富94售01,0,0,0,0,0,0,0,0,0,-148000,0,0,0,2000,150000,-148000,-148000
050104,元石油元大97購02,0,0,0,0,0,0,0,0,0,-148000,0,0,0,0,148000,-148000,-148000
050617,神基元大94購01  ,0,0,0,0,0,0,0,0,0,-148000,0,0,0,6000,154000,-148000,-148000
05054P,臻鼎群益95售02  ,0,0,0,0,0,0,0,0,0,-148000,0,0,0,18000,166000,-148000,-148000
2913,農林            ,56000,199000,-143000,0,0,0,0,0,0,-5000,0,0,0,0,5000,-5000,-148000
05978P,麗豐永豐96售02  ,0,0,0,0,0,0,0,0,0,-148000,0,0,0,6000,154000,-148000,-148000
05491P,茂林元大95售04  ,0,0,0,0,0,0,0,0,0,-149000,0,0,0,816000,965000,-149000,-149000
042387,台積電永昌93購02,0,0,0,0,0,0,0,0,0,-149000,0,0,0,81000,230000,-149000,-149000
049367,全新元大96購01  ,0,0,0,0,0,0,0,0,0,-149000,0,0,0,5000,154000,-149000,-149000
049296,義隆群益96購01  ,0,0,0,0,0,0,0,0,0,-149000,0,0,0,22000,171000,-149000,-149000
048666,康控統一93購01  ,0,0,0,0,0,0,0,0,0,-149000,0,0,0,0,149000,-149000,-149000
049917,華新科元大94購02,0,0,0,0,0,0,0,0,0,-149000,0,0,0,0,149000,-149000,-149000
047966,華通國泰94購01  ,0,0,0,0,0,0,0,0,0,-149000,0,0,0,6000,155000,-149000,-149000
6005,群益證          ,833000,1028000,-195000,0,0,0,46000,0,46000,0,0,0,0,0,0,0,-149000
3338,泰碩            ,1325000,952000,373000,0,0,0,0,143000,-143000,-379000,9000,342000,-333000,28000,74000,-46000,-149000
05532P,臺股指群益96售05,0,0,0,0,0,0,0,0,0,-150000,0,0,0,325000,475000,-150000,-150000
053528,南電中信9A購01  ,0,0,0,0,0,0,0,0,0,-150000,0,0,0,30000,180000,-150000,-150000
049047,台達電台新94購01,0,0,0,0,0,0,0,0,0,-150000,0,0,0,0,150000,-150000,-150000
046618,南亞科凱基93購01,0,0,0,0,0,0,0,0,0,-150000,0,0,0,10000,160000,-150000,-150000
044609,T50反1兆豐92購01,0,0,0,0,0,0,0,0,0,-150000,0,0,0,0,150000,-150000,-150000
046106,致新永豐92購01  ,0,0,0,0,0,0,0,0,0,-150000,0,0,0,0,150000,-150000,-150000
043735,元金2X元大94購01,0,0,0,0,0,0,0,0,0,-150000,0,0,0,50000,200000,-150000,-150000
03526P,欣興凱基02售13  ,0,0,0,0,0,0,0,0,0,-150000,0,0,0,0,150000,-150000,-150000
047020,智邦元大93購04  ,0,0,0,0,0,0,0,0,0,-150000,0,0,0,0,150000,-150000,-150000
049240,華通元富94購01  ,0,0,0,0,0,0,0,0,0,-150000,0,0,0,50000,200000,-150000,-150000
049305,元油2X凱基95購06,0,0,0,0,0,0,0,0,0,-150000,0,0,0,0,150000,-150000,-150000
049637,元石油凱基94購01,0,0,0,0,0,0,0,0,0,-150000,0,0,0,0,150000,-150000,-150000
048539,巨大國票94購01  ,0,0,0,0,0,0,0,0,0,-150000,0,0,0,0,150000,-150000,-150000
047041,貿聯群益93購02  ,0,0,0,0,0,0,0,0,0,-150000,0,0,0,0,150000,-150000,-150000
05071P,鴻海統一96售05  ,0,0,0,0,0,0,0,0,0,-150000,0,0,0,12000,162000,-150000,-150000
051103,緯穎元大96購03  ,0,0,0,0,0,0,0,0,0,-150000,0,0,0,20000,170000,-150000,-150000
051570,和碩富邦97購01  ,0,0,0,0,0,0,0,0,0,-150000,0,0,0,100000,250000,-150000,-150000
051578,智邦元大96購01  ,0,0,0,0,0,0,0,0,0,-150000,0,0,0,0,150000,-150000,-150000
053299,台泥凱基96購01  ,0,0,0,0,0,0,0,0,0,-150000,0,0,0,30000,180000,-150000,-150000
052521,友達元大9B購01  ,0,0,0,0,0,0,0,0,0,-150000,0,0,0,11000,161000,-150000,-150000
052684,旺宏元大98購01  ,0,0,0,0,0,0,0,0,0,-150000,0,0,0,317000,467000,-150000,-150000
052066,華邦電兆豐96購01,0,0,0,0,0,0,0,0,0,-150000,0,0,0,70000,220000,-150000,-150000
2481,強茂            ,422000,533000,-111000,0,0,0,0,112000,-112000,73000,0,2000,-2000,107000,32000,75000,-150000
056072,群創元大97購01  ,0,0,0,0,0,0,0,0,0,-150000,0,0,0,0,150000,-150000,-150000
1558,伸興            ,8000,94000,-86000,0,0,0,0,0,0,-64000,1000,65000,-64000,0,0,0,-150000
06414P,矽力凱基97售03  ,0,0,0,0,0,0,0,0,0,-150000,0,0,0,0,150000,-150000,-150000
054032,上銀中信96購01  ,0,0,0,0,0,0,0,0,0,-151000,0,0,0,57000,208000,-151000,-151000
054053,聯茂元大96購01  ,0,0,0,0,0,0,0,0,0,-151000,0,0,0,7000,158000,-151000,-151000
054973,台郡元大98購02  ,0,0,0,0,0,0,0,0,0,-151000,0,0,0,0,151000,-151000,-151000
03827P,矽創國票94售01  ,0,0,0,0,0,0,0,0,0,-151000,0,0,0,0,151000,-151000,-151000
00671R,富邦NASDAQ反1   ,0,52000,-52000,0,0,0,0,0,0,-99000,0,0,0,341000,440000,-99000,-151000
048566,上海銀元大93購04,0,0,0,0,0,0,0,0,0,-151000,0,0,0,16000,167000,-151000,-151000
048418,瑞昱統一93購04  ,0,0,0,0,0,0,0,0,0,-151000,0,0,0,0,151000,-151000,-151000
2332,友訊            ,875000,1715130,-840130,0,0,0,0,0,0,689000,230000,4000,226000,553000,90000,463000,-151130
055070,聯茂永豐97購01  ,0,0,0,0,0,0,0,0,0,-152000,0,0,0,4000,156000,-152000,-152000
055732,全新元富9A購01  ,0,0,0,0,0,0,0,0,0,-152000,0,0,0,0,152000,-152000,-152000
053565,台光電富邦98購01,0,0,0,0,0,0,0,0,0,-152000,0,0,0,0,152000,-152000,-152000
053957,瑞昱永豐96購01  ,0,0,0,0,0,0,0,0,0,-152000,0,0,0,1000,153000,-152000,-152000
05005P,台表科統一95售01,0,0,0,0,0,0,0,0,0,-152000,0,0,0,163000,315000,-152000,-152000
056000,佳世達永豐97購01,0,0,0,0,0,0,0,0,0,-152000,0,0,0,0,152000,-152000,-152000
4426,利勤            ,79000,231000,-152000,0,0,0,0,0,0,0,1000,0,1000,0,1000,-1000,-152000
054005,旺宏統一97購04  ,0,0,0,0,0,0,0,0,0,-153000,0,0,0,48000,201000,-153000,-153000
00635U,元大S&P黃金     ,284000,60000,224000,0,0,0,0,0,0,-377000,0,0,0,68000,445000,-377000,-153000
03648C,T50反1元大96牛07,0,0,0,0,0,0,0,0,0,-153000,0,0,0,0,153000,-153000,-153000
04796P,聯發科元大94售10,0,0,0,0,0,0,0,0,0,-153000,0,0,0,20000,173000,-153000,-153000
051899,欣興國泰97購01  ,0,0,0,0,0,0,0,0,0,-153000,0,0,0,5000,158000,-153000,-153000
050934,喬山國票96購01  ,0,0,0,0,0,0,0,0,0,-153000,0,0,0,0,153000,-153000,-153000
054624,台積電凱基98購03,0,0,0,0,0,0,0,0,0,-154000,0,0,0,40000,194000,-154000,-154000
053540,健策永豐96購01  ,0,0,0,0,0,0,0,0,0,-154000,0,0,0,50000,204000,-154000,-154000
049930,上海銀元大94購02,0,0,0,0,0,0,0,0,0,-154000,0,0,0,141000,295000,-154000,-154000
051185,強茂永豐95購03  ,0,0,0,0,0,0,0,0,0,-154000,0,0,0,9000,163000,-154000,-154000
054446,美食兆豐97購01  ,0,0,0,0,0,0,0,0,0,-155000,0,0,0,0,155000,-155000,-155000
055495,長榮航元大97購01,1000,0,1000,0,0,0,0,0,0,-156000,0,0,0,100000,256000,-156000,-155000
055180,文曄統一97購01  ,0,0,0,0,0,0,0,0,0,-155000,0,0,0,0,155000,-155000,-155000
03765P,大立光元富96售01,0,0,0,0,0,0,0,0,0,-155000,0,0,0,55000,210000,-155000,-155000
05018P,臺股指元大95售09,0,0,0,0,0,0,0,0,0,-155000,0,0,0,0,155000,-155000,-155000
051311,瑞昱麥證95購01  ,0,0,0,233000,396000,-163000,0,0,0,-155000,0,0,0,244000,399000,-155000,-155000
052634,華邦電凱基96購01,0,0,0,0,0,0,0,0,0,-155000,0,0,0,0,155000,-155000,-155000
056010,力成中信97購01  ,0,0,0,0,0,0,0,0,0,-155000,0,0,0,73000,228000,-155000,-155000
047207,晶技國泰94購01  ,0,0,0,0,0,0,0,0,0,-156000,0,0,0,16000,172000,-156000,-156000
05711P,茂林國票97售03  ,0,0,0,0,0,0,0,0,0,-156000,0,0,0,85000,241000,-156000,-156000
053005,微星永豐96購01  ,0,0,0,0,0,0,0,0,0,-157000,0,0,0,11000,168000,-157000,-157000
051226,英業達群益95購01,0,0,0,0,0,0,0,0,0,-157000,0,0,0,75000,232000,-157000,-157000
051657,台郡元富98購01  ,0,0,0,0,0,0,0,0,0,-157000,0,0,0,13000,170000,-157000,-157000
05383P,鴻海富邦95售06  ,0,0,0,0,0,0,0,0,0,-158000,0,0,0,40000,198000,-158000,-158000
03026X,元展23          ,0,0,0,0,0,0,0,0,0,-158000,0,0,0,0,158000,-158000,-158000
041870,A50正2凱基96購01,0,0,0,0,0,0,0,0,0,-158000,0,0,0,10000,168000,-158000,-158000
050831,超眾凱基95購01  ,0,0,0,0,0,0,0,0,0,-158000,0,0,0,17000,175000,-158000,-158000
048894,光罩國泰94購01  ,0,0,0,0,0,0,0,0,0,-158000,0,0,0,105000,263000,-158000,-158000
047733,友達兆豐95購01  ,0,0,0,0,0,0,0,0,0,-158000,0,0,0,125000,283000,-158000,-158000
06229P,欣興凱基97售07  ,0,0,0,0,0,0,0,0,0,-158000,0,0,0,0,158000,-158000,-158000
053998,泰鼎群益98購01  ,0,0,0,0,0,0,0,0,0,-159000,0,0,0,307000,466000,-159000,-159000
040508,上証2X國泰93購01,0,0,0,0,0,0,0,0,0,-159000,0,0,0,6000,165000,-159000,-159000
03597P,玉晶光凱基03售12,0,0,0,0,0,0,0,0,0,-160000,0,0,0,0,160000,-160000,-160000
045824,嘉聯益凱基93購02,0,0,0,0,0,0,0,0,0,-160000,0,0,0,100000,260000,-160000,-160000
04834P,鴻海元大94售17  ,0,0,0,0,0,0,0,0,0,-160000,0,0,0,68000,228000,-160000,-160000
052505,友達日盛9B購02  ,0,0,0,0,0,0,0,0,0,-160000,0,0,0,0,160000,-160000,-160000
052178,台郡元大96購03  ,0,0,0,0,0,0,0,0,0,-160000,0,0,0,0,160000,-160000,-160000
06142P,台虹康和97售02  ,0,0,0,0,0,0,0,0,0,-160000,0,0,0,0,160000,-160000,-160000
6416,瑞祺電通        ,167000,256000,-89000,0,0,0,11000,0,11000,-82000,55000,137000,-82000,0,0,0,-160000
2476,鉅祥            ,9000,168000,-159000,0,0,0,0,0,0,-1000,0,1000,-1000,0,0,0,-160000
2360,致茂            ,920000,1112561,-192561,0,0,0,12500,1000,11500,21000,25000,11000,14000,11000,4000,7000,-160061
053382,友達元大9C購02  ,0,0,0,0,0,0,0,0,0,-161000,0,0,0,0,161000,-161000,-161000
055211,A50反1凱基9A購01,0,0,0,0,0,0,0,0,0,-161000,0,0,0,352000,513000,-161000,-161000
055420,欣興永豐98購01  ,0,0,0,0,0,0,0,0,0,-161000,0,0,0,77000,238000,-161000,-161000
048480,FB上証中信94購01,0,0,0,0,0,0,0,0,0,-161000,0,0,0,0,161000,-161000,-161000
2536,宏普            ,163000,324000,-161000,0,0,0,0,0,0,0,0,0,0,0,0,0,-161000
06193P,台積電元富97售04,0,0,0,0,0,0,0,0,0,-161000,0,0,0,169000,330000,-161000,-161000
1442,名軒            ,27000,187000,-160000,0,0,0,0,0,0,-1000,0,1000,-1000,0,0,0,-161000
05143P,臻鼎台新95售01  ,0,0,0,0,0,0,0,0,0,-162000,0,0,0,86000,248000,-162000,-162000
051212,國巨統一95購01  ,0,0,0,0,0,0,0,0,0,-162000,0,0,0,0,162000,-162000,-162000
054427,潤泰全富邦97購01,0,0,0,0,0,0,0,0,0,-163000,0,0,0,100000,263000,-163000,-163000
043728,美律國泰93購01  ,0,0,0,0,0,0,0,0,0,-163000,0,0,0,0,163000,-163000,-163000
048452,緯創凱基93購04  ,0,0,0,0,0,0,0,0,0,-163000,0,0,0,40000,203000,-163000,-163000
049437,可成國泰96購01  ,0,0,0,0,0,0,0,0,0,-163000,0,0,0,102000,265000,-163000,-163000
047284,華通統一93購03  ,0,0,0,0,0,0,0,0,0,-163000,0,0,0,0,163000,-163000,-163000
05742P,可成元大96售04  ,0,0,0,0,0,0,0,0,0,-163000,0,0,0,18000,181000,-163000,-163000
054220,國巨統一97購02  ,0,0,0,0,0,0,0,0,0,-164000,0,0,0,88000,252000,-164000,-164000
03162P,泰碩元大01售02  ,0,0,0,0,0,0,0,0,0,-164000,0,0,0,169000,333000,-164000,-164000
051604,喬山群益95購01  ,0,0,0,0,0,0,0,0,0,-164000,0,0,0,0,164000,-164000,-164000
05967P,臺股指麥證96售02,0,0,0,36000,200000,-164000,0,0,0,-164000,0,0,0,36000,200000,-164000,-164000
055742,健策元富97購02  ,0,0,0,0,0,0,0,0,0,-165000,0,0,0,0,165000,-165000,-165000
047830,智邦元大93購08  ,0,0,0,0,0,0,0,0,0,-165000,0,0,0,0,165000,-165000,-165000
052695,台表科中信98購01,0,0,0,0,0,0,0,0,0,-165000,0,0,0,25000,190000,-165000,-165000
052687,國泰金元大96購03,0,0,0,0,0,0,0,0,0,-165000,0,0,0,204000,369000,-165000,-165000
05766P,A50正2凱基99售01,0,0,0,0,0,0,0,0,0,-165000,0,0,0,30000,195000,-165000,-165000
2707,晶華            ,51000,72000,-21000,0,0,0,0,150000,-150000,6000,0,0,0,7000,1000,6000,-165000
6166,凌華            ,78000,231000,-153000,0,0,0,0,0,0,-12000,2000,3000,-1000,2000,13000,-11000,-165000
054795,合勤控群益98購01,0,0,0,0,0,0,0,0,0,-166000,0,0,0,0,166000,-166000,-166000
053541,泰鼎永豐96購02  ,0,0,0,0,0,0,0,0,0,-166000,0,0,0,0,166000,-166000,-166000
053744,台郡國票97購03  ,0,0,0,0,0,0,0,0,0,-166000,0,0,0,0,166000,-166000,-166000
048664,華新科統一94購01,0,0,0,0,0,0,0,0,0,-166000,0,0,0,854000,1020000,-166000,-166000
050393,樺漢統一94購01  ,0,0,0,0,0,0,0,0,0,-166000,0,0,0,73000,239000,-166000,-166000
4164,承業醫          ,19000,107000,-88000,0,0,0,0,0,0,-78000,4000,82000,-78000,0,0,0,-166000
2607,榮運            ,50000,213000,-163000,0,0,0,0,0,0,-3000,0,3000,-3000,0,0,0,-166000
050392,群創統一96購01  ,0,0,0,0,0,0,0,0,0,-167000,0,0,0,50000,217000,-167000,-167000
04737P,正崴永豐94售02  ,0,0,0,0,0,0,0,0,0,-167000,0,0,0,0,167000,-167000,-167000
2392,正崴            ,696000,729000,-33000,0,0,0,0,0,0,-134000,54000,99000,-45000,27000,116000,-89000,-167000
06092P,嘉聯益統一97售01,0,0,0,0,0,0,0,0,0,-167000,0,0,0,71000,238000,-167000,-167000
06232P,智易永豐97售01  ,0,0,0,0,0,0,0,0,0,-167000,0,0,0,9000,176000,-167000,-167000
054210,台光電國票97購03,0,0,0,0,0,0,0,0,0,-168000,0,0,0,0,168000,-168000,-168000
05501P,健策國票97售01  ,0,0,0,0,0,0,0,0,0,-168000,0,0,0,839000,1007000,-168000,-168000
051924,聯茂日盛95購01  ,0,0,0,0,0,0,0,0,0,-168000,0,0,0,0,168000,-168000,-168000
052020,聯茂永豐95購02  ,0,0,0,0,0,0,0,0,0,-168000,0,0,0,0,168000,-168000,-168000
051316,T50反1國票95購02,0,0,0,0,0,0,0,0,0,-168000,0,0,0,0,168000,-168000,-168000
048521,華通統一93購05  ,0,0,0,0,0,0,0,0,0,-169000,0,0,0,30000,199000,-169000,-169000
2359,所羅門          ,146000,308000,-162000,0,0,0,0,0,0,-7000,0,7000,-7000,0,0,0,-169000
055598,欣興元大97購03  ,0,0,0,0,0,0,0,0,0,-170000,0,0,0,3000,173000,-170000,-170000
054355,上海銀富邦98購01,0,0,0,0,0,0,0,0,0,-170000,0,0,0,40000,210000,-170000,-170000
04669P,臺股指國票94售08,0,0,0,0,0,0,0,0,0,-170000,0,0,0,150000,320000,-170000,-170000
047558,臻鼎凱基93購06  ,0,0,0,0,0,0,0,0,0,-170000,0,0,0,0,170000,-170000,-170000
049547,新光金群益94購01,0,0,0,0,0,0,0,0,0,-170000,0,0,0,0,170000,-170000,-170000
049685,T50反1元大94購01,0,0,0,0,0,0,0,0,0,-170000,0,0,0,0,170000,-170000,-170000
052846,智邦統一97購01  ,0,0,0,0,0,0,0,0,0,-170000,0,0,0,105000,275000,-170000,-170000
2832,台產            ,2000,172000,-170000,0,0,0,0,0,0,0,0,0,0,0,0,0,-170000
1609,大亞            ,246000,454000,-208000,0,0,0,2000,0,2000,36000,67000,31000,36000,0,0,0,-170000
05686P,臺股指元大96售11,0,0,0,0,0,0,0,0,0,-170000,0,0,0,50000,220000,-170000,-170000
054862,群光群益97購01  ,0,0,0,0,0,0,0,0,0,-171000,0,0,0,0,171000,-171000,-171000
046712,勤誠永豐93購01  ,0,0,0,0,0,0,0,0,0,-171000,0,0,0,13000,184000,-171000,-171000
044224,超眾凱基93購01  ,0,0,0,0,0,0,0,0,0,-171000,0,0,0,374000,545000,-171000,-171000
046901,英業達凱基93購02,0,0,0,0,0,0,0,0,0,-171000,0,0,0,29000,200000,-171000,-171000
052845,旺宏統一97購01  ,0,0,0,0,0,0,0,0,0,-171000,0,0,0,60000,231000,-171000,-171000
052367,聯茂國票96購02  ,0,0,0,0,0,0,0,0,0,-171000,0,0,0,0,171000,-171000,-171000
05118P,超眾元大96售04  ,0,0,0,0,0,0,0,0,0,-171000,0,0,0,10000,181000,-171000,-171000
055968,祥碩元大97購04  ,0,0,0,0,0,0,0,0,0,-171000,0,0,0,23000,194000,-171000,-171000
06063P,玉晶光元富97售01,0,0,0,0,0,0,0,0,0,-171000,0,0,0,40000,211000,-171000,-171000
5258,虹堡            ,58000,229000,-171000,0,0,0,0,0,0,0,0,0,0,0,0,0,-171000
055143,臻鼎永豐97購01  ,0,0,0,0,0,0,0,0,0,-172000,0,0,0,0,172000,-172000,-172000
053651,台光電凱基98購01,0,0,0,0,0,0,0,0,0,-172000,0,0,0,48000,220000,-172000,-172000
046184,台光電凱基93購08,0,0,0,0,0,0,0,0,0,-172000,0,0,0,10000,182000,-172000,-172000
050195,上海銀元大94購03,0,0,0,0,0,0,0,0,0,-172000,0,0,0,15000,187000,-172000,-172000
051774,聯茂中信96購01  ,0,0,0,0,0,0,0,0,0,-172000,0,0,0,57000,229000,-172000,-172000
052077,可成元富98購02  ,0,0,0,0,0,0,0,0,0,-172000,0,0,0,0,172000,-172000,-172000
052914,奇力新元富96購01,0,0,0,0,0,0,0,0,0,-172000,0,0,0,35000,207000,-172000,-172000
2388,威盛            ,138000,308500,-170500,0,0,0,0,0,0,-2000,1000,3000,-2000,0,0,0,-172500
051615,華通凱基96購01  ,0,0,0,0,0,0,0,0,0,-173000,0,0,0,0,173000,-173000,-173000
050923,南亞科凱基95購03,0,0,0,0,0,0,0,0,0,-173000,0,0,0,20000,193000,-173000,-173000
05795P,華邦電群益96售05,0,0,0,0,0,0,0,0,0,-173000,0,0,0,44000,217000,-173000,-173000
054011,旺宏永豐96購05  ,0,0,0,0,0,0,0,0,0,-174000,0,0,0,1000,175000,-174000,-174000
05489P,臺股指凱基95售22,0,0,0,0,0,0,0,0,0,-174000,0,0,0,100000,274000,-174000,-174000
053309,泰鼎凱基96購03  ,0,0,0,0,0,0,0,0,0,-174000,0,0,0,344000,518000,-174000,-174000
056112,勤誠永豐97購02  ,0,0,0,0,0,0,0,0,0,-174000,0,0,0,0,174000,-174000,-174000
2836,高雄銀          ,53000,221000,-168000,0,0,0,0,0,0,-6000,0,6000,-6000,0,0,0,-174000
054896,聯茂日盛97購01  ,0,0,0,0,0,0,0,0,0,-175000,0,0,0,0,175000,-175000,-175000
055056,億光永豐97購01  ,0,0,0,0,0,0,0,0,0,-175000,0,0,0,0,175000,-175000,-175000
055089,金寶群益98購01  ,0,0,0,0,0,0,0,0,0,-175000,0,0,0,12000,187000,-175000,-175000
053857,宏達電富邦97購02,0,0,0,0,0,0,0,0,0,-175000,0,0,0,0,175000,-175000,-175000
053314,A50正2群益9A購01,0,0,0,0,0,0,0,0,0,-175000,0,0,0,0,175000,-175000,-175000
053166,聯詠群益96購02  ,0,0,0,0,0,0,0,0,0,-175000,0,0,0,0,175000,-175000,-175000
05214P,台積電國票97售02,0,0,0,0,0,0,0,0,0,-175000,0,0,0,101000,276000,-175000,-175000
052663,奇鋐國票97購01  ,0,0,0,0,0,0,0,0,0,-175000,0,0,0,0,175000,-175000,-175000
4414,如興            ,111000,257000,-146000,0,0,0,0,0,0,-29000,0,29000,-29000,0,0,0,-175000
1604,聲寶            ,200000,374000,-174000,0,0,0,0,0,0,-1000,0,1000,-1000,0,0,0,-175000
1447,力鵬            ,2000,175000,-173000,0,0,0,0,0,0,-2000,0,2000,-2000,0,0,0,-175000
1522,堤維西          ,132000,303000,-171000,0,0,0,0,0,0,-4000,0,1000,-1000,0,3000,-3000,-175000
053756,亞光元富96購02  ,0,0,0,0,0,0,0,0,0,-176000,0,0,0,30000,206000,-176000,-176000
05359P,嘉澤元大95售02  ,0,0,0,0,0,0,0,0,0,-176000,0,0,0,57000,233000,-176000,-176000
055450,台積電元富97購01,0,0,0,0,0,0,0,0,0,-176000,0,0,0,510000,686000,-176000,-176000
055454,華邦電元富97購02,0,0,0,0,0,0,0,0,0,-176000,0,0,0,21000,197000,-176000,-176000
045796,廣達中信93購01  ,0,0,0,0,0,0,0,0,0,-176000,0,0,0,94000,270000,-176000,-176000
047110,智邦元大93購05  ,0,0,0,0,0,0,0,0,0,-176000,0,0,0,2000,178000,-176000,-176000
05260P,和碩元富95售02  ,0,0,0,0,0,0,0,0,0,-176000,0,0,0,40000,216000,-176000,-176000
052466,聯詠統一95購03  ,0,0,0,0,0,0,0,0,0,-176000,0,0,0,0,176000,-176000,-176000
05204P,TPK元大95售03   ,0,0,0,0,0,0,0,0,0,-176000,0,0,0,57000,233000,-176000,-176000
050569,英業達中信94購01,0,0,0,0,0,0,0,0,0,-176000,0,0,0,55000,231000,-176000,-176000
05994P,奇鋐元大96售02  ,0,0,0,0,0,0,0,0,0,-176000,0,0,0,35000,211000,-176000,-176000
4935,茂林-KY         ,211000,852000,-641000,0,0,0,430000,60000,370000,95000,92000,75000,17000,116000,38000,78000,-176000
046294,台勝科統一92購01,0,0,0,0,0,0,0,0,0,-177000,0,0,0,236000,413000,-177000,-177000
04950P,上証2X中信96售02,0,0,0,0,0,0,0,0,0,-177000,0,0,0,0,177000,-177000,-177000
05112P,燿華統一95售01  ,0,0,0,0,0,0,0,0,0,-177000,0,0,0,56000,233000,-177000,-177000
051861,鴻海凱基98購01  ,0,0,0,0,0,0,0,0,0,-177000,0,0,0,15000,192000,-177000,-177000
052726,鴻海元富96購03  ,0,0,0,0,0,0,0,0,0,-177000,0,0,0,78000,255000,-177000,-177000
6414,樺漢            ,62000,231000,-169000,0,0,0,0,0,0,-8000,36000,38000,-2000,21000,27000,-6000,-177000
2049,上銀            ,1968345,2098540,-130195,0,0,0,148000,17040,130960,-178000,59000,195000,-136000,40000,82000,-42000,-177235
054775,復盛國票98購01  ,0,0,0,0,0,0,0,0,0,-178000,0,0,0,0,178000,-178000,-178000
053440,台積電凱基96購12,0,0,0,0,0,0,0,0,0,-178000,0,0,0,170000,348000,-178000,-178000
049598,超眾元大95購03  ,0,0,0,0,0,0,0,0,0,-178000,0,0,0,25000,203000,-178000,-178000
05405P,大立光群益95售04,0,0,0,0,0,0,0,0,0,-179000,0,0,0,88000,267000,-179000,-179000
054902,億光康和97購01  ,0,0,0,0,0,0,0,0,0,-179000,0,0,0,168000,347000,-179000,-179000
055388,華通統一97購03  ,0,0,0,0,0,0,0,0,0,-179000,0,0,0,48000,227000,-179000,-179000
049068,元油2X凱基95購03,0,0,0,0,0,0,0,0,0,-179000,0,0,0,0,179000,-179000,-179000
047950,滬深2X永豐94購02,0,0,0,0,0,0,0,0,0,-179000,0,0,0,0,179000,-179000,-179000
053339,友達國票97購02  ,0,0,0,0,0,0,0,0,0,-179000,0,0,0,10000,189000,-179000,-179000
051056,華新科群益95購03,0,0,0,0,0,0,0,0,0,-179000,0,0,0,217000,396000,-179000,-179000
044344,傳奇國泰92購01  ,0,0,0,0,0,0,0,0,0,-180000,0,0,0,0,180000,-180000,-180000
049486,旺宏元大94購08  ,0,0,0,0,0,0,0,0,0,-180000,0,0,0,37000,217000,-180000,-180000
05069P,鴻海統一96售03  ,0,0,0,0,0,0,0,0,0,-180000,0,0,0,0,180000,-180000,-180000
051638,聯茂國票96購01  ,0,0,0,0,0,0,0,0,0,-180000,0,0,0,0,180000,-180000,-180000
08638P,泰碩國票9C售01  ,0,0,0,0,0,0,0,0,0,-180000,0,0,0,0,180000,-180000,-180000
08703P,華碩凱基01售02  ,0,0,0,0,0,0,0,0,0,-180000,0,0,0,0,180000,-180000,-180000
054337,智邦統一96購01  ,0,0,0,0,0,0,0,0,0,-181000,0,0,0,48000,229000,-181000,-181000
053196,康控元富96購01  ,0,0,0,0,0,0,0,0,0,-181000,0,0,0,15000,196000,-181000,-181000
052309,健策國泰97購01  ,0,0,0,0,0,0,0,0,0,-181000,0,0,0,31000,212000,-181000,-181000
054140,智易元大97購03  ,0,0,0,0,0,0,0,0,0,-182000,0,0,0,18000,200000,-182000,-182000
053941,國巨國泰96購05  ,0,0,0,0,0,0,0,0,0,-182000,0,0,0,160000,342000,-182000,-182000
048817,光寶科凱基94購02,0,0,0,0,0,0,0,0,0,-182000,0,0,0,20000,202000,-182000,-182000
051647,華新科永豐95購02,0,0,0,0,0,0,0,0,0,-182000,0,0,0,10000,192000,-182000,-182000
051549,健鼎永豐95購01  ,0,0,0,0,0,0,0,0,0,-182000,0,0,0,0,182000,-182000,-182000
050751,聯電統一94購05  ,0,0,0,0,0,0,0,0,0,-182000,0,0,0,0,182000,-182000,-182000
051301,聯發科凱基95購08,0,0,0,0,0,0,0,0,0,-182000,0,0,0,0,182000,-182000,-182000
4552,力達-KY         ,3000,184480,-181480,0,0,0,0,0,0,-1000,0,1000,-1000,0,0,0,-182480
055322,欣興國票97購06  ,0,0,0,0,0,0,0,0,0,-183000,0,0,0,58000,241000,-183000,-183000
042903,金寶元大94購01  ,0,0,0,0,0,0,0,0,0,-183000,0,0,0,1000,184000,-183000,-183000
053185,友達中信99購01  ,0,0,0,0,0,0,0,0,0,-183000,0,0,0,10000,193000,-183000,-183000
053415,聯茂國票97購01  ,0,0,0,0,0,0,0,0,0,-184000,0,0,0,50000,234000,-184000,-184000
04220P,聯發科兆豐93售04,0,0,0,0,0,0,0,0,0,-184000,0,0,0,0,184000,-184000,-184000
046734,華通國票93購02  ,0,0,0,0,0,0,0,0,0,-184000,0,0,0,151000,335000,-184000,-184000
049775,旺宏統一95購02  ,0,0,0,0,0,0,0,0,0,-184000,0,0,0,15000,199000,-184000,-184000
048373,A50正2元富95購01,0,0,0,0,0,0,0,0,0,-184000,0,0,0,2000,186000,-184000,-184000
052597,茂林群益96購01  ,0,0,0,0,0,0,0,0,0,-184000,0,0,0,127000,311000,-184000,-184000
2480,敦陽科          ,42000,226000,-184000,0,0,0,0,0,0,0,0,0,0,0,0,0,-184000
05987P,健策統一96售02  ,0,0,0,0,0,0,0,0,0,-184000,0,0,0,15000,199000,-184000,-184000
046719,元石油元大95購02,0,0,0,0,0,0,0,0,0,-185000,0,0,0,5000,190000,-185000,-185000
04554P,可成中信94售01  ,0,0,0,0,0,0,0,0,0,-185000,0,0,0,77000,262000,-185000,-185000
045161,玉晶光國泰94購03,0,0,0,0,0,0,0,0,0,-185000,0,0,0,1000,186000,-185000,-185000
045663,元油2X元富94購01,0,0,0,0,0,0,0,0,0,-185000,0,0,0,0,185000,-185000,-185000
047005,南亞科統一93購03,0,0,0,0,0,0,0,0,0,-185000,0,0,0,0,185000,-185000,-185000
054901,群光康和97購01  ,0,0,0,0,0,0,0,0,0,-186000,0,0,0,0,186000,-186000,-186000
03415B,臺股指元大93熊49,0,0,0,0,0,0,0,0,0,-186000,0,0,0,10000,196000,-186000,-186000
1902,台紙            ,32000,216000,-184000,0,0,0,0,0,0,-2000,0,2000,-2000,0,0,0,-186000
049372,華新科元大95購04,0,0,0,0,0,0,0,0,0,-187000,0,0,0,22000,209000,-187000,-187000
047557,麗豐凱基94購02  ,0,0,0,0,0,0,0,0,0,-187000,0,0,0,0,187000,-187000,-187000
052072,健策統一95購02  ,0,0,0,0,0,0,0,0,0,-187000,0,0,0,430000,617000,-187000,-187000
050750,上銀統一94購02  ,0,0,0,0,0,0,0,0,0,-187000,0,0,0,12000,199000,-187000,-187000
056043,力成凱基97購01  ,0,0,0,0,0,0,0,0,0,-187000,0,0,0,0,187000,-187000,-187000
054261,智伸科元大96購03,0,0,0,0,0,0,0,0,0,-188000,0,0,0,38000,226000,-188000,-188000
049125,禾伸堂元富94購01,0,0,0,0,0,0,0,0,0,-188000,0,0,0,100000,288000,-188000,-188000
03804P,聯發科統一93售01,0,0,0,0,0,0,0,0,0,-188000,0,0,0,0,188000,-188000,-188000
04806P,臻鼎元富94售06  ,0,0,0,0,0,0,0,0,0,-188000,0,0,0,0,188000,-188000,-188000
052801,友達元大9A購01  ,0,0,0,0,0,0,0,0,0,-188000,0,0,0,50000,238000,-188000,-188000
04931P,臻鼎元富94售09  ,0,0,0,0,0,0,0,0,0,-189000,0,0,0,77000,266000,-189000,-189000
03512P,臺股指國票02售01,0,0,0,0,0,0,0,0,0,-190000,0,0,0,0,190000,-190000,-190000
042712,元石油國票95購01,0,0,0,0,0,0,0,0,0,-190000,0,0,0,0,190000,-190000,-190000
04507P,台光電元大94售03,0,0,0,0,0,0,0,0,0,-190000,0,0,0,20000,210000,-190000,-190000
050809,鴻海凱基95購08  ,0,0,0,0,0,0,0,0,0,-190000,0,0,0,10000,200000,-190000,-190000
05040P,聯發科凱基95售05,0,0,0,0,0,0,0,0,0,-190000,0,0,0,60000,250000,-190000,-190000
050481,泰鼎國票96購01  ,0,0,0,0,0,0,0,0,0,-190000,0,0,0,217000,407000,-190000,-190000
052030,GIS群益95購04   ,0,0,0,0,0,0,0,0,0,-190000,0,0,0,10000,200000,-190000,-190000
056046,百和凱基97購01  ,0,0,0,0,0,0,0,0,0,-190000,0,0,0,10000,200000,-190000,-190000
2617,台航            ,5000,193000,-188000,0,0,0,0,0,0,-2000,0,2000,-2000,0,0,0,-190000
05414P,台表科國票96售02,0,0,0,0,0,0,0,0,0,-191000,0,0,0,12000,203000,-191000,-191000
053629,玉山金兆豐96購01,0,0,0,0,0,0,0,0,0,-191000,0,0,0,50000,241000,-191000,-191000
055306,燿華群益97購01  ,0,0,0,0,0,0,0,0,0,-191000,0,0,0,41000,232000,-191000,-191000
03281P,台積電凱基04售01,0,0,0,0,0,0,0,0,0,-191000,0,0,0,2000,193000,-191000,-191000
048946,崇越永豐94購01  ,0,0,0,0,0,0,0,0,0,-191000,0,0,0,0,191000,-191000,-191000
051228,聯發科群益95購03,0,0,0,0,0,0,0,0,0,-191000,0,0,0,11000,202000,-191000,-191000
055700,緯穎國泰98購02  ,0,0,0,0,0,0,0,0,0,-192000,0,0,0,15000,207000,-192000,-192000
055030,帆宣國泰99購02  ,0,0,0,0,0,0,0,0,0,-192000,0,0,0,202000,394000,-192000,-192000
053470,華邦電元大96購02,0,0,0,0,0,0,0,0,0,-192000,0,0,0,345000,537000,-192000,-192000
050443,復盛凱基94購02  ,0,0,0,0,0,0,0,0,0,-192000,0,0,0,10000,202000,-192000,-192000
049967,華新科國票94購07,0,0,0,0,0,0,0,0,0,-192000,0,0,0,144000,336000,-192000,-192000
4190,佐登-KY         ,93000,150000,-57000,0,0,0,0,65000,-65000,-70000,18000,81000,-63000,1000,8000,-7000,-192000
06157P,聯鈞統一97售02  ,0,0,0,0,0,0,0,0,0,-192000,0,0,0,2000,194000,-192000,-192000
3023,信邦            ,1092000,1312000,-220000,0,0,0,74300,0,74300,-47000,5000,46000,-41000,0,6000,-6000,-192700
053366,樺漢國泰98購01  ,0,0,0,0,0,0,0,0,0,-193000,0,0,0,157000,350000,-193000,-193000
054860,台積電群益98購01,0,0,0,0,0,0,0,0,0,-193000,0,0,0,396000,589000,-193000,-193000
04384P,上証2X中信96售01,0,0,0,0,0,0,0,0,0,-193000,0,0,0,20000,213000,-193000,-193000
04462P,全新元富96售01  ,0,0,0,0,0,0,0,0,0,-193000,0,0,0,0,193000,-193000,-193000
047882,超眾國泰94購01  ,0,0,0,0,0,0,0,0,0,-193000,0,0,0,100000,293000,-193000,-193000
051563,泰鼎國泰96購01  ,0,0,0,0,0,0,0,0,0,-193000,0,0,0,50000,243000,-193000,-193000
052354,健策群益96購02  ,0,0,0,0,0,0,0,0,0,-193000,0,0,0,83000,276000,-193000,-193000
054971,帆宣元大97購02  ,0,0,0,0,0,0,0,0,0,-194000,0,0,0,69000,263000,-194000,-194000
05393P,鴻海統一95售14  ,0,0,0,0,0,0,0,0,0,-194000,0,0,0,78000,272000,-194000,-194000
054017,茂林永豐96購02  ,0,0,0,0,0,0,0,0,0,-194000,0,0,0,0,194000,-194000,-194000
05429P,鴻海統一95售16  ,0,0,0,0,0,0,0,0,0,-194000,0,0,0,8000,202000,-194000,-194000
054339,聯詠統一96購02  ,0,0,0,0,0,0,0,0,0,-194000,0,0,0,0,194000,-194000,-194000
053239,崇越永豐96購01  ,0,0,0,0,0,0,0,0,0,-194000,0,0,0,0,194000,-194000,-194000
05083P,麗豐永豐95售02  ,0,0,0,0,0,0,0,0,0,-194000,0,0,0,4000,198000,-194000,-194000
049042,玉晶光兆豐95購01,0,0,0,0,0,0,0,0,0,-195000,0,0,0,10000,205000,-195000,-195000
04567P,臺股指凱基95售01,0,0,0,0,0,0,0,0,0,-195000,0,0,0,0,195000,-195000,-195000
042470,元油2X元大93購04,0,0,0,0,0,0,0,0,0,-195000,0,0,0,0,195000,-195000,-195000
050053,訊芯群益94購03  ,0,0,0,0,0,0,0,0,0,-195000,0,0,0,35000,230000,-195000,-195000
051945,智邦統一95購03  ,0,0,0,0,0,0,0,0,0,-195000,0,0,0,0,195000,-195000,-195000
050442,復盛凱基94購01  ,0,0,0,0,0,0,0,0,0,-196000,0,0,0,10000,206000,-196000,-196000
050730,復盛國票94購01  ,0,0,0,0,0,0,0,0,0,-196000,0,0,0,38000,234000,-196000,-196000
055519,茂林中信99購01  ,0,0,0,0,0,0,0,0,0,-197000,0,0,0,0,197000,-197000,-197000
046003,欣興統一92購02  ,0,0,0,0,0,0,0,0,0,-197000,0,0,0,0,197000,-197000,-197000
047385,華邦電元大94購02,0,0,0,0,0,0,0,0,0,-197000,0,0,0,3000,200000,-197000,-197000
048902,昇陽半國泰96購01,0,0,0,0,0,0,0,0,0,-197000,0,0,0,20000,217000,-197000,-197000
04629P,康控元大94售05  ,0,0,0,0,0,0,0,0,0,-198000,0,0,0,36000,234000,-198000,-198000
050100,台積電永昌96購02,0,0,0,0,0,0,0,0,0,-198000,0,0,0,456000,654000,-198000,-198000
052757,華邦電群益96購01,0,0,0,0,0,0,0,0,0,-198000,0,0,0,20000,218000,-198000,-198000
054986,藍天元富97購01  ,0,0,0,0,0,0,0,0,0,-199000,0,0,0,0,199000,-199000,-199000
054476,聯發科中信96購03,0,0,0,0,0,0,0,0,0,-199000,0,0,0,0,199000,-199000,-199000
042227,元油2X永豐93購01,0,0,0,0,0,0,0,0,0,-199000,0,0,0,0,199000,-199000,-199000
049618,美律群益94購03  ,0,0,0,0,0,0,0,0,0,-199000,0,0,0,50000,249000,-199000,-199000
047492,儒鴻元富93購01  ,0,0,0,0,0,0,0,0,0,-199000,0,0,0,0,199000,-199000,-199000
050714,深中小群益98購01,0,0,0,0,0,0,0,0,0,-199000,0,0,0,0,199000,-199000,-199000
051700,深中小群益99購04,0,0,0,0,0,0,0,0,0,-199000,0,0,0,100000,299000,-199000,-199000
1464,得力            ,61000,225000,-164000,0,0,0,0,0,0,-35000,0,21000,-21000,0,14000,-14000,-199000
054575,聯鈞元大97購01  ,0,0,0,0,0,0,0,0,0,-200000,0,0,0,10000,210000,-200000,-200000
05408P,臺股指中信95售13,0,0,0,0,0,0,0,0,0,-200000,0,0,0,0,200000,-200000,-200000
055242,道瓊銀統一98購01,0,0,0,0,0,0,0,0,0,-200000,0,0,0,0,200000,-200000,-200000
05543P,鴻海元富96售04  ,0,0,0,0,0,0,0,0,0,-200000,0,0,0,0,200000,-200000,-200000
045661,T50反1統一93購02,0,0,0,0,0,0,0,0,0,-200000,0,0,0,0,200000,-200000,-200000
045103,上海銀亞東94購01,0,0,0,0,0,0,0,0,0,-200000,0,0,0,0,200000,-200000,-200000
045389,TPK元大93購03   ,0,0,0,0,0,0,0,0,0,-200000,0,0,0,0,200000,-200000,-200000
04762P,聯詠凱基94售03  ,0,0,0,0,0,0,0,0,0,-200000,0,0,0,0,200000,-200000,-200000
04766P,緯穎永豐94售02  ,0,0,0,0,0,0,0,0,0,-200000,0,0,0,0,200000,-200000,-200000
048059,欣興國泰95購01  ,0,0,0,0,0,0,0,0,0,-200000,0,0,0,20000,220000,-200000,-200000
047069,T50反1兆豐93購01,0,0,0,0,0,0,0,0,0,-200000,0,0,0,0,200000,-200000,-200000
051358,台新金元大95購01,0,0,0,0,0,0,0,0,0,-200000,0,0,0,0,200000,-200000,-200000
050874,康控永豐95購01  ,0,0,0,0,0,0,0,0,0,-200000,0,0,0,0,200000,-200000,-200000
052512,全新凱基96購03  ,0,0,0,0,0,0,0,0,0,-200000,0,0,0,10000,210000,-200000,-200000
06297P,美律元大97售01  ,0,0,0,0,0,0,0,0,0,-200000,0,0,0,0,200000,-200000,-200000
056099,上銀永豐97購02  ,0,0,0,0,0,0,0,0,0,-200000,0,0,0,30000,230000,-200000,-200000
049167,元油2X凱基97購03,0,0,0,0,0,0,0,0,0,-201000,0,0,0,0,201000,-201000,-201000
046257,A50正2國票94購01,0,0,0,0,0,0,0,0,0,-201000,0,0,0,4000,205000,-201000,-201000
046290,儒鴻統一93購01  ,0,0,0,0,0,0,0,0,0,-201000,0,0,0,0,201000,-201000,-201000
04454P,大立光富邦98售02,0,0,0,0,0,0,0,0,0,-201000,0,0,0,101000,302000,-201000,-201000
049825,台積電凱基94購26,0,0,0,0,0,0,0,0,0,-201000,0,0,0,99000,300000,-201000,-201000
05830P,滬深2X元富99售03,0,0,0,0,0,0,0,0,0,-201000,0,0,0,0,201000,-201000,-201000
06314P,GIS元富97售02   ,0,0,0,0,0,0,0,0,0,-201000,0,0,0,10000,211000,-201000,-201000
05375P,健策國票96售02  ,0,0,0,0,0,0,0,0,0,-202000,0,0,0,50000,252000,-202000,-202000
03638C,T50反1元大94牛03,0,0,0,0,0,0,0,0,0,-202000,0,0,0,9000,211000,-202000,-202000
047173,群創永豐93購01  ,0,0,0,0,0,0,0,0,0,-202000,0,0,0,20000,222000,-202000,-202000
056012,勤誠中信99購01  ,0,0,0,0,0,0,0,0,0,-202000,0,0,0,0,202000,-202000,-202000
054425,聯發科富邦99購03,0,0,0,0,0,0,0,0,0,-203000,0,0,0,8000,211000,-203000,-203000
047678,景碩台新93購01  ,0,0,0,0,0,0,0,0,0,-203000,0,0,0,150000,353000,-203000,-203000
052594,友訊群益98購01  ,0,0,0,0,0,0,0,0,0,-203000,0,0,0,96000,299000,-203000,-203000
053345,欣興國票97購02  ,0,0,0,0,0,0,0,0,0,-203000,0,0,0,0,203000,-203000,-203000
053131,華通國票97購03  ,0,0,0,0,0,0,0,0,0,-203000,0,0,0,200000,403000,-203000,-203000
051406,泰鼎永豐96購01  ,0,0,0,0,0,0,0,0,0,-203000,0,0,0,63000,266000,-203000,-203000
053770,元金2X元大98購01,0,0,0,0,0,0,0,0,0,-204000,0,0,0,50000,254000,-204000,-204000
055446,奇力新統一9A購01,0,0,0,0,0,0,0,0,0,-204000,0,0,0,50000,254000,-204000,-204000
054753,復盛凱基98購01  ,0,0,0,0,0,0,0,0,0,-204000,0,0,0,10000,214000,-204000,-204000
045031,上銀群益93購02  ,0,0,0,0,0,0,0,0,0,-204000,0,0,0,121000,325000,-204000,-204000
053105,鴻海兆豐97購01  ,0,0,0,0,0,0,0,0,0,-204000,0,0,0,236000,440000,-204000,-204000
052709,光寶科日盛96購01,0,0,0,0,0,0,0,0,0,-204000,0,0,0,48000,252000,-204000,-204000
052316,台積電元大96購10,0,0,0,0,0,0,0,0,0,-204000,0,0,0,159000,363000,-204000,-204000
051916,和碩元大95購02  ,0,0,0,0,0,0,0,0,0,-205000,0,0,0,25000,230000,-205000,-205000
054246,國巨元大96購12  ,0,0,0,0,0,0,0,0,0,-206000,0,0,0,62000,268000,-206000,-206000
00728,第一金工業30    ,0,0,0,0,0,0,0,0,0,-206000,0,0,0,609000,815000,-206000,-206000
06376P,上銀統一99售01  ,0,0,0,0,0,0,0,0,0,-206000,0,0,0,15000,221000,-206000,-206000
049363,旺宏元大94購07  ,0,0,0,0,0,0,0,0,0,-207000,0,0,0,43000,250000,-207000,-207000
05157P,全新台新96售01  ,0,0,0,0,0,0,0,0,0,-207000,0,0,0,75000,282000,-207000,-207000
056088,台郡統一97購02  ,0,0,0,0,0,0,0,0,0,-207000,0,0,0,0,207000,-207000,-207000
054335,緯穎永豐96購02  ,0,0,0,0,0,0,0,0,0,-208000,0,0,0,40000,248000,-208000,-208000
05556P,全新國票96售04  ,0,0,0,0,0,0,0,0,0,-208000,0,0,0,0,208000,-208000,-208000
044094,南亞科統一92購01,0,0,0,0,0,0,0,0,0,-208000,0,0,0,11000,219000,-208000,-208000
043958,臻鼎元富94購01  ,0,0,0,0,0,0,0,0,0,-208000,0,0,0,30000,238000,-208000,-208000
049911,智邦元大94購05  ,0,0,0,0,0,0,0,0,0,-208000,0,0,0,0,208000,-208000,-208000
055376,群創元大01購01  ,0,0,0,0,0,0,0,0,0,-209000,0,0,0,312000,521000,-209000,-209000
049166,元油2X凱基97購02,0,0,0,0,0,0,0,0,0,-209000,0,0,0,100000,309000,-209000,-209000
04534P,臻鼎元富94售03  ,0,0,0,0,0,0,0,0,0,-209000,0,0,0,300000,509000,-209000,-209000
048446,南亞科凱基93購07,0,0,0,0,0,0,0,0,0,-209000,0,0,0,89000,298000,-209000,-209000
050149,東元群益94購01  ,0,0,0,0,0,0,0,0,0,-209000,0,0,0,43000,252000,-209000,-209000
05174P,元金2X富邦9B售01,0,0,0,0,0,0,0,0,0,-209000,0,0,0,1000,210000,-209000,-209000
052923,台積電永豐96購02,0,0,0,0,0,0,0,0,0,-209000,0,0,0,42000,251000,-209000,-209000
055416,欣興富邦98購01  ,0,0,0,0,0,0,0,0,0,-210000,0,0,0,11000,221000,-210000,-210000
054953,華新科元大97購05,0,0,0,0,0,0,0,0,0,-210000,0,0,0,0,210000,-210000,-210000
053785,聯詠元大96購05  ,0,0,0,0,0,0,0,0,0,-210000,0,0,0,0,210000,-210000,-210000
053512,台積電群益96購06,0,0,0,0,0,0,0,0,0,-210000,0,0,0,165000,375000,-210000,-210000
03595P,聯發科凱基02售11,0,0,0,0,0,0,0,0,0,-210000,0,0,0,0,210000,-210000,-210000
04169P,鴻海凱基93售34  ,0,0,0,0,0,0,0,0,0,-210000,0,0,0,0,210000,-210000,-210000
047262,欣興國票93購04  ,0,0,0,0,0,0,0,0,0,-210000,0,0,0,0,210000,-210000,-210000
047604,智原國泰95購01  ,0,0,0,0,0,0,0,0,0,-210000,0,0,0,0,210000,-210000,-210000
051560,玉晶光國泰97購03,0,0,0,0,0,0,0,0,0,-210000,0,0,0,98000,308000,-210000,-210000
05733P,臺股指統一96售03,0,0,0,0,0,0,0,0,0,-210000,0,0,0,0,210000,-210000,-210000
05928P,華邦電康和96售01,0,0,0,0,0,0,0,0,0,-210000,0,0,0,0,210000,-210000,-210000
06323P,台郡統一97售01  ,0,0,0,0,0,0,0,0,0,-210000,0,0,0,58000,268000,-210000,-210000
055871,群創台新97購02  ,0,0,0,0,0,0,0,0,0,-211000,0,0,0,0,211000,-211000,-211000
04193P,智原永豐93售01  ,0,0,0,0,0,0,0,0,0,-211000,0,0,0,0,211000,-211000,-211000
06061P,訊芯統一97售01  ,0,0,0,0,0,0,0,0,0,-211000,0,0,0,30000,241000,-211000,-211000
041527,T50反1中信96購01,0,0,0,0,0,0,0,0,0,-212000,0,0,0,68000,280000,-212000,-212000
04079P,燿華元大93售04  ,0,0,0,0,0,0,0,0,0,-212000,0,0,0,74000,286000,-212000,-212000
055842,建準元大98購01  ,0,0,0,0,0,0,0,0,0,-213000,0,0,0,0,213000,-213000,-213000
04226P,宏達電元富93售01,0,0,0,0,0,0,0,0,0,-213000,0,0,0,0,213000,-213000,-213000
04541P,智易永豐94售03  ,0,0,0,0,0,0,0,0,0,-213000,0,0,0,62000,275000,-213000,-213000
049295,全新群益94購02  ,0,0,0,0,0,0,0,0,0,-213000,0,0,0,0,213000,-213000,-213000
054886,大毅統一97購01  ,0,0,0,0,0,0,0,0,0,-214000,0,0,0,43000,257000,-214000,-214000
04784P,超眾元富94售01  ,0,0,0,0,0,0,0,0,0,-214000,0,0,0,200000,414000,-214000,-214000
05555P,健策群益98售01  ,0,0,0,0,0,0,0,0,0,-215000,0,0,0,0,215000,-215000,-215000
049122,元油2X元富94購07,0,0,0,0,0,0,0,0,0,-215000,0,0,0,0,215000,-215000,-215000
04532P,臺股指凱基94售04,0,0,0,0,0,0,0,0,0,-215000,0,0,0,0,215000,-215000,-215000
042196,元油2X元大93購02,0,0,0,0,0,0,0,0,0,-215000,0,0,0,3000,218000,-215000,-215000
03873P,智伸科群益93售03,0,0,0,0,0,0,0,0,0,-215000,0,0,0,11000,226000,-215000,-215000
055966,茂林元大99購01  ,0,0,0,0,0,0,0,0,0,-215000,0,0,0,5000,220000,-215000,-215000
054414,全新元大97購02  ,0,0,0,0,0,0,0,0,0,-216000,0,0,0,0,216000,-216000,-216000
054532,強茂國泰98購01  ,0,0,0,0,0,0,0,0,0,-216000,0,0,0,41000,257000,-216000,-216000
054831,緯穎國泰98購01  ,0,0,0,0,0,0,0,0,0,-217000,0,0,0,8000,225000,-217000,-217000
055257,景碩統一97購01  ,0,0,0,0,0,0,0,0,0,-217000,0,0,0,28000,245000,-217000,-217000
06004P,奇力新永豐96售02,0,0,0,0,0,0,0,0,0,-217000,0,0,0,35000,252000,-217000,-217000
1736,喬山            ,104000,183000,-79000,0,0,0,0,120000,-120000,-18000,0,3000,-3000,0,15000,-15000,-217000
3026,禾伸堂          ,367000,511000,-144000,0,0,0,0,0,0,-73000,5000,4000,1000,2000,76000,-74000,-217000
8271,宇瞻            ,517000,734000,-217000,0,0,0,0,0,0,0,0,0,0,0,0,0,-217000
045861,智邦統一93購02  ,0,0,0,0,0,0,0,0,0,-218000,0,0,0,30000,248000,-218000,-218000
046011,欣興元富95購01  ,0,0,0,0,0,0,0,0,0,-218000,0,0,0,172000,390000,-218000,-218000
9958,世紀鋼          ,122000,424000,-302000,0,0,0,30000,0,30000,54000,18000,18000,0,95000,41000,54000,-218000
056090,康舒統一97購01  ,0,0,0,0,0,0,0,0,0,-218000,0,0,0,0,218000,-218000,-218000
046241,聯發科中信94購02,0,0,0,0,0,0,0,0,0,-219000,0,0,0,21000,240000,-219000,-219000
045255,華邦電凱基93購03,0,0,0,0,0,0,0,0,0,-219000,0,0,0,11000,230000,-219000,-219000
053262,華邦電群益96購02,0,0,0,0,0,0,0,0,0,-219000,0,0,0,41000,260000,-219000,-219000
04499P,滬深2X統一94售03,0,0,0,0,0,0,0,0,0,-220000,0,0,0,0,220000,-220000,-220000
049331,元石油統一94購01,0,0,0,0,0,0,0,0,0,-220000,0,0,0,0,220000,-220000,-220000
04733P,康控兆豐95售01  ,0,0,0,0,0,0,0,0,0,-220000,0,0,0,0,220000,-220000,-220000
053252,華邦電國泰98購01,0,0,0,0,0,0,0,0,0,-220000,0,0,0,270000,490000,-220000,-220000
053236,群創永豐97購02  ,0,0,0,0,0,0,0,0,0,-220000,0,0,0,62000,282000,-220000,-220000
050602,訊芯國泰96購01  ,0,0,0,0,0,0,0,0,0,-220000,0,0,0,0,220000,-220000,-220000
051296,鴻海凱基97購01  ,0,0,0,0,0,0,0,0,0,-220000,0,0,0,0,220000,-220000,-220000
06177P,玉晶光元大98售07,0,0,0,0,0,0,0,0,0,-220000,0,0,0,25000,245000,-220000,-220000
04194P,欣興永豐93售05  ,0,0,0,0,0,0,0,0,0,-221000,0,0,0,1000,222000,-221000,-221000
052779,欣興國票97購01  ,0,0,0,0,0,0,0,0,0,-221000,0,0,0,0,221000,-221000,-221000
052830,台光電群益96購01,0,0,0,0,0,0,0,0,0,-221000,0,0,0,0,221000,-221000,-221000
052095,彩晶元大97購01  ,0,0,0,0,0,0,0,0,0,-221000,0,0,0,0,221000,-221000,-221000
052530,台郡元大96購04  ,0,0,0,0,0,0,0,0,0,-221000,0,0,0,0,221000,-221000,-221000
3041,揚智            ,217000,208000,9000,0,0,0,0,230000,-230000,0,0,0,0,0,0,0,-221000
1762,中化生          ,293250,515000,-221750,0,0,0,0,0,0,0,3000,3000,0,0,0,0,-221750
055571,鴻海統一97購03  ,0,0,0,0,0,0,0,0,0,-222000,0,0,0,248000,470000,-222000,-222000
049785,華新科兆豐95購01,0,0,0,0,0,0,0,0,0,-222000,0,0,0,128000,350000,-222000,-222000
5264,鎧勝-KY         ,175000,395000,-220000,0,0,0,0,0,0,-2000,7000,9000,-2000,0,0,0,-222000
054379,光磊群益98購01  ,0,0,0,0,0,0,0,0,0,-223000,0,0,0,0,223000,-223000,-223000
04980P,臺股指凱基96售08,0,0,0,0,0,0,0,0,0,-223000,0,0,0,10000,233000,-223000,-223000
051533,健鼎國票96購02  ,0,0,0,0,0,0,0,0,0,-223000,0,0,0,3000,226000,-223000,-223000
054581,訊芯元大97購02  ,0,0,0,0,0,0,0,0,0,-224000,0,0,0,154000,378000,-224000,-224000
05984P,台積電統一98售01,0,0,0,0,0,0,0,0,0,-224000,0,0,0,0,224000,-224000,-224000
2357,華碩            ,776525,1112680,-336155,0,0,0,1000,0,1000,111000,10000,3000,7000,108000,4000,104000,-224155
053567,群創富邦97購01  ,0,0,0,0,0,0,0,0,0,-225000,0,0,0,11000,236000,-225000,-225000
04850P,全新永豐94售03  ,0,0,0,0,0,0,0,0,0,-225000,0,0,0,85000,310000,-225000,-225000
051903,T50反1元大97購02,0,0,0,0,0,0,0,0,0,-225000,0,0,0,5000,230000,-225000,-225000
9907,統一實          ,5000,217000,-212000,0,0,0,0,0,0,-13000,0,13000,-13000,0,0,0,-225000
05400P,台積電永豐95售05,0,0,0,0,0,0,0,0,0,-226000,0,0,0,106000,332000,-226000,-226000
03118P,台積電國票01售07,0,0,0,0,0,0,0,0,0,-226000,0,0,0,0,226000,-226000,-226000
050239,廣達凱基94購01  ,0,0,0,0,0,0,0,0,0,-226000,0,0,0,0,226000,-226000,-226000
052836,旺宏國泰98購01  ,0,0,0,0,0,0,0,0,0,-226000,0,0,0,340000,566000,-226000,-226000
04053P,聯茂國泰94售01  ,0,0,0,0,0,0,0,0,0,-227000,0,0,0,0,227000,-227000,-227000
06189P,華新科永豐97售03,0,0,0,0,0,0,0,0,0,-227000,0,0,0,30000,257000,-227000,-227000
06083P,華通統一98售02  ,0,0,0,0,0,0,0,0,0,-227000,0,0,0,12000,239000,-227000,-227000
055424,聚陽群益98購01  ,0,0,0,0,0,0,0,0,0,-228000,0,0,0,0,228000,-228000,-228000
055852,聯鈞元大98購01  ,0,0,0,0,0,0,0,0,0,-229000,0,0,0,10000,239000,-229000,-229000
054733,鴻海凱基98購04  ,0,0,0,0,0,0,0,0,0,-229000,0,0,0,68000,297000,-229000,-229000
00830,國泰費城半導體  ,0,229000,-229000,0,0,0,0,0,0,0,0,0,0,170000,170000,0,-229000
045001,旺宏富邦94購01  ,0,0,0,0,0,0,0,0,0,-229000,0,0,0,215000,444000,-229000,-229000
051785,臻鼎兆豐96購01  ,0,0,0,0,0,0,0,0,0,-229000,0,0,0,42000,271000,-229000,-229000
05818P,大立光凱基96售14,0,0,0,0,0,0,0,0,0,-229000,0,0,0,21000,250000,-229000,-229000
3443,創意            ,408340,621080,-212740,0,0,0,0,2000,-2000,-15000,8000,12000,-4000,4000,15000,-11000,-229740
055155,奇力新元大99購01,0,0,0,0,0,0,0,0,0,-230000,0,0,0,10000,240000,-230000,-230000
055335,健策兆豐98購01  ,0,0,0,0,0,0,0,0,0,-230000,0,0,0,38000,268000,-230000,-230000
055578,群創統一98購03  ,0,0,0,0,0,0,0,0,0,-230000,0,0,0,48000,278000,-230000,-230000
053389,彩晶元大98購01  ,0,0,0,0,0,0,0,0,0,-230000,0,0,0,0,230000,-230000,-230000
045883,元油2X元大95購07,0,0,0,0,0,0,0,0,0,-230000,0,0,0,0,230000,-230000,-230000
050158,上海銀群益96購01,0,0,0,0,0,0,0,0,0,-230000,0,0,0,0,230000,-230000,-230000
047783,聯茂國泰94購02  ,0,0,0,0,0,0,0,0,0,-230000,0,0,0,0,230000,-230000,-230000
053279,景碩元大97購01  ,0,0,0,0,0,0,0,0,0,-230000,0,0,0,10000,240000,-230000,-230000
08672P,聯發科統一01售09,0,0,0,0,0,0,0,0,0,-230000,0,0,0,0,230000,-230000,-230000
054540,泰鼎國票99購01  ,0,0,0,0,0,0,0,0,0,-231000,0,0,0,200000,431000,-231000,-231000
053967,華邦電元大96購03,0,0,0,0,0,0,0,0,0,-232000,0,0,0,97000,329000,-232000,-232000
2855,統一證          ,522000,764000,-242000,0,0,0,10000,0,10000,0,0,0,0,0,0,0,-232000
055053,瑞昱永豐97購01  ,0,0,0,0,0,0,0,0,0,-233000,0,0,0,2000,235000,-233000,-233000
044184,南亞科國泰93購01,0,0,0,0,0,0,0,0,0,-233000,0,0,0,40000,273000,-233000,-233000
04360P,易華電永豐94售01,0,0,0,0,0,0,0,0,0,-233000,0,0,0,0,233000,-233000,-233000
047494,華邦電元富96購01,0,0,0,0,0,0,0,0,0,-233000,0,0,0,10000,243000,-233000,-233000
053017,世紀鋼統一96購02,0,0,0,0,0,0,0,0,0,-233000,0,0,0,0,233000,-233000,-233000
3698,隆達            ,90000,299000,-209000,0,0,0,0,0,0,-24000,17000,18000,-1000,0,23000,-23000,-233000
053962,聯茂永豐96購01  ,0,0,0,0,0,0,0,0,0,-234000,0,0,0,0,234000,-234000,-234000
04201P,智原群益93售01  ,0,0,0,0,0,0,0,0,0,-234000,0,0,0,0,234000,-234000,-234000
046396,矽創國泰93購01  ,0,0,0,0,0,0,0,0,0,-234000,0,0,0,35000,269000,-234000,-234000
04770P,鴻海元大94售09  ,0,0,0,0,0,0,0,0,0,-234000,0,0,0,10000,244000,-234000,-234000
04782P,智伸科統一96售01,0,0,0,0,0,0,0,0,0,-234000,0,0,0,0,234000,-234000,-234000
1720,生達            ,79000,313000,-234000,0,0,0,0,0,0,0,1000,1000,0,0,0,0,-234000
056078,勤誠元大97購01  ,0,0,0,0,0,0,0,0,0,-234000,0,0,0,0,234000,-234000,-234000
05653P,華邦電統一96售02,0,0,0,0,0,0,0,0,0,-234000,0,0,0,557000,791000,-234000,-234000
053444,奇力新凱基96購03,0,0,0,0,0,0,0,0,0,-236000,0,0,0,202000,438000,-236000,-236000
053547,台積電凱基96購14,0,0,0,0,0,0,0,0,0,-236000,0,0,0,225000,461000,-236000,-236000
055239,帆宣台新97購01  ,0,0,0,0,0,0,0,0,0,-236000,0,0,0,50000,286000,-236000,-236000
051392,玉山金兆豐95購01,0,0,0,0,0,0,0,0,0,-236000,0,0,0,129000,365000,-236000,-236000
06170P,禾伸堂元富97售02,0,0,0,0,0,0,0,0,0,-237000,0,0,0,21000,258000,-237000,-237000
04612P,上銀群益94售01  ,0,0,0,0,0,0,0,0,0,-239000,0,0,0,22000,261000,-239000,-239000
2489,瑞軒            ,163000,395000,-232000,0,0,0,0,0,0,-7000,0,7000,-7000,0,0,0,-239000
054604,麗豐台新98購01  ,0,0,0,0,0,0,0,0,0,-240000,0,0,0,0,240000,-240000,-240000
04411P,智易統一96售01  ,0,0,0,0,0,0,0,0,0,-240000,0,0,0,30000,270000,-240000,-240000
049765,上証2X元富94購01,0,0,0,0,0,0,0,0,0,-240000,0,0,0,0,240000,-240000,-240000
047911,晶技麥證94購01  ,0,0,0,50000,290000,-240000,0,0,0,-240000,0,0,0,50000,290000,-240000,-240000
051105,台光電國票96購01,0,0,0,0,0,0,0,0,0,-240000,0,0,0,0,240000,-240000,-240000
054632,緯穎凱基9A購01  ,0,0,0,0,0,0,0,0,0,-241000,0,0,0,3000,244000,-241000,-241000
04703P,樺漢統一95售01  ,0,0,0,0,0,0,0,0,0,-241000,0,0,0,92000,333000,-241000,-241000
00708L,元大S&P黃金正2  ,0,0,0,0,0,0,0,0,0,-242000,0,0,0,792000,1034000,-242000,-242000
049735,台光電群益94購03,0,0,0,0,0,0,0,0,0,-242000,0,0,0,20000,262000,-242000,-242000
049488,智邦元大95購01  ,0,0,0,0,0,0,0,0,0,-244000,0,0,0,0,244000,-244000,-244000
053126,健策凱基97購02  ,0,0,0,0,0,0,0,0,0,-244000,0,0,0,14000,258000,-244000,-244000
052629,訊芯中信99購01  ,0,0,0,0,0,0,0,0,0,-244000,0,0,0,111000,355000,-244000,-244000
054608,致茂永豐97購01  ,0,0,0,0,0,0,0,0,0,-245000,0,0,0,2000,247000,-245000,-245000
03932P,欣興統一93售01  ,0,0,0,0,0,0,0,0,0,-245000,0,0,0,9000,254000,-245000,-245000
044735,光磊國泰93購01  ,0,0,0,0,0,0,0,0,0,-245000,0,0,0,10000,255000,-245000,-245000
049813,康控元大96購02  ,0,0,0,0,0,0,0,0,0,-245000,0,0,0,5000,250000,-245000,-245000
052200,台光電統一95購02,0,0,0,0,0,0,0,0,0,-245000,0,0,0,2000,247000,-245000,-245000
06134P,緯穎元富97售03  ,0,0,0,0,0,0,0,0,0,-245000,0,0,0,240000,485000,-245000,-245000
3090,日電貿          ,128000,360350,-232350,0,0,0,0,0,0,-13000,10000,4000,6000,0,19000,-19000,-245350
055386,致新元大97購02  ,0,0,0,0,0,0,0,0,0,-246000,0,0,0,90000,336000,-246000,-246000
045287,元油2X元大95購01,0,0,0,0,0,0,0,0,0,-246000,0,0,0,0,246000,-246000,-246000
051827,智邦元大95購04  ,0,0,0,0,0,0,0,0,0,-247000,0,0,0,76000,323000,-247000,-247000
051113,聯電元富95購01  ,0,0,0,0,0,0,0,0,0,-248000,0,0,0,170000,418000,-248000,-248000
2106,建大            ,84000,330000,-246000,0,0,0,0,0,0,-2000,0,2000,-2000,0,0,0,-248000
05613P,臻鼎台新96售01  ,0,0,0,0,0,0,0,0,0,-248000,0,0,0,22000,270000,-248000,-248000
056032,勤誠康和97購03  ,0,0,0,0,0,0,0,0,0,-248000,0,0,0,0,248000,-248000,-248000
056033,T50正2凱基99購02,0,0,0,0,0,0,0,0,0,-248000,0,0,0,68000,316000,-248000,-248000
053408,友達兆豐98購01  ,0,0,0,0,0,0,0,0,0,-249000,0,0,0,48000,297000,-249000,-249000
052501,茂林永豐95購04  ,0,0,0,0,0,0,0,0,0,-249000,0,0,0,2000,251000,-249000,-249000
1626,艾美特-KY       ,29000,277000,-248000,0,0,0,0,0,0,-1000,0,1000,-1000,0,0,0,-249000
054429,中石化台新97購01,0,0,0,0,0,0,0,0,0,-250000,0,0,0,50000,300000,-250000,-250000
054226,燿華元富96購02  ,0,0,0,0,0,0,0,0,0,-250000,0,0,0,0,250000,-250000,-250000
055336,茂林兆豐98購01  ,0,0,0,0,0,0,0,0,0,-250000,0,0,0,55000,305000,-250000,-250000
047996,華邦電元大93購04,0,0,0,0,0,0,0,0,0,-250000,0,0,0,50000,300000,-250000,-250000
047944,中石化元富96購01,0,0,0,0,0,0,0,0,0,-250000,0,0,0,0,250000,-250000,-250000
048112,宏達電群益93購05,0,0,0,0,0,0,0,0,0,-250000,0,0,0,100000,350000,-250000,-250000
053208,鴻海凱基96購13  ,0,0,0,0,0,0,0,0,0,-250000,0,0,0,0,250000,-250000,-250000
2206,三陽工業        ,68000,316000,-248000,0,0,0,0,0,0,-2000,0,2000,-2000,0,0,0,-250000
1309,台達化          ,39000,209000,-170000,0,0,0,0,0,0,-80000,0,80000,-80000,0,0,0,-250000
055632,群創永豐98購01  ,0,0,0,0,0,0,0,0,0,-251000,0,0,0,0,251000,-251000,-251000
054221,華新科統一96購05,0,0,0,0,0,0,0,0,0,-251000,0,0,0,144000,395000,-251000,-251000
053865,欣興元大97購02  ,0,0,0,0,0,0,0,0,0,-251000,0,0,0,26000,277000,-251000,-251000
048893,南電元富94購01  ,0,0,0,0,0,0,0,0,0,-251000,0,0,0,0,251000,-251000,-251000
051826,智邦元大95購03  ,0,0,0,0,0,0,0,0,0,-251000,0,0,0,10000,261000,-251000,-251000
05197P,智原永豐95售02  ,0,0,0,0,0,0,0,0,0,-251000,0,0,0,96000,347000,-251000,-251000
2102,泰豐            ,75000,312000,-237000,0,0,0,0,0,0,-14000,0,14000,-14000,0,0,0,-251000
06240P,奇力新元富97售03,0,0,0,0,0,0,0,0,0,-251000,0,0,0,15000,266000,-251000,-251000
047533,瑞儀元大93購02  ,0,0,0,0,0,0,0,0,0,-252000,0,0,0,0,252000,-252000,-252000
040760,T50反1凱基95購01,0,0,0,0,0,0,0,0,0,-253000,0,0,0,0,253000,-253000,-253000
052669,群創群益98購06  ,0,0,0,0,0,0,0,0,0,-254000,0,0,0,0,254000,-254000,-254000
044125,美律凱基93購01  ,0,0,0,0,0,0,0,0,0,-255000,0,0,0,5000,260000,-255000,-255000
049293,友訊群益95購01  ,0,0,0,0,0,0,0,0,0,-255000,0,0,0,30000,285000,-255000,-255000
054640,健策中信9B購01  ,0,0,0,0,0,0,0,0,0,-256000,0,0,0,275000,531000,-256000,-256000
052855,群創日盛99購01  ,0,0,0,0,0,0,0,0,0,-259000,0,0,0,40000,299000,-259000,-259000
052895,台積電群益96購04,0,0,0,0,0,0,0,0,0,-259000,0,0,0,240000,499000,-259000,-259000
051258,鈺齊國泰97購01  ,0,0,0,0,0,0,0,0,0,-259000,0,0,0,30000,289000,-259000,-259000
055895,群創統一97購04  ,0,0,0,0,0,0,0,0,0,-260000,0,0,0,0,260000,-260000,-260000
04754P,宏達電元富94售02,0,0,0,0,0,0,0,0,0,-260000,0,0,0,0,260000,-260000,-260000
052841,群創富邦96購02  ,0,0,0,0,0,0,0,0,0,-261000,0,0,0,94000,355000,-261000,-261000
1590,亞德客-KY       ,968706,1217529,-248823,0,0,0,118000,125000,-7000,-6000,2000,0,2000,5000,13000,-8000,-261823
053626,台積電兆豐96購03,0,0,0,0,0,0,0,0,0,-263000,0,0,0,556000,819000,-263000,-263000
049352,泰鼎永豐95購01  ,0,0,0,0,0,0,0,0,0,-263000,0,0,0,40000,303000,-263000,-263000
047637,旺宏元大94購03  ,0,0,0,0,0,0,0,0,0,-263000,0,0,0,48000,311000,-263000,-263000
051644,聯茂康和95購01  ,0,0,0,0,0,0,0,0,0,-263000,0,0,0,0,263000,-263000,-263000
03242P,聯電統一02售04  ,0,0,0,0,0,0,0,0,0,-264000,0,0,0,109000,373000,-264000,-264000
042941,永冠國票93購01  ,0,0,0,0,0,0,0,0,0,-265000,0,0,0,1000,266000,-265000,-265000
03399P,欣興中信02售03  ,0,0,0,0,0,0,0,0,0,-267000,0,0,0,20000,287000,-267000,-267000
1802,台玻            ,86000,349000,-263000,0,0,0,0,0,0,-4000,0,4000,-4000,0,0,0,-267000
054916,聯發科凱基98購04,0,0,0,0,0,0,0,0,0,-268000,0,0,0,100000,368000,-268000,-268000
048402,聯茂兆豐95購01  ,0,0,0,0,0,0,0,0,0,-268000,0,0,0,0,268000,-268000,-268000
051543,鈺齊國票96購01  ,0,0,0,0,0,0,0,0,0,-268000,0,0,0,6000,274000,-268000,-268000
053188,旺宏統一97購03  ,0,0,0,0,0,0,0,0,0,-268000,0,0,0,10000,278000,-268000,-268000
04402P,TPK兆豐95售01   ,0,0,0,0,0,0,0,0,0,-269000,0,0,0,41000,310000,-269000,-269000
06196P,元上證元大97售01,0,0,0,0,0,0,0,0,0,-269000,0,0,0,30000,299000,-269000,-269000
053563,台積電富邦97購01,0,0,0,0,0,0,0,0,0,-270000,0,0,0,65000,335000,-270000,-270000
04025P,宏達電國泰94售01,0,0,0,0,0,0,0,0,0,-270000,0,0,0,146000,416000,-270000,-270000
045618,元油2X永豐98購01,0,0,0,0,0,0,0,0,0,-271000,0,0,0,210000,481000,-271000,-271000
06215P,康控永豐97售02  ,0,0,0,0,0,0,0,0,0,-271000,0,0,0,72000,343000,-271000,-271000
049034,台達電兆豐94購01,0,0,0,0,0,0,0,0,0,-272000,0,0,0,100000,372000,-272000,-272000
052744,聯詠元大97購01  ,0,0,0,0,0,0,0,0,0,-272000,0,0,0,4000,276000,-272000,-272000
05620P,大立光富邦9B售01,0,0,0,0,0,0,0,0,0,-272000,0,0,0,0,272000,-272000,-272000
2399,映泰            ,75000,343000,-268000,0,0,0,0,0,0,-4000,0,4000,-4000,0,0,0,-272000
046722,智邦元大93購02  ,0,0,0,0,0,0,0,0,0,-273000,0,0,0,0,273000,-273000,-273000
06137P,玉晶光永豐97售04,0,0,0,0,0,0,0,0,0,-273000,0,0,0,51000,324000,-273000,-273000
049053,可成永豐94購01  ,0,0,0,0,0,0,0,0,0,-274000,0,0,0,230000,504000,-274000,-274000
054329,華新科永豐96購02,0,0,0,0,0,0,0,0,0,-276000,0,0,0,0,276000,-276000,-276000
044852,華邦電國泰93購02,0,0,0,0,0,0,0,0,0,-276000,0,0,0,96000,372000,-276000,-276000
05067P,欣興兆豐96售02  ,0,0,0,0,0,0,0,0,0,-276000,0,0,0,0,276000,-276000,-276000
1409,新纖            ,23000,312000,-289000,0,0,0,11000,0,11000,2000,5000,3000,2000,0,0,0,-276000
054507,鈺齊永豐96購01  ,0,0,0,0,0,0,0,0,0,-278000,0,0,0,0,278000,-278000,-278000
055106,台積電凱基98購05,0,0,0,0,0,0,0,0,0,-278000,0,0,0,114000,392000,-278000,-278000
050677,光寶科統一94購01,0,0,0,0,0,0,0,0,0,-278000,0,0,0,48000,326000,-278000,-278000
055184,群創統一98購02  ,0,0,0,0,0,0,0,0,0,-279000,0,0,0,0,279000,-279000,-279000
054206,鴻海國票99購01  ,0,0,0,0,0,0,0,0,0,-279000,0,0,0,26000,305000,-279000,-279000
051327,元油2X永豐95購02,0,0,0,0,0,0,0,0,0,-279000,0,0,0,0,279000,-279000,-279000
04896P,上証2X中信95售01,0,0,0,0,0,0,0,0,0,-280000,0,0,0,0,280000,-280000,-280000
03938P,聯鈞元大93售01  ,0,0,0,0,0,0,0,0,0,-280000,0,0,0,20000,300000,-280000,-280000
052655,群創統一97購01  ,0,0,0,0,0,0,0,0,0,-280000,0,0,0,204000,484000,-280000,-280000
055004,群創元富99購06  ,0,0,0,0,0,0,0,0,0,-281000,0,0,0,20000,301000,-281000,-281000
047495,新日興元富96購01,0,0,0,0,0,0,0,0,0,-281000,0,0,0,64000,345000,-281000,-281000
049569,光磊統一94購02  ,0,0,0,0,0,0,0,0,0,-282000,0,0,0,0,282000,-282000,-282000
06371P,茂林國票98售04  ,0,0,0,0,0,0,0,0,0,-282000,0,0,0,0,282000,-282000,-282000
056206,泰鼎永豐97購01  ,0,0,0,0,0,0,0,0,0,-282000,0,0,0,0,282000,-282000,-282000
3055,蔚華科          ,71000,353000,-282000,0,0,0,0,0,0,0,0,0,0,0,0,0,-282000
2404,漢唐            ,130000,601150,-471150,0,0,0,43300,0,43300,145000,28000,14000,14000,156000,25000,131000,-282850
04036P,臻鼎群益93售03  ,0,0,0,0,0,0,0,0,0,-283000,0,0,0,0,283000,-283000,-283000
052589,群創永豐97購01  ,0,0,0,0,0,0,0,0,0,-283000,0,0,0,0,283000,-283000,-283000
049638,A50反1凱基94購01,0,0,0,0,0,0,0,0,0,-284000,0,0,0,0,284000,-284000,-284000
050284,台泥凱基94購01  ,0,0,0,0,0,0,0,0,0,-285000,0,0,0,0,285000,-285000,-285000
052439,寶成富邦97購01  ,0,0,0,0,0,0,0,0,0,-285000,0,0,0,10000,295000,-285000,-285000
8105,凌巨            ,94000,376000,-282000,0,0,0,0,0,0,-3000,0,3000,-3000,0,0,0,-285000
03891P,晶技國泰94售02  ,0,0,0,0,0,0,0,0,0,-286000,0,0,0,0,286000,-286000,-286000
00665L,富邦恒生國企正2 ,3000,0,3000,0,0,0,0,0,0,-290000,0,0,0,200000,490000,-290000,-287000
046919,大毅永豐93購01  ,0,0,0,0,0,0,0,0,0,-287000,0,0,0,7000,294000,-287000,-287000
049381,欣興元大94購05  ,0,0,0,0,0,0,0,0,0,-287000,0,0,0,0,287000,-287000,-287000
06375P,矽力元大97售06  ,0,0,0,0,0,0,0,0,0,-287000,0,0,0,3000,290000,-287000,-287000
050218,世紀鋼統一94購02,0,0,0,0,0,0,0,0,0,-288000,0,0,0,0,288000,-288000,-288000
055712,金寶元大97購02  ,0,0,0,0,0,0,0,0,0,-289000,0,0,0,23000,312000,-289000,-289000
055414,奇力新富邦9B購01,0,0,0,0,0,0,0,0,0,-289000,0,0,0,28000,317000,-289000,-289000
05549P,臺股指元大96售03,0,0,0,0,0,0,0,0,0,-289000,0,0,0,20000,309000,-289000,-289000
044853,亞光國泰93購01  ,0,0,0,0,0,0,0,0,0,-289000,0,0,0,11000,300000,-289000,-289000
053930,S&P反1統一98購01,0,0,0,0,0,0,0,0,0,-290000,0,0,0,10000,300000,-290000,-290000
052074,鴻海元富95購10  ,0,0,0,0,0,0,0,0,0,-290000,0,0,0,0,290000,-290000,-290000
05311P,臺股指群益95售10,0,0,0,0,0,0,0,0,0,-290000,0,0,0,50000,340000,-290000,-290000
052958,T50反1凱基99購02,0,0,0,0,0,0,0,0,0,-290000,0,0,0,0,290000,-290000,-290000
05090P,國巨元大95售05  ,0,0,0,0,0,0,0,0,0,-290000,0,0,0,0,290000,-290000,-290000
048939,華擎永豐94購01  ,0,0,0,0,0,0,0,0,0,-291000,0,0,0,150000,441000,-291000,-291000
049205,聯發科群益94購05,0,0,0,0,0,0,0,0,0,-291000,0,0,0,506000,797000,-291000,-291000
006205,富邦上証        ,16000,0,16000,0,0,0,0,0,0,-308000,40000,40000,0,1454000,1762000,-308000,-292000
052722,群創統一97購02  ,0,0,0,0,0,0,0,0,0,-292000,0,0,0,0,292000,-292000,-292000
06427P,鴻海元大97售13  ,0,0,0,0,0,0,0,0,0,-292000,0,0,0,714000,1006000,-292000,-292000
044013,友達凱基93購01  ,0,0,0,0,0,0,0,0,0,-293000,0,0,0,101000,394000,-293000,-293000
049025,華擎群益94購01  ,0,0,0,0,0,0,0,0,0,-293000,0,0,0,21000,314000,-293000,-293000
055986,祥碩元富97購01  ,0,0,0,0,0,0,0,0,0,-293000,0,0,0,72000,365000,-293000,-293000
2362,藍天            ,59000,313000,-254000,0,0,0,0,0,0,-39000,1000,40000,-39000,0,0,0,-293000
050388,鴻海統一94購09  ,0,0,0,0,0,0,0,0,0,-294000,0,0,0,383000,677000,-294000,-294000
08525P,台灣50凱基96售02,0,0,0,0,0,0,0,0,0,-294000,0,0,0,405000,699000,-294000,-294000
08637P,台灣50中信96售03,0,0,0,0,0,0,0,0,0,-294000,0,0,0,580000,874000,-294000,-294000
054699,復盛永豐97購01  ,0,0,0,0,0,0,0,0,0,-295000,0,0,0,0,295000,-295000,-295000
046568,臻鼎元富95購01  ,0,0,0,0,0,0,0,0,0,-295000,0,0,0,110000,405000,-295000,-295000
04357P,智易永豐94售01  ,0,0,0,0,0,0,0,0,0,-295000,0,0,0,0,295000,-295000,-295000
054893,帆宣統一99購01  ,0,0,0,0,0,0,0,0,0,-296000,0,0,0,25000,321000,-296000,-296000
049114,玉晶光統一94購02,0,0,0,0,0,0,0,0,0,-296000,0,0,0,181000,477000,-296000,-296000
049477,泰鼎永豐94購01  ,0,0,0,0,0,0,0,0,0,-296000,0,0,0,93000,389000,-296000,-296000
054874,帆宣群益99購02  ,0,0,0,0,0,0,0,0,0,-297000,0,0,0,10000,307000,-297000,-297000
046053,滬深2X群益94購01,0,0,0,0,0,0,0,0,0,-297000,0,0,0,103000,400000,-297000,-297000
052527,泰鼎元大96購02  ,0,0,0,0,0,0,0,0,0,-297000,0,0,0,384000,681000,-297000,-297000
052163,康舒永豐95購02  ,0,0,0,0,0,0,0,0,0,-297000,0,0,0,30000,327000,-297000,-297000
06313P,訊芯元富97售01  ,0,0,0,0,0,0,0,0,0,-297000,0,0,0,9000,306000,-297000,-297000
053650,華邦電凱基98購01,0,0,0,0,0,0,0,0,0,-298000,0,0,0,54000,352000,-298000,-298000
054518,亞光元大97購01  ,0,0,0,0,0,0,0,0,0,-298000,0,0,0,124000,422000,-298000,-298000
05494P,華邦電統一95售02,0,0,0,0,0,0,0,0,0,-299000,0,0,0,130000,429000,-299000,-299000
047892,康控兆豐94購01  ,0,0,0,0,0,0,0,0,0,-299000,0,0,0,0,299000,-299000,-299000
052195,健策元富95購01  ,0,0,0,0,0,0,0,0,0,-299000,0,0,0,11000,310000,-299000,-299000
055737,開發金元富97購01,0,0,0,0,0,0,0,0,0,-300000,0,0,0,0,300000,-300000,-300000
053637,強茂永豐96購01  ,0,0,0,0,0,0,0,0,0,-300000,0,0,0,0,300000,-300000,-300000
05397P,大立光凱基96售08,0,0,0,0,0,0,0,0,0,-300000,0,0,0,3000,303000,-300000,-300000
044768,深中小元大94購02,0,0,0,0,0,0,0,0,0,-300000,0,0,0,0,300000,-300000,-300000
045213,A50正2元大95購01,0,0,0,0,0,0,0,0,0,-300000,0,0,0,30000,330000,-300000,-300000
046745,國喬凱基93購01  ,0,0,0,0,0,0,0,0,0,-300000,0,0,0,0,300000,-300000,-300000
03926P,麗豐元大93售02  ,0,0,0,0,0,0,0,0,0,-300000,0,0,0,0,300000,-300000,-300000
03673P,康控元富92售02  ,0,0,0,0,0,0,0,0,0,-300000,0,0,0,0,300000,-300000,-300000
047416,台泥富邦94購01  ,0,0,0,0,0,0,0,0,0,-300000,0,0,0,50000,350000,-300000,-300000
052144,鴻海群益95購10  ,0,0,0,0,0,0,0,0,0,-300000,0,0,0,0,300000,-300000,-300000
051982,深中小元大95購01,0,0,0,0,0,0,0,0,0,-300000,0,0,0,0,300000,-300000,-300000
055663,崇越中信97購01  ,0,0,0,0,0,0,0,0,0,-301000,0,0,0,0,301000,-301000,-301000
051000,台郡元大96購01  ,0,0,0,0,0,0,0,0,0,-301000,0,0,0,21000,322000,-301000,-301000
06358P,力成中信97售02  ,0,0,0,0,0,0,0,0,0,-301000,0,0,0,0,301000,-301000,-301000
00710B,FH彭博高收益債  ,0,0,0,0,0,0,0,0,0,-302000,0,0,0,22000,324000,-302000,-302000
05046P,台光電永豐95售02,0,0,0,0,0,0,0,0,0,-302000,0,0,0,5000,307000,-302000,-302000
05729P,臺股指凱基97售02,0,0,0,0,0,0,0,0,0,-302000,0,0,0,20000,322000,-302000,-302000
050414,泰鼎永豐94購04  ,0,0,0,0,0,0,0,0,0,-303000,0,0,0,0,303000,-303000,-303000
048613,智原凱基93購03  ,0,0,0,0,0,0,0,0,0,-303000,0,0,0,0,303000,-303000,-303000
044188,超眾國泰93購01  ,0,0,0,0,0,0,0,0,0,-304000,0,0,0,5000,309000,-304000,-304000
049891,T50反1富邦94購02,0,0,0,0,0,0,0,0,0,-304000,0,0,0,0,304000,-304000,-304000
049216,華邦電國票95購01,0,0,0,0,0,0,0,0,0,-304000,0,0,0,5000,309000,-304000,-304000
2731,雄獅            ,38000,90000,-52000,0,0,0,0,252000,-252000,0,0,0,0,0,0,0,-304000
055773,瑞昱凱基97購03  ,0,0,0,0,0,0,0,0,0,-305000,0,0,0,12000,317000,-305000,-305000
055129,鈺齊兆豐97購01  ,0,0,0,0,0,0,0,0,0,-306000,0,0,0,0,306000,-306000,-306000
050026,友達元大96購01  ,0,0,0,0,0,0,0,0,0,-306000,0,0,0,30000,336000,-306000,-306000
055506,台郡元大99購02  ,0,0,0,0,0,0,0,0,0,-308000,0,0,0,0,308000,-308000,-308000
054598,鴻海台新98購01  ,0,0,0,0,0,0,0,0,0,-308000,0,0,0,0,308000,-308000,-308000
04049P,大立光元大95售02,0,0,0,0,0,0,0,0,0,-308000,0,0,0,120000,428000,-308000,-308000
046645,技嘉國泰94購01  ,0,0,0,0,0,0,0,0,0,-308000,0,0,0,0,308000,-308000,-308000
051428,玉晶光統一96購01,0,0,0,0,0,0,0,0,0,-308000,0,0,0,1000,309000,-308000,-308000
00766L,台新MSCI中國正2 ,0,0,0,0,0,0,0,0,0,-309000,0,0,0,392000,701000,-309000,-309000
2637,慧洋-KY         ,176000,662000,-486000,0,0,0,2000,0,2000,175000,162000,3000,159000,25000,9000,16000,-309000
055069,帆宣永豐97購01  ,0,0,0,0,0,0,0,0,0,-311000,0,0,0,0,311000,-311000,-311000
046191,新光金凱基98購01,0,0,0,0,0,0,0,0,0,-311000,0,0,0,0,311000,-311000,-311000
2464,盟立            ,30000,347000,-317000,0,0,0,0,0,0,6000,0,0,0,6000,0,6000,-311000
055460,華擎永豐97購01  ,0,0,0,0,0,0,0,0,0,-312000,0,0,0,90000,402000,-312000,-312000
054333,茂林永豐96購03  ,0,0,0,0,0,0,0,0,0,-312000,0,0,0,0,312000,-312000,-312000
048286,滬深2X兆豐94購04,0,0,0,0,0,0,0,0,0,-312000,0,0,0,10000,322000,-312000,-312000
052833,康控群益96購01  ,0,0,0,0,0,0,0,0,0,-312000,0,0,0,125000,437000,-312000,-312000
044289,群創凱基93購04  ,0,0,0,0,0,0,0,0,0,-313000,0,0,0,0,313000,-313000,-313000
048194,華邦電元大94購04,0,0,0,0,0,0,0,0,0,-313000,0,0,0,0,313000,-313000,-313000
054376,聯茂中信97購01  ,0,0,0,0,0,0,0,0,0,-314000,0,0,0,48000,362000,-314000,-314000
055317,金寶國票98購01  ,0,0,0,0,0,0,0,0,0,-314000,0,0,0,134000,448000,-314000,-314000
054726,台積電日盛97購01,0,0,0,0,0,0,0,0,0,-314000,0,0,0,30000,344000,-314000,-314000
03247P,聯電元富03售02  ,0,0,0,0,0,0,0,0,0,-315000,0,0,0,0,315000,-315000,-315000
045984,亞光麥證93購02  ,0,0,0,5000,320000,-315000,0,0,0,-315000,0,0,0,5000,320000,-315000,-315000
053223,台郡凱基96購02  ,0,0,0,0,0,0,0,0,0,-315000,0,0,0,0,315000,-315000,-315000
051718,上証2X永豐95購01,0,0,0,0,0,0,0,0,0,-315000,0,0,0,100000,415000,-315000,-315000
055259,玉晶光統一9A購01,0,0,0,0,0,0,0,0,0,-316000,0,0,0,15000,331000,-316000,-316000
045871,元油2X元富96購03,0,0,0,0,0,0,0,0,0,-317000,0,0,0,5000,322000,-317000,-317000
05031P,台光電元富95售01,0,0,0,0,0,0,0,0,0,-317000,0,0,0,18000,335000,-317000,-317000
052809,訊芯元大97購01  ,0,0,0,0,0,0,0,0,0,-317000,0,0,0,17000,334000,-317000,-317000
3029,零壹            ,193000,496000,-303000,0,0,0,0,0,0,-14000,0,14000,-14000,0,0,0,-317000
3380,明泰            ,385000,645000,-260000,0,0,0,0,50000,-50000,-7000,242000,201000,41000,17000,65000,-48000,-317000
055621,國巨國泰98購03  ,0,0,0,0,0,0,0,0,0,-318000,0,0,0,50000,368000,-318000,-318000
053483,嘉澤第一96購01  ,0,0,0,0,0,0,0,0,0,-318000,0,0,0,35000,353000,-318000,-318000
03418B,臺股指元大95熊20,0,0,0,0,0,0,0,0,0,-318000,0,0,0,108000,426000,-318000,-318000
051277,聯發科中信9A購01,0,0,0,0,0,0,0,0,0,-318000,0,0,0,0,318000,-318000,-318000
05817P,可成凱基96售07  ,0,0,0,0,0,0,0,0,0,-319000,0,0,0,2000,321000,-319000,-319000
03976P,智原元大93售02  ,0,0,0,0,0,0,0,0,0,-320000,0,0,0,0,320000,-320000,-320000
049585,旺宏元大95購02  ,0,0,0,0,0,0,0,0,0,-320000,0,0,0,26000,346000,-320000,-320000
05310P,智原永豐95售04  ,0,0,0,0,0,0,0,0,0,-320000,0,0,0,66000,386000,-320000,-320000
3518,柏騰            ,40000,359000,-319000,0,0,0,0,0,0,-1000,0,1000,-1000,0,0,0,-320000
054954,華新科元大97購06,0,0,0,0,0,0,0,0,0,-321000,0,0,0,15000,336000,-321000,-321000
00752,中信中國50      ,1000,0,1000,0,0,0,0,0,0,-322000,0,0,0,428000,750000,-322000,-321000
049539,元油2X群益9A購01,0,0,0,0,0,0,0,0,0,-321000,0,0,0,0,321000,-321000,-321000
052648,茂林永豐96購01  ,0,0,0,0,0,0,0,0,0,-322000,0,0,0,0,322000,-322000,-322000
053098,國巨元富96購04  ,0,0,0,0,0,0,0,0,0,-323000,0,0,0,76000,399000,-323000,-323000
03818P,智易永豐93售01  ,0,0,0,0,0,0,0,0,0,-324000,0,0,0,0,324000,-324000,-324000
049956,國巨統一94購05  ,0,0,0,0,0,0,0,0,0,-324000,0,0,0,58000,382000,-324000,-324000
2349,錸德            ,226000,548000,-322000,0,0,0,0,0,0,-4000,0,4000,-4000,0,0,0,-326000
050792,可成富邦96購01  ,0,0,0,0,0,0,0,0,0,-328000,0,0,0,486000,814000,-328000,-328000
047493,旺宏元富96購01  ,0,0,0,0,0,0,0,0,0,-328000,0,0,0,0,328000,-328000,-328000
054465,亞光凱基97購01  ,0,0,0,0,0,0,0,0,0,-330000,0,0,0,0,330000,-330000,-330000
048933,晶豪科永豐94購01,0,0,0,0,0,0,0,0,0,-330000,0,0,0,10000,340000,-330000,-330000
051786,A50正2國票95購02,0,0,0,0,0,0,0,0,0,-330000,0,0,0,0,330000,-330000,-330000
053436,聯茂日盛96購01  ,0,0,0,0,0,0,0,0,0,-331000,0,0,0,0,331000,-331000,-331000
055138,大毅永豐97購02  ,0,0,0,0,0,0,0,0,0,-331000,0,0,0,3000,334000,-331000,-331000
6443,元晶            ,5000,337000,-332000,0,0,0,0,0,0,0,0,0,0,0,0,0,-332000
05675P,美律群益97售01  ,0,0,0,0,0,0,0,0,0,-333000,0,0,0,73000,406000,-333000,-333000
055745,臻鼎元富97購01  ,0,0,0,0,0,0,0,0,0,-334000,0,0,0,0,334000,-334000,-334000
04974P,聯發科凱基96售02,0,0,0,0,0,0,0,0,0,-334000,0,0,0,53000,387000,-334000,-334000
1795,美時            ,434000,577000,-143000,0,0,0,0,31000,-31000,-160000,0,160000,-160000,0,0,0,-334000
2363,矽統            ,296000,619000,-323000,0,0,0,0,0,0,-11000,0,11000,-11000,0,0,0,-334000
055708,茂林永豐97購02  ,0,0,0,0,0,0,0,0,0,-336000,0,0,0,3000,339000,-336000,-336000
050010,鈺齊永豐94購01  ,0,0,0,0,0,0,0,0,0,-336000,0,0,0,3000,339000,-336000,-336000
4119,旭富            ,60000,410283,-350283,0,0,0,0,0,0,14000,32000,2000,30000,0,16000,-16000,-336283
2912,統一超          ,1027866,1384463,-356597,0,0,0,19000,0,19000,-1000,0,3000,-3000,2000,0,2000,-338597
055261,帆宣統一98購01  ,0,0,0,0,0,0,0,0,0,-339000,0,0,0,0,339000,-339000,-339000
053120,復盛中信9A購01  ,0,0,0,0,0,0,0,0,0,-340000,0,0,0,6000,346000,-340000,-340000
049473,光罩永豐94購03  ,0,0,0,0,0,0,0,0,0,-342000,0,0,0,2000,344000,-342000,-342000
05322P,台積電凱基95售17,0,0,0,0,0,0,0,0,0,-342000,0,0,0,460000,802000,-342000,-342000
8110,華東            ,125000,467000,-342000,0,0,0,0,0,0,0,16000,16000,0,0,0,0,-342000
052456,滬深2X元富9B購03,0,0,0,0,0,0,0,0,0,-343000,0,0,0,30000,373000,-343000,-343000
6191,精成科          ,420000,734000,-314000,0,0,0,0,0,0,-31000,0,21000,-21000,7000,17000,-10000,-345000
055300,緯穎元大98購01  ,0,0,0,0,0,0,0,0,0,-346000,0,0,0,130000,476000,-346000,-346000
049681,旺宏統一94購04  ,0,0,0,0,0,0,0,0,0,-346000,0,0,0,202000,548000,-346000,-346000
053137,旺宏富邦98購01  ,0,0,0,0,0,0,0,0,0,-346000,0,0,0,172000,518000,-346000,-346000
050168,緯創富邦95購01  ,0,0,0,0,0,0,0,0,0,-347000,0,0,0,165000,512000,-347000,-347000
055579,健策統一9A購01  ,0,0,0,0,0,0,0,0,0,-349000,0,0,0,112000,461000,-349000,-349000
047466,新光金國泰95購01,0,0,0,0,0,0,0,0,0,-349000,0,0,0,10000,359000,-349000,-349000
051953,矽力元富95購03  ,0,0,0,0,0,0,0,0,0,-349000,0,0,0,51000,400000,-349000,-349000
044496,群創元大93購02  ,0,0,0,0,0,0,0,0,0,-350000,0,0,0,20000,370000,-350000,-350000
05732P,臺股指統一96售02,0,0,0,0,0,0,0,0,0,-350000,0,0,0,10000,360000,-350000,-350000
054713,國巨中信9B購01  ,0,0,0,0,0,0,0,0,0,-351000,0,0,0,73000,424000,-351000,-351000
054779,台塑群益98購01  ,0,0,0,0,0,0,0,0,0,-351000,0,0,0,0,351000,-351000,-351000
048905,旺宏富邦96購01  ,0,0,0,0,0,0,0,0,0,-351000,0,0,0,45000,396000,-351000,-351000
044303,群創兆豐92購01  ,0,0,0,0,0,0,0,0,0,-352000,0,0,0,94000,446000,-352000,-352000
05684P,臺股指元大96售09,0,0,0,0,0,0,0,0,0,-352000,0,0,0,0,352000,-352000,-352000
06101P,聯發科日盛97售03,0,0,0,0,0,0,0,0,0,-352000,0,0,0,7000,359000,-352000,-352000
054900,金寶康和97購01  ,0,0,0,0,0,0,0,0,0,-353000,0,0,0,84000,437000,-353000,-353000
047690,美律富邦97購01  ,0,0,0,0,0,0,0,0,0,-353000,0,0,0,154000,507000,-353000,-353000
051488,健策凱基96購04  ,0,0,0,0,0,0,0,0,0,-353000,0,0,0,115000,468000,-353000,-353000
048382,T50反1國票96購01,0,0,0,0,0,0,0,0,0,-354000,0,0,0,0,354000,-354000,-354000
053734,友達中信98購02  ,0,0,0,0,0,0,0,0,0,-356000,0,0,0,63000,419000,-356000,-356000
1702,南僑            ,17000,160000,-143000,0,0,0,0,220000,-220000,7000,10000,3000,7000,0,0,0,-356000
2338,光罩            ,1154000,1103000,51000,0,0,0,0,0,0,-407000,9000,5000,4000,73000,484000,-411000,-356000
2547,日勝生          ,77000,427000,-350000,0,0,0,0,0,0,-6000,4000,10000,-6000,0,0,0,-356000
055235,金寶台新98購01  ,0,0,0,0,0,0,0,0,0,-357000,0,0,0,40000,397000,-357000,-357000
054873,帆宣群益99購01  ,0,0,0,0,0,0,0,0,0,-358000,0,0,0,11000,369000,-358000,-358000
2505,國揚            ,280000,637000,-357000,0,0,0,0,0,0,-1000,1000,1000,0,4000,5000,-1000,-358000
049971,台郡國票95購01  ,0,0,0,0,0,0,0,0,0,-362000,0,0,0,0,362000,-362000,-362000
055079,台光電中信97購01,0,0,0,0,0,0,0,0,0,-363000,0,0,0,30000,393000,-363000,-363000
05283P,健鼎元大95售04  ,0,0,0,0,0,0,0,0,0,-363000,0,0,0,2000,365000,-363000,-363000
054818,奇力新元大97購05,0,0,0,0,0,0,0,0,0,-364000,0,0,0,132000,496000,-364000,-364000
055249,大毅統一99購01  ,0,0,0,0,0,0,0,0,0,-365000,0,0,0,5000,370000,-365000,-365000
04167P,滬深反凱基99售01,0,0,0,0,0,0,0,0,0,-365000,0,0,0,210000,575000,-365000,-365000
03583P,微星元大02售03  ,0,0,0,0,0,0,0,0,0,-365000,0,0,0,20000,385000,-365000,-365000
049695,新光金元大9A購01,0,0,0,0,0,0,0,0,0,-365000,0,0,0,0,365000,-365000,-365000
051227,技嘉群益97購01  ,0,0,0,0,0,0,0,0,0,-365000,0,0,0,1000,366000,-365000,-365000
04283P,麗豐永豐93售03  ,0,0,0,0,0,0,0,0,0,-366000,0,0,0,3000,369000,-366000,-366000
1210,大成            ,213000,590589,-377589,0,0,0,13000,0,13000,-2000,5000,7000,-2000,0,0,0,-366589
050786,健策國泰96購01  ,0,0,0,0,0,0,0,0,0,-367000,0,0,0,0,367000,-367000,-367000
03757P,麗豐永豐93售01  ,0,0,0,0,0,0,0,0,0,-369000,0,0,0,0,369000,-369000,-369000
00650L,FH香港正2       ,0,0,0,0,0,0,0,0,0,-369000,0,0,0,72000,441000,-369000,-369000
050744,健策永豐94購04  ,0,0,0,0,0,0,0,0,0,-369000,0,0,0,37000,406000,-369000,-369000
053863,聯發科元大96購18,0,0,0,0,0,0,0,0,0,-370000,0,0,0,30000,400000,-370000,-370000
054072,台積電富邦98購02,15000,0,15000,0,0,0,0,0,0,-385000,0,0,0,240000,625000,-385000,-370000
04930P,國巨統一94售08  ,0,0,0,0,0,0,0,0,0,-370000,0,0,0,1000,371000,-370000,-370000
03497P,金像電凱基02售06,0,0,0,0,0,0,0,0,0,-373000,0,0,0,0,373000,-373000,-373000
055703,緯穎富邦98購01  ,0,0,0,0,0,0,0,0,0,-376000,0,0,0,0,376000,-376000,-376000
046486,樺漢國泰94購01  ,0,0,0,0,0,0,0,0,0,-376000,0,0,0,24000,400000,-376000,-376000
051099,台郡元大95購03  ,0,0,0,0,0,0,0,0,0,-376000,0,0,0,2000,378000,-376000,-376000
2355,敬鵬            ,93000,460000,-367000,0,0,0,0,0,0,-9000,0,6000,-6000,0,3000,-3000,-376000
4906,正文            ,303000,702000,-399000,0,0,0,0,0,0,23000,10000,57000,-47000,112000,42000,70000,-376000
4746,台耀            ,97000,484000,-387000,0,0,0,0,0,0,9000,19000,10000,9000,0,0,0,-378000
05616P,台光電永豐96售01,0,0,0,0,0,0,0,0,0,-378000,0,0,0,0,378000,-378000,-378000
054850,上海銀兆豐97購01,0,0,0,0,0,0,0,0,0,-379000,0,0,0,42000,421000,-379000,-379000
048594,泰鼎群益93購02  ,0,0,0,0,0,0,0,0,0,-379000,0,0,0,41000,420000,-379000,-379000
048848,滬深2X群益98購02,0,0,0,0,0,0,0,0,0,-380000,0,0,0,31000,411000,-380000,-380000
4551,智伸科          ,55000,358000,-303000,0,0,0,0,49000,-49000,-28000,64000,76000,-12000,0,16000,-16000,-380000
055786,彩晶凱基99購02  ,0,0,0,0,0,0,0,0,0,-382000,0,0,0,0,382000,-382000,-382000
054158,國巨日盛99購01  ,0,0,0,0,0,0,0,0,0,-384000,0,0,0,32000,416000,-384000,-384000
044610,A50正2兆豐93購01,0,0,0,0,0,0,0,0,0,-384000,0,0,0,16000,400000,-384000,-384000
050939,健鼎國票96購01  ,0,0,0,0,0,0,0,0,0,-386000,0,0,0,15000,401000,-386000,-386000
2354,鴻準            ,1792581,2078119,-285538,0,0,0,2000,93000,-91000,-10000,6000,16000,-10000,0,0,0,-386538
054073,群創富邦96購03  ,0,0,0,0,0,0,0,0,0,-387000,0,0,0,8000,395000,-387000,-387000
04187P,麗豐元富93售02  ,0,0,0,0,0,0,0,0,0,-387000,0,0,0,2000,389000,-387000,-387000
055421,玉晶光永豐98購04,0,0,0,0,0,0,0,0,0,-388000,0,0,0,102000,490000,-388000,-388000
055402,正文元富97購02  ,0,0,0,0,0,0,0,0,0,-390000,0,0,0,10000,400000,-390000,-390000
048527,鴻海國票94購02  ,0,0,0,0,0,0,0,0,0,-390000,0,0,0,10000,400000,-390000,-390000
05038P,牧德元大95售03  ,0,0,0,0,0,0,0,0,0,-390000,0,0,0,0,390000,-390000,-390000
053282,彩晶元大9C購01  ,0,0,0,0,0,0,0,0,0,-390000,0,0,0,3000,393000,-390000,-390000
053106,鴻海兆豐98購01  ,0,0,0,0,0,0,0,0,0,-392000,0,0,0,0,392000,-392000,-392000
8210,勤誠            ,319000,767000,-448000,0,0,0,0,0,0,54000,60000,66000,-6000,64000,4000,60000,-394000
055403,泰鼎元富97購01  ,0,0,0,0,0,0,0,0,0,-396000,0,0,0,250000,646000,-396000,-396000
3006,晶豪科          ,344000,648000,-304000,0,0,0,0,0,0,-92000,1000,45000,-44000,6000,54000,-48000,-396000
049762,華邦電國泰95購01,0,0,0,0,0,0,0,0,0,-398000,0,0,0,26000,424000,-398000,-398000
052253,康控永豐95購04  ,0,0,0,0,0,0,0,0,0,-398000,0,0,0,5000,403000,-398000,-398000
2841,台開            ,0,397000,-397000,0,0,0,0,0,0,-1000,0,1000,-1000,0,0,0,-398000
2367,燿華            ,2445000,2583000,-138000,0,0,0,0,0,0,-260000,0,5000,-5000,43000,298000,-255000,-398000
3673,TPK-KY          ,588000,889000,-301000,0,0,0,0,0,0,-98000,4000,69000,-65000,7000,40000,-33000,-399000
04735P,聯茂兆豐94售01  ,0,0,0,0,0,0,0,0,0,-400000,0,0,0,0,400000,-400000,-400000
050362,深中小元大94購04,0,0,0,0,0,0,0,0,0,-400000,0,0,0,0,400000,-400000,-400000
051136,可成永豐95購02  ,0,0,0,0,0,0,0,0,0,-400000,0,0,0,0,400000,-400000,-400000
051201,台積電麥證95購02,0,0,0,0,400000,-400000,0,0,0,-400000,0,0,0,0,400000,-400000,-400000
052035,臺股指群益95購08,0,0,0,0,0,0,0,0,0,-400000,0,0,0,0,400000,-400000,-400000
056066,奇鋐元大98購02  ,0,0,0,0,0,0,0,0,0,-400000,0,0,0,0,400000,-400000,-400000
055187,彩晶統一98購01  ,0,0,0,0,0,0,0,0,0,-401000,0,0,0,70000,471000,-401000,-401000
2347,聯強            ,2205607,3308130,-1102523,0,0,0,3000,0,3000,698000,0,1000,-1000,701000,2000,699000,-401523
4915,致伸            ,513000,893360,-380360,0,0,0,1000,0,1000,-23000,10000,11000,-1000,4000,26000,-22000,-402360
054359,南亞科日盛96購02,0,0,0,0,0,0,0,0,0,-403000,0,0,0,16000,419000,-403000,-403000
04880P,GIS永豐94售02   ,0,0,0,0,0,0,0,0,0,-403000,0,0,0,122000,525000,-403000,-403000
4967,十銓            ,296000,583000,-287000,0,0,0,0,0,0,-116000,17000,133000,-116000,0,0,0,-403000
2897,王道銀行        ,127000,538000,-411000,0,0,0,8000,0,8000,0,0,0,0,0,0,0,-403000
2023,燁輝            ,13000,410000,-397000,0,0,0,0,0,0,-6000,0,6000,-6000,0,0,0,-403000
04265P,滬深2X元富93售04,0,0,0,0,0,0,0,0,0,-404000,0,0,0,21000,425000,-404000,-404000
054644,A50正2群益9B購01,0,0,0,0,0,0,0,0,0,-405000,0,0,0,0,405000,-405000,-405000
045870,元油2X元富96購02,0,0,0,0,0,0,0,0,0,-405000,0,0,0,0,405000,-405000,-405000
06097P,茂林永豐97售01  ,0,0,0,0,0,0,0,0,0,-405000,0,0,0,155000,560000,-405000,-405000
3533,嘉澤            ,355000,528000,-173000,0,0,0,41000,115000,-74000,-158000,45000,202000,-157000,7000,8000,-1000,-405000
050884,聯茂國泰96購01  ,0,0,0,0,0,0,0,0,0,-407000,0,0,0,207000,614000,-407000,-407000
052702,群創國票97購03  ,0,0,0,0,0,0,0,0,0,-407000,0,0,0,0,407000,-407000,-407000
044605,超眾國泰93購02  ,0,0,0,0,0,0,0,0,0,-408000,0,0,0,60000,468000,-408000,-408000
047904,臺指反元大96購01,0,0,0,0,0,0,0,0,0,-409000,0,0,0,0,409000,-409000,-409000
054614,玉晶光永豐97購03,0,0,0,0,0,0,0,0,0,-410000,0,0,0,179000,589000,-410000,-410000
052677,景碩富邦97購01  ,0,0,0,0,0,0,0,0,0,-410000,0,0,0,165000,575000,-410000,-410000
054120,奇力新永豐96購01,0,0,0,0,0,0,0,0,0,-413000,0,0,0,10000,423000,-413000,-413000
049520,TPK國票95購01   ,0,0,0,0,0,0,0,0,0,-413000,0,0,0,32000,445000,-413000,-413000
052852,國巨元富96購02  ,0,0,0,0,0,0,0,0,0,-413000,0,0,0,506000,919000,-413000,-413000
055507,樺漢元大98購02  ,0,0,0,0,0,0,0,0,0,-415000,0,0,0,225000,640000,-415000,-415000
048302,上証反凱基93購01,0,0,0,0,0,0,0,0,0,-415000,0,0,0,55000,470000,-415000,-415000
055054,群光永豐97購01  ,0,0,0,0,0,0,0,0,0,-416000,0,0,0,10000,426000,-416000,-416000
05849P,臺股指元大96售25,0,0,0,0,0,0,0,0,0,-416000,0,0,0,0,416000,-416000,-416000
049994,聯茂台新94購02  ,0,0,0,0,0,0,0,0,0,-417000,0,0,0,3000,420000,-417000,-417000
050539,鴻海凱基95購07  ,0,0,0,0,0,0,0,0,0,-417000,0,0,0,15000,432000,-417000,-417000
049706,世紀鋼元大95購02,0,0,0,0,0,0,0,0,0,-419000,0,0,0,0,419000,-419000,-419000
051366,康友國泰97購01  ,0,0,0,0,0,0,0,0,0,-419000,0,0,0,33000,452000,-419000,-419000
06286P,世芯國票97售02  ,0,0,0,0,0,0,0,0,0,-419000,0,0,0,30000,449000,-419000,-419000
1718,中纖            ,100000,503000,-403000,0,0,0,0,0,0,-16000,0,0,0,0,16000,-16000,-419000
055826,中石化元大97購01,0,0,0,0,0,0,0,0,0,-421000,0,0,0,14000,435000,-421000,-421000
9944,新麗            ,92000,513000,-421000,0,0,0,0,0,0,0,0,0,0,0,0,0,-421000
04188P,康控元富93售03  ,0,0,0,0,0,0,0,0,0,-422000,0,0,0,29000,451000,-422000,-422000
052416,滬深2X兆豐96購02,0,0,0,0,0,0,0,0,0,-422000,0,0,0,1994000,2416000,-422000,-422000
054400,健策永豐96購02  ,0,0,0,0,0,0,0,0,0,-425000,0,0,0,691000,1116000,-425000,-425000
04874P,高股息中信97售01,0,0,0,0,0,0,0,0,0,-425000,0,0,0,0,425000,-425000,-425000
1701,中化            ,144000,573000,-429000,0,0,0,0,0,0,4000,5000,1000,4000,0,0,0,-425000
041452,滬深2X元富93購01,0,0,0,0,0,0,0,0,0,-426000,0,0,0,202000,628000,-426000,-426000
046999,康控富邦99購01  ,0,0,0,0,0,0,0,0,0,-428000,0,0,0,310000,738000,-428000,-428000
05312P,臺股指群益95售11,0,0,0,0,0,0,0,0,0,-428000,0,0,0,0,428000,-428000,-428000
05638P,國巨統一96售04  ,0,0,0,0,0,0,0,0,0,-429000,0,0,0,285000,714000,-429000,-429000
3044,健鼎            ,1161000,1562143,-401143,0,0,0,0,21000,-21000,-7000,63000,19000,44000,6000,57000,-51000,-429143
04855P,上証2X元富94售02,0,0,0,0,0,0,0,0,0,-430000,0,0,0,0,430000,-430000,-430000
050396,欣興元富94購02  ,0,0,0,0,0,0,0,0,0,-430000,0,0,0,109000,539000,-430000,-430000
053001,力山永豐96購01  ,0,0,0,0,0,0,0,0,0,-430000,0,0,0,490000,920000,-430000,-430000
052547,光磊兆豐96購01  ,0,0,0,0,0,0,0,0,0,-431000,0,0,0,38000,469000,-431000,-431000
052851,滬深2X元富96購02,0,0,0,0,0,0,0,0,0,-432000,0,0,0,2651000,3083000,-432000,-432000
051156,鴻海富邦97購01  ,0,0,0,0,0,0,0,0,0,-432000,0,0,0,53000,485000,-432000,-432000
05791P,臺股指中信99售06,0,0,0,0,0,0,0,0,0,-436000,0,0,0,0,436000,-436000,-436000
055995,華擎國泰99購01  ,0,0,0,0,0,0,0,0,0,-438000,0,0,0,50000,488000,-438000,-438000
2301,光寶科          ,5172247,6451989,-1279742,0,0,0,3000,0,3000,838000,314000,42000,272000,592000,26000,566000,-438742
052233,台郡凱基96購01  ,0,0,0,0,0,0,0,0,0,-439000,0,0,0,9000,448000,-439000,-439000
8021,尖點            ,94000,533000,-439000,0,0,0,0,0,0,0,0,0,0,0,0,0,-439000
04427P,滬深2X元大97售02,0,0,0,0,0,0,0,0,0,-440000,0,0,0,0,440000,-440000,-440000
045572,元油2X元大98購01,0,0,0,0,0,0,0,0,0,-440000,0,0,0,0,440000,-440000,-440000
04682P,臺股指統一96售01,0,0,0,0,0,0,0,0,0,-441000,0,0,0,265000,706000,-441000,-441000
053460,緯穎國泰97購01  ,0,0,0,0,0,0,0,0,0,-442000,0,0,0,51000,493000,-442000,-442000
2455,全新            ,466000,750000,-284000,0,0,0,0,20000,-20000,-138000,105000,209000,-104000,9000,43000,-34000,-442000
054843,中環兆豐97購01  ,0,0,0,0,0,0,0,0,0,-443000,0,0,0,0,443000,-443000,-443000
050988,廣達富邦95購01  ,0,0,0,0,0,0,0,0,0,-444000,0,0,0,67000,511000,-444000,-444000
044588,元金2X統一93購01,0,0,0,0,0,0,0,0,0,-445000,0,0,0,247000,692000,-445000,-445000
049738,神基群益94購01  ,0,0,0,0,0,0,0,0,0,-446000,0,0,0,7000,453000,-446000,-446000
9921,巨大            ,1777315,1987898,-210583,0,0,0,6000,245000,-239000,0,0,1000,-1000,1000,0,1000,-449583
043396,世紀鋼元大93購01,0,0,0,0,0,0,0,0,0,-450000,0,0,0,0,450000,-450000,-450000
05216P,國巨永豐95售02  ,0,0,0,0,0,0,0,0,0,-450000,0,0,0,0,450000,-450000,-450000
053937,光磊元富96購01  ,0,0,0,0,0,0,0,0,0,-452000,0,0,0,0,452000,-452000,-452000
045516,聯茂統一94購01  ,0,0,0,0,0,0,0,0,0,-453000,0,0,0,0,453000,-453000,-453000
054398,牧德永豐96購03  ,0,0,0,0,0,0,0,0,0,-456000,0,0,0,28000,484000,-456000,-456000
2108,南帝            ,54000,522000,-468000,0,0,0,0,0,0,12000,22000,10000,12000,0,0,0,-456000
03266P,寶成國票04售01  ,0,0,0,0,0,0,0,0,0,-459000,0,0,0,70000,529000,-459000,-459000
03896P,長榮航凱基95售01,0,0,0,0,0,0,0,0,0,-459000,0,0,0,0,459000,-459000,-459000
04001P,聯發科凱基93售15,0,0,0,0,0,0,0,0,0,-460000,0,0,0,300000,760000,-460000,-460000
049849,欣興群益94購04  ,0,0,0,0,0,0,0,0,0,-460000,0,0,0,0,460000,-460000,-460000
048127,麗豐元大94購01  ,0,0,0,0,0,0,0,0,0,-460000,0,0,0,30000,490000,-460000,-460000
052768,泰鼎群益96購01  ,0,0,0,0,0,0,0,0,0,-460000,0,0,0,206000,666000,-460000,-460000
2402,毅嘉            ,5000,458000,-453000,0,0,0,0,0,0,-8000,0,8000,-8000,0,0,0,-461000
4960,誠美材          ,0,464000,-464000,0,0,0,0,0,0,0,0,0,0,0,0,0,-464000
056052,T50反1元大97購06,0,0,0,0,0,0,0,0,0,-464000,0,0,0,0,464000,-464000,-464000
050327,泰鼎永豐94購03  ,0,0,0,0,0,0,0,0,0,-469000,0,0,0,40000,509000,-469000,-469000
051888,國巨元富95購05  ,0,0,0,0,0,0,0,0,0,-469000,0,0,0,515000,984000,-469000,-469000
051948,滬深2X元富9B購01,0,0,0,0,0,0,0,0,0,-471000,0,0,0,10000,481000,-471000,-471000
04705P,臺股指統一95售02,0,0,0,0,0,0,0,0,0,-474000,0,0,0,0,474000,-474000,-474000
047280,泰鼎永豐93購01  ,0,0,0,0,0,0,0,0,0,-474000,0,0,0,0,474000,-474000,-474000
055827,中石化元大98購01,0,0,0,0,0,0,0,0,0,-475000,0,0,0,0,475000,-475000,-475000
048278,聯發科永豐93購03,0,0,0,0,0,0,0,0,0,-476000,0,0,0,0,476000,-476000,-476000
04268P,南電元富93售03  ,0,0,0,0,0,0,0,0,0,-477000,0,0,0,45000,522000,-477000,-477000
06195P,台積電元富97售06,0,0,0,0,0,0,0,0,0,-479000,0,0,0,17000,496000,-479000,-479000
03419P,玉晶光群益03售04,0,0,0,0,0,0,0,0,0,-480000,0,0,0,1000,481000,-480000,-480000
048587,康控中信93購01  ,0,0,0,0,0,0,0,0,0,-480000,0,0,0,0,480000,-480000,-480000
1319,東陽            ,77000,544000,-467000,0,0,0,0,0,0,-13000,2000,8000,-6000,6000,13000,-7000,-480000
4137,麗豐-KY         ,218000,589100,-371100,0,0,0,0,43000,-43000,-67000,0,1000,-1000,15000,81000,-66000,-481100
03642C,臺股指元大94牛27,0,0,0,0,0,0,0,0,0,-484000,0,0,0,4000,488000,-484000,-484000
052832,益航群益96購01  ,0,0,0,0,0,0,0,0,0,-485000,0,0,0,5000,490000,-485000,-485000
1589,永冠-KY         ,54000,426000,-372000,0,0,0,0,50000,-50000,-63000,0,34000,-34000,3000,32000,-29000,-485000
055448,健策統一97購02  ,0,0,0,0,0,0,0,0,0,-486000,0,0,0,50000,536000,-486000,-486000
053572,彩晶統一96購01  ,0,0,0,0,0,0,0,0,0,-489000,0,0,0,17000,506000,-489000,-489000
03875P,滬深2X國票05售01,0,0,0,0,0,0,0,0,0,-490000,0,0,0,0,490000,-490000,-490000
04589P,祥碩永豐94售01  ,0,0,0,0,0,0,0,0,0,-490000,0,0,0,0,490000,-490000,-490000
045308,泰鼎元大93購02  ,0,0,0,0,0,0,0,0,0,-493000,0,0,0,340000,833000,-493000,-493000
05985P,燿華統一96售03  ,0,0,0,0,0,0,0,0,0,-493000,0,0,0,47000,540000,-493000,-493000
05510P,燿華元富96售01  ,0,0,0,0,0,0,0,0,0,-494000,0,0,0,10000,504000,-494000,-494000
053263,華邦電群益96購03,0,0,0,0,0,0,0,0,0,-495000,0,0,0,0,495000,-495000,-495000
1201,味全            ,128000,622000,-494000,0,0,0,0,0,0,-1000,0,0,0,0,1000,-1000,-495000
05004P,健策統一95售01  ,0,0,0,0,0,0,0,0,0,-497000,0,0,0,2000,499000,-497000,-497000
052000,鈺齊元大95購03  ,0,0,0,0,0,0,0,0,0,-497000,0,0,0,0,497000,-497000,-497000
04287P,A50正2中信96售01,0,0,0,0,0,0,0,0,0,-498000,0,0,0,50000,548000,-498000,-498000
8215,明基材          ,73000,572000,-499000,0,0,0,0,0,0,1000,8000,7000,1000,0,0,0,-498000
04190P,大立光兆豐94售03,0,0,0,0,0,0,0,0,0,-499000,0,0,0,0,499000,-499000,-499000
051168,訊連元大95購02  ,0,0,0,0,0,0,0,0,0,-499000,0,0,0,0,499000,-499000,-499000
03511P,臺股指群益02售16,0,0,0,0,0,0,0,0,0,-500000,0,0,0,0,500000,-500000,-500000
048306,A50反1凱基93購01,0,0,0,0,0,0,0,0,0,-500000,0,0,0,0,500000,-500000,-500000
049620,美食群益94購01  ,0,0,0,0,0,0,0,0,0,-500000,0,0,0,0,500000,-500000,-500000
052782,超眾國票96購02  ,0,0,0,0,0,0,0,0,0,-500000,0,0,0,0,500000,-500000,-500000
3702,大聯大          ,1866083,3166570,-1300487,0,0,0,18000,100000,-82000,880000,97000,17000,80000,800000,0,800000,-502487
054963,牧德元大97購02  ,0,0,0,0,0,0,0,0,0,-504000,0,0,0,324000,828000,-504000,-504000
054123,易華電永豐96購03,0,0,0,0,0,0,0,0,0,-505000,0,0,0,53000,558000,-505000,-505000
042280,元石油富邦96購01,0,0,0,0,0,0,0,0,0,-506000,0,0,0,0,506000,-506000,-506000
052926,旺宏元大98購02  ,0,0,0,0,0,0,0,0,0,-506000,0,0,0,340000,846000,-506000,-506000
8150,南茂            ,1160000,1629997,-469997,0,0,0,0,0,0,-37000,1000,17000,-16000,22000,43000,-21000,-506997
055729,金寶元富99購01  ,0,0,0,0,0,0,0,0,0,-507000,0,0,0,150000,657000,-507000,-507000
3545,敦泰            ,779000,1292392,-513392,0,0,0,0,0,0,6000,9000,3000,6000,0,0,0,-507392
3036,文曄            ,541000,1102000,-561000,0,0,0,12000,0,12000,41000,63000,170000,-107000,148000,0,148000,-508000
054040,中石化元大9C購01,0,0,0,0,0,0,0,0,0,-509000,0,0,0,0,509000,-509000,-509000
03946P,麗豐群益93售02  ,0,0,0,0,0,0,0,0,0,-509000,0,0,0,0,509000,-509000,-509000
2439,美律            ,826000,1217000,-391000,0,0,0,1300,429000,-427700,309000,286000,156000,130000,230000,51000,179000,-509700
04799P,健策元大94售03  ,0,0,0,0,0,0,0,0,0,-510000,0,0,0,0,510000,-510000,-510000
1312,國喬            ,307000,786000,-479000,0,0,0,0,0,0,-32000,0,30000,-30000,7000,9000,-2000,-511000
054884,友達統一99購01  ,0,0,0,0,0,0,0,0,0,-514000,0,0,0,5000,519000,-514000,-514000
2633,台灣高鐵        ,1711318,2154675,-443357,0,0,0,10000,0,10000,-84000,0,4000,-4000,57000,137000,-80000,-517357
044187,泰鼎國泰93購01  ,0,0,0,0,0,0,0,0,0,-518000,0,0,0,3000,521000,-518000,-518000
047286,美律統一93購02  ,0,0,0,0,0,0,0,0,0,-519000,0,0,0,30000,549000,-519000,-519000
047421,聯茂富邦97購01  ,0,0,0,0,0,0,0,0,0,-519000,0,0,0,65000,584000,-519000,-519000
06347P,祥碩元富97售02  ,0,0,0,0,0,0,0,0,0,-521000,0,0,0,15000,536000,-521000,-521000
055395,泰鼎統一97購01  ,2000,0,2000,0,0,0,0,0,0,-525000,0,0,0,72000,597000,-525000,-523000
046173,聯發科永豐92購01,0,0,0,0,0,0,0,0,0,-523000,0,0,0,0,523000,-523000,-523000
05656P,台表科統一96售01,0,0,0,0,0,0,0,0,0,-523000,0,0,0,12000,535000,-523000,-523000
053925,群創國票98購01  ,0,0,0,0,0,0,0,0,0,-524000,0,0,0,5000,529000,-524000,-524000
05015P,臺股指元大95售06,0,0,0,0,0,0,0,0,0,-524000,0,0,0,0,524000,-524000,-524000
2208,台船            ,4000,528000,-524000,0,0,0,0,0,0,0,0,0,0,0,0,0,-524000
2723,美食-KY         ,138000,186000,-48000,0,0,0,0,0,0,-478000,0,475000,-475000,3000,6000,-3000,-526000
054434,友達台新96購03  ,0,0,0,0,0,0,0,0,0,-530000,0,0,0,38000,568000,-530000,-530000
055013,訊連元富97購01  ,0,0,0,0,0,0,0,0,0,-530000,0,0,0,141000,671000,-530000,-530000
05221P,玉晶光元大95售04,0,0,0,0,0,0,0,0,0,-530000,0,0,0,20000,550000,-530000,-530000
046108,A50正2元大95購02,0,0,0,0,0,0,0,0,0,-535000,0,0,0,5000,540000,-535000,-535000
05705P,上証2X永豐96售03,0,0,0,0,0,0,0,0,0,-536000,0,0,0,0,536000,-536000,-536000
047972,康控富邦95購01  ,0,0,0,0,0,0,0,0,0,-539000,0,0,0,20000,559000,-539000,-539000
053034,上海銀兆豐96購01,0,0,0,0,0,0,0,0,0,-540000,0,0,0,114000,654000,-540000,-540000
055863,緯穎元大97購05  ,0,0,0,0,0,0,0,0,0,-542000,0,0,0,124000,666000,-542000,-542000
00730,富邦臺灣優質高息,1000,0,1000,0,0,0,0,0,0,-546000,0,0,0,207000,753000,-546000,-545000
05654P,台光電統一96售01,0,0,0,0,0,0,0,0,0,-547000,0,0,0,1000,548000,-547000,-547000
03557P,欣興元大02售17  ,0,0,0,0,0,0,0,0,0,-549000,0,0,0,80000,629000,-549000,-549000
053992,中環群益96購01  ,0,0,0,0,0,0,0,0,0,-550000,0,0,0,0,550000,-550000,-550000
048305,深100凱基96購01 ,0,0,0,0,0,0,0,0,0,-553000,0,0,0,0,553000,-553000,-553000
051944,智邦統一95購02  ,0,0,0,0,0,0,0,0,0,-554000,0,0,0,161000,715000,-554000,-554000
2393,億光            ,781000,1205000,-424000,0,0,0,0,0,0,-131000,7000,159000,-152000,77000,56000,21000,-555000
047379,元油2X元大96購03,0,0,0,0,0,0,0,0,0,-556000,0,0,0,0,556000,-556000,-556000
1907,永豐餘          ,265000,868000,-603000,0,0,0,21000,0,21000,23000,23000,0,23000,0,0,0,-559000
055362,GIS凱基97購03   ,0,0,0,0,0,0,0,0,0,-561000,0,0,0,0,561000,-561000,-561000
048429,旺宏國票94購02  ,0,0,0,0,0,0,0,0,0,-561000,0,0,0,2000,563000,-561000,-561000
050363,臺指反元大98購04,0,0,0,0,0,0,0,0,0,-566000,0,0,0,80000,646000,-566000,-566000
020000,富邦特選蘋果N   ,0,0,0,0,0,0,0,0,0,-567000,0,0,0,349000,916000,-567000,-567000
048509,上証反凱基99購02,0,0,0,0,0,0,0,0,0,-568000,0,0,0,2000,570000,-568000,-568000
05163P,聯發科統一96售02,0,0,0,0,0,0,0,0,0,-569000,0,0,0,538000,1107000,-569000,-569000
053253,友達國泰97購02  ,0,0,0,0,0,0,0,0,0,-569000,0,0,0,70000,639000,-569000,-569000
052619,茂林國泰99購01  ,0,0,0,0,0,0,0,0,0,-569000,0,0,0,133000,702000,-569000,-569000
06118P,上証2X凱基98售03,0,0,0,0,0,0,0,0,0,-572000,0,0,0,31000,603000,-572000,-572000
05519P,上証2X凱基98售01,0,0,0,0,0,0,0,0,0,-573000,0,0,0,27000,600000,-573000,-573000
2520,冠德            ,479000,513000,-34000,0,0,0,0,509000,-509000,-33000,2000,17000,-15000,11000,29000,-18000,-576000
048295,泰鼎群益93購01  ,0,0,0,0,0,0,0,0,0,-577000,0,0,0,192000,769000,-577000,-577000
04957P,上証2X凱基96售02,0,0,0,0,0,0,0,0,0,-577000,0,0,0,11000,588000,-577000,-577000
04744P,臻鼎元富94售04  ,0,0,0,0,0,0,0,0,0,-580000,0,0,0,0,580000,-580000,-580000
054497,國巨永豐96購05  ,0,0,0,0,0,0,0,0,0,-584000,0,0,0,22000,606000,-584000,-584000
039550,滬深反凱基94購01,0,0,0,0,0,0,0,0,0,-585000,0,0,0,0,585000,-585000,-585000
2352,佳世達          ,1412000,1983000,-571000,0,0,0,10000,0,10000,-26000,2000,33000,-31000,5000,0,5000,-587000
3019,亞光            ,665000,1207000,-542000,0,0,0,300,0,300,-48000,113000,122000,-9000,28000,67000,-39000,-589700
055396,瑞儀統一97購01  ,0,0,0,0,0,0,0,0,0,-597000,0,0,0,6000,603000,-597000,-597000
052814,上証2X永豐96購02,0,0,0,0,0,0,0,0,0,-597000,0,0,0,471000,1068000,-597000,-597000
04341P,美律永豐93售03  ,0,0,0,0,0,0,0,0,0,-598000,0,0,0,0,598000,-598000,-598000
03149P,鴻海群益01售12  ,0,0,0,0,0,0,0,0,0,-600000,0,0,0,5000,605000,-600000,-600000
047440,聯發科元大93購14,0,0,0,0,0,0,0,0,0,-600000,0,0,0,0,600000,-600000,-600000
9945,潤泰新          ,352746,991175,-638429,0,0,0,3000,0,3000,35000,57000,10000,47000,0,12000,-12000,-600429
052755,滬深2X群益9A購01,0,0,0,0,0,0,0,0,0,-602000,0,0,0,0,602000,-602000,-602000
054556,世芯凱基99購01  ,0,0,0,0,0,0,0,0,0,-603000,0,0,0,20000,623000,-603000,-603000
042997,新光鋼元大94購01,0,0,0,0,0,0,0,0,0,-606000,0,0,0,249000,855000,-606000,-606000
048149,泰鼎元富95購01  ,0,0,0,0,0,0,0,0,0,-606000,0,0,0,0,606000,-606000,-606000
8213,志超            ,31000,616000,-585000,0,0,0,0,0,0,-21000,0,23000,-23000,2000,0,2000,-606000
053028,康控富邦98購01  ,0,0,0,0,0,0,0,0,0,-609000,0,0,0,67000,676000,-609000,-609000
2474,可成            ,1702775,2376995,-674220,0,0,0,5000,2000,3000,62000,36000,20000,16000,130000,84000,46000,-609220
04512P,臺股指元大94售07,0,0,0,0,0,0,0,0,0,-610000,0,0,0,175000,785000,-610000,-610000
05173P,臺股指元大95售17,0,0,0,0,0,0,0,0,0,-612000,0,0,0,10000,622000,-612000,-612000
06295P,國巨元大97售14  ,0,0,0,0,0,0,0,0,0,-615000,0,0,0,0,615000,-615000,-615000
047285,鴻海統一95購02  ,0,0,0,0,0,0,0,0,0,-619000,0,0,0,419000,1038000,-619000,-619000
048154,旺宏兆豐94購01  ,0,0,0,0,0,0,0,0,0,-621000,0,0,0,95000,716000,-621000,-621000
04023P,臺股指元富99售02,0,0,0,0,0,0,0,0,0,-626000,0,0,0,199000,825000,-626000,-626000
8081,致新            ,278000,621000,-343000,0,0,0,5000,272000,-267000,-19000,23000,15000,8000,17000,44000,-27000,-629000
054282,泰鼎群益98購02  ,0,0,0,0,0,0,0,0,0,-631000,0,0,0,365000,996000,-631000,-631000
03189P,玉晶光元大03售05,0,0,0,0,0,0,0,0,0,-636000,0,0,0,0,636000,-636000,-636000
05431P,台光電統一97售01,0,0,0,0,0,0,0,0,0,-646000,0,0,0,2000,648000,-646000,-646000
050360,T50反1元大94購06,0,0,0,0,0,0,0,0,0,-649000,0,0,0,0,649000,-649000,-649000
8464,億豐            ,440000,1159370,-719370,0,0,0,74000,0,74000,-4000,3000,7000,-4000,0,0,0,-649370
05551P,電子類元大96售01,0,0,0,0,0,0,0,0,0,-650000,0,0,0,13000,663000,-650000,-650000
052733,台郡國泰97購01  ,0,0,0,0,0,0,0,0,0,-650000,0,0,0,355000,1005000,-650000,-650000
052292,緯穎元富95購02  ,0,0,0,0,0,0,0,0,0,-653000,0,0,0,23000,676000,-653000,-653000
3045,台灣大          ,2358000,3344955,-986955,0,0,0,247000,16000,231000,102000,111000,17000,94000,8000,0,8000,-653955
04886P,臺股指凱基94售20,0,0,0,0,0,0,0,0,0,-658000,0,0,0,419000,1077000,-658000,-658000
2634,漢翔            ,1283000,1932000,-649000,0,0,0,2000,0,2000,-18000,0,18000,-18000,0,0,0,-665000
3665,貿聯-KY         ,342000,941672,-599672,0,0,0,1000,0,1000,-67000,20000,68000,-48000,11000,30000,-19000,-665672
044269,群創中信95購01  ,0,0,0,0,0,0,0,0,0,-669000,0,0,0,285000,954000,-669000,-669000
054114,新光金台新97購01,0,0,0,0,0,0,0,0,0,-672000,0,0,0,130000,802000,-672000,-672000
8046,南電            ,1091000,1140000,-49000,0,0,0,50000,325000,-275000,-350000,28000,320000,-292000,13000,71000,-58000,-674000
2369,菱生            ,124000,797000,-673000,0,0,0,0,0,0,-1000,1000,2000,-1000,0,0,0,-674000
2401,凌陽            ,253000,931000,-678000,0,0,0,0,0,0,3000,30000,48000,-18000,23000,2000,21000,-675000
05901P,臺股指凱基9C售01,0,0,0,0,0,0,0,0,0,-678000,0,0,0,80000,758000,-678000,-678000
06125P,楠梓電元富99售01,0,0,0,0,0,0,0,0,0,-683000,0,0,0,53000,736000,-683000,-683000
049212,T50反1國票94購04,0,0,0,0,0,0,0,0,0,-689000,0,0,0,110000,799000,-689000,-689000
2915,潤泰全          ,437000,1510835,-1073835,0,0,0,0,0,0,384000,0,9000,-9000,430000,37000,393000,-689835
6278,台表科          ,1643000,1516434,126566,0,0,0,0,558000,-558000,-260000,3000,173000,-170000,2000,92000,-90000,-691434
055002,群創元富99購04  ,0,0,0,0,0,0,0,0,0,-692000,0,0,0,40000,732000,-692000,-692000
04655P,臺股指凱基94售14,0,0,0,0,0,0,0,0,0,-698000,0,0,0,242000,940000,-698000,-698000
047357,欣興麥證93購01  ,0,0,0,0,701000,-701000,0,0,0,-701000,0,0,0,0,701000,-701000,-701000
00693U,街口S&P黃豆     ,0,0,0,0,0,0,0,0,0,-710000,0,0,0,0,710000,-710000,-710000
050331,鈺齊永豐94購02  ,0,0,0,0,0,0,0,0,0,-714000,0,0,0,0,714000,-714000,-714000
055798,聯茂富邦98購01  ,0,0,0,0,0,0,0,0,0,-717000,0,0,0,65000,782000,-717000,-717000
05780P,台積電統一96售07,0,0,0,0,0,0,0,0,0,-733000,0,0,0,119000,852000,-733000,-733000
04272P,元上證凱基94售01,0,0,0,0,0,0,0,0,0,-742000,0,0,0,30000,772000,-742000,-742000
045522,滬深2X永豐94購01,0,0,0,0,0,0,0,0,0,-750000,0,0,0,0,750000,-750000,-750000
048131,全新國票94購02  ,0,0,0,0,0,0,0,0,0,-752000,0,0,0,0,752000,-752000,-752000
1434,福懋            ,550000,1308880,-758880,0,0,0,7000,3000,4000,-3000,0,3000,-3000,0,0,0,-757880
04854P,鴻海國泰96售04  ,0,0,0,0,0,0,0,0,0,-758000,0,0,0,30000,788000,-758000,-758000
03296P,台積電統一02售13,0,0,0,0,0,0,0,0,0,-760000,0,0,0,1000,761000,-760000,-760000
8163,達方            ,258000,998000,-740000,0,0,0,1000,0,1000,-22000,10000,18000,-8000,3000,17000,-14000,-761000
052721,友達統一96購01  ,0,0,0,0,0,0,0,0,0,-762000,0,0,0,0,762000,-762000,-762000
050361,T50反1元大94購07,0,0,0,0,0,0,0,0,0,-765000,0,0,0,0,765000,-765000,-765000
05433P,智原元富95售02  ,0,0,0,0,0,0,0,0,0,-766000,0,0,0,16000,782000,-766000,-766000
03413B,臺股指凱基94熊19,400000,0,400000,0,0,0,0,0,0,-1166000,0,0,0,270000,1436000,-1166000,-766000
2201,裕隆            ,73000,840000,-767000,0,0,0,0,0,0,-2000,3000,2000,1000,0,3000,-3000,-769000
04080P,可成元大93售11  ,0,0,0,0,0,0,0,0,0,-779000,0,0,0,100000,879000,-779000,-779000
04327P,台積電國泰95售01,0,0,0,0,0,0,0,0,0,-791000,0,0,0,20000,811000,-791000,-791000
05439P,聯發科國票95售06,0,0,0,0,0,0,0,0,0,-795000,0,0,0,3000,798000,-795000,-795000
00638R,元大滬深300反1  ,0,0,0,0,0,0,0,0,0,-795000,95000,0,95000,0,890000,-890000,-795000
053919,可成國票97購02  ,0,0,0,0,0,0,0,0,0,-803000,0,0,0,4000,807000,-803000,-803000
046574,泰鼎國泰94購01  ,0,0,0,0,0,0,0,0,0,-808000,0,0,0,21000,829000,-808000,-808000
053856,台積電富邦98購01,0,0,0,0,0,0,0,0,0,-822000,0,0,0,0,822000,-822000,-822000
08795P,聯發科凱基01售11,0,0,0,0,0,0,0,0,0,-826000,0,0,0,4000,830000,-826000,-826000
050491,旺宏國泰96購01  ,0,0,0,0,0,0,0,0,0,-830000,0,0,0,151000,981000,-830000,-830000
044464,滬深2X群益95購01,0,0,0,0,0,0,0,0,0,-833000,0,0,0,300000,1133000,-833000,-833000
048807,崇越中信94購01  ,0,0,0,0,0,0,0,0,0,-836000,0,0,0,48000,884000,-836000,-836000
04700P,臺股指元富94售06,0,0,0,0,0,0,0,0,0,-837000,0,0,0,0,837000,-837000,-837000
9938,百和            ,496000,992000,-496000,0,0,0,0,253000,-253000,-88000,0,77000,-77000,6000,17000,-11000,-837000
05450P,臺股指元大95售27,0,0,0,0,0,0,0,0,0,-838000,0,0,0,30000,868000,-838000,-838000
03314P,台積電元大02售16,0,0,0,0,0,0,0,0,0,-849000,0,0,0,1750000,2599000,-849000,-849000
050400,臻鼎中信97購01  ,0,0,0,0,0,0,0,0,0,-850000,0,0,0,0,850000,-850000,-850000
2329,華泰            ,647000,1388000,-741000,0,0,0,0,0,0,-115000,0,13000,-13000,148000,250000,-102000,-856000
05717P,鴻海元大97售07  ,0,0,0,0,0,0,0,0,0,-857000,0,0,0,151000,1008000,-857000,-857000
6558,興能高          ,314000,1111000,-797000,0,0,0,0,60000,-60000,0,0,0,0,0,0,0,-857000
04786P,鴻海永昌96售01  ,0,0,0,0,0,0,0,0,0,-863000,0,0,0,234000,1097000,-863000,-863000
049406,T50反1日盛97購01,0,0,0,0,0,0,0,0,0,-864000,0,0,0,0,864000,-864000,-864000
1305,華夏            ,20000,733000,-713000,0,0,0,0,0,0,-159000,0,139000,-139000,0,20000,-20000,-872000
3704,合勤控          ,423000,1285000,-862000,0,0,0,0,0,0,-29000,7000,6000,1000,0,30000,-30000,-891000
3661,世芯-KY         ,638000,1147500,-509500,0,0,0,0,74000,-74000,-310000,18000,327000,-309000,2000,3000,-1000,-893500
051732,華通國票97購01  ,0,0,0,0,0,0,0,0,0,-895000,0,0,0,283000,1178000,-895000,-895000
04702P,臺股指元富94售08,0,0,0,0,0,0,0,0,0,-919000,0,0,0,0,919000,-919000,-919000
1304,台聚            ,212000,178000,34000,0,0,0,0,654000,-654000,-303000,0,303000,-303000,0,0,0,-923000
047325,材料元大93購01  ,0,0,0,0,0,0,0,0,0,-924000,0,0,0,8000,932000,-924000,-924000
3017,奇鋐            ,1025000,1773000,-748000,0,0,0,50000,0,50000,-247000,0,68000,-68000,4000,183000,-179000,-945000
1514,亞力            ,268000,1217000,-949000,0,0,0,0,0,0,-1000,0,1000,-1000,0,0,0,-950000
2379,瑞昱            ,1012933,1991812,-978879,0,0,0,97000,83000,14000,6000,8000,30000,-22000,39000,11000,28000,-958879
2387,精元            ,105000,1048000,-943000,0,0,0,0,0,0,-23000,5000,2000,3000,0,26000,-26000,-966000
2478,大毅            ,582000,1702250,-1120250,0,0,0,0,0,0,153000,0,0,0,185000,32000,153000,-967250
3576,聯合再生        ,206000,1175000,-969000,0,0,0,0,0,0,-8000,0,8000,-8000,0,0,0,-977000
053363,旺宏國泰98購02  ,0,0,0,0,0,0,0,0,0,-984000,0,0,0,41000,1025000,-984000,-984000
052044,華通凱基97購01  ,0,0,0,0,0,0,0,0,0,-991000,0,0,0,8000,999000,-991000,-991000
3049,和鑫            ,793000,1721000,-928000,0,0,0,0,0,0,-67000,0,29000,-29000,29000,67000,-38000,-995000
054730,上証2X凱基98購02,0,0,0,0,0,0,0,0,0,-998000,0,0,0,0,998000,-998000,-998000
050835,GIS凱基96購01   ,0,0,0,0,0,0,0,0,0,-998000,0,0,0,0,998000,-998000,-998000
053244,光磊國票97購01  ,0,0,0,0,0,0,0,0,0,-998000,0,0,0,0,998000,-998000,-998000
04248P,臺股指永豐93售03,0,0,0,0,0,0,0,0,0,-999000,0,0,0,0,999000,-999000,-999000
00664R,國泰臺灣加權反1 ,0,0,0,0,0,0,0,0,0,-1003000,0,0,0,1851000,2854000,-1003000,-1003000
045873,元油2X元富98購04,10000,0,10000,0,0,0,0,0,0,-1019000,0,0,0,67000,1086000,-1019000,-1009000
006208,富邦台50        ,5000,0,5000,0,0,0,0,0,0,-1018000,0,0,0,852000,1870000,-1018000,-1013000
053167,欣興群益96購03  ,0,0,0,0,0,0,0,0,0,-1017000,0,0,0,10000,1027000,-1017000,-1017000
2308,台達電          ,3870392,4544231,-673839,0,0,0,11000,439000,-428000,77000,44000,3000,41000,66000,30000,36000,-1024839
2340,光磊            ,242000,1479000,-1237000,0,0,0,0,0,0,212000,32000,2000,30000,198000,16000,182000,-1025000
2809,京城銀          ,157000,1189000,-1032000,0,0,0,3000,0,3000,0,0,0,0,0,0,0,-1029000
05316P,台積電永昌96售06,0,0,0,0,0,0,0,0,0,-1045000,0,0,0,329000,1374000,-1045000,-1045000
04051P,友達中信94售02  ,0,0,0,0,0,0,0,0,0,-1049000,0,0,0,0,1049000,-1049000,-1049000
1216,統一            ,8232809,9182185,-949376,0,0,0,37000,215000,-178000,75000,128000,62000,66000,38000,29000,9000,-1052376
050875,訊芯永豐95購01  ,0,0,0,0,0,0,0,0,0,-1054000,0,0,0,24000,1078000,-1054000,-1054000
04215P,鴻海國票93售02  ,0,0,0,0,0,0,0,0,0,-1059000,0,0,0,10000,1069000,-1059000,-1059000
056051,T50反1元大97購05,0,0,0,0,0,0,0,0,0,-1059000,0,0,0,0,1059000,-1059000,-1059000
04227P,滬深2X永豐94售04,0,0,0,0,0,0,0,0,0,-1092000,0,0,0,0,1092000,-1092000,-1092000
047422,滬深2X兆豐94購02,0,0,0,0,0,0,0,0,0,-1100000,0,0,0,0,1100000,-1100000,-1100000
044974,鴻海國票94購01  ,0,0,0,0,0,0,0,0,0,-1101000,0,0,0,0,1101000,-1101000,-1101000
2615,萬海            ,155000,1108746,-953746,0,0,0,8000,150000,-142000,-20000,0,20000,-20000,0,0,0,-1115746
053887,聯茂兆豐97購02  ,0,0,0,0,0,0,0,0,0,-1135000,0,0,0,95000,1230000,-1135000,-1135000
3706,神達            ,288000,1183000,-895000,0,0,0,3000,0,3000,-255000,15000,227000,-212000,2000,45000,-43000,-1147000
2845,遠東銀          ,252000,1425000,-1173000,0,0,0,12000,0,12000,0,0,0,0,0,0,0,-1161000
2498,宏達電          ,360000,1440000,-1080000,0,0,0,0,0,0,-82000,79000,63000,16000,11000,109000,-98000,-1162000
08164P,滬深2X中信95售04,0,0,0,0,0,0,0,0,0,-1168000,0,0,0,0,1168000,-1168000,-1168000
03520P,臺股指國票02售09,0,0,0,0,0,0,0,0,0,-1194000,0,0,0,0,1194000,-1194000,-1194000
03576P,台灣50元富06售01,0,0,0,0,0,0,0,0,0,-1195000,0,0,0,25000,1220000,-1195000,-1195000
048690,美律群益94購01  ,0,0,0,0,0,0,0,0,0,-1195000,0,0,0,10000,1205000,-1195000,-1195000
050172,臺指反元大98購02,0,0,0,0,0,0,0,0,0,-1195000,0,0,0,22000,1217000,-1195000,-1195000
048381,T50反1國票94購03,0,0,0,0,0,0,0,0,0,-1198000,0,0,0,4000,1202000,-1198000,-1198000
051530,鴻海國票97購01  ,0,0,0,0,0,0,0,0,0,-1207000,0,0,0,40000,1247000,-1207000,-1207000
2324,仁寶            ,4468000,7057920,-2589920,0,0,0,42000,61000,-19000,1400000,26000,42000,-16000,1416000,0,1416000,-1208920
5469,瀚宇博          ,1725000,2351000,-626000,0,0,0,0,0,0,-585000,1000,4000,-3000,59000,641000,-582000,-1211000
052150,台積電富邦95購07,15000,0,15000,0,0,0,0,0,0,-1237000,0,0,0,1199000,2436000,-1237000,-1222000
045658,儒鴻國泰93購01  ,0,0,0,0,0,0,0,0,0,-1235000,0,0,0,0,1235000,-1235000,-1235000
6257,矽格            ,526000,1630000,-1104000,0,0,0,0,36238,-36238,-101000,80000,170000,-90000,4000,15000,-11000,-1241238
6213,聯茂            ,822000,1281416,-459416,0,0,0,778000,1000000,-222000,-563000,223000,859000,-636000,219000,146000,73000,-1244416
3042,晶技            ,623000,1615000,-992000,0,0,0,0,0,0,-272000,2000,264000,-262000,41000,51000,-10000,-1264000
4904,遠傳            ,2407000,3593785,-1186785,0,0,0,11000,133000,-122000,-2000,10000,20000,-10000,8000,0,8000,-1310785
4142,國光生          ,1361000,2853000,-1492000,0,0,0,0,0,0,151000,324000,195000,129000,22000,0,22000,-1341000
2605,新興            ,450000,546000,-96000,0,0,0,0,850000,-850000,-403000,0,403000,-403000,0,0,0,-1349000
2316,楠梓電          ,252000,1549000,-1297000,0,0,0,0,0,0,-69000,2000,2000,0,19000,88000,-69000,-1366000
2014,中鴻            ,261000,1411000,-1150000,0,0,0,0,0,0,-228000,17000,245000,-228000,0,0,0,-1378000
053587,京元電元大98購01,0,0,0,0,0,0,0,0,0,-1382000,0,0,0,5000,1387000,-1382000,-1382000
5871,中租-KY         ,4121000,4961845,-840845,0,0,0,6000,546970,-540970,-15000,32000,53000,-21000,6000,0,6000,-1396815
055417,健策富邦98購02  ,0,0,0,0,0,0,0,0,0,-1404000,0,0,0,0,1404000,-1404000,-1404000
07866P,上証2X國票97售01,0,0,0,0,0,0,0,0,0,-1427000,0,0,0,60000,1487000,-1427000,-1427000
051750,華通富邦96購01  ,0,0,0,0,0,0,0,0,0,-1430000,0,0,0,0,1430000,-1430000,-1430000
2371,大同            ,2721000,4269575,-1548575,0,0,0,0,0,0,82000,229000,147000,82000,0,0,0,-1466575
2886,兆豐金          ,11757886,15760509,-4002623,0,0,0,1686000,43000,1643000,869000,21000,0,21000,856000,8000,848000,-1490623
2105,正新            ,1568000,3078615,-1510615,0,0,0,3000,0,3000,14000,7000,1000,6000,8000,0,8000,-1493615
044291,群創凱基93購06  ,0,0,0,0,0,0,0,0,0,-1502000,0,0,0,0,1502000,-1502000,-1502000
2542,興富發          ,1119648,2695920,-1576272,0,0,0,0,0,0,56000,109000,53000,56000,0,0,0,-1520272
00656R,國泰中國A50反1  ,0,0,0,0,0,0,0,0,0,-1549000,0,0,0,46000,1595000,-1549000,-1549000
045517,元油2X元富98購01,0,0,0,0,0,0,0,0,0,-1564000,0,0,0,2000,1566000,-1564000,-1564000
03412P,滬深2X群益98售01,0,0,0,0,0,0,0,0,0,-1565000,0,0,0,0,1565000,-1565000,-1565000
08602P,台灣50凱基96售04,0,0,0,0,0,0,0,0,0,-1583000,0,0,0,0,1583000,-1583000,-1583000
1504,東元            ,4434000,5838000,-1404000,0,0,0,9000,0,9000,-205000,2000,150000,-148000,20000,77000,-57000,-1600000
055610,光磊國票98購01  ,0,0,0,0,0,0,0,0,0,-1674000,0,0,0,10000,1684000,-1674000,-1674000
2456,奇力新          ,1984000,2803788,-819788,0,0,0,141000,292000,-151000,-719000,54000,734000,-680000,36000,75000,-39000,-1689788
052986,聯發科元大97購05,20000,0,20000,0,0,0,0,0,0,-1716000,0,0,0,863000,2579000,-1716000,-1696000
1303,南亞            ,3621235,5215976,-1594741,0,0,0,46000,203000,-157000,37000,16000,6000,10000,27000,0,27000,-1714741
2454,聯發科          ,4646111,5587184,-941073,0,0,0,7000,149000,-142000,-669000,10000,469000,-459000,43000,253000,-210000,-1752073
2867,三商壽          ,806000,2596000,-1790000,0,0,0,0,0,0,0,0,0,0,0,0,0,-1790000
1310,台苯            ,105000,1898000,-1793000,0,0,0,0,0,0,-2000,0,2000,-2000,0,0,0,-1795000
6239,力成            ,2776000,4395755,-1619755,0,0,0,31000,0,31000,-245000,35000,273000,-238000,11000,18000,-7000,-1833755
051173,元油2X凱基98購01,0,0,0,0,0,0,0,0,0,-1983000,0,0,0,10000,1993000,-1983000,-1983000
6269,台郡            ,1790000,1798000,-8000,0,0,0,0,323000,-323000,-1702000,149000,1884000,-1735000,87000,54000,33000,-2033000
055166,台積電統一97購05,0,0,0,0,0,0,0,0,0,-2054000,0,0,0,1581000,3635000,-2054000,-2054000
6505,台塑化          ,971091,2987925,-2016834,0,0,0,36000,85000,-49000,-32000,0,38000,-38000,6000,0,6000,-2097834
050169,臺指反元大97購01,0,0,0,0,0,0,0,0,0,-2100000,0,0,0,0,2100000,-2100000,-2100000
2812,台中銀          ,2882000,5085100,-2203100,0,0,0,0,0,0,-17000,0,17000,-17000,0,0,0,-2220100
1402,遠東新          ,4003809,6206605,-2202796,0,0,0,25000,146000,-121000,93000,74000,5000,69000,30000,6000,24000,-2230796
1326,台化            ,2313433,4739866,-2426433,0,0,0,40000,131000,-91000,249000,0,10000,-10000,263000,4000,259000,-2268433
2313,華通            ,5496000,5015000,481000,0,0,0,33000,659000,-626000,-2141000,332000,2425000,-2093000,486000,534000,-48000,-2286000
051133,台積電永豐95購02,0,0,0,0,0,0,0,0,0,-2335000,0,0,0,3097000,5432000,-2335000,-2335000
3682,亞太電          ,2100619,4478000,-2377381,0,0,0,0,0,0,0,1000,1000,0,0,0,0,-2377381
4958,臻鼎-KY         ,3327795,4269296,-941501,0,0,0,329000,1498000,-1169000,-319000,19000,290000,-271000,15000,63000,-48000,-2429501
3035,智原            ,666000,883000,-217000,0,0,0,0,1817000,-1817000,-438000,33000,197000,-164000,9000,283000,-274000,-2472000
3711,日月光投控      ,4907772,7964963,-3057191,0,0,0,83000,150000,-67000,596000,66000,74000,-8000,736000,132000,604000,-2528191
2382,廣達            ,3930191,7229718,-3299527,0,0,0,54000,0,54000,573000,220000,112000,108000,485000,20000,465000,-2672527
00850,元大臺灣ESG永續 ,14000,0,14000,0,0,0,0,0,0,-2915000,0,0,0,245000,3160000,-2915000,-2901000
048628,T50反1元大96購03,0,0,0,0,0,0,0,0,0,-3141000,0,0,0,400000,3541000,-3141000,-3141000
1301,台塑            ,2626665,5650956,-3024291,0,0,0,30000,55000,-25000,-118000,0,134000,-134000,23000,7000,16000,-3167291
2002,中鋼            ,7911249,11292632,-3381383,0,0,0,63000,0,63000,87000,39000,19000,20000,67000,0,67000,-3231383
2458,義隆            ,508000,3744600,-3236600,0,0,0,1000,1000,0,-91000,42000,24000,18000,6000,115000,-109000,-3327600
055144,T50反1元大97購03,0,0,0,0,0,0,0,0,0,-3356000,0,0,0,60000,3416000,-3356000,-3356000
2383,台光電          ,2086000,3602000,-1516000,0,0,0,1000,1088000,-1087000,-765000,777000,1321000,-544000,31000,252000,-221000,-3368000
1101,台泥            ,9953000,14372803,-4419803,0,0,0,160000,0,160000,774000,150000,139000,11000,849000,86000,763000,-3485803
2823,中壽            ,6134476,9823310,-3688834,0,0,0,17000,0,17000,11000,8000,10000,-2000,13000,0,13000,-3660834
2881,富邦金          ,6822504,10608922,-3786418,0,0,0,46000,40000,6000,-34000,77000,0,77000,43000,154000,-111000,-3814418
9904,寶成            ,3556000,7629245,-4073245,0,0,0,18000,89000,-71000,133000,174000,8000,166000,12000,45000,-33000,-4011245
6251,定穎            ,1083000,2039000,-956000,0,0,0,0,2115000,-2115000,-992000,246000,1238000,-992000,0,0,0,-4063000
2880,華南金          ,4373551,8528162,-4154611,0,0,0,48000,0,48000,43000,0,0,0,43000,0,43000,-4063611
041900,元油2X富邦96購01,0,0,0,0,0,0,0,0,0,-4249000,0,0,0,30000,4279000,-4249000,-4249000
5876,上海商銀        ,3778000,8771774,-4993774,0,0,0,0,0,0,506000,309000,192000,117000,508000,119000,389000,-4487774
2449,京元電子        ,4151000,8586000,-4435000,0,0,0,0,261000,-261000,97000,10000,317000,-307000,590000,186000,404000,-4599000
053564,台積電富邦99購01,20000,0,20000,0,0,0,0,0,0,-4725000,0,0,0,63000,4788000,-4725000,-4705000
2892,第一金          ,7283204,12613474,-5330270,0,0,0,137000,0,137000,438000,391000,0,391000,47000,0,47000,-4755270
020012,富邦行動通訊N   ,0,0,0,0,0,0,0,0,0,-4774000,0,0,0,227000,5001000,-4774000,-4774000
2801,彰銀            ,4228551,9110025,-4881474,0,0,0,38000,0,38000,26000,0,0,0,30000,4000,26000,-4817474
2408,南亞科          ,3429000,8823900,-5394900,0,0,0,257000,179000,78000,188000,216000,428000,-212000,539000,139000,400000,-5128900
08218P,滬深2X凱基96售01,0,0,0,0,0,0,0,0,0,-5138000,0,0,0,11000,5149000,-5138000,-5138000
3481,群創            ,75315366,82357121,-7041755,0,0,0,4094000,105000,3989000,-2389000,2812000,9076000,-6264000,6265000,2390000,3875000,-5441755
2618,長榮航          ,2977000,8500615,-5523615,0,0,0,18000,9794,8206,-313000,483000,796000,-313000,0,0,0,-5828409
6116,彩晶            ,5773000,11707000,-5934000,0,0,0,0,0,0,-608000,6000,239000,-233000,335000,710000,-375000,-6542000
1102,亞泥            ,4870111,12160235,-7290124,0,0,0,15000,0,15000,573000,131000,223000,-92000,714000,49000,665000,-6702124
2412,中華電          ,2608000,8545864,-5937864,0,0,0,28000,17000,11000,-971000,0,1014000,-1014000,43000,0,43000,-6897864
5880,合庫金          ,5027576,12231707,-7204131,0,0,0,50000,0,50000,45000,0,0,0,45000,0,45000,-7109131
00692,富邦公司治理    ,15000,0,15000,0,0,0,0,0,0,-7230000,0,0,0,1510000,8740000,-7230000,-7215000
2888,新光金          ,14073291,22449054,-8375763,0,0,0,53000,0,53000,1083000,84000,378000,-294000,1451000,74000,1377000,-7239763
2610,華航            ,2696000,10107025,-7411025,0,0,0,20000,1000,19000,20000,10000,21000,-11000,31000,0,31000,-7372025
2834,臺企銀          ,4645000,12599670,-7954670,0,0,0,25000,0,25000,28000,0,0,0,30000,2000,28000,-7901670
2303,聯電            ,41119000,49986321,-8867321,0,0,0,1049000,754000,295000,228000,488000,441000,47000,187000,6000,181000,-8344321
2885,元大金          ,11204599,20553562,-9348963,0,0,0,57000,0,57000,928751,634000,0,634000,295000,249,294751,-8363212
2448,晶電            ,4993000,11408000,-6415000,0,0,0,38000,2781000,-2743000,782000,1058000,276000,782000,0,0,0,-8376000
00634R,富邦上証反1     ,6000,7143000,-7137000,0,0,0,0,0,0,-1316000,0,0,0,15000,1331000,-1316000,-8453000
2887,台新金          ,7590801,16098575,-8507774,0,0,0,45000,0,45000,-101000,0,150000,-150000,49000,0,49000,-8563774
2603,長榮            ,3550000,10418625,-6868625,0,0,0,17000,1500000,-1483000,-590000,0,595000,-595000,5000,0,5000,-8941625
2882,國泰金          ,5652287,15192036,-9539749,0,0,0,189000,0,189000,14000,92000,62000,30000,79000,95000,-16000,-9336749
2890,永豐金          ,9830000,19542375,-9712375,0,0,0,48000,0,48000,-36000,0,0,0,50000,86000,-36000,-9700375
2883,開發金          ,10625000,20948354,-10323354,0,0,0,63000,0,63000,31000,9000,10000,-1000,66000,34000,32000,-10229354
2884,玉山金          ,15944348,27899319,-11954971,0,0,0,49000,48000,1000,1397000,909000,0,909000,565000,77000,488000,-10556971
3037,欣興            ,5011000,11127000,-6116000,0,0,0,2000,2652000,-2650000,-2883000,550000,3096000,-2546000,257000,594000,-337000,-11649000
00701,國泰股利精選30  ,33000,403000,-370000,0,0,0,0,0,0,-11512474,0,0,0,808000,12320474,-11512474,-11882474
1314,中石化          ,4681000,16915000,-12234000,0,0,0,10000,0,10000,-236000,161000,356000,-195000,58000,99000,-41000,-12460000
2317,鴻海            ,26550642,36014376,-9463734,0,0,0,17000,1943000,-1926000,-2141000,114000,84000,30000,862000,3033000,-2171000,-13530734
2344,華邦電          ,7671644,18174755,-10503111,0,0,0,11000,2848000,-2837000,-543000,348000,818000,-470000,880000,953000,-73000,-13883111
2330,台積電          ,29993800,46238782,-16244982,0,0,0,248000,324000,-76000,-402000,172000,1249000,-1077000,1284000,609000,675000,-16722982
0050,元大台灣50      ,35000,15434000,-15399000,0,0,0,0,16000,-16000,-3132000,253000,3219000,-2966000,714000,880000,-166000,-18547000
2891,中信金          ,16192978,39524019,-23331041,0,0,0,406000,81000,325000,348000,261000,0,261000,87000,0,87000,-22658041
00642U,元大S&P石油     ,32000,4640000,-4608000,0,0,0,0,0,0,-19857000,170000,0,170000,810000,20837000,-20027000,-24465000
0056,元大高股息      ,30000,0,30000,0,0,0,131000,1478000,-1347000,-30004000,0,0,0,0,30004000,-30004000,-31321000
00677U,富邦VIX         ,550000,46466000,-45916000,0,0,0,0,0,0,-7324000,2500000,0,2500000,512000,10336000,-9824000,-53240000
00672L,元大S&P原油正2  ,1000,35497000,-35496000,0,0,0,0,0,0,-193194000,0,0,0,1771000,194965000,-193194000,-228690000
