證券代號,證券名稱,外陸資買進股數(不含外資自營商),外陸資賣出股數(不含外資自營商),外陸資買賣超股數(不含外資自營商),外資自營商買進股數,外資自營商賣出股數,外資自營商買賣超股數,投信買進股數,投信賣出股數,投信買賣超股數,自營商買賣超股數,自營商買進股數(自行買賣),自營商賣出股數(自行買賣),自營商買賣超股數(自行買賣),自營商買進股數(避險),自營商賣出股數(避險),自營商買賣超股數(避險),三大法人買賣超股數
3481,群創            ,74654000,33588000,41066000,0,0,0,17765000,0,17765000,20811000,7547000,536000,7011000,20535000,6735000,13800000,79642000
2337,旺宏            ,26803000,7075000,19728000,0,0,0,1821000,0,1821000,250000,975000,810000,165000,697000,612000,85000,21799000
00672L,元大S&P原油正2  ,8377000,16250000,-7873000,0,0,0,0,0,0,14185000,710000,475000,235000,43968000,30018000,13950000,6312000
2368,金像電          ,5925000,1501000,4424000,0,0,0,0,0,0,455000,930000,475000,455000,0,0,0,4879000
2408,南亞科          ,12409000,9029000,3380000,0,0,0,985000,0,985000,360000,359000,185000,174000,322000,136000,186000,4725000
054268,健策第一96購01  ,0,0,0,0,0,0,0,0,0,3961000,0,0,0,4464000,503000,3961000,3961000
053186,健策中信9C購01  ,0,0,0,0,0,0,0,0,0,3894000,0,0,0,3954000,60000,3894000,3894000
2448,晶電            ,5200000,1763000,3437000,0,0,0,3000,0,3000,371000,574000,203000,371000,0,0,0,3811000
2886,兆豐金          ,10839000,7695000,3144000,0,0,0,210000,8000,202000,156000,0,64000,-64000,223000,3000,220000,3502000
03662P,聯發科兆豐92售03,0,0,0,0,0,0,0,0,0,3270000,0,0,0,3270000,0,3270000,3270000
00738U,元大道瓊白銀    ,1988000,0,1988000,0,0,0,0,0,0,974000,0,50000,-50000,1940000,916000,1024000,2962000
03648C,T50反1元大96牛07,0,0,0,0,0,0,0,0,0,2890000,0,0,0,2890000,0,2890000,2890000
3034,聯詠            ,4543054,1802072,2740982,0,0,0,289000,10000,279000,-163000,76000,204000,-128000,120000,155000,-35000,2856982
00861,元大全球未來通訊,2000,65000,-63000,0,0,0,0,0,0,2532000,35000,0,35000,5112000,2615000,2497000,2469000
054074,健策富邦98購01  ,0,0,0,0,0,0,0,0,0,2466000,0,0,0,2541000,75000,2466000,2466000
046173,聯發科永豐92購01,0,0,0,0,0,0,0,0,0,2377000,0,0,0,4262000,1885000,2377000,2377000
1102,亞泥            ,5079600,3086000,1993600,0,0,0,0,0,0,176000,52000,30000,22000,257000,103000,154000,2169600
051488,健策凱基96購04  ,0,0,0,0,0,0,0,0,0,2041000,0,0,0,2316000,275000,2041000,2041000
2382,廣達            ,3930000,2026854,1903146,0,0,0,63000,0,63000,37000,26000,55000,-29000,115000,49000,66000,2003146
08582P,臺股指元大9C售30,0,0,0,0,0,0,0,0,0,2000000,0,0,0,2000000,0,2000000,2000000
1909,榮成            ,3230037,1243000,1987037,0,0,0,0,0,0,-82000,10000,92000,-82000,0,0,0,1905037
051773,元大金中信95購02,3000,0,3000,0,0,0,0,0,0,1786000,0,0,0,1789000,3000,1786000,1789000
04571P,華新科國泰95售03,0,0,0,0,0,0,0,0,0,1770000,0,0,0,1994000,224000,1770000,1770000
04512P,臺股指元大94售07,0,0,0,0,0,0,0,0,0,1758000,0,0,0,2070000,312000,1758000,1758000
1536,和大            ,656000,781000,-125000,0,0,0,1683000,2000,1681000,183000,245000,107000,138000,216000,171000,45000,1739000
051133,台積電永豐95購02,0,0,0,0,0,0,0,0,0,1734000,0,0,0,3907000,2173000,1734000,1734000
05305P,華新科國泰97售01,0,0,0,0,0,0,0,0,0,1719000,0,0,0,1844000,125000,1719000,1719000
047282,啟碁永豐93購01  ,0,0,0,0,0,0,0,0,0,1701000,0,0,0,1701000,0,1701000,1701000
00708L,元大S&P黃金正2  ,6000,177000,-171000,0,0,0,0,0,0,1806000,0,480000,-480000,7947000,5661000,2286000,1635000
2327,國巨            ,6888671,5113128,1775543,0,0,0,537000,564000,-27000,-164000,254000,450000,-196000,253000,221000,32000,1584543
2409,友達            ,28161000,34609000,-6448000,0,0,0,2328000,1000000,1328000,6677000,4725000,59000,4666000,2869000,858000,2011000,1557000
8996,高力            ,1862000,421000,1441000,0,0,0,0,0,0,111000,145000,34000,111000,0,0,0,1552000
2492,華新科          ,5423870,4726000,697870,0,0,0,490000,40000,450000,397000,251000,277000,-26000,482000,59000,423000,1544870
2313,華通            ,7896000,4358000,3538000,0,0,0,479000,714000,-235000,-1832000,891000,1354000,-463000,119000,1488000,-1369000,1471000
2892,第一金          ,4893000,4585000,308000,0,0,0,197000,0,197000,949000,1001000,56000,945000,4000,0,4000,1454000
00643,群益深証中小    ,352000,0,352000,0,0,0,0,0,0,1060000,0,0,0,1308000,248000,1060000,1412000
8271,宇瞻            ,1605000,198000,1407000,0,0,0,0,0,0,-1000,0,1000,-1000,0,0,0,1406000
4938,和碩            ,4502000,2921000,1581000,0,0,0,6000,0,6000,-222000,11000,31000,-20000,105000,307000,-202000,1365000
049269,超眾元大96購02  ,0,0,0,0,0,0,0,0,0,1316000,0,0,0,1386000,70000,1316000,1316000
006207,FH滬深          ,0,0,0,0,0,0,0,0,0,1303000,0,0,0,1801000,498000,1303000,1303000
03987P,亞光群益93售02  ,0,0,0,0,0,0,0,0,0,1276000,0,0,0,1367000,91000,1276000,1276000
04995P,台達電凱基96售03,0,0,0,0,0,0,0,0,0,1253000,0,0,0,1331000,78000,1253000,1253000
051836,華通國泰95購02  ,0,0,0,0,0,0,0,0,0,1225000,0,0,0,1233000,8000,1225000,1225000
05895P,奇力新群益96售03,0,0,0,0,0,0,0,0,0,1209000,0,0,0,1530000,321000,1209000,1209000
05536P,奇力新元大96售03,0,0,0,0,0,0,0,0,0,1201000,0,0,0,1411000,210000,1201000,1201000
00639,富邦深100       ,0,25000,-25000,0,0,0,0,0,0,1218000,0,0,0,1976000,758000,1218000,1193000
3665,貿聯-KY         ,1894000,973000,921000,0,0,0,263000,0,263000,3000,111000,157000,-46000,331000,282000,49000,1187000
6251,定穎            ,1209000,225000,984000,0,0,0,0,0,0,167000,200000,33000,167000,0,0,0,1151000
054640,健策中信9B購01  ,0,0,0,0,0,0,0,0,0,1129000,0,0,0,1394000,265000,1129000,1129000
052225,台積電凱基96購03,0,0,0,0,0,0,0,0,0,1121000,0,0,0,2100000,979000,1121000,1121000
03063P,臺股指凱基04售03,0,0,0,0,0,0,0,0,0,1111000,0,0,0,1111000,0,1111000,1111000
00636,國泰中國A50     ,100,0,100,0,0,0,0,0,0,1107000,10000,0,10000,1235000,138000,1097000,1107100
047420,全新富邦97購01  ,0,0,0,0,0,0,0,0,0,1093000,0,0,0,1213000,120000,1093000,1093000
04550P,超眾元大94售01  ,0,0,0,0,0,0,0,0,0,1086000,0,0,0,1154000,68000,1086000,1086000
044429,元金2X元大94購04,0,0,0,0,0,0,0,0,0,1070000,0,0,0,1306000,236000,1070000,1070000
045535,A50正2群益94購01,0,0,0,0,0,0,0,0,0,1067000,0,0,0,1067000,0,1067000,1067000
052317,台積電元大96購11,0,0,0,0,0,0,0,0,0,1064000,0,0,0,1391000,327000,1064000,1064000
040430,和大群益92購01  ,0,0,0,0,0,0,0,0,0,1062000,0,0,0,1112000,50000,1062000,1062000
051799,台積電永豐96購01,0,0,0,0,0,0,0,0,0,1018000,0,0,0,1097000,79000,1018000,1018000
050754,元金2X元富9B購01,0,0,0,0,0,0,0,0,0,1014000,0,0,0,1871000,857000,1014000,1014000
2312,金寶            ,2293000,1199000,1094000,0,0,0,0,0,0,-83000,252000,35000,217000,32000,332000,-300000,1011000
04613P,台積電群益94售10,0,0,0,0,0,0,0,0,0,980000,0,0,0,980000,0,980000,980000
049240,華通元富94購01  ,0,0,0,0,0,0,0,0,0,976000,0,0,0,987000,11000,976000,976000
1605,華新            ,1507020,1026000,481020,0,0,0,0,0,0,487000,0,229000,-229000,741000,25000,716000,968020
054432,台積電台新96購05,0,0,0,0,0,0,0,0,0,968000,0,0,0,1075000,107000,968000,968000
051597,T50反1中信99購02,0,0,0,0,0,0,0,0,0,967000,0,0,0,979000,12000,967000,967000
054132,聯發科元大97購10,0,0,0,0,0,0,0,0,0,957000,0,0,0,2638000,1681000,957000,957000
8112,至上            ,1661000,606000,1055000,0,0,0,7000,0,7000,-107000,0,107000,-107000,0,0,0,955000
047470,聯發科中信94購03,0,0,0,0,0,0,0,0,0,930000,0,0,0,1085000,155000,930000,930000
051851,TPK群益95購03   ,0,0,0,0,0,0,0,0,0,928000,0,0,0,929000,1000,928000,928000
048125,和鑫元大96購01  ,0,0,0,0,0,0,0,0,0,924000,0,0,0,924000,0,924000,924000
2478,大毅            ,1512000,653000,859000,0,0,0,0,0,0,37000,0,2000,-2000,114000,75000,39000,896000
08484P,台灣50中信96售01,0,0,0,0,0,0,0,0,0,879000,0,0,0,1219000,340000,879000,879000
04879P,康控永豐94售02  ,0,0,0,0,0,0,0,0,0,878000,0,0,0,879000,1000,878000,878000
052849,可成統一97購01  ,0,0,0,0,0,0,0,0,0,869000,0,0,0,1191000,322000,869000,869000
046572,貿聯國泰94購01  ,0,0,0,0,0,0,0,0,0,860000,0,0,0,1096000,236000,860000,860000
052044,華通凱基97購01  ,0,0,0,0,0,0,0,0,0,858000,0,0,0,875000,17000,858000,858000
06039P,亞光台新96售03  ,0,0,0,0,0,0,0,0,0,853000,0,0,0,853000,0,853000,853000
043178,柏文國泰92購01  ,0,0,0,0,0,0,0,0,0,850000,0,0,0,850000,0,850000,850000
2367,燿華            ,3156000,2563000,593000,0,0,0,0,0,0,245000,100000,6000,94000,191000,40000,151000,838000
050517,台積電元大94購27,0,0,0,0,0,0,0,0,0,829000,0,0,0,1033000,204000,829000,829000
06042P,華新科永豐96售04,0,0,0,0,0,0,0,0,0,815000,0,0,0,844000,29000,815000,815000
051310,台達電麥證95購01,0,0,0,811000,5000,806000,0,0,0,806000,0,0,0,811000,5000,806000,806000
05522P,友達元富96售02  ,0,0,0,0,0,0,0,0,0,797000,0,0,0,797000,0,797000,797000
3682,亞太電          ,3893000,3082000,811000,0,0,0,0,0,0,-25735,0,25000,-25000,0,735,-735,785265
052150,台積電富邦95購07,19000,0,19000,0,0,0,0,0,0,761000,0,0,0,2298000,1537000,761000,780000
2454,聯發科          ,3713806,2992684,721122,0,0,0,276000,139000,137000,-83000,311000,274000,37000,136000,256000,-120000,775122
05114P,臺股指元富95售02,0,0,0,0,0,0,0,0,0,772000,0,0,0,942000,170000,772000,772000
6269,台郡            ,1794000,493061,1300939,0,0,0,0,280000,-280000,-250000,83000,337000,-254000,62000,58000,4000,770939
2345,智邦            ,1700000,1191000,509000,0,0,0,32000,1000,31000,227000,183000,34000,149000,141000,63000,78000,767000
053564,台積電富邦99購01,0,0,0,0,0,0,0,0,0,759000,0,0,0,1988000,1229000,759000,759000
8150,南茂            ,1354000,537000,817000,0,0,0,0,0,0,-72000,0,33000,-33000,22000,61000,-39000,745000
5305,敦南            ,977000,219000,758000,0,0,0,0,0,0,-16000,0,73000,-73000,78000,21000,57000,742000
047650,矽力元大93購01  ,0,0,0,0,0,0,0,0,0,737000,0,0,0,803000,66000,737000,737000
051068,台積電國票97購01,0,0,0,0,0,0,0,0,0,732000,0,0,0,1084000,352000,732000,732000
041210,群創元富93購01  ,0,0,0,0,0,0,0,0,0,728000,0,0,0,1270000,542000,728000,728000
05625P,國巨國票97售01  ,0,0,0,0,0,0,0,0,0,728000,0,0,0,768000,40000,728000,728000
053887,聯茂兆豐97購02  ,0,0,0,0,0,0,0,0,0,727000,0,0,0,854000,127000,727000,727000
049041,和鑫兆豐94購01  ,0,0,0,0,0,0,0,0,0,723000,0,0,0,723000,0,723000,723000
04806P,臻鼎元富94售06  ,0,0,0,0,0,0,0,0,0,715000,0,0,0,759000,44000,715000,715000
9938,百和            ,751000,153000,598000,0,0,0,142000,0,142000,-32000,0,17000,-17000,29000,44000,-15000,708000
052023,鈺齊永豐95購02  ,0,0,0,0,0,0,0,0,0,700000,0,0,0,1053000,353000,700000,700000
05712P,友達統一97售03  ,0,0,0,0,0,0,0,0,0,699000,0,0,0,726000,27000,699000,699000
05882P,華新科永豐96售01,0,0,0,0,0,0,0,0,0,681000,0,0,0,805000,124000,681000,681000
05732P,臺股指統一96售02,0,0,0,0,0,0,0,0,0,678000,0,0,0,740000,62000,678000,678000
050392,群創統一96購01  ,0,0,0,0,0,0,0,0,0,672000,0,0,0,740000,68000,672000,672000
046293,聯發科統一94購01,0,0,0,0,0,0,0,0,0,668000,0,0,0,1156000,488000,668000,668000
051473,台積電凱基95購10,0,0,0,0,0,0,0,0,0,664000,0,0,0,839000,175000,664000,664000
051750,華通富邦96購01  ,0,0,0,0,0,0,0,0,0,662000,0,0,0,895000,233000,662000,662000
2458,義隆            ,912000,446400,465600,0,0,0,232000,0,232000,-39000,2000,30000,-28000,15000,26000,-11000,658600
052884,台積電兆豐96購01,0,0,0,0,0,0,0,0,0,657000,0,0,0,1030000,373000,657000,657000
046473,晶技永豐92購01  ,0,0,0,0,0,0,0,0,0,657000,0,0,0,717000,60000,657000,657000
2392,正崴            ,1580000,818000,762000,0,0,0,0,0,0,-107000,0,84000,-84000,49000,72000,-23000,655000
050388,鴻海統一94購09  ,0,0,0,0,0,0,0,0,0,653000,0,0,0,1179000,526000,653000,653000
050220,台積電元富96購01,0,0,0,0,0,0,0,0,0,652000,0,0,0,1657000,1005000,652000,652000
053537,玉晶光永豐98購02,0,0,0,0,0,0,0,0,0,649000,0,0,0,737000,88000,649000,649000
052157,東元永豐95購01  ,0,0,0,0,0,0,0,0,0,648000,0,0,0,648000,0,648000,648000
2451,創見            ,603500,304000,299500,0,0,0,255000,0,255000,89000,0,7000,-7000,97000,1000,96000,643500
04931P,臻鼎元富94售09  ,0,0,0,0,0,0,0,0,0,638000,0,0,0,691000,53000,638000,638000
052942,聯發科中信97購04,0,0,0,0,0,0,0,0,0,637000,0,0,0,797000,160000,637000,637000
050759,貿聯元富94購02  ,0,0,0,0,0,0,0,0,0,637000,0,0,0,2017000,1380000,637000,637000
6196,帆宣            ,659000,91000,568000,0,0,0,0,0,0,66000,0,1000,-1000,76000,9000,67000,634000
043040,永冠元富94購01  ,0,0,0,0,0,0,0,0,0,628000,0,0,0,791000,163000,628000,628000
053686,台積電元大97購08,0,0,0,0,0,0,0,0,0,626000,0,0,0,1203000,577000,626000,626000
05887P,友達元富99售03  ,0,0,0,0,0,0,0,0,0,624000,0,0,0,637000,13000,624000,624000
051423,GIS國票97購01   ,0,0,0,0,0,0,0,0,0,619000,0,0,0,619000,0,619000,619000
2376,技嘉            ,878000,413000,465000,0,0,0,2000,0,2000,150000,0,4000,-4000,173000,19000,154000,617000
2308,台達電          ,3811000,2880000,931000,0,0,0,0,200000,-200000,-116000,73000,102000,-29000,24000,111000,-87000,615000
052013,台積電永豐95購04,0,0,0,0,0,0,0,0,0,614000,0,0,0,1473000,859000,614000,614000
046295,超眾統一92購01  ,0,0,0,0,0,0,0,0,0,613000,0,0,0,613000,0,613000,613000
051668,智邦元大95購02  ,0,0,0,0,0,0,0,0,0,611000,0,0,0,864000,253000,611000,611000
051077,台郡國泰96購02  ,0,0,0,0,0,0,0,0,0,610000,0,0,0,979000,369000,610000,610000
053363,旺宏國泰98購02  ,0,0,0,0,0,0,0,0,0,606000,0,0,0,1191000,585000,606000,606000
6271,同欣電          ,1108000,1566000,-458000,0,0,0,1043000,52000,991000,71000,94000,140000,-46000,170000,53000,117000,604000
051343,鴻海元大95購07  ,0,0,0,0,0,0,0,0,0,602000,0,0,0,822000,220000,602000,602000
053570,京元電統一96購01,0,0,0,0,0,0,0,0,0,596000,0,0,0,596000,0,596000,596000
048029,聯發科凱基93購26,0,0,0,0,0,0,0,0,0,592000,0,0,0,629000,37000,592000,592000
05235P,健鼎康和95售02  ,0,0,0,0,0,0,0,0,0,591000,0,0,0,591000,0,591000,591000
00638R,元大滬深300反1  ,260000,0,260000,0,0,0,0,0,0,330000,0,0,0,418000,88000,330000,590000
05477P,華新科群益95售06,0,0,0,0,0,0,0,0,0,585000,0,0,0,585000,0,585000,585000
049865,和鑫兆豐95購01  ,0,0,0,0,0,0,0,0,0,578000,0,0,0,578000,0,578000,578000
049973,T50反1日盛9A購01,0,0,0,0,0,0,0,0,0,577000,0,0,0,577000,0,577000,577000
040721,大立光富邦92購01,0,0,0,0,0,0,0,0,0,576000,0,0,0,591000,15000,576000,576000
044408,聯茂凱基93購02  ,0,0,0,0,0,0,0,0,0,574000,0,0,0,1085000,511000,574000,574000
00633L,富邦上証正2     ,477000,1046000,-569000,0,0,0,0,0,0,1139000,85000,403000,-318000,3878000,2421000,1457000,570000
03511P,臺股指群益02售16,0,0,0,0,0,0,0,0,0,567000,0,0,0,567000,0,567000,567000
6288,聯嘉            ,725000,160000,565000,0,0,0,0,0,0,0,0,0,0,0,0,0,565000
05909P,康友元富96售02  ,0,0,0,0,0,0,0,0,0,564000,0,0,0,564000,0,564000,564000
045596,和碩兆豐92購01  ,0,0,0,0,0,0,0,0,0,560000,0,0,0,560000,0,560000,560000
039822,T50反1凱基91購04,0,0,0,0,0,0,0,0,0,557000,0,0,0,557000,0,557000,557000
042993,葡萄王元大94購01,0,0,0,0,0,0,0,0,0,556000,0,0,0,676000,120000,556000,556000
047542,華通凱基94購02  ,0,0,0,0,0,0,0,0,0,555000,0,0,0,563000,8000,555000,555000
1513,中興電          ,715000,162000,553000,0,0,0,0,0,0,2000,5000,3000,2000,0,0,0,555000
048189,臺指反元大96購06,0,0,0,0,0,0,0,0,0,550000,0,0,0,550000,0,550000,550000
044588,元金2X統一93購01,0,0,0,0,0,0,0,0,0,547000,0,0,0,756000,209000,547000,547000
054530,台光電國泰97購03,0,0,0,0,0,0,0,0,0,544000,0,0,0,700000,156000,544000,544000
053377,台積電元大98購01,0,0,0,0,0,0,0,0,0,544000,0,0,0,1687000,1143000,544000,544000
046082,矽力凱基92購01  ,0,0,0,0,0,0,0,0,0,543000,0,0,0,680000,137000,543000,543000
05170P,世芯元大95售01  ,0,0,0,0,0,0,0,0,0,542000,0,0,0,923000,381000,542000,542000
05238P,禾伸堂永豐95售01,0,0,0,0,0,0,0,0,0,541000,0,0,0,601000,60000,541000,541000
04434P,玉晶光國票96售02,0,0,0,0,0,0,0,0,0,538000,0,0,0,918000,380000,538000,538000
04747P,臺股指元大94售22,0,15000,-15000,0,0,0,0,0,0,549000,0,0,0,1518000,969000,549000,534000
051397,聯茂兆豐95購03  ,0,0,0,0,0,0,0,0,0,534000,0,0,0,539000,5000,534000,534000
044479,群創統一91購01  ,0,0,0,0,0,0,0,0,0,533000,0,0,0,1035000,502000,533000,533000
05118P,超眾元大96售04  ,0,0,0,0,0,0,0,0,0,532000,0,0,0,552000,20000,532000,532000
048010,嘉聯益富邦97購01,0,0,0,0,0,0,0,0,0,530000,0,0,0,604000,74000,530000,530000
2889,國票金          ,1175000,729000,446000,0,0,0,0,0,0,79000,109000,30000,79000,0,0,0,525000
9802,鈺齊-KY         ,595000,69000,526000,0,0,0,194000,0,194000,-197000,0,6000,-6000,48000,239000,-191000,523000
044983,玉晶光國票93購01,0,0,0,0,0,0,0,0,0,520000,0,0,0,520000,0,520000,520000
043607,GIS元大93購02   ,0,0,0,0,0,0,0,0,0,519000,0,0,0,519000,0,519000,519000
052610,貿聯元大97購01  ,0,0,0,0,0,0,0,0,0,511000,0,0,0,1083000,572000,511000,511000
04634P,臺股指群益94售09,0,0,0,0,0,0,0,0,0,511000,0,0,0,526000,15000,511000,511000
050304,台光電中信94購01,0,0,0,0,0,0,0,0,0,510000,0,0,0,550000,40000,510000,510000
051410,京元電國票96購01,0,0,0,0,0,0,0,0,0,509000,0,0,0,646000,137000,509000,509000
05739P,臺股指統一97售02,0,0,0,0,0,0,0,0,0,508000,0,0,0,521000,13000,508000,508000
044861,玉晶光兆豐93購01,0,0,0,0,0,0,0,0,0,504000,0,0,0,510000,6000,504000,504000
1582,信錦            ,620000,115000,505000,0,0,0,0,0,0,-1000,0,1000,-1000,0,0,0,504000
054068,華通國泰96購02  ,0,0,0,0,0,0,0,0,0,501000,0,0,0,511000,10000,501000,501000
052952,矽創國票97購02  ,0,0,0,0,0,0,0,0,0,500000,0,0,0,500000,0,500000,500000
049688,台光電元大94購04,0,0,0,0,0,0,0,0,0,500000,0,0,0,664000,164000,500000,500000
054114,新光金台新97購01,0,0,0,0,0,0,0,0,0,499000,0,0,0,499000,0,499000,499000
03152P,聯發科群益01售15,0,0,0,0,0,0,0,0,0,499000,0,0,0,499000,0,499000,499000
043665,和鑫元大93購01  ,0,0,0,0,0,0,0,0,0,498000,0,0,0,588000,90000,498000,498000
043780,瑞儀中信92購01  ,0,0,0,0,0,0,0,0,0,498000,0,0,0,498000,0,498000,498000
050799,嘉聯益中信98購01,0,0,0,0,0,0,0,0,0,497000,0,0,0,499000,2000,497000,497000
047153,聯發科國票93購02,0,0,0,0,0,0,0,0,0,493000,0,0,0,499000,6000,493000,493000
04452P,超眾國泰95售01  ,0,0,0,0,0,0,0,0,0,490000,0,0,0,579000,89000,490000,490000
04869P,鴻海元富95售02  ,0,0,0,0,0,0,0,0,0,490000,0,0,0,634000,144000,490000,490000
052498,台積電永豐95購06,0,0,0,0,0,0,0,0,0,489000,0,0,0,1118000,629000,489000,489000
044960,京元電兆豐93購01,0,0,0,0,0,0,0,0,0,489000,0,0,0,509000,20000,489000,489000
048589,國巨兆豐96購01  ,0,0,0,0,0,0,0,0,0,485000,0,0,0,509000,24000,485000,485000
046968,台積電群益94購03,0,0,0,0,0,0,0,0,0,484000,0,0,0,618000,134000,484000,484000
048203,矽力元大93購02  ,0,0,0,0,0,0,0,0,0,483000,0,0,0,938000,455000,483000,483000
053398,和鑫中信99購01  ,0,0,0,0,0,0,0,0,0,480000,0,0,0,480000,0,480000,480000
044615,聯茂兆豐93購01  ,0,0,0,0,0,0,0,0,0,476000,0,0,0,504000,28000,476000,476000
052467,嘉聯益統一96購01,0,0,0,0,0,0,0,0,0,475000,0,0,0,598000,123000,475000,475000
05360P,健策元大95售03  ,0,0,0,0,0,0,0,0,0,474000,0,0,0,476000,2000,474000,474000
053653,京元電凱基96購02,0,0,0,0,0,0,0,0,0,472000,0,0,0,472000,0,472000,472000
047881,和鑫國泰95購01  ,0,0,0,0,0,0,0,0,0,463000,0,0,0,468000,5000,463000,463000
048001,中工元大96購01  ,0,0,0,0,0,0,0,0,0,463000,0,0,0,706000,243000,463000,463000
05884P,旺宏統一96售01  ,0,0,0,0,0,0,0,0,0,463000,0,0,0,473000,10000,463000,463000
05821P,臺股指凱基96售18,0,0,0,0,0,0,0,0,0,463000,0,0,0,499000,36000,463000,463000
6239,力成            ,1943000,1556290,386710,0,0,0,2000,0,2000,73000,79000,7000,72000,19000,18000,1000,461710
05318P,臺股指永昌95售03,0,0,0,0,0,0,0,0,0,460000,0,0,0,481000,21000,460000,460000
05867P,友達兆豐97售02  ,0,0,0,0,0,0,0,0,0,458000,0,0,0,459000,1000,458000,458000
051280,台積電兆豐95購04,0,0,0,0,0,0,0,0,0,453000,0,0,0,1671000,1218000,453000,453000
049078,瑞昱凱基94購02  ,0,0,0,0,0,0,0,0,0,451000,0,0,0,492000,41000,451000,451000
04258P,健策國票94售01  ,0,0,0,0,0,0,0,0,0,450000,0,0,0,450000,0,450000,450000
04773P,金融類元大94售01,0,0,0,0,0,0,0,0,0,450000,0,0,0,450000,0,450000,450000
046953,嘉聯益國票94購01,0,0,0,0,0,0,0,0,0,450000,0,0,0,478000,28000,450000,450000
049044,和碩兆豐94購01  ,0,0,0,0,0,0,0,0,0,450000,0,0,0,450000,0,450000,450000
050909,華夏中信95購01  ,0,0,0,0,0,0,0,0,0,450000,0,0,0,550000,100000,450000,450000
048083,台達電凱基93購04,0,0,0,0,0,0,0,0,0,449000,0,0,0,449000,0,449000,449000
050196,嘉聯益元大97購01,0,0,0,0,0,0,0,0,0,449000,0,0,0,855000,406000,449000,449000
049234,可成統一94購02  ,0,0,0,0,0,0,0,0,0,449000,0,0,0,479000,30000,449000,449000
052316,台積電元大96購10,0,0,0,0,0,0,0,0,0,448000,0,0,0,1271000,823000,448000,448000
06084P,宏達電元富97售02,0,0,0,0,0,0,0,0,0,446000,0,0,0,538000,92000,446000,446000
053269,同欣電群益96購01,0,0,0,0,0,0,0,0,0,444000,0,0,0,652000,208000,444000,444000
04826P,華新科麥證95售01,0,0,0,494000,51000,443000,0,0,0,443000,0,0,0,494000,51000,443000,443000
053126,健策凱基97購02  ,0,0,0,0,0,0,0,0,0,442000,0,0,0,488000,46000,442000,442000
044054,台積電元大92購08,0,0,0,0,0,0,0,0,0,440000,0,0,0,440000,0,440000,440000
05203P,華新科元大95售10,0,10000,-10000,0,0,0,0,0,0,450000,0,0,0,613000,163000,450000,440000
08900P,聯發科群益01售07,0,0,0,0,0,0,0,0,0,440000,0,0,0,440000,0,440000,440000
04837P,華新科元大94售05,0,0,0,0,0,0,0,0,0,438000,0,0,0,768000,330000,438000,438000
05005P,台表科統一95售01,0,0,0,0,0,0,0,0,0,434000,0,0,0,756000,322000,434000,434000
0061,元大寶滬深      ,302000,0,302000,0,0,0,0,0,0,131000,0,0,0,131000,0,131000,433000
052848,聯發科統一96購03,0,0,0,0,0,0,0,0,0,431000,0,0,0,431000,0,431000,431000
04219P,鴻海兆豐93售02  ,0,0,0,0,0,0,0,0,0,431000,0,0,0,434000,3000,431000,431000
00635U,元大S&P黃金     ,784000,35000,749000,0,0,0,0,0,0,-320000,0,40000,-40000,807000,1087000,-280000,429000
5469,瀚宇博          ,1317000,1111000,206000,0,0,0,0,0,0,217000,0,4000,-4000,272000,51000,221000,423000
05263P,台積電元大96售09,0,0,0,0,0,0,0,0,0,422000,0,0,0,543000,121000,422000,422000
05438P,康控永豐95售05  ,0,0,0,0,0,0,0,0,0,420000,0,0,0,430000,10000,420000,420000
052103,台積電兆豐95購06,0,0,0,0,0,0,0,0,0,419000,0,0,0,1073000,654000,419000,419000
053153,大立光元大99購02,0,0,0,0,0,0,0,0,0,417000,0,0,0,493000,76000,417000,417000
042644,貿聯兆豐92購01  ,0,0,0,0,0,0,0,0,0,416000,0,0,0,580000,164000,416000,416000
9939,宏全            ,460000,67000,393000,0,0,0,0,0,0,23000,17000,38000,-21000,44000,0,44000,416000
05028P,康控永豐95售02  ,0,0,0,0,0,0,0,0,0,415000,0,0,0,415000,0,415000,415000
2537,聯上發          ,461000,48000,413000,0,0,0,0,0,0,0,0,0,0,0,0,0,413000
046540,創意群益92購04  ,0,0,0,0,0,0,0,0,0,412000,0,0,0,423000,11000,412000,412000
046206,為升國泰93購01  ,0,0,0,0,0,0,0,0,0,411000,0,0,0,411000,0,411000,411000
047759,復盛元富93購01  ,0,0,0,0,0,0,0,0,0,410000,0,0,0,420000,10000,410000,410000
05502P,台表科國票97售01,0,0,0,0,0,0,0,0,0,406000,0,0,0,436000,30000,406000,406000
046286,高鐵兆豐93購01  ,0,0,0,0,0,0,0,0,0,405000,0,0,0,605000,200000,405000,405000
051106,華通統一95購02  ,0,0,0,0,0,0,0,0,0,405000,0,0,0,734000,329000,405000,405000
048599,和鑫國票96購01  ,0,0,0,0,0,0,0,0,0,404000,0,0,0,404000,0,404000,404000
054036,T50反1元大96購08,0,0,0,0,0,0,0,0,0,403000,0,0,0,1399000,996000,403000,403000
051671,和鑫元大96購02  ,0,0,0,0,0,0,0,0,0,401000,0,0,0,401000,0,401000,401000
044133,樺漢凱基91購06  ,0,0,0,0,0,0,0,0,0,400000,0,0,0,401000,1000,400000,400000
045527,建準永豐92購01  ,0,0,0,0,0,0,0,0,0,400000,0,0,0,400000,0,400000,400000
049388,南電元大94購05  ,0,0,0,0,0,0,0,0,0,400000,0,0,0,400000,0,400000,400000
050711,TPK中信94購01   ,0,0,0,0,0,0,0,0,0,400000,0,0,0,430000,30000,400000,400000
07942P,健策凱基9B售03  ,0,0,0,0,0,0,0,0,0,400000,0,0,0,400000,0,400000,400000
053550,聯發科凱基96購15,0,0,0,0,0,0,0,0,0,399000,0,0,0,545000,146000,399000,399000
04104P,臺股指國票93售11,0,0,0,0,0,0,0,0,0,399000,0,0,0,686000,287000,399000,399000
050185,和鑫元大95購02  ,0,0,0,0,0,0,0,0,0,397000,0,0,0,471000,74000,397000,397000
052280,聯發科凱基95購11,0,0,0,0,0,0,0,0,0,397000,0,0,0,397000,0,397000,397000
05332P,臺股指國票95售01,0,0,0,0,0,0,0,0,0,395000,0,0,0,404000,9000,395000,395000
054422,T50反1富邦9A購01,0,0,0,0,0,0,0,0,0,394000,0,0,0,440000,46000,394000,394000
05073P,臺股指中信95售09,0,0,0,0,0,0,0,0,0,393000,0,0,0,400000,7000,393000,393000
06030P,友達兆豐96售02  ,0,0,0,0,0,0,0,0,0,393000,0,0,0,393000,0,393000,393000
048956,美食康和94購01  ,0,0,0,0,0,0,0,0,0,392000,0,0,0,392000,0,392000,392000
051429,智邦元富95購01  ,0,0,0,0,0,0,0,0,0,392000,0,0,0,428000,36000,392000,392000
05653P,華邦電統一96售02,0,0,0,0,0,0,0,0,0,392000,0,0,0,498000,106000,392000,392000
046646,冠德國泰94購01  ,0,0,0,0,0,0,0,0,0,391000,0,0,0,612000,221000,391000,391000
05767P,國巨凱基96售11  ,0,0,0,0,0,0,0,0,0,390000,0,0,0,540000,150000,390000,390000
05333P,臺股指國票95售02,0,0,0,0,0,0,0,0,0,388000,0,0,0,435000,47000,388000,388000
053474,聯發科元大97購06,0,0,0,0,0,0,0,0,0,388000,0,0,0,1121000,733000,388000,388000
044778,力成元大91購02  ,0,0,0,0,0,0,0,0,0,388000,0,0,0,398000,10000,388000,388000
054196,台光電國泰97購02,0,0,0,0,0,0,0,0,0,386000,0,0,0,424000,38000,386000,386000
053152,大立光元大99購01,0,0,0,0,0,0,0,0,0,385000,0,0,0,516000,131000,385000,385000
00632R,元大台灣50反1   ,2000000,59000,1941000,0,0,0,0,0,0,-1556000,800000,180000,620000,10744000,12920000,-2176000,385000
052595,奇力新群益96購01,0,0,0,0,0,0,0,0,0,384000,0,0,0,1065000,681000,384000,384000
05268P,玉晶光元大98售01,0,0,0,0,0,0,0,0,0,383000,0,0,0,647000,264000,383000,383000
2439,美律            ,663000,346000,317000,0,0,0,0,58000,-58000,123000,145000,103000,42000,122000,41000,81000,382000
052591,康友永豐97購01  ,0,0,0,0,0,0,0,0,0,381000,0,0,0,624000,243000,381000,381000
053302,國巨凱基96購10  ,0,0,0,0,0,0,0,0,0,381000,0,0,0,431000,50000,381000,381000
050114,群創元大95購01  ,0,0,0,0,0,0,0,0,0,381000,0,0,0,945000,564000,381000,381000
047624,台達電國票93購01,0,0,0,0,0,0,0,0,0,379000,0,0,0,774000,395000,379000,379000
052333,嘉聯益兆豐96購01,0,0,0,0,0,0,0,0,0,379000,0,0,0,521000,142000,379000,379000
054339,聯詠統一96購02  ,0,0,0,0,0,0,0,0,0,378000,0,0,0,495000,117000,378000,378000
00783,富邦中証500     ,0,0,0,0,0,0,0,0,0,378000,0,0,0,1207000,829000,378000,378000
052805,晶技元大97購01  ,0,0,0,0,0,0,0,0,0,376000,0,0,0,416000,40000,376000,376000
047886,京元電富邦95購01,0,0,0,0,0,0,0,0,0,376000,0,0,0,601000,225000,376000,376000
050342,華通元富94購02  ,0,0,0,0,0,0,0,0,0,375000,0,0,0,410000,35000,375000,375000
046884,元油反群益95購01,0,0,0,0,0,0,0,0,0,374000,0,0,0,479000,105000,374000,374000
04541P,智易永豐94售03  ,0,0,0,0,0,0,0,0,0,372000,0,0,0,372000,0,372000,372000
048057,宏達電國泰94購02,0,0,0,0,0,0,0,0,0,370000,0,0,0,370000,0,370000,370000
054965,健策元大98購04  ,0,0,0,0,0,0,0,0,0,368000,0,0,0,644000,276000,368000,368000
05171P,臺股指元大95售15,0,0,0,0,0,0,0,0,0,368000,0,0,0,400000,32000,368000,368000
051155,聯發科國泰96購01,0,0,0,0,0,0,0,0,0,368000,0,0,0,507000,139000,368000,368000
05226P,智邦統一95售01  ,0,0,0,0,0,0,0,0,0,366000,0,0,0,411000,45000,366000,366000
052020,聯茂永豐95購02  ,0,0,0,0,0,0,0,0,0,366000,0,0,0,366000,0,366000,366000
053839,華通統一96購01  ,0,0,0,0,0,0,0,0,0,364000,0,0,0,550000,186000,364000,364000
05795P,華邦電群益96售05,0,0,0,0,0,0,0,0,0,363000,0,0,0,399000,36000,363000,363000
3413,京鼎            ,307000,106000,201000,0,0,0,64000,0,64000,98000,91000,32000,59000,52000,13000,39000,363000
050452,智原元大95購04  ,0,0,0,0,0,0,0,0,0,360000,0,0,0,394000,34000,360000,360000
05885P,牧德統一96售01  ,0,0,0,0,0,0,0,0,0,360000,0,0,0,498000,138000,360000,360000
047824,臺股指凱基93購18,0,0,0,0,0,0,0,0,0,359000,0,0,0,1058000,699000,359000,359000
04076P,臺股指凱基93售12,0,0,0,0,0,0,0,0,0,355000,0,0,0,355000,0,355000,355000
045516,聯茂統一94購01  ,0,0,0,0,0,0,0,0,0,355000,0,0,0,365000,10000,355000,355000
047505,元金2X國票9B購01,0,0,0,0,0,0,0,0,0,355000,0,0,0,495000,140000,355000,355000
043171,冠德國泰93購01  ,0,0,0,0,0,0,0,0,0,354000,0,0,0,354000,0,354000,354000
044639,京元電元富94購01,0,0,0,0,0,0,0,0,0,351000,0,0,0,503000,152000,351000,351000
053595,創意元大96購02  ,0,0,0,0,0,0,0,0,0,350000,0,0,0,466000,116000,350000,350000
046445,台化麥證92購01  ,0,0,0,350000,0,350000,0,0,0,350000,0,0,0,350000,0,350000,350000
053436,聯茂日盛96購01  ,0,0,0,0,0,0,0,0,0,349000,0,0,0,423000,74000,349000,349000
053400,緯穎中信9A購01  ,0,0,0,0,0,0,0,0,0,349000,0,0,0,360000,11000,349000,349000
048388,華通國票94購01  ,0,0,0,0,0,0,0,0,0,349000,0,0,0,349000,0,349000,349000
6452,康友-KY         ,617103,307000,310103,0,0,0,0,0,0,37000,10000,44000,-34000,96000,25000,71000,347103
3030,德律            ,455000,103000,352000,0,0,0,0,0,0,-5000,0,5000,-5000,0,0,0,347000
054665,華通元富97購02  ,0,0,0,0,0,0,0,0,0,345000,0,0,0,374000,29000,345000,345000
00739,元大MSCI A股    ,0,0,0,0,0,0,0,0,0,342000,0,0,0,455000,113000,342000,342000
049976,台積電凱基94購28,0,0,0,0,0,0,0,0,0,341000,0,0,0,392000,51000,341000,341000
06072P,牧德永豐97售01  ,0,0,0,0,0,0,0,0,0,341000,0,0,0,456000,115000,341000,341000
053860,台積電元大98購03,0,10000,-10000,0,0,0,0,0,0,350000,0,0,0,1601000,1251000,350000,340000
047572,深中小群益95購01,0,0,0,0,0,0,0,0,0,340000,0,0,0,340000,0,340000,340000
05671P,友達國泰97售03  ,0,0,0,0,0,0,0,0,0,340000,0,0,0,340000,0,340000,340000
2338,光罩            ,808000,422000,386000,0,0,0,0,0,0,-46000,0,1000,-1000,33000,78000,-45000,340000
05304P,國巨國泰97售02  ,0,0,0,0,0,0,0,0,0,338000,0,0,0,546000,208000,338000,338000
04082P,智邦統一93售03  ,0,0,0,0,0,0,0,0,0,338000,0,0,0,447000,109000,338000,338000
047021,台光電元大93購03,0,0,0,0,0,0,0,0,0,336000,0,0,0,336000,0,336000,336000
3653,健策            ,918000,386368,531632,0,0,0,188000,255000,-67000,-129000,25000,28000,-3000,75000,201000,-126000,335632
046684,致伸群益93購01  ,0,0,0,0,0,0,0,0,0,335000,0,0,0,335000,0,335000,335000
051960,美食永豐95購01  ,0,0,0,0,0,0,0,0,0,334000,0,0,0,334000,0,334000,334000
04738P,揚明光永豐94售03,0,0,0,0,0,0,0,0,0,333000,0,0,0,333000,0,333000,333000
06109P,華新科群益97售05,0,0,0,0,0,0,0,0,0,332000,0,0,0,424000,92000,332000,332000
06046P,健策統一96售03  ,0,0,0,0,0,0,0,0,0,331000,0,0,0,787000,456000,331000,331000
05724P,致茂永豐96售01  ,0,0,0,0,0,0,0,0,0,331000,0,0,0,348000,17000,331000,331000
2456,奇力新          ,2747000,2610723,136277,0,0,0,50000,260000,-210000,404639,398000,177361,220639,239000,55000,184000,330916
054239,台郡群益96購02  ,0,0,0,0,0,0,0,0,0,330000,0,0,0,508000,178000,330000,330000
051354,聯發科元大95購09,0,0,0,0,0,0,0,0,0,330000,0,0,0,350000,20000,330000,330000
054425,聯發科富邦99購03,0,0,0,0,0,0,0,0,0,329000,0,0,0,449000,120000,329000,329000
044993,友達國泰93購01  ,0,0,0,0,0,0,0,0,0,329000,0,0,0,329000,0,329000,329000
1904,正隆            ,582000,257000,325000,0,0,0,0,0,0,4000,5000,1000,4000,0,0,0,329000
3518,柏騰            ,488000,158000,330000,0,0,0,0,0,0,-1000,0,1000,-1000,0,0,0,329000
048017,美利達國票93購01,0,0,0,0,0,0,0,0,0,328000,0,0,0,328000,0,328000,328000
04888P,臺股指凱基95售03,0,0,0,0,0,0,0,0,0,327000,0,0,0,331000,4000,327000,327000
00641R,富邦日本反1     ,0,0,0,0,0,0,0,0,0,327000,0,0,0,489000,162000,327000,327000
050179,全新元大96購02  ,0,0,0,0,0,0,0,0,0,326000,0,0,0,558000,232000,326000,326000
047922,聯發科凱基94購01,0,0,0,0,0,0,0,0,0,325000,0,0,0,360000,35000,325000,325000
050098,嘉聯益國泰95購02,0,0,0,0,0,0,0,0,0,325000,0,0,0,1408000,1083000,325000,325000
05613P,臻鼎台新96售01  ,0,0,0,0,0,0,0,0,0,325000,0,0,0,370000,45000,325000,325000
05113P,臺股指元富95售01,0,0,0,0,0,0,0,0,0,324000,0,0,0,354000,30000,324000,324000
045206,創意國泰93購02  ,0,0,0,0,0,0,0,0,0,322000,0,0,0,525000,203000,322000,322000
04259P,滬深2X群益93售03,0,0,0,0,0,0,0,0,0,320000,0,0,0,330000,10000,320000,320000
047501,合勤控永豐93購01,0,0,0,0,0,0,0,0,0,320000,0,0,0,320000,0,320000,320000
05201P,玉晶光國泰97售02,0,0,0,0,0,0,0,0,0,320000,0,0,0,444000,124000,320000,320000
03969P,華新科國票94售01,0,0,0,0,0,0,0,0,0,319000,0,0,0,624000,305000,319000,319000
050842,旺宏國票97購01  ,0,0,0,0,0,0,0,0,0,318000,0,0,0,320000,2000,318000,318000
046090,冠德兆豐92購01  ,0,0,0,0,0,0,0,0,0,317000,0,0,0,322000,5000,317000,317000
050464,華通國泰95購01  ,0,0,0,0,0,0,0,0,0,317000,0,0,0,411000,94000,317000,317000
05714P,群創統一97售03  ,0,0,0,0,0,0,0,0,0,317000,0,0,0,319000,2000,317000,317000
049034,台達電兆豐94購01,0,0,0,0,0,0,0,0,0,315000,0,0,0,341000,26000,315000,315000
050612,台積電元大95購06,0,0,0,0,0,0,0,0,0,315000,0,0,0,325000,10000,315000,315000
051297,台積電凱基95購07,0,0,0,0,0,0,0,0,0,315000,0,0,0,514000,199000,315000,315000
050199,南電元大94購09  ,0,0,0,0,0,0,0,0,0,313000,0,0,0,313000,0,313000,313000
03523P,南電元大02售09  ,0,0,0,0,0,0,0,0,0,312000,0,0,0,312000,0,312000,312000
052028,健策群益95購02  ,0,0,0,0,0,0,0,0,0,311000,0,0,0,328000,17000,311000,311000
045694,智邦兆豐93購05  ,0,0,0,0,0,0,0,0,0,310000,0,0,0,350000,40000,310000,310000
048620,易華電凱基94購02,0,0,0,0,0,0,0,0,0,310000,0,0,0,310000,0,310000,310000
048735,美利達麥證95購01,0,0,0,309000,0,309000,0,0,0,309000,0,0,0,309000,0,309000,309000
053962,聯茂永豐96購01  ,0,0,0,0,0,0,0,0,0,304000,0,0,0,316000,12000,304000,304000
048863,超眾群益94購01  ,0,0,0,0,0,0,0,0,0,304000,0,0,0,314000,10000,304000,304000
053935,華通元富96購02  ,0,0,0,0,0,0,0,0,0,303000,0,0,0,326000,23000,303000,303000
04430P,晶相光元大94售04,0,0,0,0,0,0,0,0,0,303000,0,0,0,404000,101000,303000,303000
06063P,玉晶光元富97售01,0,0,0,0,0,0,0,0,0,303000,0,0,0,429000,126000,303000,303000
051136,可成永豐95購02  ,0,0,0,0,0,0,0,0,0,302000,0,0,0,302000,0,302000,302000
051114,鈺齊中信95購01  ,0,0,0,0,0,0,0,0,0,302000,0,0,0,451000,149000,302000,302000
03543P,台泥中信02售01  ,0,0,0,0,0,0,0,0,0,301000,0,0,0,800000,499000,301000,301000
049795,華通元大96購02  ,0,0,0,0,0,0,0,0,0,301000,0,0,0,384000,83000,301000,301000
053016,鈺齊統一96購01  ,0,0,0,0,0,0,0,0,0,300000,0,0,0,392000,92000,300000,300000
052988,智易元大96購02  ,0,0,0,0,0,0,0,0,0,300000,0,0,0,327000,27000,300000,300000
03656P,臺股指元大92售18,0,0,0,0,0,0,0,0,0,300000,0,0,0,300000,0,300000,300000
04021P,寶滬深元富93售01,0,0,0,0,0,0,0,0,0,300000,0,0,0,300000,0,300000,300000
04991P,台表科元大94售05,0,0,0,0,0,0,0,0,0,300000,0,0,0,310000,10000,300000,300000
051435,聯茂元富95購01  ,0,0,0,0,0,0,0,0,0,300000,0,0,0,380000,80000,300000,300000
05990P,台積電群益96售13,0,0,0,0,0,0,0,0,0,300000,0,0,0,300000,0,300000,300000
054702,智邦第一97購01  ,0,0,0,0,0,0,0,0,0,299000,0,0,0,299000,0,299000,299000
052645,美食永豐96購01  ,0,0,0,0,0,0,0,0,0,298000,0,0,0,298000,0,298000,298000
03369P,景碩中信02售01  ,0,0,0,0,0,0,0,0,0,298000,0,0,0,298000,0,298000,298000
049731,A50正2群益94購02,0,0,0,0,0,0,0,0,0,298000,0,0,0,340000,42000,298000,298000
03451P,創意元大02售01  ,0,0,0,0,0,0,0,0,0,297000,0,0,0,297000,0,297000,297000
04954P,健策國票96售01  ,0,0,0,0,0,0,0,0,0,297000,0,0,0,317000,20000,297000,297000
046220,滬深2X元大95購03,0,0,0,0,0,0,0,0,0,297000,0,0,0,300000,3000,297000,297000
052086,鴻海元大96購08  ,0,0,0,0,0,0,0,0,0,297000,0,0,0,400000,103000,297000,297000
051755,台積電元大96購08,0,0,0,0,0,0,0,0,0,297000,0,0,0,347000,50000,297000,297000
05648P,康控國票97售01  ,0,0,0,0,0,0,0,0,0,297000,0,0,0,297000,0,297000,297000
08943P,嘉晶國票03售01  ,0,0,0,0,0,0,0,0,0,297000,0,0,0,297000,0,297000,297000
051907,台積電元大97購05,0,0,0,0,0,0,0,0,0,296000,0,0,0,740000,444000,296000,296000
051128,台表科群益95購02,0,0,0,0,0,0,0,0,0,296000,0,0,0,394000,98000,296000,296000
052973,冠德群益96購01  ,0,0,0,0,0,0,0,0,0,294000,0,0,0,294000,0,294000,294000
048154,旺宏兆豐94購01  ,0,0,0,0,0,0,0,0,0,293000,0,0,0,325000,32000,293000,293000
051258,鈺齊國泰97購01  ,0,0,0,0,0,0,0,0,0,293000,0,0,0,364000,71000,293000,293000
05646P,聯發科國票96售05,0,0,0,0,0,0,0,0,0,293000,0,0,0,675000,382000,293000,293000
051123,和鑫群益95購01  ,0,0,0,0,0,0,0,0,0,292000,0,0,0,303000,11000,292000,292000
3515,華擎            ,264000,38000,226000,0,0,0,0,0,0,66000,0,15000,-15000,87000,6000,81000,292000
053033,智易兆豐97購01  ,0,0,0,0,0,0,0,0,0,290000,0,0,0,300000,10000,290000,290000
03626P,可成兆豐93售03  ,0,0,0,0,0,0,0,0,0,290000,0,0,0,630000,340000,290000,290000
04562P,南亞科凱基94售02,0,0,0,0,0,0,0,0,0,289000,0,0,0,299000,10000,289000,289000
049023,玉晶光群益96購04,0,0,0,0,0,0,0,0,0,289000,0,0,0,502000,213000,289000,289000
049593,群創元大9A購01  ,0,0,0,0,0,0,0,0,0,289000,0,0,0,1031000,742000,289000,289000
048248,聯發科兆豐95購01,0,0,0,0,0,0,0,0,0,289000,0,0,0,292000,3000,289000,289000
050390,聯發科統一94購09,0,0,0,0,0,0,0,0,0,289000,0,0,0,290000,1000,289000,289000
045113,玉晶光永豐92購01,0,0,0,0,0,0,0,0,0,287000,0,0,0,399000,112000,287000,287000
048278,聯發科永豐93購03,0,0,0,0,0,0,0,0,0,287000,0,0,0,367000,80000,287000,287000
050559,聯發科統一94購10,0,0,0,0,0,0,0,0,0,287000,0,0,0,371000,84000,287000,287000
5269,祥碩            ,315000,68000,247000,0,0,0,38000,0,38000,2000,2000,17000,-15000,23000,6000,17000,287000
053754,英業達元富96購02,0,0,0,0,0,0,0,0,0,286000,0,0,0,286000,0,286000,286000
05987P,健策統一96售02  ,0,0,0,0,0,0,0,0,0,286000,0,0,0,316000,30000,286000,286000
042119,宏達電國票91購01,0,0,0,0,0,0,0,0,0,285000,0,0,0,285000,0,285000,285000
051611,鈺齊群益95購02  ,0,0,0,0,0,0,0,0,0,284000,0,0,0,400000,116000,284000,284000
053083,中環元大99購01  ,0,0,0,0,0,0,0,0,0,283000,0,0,0,323000,40000,283000,283000
049979,美律凱基94購07  ,0,0,0,0,0,0,0,0,0,283000,0,0,0,283000,0,283000,283000
049447,聯電統一94購01  ,0,0,0,0,0,0,0,0,0,283000,0,0,0,283000,0,283000,283000
053475,華新科元大96購05,0,0,0,0,0,0,0,0,0,282000,0,0,0,513000,231000,282000,282000
053457,旺宏國泰98購03  ,0,0,0,0,0,0,0,0,0,282000,0,0,0,640000,358000,282000,282000
046508,冠德元大92購04  ,0,0,0,0,0,0,0,0,0,282000,0,0,0,282000,0,282000,282000
05569P,漢唐統一97售01  ,0,0,0,0,0,0,0,0,0,282000,0,0,0,284000,2000,282000,282000
2903,遠百            ,561000,270000,291000,0,0,0,0,0,0,-9000,0,9000,-9000,0,0,0,282000
5607,遠雄港          ,323000,38000,285000,0,0,0,0,0,0,-3000,0,3000,-3000,0,0,0,282000
044705,群創元大93購03  ,0,0,0,0,0,0,0,0,0,279000,0,0,0,726000,447000,279000,279000
047096,元油反國泰96購01,0,0,0,0,0,0,0,0,0,279000,0,0,0,529000,250000,279000,279000
051703,台積電群益95購04,0,0,0,0,0,0,0,0,0,279000,0,0,0,557000,278000,279000,279000
052207,台郡中信95購02  ,0,0,0,0,0,0,0,0,0,279000,0,0,0,303000,24000,279000,279000
054161,友訊凱基98購01  ,0,0,0,0,0,0,0,0,0,278000,0,0,0,291000,13000,278000,278000
044592,元油2X國票93購02,0,0,0,0,0,0,0,0,0,278000,0,0,0,358000,80000,278000,278000
047864,信邦康和93購01  ,0,0,0,0,0,0,0,0,0,276000,0,0,0,276000,0,276000,276000
048689,台光電群益94購01,0,0,0,0,0,0,0,0,0,276000,0,0,0,276000,0,276000,276000
047272,技嘉永豐93購01  ,0,0,0,0,0,0,0,0,0,275000,0,0,0,275000,0,275000,275000
048176,美利達國泰94購01,0,0,0,0,0,0,0,0,0,275000,0,0,0,307000,32000,275000,275000
044335,冠德統一91購05  ,0,0,0,0,0,0,0,0,0,273000,0,0,0,276000,3000,273000,273000
04943P,臻鼎康和94售01  ,0,0,0,0,0,0,0,0,0,273000,0,0,0,273000,0,273000,273000
049496,和鑫元大95購01  ,0,0,0,0,0,0,0,0,0,273000,0,0,0,326000,53000,273000,273000
06091P,華新科統一97售01,0,0,0,0,0,0,0,0,0,273000,0,0,0,322000,49000,273000,273000
054584,貿聯元富97購01  ,0,0,0,0,0,0,0,0,0,272000,0,0,0,660000,388000,272000,272000
050151,台積電群益94購12,0,0,0,0,0,0,0,0,0,272000,0,0,0,464000,192000,272000,272000
046787,和鑫永豐93購01  ,0,0,0,0,0,0,0,0,0,271000,0,0,0,271000,0,271000,271000
05512P,華新科台新97售01,0,0,0,0,0,0,0,0,0,271000,0,0,0,460000,189000,271000,271000
053975,大立光元大98購04,0,0,0,0,0,0,0,0,0,270000,0,0,0,270000,0,270000,270000
053859,台積電元大97購09,0,0,0,0,0,0,0,0,0,270000,0,0,0,582000,312000,270000,270000
044252,友達麥證91購01  ,0,0,0,270000,0,270000,0,0,0,270000,0,0,0,270000,0,270000,270000
08795P,聯發科凱基01售11,0,0,0,0,0,0,0,0,0,270000,0,0,0,370000,100000,270000,270000
052806,玉晶光元大98購04,0,0,0,0,0,0,0,0,0,269000,0,0,0,323000,54000,269000,269000
047046,台積電國票94購01,0,0,0,0,0,0,0,0,0,269000,0,0,0,330000,61000,269000,269000
045060,世紀鋼富邦93購01,0,0,0,0,0,0,0,0,0,268000,0,0,0,268000,0,268000,268000
054126,和大元大96購02  ,0,0,0,0,0,0,0,0,0,267000,0,0,0,417000,150000,267000,267000
047848,可成統一93購01  ,0,0,0,0,0,0,0,0,0,267000,0,0,0,287000,20000,267000,267000
053908,貿聯凱基98購01  ,0,0,0,0,0,0,0,0,0,266000,0,0,0,296000,30000,266000,266000
048662,京元電統一93購04,0,0,0,0,0,0,0,0,0,266000,0,0,0,276000,10000,266000,266000
047549,聯發科凱基93購12,0,0,0,0,0,0,0,0,0,266000,0,0,0,644000,378000,266000,266000
05006P,華通元富95售01  ,0,0,0,0,0,0,0,0,0,266000,0,0,0,386000,120000,266000,266000
00693U,街口S&P黃豆     ,0,0,0,0,0,0,0,0,0,265000,0,0,0,292000,27000,265000,265000
052534,貿聯國泰96購02  ,0,0,0,0,0,0,0,0,0,264000,0,0,0,651000,387000,264000,264000
052878,台虹凱基96購01  ,0,0,0,0,0,0,0,0,0,263000,0,0,0,598000,335000,263000,263000
047690,美律富邦97購01  ,0,0,0,0,0,0,0,0,0,262000,0,0,0,322000,60000,262000,262000
046892,聯發科群益93購04,0,0,0,0,0,0,0,0,0,262000,0,0,0,491000,229000,262000,262000
053845,和大元富96購01  ,0,0,0,0,0,0,0,0,0,261000,0,0,0,742000,481000,261000,261000
044645,元金2X群益93購01,0,0,0,0,0,0,0,0,0,261000,0,0,0,286000,25000,261000,261000
050884,聯茂國泰96購01  ,0,0,0,0,0,0,0,0,0,261000,0,0,0,445000,184000,261000,261000
052544,牧德元富95購01  ,0,0,0,0,0,0,0,0,0,260000,0,0,0,260000,0,260000,260000
04084P,台表科統一93售01,0,0,0,0,0,0,0,0,0,260000,0,0,0,260000,0,260000,260000
04253P,聯發科元富93售01,0,0,0,0,0,0,0,0,0,260000,0,0,0,599000,339000,260000,260000
046965,復盛中信93購01  ,0,0,0,0,0,0,0,0,0,260000,0,0,0,260000,0,260000,260000
051391,聯發科兆豐95購02,0,0,0,0,0,0,0,0,0,260000,0,0,0,420000,160000,260000,260000
043735,元金2X元大94購01,0,0,0,0,0,0,0,0,0,259000,0,0,0,475000,216000,259000,259000
046362,華通永豐92購02  ,0,0,0,0,0,0,0,0,0,259000,0,0,0,269000,10000,259000,259000
3044,健鼎            ,678000,426822,251178,0,0,0,0,0,0,7000,8000,4000,4000,6000,3000,3000,258178
046159,群創群益98購04  ,0,0,0,0,0,0,0,0,0,258000,0,0,0,1058000,800000,258000,258000
05680P,聯發科元大96售12,0,0,0,0,0,0,0,0,0,258000,0,0,0,297000,39000,258000,258000
050385,貿聯國票95購02  ,0,0,0,0,0,0,0,0,0,256000,0,0,0,348000,92000,256000,256000
06068P,玉晶光康和97售01,0,0,0,0,0,0,0,0,0,256000,0,0,0,266000,10000,256000,256000
5521,工信            ,378000,122000,256000,0,0,0,0,0,0,0,0,0,0,0,0,0,256000
046648,和鑫國泰94購01  ,0,0,0,0,0,0,0,0,0,255000,0,0,0,265000,10000,255000,255000
048734,美利達麥證94購01,0,0,0,265000,10000,255000,0,0,0,255000,0,0,0,265000,10000,255000,255000
050377,華通第一94購01  ,0,0,0,0,0,0,0,0,0,255000,0,0,0,255000,0,255000,255000
048027,京元電凱基93購03,0,0,0,0,0,0,0,0,0,253000,0,0,0,300000,47000,253000,253000
046139,京元電統一92購04,0,0,0,0,0,0,0,0,0,253000,0,0,0,511000,258000,253000,253000
053691,聯發科元大96購16,0,0,0,0,0,0,0,0,0,251000,0,0,0,276000,25000,251000,251000
00656R,國泰中國A50反1  ,0,0,0,0,0,0,0,0,0,251000,0,0,0,304000,53000,251000,251000
051052,台積電群益95購01,0,0,0,0,0,0,0,0,0,251000,0,0,0,252000,1000,251000,251000
3042,晶技            ,536000,246000,290000,0,0,0,0,0,0,-39000,5000,22000,-17000,5000,27000,-22000,251000
044613,智易兆豐94購01  ,0,0,0,0,0,0,0,0,0,250000,0,0,0,250000,0,250000,250000
047852,矽創元富93購01  ,0,0,0,0,0,0,0,0,0,250000,0,0,0,250000,0,250000,250000
05029P,鴻海元富95售04  ,0,0,0,0,0,0,0,0,0,250000,0,0,0,380000,130000,250000,250000
050641,上証反凱基96購01,0,0,0,0,0,0,0,0,0,248000,0,0,0,749000,501000,248000,248000
05763P,致新永豐96售01  ,0,0,0,0,0,0,0,0,0,248000,0,0,0,248000,0,248000,248000
05269P,臻鼎元大95售05  ,0,0,0,0,0,0,0,0,0,247000,0,0,0,295000,48000,247000,247000
044496,群創元大93購02  ,0,0,0,0,0,0,0,0,0,246000,0,0,0,672000,426000,246000,246000
055049,智邦永豐97購01  ,0,0,0,0,0,0,0,0,0,246000,0,0,0,246000,0,246000,246000
053717,聯發科凱基96購17,0,0,0,0,0,0,0,0,0,244000,0,0,0,479000,235000,244000,244000
053167,欣興群益96購03  ,0,0,0,0,0,0,0,0,0,243000,0,0,0,248000,5000,243000,243000
051747,貿聯國泰96購01  ,0,0,0,0,0,0,0,0,0,243000,0,0,0,1174000,931000,243000,243000
051835,百和元大95購03  ,0,0,0,0,0,0,0,0,0,242000,0,0,0,268000,26000,242000,242000
050878,嘉聯益統一95購01,0,0,0,0,0,0,0,0,0,242000,0,0,0,242000,0,242000,242000
08679P,台灣50元大01售15,0,0,0,0,0,0,0,0,0,242000,0,0,0,242000,0,242000,242000
2838,聯邦銀          ,566000,299000,267000,0,0,0,0,0,0,-25000,0,25000,-25000,0,0,0,242000
2385,群光            ,1100000,935000,165000,0,0,0,2000,0,2000,74000,2000,8000,-6000,80000,0,80000,241000
049894,嘉聯益富邦98購01,0,0,0,0,0,0,0,0,0,240000,0,0,0,443000,203000,240000,240000
049871,T50反1台新9A購02,0,0,0,0,0,0,0,0,0,240000,0,0,0,250000,10000,240000,240000
04594P,緯穎元大94售04  ,0,0,0,0,0,0,0,0,0,240000,0,0,0,242000,2000,240000,240000
052000,鈺齊元大95購03  ,0,0,0,0,0,0,0,0,0,240000,0,0,0,772000,532000,240000,240000
04367P,滬深2X凱基95售04,0,0,0,0,0,0,0,0,0,239000,0,0,0,381000,142000,239000,239000
2393,億光            ,679000,456000,223000,0,0,0,0,0,0,16000,2000,4000,-2000,18000,0,18000,239000
04674P,全新統一95售01  ,0,0,0,0,0,0,0,0,0,238000,0,0,0,238000,0,238000,238000
053018,旺宏元富96購02  ,0,0,0,0,0,0,0,0,0,237000,0,0,0,242000,5000,237000,237000
043958,臻鼎元富94購01  ,0,0,0,0,0,0,0,0,0,237000,0,0,0,482000,245000,237000,237000
049417,奇力新凱基94購02,0,0,0,0,0,0,0,0,0,237000,0,0,0,293000,56000,237000,237000
051916,和碩元大95購02  ,0,0,0,0,0,0,0,0,0,236000,0,0,0,295000,59000,236000,236000
045166,深100富邦92購01 ,0,0,0,0,0,0,0,0,0,235000,0,0,0,235000,0,235000,235000
049863,京元電兆豐94購01,0,0,0,0,0,0,0,0,0,234000,0,0,0,254000,20000,234000,234000
053106,鴻海兆豐98購01  ,0,0,0,0,0,0,0,0,0,233000,0,0,0,288000,55000,233000,233000
045035,潤泰全群益93購01,0,0,0,0,0,0,0,0,0,233000,0,0,0,299000,66000,233000,233000
048675,台達電國泰94購02,0,0,0,0,0,0,0,0,0,233000,0,0,0,304000,71000,233000,233000
03162P,泰碩元大01售02  ,0,0,0,0,0,0,0,0,0,232000,0,0,0,232000,0,232000,232000
046208,滬深2X元富95購03,0,0,0,0,0,0,0,0,0,232000,0,0,0,257000,25000,232000,232000
2419,仲琦            ,430000,296000,134000,0,0,0,0,0,0,97000,100000,3000,97000,0,0,0,231000
05656P,台表科統一96售01,0,0,0,0,0,0,0,0,0,231000,0,0,0,431000,200000,231000,231000
054243,國喬元大96購01  ,0,0,0,0,0,0,0,0,0,230000,0,0,0,318000,88000,230000,230000
043137,嘉聯益永豐92購01,0,0,0,0,0,0,0,0,0,230000,0,0,0,230000,0,230000,230000
047342,T50反1中信99購01,0,0,0,0,0,0,0,0,0,230000,0,0,0,230000,0,230000,230000
046677,矽創元大93購03  ,0,0,0,0,0,0,0,0,0,230000,0,0,0,230000,0,230000,230000
048225,全新凱基93購03  ,0,0,0,0,0,0,0,0,0,230000,0,0,0,315000,85000,230000,230000
047232,禾伸堂凱基93購02,0,0,0,0,0,0,0,0,0,230000,0,0,0,314000,84000,230000,230000
047266,嘉聯益國票94購02,0,0,0,0,0,0,0,0,0,230000,0,0,0,278000,48000,230000,230000
05595P,友達統一96售02  ,0,0,0,0,0,0,0,0,0,230000,0,0,0,368000,138000,230000,230000
06037P,超眾國票98售02  ,0,0,0,0,0,0,0,0,0,230000,0,0,0,230000,0,230000,230000
049101,聯詠國泰95購01  ,0,0,0,0,0,0,0,0,0,229000,0,0,0,430000,201000,229000,229000
053319,可成群益96購04  ,0,0,0,0,0,0,0,0,0,228000,0,0,0,244000,16000,228000,228000
04905P,國巨國票94售04  ,0,0,0,0,0,0,0,0,0,228000,0,0,0,312000,84000,228000,228000
05083P,麗豐永豐95售02  ,0,0,0,0,0,0,0,0,0,227000,0,0,0,229000,2000,227000,227000
05570P,聯發科統一96售04,0,0,0,0,0,0,0,0,0,227000,0,0,0,227000,0,227000,227000
052808,矽力元大96購02  ,0,0,0,0,0,0,0,0,0,226000,0,0,0,578000,352000,226000,226000
04867P,美律統一94售03  ,0,0,0,0,0,0,0,0,0,226000,0,0,0,229000,3000,226000,226000
050627,華通中信94購02  ,0,0,0,0,0,0,0,0,0,226000,0,0,0,330000,104000,226000,226000
052977,奇力新麥證97購01,0,0,0,395000,149000,246000,0,0,0,225000,0,0,0,397000,172000,225000,225000
048065,群創統一93購04  ,0,0,0,0,0,0,0,0,0,225000,0,0,0,302000,77000,225000,225000
049522,華通兆豐94購02  ,0,0,0,0,0,0,0,0,0,225000,0,0,0,281000,56000,225000,225000
046512,和鑫元大92購01  ,0,0,0,0,0,0,0,0,0,225000,0,0,0,225000,0,225000,225000
050709,嘉聯益第一96購01,0,0,0,0,0,0,0,0,0,225000,0,0,0,225000,0,225000,225000
049767,奇力新元富94購01,0,0,0,0,0,0,0,0,0,225000,0,0,0,225000,0,225000,225000
06014P,聯發科富邦97售02,0,0,0,0,0,0,0,0,0,225000,0,0,0,235000,10000,225000,225000
052936,華通兆豐98購01  ,0,0,0,0,0,0,0,0,0,224000,0,0,0,257000,33000,224000,224000
04213P,台光電凱基93售11,0,0,0,0,0,0,0,0,0,224000,0,0,0,304000,80000,224000,224000
048070,聯發科元富99購03,0,0,0,0,0,0,0,0,0,224000,0,0,0,224000,0,224000,224000
050488,美食元富94購02  ,0,0,0,0,0,0,0,0,0,224000,0,0,0,234000,10000,224000,224000
045515,滬深2X統一92購01,0,0,0,0,0,0,0,0,0,223000,0,0,0,548000,325000,223000,223000
045520,嘉聯益元富92購01,0,0,0,0,0,0,0,0,0,223000,0,0,0,223000,0,223000,223000
045099,日股反中信93購01,0,0,0,0,0,0,0,0,0,223000,0,0,0,270000,47000,223000,223000
044724,亞光永豐91購01  ,0,0,0,0,0,0,0,0,0,222000,0,0,0,279000,57000,222000,222000
044405,材料凱基93購01  ,0,0,0,0,0,0,0,0,0,221000,0,0,0,400000,179000,221000,221000
050684,台郡元富94購02  ,0,0,0,0,0,0,0,0,0,221000,0,0,0,221000,0,221000,221000
051570,和碩富邦97購01  ,0,0,0,0,0,0,0,0,0,221000,0,0,0,342000,121000,221000,221000
05985P,燿華統一96售03  ,0,0,0,0,0,0,0,0,0,221000,0,0,0,231000,10000,221000,221000
053365,彩晶國泰98購01  ,0,0,0,0,0,0,0,0,0,220000,0,0,0,400000,180000,220000,220000
045690,啟碁元大92購01  ,0,0,0,0,0,0,0,0,0,220000,0,0,0,220000,0,220000,220000
045084,欣興元大93購02  ,0,0,0,0,0,0,0,0,0,220000,0,0,0,220000,0,220000,220000
047944,中石化元富96購01,0,0,0,0,0,0,0,0,0,220000,0,0,0,300000,80000,220000,220000
049178,宏達電凱基94購02,0,0,0,0,0,0,0,0,0,220000,0,0,0,220000,0,220000,220000
03186P,台積電元大01售50,0,0,0,0,0,0,0,0,0,219000,0,0,0,219000,0,219000,219000
006206,元大上證50      ,1000,3000,-2000,0,0,0,0,0,0,221000,0,0,0,225000,4000,221000,219000
05080P,亞光永豐95售02  ,0,0,0,0,0,0,0,0,0,219000,0,0,0,223000,4000,219000,219000
049827,正崴凱基94購01  ,0,0,0,0,0,0,0,0,0,218000,0,0,0,226000,8000,218000,218000
050998,訊連元大95購01  ,0,0,0,0,0,0,0,0,0,218000,0,0,0,220000,2000,218000,218000
049245,和鑫元富95購01  ,0,0,0,0,0,0,0,0,0,218000,0,0,0,218000,0,218000,218000
045470,康控元大94購03  ,0,0,0,0,0,0,0,0,0,217000,0,0,0,217000,0,217000,217000
046054,冠德群益93購01  ,0,0,0,0,0,0,0,0,0,217000,0,0,0,227000,10000,217000,217000
051843,聯發科富邦99購01,0,0,0,0,0,0,0,0,0,217000,0,0,0,423000,206000,217000,217000
050926,禾伸堂凱基95購01,0,0,0,0,0,0,0,0,0,216000,0,0,0,300000,84000,216000,216000
05642P,玉晶光兆豐97售02,0,0,0,0,0,0,0,0,0,216000,0,0,0,216000,0,216000,216000
04549P,茂林元大94售02  ,0,0,0,0,0,0,0,0,0,215000,0,0,0,215000,0,215000,215000
03828P,致茂中信95售01  ,0,0,0,0,0,0,0,0,0,215000,0,0,0,265000,50000,215000,215000
04963P,鴻海元大94售25  ,0,0,0,0,0,0,0,0,0,215000,0,0,0,311000,96000,215000,215000
047469,華通中信93購01  ,0,0,0,0,0,0,0,0,0,215000,0,0,0,261000,46000,215000,215000
045803,旺宏國票93購01  ,0,0,0,0,0,0,0,0,0,214000,0,0,0,266000,52000,214000,214000
045307,群創元大93購04  ,0,0,0,0,0,0,0,0,0,214000,0,0,0,280000,66000,214000,214000
044303,群創兆豐92購01  ,0,0,0,0,0,0,0,0,0,214000,0,0,0,414000,200000,214000,214000
8021,尖點            ,285000,70000,215000,0,0,0,0,0,0,-1000,0,1000,-1000,0,0,0,214000
053015,緯創統一96購01  ,0,0,0,0,0,0,0,0,0,213000,0,0,0,213000,0,213000,213000
049575,美食康和94購02  ,0,0,0,0,0,0,0,0,0,213000,0,0,0,213000,0,213000,213000
047343,台達電中信95購01,0,0,0,0,0,0,0,0,0,213000,0,0,0,335000,122000,213000,213000
049197,信邦永豐94購01  ,0,0,0,0,0,0,0,0,0,213000,0,0,0,213000,0,213000,213000
052319,可成元大95購12  ,0,0,0,0,0,0,0,0,0,213000,0,0,0,250000,37000,213000,213000
047880,聯發科國泰94購03,0,0,0,0,0,0,0,0,0,212000,0,0,0,255000,43000,212000,212000
03208P,國巨中信02售02  ,0,0,0,0,0,0,0,0,0,212000,0,0,0,222000,10000,212000,212000
046533,為升群益92購02  ,0,0,0,0,0,0,0,0,0,212000,0,0,0,212000,0,212000,212000
050046,矽力兆豐94購01  ,0,0,0,0,0,0,0,0,0,212000,0,0,0,237000,25000,212000,212000
03281P,台積電凱基04售01,0,0,0,0,0,0,0,0,0,211000,0,0,0,221000,10000,211000,211000
04250P,嘉晶統一95售02  ,0,0,0,0,0,0,0,0,0,211000,0,0,0,211000,0,211000,211000
049683,美食統一94購01  ,0,0,0,0,0,0,0,0,0,211000,0,0,0,211000,0,211000,211000
049735,台光電群益94購03,0,0,0,0,0,0,0,0,0,211000,0,0,0,277000,66000,211000,211000
052400,聯詠凱基97購01  ,0,0,0,0,0,0,0,0,0,210000,0,0,0,210000,0,210000,210000
04855P,上証2X元富94售02,0,0,0,0,0,0,0,0,0,210000,0,0,0,210000,0,210000,210000
045189,大立光元富98購01,0,0,0,0,0,0,0,0,0,210000,0,0,0,264000,54000,210000,210000
044275,欣興群益92購01  ,0,0,0,0,0,0,0,0,0,210000,0,0,0,210000,0,210000,210000
049620,美食群益94購01  ,0,0,0,0,0,0,0,0,0,210000,0,0,0,210000,0,210000,210000
047372,創意國票94購01  ,0,0,0,0,0,0,0,0,0,210000,0,0,0,410000,200000,210000,210000
052247,深中小永豐95購01,0,0,0,0,0,0,0,0,0,210000,0,0,0,210000,0,210000,210000
05664P,國巨凱基96售09  ,0,0,0,0,0,0,0,0,0,210000,0,0,0,270000,60000,210000,210000
05330P,臺股指凱基95售14,0,0,0,0,0,0,0,0,0,209000,0,0,0,419000,210000,209000,209000
05431P,台光電統一97售01,0,0,0,0,0,0,0,0,0,209000,0,0,0,209000,0,209000,209000
03103P,聯發科元富01售02,0,0,0,0,0,0,0,0,0,209000,0,0,0,209000,0,209000,209000
046589,康控元大92購03  ,0,0,0,0,0,0,0,0,0,209000,0,0,0,209000,0,209000,209000
048828,禾伸堂凱基94購02,0,0,0,0,0,0,0,0,0,209000,0,0,0,550000,341000,209000,209000
049205,聯發科群益94購05,0,0,0,0,0,0,0,0,0,209000,0,0,0,281000,72000,209000,209000
054608,致茂永豐97購01  ,0,0,0,0,0,0,0,0,0,208000,0,0,0,298000,90000,208000,208000
053863,聯發科元大96購18,0,0,0,0,0,0,0,0,0,208000,0,0,0,459000,251000,208000,208000
03419P,玉晶光群益03售04,0,0,0,0,0,0,0,0,0,208000,0,0,0,208000,0,208000,208000
044456,鈺齊永豐91購02  ,0,0,0,0,0,0,0,0,0,208000,0,0,0,263000,55000,208000,208000
051656,嘉聯益元富95購02,0,0,0,0,0,0,0,0,0,208000,0,0,0,243000,35000,208000,208000
051020,健策凱基96購02  ,0,0,0,0,0,0,0,0,0,208000,0,0,0,456000,248000,208000,208000
4414,如興            ,337000,129000,208000,0,0,0,0,0,0,0,0,0,0,0,0,0,208000
04568P,瑞昱兆豐94售02  ,0,0,0,0,0,0,0,0,0,207000,0,0,0,211000,4000,207000,207000
04551P,台表科元大94售02,0,0,0,0,0,0,0,0,0,207000,0,0,0,207000,0,207000,207000
045595,明泰兆豐92購01  ,0,0,0,0,0,0,0,0,0,207000,0,0,0,207000,0,207000,207000
04742P,瑞昱統一94售01  ,0,0,0,0,0,0,0,0,0,207000,0,0,0,241000,34000,207000,207000
04655P,臺股指凱基94售14,0,0,0,0,0,0,0,0,0,207000,0,0,0,611000,404000,207000,207000
052563,京元電日盛96購01,0,0,0,0,0,0,0,0,0,206000,0,0,0,206000,0,206000,206000
03903P,美律永豐93售01  ,0,0,0,0,0,0,0,0,0,206000,0,0,0,326000,120000,206000,206000
044049,元金2X元大94購03,0,0,0,0,0,0,0,0,0,206000,0,0,0,310000,104000,206000,206000
053314,A50正2群益9A購01,0,0,0,0,0,0,0,0,0,205000,0,0,0,205000,0,205000,205000
053256,上銀富邦98購01  ,0,0,0,0,0,0,0,0,0,205000,0,0,0,317000,112000,205000,205000
047885,元金2X富邦99購01,0,0,0,0,0,0,0,0,0,205000,0,0,0,290000,85000,205000,205000
051367,可成富邦97購01  ,0,0,0,0,0,0,0,0,0,205000,0,0,0,405000,200000,205000,205000
051948,滬深2X元富9B購01,0,0,0,0,0,0,0,0,0,205000,0,0,0,207000,2000,205000,205000
03171P,台積電中信05售07,0,0,0,0,0,0,0,0,0,204000,0,0,0,204000,0,204000,204000
05130P,聯發科統一95售03,0,0,0,0,0,0,0,0,0,204000,0,0,0,206000,2000,204000,204000
048882,智原統一96購01  ,0,0,0,0,0,0,0,0,0,203000,0,0,0,287000,84000,203000,203000
051487,健策凱基96購03  ,0,0,0,0,0,0,0,0,0,203000,0,0,0,268000,65000,203000,203000
05186P,鈺齊中信95售02  ,0,0,0,0,0,0,0,0,0,203000,0,0,0,248000,45000,203000,203000
048246,京元電兆豐93購02,0,0,0,0,0,0,0,0,0,201000,0,0,0,201000,0,201000,201000
053590,新光金元大9A購02,0,0,0,0,0,0,0,0,0,200000,0,0,0,303000,103000,200000,200000
048840,上海銀凱基94購02,0,0,0,0,0,0,0,0,0,200000,0,0,0,200000,0,200000,200000
045871,元油2X元富96購03,0,0,0,0,0,0,0,0,0,200000,0,0,0,205000,5000,200000,200000
045212,T50反1元大93購01,0,0,0,0,0,0,0,0,0,200000,0,0,0,200000,0,200000,200000
03416P,聯電台新02售02  ,0,0,0,0,0,0,0,0,0,200000,0,0,0,200000,0,200000,200000
03590P,臺股指元大03售13,0,0,0,0,0,0,0,0,0,200000,0,0,0,200000,0,200000,200000
03154P,華新科群益01售07,0,0,0,0,0,0,0,0,0,200000,0,0,0,200000,0,200000,200000
04012P,台積電元大93售23,0,0,0,0,0,0,0,0,0,200000,0,0,0,200000,0,200000,200000
041885,GIS國票91購01   ,0,0,0,0,0,0,0,0,0,200000,0,0,0,200000,0,200000,200000
047555,欣興凱基93購01  ,0,0,0,0,0,0,0,0,0,200000,0,0,0,200000,0,200000,200000
046730,瀚宇博元大93購02,0,0,0,0,0,0,0,0,0,200000,0,0,0,200000,0,200000,200000
048393,台光電國票93購02,0,0,0,0,0,0,0,0,0,200000,0,0,0,350000,150000,200000,200000
048372,美利達統一93購01,0,0,0,0,0,0,0,0,0,200000,0,0,0,260000,60000,200000,200000
045896,正文元大92購03  ,0,0,0,0,0,0,0,0,0,200000,0,0,0,200000,0,200000,200000
049285,宏碁兆豐94購01  ,0,0,0,0,0,0,0,0,0,200000,0,0,0,210000,10000,200000,200000
050660,欣興元大96購02  ,0,0,0,0,0,0,0,0,0,200000,0,0,0,200000,0,200000,200000
04298P,祥碩元大93售02  ,0,0,0,0,0,0,0,0,0,199000,0,0,0,200000,1000,199000,199000
046895,智伸科群益93購02,0,0,0,0,0,0,0,0,0,199000,0,0,0,199000,0,199000,199000
05574P,英業達元富96售01,0,0,0,0,0,0,0,0,0,199000,0,0,0,399000,200000,199000,199000
044426,欣興國泰93購02  ,0,0,0,0,0,0,0,0,0,198000,0,0,0,205000,7000,198000,198000
046022,國喬元大92購01  ,0,0,0,0,0,0,0,0,0,198000,0,0,0,212000,14000,198000,198000
052992,冠德台新96購01  ,0,0,0,0,0,0,0,0,0,197000,0,0,0,197000,0,197000,197000
049962,台光電元富94購01,0,0,0,0,0,0,0,0,0,197000,0,0,0,207000,10000,197000,197000
043936,和大兆豐92購01  ,0,0,0,0,0,0,0,0,0,196000,0,0,0,456000,260000,196000,196000
052232,貿聯凱基96購02  ,0,0,0,0,0,0,0,0,0,196000,0,0,0,196000,0,196000,196000
053856,台積電富邦98購01,0,0,0,0,0,0,0,0,0,195000,0,0,0,663000,468000,195000,195000
053657,元大金凱基96購01,0,0,0,0,0,0,0,0,0,195000,0,0,0,200000,5000,195000,195000
043190,宏達電元大93購01,0,0,0,0,0,0,0,0,0,195000,0,0,0,199000,4000,195000,195000
04852P,臻鼎永豐94售02  ,0,0,0,0,0,0,0,0,0,195000,0,0,0,195000,0,195000,195000
051221,嘉聯益元富95購01,0,0,0,0,0,0,0,0,0,195000,0,0,0,195000,0,195000,195000
06136P,華新科國泰99售02,0,0,0,0,0,0,0,0,0,195000,0,0,0,391000,196000,195000,195000
052803,冠德元大96購01  ,0,0,0,0,0,0,0,0,0,194000,0,0,0,213000,19000,194000,194000
053213,建準凱基96購02  ,0,0,0,0,0,0,0,0,0,194000,0,0,0,194000,0,194000,194000
044810,為升國票93購01  ,0,0,0,0,0,0,0,0,0,194000,0,0,0,194000,0,194000,194000
049830,智易凱基94購02  ,0,0,0,0,0,0,0,0,0,194000,0,0,0,215000,21000,194000,194000
05315P,鴻海永昌96售08  ,0,0,0,0,0,0,0,0,0,193000,0,0,0,203000,10000,193000,193000
04044P,鴻海元大93售18  ,0,0,0,0,0,0,0,0,0,193000,0,0,0,195000,2000,193000,193000
054376,聯茂中信97購01  ,0,0,0,0,0,0,0,0,0,192000,0,0,0,227000,35000,192000,192000
044922,玉晶光永豐93購01,0,0,0,0,0,0,0,0,0,192000,0,0,0,222000,30000,192000,192000
04752P,大立光群益94售07,0,0,0,0,0,0,0,0,0,192000,0,0,0,205000,13000,192000,192000
6591,動力-KY         ,224000,33000,191000,0,0,0,0,0,0,1000,1000,0,1000,0,0,0,192000
053364,友達國泰98購01  ,0,0,0,0,0,0,0,0,0,191000,0,0,0,221000,30000,191000,191000
051268,創意富邦97購01  ,0,0,0,0,0,0,0,0,0,191000,0,0,0,587000,396000,191000,191000
051440,鴻海元大95購12  ,0,0,0,0,0,0,0,0,0,191000,0,0,0,345000,154000,191000,191000
052243,致茂康和95購01  ,0,0,0,0,0,0,0,0,0,191000,0,0,0,287000,96000,191000,191000
05850P,台積電兆豐96售06,0,0,0,0,0,0,0,0,0,191000,0,0,0,455000,264000,191000,191000
044855,南電國泰93購01  ,0,0,0,0,0,0,0,0,0,190000,0,0,0,529000,339000,190000,190000
045858,元油2X統一94購02,0,0,0,0,0,0,0,0,0,190000,0,0,0,250000,60000,190000,190000
043046,羅麗芬元富92購01,0,0,0,0,0,0,0,0,0,190000,0,0,0,190000,0,190000,190000
051894,嘉聯益元富95購03,0,0,0,0,0,0,0,0,0,190000,0,0,0,210000,20000,190000,190000
3008,大立光          ,337124,126230,210894,0,0,0,2000,19100,-17100,-4000,2000,6000,-4000,4000,4000,0,189794
054017,茂林永豐96購02  ,0,0,0,0,0,0,0,0,0,189000,0,0,0,216000,27000,189000,189000
044290,群創凱基93購05  ,0,0,0,0,0,0,0,0,0,189000,0,0,0,926000,737000,189000,189000
047284,華通統一93購03  ,0,0,0,0,0,0,0,0,0,189000,0,0,0,248000,59000,189000,189000
051648,TPK永豐95購01   ,0,0,0,0,0,0,0,0,0,189000,0,0,0,260000,71000,189000,189000
05761P,嘉澤永豐96售01  ,0,0,0,0,0,0,0,0,0,189000,0,0,0,189000,0,189000,189000
048038,樺漢凱基93購03  ,0,0,0,0,0,0,0,0,0,188000,0,0,0,208000,20000,188000,188000
047108,華邦電元大93購03,0,0,0,0,0,0,0,0,0,188000,0,0,0,208000,20000,188000,188000
049701,聯茂元大94購05  ,0,0,0,0,0,0,0,0,0,188000,0,0,0,260000,72000,188000,188000
04833P,鴻海元大94售16  ,0,0,0,0,0,0,0,0,0,188000,0,0,0,209000,21000,188000,188000
05383P,鴻海富邦95售06  ,0,0,0,0,0,0,0,0,0,187000,0,0,0,1460000,1273000,187000,187000
047973,華通兆豐94購01  ,0,0,0,0,0,0,0,0,0,187000,0,0,0,202000,15000,187000,187000
049737,美食群益94購03  ,0,0,0,0,0,0,0,0,0,187000,0,0,0,197000,10000,187000,187000
052695,台表科中信98購01,0,0,0,0,0,0,0,0,0,186000,0,0,0,226000,40000,186000,186000
047893,嘉聯益兆豐94購01,0,0,0,0,0,0,0,0,0,186000,0,0,0,515000,329000,186000,186000
050010,鈺齊永豐94購01  ,0,0,0,0,0,0,0,0,0,186000,0,0,0,522000,336000,186000,186000
03885P,華新科統一96售01,0,0,0,0,0,0,0,0,0,185000,0,0,0,270000,85000,185000,185000
046166,嘉聯益兆豐93購01,0,0,0,0,0,0,0,0,0,185000,0,0,0,185000,0,185000,185000
045568,上証2X元大95購01,0,0,0,0,0,0,0,0,0,184000,0,0,0,188000,4000,184000,184000
046801,中橡元大93購01  ,0,0,0,0,0,0,0,0,0,184000,0,0,0,319000,135000,184000,184000
05543P,鴻海元富96售04  ,0,0,0,0,0,0,0,0,0,184000,0,0,0,184000,0,184000,184000
05861P,瀚宇博永豐96售02,1000,0,1000,0,0,0,0,0,0,183000,0,0,0,184000,1000,183000,184000
053293,聯發科中信9B購01,0,0,0,0,0,0,0,0,0,183000,0,0,0,193000,10000,183000,183000
04338P,亞光元大93售04  ,0,0,0,0,0,0,0,0,0,183000,0,0,0,365000,182000,183000,183000
050045,祥碩兆豐94購01  ,0,0,0,0,0,0,0,0,0,183000,0,0,0,358000,175000,183000,183000
052923,台積電永豐96購02,0,0,0,0,0,0,0,0,0,182000,0,0,0,375000,193000,182000,182000
050533,致新元大94購03  ,0,0,0,0,0,0,0,0,0,182000,0,0,0,381000,199000,182000,182000
044692,鈺齊凱基91購01  ,0,0,0,0,0,0,0,0,0,181000,0,0,0,192000,11000,181000,181000
049082,晶豪科凱基94購01,0,0,0,0,0,0,0,0,0,181000,0,0,0,214000,33000,181000,181000
05162P,玉晶光國票96售03,0,0,0,0,0,0,0,0,0,181000,0,0,0,216000,35000,181000,181000
051277,聯發科中信9A購01,0,0,0,0,0,0,0,0,0,181000,0,0,0,533000,352000,181000,181000
6139,亞翔            ,252000,70000,182000,0,0,0,0,0,0,-1000,0,1000,-1000,0,0,0,181000
3443,創意            ,380000,150000,230000,0,0,0,0,2000,-2000,-47000,4000,6000,-2000,4000,49000,-45000,181000
053338,台光電國票97購01,0,0,0,0,0,0,0,0,0,180000,0,0,0,181000,1000,180000,180000
04257P,景碩國票93售01  ,0,0,0,0,0,0,0,0,0,180000,0,0,0,190000,10000,180000,180000
049812,致伸元大94購03  ,0,0,0,0,0,0,0,0,0,180000,0,0,0,242000,62000,180000,180000
049545,台積電群益94購09,0,0,0,0,0,0,0,0,0,180000,0,0,0,388000,208000,180000,180000
050142,聯發科元富9A購01,0,0,0,0,0,0,0,0,0,180000,0,0,0,690000,510000,180000,180000
06127P,泰碩元富97售01  ,0,0,0,0,0,0,0,0,0,180000,0,0,0,200000,20000,180000,180000
045184,京元電統一93購01,0,0,0,0,0,0,0,0,0,179000,0,0,0,278000,99000,179000,179000
04911P,美律元富94售02  ,0,0,0,0,0,0,0,0,0,179000,0,0,0,179000,0,179000,179000
047484,聯詠凱基93購03  ,0,0,0,0,0,0,0,0,0,179000,0,0,0,183000,4000,179000,179000
051993,和碩元大95購03  ,0,0,0,0,0,0,0,0,0,179000,0,0,0,274000,95000,179000,179000
053809,上銀群益96購02  ,0,0,0,0,0,0,0,0,0,178000,0,0,0,200000,22000,178000,178000
04187P,麗豐元富93售02  ,0,0,0,0,0,0,0,0,0,178000,0,0,0,200000,22000,178000,178000
050697,冠德凱基96購01  ,0,0,0,0,0,0,0,0,0,178000,0,0,0,211000,33000,178000,178000
054507,鈺齊永豐96購01  ,0,0,0,0,0,0,0,0,0,177000,0,0,0,459000,282000,177000,177000
046503,京元電元大92購08,0,0,0,0,0,0,0,0,0,177000,0,0,0,177000,0,177000,177000
053332,創意永豐96購03  ,0,0,0,0,0,0,0,0,0,176000,0,0,0,192000,16000,176000,176000
049342,聯發科統一94購05,0,0,0,0,0,0,0,0,0,176000,0,0,0,219000,43000,176000,176000
054300,華通凱基96購07  ,0,0,0,0,0,0,0,0,0,175000,0,0,0,184000,9000,175000,175000
043879,貿聯元大92購01  ,0,0,0,0,0,0,0,0,0,175000,0,0,0,195000,20000,175000,175000
047913,美利達麥證93購01,0,0,0,185000,10000,175000,0,0,0,175000,0,0,0,185000,10000,175000,175000
050758,聯發科元富9B購01,0,0,0,0,0,0,0,0,0,175000,0,0,0,215000,40000,175000,175000
05031P,台光電元富95售01,0,0,0,0,0,0,0,0,0,175000,0,0,0,199000,24000,175000,175000
06040P,亞光康和96售03  ,0,0,0,0,0,0,0,0,0,175000,0,0,0,175000,0,175000,175000
053368,京元電富邦98購01,0,0,0,0,0,0,0,0,0,174000,0,0,0,444000,270000,174000,174000
053294,聯發科中信9C購01,0,0,0,0,0,0,0,0,0,174000,0,0,0,212000,38000,174000,174000
047733,友達兆豐95購01  ,0,0,0,0,0,0,0,0,0,174000,0,0,0,220000,46000,174000,174000
048426,超眾元富93購01  ,0,0,0,0,0,0,0,0,0,174000,0,0,0,259000,85000,174000,174000
049088,上緯控凱基94購02,0,0,0,0,0,0,0,0,0,174000,0,0,0,174000,0,174000,174000
054590,嘉聯益國泰98購01,0,0,0,0,0,0,0,0,0,173000,0,0,0,296000,123000,173000,173000
054190,矽創永豐96購01  ,0,0,0,0,0,0,0,0,0,173000,0,0,0,174000,1000,173000,173000
04284P,瀚宇博永豐93售01,0,0,0,0,0,0,0,0,0,173000,0,0,0,173000,0,173000,173000
048773,貿聯凱基94購01  ,0,0,0,0,0,0,0,0,0,172000,0,0,0,674000,502000,172000,172000
054198,台積電永昌96購08,0,0,0,0,0,0,0,0,0,171000,0,0,0,316000,145000,171000,171000
044725,禾伸堂永豐91購01,0,0,0,0,0,0,0,0,0,171000,0,0,0,321000,150000,171000,171000
050485,國巨統一96購01  ,0,0,0,0,0,0,0,0,0,171000,0,0,0,201000,30000,171000,171000
050972,台虹永豐95購01  ,0,0,0,0,0,0,0,0,0,171000,0,0,0,406000,235000,171000,171000
052106,明泰兆豐95購01  ,0,0,0,0,0,0,0,0,0,171000,0,0,0,171000,0,171000,171000
054708,華通統一97購02  ,0,0,0,0,0,0,0,0,0,170000,0,0,0,329000,159000,170000,170000
04570P,台積電國票94售05,0,0,0,0,0,0,0,0,0,170000,0,0,0,600000,430000,170000,170000
045008,南亞科元大92購02,0,0,0,0,0,0,0,0,0,170000,0,0,0,240000,70000,170000,170000
045186,鴻海元富92購02  ,0,0,0,0,0,0,0,0,0,170000,0,0,0,260000,90000,170000,170000
03972P,可成元大93售07  ,0,0,0,0,0,0,0,0,0,170000,0,0,0,170000,0,170000,170000
046116,京元電元大92購05,0,0,0,0,0,0,0,0,0,170000,0,0,0,220000,50000,170000,170000
049516,光罩國票94購02  ,0,0,0,0,0,0,0,0,0,170000,0,0,0,240000,70000,170000,170000
049810,欣興元大95購03  ,0,0,0,0,0,0,0,0,0,170000,0,0,0,170000,0,170000,170000
051137,聯詠永豐95購01  ,0,0,0,0,0,0,0,0,0,170000,0,0,0,170000,0,170000,170000
06073P,健策永豐97售01  ,0,0,0,0,0,0,0,0,0,170000,0,0,0,170000,0,170000,170000
05611P,康控群益96售02  ,0,0,0,0,0,0,0,0,0,170000,0,0,0,170000,0,170000,170000
04786P,鴻海永昌96售01  ,0,0,0,0,0,0,0,0,0,169000,0,0,0,220000,51000,169000,169000
045733,瑞昱國票93購01  ,0,0,0,0,0,0,0,0,0,169000,0,0,0,179000,10000,169000,169000
047271,華通永豐93購01  ,0,0,0,0,0,0,0,0,0,169000,0,0,0,222000,53000,169000,169000
047098,大毅國泰94購01  ,0,0,0,0,0,0,0,0,0,169000,0,0,0,587000,418000,169000,169000
051821,京元電元富95購04,0,0,0,0,0,0,0,0,0,169000,0,0,0,169000,0,169000,169000
050087,美食台新94購01  ,0,0,0,0,0,0,0,0,0,169000,0,0,0,169000,0,169000,169000
046372,東元凱基92購01  ,0,0,0,0,0,0,0,0,0,168000,0,0,0,168000,0,168000,168000
046126,致伸元大92購05  ,0,0,0,0,0,0,0,0,0,168000,0,0,0,168000,0,168000,168000
048521,華通統一93購05  ,0,0,0,0,0,0,0,0,0,168000,0,0,0,219000,51000,168000,168000
051895,聯茂元富95購02  ,0,0,0,0,0,0,0,0,0,168000,0,0,0,168000,0,168000,168000
054800,訊芯群益99購01  ,0,0,0,0,0,0,0,0,0,167000,0,0,0,192000,25000,167000,167000
052734,台表科國泰98購02,0,0,0,0,0,0,0,0,0,167000,0,0,0,287000,120000,167000,167000
045390,新唐元大92購01  ,0,0,0,0,0,0,0,0,0,167000,0,0,0,167000,0,167000,167000
04008P,京元電國票93售01,0,0,0,0,0,0,0,0,0,167000,0,0,0,167000,0,167000,167000
04744P,臻鼎元富94售04  ,0,0,0,0,0,0,0,0,0,167000,0,0,0,229000,62000,167000,167000
05329P,臺股指凱基95售13,0,0,0,0,0,0,0,0,0,166000,0,0,0,166000,0,166000,166000
049123,可成元富94購01  ,0,0,0,0,0,0,0,0,0,166000,0,0,0,176000,10000,166000,166000
052875,樺漢凱基96購02  ,0,0,0,0,0,0,0,0,0,165000,0,0,0,247000,82000,165000,165000
053696,日月光元大96購05,0,0,0,0,0,0,0,0,0,165000,0,0,0,265000,100000,165000,165000
042093,台灣50群益94購02,10000,0,10000,0,0,0,0,0,0,155000,0,0,0,217000,62000,155000,165000
04890P,台積電元大95售05,0,0,0,0,0,0,0,0,0,165000,0,0,0,200000,35000,165000,165000
046221,台化元大92購02  ,0,0,0,0,0,0,0,0,0,165000,0,0,0,165000,0,165000,165000
049813,康控元大96購02  ,0,0,0,0,0,0,0,0,0,165000,0,0,0,165000,0,165000,165000
048273,南電富邦97購01  ,0,0,0,0,0,0,0,0,0,165000,0,0,0,295000,130000,165000,165000
051390,京元電兆豐95購01,0,0,0,0,0,0,0,0,0,165000,0,0,0,241000,76000,165000,165000
049960,嘉聯益統一94購01,0,0,0,0,0,0,0,0,0,165000,0,0,0,206000,41000,165000,165000
049287,可成兆豐95購01  ,0,0,0,0,0,0,0,0,0,165000,0,0,0,165000,0,165000,165000
053901,T50反1凱基99購03,0,0,0,0,0,0,0,0,0,164000,0,0,0,164000,0,164000,164000
045128,旺宏統一92購01  ,0,0,0,0,0,0,0,0,0,164000,0,0,0,192000,28000,164000,164000
04475P,欣興元大94售03  ,0,0,0,0,0,0,0,0,0,164000,0,0,0,194000,30000,164000,164000
051152,鴻海國泰97購01  ,0,0,0,0,0,0,0,0,0,164000,0,0,0,345000,181000,164000,164000
051665,台積電元大96購07,0,0,0,0,0,0,0,0,0,164000,0,0,0,320000,156000,164000,164000
04444P,玉晶光永豐94售06,0,0,0,0,0,0,0,0,0,163000,0,0,0,163000,0,163000,163000
04857P,美律元富94售01  ,0,0,0,0,0,0,0,0,0,163000,0,0,0,166000,3000,163000,163000
048014,貿聯國票93購03  ,0,0,0,0,0,0,0,0,0,163000,0,0,0,225000,62000,163000,163000
049667,大立光國泰96購01,0,0,0,0,0,0,0,0,0,163000,0,0,0,233000,70000,163000,163000
051732,華通國票97購01  ,0,0,0,0,0,0,0,0,0,163000,0,0,0,323000,160000,163000,163000
049353,茂林永豐94購03  ,0,0,0,0,0,0,0,0,0,163000,0,0,0,250000,87000,163000,163000
04479P,同欣電中信96售02,0,0,0,0,0,0,0,0,0,162000,0,0,0,162000,0,162000,162000
047966,華通國泰94購01  ,0,0,0,0,0,0,0,0,0,162000,0,0,0,172000,10000,162000,162000
052623,台郡兆豐96購01  ,0,0,0,0,0,0,0,0,0,161000,0,0,0,181000,20000,161000,161000
046672,聯茂元大93購01  ,0,0,0,0,0,0,0,0,0,161000,0,0,0,163000,2000,161000,161000
048378,貿聯元富93購01  ,0,0,0,0,0,0,0,0,0,161000,0,0,0,560000,399000,161000,161000
04823P,台積電元富94售09,0,0,0,0,0,0,0,0,0,161000,0,0,0,161000,0,161000,161000
049766,滬深2X元富94購02,0,0,0,0,0,0,0,0,0,161000,0,0,0,210000,49000,161000,161000
05287P,鴻海元富95售09  ,0,0,0,0,0,0,0,0,0,160000,0,0,0,180000,20000,160000,160000
054213,欣興國票97購04  ,0,0,0,0,0,0,0,0,0,160000,0,0,0,160000,0,160000,160000
044228,群創群益91購02  ,0,0,0,0,0,0,0,0,0,160000,0,0,0,160000,0,160000,160000
03110P,聯發科元大01售26,0,0,0,0,0,0,0,0,0,160000,0,0,0,160000,0,160000,160000
047950,滬深2X永豐94購02,0,0,0,0,0,0,0,0,0,160000,0,0,0,180000,20000,160000,160000
049988,貿聯凱基94購02  ,0,0,0,0,0,0,0,0,0,160000,0,0,0,560000,400000,160000,160000
050516,華通元大95購05  ,0,0,0,0,0,0,0,0,0,160000,0,0,0,616000,456000,160000,160000
04506P,旺宏元大94售06  ,0,0,0,0,0,0,0,0,0,159000,0,0,0,213000,54000,159000,159000
04949P,致新元大94售04  ,0,0,0,0,0,0,0,0,0,159000,0,0,0,159000,0,159000,159000
05002P,台積電統一95售03,0,0,0,0,0,0,0,0,0,159000,0,0,0,322000,163000,159000,159000
05144P,美律永豐95售02  ,0,0,0,0,0,0,0,0,0,159000,0,0,0,159000,0,159000,159000
06061P,訊芯統一97售01  ,0,0,0,0,0,0,0,0,0,159000,0,0,0,159000,0,159000,159000
052392,台表科群益96購02,0,0,0,0,0,0,0,0,0,158000,0,0,0,168000,10000,158000,158000
047784,元油反富邦94購03,0,0,0,0,0,0,0,0,0,158000,0,0,0,158000,0,158000,158000
051351,台積電元大95購15,0,0,0,0,0,0,0,0,0,158000,0,0,0,708000,550000,158000,158000
051603,深中小群益99購03,0,0,0,0,0,0,0,0,0,158000,0,0,0,158000,0,158000,158000
051045,南茂永豐95購01  ,0,0,0,0,0,0,0,0,0,158000,0,0,0,168000,10000,158000,158000
05469P,台積電元大95售24,0,0,0,0,0,0,0,0,0,157000,0,0,0,213000,56000,157000,157000
04608P,晶相光永豐94售02,0,0,0,0,0,0,0,0,0,157000,0,0,0,163000,6000,157000,157000
050133,鈺齊凱基94購01  ,0,0,0,0,0,0,0,0,0,157000,0,0,0,287000,130000,157000,157000
053175,矽力群益96購01  ,0,0,0,0,0,0,0,0,0,156000,0,0,0,987000,831000,156000,156000
04421P,玉晶光永豐94售02,0,0,0,0,0,0,0,0,0,156000,0,0,0,156000,0,156000,156000
048676,和鑫國泰94購02  ,0,0,0,0,0,0,0,0,0,156000,0,0,0,187000,31000,156000,156000
053518,聯茂群益96購03  ,0,0,0,0,0,0,0,0,0,155000,0,0,0,187000,32000,155000,155000
05270P,台表科元大95售05,0,0,0,0,0,0,0,0,0,155000,0,0,0,255000,100000,155000,155000
054610,聯發科永豐97購01,0,0,0,0,0,0,0,0,0,155000,0,0,0,205000,50000,155000,155000
00680L,元大美債20正2   ,0,0,0,0,0,0,0,0,0,155000,0,0,0,307000,152000,155000,155000
048052,力成中信93購01  ,0,0,0,0,0,0,0,0,0,155000,0,0,0,155000,0,155000,155000
048506,華通群益94購03  ,0,0,0,0,0,0,0,0,0,155000,0,0,0,165000,10000,155000,155000
047406,香港反統一94購01,0,0,0,0,0,0,0,0,0,155000,0,0,0,160000,5000,155000,155000
049929,祥碩元大94購03  ,0,0,0,0,0,0,0,0,0,155000,0,0,0,178000,23000,155000,155000
051615,華通凱基96購01  ,0,0,0,0,0,0,0,0,0,155000,0,0,0,204000,49000,155000,155000
05225P,鴻海統一95售09  ,0,0,0,0,0,0,0,0,0,155000,0,0,0,155000,0,155000,155000
052212,可成元大95購11  ,0,0,0,0,0,0,0,0,0,155000,0,0,0,230000,75000,155000,155000
05889P,群創元大98售02  ,0,0,0,0,0,0,0,0,0,155000,0,0,0,200000,45000,155000,155000
04387P,玉晶光日盛94售01,0,0,0,0,0,0,0,0,0,154000,0,0,0,154000,0,154000,154000
05661P,聯發科統一96售06,0,0,0,0,0,0,0,0,0,154000,0,0,0,154000,0,154000,154000
6670,復盛應用        ,193000,38000,155000,0,0,0,0,0,0,-1000,7000,0,7000,0,8000,-8000,154000
046573,上緯控國泰94購01,0,0,0,0,0,0,0,0,0,153000,0,0,0,192000,39000,153000,153000
048664,華新科統一94購01,0,0,0,0,0,0,0,0,0,153000,0,0,0,360000,207000,153000,153000
051033,台積電兆豐95購03,0,0,0,0,0,0,0,0,0,153000,0,0,0,347000,194000,153000,153000
051215,大立光統一95購03,60000,0,60000,0,0,0,0,0,0,93000,0,0,0,329000,236000,93000,153000
051673,玉晶光元大96購04,0,0,0,0,0,0,0,0,0,152000,0,0,0,317000,165000,152000,152000
049743,全新台新94購01  ,0,0,0,0,0,0,0,0,0,152000,0,0,0,200000,48000,152000,152000
03581P,台積電群益03售04,0,0,0,0,0,0,0,0,0,151000,0,0,0,151000,0,151000,151000
04929P,同欣電凱基95售01,0,0,0,0,0,0,0,0,0,151000,0,0,0,157000,6000,151000,151000
051292,牧德統一97購01  ,0,0,0,0,0,0,0,0,0,151000,0,0,0,151000,0,151000,151000
054524,華通元富96購03  ,0,0,0,0,0,0,0,0,0,150000,0,0,0,152000,2000,150000,150000
053395,致茂中信96購01  ,0,0,0,0,0,0,0,0,0,150000,0,0,0,170000,20000,150000,150000
03454P,台積電凱基03售14,0,0,0,0,0,0,0,0,0,150000,0,0,0,150000,0,150000,150000
03860P,群創元富97售01  ,0,0,0,0,0,0,0,0,0,150000,0,0,0,150000,0,150000,150000
03641C,臺股指凱基95牛18,0,0,0,0,0,0,0,0,0,150000,0,0,0,205000,55000,150000,150000
04553P,S&P正2中信95售01,0,0,0,0,0,0,0,0,0,150000,0,0,0,170000,20000,150000,150000
045335,致伸日盛92購01  ,0,0,0,0,0,0,0,0,0,150000,0,0,0,150000,0,150000,150000
046596,TPK第一93購01   ,0,0,0,0,0,0,0,0,0,150000,0,0,0,150000,0,150000,150000
046328,臻鼎元大92購09  ,0,0,0,0,0,0,0,0,0,150000,0,0,0,250000,100000,150000,150000
051232,貿聯群益95購02  ,0,0,0,0,0,0,0,0,0,150000,0,0,0,485000,335000,150000,150000
051824,華通元大95購07  ,0,0,0,0,0,0,0,0,0,150000,0,0,0,227000,77000,150000,150000
052186,宏達電群益95購04,0,0,0,0,0,0,0,0,0,150000,0,0,0,150000,0,150000,150000
050178,聯發科元大94購12,0,0,0,0,0,0,0,0,0,150000,0,0,0,150000,0,150000,150000
050840,中環國票96購01  ,0,0,0,0,0,0,0,0,0,150000,0,0,0,150000,0,150000,150000
05636P,國巨永豐96售03  ,0,0,0,0,0,0,0,0,0,150000,0,0,0,150000,0,150000,150000
06013P,世芯國泰97售03  ,0,0,0,0,0,0,0,0,0,150000,0,0,0,270000,120000,150000,150000
053197,超眾元富96購02  ,0,0,0,0,0,0,0,0,0,149000,0,0,0,199000,50000,149000,149000
04102P,臺股指國票93售09,0,0,0,0,0,0,0,0,0,149000,0,0,0,250000,101000,149000,149000
03798P,台光電元大93售02,0,0,0,0,0,0,0,0,0,149000,0,0,0,149000,0,149000,149000
049697,群創元大98購01  ,0,0,0,0,0,0,0,0,0,149000,0,0,0,798000,649000,149000,149000
05446P,緯穎元大95售04  ,0,0,0,0,0,0,0,0,0,148000,0,0,0,155000,7000,148000,148000
048386,華新國票94購01  ,0,0,0,0,0,0,0,0,0,148000,0,0,0,148000,0,148000,148000
046020,滬深2X元大95購02,0,0,0,0,0,0,0,0,0,148000,0,0,0,180000,32000,148000,148000
051530,鴻海國票97購01  ,0,0,0,0,0,0,0,0,0,148000,0,0,0,1637000,1489000,148000,148000
05652P,臻鼎群益96售01  ,0,0,0,0,0,0,0,0,0,148000,0,0,0,148000,0,148000,148000
054035,聯詠麥證96購01  ,0,0,0,308000,161000,147000,0,0,0,147000,0,0,0,308000,161000,147000,147000
053179,大立光統一96購04,0,0,0,0,0,0,0,0,0,147000,0,0,0,149000,2000,147000,147000
052904,冠德國票97購01  ,0,0,0,0,0,0,0,0,0,147000,0,0,0,147000,0,147000,147000
00634R,富邦上証反1     ,197000,0,197000,0,0,0,0,0,0,-50000,0,0,0,174000,224000,-50000,147000
045235,致茂中信93購01  ,0,0,0,0,0,0,0,0,0,147000,0,0,0,152000,5000,147000,147000
050188,貿聯元大96購01  ,0,0,0,0,0,0,0,0,0,147000,0,0,0,1065000,918000,147000,147000
049475,高鐵永豐94購01  ,0,0,0,0,0,0,0,0,0,147000,0,0,0,202000,55000,147000,147000
05596P,可成統一96售01  ,0,0,0,0,0,0,0,0,0,147000,0,0,0,189000,42000,147000,147000
054358,矽創兆豐96購01  ,0,0,0,0,0,0,0,0,0,146000,0,0,0,176000,30000,146000,146000
04899P,力成中信94售02  ,0,0,0,0,0,0,0,0,0,146000,0,0,0,167000,21000,146000,146000
04260P,亞德客群益93售01,0,0,0,0,0,0,0,0,0,146000,0,0,0,165000,19000,146000,146000
043524,亞光元大92購01  ,0,0,0,0,0,0,0,0,0,146000,0,0,0,149000,3000,146000,146000
051224,華通群益96購03  ,0,0,0,0,0,0,0,0,0,146000,0,0,0,163000,17000,146000,146000
051829,玉晶光元大98購02,0,0,0,0,0,0,0,0,0,146000,0,0,0,147000,1000,146000,146000
051975,美食凱基95購02  ,0,0,0,0,0,0,0,0,0,146000,0,0,0,156000,10000,146000,146000
06032P,健策群益97售03  ,0,0,0,0,0,0,0,0,0,146000,0,0,0,151000,5000,146000,146000
05913P,國巨元大96售11  ,0,0,0,0,0,0,0,0,0,146000,0,0,0,473000,327000,146000,146000
053752,超眾永豐96購02  ,0,0,0,0,0,0,0,0,0,145000,0,0,0,150000,5000,145000,145000
053768,S&P反1元大99購01,0,0,0,0,0,0,0,0,0,145000,0,0,0,200000,55000,145000,145000
052893,聯電群益98購01  ,0,0,0,0,0,0,0,0,0,145000,0,0,0,256000,111000,145000,145000
052361,大成鋼國票96購01,0,0,0,0,0,0,0,0,0,145000,0,0,0,160000,15000,145000,145000
04223P,友達統一93售05  ,0,0,0,0,0,0,0,0,0,145000,0,0,0,146000,1000,145000,145000
048856,高鐵群益94購01  ,0,0,0,0,0,0,0,0,0,145000,0,0,0,171000,26000,145000,145000
044870,上銀統一91購02  ,0,0,0,0,0,0,0,0,0,145000,0,0,0,145000,0,145000,145000
049769,和鑫元富96購01  ,0,0,0,0,0,0,0,0,0,145000,0,0,0,163000,18000,145000,145000
054351,華新科國泰97購03,0,0,0,0,0,0,0,0,0,144000,0,0,0,184000,40000,144000,144000
05123P,鴻海永昌96售07  ,0,0,0,0,0,0,0,0,0,144000,0,0,0,2087000,1943000,144000,144000
044929,康控國泰93購01  ,0,0,0,0,0,0,0,0,0,143000,0,0,0,171000,28000,143000,143000
048747,華通元富97購01  ,0,0,0,0,0,0,0,0,0,143000,0,0,0,270000,127000,143000,143000
049854,超眾群益94購02  ,0,0,0,0,0,0,0,0,0,143000,0,0,0,163000,20000,143000,143000
05193P,台郡台新95售01  ,0,0,0,0,0,0,0,0,0,143000,0,0,0,201000,58000,143000,143000
050372,全新元大96購03  ,0,0,0,0,0,0,0,0,0,143000,0,0,0,250000,107000,143000,143000
05044P,亞德客永豐95售01,0,0,0,0,0,0,0,0,0,143000,0,0,0,143000,0,143000,143000
2929,淘帝-KY         ,207000,64000,143000,0,0,0,0,0,0,0,0,0,0,0,0,0,143000
6282,康舒            ,492000,336000,156000,0,0,0,0,0,0,-13000,116000,80000,36000,15000,64000,-49000,143000
053724,聯詠凱基96購04  ,0,0,0,0,0,0,0,0,0,142000,0,0,0,143000,1000,142000,142000
05150P,玉晶光第一95售01,0,0,0,0,0,0,0,0,0,142000,0,0,0,142000,0,142000,142000
05760P,京鼎永豐96售02  ,0,0,0,0,0,0,0,0,0,142000,0,0,0,153000,11000,142000,142000
053771,華新元大97購01  ,0,0,0,0,0,0,0,0,0,141000,0,0,0,141000,0,141000,141000
04411P,智易統一96售01  ,0,0,0,0,0,0,0,0,0,141000,0,0,0,297000,156000,141000,141000
04410P,大立光統一94售05,0,0,0,0,0,0,0,0,0,141000,0,0,0,161000,20000,141000,141000
04849P,GIS中信94售01   ,0,0,0,0,0,0,0,0,0,141000,0,0,0,141000,0,141000,141000
050761,華通元大94購05  ,0,0,0,0,0,0,0,0,0,141000,0,0,0,266000,125000,141000,141000
3056,總太            ,338000,197000,141000,0,0,0,0,0,0,0,0,0,0,0,0,0,141000
052439,寶成富邦97購01  ,0,0,0,0,0,0,0,0,0,140000,0,0,0,284000,144000,140000,140000
044147,群創群益91購01  ,0,0,0,0,0,0,0,0,0,140000,0,0,0,140000,0,140000,140000
048177,臺指反富邦99購01,0,0,0,0,0,0,0,0,0,140000,0,0,0,140000,0,140000,140000
048807,崇越中信94購01  ,0,0,0,0,0,0,0,0,0,140000,0,0,0,440000,300000,140000,140000
050330,南電永豐94購01  ,0,0,0,0,0,0,0,0,0,140000,0,0,0,140000,0,140000,140000
052411,嘉聯益亞東95購02,0,0,0,0,0,0,0,0,0,139000,0,0,0,187000,48000,139000,139000
05827P,台積電統一96售10,0,0,0,0,0,0,0,0,0,139000,0,0,0,145000,6000,139000,139000
052503,大成鋼日盛95購02,0,0,0,0,0,0,0,0,0,138000,0,0,0,138000,0,138000,138000
054115,台塑康和96購01  ,30000,0,30000,0,0,0,0,0,0,108000,0,0,0,143000,35000,108000,138000
054091,晶豪科群益96購01,0,0,0,0,0,0,0,0,0,138000,0,0,0,168000,30000,138000,138000
054952,大毅元大97購02  ,0,0,0,0,0,0,0,0,0,138000,0,0,0,300000,162000,138000,138000
051839,和鑫國泰96購01  ,0,0,0,0,0,0,0,0,0,138000,0,0,0,180000,42000,138000,138000
048872,玉晶光國票94購02,0,0,0,0,0,0,0,0,0,137000,0,0,0,196000,59000,137000,137000
00659R,國泰日本反1     ,0,0,0,0,0,0,0,0,0,137000,0,0,0,260000,123000,137000,137000
043357,聯詠國票92購02  ,0,0,0,0,0,0,0,0,0,137000,0,0,0,143000,6000,137000,137000
046250,全新群益92購04  ,0,0,0,0,0,0,0,0,0,137000,0,0,0,137000,0,137000,137000
051291,聯詠統一95購01  ,0,0,0,0,0,0,0,0,0,137000,0,0,0,526000,389000,137000,137000
049004,聯發科中信96購01,0,0,0,0,0,0,0,0,0,136000,0,0,0,147000,11000,136000,136000
05126P,牧德群益95售01  ,0,0,0,0,0,0,0,0,0,136000,0,0,0,146000,10000,136000,136000
051188,鴻海兆豐95購01  ,0,0,0,0,0,0,0,0,0,136000,0,0,0,151000,15000,136000,136000
051376,力山群益95購01  ,0,0,0,0,0,0,0,0,0,136000,0,0,0,136000,0,136000,136000
05674P,瑞昱群益96售02  ,0,0,0,0,0,0,0,0,0,136000,0,0,0,146000,10000,136000,136000
2881A,富邦特          ,0,0,0,0,0,0,0,0,0,136000,136000,0,136000,0,0,0,136000
4560,強信-KY         ,243000,107000,136000,0,0,0,0,0,0,0,0,0,0,0,0,0,136000
054428,禾伸堂富邦98購01,0,0,0,0,0,0,0,0,0,135000,0,0,0,267000,132000,135000,135000
053525,台積電中信96購04,0,0,0,0,0,0,0,0,0,135000,0,0,0,145000,10000,135000,135000
045231,南電元大94購01  ,0,0,0,0,0,0,0,0,0,135000,0,0,0,165000,30000,135000,135000
04226P,宏達電元富93售01,0,0,0,0,0,0,0,0,0,135000,0,0,0,200000,65000,135000,135000
046118,高鐵元大92購01  ,0,0,0,0,0,0,0,0,0,135000,0,0,0,138000,3000,135000,135000
050150,國巨群益95購01  ,0,0,0,0,0,0,0,0,0,135000,0,0,0,261000,126000,135000,135000
05544P,台表科元富96售01,0,0,0,0,0,0,0,0,0,135000,0,0,0,168000,33000,135000,135000
053292,美律中信98購01  ,0,0,0,0,0,0,0,0,0,134000,0,0,0,164000,30000,134000,134000
054275,華通群益97購03  ,0,0,0,0,0,0,0,0,0,134000,0,0,0,156000,22000,134000,134000
04289P,臺股指中信95售07,0,0,0,0,0,0,0,0,0,134000,0,0,0,184000,50000,134000,134000
046241,聯發科中信94購02,0,0,0,0,0,0,0,0,0,134000,0,0,0,261000,127000,134000,134000
050035,聯茂元大94購07  ,0,0,0,0,0,0,0,0,0,134000,0,0,0,173000,39000,134000,134000
05927P,正文永豐96售03  ,0,0,0,0,0,0,0,0,0,134000,0,0,0,176000,42000,134000,134000
05996P,華新科群益96售03,0,0,0,0,0,0,0,0,0,134000,0,0,0,142000,8000,134000,134000
2331,精英            ,197000,60000,137000,0,0,0,0,0,0,-3000,0,3000,-3000,0,0,0,134000
052913,鴻海元富96購05  ,0,0,0,0,0,0,0,0,0,133000,0,0,0,181000,48000,133000,133000
04188P,康控元富93售03  ,0,0,0,0,0,0,0,0,0,133000,0,0,0,133000,0,133000,133000
044863,矽創兆豐93購01  ,0,0,0,0,0,0,0,0,0,133000,0,0,0,133000,0,133000,133000
049584,台積電元大96購04,0,0,0,0,0,0,0,0,0,133000,0,0,0,317000,184000,133000,133000
046802,聯電元大93購01  ,0,0,0,0,0,0,0,0,0,133000,0,0,0,135000,2000,133000,133000
05610P,國巨群益98售01  ,0,0,0,0,0,0,0,0,0,133000,0,0,0,184000,51000,133000,133000
045616,冠德台新92購01  ,0,0,0,0,0,0,0,0,0,132000,0,0,0,132000,0,132000,132000
04768P,大立光國泰96售03,0,0,0,0,0,0,0,0,0,132000,0,0,0,132000,0,132000,132000
052244,廣達康和95購01  ,0,0,0,0,0,0,0,0,0,132000,0,0,0,132000,0,132000,132000
053894,創意群益96購01  ,0,0,0,0,0,0,0,0,0,131000,0,0,0,162000,31000,131000,131000
043642,元金2X國票97購01,0,0,0,0,0,0,0,0,0,131000,0,0,0,201000,70000,131000,131000
04915P,鴻海永昌96售02  ,0,0,0,0,0,0,0,0,0,131000,0,0,0,269000,138000,131000,131000
048194,華邦電元大94購04,0,0,0,0,0,0,0,0,0,131000,0,0,0,235000,104000,131000,131000
052113,漢唐中信98購01  ,0,0,0,0,0,0,0,0,0,131000,0,0,0,180000,49000,131000,131000
051995,矽力元大95購03  ,0,0,0,0,0,0,0,0,0,131000,0,0,0,202000,71000,131000,131000
06108P,奇力新群益97售05,0,0,0,0,0,0,0,0,0,131000,0,0,0,142000,11000,131000,131000
6669,緯穎            ,400000,145000,255000,0,0,0,1000,143000,-142000,18000,28000,17000,11000,16000,9000,7000,131000
03412P,滬深2X群益98售01,0,0,0,0,0,0,0,0,0,130000,0,0,0,130000,0,130000,130000
03227P,大立光凱基02售05,0,0,0,0,0,0,0,0,0,130000,0,0,0,130000,0,130000,130000
044877,旺宏元富91購01  ,0,0,0,0,0,0,0,0,0,130000,0,0,0,195000,65000,130000,130000
044347,上証2X元大94購01,0,0,0,0,0,0,0,0,0,130000,0,0,0,200000,70000,130000,130000
049547,新光金群益94購01,0,0,0,0,0,0,0,0,0,130000,0,0,0,170000,40000,130000,130000
049045,上海銀兆豐94購01,0,0,0,0,0,0,0,0,0,130000,0,0,0,130000,0,130000,130000
052045,瑞昱凱基96購01  ,0,0,0,0,0,0,0,0,0,130000,0,0,0,130000,0,130000,130000
049749,創意永豐94購01  ,0,0,0,0,0,0,0,0,0,130000,0,0,0,150000,20000,130000,130000
06007P,世芯永豐96售01  ,0,0,0,0,0,0,0,0,0,130000,0,0,0,431000,301000,130000,130000
05679P,台表科群益96售05,0,0,0,0,0,0,0,0,0,130000,0,0,0,174000,44000,130000,130000
053834,卜蜂永豐96購01  ,0,0,0,0,0,0,0,0,0,129000,0,0,0,130000,1000,129000,129000
049050,崇越康和94購01  ,0,0,0,0,0,0,0,0,0,129000,0,0,0,204000,75000,129000,129000
046443,超眾兆豐93購01  ,0,0,0,0,0,0,0,0,0,129000,0,0,0,154000,25000,129000,129000
046240,中鋼中信94購01  ,0,0,0,0,0,0,0,0,0,129000,0,0,0,129000,0,129000,129000
048813,元黃金凱基94購01,0,0,0,0,0,0,0,0,0,129000,0,0,0,150000,21000,129000,129000
050976,台光電統一95購01,0,0,0,0,0,0,0,0,0,129000,0,0,0,129000,0,129000,129000
05998P,台積電元大97售12,0,0,0,0,0,0,0,0,0,129000,0,0,0,659000,530000,129000,129000
043483,和鑫群益92購01  ,0,0,0,0,0,0,0,0,0,128000,0,0,0,128000,0,128000,128000
046690,元油2X凱基93購03,0,0,0,0,0,0,0,0,0,128000,0,0,0,150000,22000,128000,128000
046038,欣興元大92購07  ,0,0,0,0,0,0,0,0,0,128000,0,0,0,128000,0,128000,128000
04903P,全新永豐94售05  ,0,0,0,0,0,0,0,0,0,128000,0,0,0,189000,61000,128000,128000
05054P,臻鼎群益95售02  ,0,0,0,0,0,0,0,0,0,128000,0,0,0,168000,40000,128000,128000
04972P,緯穎元富94售03  ,0,0,0,0,0,0,0,0,0,128000,0,0,0,139000,11000,128000,128000
051441,鴻海元大95購13  ,0,0,0,0,0,0,0,0,0,128000,0,0,0,339000,211000,128000,128000
053405,台達電兆豐96購01,0,0,0,0,0,0,0,0,0,127000,0,0,0,167000,40000,127000,127000
044500,超眾元大92購03  ,0,0,0,0,0,0,0,0,0,127000,0,0,0,127000,0,127000,127000
048988,聯茂元大94購02  ,0,0,0,0,0,0,0,0,0,127000,0,0,0,134000,7000,127000,127000
046482,超眾元富92購03  ,0,0,0,0,0,0,0,0,0,127000,0,0,0,133000,6000,127000,127000
049904,矽力元富94購01  ,0,0,0,0,0,0,0,0,0,127000,0,0,0,343000,216000,127000,127000
8163,達方            ,467000,449000,18000,0,0,0,100000,0,100000,9000,14000,5000,9000,3000,3000,0,127000
03267P,台灣50元大02售06,0,0,0,0,0,0,0,0,0,126000,0,0,0,460000,334000,126000,126000
049056,玉晶光永豐95購03,0,0,0,0,0,0,0,0,0,126000,0,0,0,146000,20000,126000,126000
047443,智原元大94購01  ,0,0,0,0,0,0,0,0,0,126000,0,0,0,166000,40000,126000,126000
04797P,華新科元大94售04,0,0,0,0,0,0,0,0,0,126000,0,0,0,141000,15000,126000,126000
05926P,智易永豐96售02  ,0,0,0,0,0,0,0,0,0,126000,0,0,0,155000,29000,126000,126000
052971,京元電群益98購01,0,0,0,0,0,0,0,0,0,125000,0,0,0,170000,45000,125000,125000
043729,和鑫國泰92購01  ,0,0,0,0,0,0,0,0,0,125000,0,0,0,125000,0,125000,125000
045824,嘉聯益凱基93購02,0,0,0,0,0,0,0,0,0,125000,0,0,0,132000,7000,125000,125000
047960,鈺齊永豐93購01  ,0,0,0,0,0,0,0,0,0,125000,0,0,0,179000,54000,125000,125000
046335,矽創元大92購04  ,0,0,0,0,0,0,0,0,0,125000,0,0,0,125000,0,125000,125000
051919,台郡元大96購02  ,0,0,0,0,0,0,0,0,0,125000,0,0,0,156000,31000,125000,125000
05708P,奇力新國票97售04,0,0,0,0,0,0,0,0,0,125000,0,0,0,129000,4000,125000,125000
05759P,智邦永豐96售02  ,0,0,0,0,0,0,0,0,0,125000,0,0,0,129000,4000,125000,125000
054094,創意群益96購02  ,0,0,0,0,0,0,0,0,0,124000,0,0,0,134000,10000,124000,124000
054044,京元電元大96購03,0,0,0,0,0,0,0,0,0,124000,0,0,0,183000,59000,124000,124000
05494P,華邦電統一95售02,0,0,0,0,0,0,0,0,0,124000,0,0,0,124000,0,124000,124000
045088,康控元大94購02  ,0,0,0,0,0,0,0,0,0,124000,0,0,0,134000,10000,124000,124000
046479,群創元富94購01  ,0,0,0,0,0,0,0,0,0,124000,0,0,0,257000,133000,124000,124000
04599P,南亞科凱基94售03,0,0,0,0,0,0,0,0,0,124000,0,0,0,202000,78000,124000,124000
050507,聯詠凱基94購06  ,0,0,0,0,0,0,0,0,0,124000,0,0,0,124000,0,124000,124000
054962,玉晶光元大99購02,0,0,0,0,0,0,0,0,0,123000,0,0,0,160000,37000,123000,123000
054272,華通中信98購01  ,0,0,0,0,0,0,0,0,0,123000,0,0,0,123000,0,123000,123000
053680,臺股指富邦96購01,0,0,0,0,0,0,0,0,0,123000,0,0,0,123000,0,123000,123000
050852,矽創國票95購02  ,0,0,0,0,0,0,0,0,0,123000,0,0,0,128000,5000,123000,123000
05081P,京鼎永豐95售01  ,0,0,0,0,0,0,0,0,0,123000,0,0,0,144000,21000,123000,123000
051396,健鼎兆豐95購01  ,0,0,0,0,0,0,0,0,0,123000,0,0,0,123000,0,123000,123000
05981P,可成永昌98售02  ,0,0,0,0,0,0,0,0,0,123000,0,0,0,148000,25000,123000,123000
05896P,宏達電群益96售03,0,0,0,0,0,0,0,0,0,123000,0,0,0,274000,151000,123000,123000
2404,漢唐            ,264800,207000,57800,0,0,0,0,0,0,65000,20000,4000,16000,55000,6000,49000,122800
053458,聯詠國泰97購01  ,0,0,0,0,0,0,0,0,0,122000,0,0,0,415000,293000,122000,122000
051910,大立光元大97購01,0,0,0,0,0,0,0,0,0,122000,0,0,0,122000,0,122000,122000
051826,智邦元大95購03  ,0,0,0,0,0,0,0,0,0,122000,0,0,0,358000,236000,122000,122000
2359,所羅門          ,254000,131000,123000,0,0,0,0,0,0,-1000,0,1000,-1000,0,0,0,122000
054515,華通元大98購02  ,0,0,0,0,0,0,0,0,0,121000,0,0,0,258000,137000,121000,121000
042604,國泰金富邦92購01,0,0,0,0,0,0,0,0,0,121000,0,0,0,121000,0,121000,121000
047146,智邦群益93購01  ,0,0,0,0,0,0,0,0,0,121000,0,0,0,190000,69000,121000,121000
050613,台光電元大94購09,0,0,0,0,0,0,0,0,0,121000,0,0,0,275000,154000,121000,121000
053656,可成凱基96購06  ,0,0,0,0,0,0,0,0,0,120000,0,0,0,186000,66000,120000,120000
05396P,台郡元大95售05  ,0,0,0,0,0,0,0,0,0,120000,0,0,0,151000,31000,120000,120000
03960P,新日興元富96售02,0,0,0,0,0,0,0,0,0,120000,0,0,0,120000,0,120000,120000
042137,元油2X元大93購01,0,0,0,0,0,0,0,0,0,120000,0,0,0,125000,5000,120000,120000
045305,嘉晶元大92購01  ,0,0,0,0,0,0,0,0,0,120000,0,0,0,120000,0,120000,120000
045196,瑞儀群益92購01  ,0,0,0,0,0,0,0,0,0,120000,0,0,0,120000,0,120000,120000
04788P,台積電永昌96售05,0,0,0,0,0,0,0,0,0,120000,0,0,0,200000,80000,120000,120000
046909,聯茂凱基93購06  ,0,0,0,0,0,0,0,0,0,120000,0,0,0,120000,0,120000,120000
047632,儒鴻元大93購08  ,0,0,0,0,0,0,0,0,0,120000,0,0,0,120000,0,120000,120000
050315,和碩兆豐95購01  ,0,0,0,0,0,0,0,0,0,120000,0,0,0,180000,60000,120000,120000
051774,聯茂中信96購01  ,0,0,0,0,0,0,0,0,0,120000,0,0,0,130000,10000,120000,120000
051679,百和元大95購02  ,0,0,0,0,0,0,0,0,0,120000,0,0,0,205000,85000,120000,120000
05616P,台光電永豐96售01,0,0,0,0,0,0,0,0,0,120000,0,0,0,120000,0,120000,120000
05587P,鴻海凱基96售12  ,0,0,0,0,0,0,0,0,0,120000,0,0,0,290000,170000,120000,120000
4977,眾達-KY         ,318000,224000,94000,0,0,0,0,0,0,26000,20000,1000,19000,7000,0,7000,120000
044284,聯電凱基92購01  ,0,0,0,0,0,0,0,0,0,119000,0,0,0,153000,34000,119000,119000
04278P,大立光凱基93售38,0,0,0,0,0,0,0,0,0,119000,0,0,0,119000,0,119000,119000
03873P,智伸科群益93售03,0,0,0,0,0,0,0,0,0,119000,0,0,0,119000,0,119000,119000
03128P,玉晶光國泰03售04,0,0,0,0,0,0,0,0,0,119000,0,0,0,119000,0,119000,119000
050710,元黃金中信96購01,0,0,0,0,0,0,0,0,0,119000,0,0,0,120000,1000,119000,119000
6409,旭隼            ,173000,53000,120000,0,0,0,0,0,0,-1000,0,1000,-1000,0,0,0,119000
8131,福懋科          ,225000,104000,121000,0,0,0,0,0,0,-2000,0,4000,-4000,2000,0,2000,119000
03026X,元展23          ,0,0,0,0,0,0,0,0,0,118000,0,0,0,120000,2000,118000,118000
048107,華通群益93購02  ,0,0,0,0,0,0,0,0,0,118000,0,0,0,118000,0,118000,118000
04737P,正崴永豐94售02  ,0,0,0,0,0,0,0,0,0,118000,0,0,0,119000,1000,118000,118000
052004,泰碩國泰97購03  ,0,0,0,0,0,0,0,0,0,118000,0,0,0,138000,20000,118000,118000
051465,鴻海富邦97購02  ,0,0,0,0,0,0,0,0,0,118000,0,0,0,233000,115000,118000,118000
054480,和碩中信98購01  ,0,0,0,0,0,0,0,0,0,117000,0,0,0,183000,66000,117000,117000
053265,南亞科群益96購02,0,0,0,0,0,0,0,0,0,117000,0,0,0,173000,56000,117000,117000
052499,合勤控永豐95購01,0,0,0,0,0,0,0,0,0,117000,0,0,0,199000,82000,117000,117000
03420P,牧德群益02售04  ,0,0,0,0,0,0,0,0,0,117000,0,0,0,333000,216000,117000,117000
04710P,台積電元大94售16,0,0,0,0,0,0,0,0,0,117000,0,0,0,127000,10000,117000,117000
050487,美食元富94購01  ,0,0,0,0,0,0,0,0,0,117000,0,0,0,117000,0,117000,117000
05970P,超眾永豐96售03  ,0,0,0,0,0,0,0,0,0,117000,0,0,0,117000,0,117000,117000
052770,聯茂群益96購02  ,0,0,0,0,0,0,0,0,0,116000,0,0,0,136000,20000,116000,116000
053958,京元電永豐96購01,0,0,0,0,0,0,0,0,0,116000,0,0,0,116000,0,116000,116000
04061P,臺股指群益93售15,0,0,0,0,0,0,0,0,0,116000,0,0,0,270000,154000,116000,116000
049022,聯詠群益94購01  ,0,0,0,0,0,0,0,0,0,116000,0,0,0,214000,98000,116000,116000
048779,美利達凱基94購01,0,0,0,0,0,0,0,0,0,116000,0,0,0,120000,4000,116000,116000
049559,香港反統一94購02,0,0,0,0,0,0,0,0,0,116000,0,0,0,116000,0,116000,116000
050977,聯發科統一95購02,0,0,0,0,0,0,0,0,0,116000,0,0,0,126000,10000,116000,116000
049211,昇陽半群益94購03,0,0,0,0,0,0,0,0,0,116000,0,0,0,116000,0,116000,116000
051374,國泰金亞東95購01,0,0,0,0,0,0,0,0,0,116000,0,0,0,116000,0,116000,116000
05804P,美律永豐96售01  ,0,0,0,0,0,0,0,0,0,116000,0,0,0,116000,0,116000,116000
042023,大立光富邦92購04,0,0,0,0,0,0,0,0,0,115000,0,0,0,115000,0,115000,115000
04546P,台積電元大94售09,0,0,0,0,0,0,0,0,0,115000,0,0,0,140000,25000,115000,115000
048403,聯發科群益93購10,0,0,0,0,0,0,0,0,0,115000,0,0,0,134000,19000,115000,115000
050168,緯創富邦95購01  ,0,0,0,0,0,0,0,0,0,115000,0,0,0,115000,0,115000,115000
049177,美律凱基94購02  ,0,0,0,0,0,0,0,0,0,115000,0,0,0,137000,22000,115000,115000
050956,鈺齊群益95購01  ,0,0,0,0,0,0,0,0,0,115000,0,0,0,218000,103000,115000,115000
05924P,超眾元富96售04  ,0,0,0,0,0,0,0,0,0,115000,0,0,0,158000,43000,115000,115000
053169,貿聯群益97購01  ,0,0,0,0,0,0,0,0,0,114000,0,0,0,316000,202000,114000,114000
047527,高鐵元大93購02  ,0,0,0,0,0,0,0,0,0,114000,0,0,0,118000,4000,114000,114000
050756,京元電元富94購03,0,0,0,0,0,0,0,0,0,114000,0,0,0,149000,35000,114000,114000
054333,茂林永豐96購03  ,0,0,0,0,0,0,0,0,0,113000,0,0,0,140000,27000,113000,113000
03938P,聯鈞元大93售01  ,0,0,0,0,0,0,0,0,0,113000,0,0,0,113000,0,113000,113000
044190,聯詠富邦93購01  ,0,0,0,0,0,0,0,0,0,113000,0,0,0,739000,626000,113000,113000
048063,聯發科統一93購03,0,0,0,0,0,0,0,0,0,113000,0,0,0,270000,157000,113000,113000
048513,欣興凱基93購04  ,0,0,0,0,0,0,0,0,0,113000,0,0,0,117000,4000,113000,113000
04848P,康控凱基94售02  ,0,0,0,0,0,0,0,0,0,113000,0,0,0,125000,12000,113000,113000
050290,南亞科凱基94購06,0,0,0,0,0,0,0,0,0,113000,0,0,0,113000,0,113000,113000
054342,亞光元富99購01  ,0,0,0,0,0,0,0,0,0,112000,0,0,0,427000,315000,112000,112000
054465,亞光凱基97購01  ,0,0,0,0,0,0,0,0,0,112000,0,0,0,447000,335000,112000,112000
053654,聯發科凱基98購01,0,0,0,0,0,0,0,0,0,112000,0,0,0,112000,0,112000,112000
053262,華邦電群益96購02,0,0,0,0,0,0,0,0,0,112000,0,0,0,175000,63000,112000,112000
045083,智原元大92購01  ,0,0,0,0,0,0,0,0,0,112000,0,0,0,162000,50000,112000,112000
048812,上証2X凱基96購01,0,0,0,0,0,0,0,0,0,112000,0,0,0,214000,102000,112000,112000
048150,矽力元富93購01  ,0,0,0,0,0,0,0,0,0,112000,0,0,0,184000,72000,112000,112000
050265,美食元大94購05  ,0,0,0,0,0,0,0,0,0,112000,0,0,0,112000,0,112000,112000
051003,中環中信97購01  ,0,0,0,0,0,0,0,0,0,112000,0,0,0,140000,28000,112000,112000
05910P,力山永豐96售02  ,0,0,0,0,0,0,0,0,0,112000,0,0,0,112000,0,112000,112000
3583,辛耘            ,182000,69000,113000,0,0,0,0,0,0,-1000,0,1000,-1000,0,0,0,112000
052477,美律群益98購01  ,0,0,0,0,0,0,0,0,0,111000,0,0,0,267000,156000,111000,111000
05452P,亞德客群益95售02,0,0,0,0,0,0,0,0,0,111000,0,0,0,111000,0,111000,111000
049542,鴻海群益94購05  ,0,0,0,0,0,0,0,0,0,111000,0,0,0,124000,13000,111000,111000
047745,廣宇元富93購01  ,0,0,0,0,0,0,0,0,0,111000,0,0,0,111000,0,111000,111000
052277,台達電凱基97購01,0,0,0,0,0,0,0,0,0,111000,0,0,0,167000,56000,111000,111000
6477,安集            ,155000,44000,111000,0,0,0,0,0,0,0,0,0,0,0,0,0,111000
2474,可成            ,1106000,911000,195000,0,0,0,12000,2000,10000,-94000,0,35000,-35000,38000,97000,-59000,111000
052793,健鼎兆豐96購01  ,0,0,0,0,0,0,0,0,0,110000,0,0,0,110000,0,110000,110000
052711,滬深2X凱基97購01,0,0,0,0,0,0,0,0,0,110000,0,0,0,110000,0,110000,110000
048565,康控元大94購04  ,0,0,0,0,0,0,0,0,0,110000,0,0,0,170000,60000,110000,110000
043938,華邦電兆豐93購01,0,0,0,0,0,0,0,0,0,110000,0,0,0,120000,10000,110000,110000
041427,滬深2X國票93購01,0,0,0,0,0,0,0,0,0,110000,0,0,0,110000,0,110000,110000
047728,嘉聯益群益93購01,0,0,0,0,0,0,0,0,0,110000,0,0,0,221000,111000,110000,110000
048061,鴻海統一95購03  ,0,0,0,0,0,0,0,0,0,110000,0,0,0,160000,50000,110000,110000
046065,益航凱基93購02  ,0,0,0,0,0,0,0,0,0,110000,0,0,0,200000,90000,110000,110000
047441,聯發科元大93購15,0,0,0,0,0,0,0,0,0,110000,0,0,0,124000,14000,110000,110000
04592P,台積電元大94售10,0,0,0,0,0,0,0,0,0,110000,0,0,0,130000,20000,110000,110000
048383,元金2X國票99購01,0,0,0,0,0,0,0,0,0,110000,0,0,0,110000,0,110000,110000
051688,大立光凱基97購02,0,0,0,0,0,0,0,0,0,110000,0,0,0,126000,16000,110000,110000
051253,緯創元大95購02  ,0,0,0,0,0,0,0,0,0,110000,0,0,0,111000,1000,110000,110000
051577,台積電元大97購03,0,0,0,0,0,0,0,0,0,110000,0,0,0,247000,137000,110000,110000
049224,致新國票95購01  ,0,0,0,0,0,0,0,0,0,110000,0,0,0,160000,50000,110000,110000
08917P,臺股指凱基01售08,0,0,0,0,0,0,0,0,0,110000,0,0,0,110000,0,110000,110000
052841,群創富邦96購02  ,0,0,0,0,0,0,0,0,0,109000,0,0,0,567000,458000,109000,109000
049580,國巨元大94購07  ,0,0,0,0,0,0,0,0,0,109000,0,0,0,111000,2000,109000,109000
052070,GIS兆豐95購03   ,0,0,0,0,0,0,0,0,0,109000,0,0,0,109000,0,109000,109000
054147,GIS元大96購02   ,0,0,0,0,0,0,0,0,0,108000,0,0,0,169000,61000,108000,108000
043916,群創凱基93購01  ,0,0,0,0,0,0,0,0,0,108000,0,0,0,457000,349000,108000,108000
044814,華邦電兆豐93購02,0,0,0,0,0,0,0,0,0,108000,0,0,0,108000,0,108000,108000
04868P,可成統一94售03  ,0,0,0,0,0,0,0,0,0,108000,0,0,0,108000,0,108000,108000
051511,鈺齊中信97購01  ,0,0,0,0,0,0,0,0,0,108000,0,0,0,474000,366000,108000,108000
054220,國巨統一97購02  ,0,0,0,0,0,0,0,0,0,107000,0,0,0,110000,3000,107000,107000
044013,友達凱基93購01  ,0,0,0,0,0,0,0,0,0,107000,0,0,0,225000,118000,107000,107000
04149P,景碩台新93售02  ,0,0,0,0,0,0,0,0,0,107000,0,0,0,107000,0,107000,107000
047681,滬深反中信95購01,0,0,0,0,0,0,0,0,0,107000,0,0,0,207000,100000,107000,107000
05122P,鴻海永昌96售06  ,0,0,0,0,0,0,0,0,0,107000,0,0,0,3393000,3286000,107000,107000
051063,台郡群益95購01  ,0,0,0,0,0,0,0,0,0,107000,0,0,0,254000,147000,107000,107000
05020P,廣達中信95售01  ,0,0,0,0,0,0,0,0,0,107000,0,0,0,107000,0,107000,107000
6533,晶心科          ,114000,36000,78000,0,0,0,0,0,0,29000,29000,0,29000,0,0,0,107000
052791,友達兆豐97購01  ,0,0,0,0,0,0,0,0,0,106000,0,0,0,451000,345000,106000,106000
052899,和大國票97購01  ,0,0,0,0,0,0,0,0,0,106000,0,0,0,223000,117000,106000,106000
053512,台積電群益96購06,0,0,0,0,0,0,0,0,0,106000,0,0,0,401000,295000,106000,106000
00664R,國泰臺灣加權反1 ,1000,0,1000,0,0,0,0,0,0,105000,0,0,0,727000,622000,105000,106000
044927,聯詠國泰94購01  ,0,0,0,0,0,0,0,0,0,106000,0,0,0,109000,3000,106000,106000
04986P,茂林永豐94售05  ,0,0,0,0,0,0,0,0,0,106000,0,0,0,112000,6000,106000,106000
050253,百和國泰96購01  ,0,0,0,0,0,0,0,0,0,106000,0,0,0,130000,24000,106000,106000
051638,聯茂國票96購01  ,0,0,0,0,0,0,0,0,0,106000,0,0,0,118000,12000,106000,106000
05875P,旺宏群益98售01  ,0,0,0,0,0,0,0,0,0,106000,0,0,0,108000,2000,106000,106000
05555P,健策群益98售01  ,0,0,0,0,0,0,0,0,0,106000,0,0,0,116000,10000,106000,106000
053149,京元電元大96購02,0,0,0,0,0,0,0,0,0,105000,0,0,0,130000,25000,105000,105000
053954,貿聯康和96購01  ,0,0,0,0,0,0,0,0,0,105000,0,0,0,182000,77000,105000,105000
053955,華通永豐96購04  ,0,0,0,0,0,0,0,0,0,105000,0,0,0,105000,0,105000,105000
03799P,京元電元大94售01,0,0,0,0,0,0,0,0,0,105000,0,0,0,105000,0,105000,105000
046252,冠德群益92購01  ,0,0,0,0,0,0,0,0,0,105000,0,0,0,116000,11000,105000,105000
046143,京元電元富92購01,0,0,0,0,0,0,0,0,0,105000,0,0,0,105000,0,105000,105000
047636,台達電元大93購03,0,0,0,0,0,0,0,0,0,105000,0,0,0,105000,0,105000,105000
047086,群創統一93購03  ,0,0,0,0,0,0,0,0,0,105000,0,0,0,292000,187000,105000,105000
051314,嘉聯益麥證96購01,0,0,0,105000,0,105000,0,0,0,105000,0,0,0,105000,0,105000,105000
051901,嘉聯益富邦96購01,0,0,0,0,0,0,0,0,0,105000,0,0,0,105000,0,105000,105000
05568P,台積電統一96售03,0,0,0,0,0,0,0,0,0,105000,0,0,0,105000,0,105000,105000
05421P,鴻海元大96售12  ,0,0,0,0,0,0,0,0,0,104000,0,0,0,595000,491000,104000,104000
053356,聯發科統一96購07,0,0,0,0,0,0,0,0,0,104000,0,0,0,119000,15000,104000,104000
052415,台表科麥證95購02,0,0,0,134000,30000,104000,0,0,0,104000,0,0,0,134000,30000,104000,104000
043647,台積電國票92購01,0,0,0,0,0,0,0,0,0,104000,0,0,0,376000,272000,104000,104000
047698,瑞儀日盛93購01  ,0,0,0,0,0,0,0,0,0,104000,0,0,0,104000,0,104000,104000
049291,華通群益94購04  ,0,0,0,0,0,0,0,0,0,104000,0,0,0,114000,10000,104000,104000
05545P,台表科國泰98售01,0,0,0,0,0,0,0,0,0,104000,0,0,0,134000,30000,104000,104000
052877,矽創凱基96購01  ,0,0,0,0,0,0,0,0,0,103000,0,0,0,104000,1000,103000,103000
053424,欣興永豐96購02  ,0,0,0,0,0,0,0,0,0,103000,0,0,0,103000,0,103000,103000
054175,高鐵台新97購01  ,0,0,0,0,0,0,0,0,0,103000,0,0,0,141000,38000,103000,103000
053910,嘉聯益凱基98購01,0,0,0,0,0,0,0,0,0,103000,0,0,0,110000,7000,103000,103000
054404,新日興康和96購01,0,0,0,0,0,0,0,0,0,103000,0,0,0,103000,0,103000,103000
045580,冠德元大92購02  ,0,0,0,0,0,0,0,0,0,103000,0,0,0,865000,762000,103000,103000
045092,聯茂元大92購03  ,0,0,0,0,0,0,0,0,0,103000,0,0,0,103000,0,103000,103000
048714,巨大康和94購01  ,0,0,0,0,0,0,0,0,0,103000,0,0,0,197000,94000,103000,103000
051951,聯發科元富95購02,0,0,0,0,0,0,0,0,0,103000,0,0,0,103000,0,103000,103000
05217P,鴻海統一95售08  ,0,0,0,0,0,0,0,0,0,103000,0,0,0,103000,0,103000,103000
052169,鴻海元大97購02  ,0,0,0,0,0,0,0,0,0,103000,0,0,0,349000,246000,103000,103000
3576,聯合再生        ,400000,227000,173000,0,0,0,0,0,0,-70000,0,70000,-70000,0,0,0,103000
053422,可成永豐96購01  ,0,0,0,0,0,0,0,0,0,102000,0,0,0,102000,0,102000,102000
053581,台積電元大96購14,0,0,0,0,0,0,0,0,0,102000,0,0,0,462000,360000,102000,102000
044065,亞光元大92購02  ,0,0,0,0,0,0,0,0,0,102000,0,0,0,109000,7000,102000,102000
04163P,可成統一93售03  ,0,0,0,0,0,0,0,0,0,102000,0,0,0,129000,27000,102000,102000
047075,群創兆豐93購01  ,0,0,0,0,0,0,0,0,0,102000,0,0,0,106000,4000,102000,102000
046978,復盛永豐93購01  ,0,0,0,0,0,0,0,0,0,102000,0,0,0,102000,0,102000,102000
049910,智邦元大94購04  ,0,0,0,0,0,0,0,0,0,102000,0,0,0,106000,4000,102000,102000
050284,台泥凱基94購01  ,0,0,0,0,0,0,0,0,0,102000,0,0,0,102000,0,102000,102000
050725,光磊國票96購01  ,0,0,0,0,0,0,0,0,0,102000,0,0,0,102000,0,102000,102000
2608,嘉里大榮        ,106000,27000,79000,0,0,0,0,0,0,23000,25000,2000,23000,0,0,0,102000
05278P,台郡元富95售02  ,0,0,0,0,0,0,0,0,0,101000,0,0,0,131000,30000,101000,101000
05281P,南亞科元大95售03,0,0,0,0,0,0,0,0,0,101000,0,0,0,101000,0,101000,101000
054053,聯茂元大96購01  ,0,0,0,0,0,0,0,0,0,101000,0,0,0,120000,19000,101000,101000
03767P,瑞昱元大93售05  ,0,0,0,0,0,0,0,0,0,101000,0,0,0,101000,0,101000,101000
044056,致茂元大91購01  ,0,0,0,0,0,0,0,0,0,101000,0,0,0,101000,0,101000,101000
044368,華通永豐91購02  ,0,0,0,0,0,0,0,0,0,101000,0,0,0,101000,0,101000,101000
04629P,康控元大94售05  ,0,0,0,0,0,0,0,0,0,101000,0,0,0,101000,0,101000,101000
04685P,訊芯元大94售02  ,0,0,0,0,0,0,0,0,0,101000,0,0,0,111000,10000,101000,101000
04706P,力山元大95售01  ,0,0,0,0,0,0,0,0,0,101000,0,0,0,102000,1000,101000,101000
047171,聯發科永豐93購01,0,0,0,0,0,0,0,0,0,101000,0,0,0,112000,11000,101000,101000
050486,可成元富94購05  ,0,0,0,0,0,0,0,0,0,101000,0,0,0,119000,18000,101000,101000
051470,玉晶光日盛95購01,0,0,0,0,0,0,0,0,0,101000,0,0,0,105000,4000,101000,101000
9103,美德醫療-DR     ,103000,2000,101000,0,0,0,0,0,0,0,0,0,0,0,0,0,101000
053974,大立光元大96購10,0,0,0,0,0,0,0,0,0,100000,0,0,0,100000,0,100000,100000
054181,華新康和96購01  ,0,0,0,0,0,0,0,0,0,100000,0,0,0,100000,0,100000,100000
053870,正文元大96購01  ,0,0,0,0,0,0,0,0,0,100000,0,0,0,150000,50000,100000,100000
053799,矽創中信9A購01  ,0,0,0,0,0,0,0,0,0,100000,0,0,0,100000,0,100000,100000
054476,聯發科中信96購03,0,0,0,0,0,0,0,0,0,100000,0,0,0,100000,0,100000,100000
054488,禾伸堂台新96購01,0,0,0,0,0,0,0,0,0,100000,0,0,0,100000,0,100000,100000
054804,南亞元大9A購01  ,0,0,0,0,0,0,0,0,0,100000,0,0,0,100000,0,100000,100000
054706,TPK亞東97購01   ,0,0,0,0,0,0,0,0,0,100000,0,0,0,100000,0,100000,100000
052694,開發金中信98購01,0,0,0,0,0,0,0,0,0,100000,0,0,0,100000,0,100000,100000
052957,T50反1凱基99購01,0,0,0,0,0,0,0,0,0,100000,0,0,0,100000,0,100000,100000
053442,光罩凱基96購01  ,0,0,0,0,0,0,0,0,0,100000,0,0,0,100000,0,100000,100000
044198,友達國票92購01  ,0,0,0,0,0,0,0,0,0,100000,0,0,0,175000,75000,100000,100000
044242,宏達電統一93購01,0,0,0,0,0,0,0,0,0,100000,0,0,0,100000,0,100000,100000
044268,明泰中信91購01  ,0,0,0,0,0,0,0,0,0,100000,0,0,0,100000,0,100000,100000
044315,大立光永豐92購01,0,0,0,0,0,0,0,0,0,100000,0,0,0,350000,250000,100000,100000
044060,美律元大92購05  ,0,0,0,0,0,0,0,0,0,100000,0,0,0,110000,10000,100000,100000
043781,鴻海麥證91購01  ,0,0,0,100000,0,100000,0,0,0,100000,0,0,0,100000,0,100000,100000
045719,台光電凱基92購04,0,0,0,0,0,0,0,0,0,100000,0,0,0,100000,0,100000,100000
044120,世紀鋼兆豐92購01,0,0,0,0,0,0,0,0,0,100000,0,0,0,100000,0,100000,100000
045100,亞光中信93購01  ,0,0,0,0,0,0,0,0,0,100000,0,0,0,101000,1000,100000,100000
04534P,臻鼎元富94售03  ,0,0,0,0,0,0,0,0,0,100000,0,0,0,100000,0,100000,100000
045121,康控元大93購03  ,0,0,0,0,0,0,0,0,0,100000,0,0,0,200000,100000,100000,100000
03773P,南茂元大93售01  ,0,0,0,0,0,0,0,0,0,100000,0,0,0,100000,0,100000,100000
03758P,GIS永豐93售01   ,0,0,0,0,0,0,0,0,0,100000,0,0,0,110000,10000,100000,100000
03703P,台郡元大93售02  ,0,0,0,0,0,0,0,0,0,100000,0,0,0,100000,0,100000,100000
03027P,玉晶光元大01售09,0,0,0,0,0,0,0,0,0,100000,0,0,0,100000,0,100000,100000
03214P,技嘉群益02售02  ,0,0,0,0,0,0,0,0,0,100000,0,0,0,100000,0,100000,100000
042801,達邁元大93購01  ,0,0,0,0,0,0,0,0,0,100000,0,0,0,123000,23000,100000,100000
043028,南電元大92購01  ,0,0,0,0,0,0,0,0,0,100000,0,0,0,210000,110000,100000,100000
042977,京元電凱基92購01,0,0,0,0,0,0,0,0,0,100000,0,0,0,161000,61000,100000,100000
043289,欣興元大92購01  ,0,0,0,0,0,0,0,0,0,100000,0,0,0,100000,0,100000,100000
043290,揚明光元大94購01,0,0,0,0,0,0,0,0,0,100000,0,0,0,100000,0,100000,100000
044516,景碩凱基93購02  ,0,0,0,0,0,0,0,0,0,100000,0,0,0,100000,0,100000,100000
044668,滬深2X富邦91購01,0,0,0,0,0,0,0,0,0,100000,0,0,0,100000,0,100000,100000
044616,柏文兆豐92購01  ,0,0,0,0,0,0,0,0,0,100000,0,0,0,100000,0,100000,100000
045483,智邦第一92購01  ,0,0,0,0,0,0,0,0,0,100000,0,0,0,100000,0,100000,100000
042561,南電兆豐92購01  ,0,0,0,0,0,0,0,0,0,100000,0,0,0,100000,0,100000,100000
047120,啟碁元大93購02  ,0,0,0,0,0,0,0,0,0,100000,0,0,0,101000,1000,100000,100000
049038,高鐵兆豐94購01  ,0,0,0,0,0,0,0,0,0,100000,0,0,0,100000,0,100000,100000
046954,同欣電國票93購01,0,0,0,0,0,0,0,0,0,100000,0,0,0,100000,0,100000,100000
048329,台積電永昌93購07,0,0,0,0,0,0,0,0,0,100000,0,0,0,100000,0,100000,100000
047803,卜蜂凱基93購03  ,0,0,0,0,0,0,0,0,0,100000,0,0,0,100000,0,100000,100000
049624,嘉澤群益94購01  ,0,0,0,0,0,0,0,0,0,100000,0,0,0,100000,0,100000,100000
049919,美食元大94購03  ,0,0,0,0,0,0,0,0,0,100000,0,0,0,100000,0,100000,100000
048428,滬深2X國票93購05,0,0,0,0,0,0,0,0,0,100000,0,0,0,160000,60000,100000,100000
046563,奇鋐凱基92購01  ,0,0,0,0,0,0,0,0,0,100000,0,0,0,100000,0,100000,100000
048774,麗豐凱基94購04  ,0,0,0,0,0,0,0,0,0,100000,0,0,0,100000,0,100000,100000
051379,新光金群益95購01,0,0,0,0,0,0,0,0,0,100000,0,0,0,130000,30000,100000,100000
051502,南茂群益95購01  ,0,0,0,0,0,0,0,0,0,100000,0,0,0,100000,0,100000,100000
051170,南電元大95購03  ,0,0,0,0,0,0,0,0,0,100000,0,0,0,100000,0,100000,100000
05106P,鴻海永豐95售02  ,0,0,0,0,0,0,0,0,0,100000,0,0,0,110000,10000,100000,100000
051959,台郡台新95購03  ,0,0,0,0,0,0,0,0,0,100000,0,0,0,100000,0,100000,100000
051754,廣宇元大95購01  ,0,0,0,0,0,0,0,0,0,100000,0,0,0,100000,0,100000,100000
05057P,鴻海國票96售01  ,0,0,0,0,0,0,0,0,0,100000,0,0,0,100000,0,100000,100000
050447,廣達元大94購01  ,0,0,0,0,0,0,0,0,0,100000,0,0,0,100000,0,100000,100000
050898,智原元大96購01  ,0,0,0,0,0,0,0,0,0,100000,0,0,0,100000,0,100000,100000
049948,聯發科麥證94購01,0,0,0,160000,60000,100000,0,0,0,100000,0,0,0,160000,60000,100000,100000
049759,元黃金富邦9A購01,0,0,0,0,0,0,0,0,0,100000,0,0,0,255000,155000,100000,100000
050260,鴻海元大94購15  ,0,0,0,0,0,0,0,0,0,100000,0,0,0,388000,288000,100000,100000
08991P,玉晶光元大01售06,0,0,0,0,0,0,0,0,0,100000,0,0,0,100000,0,100000,100000
05620P,大立光富邦9B售01,0,0,0,0,0,0,0,0,0,100000,0,0,0,159000,59000,100000,100000
05517P,臻鼎元大96售01  ,0,0,0,0,0,0,0,0,0,100000,0,0,0,100000,0,100000,100000
05888P,友達元大97售01  ,0,0,0,0,0,0,0,0,0,100000,0,0,0,100000,0,100000,100000
06018P,康控凱基96售03  ,0,0,0,0,0,0,0,0,0,100000,0,0,0,100000,0,100000,100000
052783,台郡國票97購01  ,0,0,0,0,0,0,0,0,0,99000,0,0,0,154000,55000,99000,99000
054660,禾伸堂元大97購03,0,0,0,0,0,0,0,0,0,99000,0,0,0,100000,1000,99000,99000
03673P,康控元富92售02  ,0,0,0,0,0,0,0,0,0,99000,0,0,0,99000,0,99000,99000
00737,國泰AI+Robo     ,0,0,0,0,0,0,0,0,0,99000,0,0,0,540000,441000,99000,99000
045786,台勝科元大92購02,0,0,0,0,0,0,0,0,0,99000,0,0,0,99000,0,99000,99000
04907P,超眾國票95售01  ,0,0,0,0,0,0,0,0,0,99000,0,0,0,141000,42000,99000,99000
04617P,臺股指群益95售03,0,0,0,0,0,0,0,0,0,99000,0,0,0,102000,3000,99000,99000
050121,南電元大95購02  ,0,0,0,0,0,0,0,0,0,99000,0,0,0,99000,0,99000,99000
050518,台積電元大94購28,0,0,0,0,0,0,0,0,0,99000,0,0,0,211000,112000,99000,99000
051889,智邦元富95購02  ,0,0,0,0,0,0,0,0,0,99000,0,0,0,101000,2000,99000,99000
051049,亞德客群益95購01,0,0,0,0,0,0,0,0,0,99000,0,0,0,120000,21000,99000,99000
05509P,智邦元富96售02  ,0,0,0,0,0,0,0,0,0,99000,0,0,0,99000,0,99000,99000
08944P,臺股指國票01售01,0,0,0,0,0,0,0,0,0,99000,0,0,0,99000,0,99000,99000
05498P,友達元富95售02  ,0,0,0,0,0,0,0,0,0,98000,0,0,0,98000,0,98000,98000
053756,亞光元富96購02  ,0,0,0,0,0,0,0,0,0,98000,0,0,0,98000,0,98000,98000
053699,臺股指元大96購22,0,0,0,0,0,0,0,0,0,98000,0,0,0,338000,240000,98000,98000
052480,麗豐群益95購01  ,0,0,0,0,0,0,0,0,0,98000,0,0,0,98000,0,98000,98000
053349,台郡國票97購02  ,0,0,0,0,0,0,0,0,0,98000,0,0,0,101000,3000,98000,98000
045205,鈺齊凱基92購01  ,0,0,0,0,0,0,0,0,0,98000,0,0,0,211000,113000,98000,98000
03871P,智邦群益93售02  ,0,0,0,0,0,0,0,0,0,98000,0,0,0,98000,0,98000,98000
03927P,旺宏台新94售01  ,0,0,0,0,0,0,0,0,0,98000,0,0,0,98000,0,98000,98000
03570P,台積電元大03售09,0,0,0,0,0,0,0,0,0,98000,0,0,0,98000,0,98000,98000
03961P,GIS元富93售04   ,0,0,0,0,0,0,0,0,0,98000,0,0,0,98000,0,98000,98000
04140P,聯茂國票93售03  ,0,0,0,0,0,0,0,0,0,98000,0,0,0,98000,0,98000,98000
049549,瀚宇博群益94購01,0,0,0,0,0,0,0,0,0,98000,0,0,0,98000,0,98000,98000
051892,台光電元富95購03,0,0,0,0,0,0,0,0,0,98000,0,0,0,98000,0,98000,98000
052188,欣興群益95購03  ,0,0,0,0,0,0,0,0,0,98000,0,0,0,98000,0,98000,98000
050563,臻鼎元富94購07  ,0,0,0,0,0,0,0,0,0,98000,0,0,0,98000,0,98000,98000
05061P,鴻海富邦96售03  ,0,0,0,0,0,0,0,0,0,98000,0,0,0,100000,2000,98000,98000
050830,嘉聯益凱基95購01,0,0,0,0,0,0,0,0,0,98000,0,0,0,116000,18000,98000,98000
05618P,聯發科元富96售02,0,0,0,0,0,0,0,0,0,98000,0,0,0,98000,0,98000,98000
05978P,麗豐永豐96售02  ,0,0,0,0,0,0,0,0,0,98000,0,0,0,146000,48000,98000,98000
6706,惠特            ,157000,66000,91000,0,0,0,10000,10000,0,7000,19000,12000,7000,0,0,0,98000
052985,美律元大96購02  ,0,0,0,0,0,0,0,0,0,97000,0,0,0,229000,132000,97000,97000
05367P,鴻海元富95售13  ,0,0,0,0,0,0,0,0,0,97000,0,0,0,106000,9000,97000,97000
05463P,創意國票96售04  ,0,0,0,0,0,0,0,0,0,97000,0,0,0,100000,3000,97000,97000
05443P,宏達電元大95售05,0,0,0,0,0,0,0,0,0,97000,0,0,0,102000,5000,97000,97000
04015P,可成元大93售10  ,0,0,0,0,0,0,0,0,0,97000,0,0,0,125000,28000,97000,97000
045068,台光電元大92購05,0,0,0,0,0,0,0,0,0,97000,0,0,0,97000,0,97000,97000
049617,光罩群益94購03  ,0,0,0,0,0,0,0,0,0,97000,0,0,0,180000,83000,97000,97000
048539,巨大國票94購01  ,0,0,0,0,0,0,0,0,0,97000,0,0,0,97000,0,97000,97000
046591,康舒元大92購01  ,0,0,0,0,0,0,0,0,0,97000,0,0,0,97000,0,97000,97000
046665,智原元大93購01  ,0,0,0,0,0,0,0,0,0,97000,0,0,0,251000,154000,97000,97000
047778,美利達元大93購01,0,0,0,0,0,0,0,0,0,97000,0,0,0,106000,9000,97000,97000
051980,樺漢凱基96購01  ,0,0,0,0,0,0,0,0,0,97000,0,0,0,202000,105000,97000,97000
051243,微星元大95購01  ,0,0,0,0,0,0,0,0,0,97000,0,0,0,140000,43000,97000,97000
6412,群電            ,259000,146000,113000,0,0,0,0,11000,-11000,-5000,0,5000,-5000,0,0,0,97000
054427,潤泰全富邦97購01,0,0,0,0,0,0,0,0,0,96000,0,0,0,194000,98000,96000,96000
052431,茂林永豐95購03  ,0,0,0,0,0,0,0,0,0,96000,0,0,0,111000,15000,96000,96000
053284,樺漢元大97購01  ,0,0,0,0,0,0,0,0,0,96000,0,0,0,106000,10000,96000,96000
047655,聯發科兆豐93購02,0,0,0,0,0,0,0,0,0,96000,0,0,0,133000,37000,96000,96000
048757,美利達元富96購01,0,0,0,0,0,0,0,0,0,96000,0,0,0,98000,2000,96000,96000
051380,禾伸堂群益95購01,0,0,0,0,0,0,0,0,0,96000,0,0,0,341000,245000,96000,96000
049281,嘉聯益國票95購01,0,0,0,0,0,0,0,0,0,96000,0,0,0,268000,172000,96000,96000
053210,華邦電凱基97購02,0,0,0,0,0,0,0,0,0,95000,0,0,0,100000,5000,95000,95000
052464,大立光統一95購05,0,0,0,0,0,0,0,0,0,95000,0,0,0,240000,145000,95000,95000
05267P,欣興元大95售08  ,0,0,0,0,0,0,0,0,0,95000,0,0,0,120000,25000,95000,95000
04035P,全新群益93售03  ,0,0,0,0,0,0,0,0,0,95000,0,0,0,212000,117000,95000,95000
042903,金寶元大94購01  ,0,0,0,0,0,0,0,0,0,95000,0,0,0,216000,121000,95000,95000
048333,大立光富邦95購01,0,0,0,0,0,0,0,0,0,95000,0,0,0,145000,50000,95000,95000
049586,正崴元大94購01  ,0,0,0,0,0,0,0,0,0,95000,0,0,0,121000,26000,95000,95000
049655,臺股指凱基94購16,0,0,0,0,0,0,0,0,0,95000,0,0,0,95000,0,95000,95000
049965,矽創元富94購01  ,0,0,0,0,0,0,0,0,0,95000,0,0,0,192000,97000,95000,95000
050949,亞光群益96購01  ,0,0,0,0,0,0,0,0,0,95000,0,0,0,106000,11000,95000,95000
051457,寶成元大95購01  ,0,0,0,0,0,0,0,0,0,95000,0,0,0,100000,5000,95000,95000
051491,貿聯凱基95購01  ,0,0,0,0,0,0,0,0,0,95000,0,0,0,133000,38000,95000,95000
051785,臻鼎兆豐96購01  ,0,0,0,0,0,0,0,0,0,95000,0,0,0,102000,7000,95000,95000
8081,致新            ,237000,162000,75000,0,0,0,30000,0,30000,-10000,0,11000,-11000,12000,11000,1000,95000
06106P,國巨群益97售02  ,0,0,0,0,0,0,0,0,0,95000,0,0,0,116000,21000,95000,95000
05604P,聯發科元大96售10,0,0,0,0,0,0,0,0,0,95000,0,0,0,405000,310000,95000,95000
04320P,亞德客元大93售07,0,0,0,0,0,0,0,0,0,94000,0,0,0,96000,2000,94000,94000
040381,元金2X元富95購01,0,0,0,0,0,0,0,0,0,94000,0,0,0,96000,2000,94000,94000
043475,聯茂元大92購01  ,0,0,0,0,0,0,0,0,0,94000,0,0,0,94000,0,94000,94000
048466,卜蜂康和93購01  ,0,0,0,0,0,0,0,0,0,94000,0,0,0,94000,0,94000,94000
048212,美利達日盛93購01,0,0,0,0,0,0,0,0,0,94000,0,0,0,298000,204000,94000,94000
046035,冠德元大92購03  ,0,0,0,0,0,0,0,0,0,94000,0,0,0,95000,1000,94000,94000
047984,禾伸堂群益93購01,0,0,0,0,0,0,0,0,0,94000,0,0,0,94000,0,94000,94000
046934,智邦元富96購01  ,0,0,0,0,0,0,0,0,0,94000,0,0,0,110000,16000,94000,94000
046368,嘉聯益永豐92購04,0,0,0,0,0,0,0,0,0,94000,0,0,0,151000,57000,94000,94000
04709P,台積電元大94售15,0,0,0,0,0,0,0,0,0,94000,0,0,0,94000,0,94000,94000
05194P,玉晶光康和95售01,0,0,0,0,0,0,0,0,0,94000,0,0,0,104000,10000,94000,94000
05757P,旺宏永豐96售03  ,0,0,0,0,0,0,0,0,0,94000,0,0,0,94000,0,94000,94000
06005P,晶豪科永豐96售04,0,0,0,0,0,0,0,0,0,94000,0,0,0,94000,0,94000,94000
052702,群創國票97購03  ,0,0,0,0,0,0,0,0,0,93000,0,0,0,187000,94000,93000,93000
05300P,健策元大95售02  ,0,0,0,0,0,0,0,0,0,93000,0,0,0,193000,100000,93000,93000
053620,臺股指群益96購06,0,0,0,0,0,0,0,0,0,93000,0,0,0,126000,33000,93000,93000
042916,佐登元大94購01  ,0,0,0,0,0,0,0,0,0,93000,0,0,0,100000,7000,93000,93000
045820,京元電凱基92購04,0,0,0,0,0,0,0,0,0,93000,0,0,0,163000,70000,93000,93000
048971,美食元大94購01  ,0,0,0,0,0,0,0,0,0,93000,0,0,0,93000,0,93000,93000
04731P,臺股指中信96售03,0,0,0,0,0,0,0,0,0,93000,0,0,0,117000,24000,93000,93000
049595,麗豐元大95購01  ,0,0,0,0,0,0,0,0,0,93000,0,0,0,93000,0,93000,93000
049127,上海銀元富94購01,0,0,0,0,0,0,0,0,0,93000,0,0,0,93000,0,93000,93000
6414,樺漢            ,129000,32000,97000,0,0,0,0,0,0,-4000,1000,6000,-5000,23000,22000,1000,93000
05277P,深中小統一95售02,0,0,0,0,0,0,0,0,0,92000,0,0,0,200000,108000,92000,92000
052463,聯電統一96購01  ,0,0,0,0,0,0,0,0,0,92000,0,0,0,122000,30000,92000,92000
054188,欣興永豐96購03  ,0,0,0,0,0,0,0,0,0,92000,0,0,0,98000,6000,92000,92000
047872,貿聯永豐93購02  ,0,0,0,0,0,0,0,0,0,92000,0,0,0,199000,107000,92000,92000
047837,嘉晶元大93購01  ,0,0,0,0,0,0,0,0,0,92000,0,0,0,100000,8000,92000,92000
04340P,易華電元大94售02,0,0,0,0,0,0,0,0,0,92000,0,0,0,100000,8000,92000,92000
03651P,統一元大92售01  ,0,0,0,0,0,0,0,0,0,92000,0,0,0,92000,0,92000,92000
041900,元油2X富邦96購01,0,0,0,0,0,0,0,0,0,92000,0,0,0,122000,30000,92000,92000
046882,智易富邦97購01  ,0,0,0,0,0,0,0,0,0,92000,0,0,0,92000,0,92000,92000
046793,聯發科元富99購01,0,0,0,0,0,0,0,0,0,92000,0,0,0,381000,289000,92000,92000
052140,鈺齊凱基95購02  ,0,0,0,0,0,0,0,0,0,92000,0,0,0,117000,25000,92000,92000
06008P,燿華統一96售04  ,0,0,0,0,0,0,0,0,0,92000,0,0,0,92000,0,92000,92000
06070P,漢唐永豐97售01  ,0,0,0,0,0,0,0,0,0,92000,0,0,0,92000,0,92000,92000
05903P,聯發科統一96售09,0,0,0,0,0,0,0,0,0,92000,0,0,0,102000,10000,92000,92000
05495P,大立光統一95售07,0,0,0,0,0,0,0,0,0,91000,0,0,0,91000,0,91000,91000
052796,和碩兆豐96購01  ,0,0,0,0,0,0,0,0,0,91000,0,0,0,101000,10000,91000,91000
045874,東元元富92購01  ,0,0,0,0,0,0,0,0,0,91000,0,0,0,98000,7000,91000,91000
044101,聯茂國泰92購01  ,0,0,0,0,0,0,0,0,0,91000,0,0,0,135000,44000,91000,91000
047287,貿聯統一95購01  ,0,0,0,0,0,0,0,0,0,91000,0,0,0,472000,381000,91000,91000
053050,華通國票97購02  ,0,0,0,0,0,0,0,0,0,90000,0,0,0,90000,0,90000,90000
053156,緯創元大96購02  ,0,0,0,0,0,0,0,0,0,90000,0,0,0,100000,10000,90000,90000
05499P,聯詠元富95售02  ,0,0,0,0,0,0,0,0,0,90000,0,0,0,100000,10000,90000,90000
054148,矽創元大96購03  ,0,0,0,0,0,0,0,0,0,90000,0,0,0,192000,102000,90000,90000
053858,台達電元大96購05,0,0,0,0,0,0,0,0,0,90000,0,0,0,103000,13000,90000,90000
045283,上銀永豐92購01  ,0,0,0,0,0,0,0,0,0,90000,0,0,0,100000,10000,90000,90000
045263,高鐵凱基92購01  ,0,0,0,0,0,0,0,0,0,90000,0,0,0,90000,0,90000,90000
045393,寶齡國泰93購01  ,0,0,0,0,0,0,0,0,0,90000,0,0,0,100000,10000,90000,90000
041877,T50反1國票92購01,0,0,0,0,0,0,0,0,0,90000,0,0,0,90000,0,90000,90000
042792,T50反1台新9C購01,0,0,0,0,0,0,0,0,0,90000,0,0,0,90000,0,90000,90000
044574,潤泰全凱基93購01,0,0,0,0,0,0,0,0,0,90000,0,0,0,100000,10000,90000,90000
045570,元油2X元大92購02,0,0,0,0,0,0,0,0,0,90000,0,0,0,200000,110000,90000,90000
03800P,景碩元大93售01  ,0,0,0,0,0,0,0,0,0,90000,0,0,0,90000,0,90000,90000
046926,易華電國泰94購02,0,0,0,0,0,0,0,0,0,90000,0,0,0,90000,0,90000,90000
049113,大立光統一94購06,0,0,0,0,0,0,0,0,0,90000,0,0,0,205000,115000,90000,90000
049152,大立光元大95購06,0,0,0,0,0,0,0,0,0,90000,0,0,0,220000,130000,90000,90000
051692,深中小統一95購01,0,0,0,0,0,0,0,0,0,90000,0,0,0,90000,0,90000,90000
051350,台積電元大95購14,0,0,0,0,0,0,0,0,0,90000,0,0,0,340000,250000,90000,90000
051288,可成統一95購03  ,0,0,0,0,0,0,0,0,0,90000,0,0,0,103000,13000,90000,90000
050768,聯發科元大94購16,0,0,0,0,0,0,0,0,0,90000,0,0,0,150000,60000,90000,90000
050577,美律國票94購03  ,0,0,0,0,0,0,0,0,0,90000,0,0,0,90000,0,90000,90000
04933P,中石化中信96售01,0,0,0,0,0,0,0,0,0,90000,0,0,0,138000,48000,90000,90000
05801P,正崴兆豐96售01  ,0,0,0,0,0,0,0,0,0,90000,0,0,0,110000,20000,90000,90000
3605,宏致            ,344000,253000,91000,0,0,0,0,0,0,-1000,0,1000,-1000,0,0,0,90000
053986,矽創第一96購01  ,0,0,0,0,0,0,0,0,0,89000,0,0,0,89000,0,89000,89000
052933,祥碩元大96購01  ,0,0,0,0,0,0,0,0,0,89000,0,0,0,217000,128000,89000,89000
00743,國泰中國A150    ,0,0,0,0,0,0,0,0,0,89000,0,0,0,124000,35000,89000,89000
03179P,聯發科群益01售16,0,0,0,0,0,0,0,0,0,89000,0,0,0,89000,0,89000,89000
045579,全新元大93購03  ,0,0,0,0,0,0,0,0,0,89000,0,0,0,89000,0,89000,89000
044514,亞光凱基93購02  ,0,0,0,0,0,0,0,0,0,89000,0,0,0,289000,200000,89000,89000
043954,京元電統一91購02,0,0,0,0,0,0,0,0,0,89000,0,0,0,142000,53000,89000,89000
047187,亞光元大94購01  ,0,0,0,0,0,0,0,0,0,89000,0,0,0,96000,7000,89000,89000
046497,鴻海元大92購17  ,0,0,0,0,0,0,0,0,0,89000,0,0,0,105000,16000,89000,89000
04751P,智邦兆豐95售02  ,0,0,0,0,0,0,0,0,0,89000,0,0,0,91000,2000,89000,89000
050611,鴻海元大95購02  ,0,0,0,0,0,0,0,0,0,89000,0,0,0,246000,157000,89000,89000
050363,臺指反元大98購04,0,0,0,0,0,0,0,0,0,89000,0,0,0,292000,203000,89000,89000
08422P,玉晶光群益02售03,0,0,0,0,0,0,0,0,0,89000,0,0,0,99000,10000,89000,89000
053214,冠德凱基96購02  ,0,0,0,0,0,0,0,0,0,88000,0,0,0,88000,0,88000,88000
053695,智易元大97購02  ,0,0,0,0,0,0,0,0,0,88000,0,0,0,140000,52000,88000,88000
04036P,臻鼎群益93售03  ,0,0,0,0,0,0,0,0,0,88000,0,0,0,88000,0,88000,88000
04347P,全新群益94售01  ,0,0,0,0,0,0,0,0,0,88000,0,0,0,99000,11000,88000,88000
03553P,可成元富08售03  ,0,0,0,0,0,0,0,0,0,88000,0,0,0,138000,50000,88000,88000
00752,中信中國50      ,0,0,0,0,0,0,0,0,0,88000,0,0,0,591000,503000,88000,88000
047554,聯詠凱基93購04  ,0,0,0,0,0,0,0,0,0,88000,0,0,0,90000,2000,88000,88000
050578,聯發科國票95購03,0,0,0,0,0,0,0,0,0,88000,0,0,0,88000,0,88000,88000
051084,華通元大95購06  ,0,0,0,0,0,0,0,0,0,88000,0,0,0,449000,361000,88000,88000
051360,緯創元大95購03  ,0,0,0,0,0,0,0,0,0,88000,0,0,0,88000,0,88000,88000
051801,牧德永豐95購04  ,0,0,0,0,0,0,0,0,0,88000,0,0,0,91000,3000,88000,88000
05977P,旺宏永豐96售06  ,0,0,0,0,0,0,0,0,0,88000,0,0,0,88000,0,88000,88000
1227,佳格            ,612000,517000,95000,0,0,0,0,0,0,-7000,0,7000,-7000,0,0,0,88000
053206,聯發科麥證96購02,0,0,0,164000,77000,87000,0,0,0,87000,0,0,0,164000,77000,87000,87000
044697,美律元大93購02  ,0,0,0,0,0,0,0,0,0,87000,0,0,0,130000,43000,87000,87000
04483P,元油2X凱基97售04,0,0,0,0,0,0,0,0,0,87000,0,0,0,100000,13000,87000,87000
044715,康友中信91購01  ,0,0,0,0,0,0,0,0,0,87000,0,0,0,117000,30000,87000,87000
045010,可成元大92購04  ,0,0,0,0,0,0,0,0,0,87000,0,0,0,97000,10000,87000,87000
04404P,玉晶光國票94售01,0,0,0,0,0,0,0,0,0,87000,0,0,0,127000,40000,87000,87000
051121,裕民群益97購01  ,0,0,0,0,0,0,0,0,0,87000,0,0,0,98000,11000,87000,87000
050184,信邦元大94購01  ,0,0,0,0,0,0,0,0,0,87000,0,0,0,90000,3000,87000,87000
2059,川湖            ,123000,35000,88000,0,0,0,0,0,0,-1000,2000,3000,-1000,1000,1000,0,87000
052428,嘉晶永豐95購01  ,0,0,0,0,0,0,0,0,0,86000,0,0,0,100000,14000,86000,86000
054299,南電元大96購03  ,0,0,0,0,0,0,0,0,0,86000,0,0,0,171000,85000,86000,86000
044161,台郡永豐91購02  ,0,0,0,0,0,0,0,0,0,86000,0,0,0,86000,0,86000,86000
045322,京元電統一92購02,0,0,0,0,0,0,0,0,0,86000,0,0,0,86000,0,86000,86000
046703,瑞昱元富95購01  ,0,0,0,0,0,0,0,0,0,86000,0,0,0,225000,139000,86000,86000
048192,華通元大96購01  ,0,0,0,0,0,0,0,0,0,86000,0,0,0,288000,202000,86000,86000
051514,智邦凱基95購05  ,0,0,0,0,0,0,0,0,0,86000,0,0,0,86000,0,86000,86000
051524,貿聯凱基95購02  ,0,0,0,0,0,0,0,0,0,86000,0,0,0,198000,112000,86000,86000
05905P,晶技統一97售01  ,0,0,0,0,0,0,0,0,0,86000,0,0,0,106000,20000,86000,86000
054446,美食兆豐97購01  ,0,0,0,0,0,0,0,0,0,85000,0,0,0,85000,0,85000,85000
05453P,智邦群益95售03  ,0,0,0,0,0,0,0,0,0,85000,0,0,0,85000,0,85000,85000
054714,和鑫台新98購01  ,0,0,0,0,0,0,0,0,0,85000,0,0,0,85000,0,85000,85000
05348P,美律元富98售01  ,0,0,0,0,0,0,0,0,0,85000,0,0,0,105000,20000,85000,85000
044838,同欣電元大91購01,0,0,0,0,0,0,0,0,0,85000,0,0,0,100000,15000,85000,85000
042538,新光金國泰92購01,0,0,0,0,0,0,0,0,0,85000,0,0,0,134000,49000,85000,85000
03945P,欣興群益94售01  ,0,0,0,0,0,0,0,0,0,85000,0,0,0,85000,0,85000,85000
046151,矽創國票92購02  ,0,0,0,0,0,0,0,0,0,85000,0,0,0,85000,0,85000,85000
051978,泰碩凱基96購01  ,0,0,0,0,0,0,0,0,0,85000,0,0,0,90000,5000,85000,85000
050146,訊芯康和94購02  ,0,0,0,0,0,0,0,0,0,85000,0,0,0,160000,75000,85000,85000
05094P,大立光元大95售07,0,0,0,0,0,0,0,0,0,85000,0,0,0,95000,10000,85000,85000
06028P,智邦台新97售01  ,0,0,0,0,0,0,0,0,0,85000,0,0,0,135000,50000,85000,85000
05741P,聯發科元大96售14,0,0,0,0,0,0,0,0,0,85000,0,0,0,190000,105000,85000,85000
053409,和碩兆豐96購02  ,0,0,0,0,0,0,0,0,0,84000,0,0,0,122000,38000,84000,84000
053476,冠德元大96購03  ,0,0,0,0,0,0,0,0,0,84000,0,0,0,160000,76000,84000,84000
045685,康控元大95購01  ,0,0,0,0,0,0,0,0,0,84000,0,0,0,85000,1000,84000,84000
045373,台化元大92購01  ,0,0,0,0,0,0,0,0,0,84000,0,0,0,84000,0,84000,84000
050988,廣達富邦95購01  ,0,0,0,0,0,0,0,0,0,84000,0,0,0,144000,60000,84000,84000
05675P,美律群益97售01  ,0,0,0,0,0,0,0,0,0,84000,0,0,0,89000,5000,84000,84000
4927,泰鼎-KY         ,299000,144000,155000,0,0,0,0,0,0,-71000,0,51000,-51000,8000,28000,-20000,84000
052575,茂林凱基96購04  ,0,0,0,0,0,0,0,0,0,83000,0,0,0,83000,0,83000,83000
053776,台積電元大96購19,0,0,0,0,0,0,0,0,0,83000,0,0,0,197000,114000,83000,83000
054054,光磊國票97購02  ,0,0,0,0,0,0,0,0,0,83000,0,0,0,3014000,2931000,83000,83000
05413P,台郡國票96售02  ,0,0,0,0,0,0,0,0,0,83000,0,0,0,93000,10000,83000,83000
054204,元金2X國票9B購02,0,0,0,0,0,0,0,0,0,83000,0,0,0,128000,45000,83000,83000
045849,可成永豐92購01  ,0,0,0,0,0,0,0,0,0,83000,0,0,0,83000,0,83000,83000
044212,鴻海凱基93購04  ,0,0,0,0,0,0,0,0,0,83000,0,0,0,105000,22000,83000,83000
00655L,國泰中國A50正2  ,0,10000,-10000,0,0,0,0,0,0,93000,0,0,0,2809000,2716000,93000,83000
046663,亞光元大93購02  ,0,0,0,0,0,0,0,0,0,83000,0,0,0,102000,19000,83000,83000
049925,創意元大95購02  ,0,0,0,0,0,0,0,0,0,83000,0,0,0,90000,7000,83000,83000
05907P,聯發科元富96售05,0,0,0,0,0,0,0,0,0,83000,0,0,0,98000,15000,83000,83000
052530,台郡元大96購04  ,0,0,0,0,0,0,0,0,0,82000,0,0,0,118000,36000,82000,82000
052996,聯電康和96購01  ,0,0,0,0,0,0,0,0,0,82000,0,0,0,150000,68000,82000,82000
053020,貿聯元富96購01  ,0,0,0,0,0,0,0,0,0,82000,0,0,0,352000,270000,82000,82000
00688L,國泰20年美債正2 ,0,0,0,0,0,0,0,0,0,82000,0,0,0,204000,122000,82000,82000
03426P,道瓊銀元大03售05,0,0,0,0,0,0,0,0,0,82000,0,0,0,82000,0,82000,82000
03908P,致茂元大93售03  ,0,0,0,0,0,0,0,0,0,82000,0,0,0,151000,69000,82000,82000
046642,南電永豐93購01  ,0,0,0,0,0,0,0,0,0,82000,0,0,0,94000,12000,82000,82000
047296,日月光元富96購01,0,0,0,0,0,0,0,0,0,82000,0,0,0,157000,75000,82000,82000
047901,復盛群益93購01  ,0,0,0,0,0,0,0,0,0,82000,0,0,0,90000,8000,82000,82000
048608,燿華凱基93購06  ,0,0,0,0,0,0,0,0,0,82000,0,0,0,85000,3000,82000,82000
049439,牧德國泰96購01  ,0,0,0,0,0,0,0,0,0,82000,0,0,0,82000,0,82000,82000
050902,南電元大96購01  ,0,0,0,0,0,0,0,0,0,82000,0,0,0,82000,0,82000,82000
2923,鼎固-KY         ,82000,0,82000,0,0,0,0,0,0,0,0,0,0,0,0,0,82000
03189P,玉晶光元大03售05,0,0,0,0,0,0,0,0,0,81000,0,0,0,81000,0,81000,81000
045188,大立光元富92購01,0,0,0,0,0,0,0,0,0,81000,0,0,0,81000,0,81000,81000
048615,貿聯凱基93購04  ,0,0,0,0,0,0,0,0,0,81000,0,0,0,90000,9000,81000,81000
047391,潤泰全元大93購02,0,0,0,0,0,0,0,0,0,81000,0,0,0,165000,84000,81000,81000
047409,寶成統一93購01  ,0,0,0,0,0,0,0,0,0,81000,0,0,0,81000,0,81000,81000
050850,訊連國票96購01  ,0,0,0,0,0,0,0,0,0,81000,0,0,0,83000,2000,81000,81000
050137,臺指反國票96購01,0,0,0,0,0,0,0,0,0,81000,0,0,0,101000,20000,81000,81000
05984P,台積電統一98售01,0,0,0,0,0,0,0,0,0,81000,0,0,0,91000,10000,81000,81000
053157,日月光元大96購03,0,0,0,0,0,0,0,0,0,80000,0,0,0,80000,0,80000,80000
053254,群創國泰98購02  ,0,0,0,0,0,0,0,0,0,80000,0,0,0,976000,896000,80000,80000
054203,滬深2X國票96購03,0,0,0,0,0,0,0,0,0,80000,0,0,0,110000,30000,80000,80000
054531,聯發科國泰97購02,0,0,0,0,0,0,0,0,0,80000,0,0,0,100000,20000,80000,80000
054314,嘉聯益凱基97購01,0,0,0,0,0,0,0,0,0,80000,0,0,0,127000,47000,80000,80000
054362,亞光凱基96購03  ,0,0,0,0,0,0,0,0,0,80000,0,0,0,81000,1000,80000,80000
045367,新光金兆豐92購01,0,0,0,0,0,0,0,0,0,80000,0,0,0,80000,0,80000,80000
045429,復盛凱基92購01  ,0,0,0,0,0,0,0,0,0,80000,0,0,0,100000,20000,80000,80000
044401,亞光凱基93購01  ,0,0,0,0,0,0,0,0,0,80000,0,0,0,90000,10000,80000,80000
044492,南亞科元大91購12,0,0,0,0,0,0,0,0,0,80000,0,0,0,80000,0,80000,80000
044134,訊芯凱基93購01  ,0,0,0,0,0,0,0,0,0,80000,0,0,0,105000,25000,80000,80000
03649P,聯發科國泰93售02,0,0,0,0,0,0,0,0,0,80000,0,0,0,80000,0,80000,80000
047448,啟碁元大93購06  ,0,0,0,0,0,0,0,0,0,80000,0,0,0,81000,1000,80000,80000
049649,信邦凱基94購01  ,0,0,0,0,0,0,0,0,0,80000,0,0,0,100000,20000,80000,80000
049641,台達電凱基94購08,0,0,0,0,0,0,0,0,0,80000,0,0,0,114000,34000,80000,80000
047094,聯發科麥證93購02,0,0,0,100000,20000,80000,0,0,0,80000,0,0,0,100000,20000,80000,80000
046026,友訊元大92購01  ,0,0,0,0,0,0,0,0,0,80000,0,0,0,110000,30000,80000,80000
04798P,牧德元大95售02  ,0,0,0,0,0,0,0,0,0,80000,0,0,0,80000,0,80000,80000
049763,美食國泰96購01  ,0,0,0,0,0,0,0,0,0,80000,0,0,0,233000,153000,80000,80000
050823,信邦凱基95購01  ,0,0,0,0,0,0,0,0,0,80000,0,0,0,120000,40000,80000,80000
051789,嘉澤國票96購01  ,0,0,0,0,0,0,0,0,0,80000,0,0,0,80000,0,80000,80000
051566,鴻海富邦95購05  ,0,0,0,0,0,0,0,0,0,80000,0,0,0,110000,30000,80000,80000
05161P,華新科國票96售01,0,0,0,0,0,0,0,0,0,80000,0,0,0,230000,150000,80000,80000
05140P,台表科國票96售01,0,0,0,0,0,0,0,0,0,80000,0,0,0,80000,0,80000,80000
051115,華通麥證96購01  ,0,0,0,109000,29000,80000,0,0,0,80000,0,0,0,109000,29000,80000,80000
05925P,晶技永豐96售03  ,0,0,0,0,0,0,0,0,0,80000,0,0,0,80000,0,80000,80000
6668,中揚光          ,150000,117000,33000,0,0,0,50000,0,50000,-3000,0,1000,-1000,2000,4000,-2000,80000
04282P,微星永豐93售02  ,0,0,0,0,0,0,0,0,0,79000,0,0,0,137000,58000,79000,79000
03868P,統一凱基93售02  ,0,0,0,0,0,0,0,0,0,79000,0,0,0,81000,2000,79000,79000
04321P,國巨元大93售12  ,0,0,0,0,0,0,0,0,0,79000,0,0,0,79000,0,79000,79000
044819,新日興兆豐93購02,0,0,0,0,0,0,0,0,0,79000,0,0,0,79000,0,79000,79000
047798,臺股指群益93購09,0,0,0,0,0,0,0,0,0,79000,0,0,0,95000,16000,79000,79000
05166P,中磊元富95售03  ,0,0,0,0,0,0,0,0,0,79000,0,0,0,81000,2000,79000,79000
050268,智原元大95購03  ,0,0,0,0,0,0,0,0,0,79000,0,0,0,228000,149000,79000,79000
054318,台虹凱基98購01  ,0,0,0,0,0,0,0,0,0,78000,0,0,0,134000,56000,78000,78000
054144,康控元大97購02  ,0,0,0,0,0,0,0,0,0,78000,0,0,0,78000,0,78000,78000
053988,友達亞東96購01  ,0,0,0,0,0,0,0,0,0,78000,0,0,0,148000,70000,78000,78000
04539P,力山永豐94售02  ,0,0,0,0,0,0,0,0,0,78000,0,0,0,78000,0,78000,78000
048089,智邦凱基93購10  ,0,0,0,0,0,0,0,0,0,78000,0,0,0,78000,0,78000,78000
046792,京元電元富96購01,0,0,0,0,0,0,0,0,0,78000,0,0,0,259000,181000,78000,78000
046869,聯發科統一95購01,0,0,0,0,0,0,0,0,0,78000,0,0,0,85000,7000,78000,78000
049668,大立光國泰96購02,0,0,0,0,0,0,0,0,0,78000,0,0,0,111000,33000,78000,78000
049071,台達電凱基94購02,0,0,0,0,0,0,0,0,0,78000,0,0,0,78000,0,78000,78000
050033,日月光元大94購01,0,0,0,0,0,0,0,0,0,78000,0,0,0,78000,0,78000,78000
05071P,鴻海統一96售05  ,0,0,0,0,0,0,0,0,0,78000,0,0,0,128000,50000,78000,78000
052313,聯電元大98購01  ,0,0,0,0,0,0,0,0,0,78000,0,0,0,148000,70000,78000,78000
052325,高股息中信99購01,0,0,0,0,0,0,0,0,0,78000,0,0,0,78000,0,78000,78000
05132P,鴻海元富95售07  ,0,0,0,0,0,0,0,0,0,78000,0,0,0,150000,72000,78000,78000
05532P,臺股指群益96售05,0,0,0,0,0,0,0,0,0,78000,0,0,0,201000,123000,78000,78000
054151,瑞昱國泰97購01  ,0,0,0,0,0,0,0,0,0,77000,0,0,0,134000,57000,77000,77000
04782P,智伸科統一96售01,0,0,0,0,0,0,0,0,0,77000,0,0,0,179000,102000,77000,77000
049895,國巨統一94購04  ,0,0,0,0,0,0,0,0,0,77000,0,0,0,89000,12000,77000,77000
04843P,致新元大94售02  ,0,0,0,0,0,0,0,0,0,77000,0,0,0,77000,0,77000,77000
048489,明泰富邦93購01  ,0,0,0,0,0,0,0,0,0,77000,0,0,0,77000,0,77000,77000
04593P,台積電元大94售11,0,0,0,0,0,0,0,0,0,77000,0,0,0,77000,0,77000,77000
049042,玉晶光兆豐95購01,0,0,0,0,0,0,0,0,0,77000,0,0,0,77000,0,77000,77000
048008,聯發科富邦95購02,0,0,0,0,0,0,0,0,0,77000,0,0,0,97000,20000,77000,77000
047968,南電國泰94購01  ,0,0,0,0,0,0,0,0,0,77000,0,0,0,82000,5000,77000,77000
047264,貿聯國票93購02  ,0,0,0,0,0,0,0,0,0,77000,0,0,0,112000,35000,77000,77000
049983,智原凱基94購02  ,0,0,0,0,0,0,0,0,0,77000,0,0,0,170000,93000,77000,77000
05597P,鴻海元富96售06  ,0,0,0,0,0,0,0,0,0,77000,0,0,0,77000,0,77000,77000
05633P,台表科群益96售04,0,0,0,0,0,0,0,0,0,77000,0,0,0,126000,49000,77000,77000
054672,華新科國泰99購01,0,0,0,0,0,0,0,0,0,76000,0,0,0,76000,0,76000,76000
053324,康舒群益96購01  ,0,0,0,0,0,0,0,0,0,76000,0,0,0,99000,23000,76000,76000
053607,大立光第一96購01,0,0,0,0,0,0,0,0,0,76000,0,0,0,86000,10000,76000,76000
052454,力成元大95購02  ,0,0,0,0,0,0,0,0,0,76000,0,0,0,114000,38000,76000,76000
048945,訊連永豐94購01  ,0,0,0,0,0,0,0,0,0,76000,0,0,0,161000,85000,76000,76000
044373,台積電兆豐92購01,0,0,0,0,0,0,0,0,0,76000,0,0,0,76000,0,76000,76000
044195,台積電國票91購03,0,0,0,0,0,0,0,0,0,76000,0,0,0,76000,0,76000,76000
047202,欣興元富96購01  ,0,0,0,0,0,0,0,0,0,76000,0,0,0,78000,2000,76000,76000
049903,大立光元富94購06,0,0,0,0,0,0,0,0,0,76000,0,0,0,78000,2000,76000,76000
046712,勤誠永豐93購01  ,0,0,0,0,0,0,0,0,0,76000,0,0,0,131000,55000,76000,76000
050767,京元電元大96購01,0,0,0,0,0,0,0,0,0,76000,0,0,0,202000,126000,76000,76000
050337,南電國泰95購01  ,0,0,0,0,0,0,0,0,0,76000,0,0,0,76000,0,76000,76000
051578,智邦元大96購01  ,0,0,0,0,0,0,0,0,0,76000,0,0,0,188000,112000,76000,76000
05666P,聯發科凱基96售14,0,0,0,0,0,0,0,0,0,76000,0,0,0,91000,15000,76000,76000
052855,群創日盛99購01  ,0,0,0,0,0,0,0,0,0,75000,0,0,0,578000,503000,75000,75000
053609,華新中信9A購01  ,0,0,0,0,0,0,0,0,0,75000,0,0,0,75000,0,75000,75000
054492,嘉聯益台新96購01,0,0,0,0,0,0,0,0,0,75000,0,0,0,75000,0,75000,75000
048559,京元電元大93購03,0,0,0,0,0,0,0,0,0,75000,0,0,0,193000,118000,75000,75000
03521P,欣興元大02售16  ,0,0,0,0,0,0,0,0,0,75000,0,0,0,75000,0,75000,75000
043730,旭富國泰93購01  ,0,0,0,0,0,0,0,0,0,75000,0,0,0,80000,5000,75000,75000
04185P,欣興統一93售05  ,0,0,0,0,0,0,0,0,0,75000,0,0,0,75000,0,75000,75000
04990P,臻鼎元大94售04  ,0,0,0,0,0,0,0,0,0,75000,0,0,0,75000,0,75000,75000
046602,新日興群益94購01,0,0,0,0,0,0,0,0,0,75000,0,0,0,80000,5000,75000,75000
05148P,臻鼎元大95售01  ,0,0,0,0,0,0,0,0,0,75000,0,0,0,75000,0,75000,75000
05220P,台積電元大95售16,0,0,0,0,0,0,0,0,0,75000,0,0,0,130000,55000,75000,75000
052076,可成元富98購01  ,0,0,0,0,0,0,0,0,0,75000,0,0,0,77000,2000,75000,75000
051687,大立光凱基95購12,0,0,0,0,0,0,0,0,0,75000,0,0,0,97000,22000,75000,75000
04941P,台達電台新94售02,0,0,0,0,0,0,0,0,0,75000,0,0,0,75000,0,75000,75000
05395P,旺宏元大96售06  ,0,0,0,0,0,0,0,0,0,74000,0,0,0,74000,0,74000,74000
048857,晶豪科群益94購01,0,0,0,0,0,0,0,0,0,74000,0,0,0,151000,77000,74000,74000
046117,強茂元大92購03  ,0,0,0,0,0,0,0,0,0,74000,0,0,0,74000,0,74000,74000
047038,亞光群益93購01  ,0,0,0,0,0,0,0,0,0,74000,0,0,0,120000,46000,74000,74000
050190,麗豐元大95購02  ,0,0,0,0,0,0,0,0,0,74000,0,0,0,74000,0,74000,74000
050331,鈺齊永豐94購02  ,0,0,0,0,0,0,0,0,0,74000,0,0,0,521000,447000,74000,74000
051535,新日興國票96購01,0,0,0,0,0,0,0,0,0,74000,0,0,0,284000,210000,74000,74000
05878P,創意群益98售01  ,0,0,0,0,0,0,0,0,0,74000,0,0,0,110000,36000,74000,74000
06047P,聯發科富邦99售04,0,0,0,0,0,0,0,0,0,74000,0,0,0,108000,34000,74000,74000
052564,美食日盛96購01  ,0,0,0,0,0,0,0,0,0,73000,0,0,0,73000,0,73000,73000
045639,冠德凱基93購01  ,0,0,0,0,0,0,0,0,0,73000,0,0,0,83000,10000,73000,73000
04601P,大立光凱基94售07,0,0,0,0,0,0,0,0,0,73000,0,0,0,73000,0,73000,73000
048612,嘉晶凱基93購05  ,0,0,0,0,0,0,0,0,0,73000,0,0,0,173000,100000,73000,73000
051609,貿聯群益95購03  ,0,0,0,0,0,0,0,0,0,73000,0,0,0,295000,222000,73000,73000
051150,宏達電凱基95購02,0,0,0,0,0,0,0,0,0,73000,0,0,0,133000,60000,73000,73000
052233,台郡凱基96購01  ,0,0,0,0,0,0,0,0,0,73000,0,0,0,248000,175000,73000,73000
050864,亞光永豐95購01  ,0,0,0,0,0,0,0,0,0,73000,0,0,0,83000,10000,73000,73000
049410,統一凱基94購02  ,0,0,0,0,0,0,0,0,0,73000,0,0,0,73000,0,73000,73000
053786,新日興元大96購02,0,0,0,0,0,0,0,0,0,72000,0,0,0,100000,28000,72000,72000
053697,臻鼎元大96購02  ,0,0,0,0,0,0,0,0,0,72000,0,0,0,119000,47000,72000,72000
048951,宏全永豐94購01  ,0,0,0,0,0,0,0,0,0,72000,0,0,0,122000,50000,72000,72000
045287,元油2X元大95購01,0,0,0,0,0,0,0,0,0,72000,0,0,0,131000,59000,72000,72000
048736,台達電統一94購01,0,0,0,0,0,0,0,0,0,72000,0,0,0,252000,180000,72000,72000
046319,新日興元大92購03,0,0,0,0,0,0,0,0,0,72000,0,0,0,150000,78000,72000,72000
049647,美食凱基94購01  ,0,0,0,0,0,0,0,0,0,72000,0,0,0,72000,0,72000,72000
046616,中橡凱基93購01  ,0,0,0,0,0,0,0,0,0,72000,0,0,0,72000,0,72000,72000
046509,中壽元大92購01  ,0,0,0,0,0,0,0,0,0,72000,0,0,0,116000,44000,72000,72000
05064P,台積電元大95售10,0,0,0,0,0,0,0,0,0,72000,0,0,0,72000,0,72000,72000
051911,大立光元大98購02,0,0,0,0,0,0,0,0,0,72000,0,0,0,321000,249000,72000,72000
051076,緯創國泰96購01  ,0,0,0,0,0,0,0,0,0,72000,0,0,0,143000,71000,72000,72000
051456,鈺齊元大95購01  ,0,0,0,0,0,0,0,0,0,72000,0,0,0,72000,0,72000,72000
3016,嘉晶            ,143000,89000,54000,0,0,0,0,0,0,18000,0,2000,-2000,33000,13000,20000,72000
08852P,台灣50台新01售01,0,0,0,0,0,0,0,0,0,72000,0,0,0,72000,0,72000,72000
4551,智伸科          ,83000,18000,65000,0,0,0,0,0,0,7000,12000,3000,9000,3000,5000,-2000,72000
05388P,南亞科元大95售04,0,0,0,0,0,0,0,0,0,71000,0,0,0,194000,123000,71000,71000
053999,台表科群益96購06,0,0,0,0,0,0,0,0,0,71000,0,0,0,101000,30000,71000,71000
052970,美律群益96購01  ,0,0,0,0,0,0,0,0,0,71000,0,0,0,185000,114000,71000,71000
053471,正崴元大96購01  ,0,0,0,0,0,0,0,0,0,71000,0,0,0,101000,30000,71000,71000
053087,冠德元大96購02  ,0,0,0,0,0,0,0,0,0,71000,0,0,0,184000,113000,71000,71000
048910,和鑫富邦98購01  ,0,0,0,0,0,0,0,0,0,71000,0,0,0,91000,20000,71000,71000
045518,可成元富92購01  ,0,0,0,0,0,0,0,0,0,71000,0,0,0,71000,0,71000,71000
03417B,臺股指凱基95熊19,0,0,0,0,0,0,0,0,0,71000,0,0,0,136000,65000,71000,71000
00650L,FH香港正2       ,0,2000,-2000,0,0,0,0,0,0,73000,0,0,0,826000,753000,73000,71000
049618,美律群益94購03  ,0,0,0,0,0,0,0,0,0,71000,0,0,0,185000,114000,71000,71000
051176,聯發科凱基95購07,0,0,0,0,0,0,0,0,0,71000,0,0,0,88000,17000,71000,71000
050670,牧德永豐94購03  ,0,0,0,0,0,0,0,0,0,71000,0,0,0,104000,33000,71000,71000
050808,台達電凱基96購02,0,0,0,0,0,0,0,0,0,71000,0,0,0,71000,0,71000,71000
053301,華通凱基96購04  ,0,0,0,0,0,0,0,0,0,70000,0,0,0,70000,0,70000,70000
053410,啟碁兆豐96購01  ,0,0,0,0,0,0,0,0,0,70000,0,0,0,70000,0,70000,70000
053593,晶技元大98購01  ,0,0,0,0,0,0,0,0,0,70000,0,0,0,70000,0,70000,70000
053539,智易永豐96購01  ,0,0,0,0,0,0,0,0,0,70000,0,0,0,124000,54000,70000,70000
052501,茂林永豐95購04  ,0,0,0,0,0,0,0,0,0,70000,0,0,0,70000,0,70000,70000
053971,聯發科元大97購09,0,0,0,0,0,0,0,0,0,70000,0,0,0,72000,2000,70000,70000
053836,亞光永豐96購02  ,0,0,0,0,0,0,0,0,0,70000,0,0,0,80000,10000,70000,70000
053822,正文群益97購01  ,0,0,0,0,0,0,0,0,0,70000,0,0,0,70000,0,70000,70000
053701,台積電兆豐96購05,0,0,0,0,0,0,0,0,0,70000,0,0,0,100000,30000,70000,70000
054604,麗豐台新98購01  ,0,0,0,0,0,0,0,0,0,70000,0,0,0,90000,20000,70000,70000
054620,南茂永豐97購01  ,0,0,0,0,0,0,0,0,0,70000,0,0,0,70000,0,70000,70000
054802,高股息元大97購01,0,0,0,0,0,0,0,0,0,70000,0,0,0,70000,0,70000,70000
04554P,可成中信94售01  ,0,0,0,0,0,0,0,0,0,70000,0,0,0,70000,0,70000,70000
043741,廣宇元大91購01  ,0,0,0,0,0,0,0,0,0,70000,0,0,0,70000,0,70000,70000
04233P,儒鴻兆豐93售01  ,0,0,0,0,0,0,0,0,0,70000,0,0,0,87000,17000,70000,70000
045214,上銀元大92購06  ,0,0,0,0,0,0,0,0,0,70000,0,0,0,70000,0,70000,70000
045713,台達電凱基93購02,0,0,0,0,0,0,0,0,0,70000,0,0,0,70000,0,70000,70000
044038,群創群益93購02  ,0,0,0,0,0,0,0,0,0,70000,0,0,0,174000,104000,70000,70000
049563,華新統一95購01  ,0,0,0,0,0,0,0,0,0,70000,0,0,0,90000,20000,70000,70000
049569,光磊統一94購02  ,0,0,0,0,0,0,0,0,0,70000,0,0,0,269000,199000,70000,70000
04988P,楠梓電元大94售01,1000,0,1000,0,0,0,0,0,0,69000,0,0,0,100000,31000,69000,70000
04607P,A50中信94售01   ,0,0,0,0,0,0,0,0,0,70000,0,0,0,70000,0,70000,70000
046507,宏達電元大92購07,0,0,0,0,0,0,0,0,0,70000,0,0,0,100000,30000,70000,70000
046630,京元電元富95購03,0,0,0,0,0,0,0,0,0,70000,0,0,0,227000,157000,70000,70000
047431,儒鴻元大93購06  ,0,0,0,0,0,0,0,0,0,70000,0,0,0,70000,0,70000,70000
048268,長榮航中信95購01,0,0,0,0,0,0,0,0,0,70000,0,0,0,100000,30000,70000,70000
048312,致茂凱基93購02  ,0,0,0,0,0,0,0,0,0,70000,0,0,0,160000,90000,70000,70000
048275,A50正2永豐93購01,0,0,0,0,0,0,0,0,0,70000,0,0,0,70000,0,70000,70000
048094,大立光凱基93購31,0,0,0,0,0,0,0,0,0,70000,0,0,0,70000,0,70000,70000
047516,深中小第一93購01,0,0,0,0,0,0,0,0,0,70000,0,0,0,70000,0,70000,70000
047460,富邦金群益95購01,0,5000,-5000,0,0,0,0,0,0,75000,0,0,0,75000,0,75000,70000
047293,全新元富93購03  ,0,0,0,0,0,0,0,0,0,70000,0,0,0,70000,0,70000,70000
047289,啟碁統一97購01  ,0,0,0,0,0,0,0,0,0,70000,0,0,0,70000,0,70000,70000
047190,聯茂元大93購03  ,0,0,0,0,0,0,0,0,0,70000,0,0,0,70000,0,70000,70000
046873,可成元富93購01  ,0,0,0,0,0,0,0,0,0,70000,0,0,0,80000,10000,70000,70000
050399,潤泰全中信95購01,0,0,0,0,0,0,0,0,0,70000,0,0,0,70000,0,70000,70000
049344,華固統一94購01  ,0,0,0,0,0,0,0,0,0,70000,0,0,0,70000,0,70000,70000
050193,臻鼎元大94購02  ,0,0,0,0,0,0,0,0,0,70000,0,0,0,74000,4000,70000,70000
051182,旺宏永豐95購01  ,0,0,0,0,0,0,0,0,0,70000,0,0,0,70000,0,70000,70000
051007,台光電麥證95購01,0,0,0,130000,60000,70000,0,0,0,70000,0,0,0,130000,60000,70000,70000
051034,正崴兆豐95購01  ,0,0,0,0,0,0,0,0,0,70000,0,0,0,70000,0,70000,70000
051574,鴻海元大96購06  ,0,0,0,0,0,0,0,0,0,70000,0,0,0,71000,1000,70000,70000
051812,臻鼎凱基95購03  ,0,0,0,0,0,0,0,0,0,70000,0,0,0,99000,29000,70000,70000
051798,國巨永豐95購03  ,0,0,0,0,0,0,0,0,0,70000,0,0,0,105000,35000,70000,70000
052172,致茂元大95購01  ,0,0,0,0,0,0,0,0,0,70000,0,0,0,95000,25000,70000,70000
06048P,大立光富邦96售05,0,0,0,0,0,0,0,0,0,70000,0,0,0,80000,10000,70000,70000
05989P,健策元富96售01  ,0,0,0,0,0,0,0,0,0,70000,0,0,0,70000,0,70000,70000
05651P,大立光元大97售02,0,0,0,0,0,0,0,0,0,70000,0,0,0,75000,5000,70000,70000
05589P,大立光中信9A售01,0,0,0,0,0,0,0,0,0,70000,0,0,0,83000,13000,70000,70000
4943,康控-KY         ,292247,234000,58247,0,0,0,0,20000,-20000,31000,5000,1000,4000,69000,42000,27000,69247
052576,聯茂凱基96購01  ,0,0,0,0,0,0,0,0,0,69000,0,0,0,69000,0,69000,69000
053557,聯茂凱基96購04  ,0,0,0,0,0,0,0,0,0,69000,0,0,0,69000,0,69000,69000
053510,聯電群益97購01  ,0,0,0,0,0,0,0,0,0,69000,0,0,0,180000,111000,69000,69000
053222,聯茂凱基96購03  ,0,0,0,0,0,0,0,0,0,69000,0,0,0,75000,6000,69000,69000
044764,聯茂凱基93購03  ,0,0,0,0,0,0,0,0,0,69000,0,0,0,70000,1000,69000,69000
04586P,光罩永豐94售02  ,0,0,0,0,0,0,0,0,0,69000,0,0,0,69000,0,69000,69000
045833,京元電群益92購02,0,0,0,0,0,0,0,0,0,69000,0,0,0,79000,10000,69000,69000
044689,超眾凱基93購03  ,0,0,0,0,0,0,0,0,0,69000,0,0,0,70000,1000,69000,69000
04155P,全新永豐93售01  ,0,0,0,0,0,0,0,0,0,69000,0,0,0,69000,0,69000,69000
047183,台光電元大93購05,0,0,0,0,0,0,0,0,0,69000,0,0,0,69000,0,69000,69000
047286,美律統一93購02  ,0,0,0,0,0,0,0,0,0,69000,0,0,0,210000,141000,69000,69000
047432,台達電元大93購01,0,0,0,0,0,0,0,0,0,69000,0,0,0,69000,0,69000,69000
046115,京元電元大92購04,0,0,0,0,0,0,0,0,0,69000,0,0,0,69000,0,69000,69000
051782,昇陽半群益95購01,0,0,0,0,0,0,0,0,0,69000,0,0,0,145000,76000,69000,69000
051937,廣達群益95購01  ,0,0,0,0,0,0,0,0,0,69000,0,0,0,108000,39000,69000,69000
051564,和碩國泰96購01  ,0,0,0,0,0,0,0,0,0,69000,0,0,0,102000,33000,69000,69000
051591,玉晶光元大97購01,0,0,0,0,0,0,0,0,0,69000,0,0,0,72000,3000,69000,69000
050203,美律群益94購04  ,0,0,0,0,0,0,0,0,0,69000,0,0,0,195000,126000,69000,69000
050051,智原群益94購01  ,0,0,0,0,0,0,0,0,0,69000,0,0,0,126000,57000,69000,69000
050861,鴻海永豐95購01  ,0,0,0,0,0,0,0,0,0,69000,0,0,0,89000,20000,69000,69000
4737,華廣            ,146000,77000,69000,0,0,0,0,0,0,0,0,0,0,0,0,0,69000
2428,興勤            ,173000,103000,70000,0,0,0,0,0,0,-1000,0,1000,-1000,0,0,0,69000
053446,欣興凱基96購02  ,0,0,0,0,0,0,0,0,0,68000,0,0,0,68000,0,68000,68000
053004,燿華永豐96購01  ,0,0,0,0,0,0,0,0,0,68000,0,0,0,68000,0,68000,68000
054309,禾伸堂凱基98購01,0,0,0,0,0,0,0,0,0,68000,0,0,0,68000,0,68000,68000
054402,康控永豐96購03  ,0,0,0,0,0,0,0,0,0,68000,0,0,0,68000,0,68000,68000
053838,正文永豐96購02  ,0,0,0,0,0,0,0,0,0,68000,0,0,0,68000,0,68000,68000
053876,可成永昌98購01  ,0,0,0,0,0,0,0,0,0,68000,0,0,0,316000,248000,68000,68000
054009,欣興元富96購03  ,0,0,0,0,0,0,0,0,0,68000,0,0,0,68000,0,68000,68000
03792P,台光電永豐93售01,0,0,0,0,0,0,0,0,0,68000,0,0,0,68000,0,68000,68000
04306P,上銀凱基93售10  ,0,0,0,0,0,0,0,0,0,68000,0,0,0,68000,0,68000,68000
044062,可成元大92購02  ,0,0,0,0,0,0,0,0,0,68000,0,0,0,82000,14000,68000,68000
045732,儒鴻國票93購01  ,0,0,0,0,0,0,0,0,0,68000,0,0,0,68000,0,68000,68000
04439P,聯發科群益94售04,0,0,0,0,0,0,0,0,0,68000,0,0,0,71000,3000,68000,68000
046199,致伸凱基92購05  ,0,0,0,0,0,0,0,0,0,68000,0,0,0,68000,0,68000,68000
046697,麗豐凱基94購01  ,0,0,0,0,0,0,0,0,0,68000,0,0,0,68000,0,68000,68000
049136,華通元大95購01  ,0,0,0,0,0,0,0,0,0,68000,0,0,0,215000,147000,68000,68000
049848,聯發科群益94購06,0,0,0,0,0,0,0,0,0,68000,0,0,0,97000,29000,68000,68000
049802,可成元大94購10  ,0,0,0,0,0,0,0,0,0,68000,0,0,0,78000,10000,68000,68000
049616,卜蜂群益94購01  ,0,0,0,0,0,0,0,0,0,68000,0,0,0,128000,60000,68000,68000
046619,可成凱基93購01  ,0,0,0,0,0,0,0,0,0,68000,0,0,0,68000,0,68000,68000
047349,可成凱基93購06  ,0,0,0,0,0,0,0,0,0,68000,0,0,0,68000,0,68000,68000
047956,麗豐永豐93購02  ,0,0,0,0,0,0,0,0,0,68000,0,0,0,68000,0,68000,68000
048721,正文永豐94購01  ,0,0,0,0,0,0,0,0,0,68000,0,0,0,68000,0,68000,68000
048314,京元電凱基93購04,0,0,0,0,0,0,0,0,0,68000,0,0,0,68000,0,68000,68000
048319,嘉晶凱基93購04  ,0,0,0,0,0,0,0,0,0,68000,0,0,0,68000,0,68000,68000
047932,麗豐凱基93購01  ,0,0,0,0,0,0,0,0,0,68000,0,0,0,68000,0,68000,68000
048609,京元電凱基93購07,0,0,0,0,0,0,0,0,0,68000,0,0,0,68000,0,68000,68000
047028,新日興元大93購02,0,0,0,0,0,0,0,0,0,68000,0,0,0,68000,0,68000,68000
047053,益航國票93購01  ,0,0,0,0,0,0,0,0,0,68000,0,0,0,68000,0,68000,68000
046760,冠德凱基93購02  ,0,0,0,0,0,0,0,0,0,68000,0,0,0,68000,0,68000,68000
050387,鴻海統一94購08  ,0,0,0,0,0,0,0,0,0,68000,0,0,0,158000,90000,68000,68000
050289,光磊凱基94購04  ,0,0,0,0,0,0,0,0,0,68000,0,0,0,68000,0,68000,68000
050474,鴻海永豐94購05  ,0,0,0,0,0,0,0,0,0,68000,0,0,0,68000,0,68000,68000
050060,光磊凱基94購03  ,0,0,0,0,0,0,0,0,0,68000,0,0,0,68000,0,68000,68000
050068,美食凱基94購03  ,0,0,0,0,0,0,0,0,0,68000,0,0,0,68000,0,68000,68000
050237,智邦凱基94購03  ,0,0,0,0,0,0,0,0,0,68000,0,0,0,68000,0,68000,68000
049419,欣興凱基94購04  ,0,0,0,0,0,0,0,0,0,68000,0,0,0,68000,0,68000,68000
049474,台光電永豐94購02,0,0,0,0,0,0,0,0,0,68000,0,0,0,68000,0,68000,68000
051579,宏碁元大95購01  ,0,0,0,0,0,0,0,0,0,68000,0,0,0,68000,0,68000,68000
051644,聯茂康和95購01  ,0,0,0,0,0,0,0,0,0,68000,0,0,0,68000,0,68000,68000
051515,聯發科凱基95購10,0,0,0,0,0,0,0,0,0,68000,0,0,0,68000,0,68000,68000
051165,可成元大95購01  ,0,0,0,0,0,0,0,0,0,68000,0,0,0,68000,0,68000,68000
051765,健鼎元大95購03  ,0,0,0,0,0,0,0,0,0,68000,0,0,0,68000,0,68000,68000
051803,矽創永豐95購03  ,0,0,0,0,0,0,0,0,0,68000,0,0,0,68000,0,68000,68000
051689,智易凱基95購02  ,0,0,0,0,0,0,0,0,0,68000,0,0,0,68000,0,68000,68000
05747P,漢唐群益96售03  ,0,0,0,0,0,0,0,0,0,68000,0,0,0,68000,0,68000,68000
05881P,彩晶康和96售01  ,0,0,0,0,0,0,0,0,0,68000,0,0,0,68000,0,68000,68000
048941,牧德永豐94購02  ,0,0,0,0,0,0,0,0,0,67000,0,0,0,181000,114000,67000,67000
04139P,大立光國票93售03,0,0,0,0,0,0,0,0,0,67000,0,0,0,67000,0,67000,67000
045606,喬山群益92購01  ,0,0,0,0,0,0,0,0,0,67000,0,0,0,67000,0,67000,67000
045523,元油2X永豐92購03,0,0,0,0,0,0,0,0,0,67000,0,0,0,127000,60000,67000,67000
047949,燿華台新93購01  ,0,0,0,0,0,0,0,0,0,67000,0,0,0,67000,0,67000,67000
052085,聯電元大95購01  ,0,0,0,0,0,0,0,0,0,67000,0,0,0,68000,1000,67000,67000
049989,臻鼎凱基94購02  ,0,0,0,0,0,0,0,0,0,67000,0,0,0,78000,11000,67000,67000
050959,元金2X永豐95購02,0,0,0,0,0,0,0,0,0,67000,0,0,0,67000,0,67000,67000
05078P,義隆永豐95售01  ,0,0,0,0,0,0,0,0,0,67000,0,0,0,67000,0,67000,67000
053825,南電群益96購02  ,0,0,0,0,0,0,0,0,0,66000,0,0,0,77000,11000,66000,66000
053709,台達電凱基96購04,0,0,0,0,0,0,0,0,0,66000,0,0,0,68000,2000,66000,66000
054440,TPK台新98購01   ,0,0,0,0,0,0,0,0,0,66000,0,0,0,108000,42000,66000,66000
052871,群創凱基98購07  ,0,0,0,0,0,0,0,0,0,66000,0,0,0,110000,44000,66000,66000
053305,聯詠凱基96購02  ,0,0,0,0,0,0,0,0,0,66000,0,0,0,66000,0,66000,66000
04359P,中磊永豐94售01  ,0,0,0,0,0,0,0,0,0,66000,0,0,0,76000,10000,66000,66000
045015,玉晶光元大94購01,0,0,0,0,0,0,0,0,0,66000,0,0,0,110000,44000,66000,66000
04412P,欣興元富94售01  ,0,0,0,0,0,0,0,0,0,66000,0,0,0,74000,8000,66000,66000
049911,智邦元大94購05  ,0,0,0,0,0,0,0,0,0,66000,0,0,0,68000,2000,66000,66000
050945,致茂群益95購01  ,0,0,0,0,0,0,0,0,0,66000,0,0,0,127000,61000,66000,66000
049259,聯發科元大94購04,0,0,0,0,0,0,0,0,0,66000,0,0,0,107000,41000,66000,66000
05230P,京元電群益95售01,0,0,0,0,0,0,0,0,0,66000,0,0,0,76000,10000,66000,66000
051838,國巨國泰97購01  ,0,0,0,0,0,0,0,0,0,66000,0,0,0,162000,96000,66000,66000
051227,技嘉群益97購01  ,0,0,0,0,0,0,0,0,0,66000,0,0,0,200000,134000,66000,66000
051529,東元國票96購01  ,0,0,0,0,0,0,0,0,0,66000,0,0,0,66000,0,66000,66000
2348,海悅            ,103000,36000,67000,0,0,0,0,0,0,-1000,0,1000,-1000,0,0,0,66000
5225,東科-KY         ,85000,19000,66000,0,0,0,0,0,0,0,0,0,0,0,0,0,66000
3563,牧德            ,142000,85000,57000,0,0,0,0,0,0,9000,0,0,0,37000,28000,9000,66000
053899,矽創群益96購02  ,0,0,0,0,0,0,0,0,0,65000,0,0,0,66000,1000,65000,65000
044164,京元電元大92購01,0,0,0,0,0,0,0,0,0,65000,0,0,0,175000,110000,65000,65000
042470,元油2X元大93購04,0,0,0,0,0,0,0,0,0,65000,0,0,0,105000,40000,65000,65000
044622,旺宏元大92購06  ,0,0,0,0,0,0,0,0,0,65000,0,0,0,75000,10000,65000,65000
03635C,滬深2X元富99牛01,0,0,0,0,0,0,0,0,0,65000,0,0,0,75000,10000,65000,65000
046269,禾伸堂凱基92購03,0,0,0,0,0,0,0,0,0,65000,0,0,0,80000,15000,65000,65000
046180,裕隆凱基93購01  ,0,0,0,0,0,0,0,0,0,65000,0,0,0,70000,5000,65000,65000
046099,台積電永豐92購02,0,0,0,0,0,0,0,0,0,65000,0,0,0,65000,0,65000,65000
04721P,正崴凱基94售02  ,0,0,0,0,0,0,0,0,0,65000,0,0,0,65000,0,65000,65000
048073,南電元富93購02  ,0,0,0,0,0,0,0,0,0,65000,0,0,0,80000,15000,65000,65000
051614,元金2X凱基97購01,0,0,0,0,0,0,0,0,0,65000,0,0,0,138000,73000,65000,65000
050933,南亞國票95購01  ,0,0,0,0,0,0,0,0,0,65000,0,0,0,150000,85000,65000,65000
5283,禾聯碩          ,69000,4000,65000,0,0,0,0,0,0,0,0,0,0,0,0,0,65000
2461,光群雷          ,247000,180000,67000,0,0,0,0,0,0,-2000,0,2000,-2000,0,0,0,65000
2855,統一證          ,313000,248000,65000,0,0,0,0,0,0,0,0,0,0,0,0,0,65000
06003P,亞光康和96售02  ,0,0,0,0,0,0,0,0,0,65000,0,0,0,68000,3000,65000,65000
053883,大立光中信98購02,0,0,0,0,0,0,0,0,0,64000,0,0,0,64000,0,64000,64000
053111,緯創兆豐97購01  ,0,0,0,0,0,0,0,0,0,64000,0,0,0,64000,0,64000,64000
053353,玉晶光兆豐97購03,0,0,0,0,0,0,0,0,0,64000,0,0,0,94000,30000,64000,64000
053532,台積電永豐96購03,0,0,0,0,0,0,0,0,0,64000,0,0,0,140000,76000,64000,64000
052658,友達元富9C購01  ,0,0,0,0,0,0,0,0,0,64000,0,0,0,206000,142000,64000,64000
03177P,國巨群益01售12  ,0,0,0,0,0,0,0,0,0,64000,0,0,0,70000,6000,64000,64000
04146P,可成凱基93售14  ,0,0,0,0,0,0,0,0,0,64000,0,0,0,93000,29000,64000,64000
04165P,南亞科元富95售03,0,0,0,0,0,0,0,0,0,64000,0,0,0,69000,5000,64000,64000
045400,康友富邦93購01  ,0,0,0,0,0,0,0,0,0,64000,0,0,0,64000,0,64000,64000
047924,可成凱基93購10  ,0,0,0,0,0,0,0,0,0,64000,0,0,0,200000,136000,64000,64000
046415,嘉晶元大92購03  ,0,0,0,0,0,0,0,0,0,64000,0,0,0,90000,26000,64000,64000
049258,美律元大94購03  ,0,0,0,0,0,0,0,0,0,64000,0,0,0,179000,115000,64000,64000
05206P,南茂元大95售01  ,0,0,0,0,0,0,0,0,0,64000,0,0,0,64000,0,64000,64000
05658P,日月光元富96售02,0,0,0,0,0,0,0,0,0,64000,0,0,0,64000,0,64000,64000
052732,新唐國泰97購01  ,0,0,0,0,0,0,0,0,0,63000,0,0,0,153000,90000,63000,63000
05391P,鴻海統一95售12  ,0,0,0,0,0,0,0,0,0,63000,0,0,0,142000,79000,63000,63000
054659,亞光元大97購02  ,0,0,0,0,0,0,0,0,0,63000,0,0,0,91000,28000,63000,63000
044800,華邦電凱基93購02,0,0,0,0,0,0,0,0,0,63000,0,0,0,78000,15000,63000,63000
044037,大立光群益92購01,0,0,0,0,0,0,0,0,0,63000,0,0,0,80000,17000,63000,63000
047035,華邦電群益94購02,0,0,0,0,0,0,0,0,0,63000,0,0,0,70000,7000,63000,63000
04755P,大立光元富94售07,0,0,0,0,0,0,0,0,0,63000,0,0,0,63000,0,63000,63000
04621P,楠梓電統一94售02,0,0,0,0,0,0,0,0,0,63000,0,0,0,239000,176000,63000,63000
049171,台達電凱基94購03,0,0,0,0,0,0,0,0,0,63000,0,0,0,78000,15000,63000,63000
046661,冠德元大93購01  ,0,0,0,0,0,0,0,0,0,63000,0,0,0,134000,71000,63000,63000
048821,光磊凱基95購01  ,0,0,0,0,0,0,0,0,0,63000,0,0,0,63000,0,63000,63000
050065,冠德凱基94購01  ,0,0,0,0,0,0,0,0,0,63000,0,0,0,107000,44000,63000,63000
050546,可成凱基94購13  ,0,0,0,0,0,0,0,0,0,63000,0,0,0,68000,5000,63000,63000
3545,敦泰            ,279000,213000,66000,0,0,0,0,0,0,-3000,0,3000,-3000,0,0,0,63000
052403,麗豐凱基96購01  ,0,0,0,0,0,0,0,0,0,62000,0,0,0,62000,0,62000,62000
053263,華邦電群益96購03,0,0,0,0,0,0,0,0,0,62000,0,0,0,62000,0,62000,62000
045878,欣興元富92購02  ,0,0,0,0,0,0,0,0,0,62000,0,0,0,62000,0,62000,62000
04453P,聯發科富邦94售04,0,0,0,0,0,0,0,0,0,62000,0,0,0,270000,208000,62000,62000
046664,聯詠元大93購01  ,0,0,0,0,0,0,0,0,0,62000,0,0,0,115000,53000,62000,62000
048529,京元電國票94購01,0,0,0,0,0,0,0,0,0,62000,0,0,0,62000,0,62000,62000
046800,儒鴻元大93購02  ,0,0,0,0,0,0,0,0,0,62000,0,0,0,62000,0,62000,62000
047936,美利達凱基93購02,0,0,0,0,0,0,0,0,0,62000,0,0,0,62000,0,62000,62000
050946,瑞昱群益95購01  ,0,0,0,0,0,0,0,0,0,62000,0,0,0,104000,42000,62000,62000
050124,元金2X凱基95購01,0,0,0,0,0,0,0,0,0,62000,0,0,0,170000,108000,62000,62000
051560,玉晶光國泰97購03,0,0,0,0,0,0,0,0,0,62000,0,0,0,75000,13000,62000,62000
051092,禾伸堂元大95購02,0,0,0,0,0,0,0,0,0,62000,0,0,0,200000,138000,62000,62000
1907,永豐餘          ,294000,229000,65000,0,0,0,0,0,0,-3000,0,3000,-3000,0,0,0,62000
053190,聯發科統一99購01,0,0,0,0,0,0,0,0,0,61000,0,0,0,61000,0,61000,61000
053981,康控元大96購05  ,0,0,0,0,0,0,0,0,0,61000,0,0,0,559000,498000,61000,61000
036804,國巨元富93購01  ,0,0,0,0,0,0,0,0,0,61000,0,0,0,803000,742000,61000,61000
045686,臻鼎元大92購02  ,0,0,0,0,0,0,0,0,0,61000,0,0,0,61000,0,61000,61000
047095,聯詠麥證93購01  ,0,0,0,187000,127000,60000,0,0,0,61000,0,0,0,188000,127000,61000,61000
04764P,台光電台新94售01,0,0,0,0,0,0,0,0,0,61000,0,0,0,80000,19000,61000,61000
048053,美利達中信93購01,0,0,0,0,0,0,0,0,0,61000,0,0,0,61000,0,61000,61000
050310,卜蜂兆豐94購01  ,0,0,0,0,0,0,0,0,0,61000,0,0,0,61000,0,61000,61000
05631P,國巨富邦9A售01  ,0,0,0,0,0,0,0,0,0,61000,0,0,0,104000,43000,61000,61000
05844P,旺宏元大96售07  ,0,0,0,0,0,0,0,0,0,61000,0,0,0,414000,353000,61000,61000
053854,聯茂國泰97購02  ,0,0,0,0,0,0,0,0,0,60000,0,0,0,107000,47000,60000,60000
053774,台達電元大96購04,0,0,0,0,0,0,0,0,0,60000,0,0,0,61000,1000,60000,60000
054711,禾伸堂元富97購01,0,0,0,0,0,0,0,0,0,60000,0,0,0,80000,20000,60000,60000
053355,超眾兆豐97購01  ,0,0,0,0,0,0,0,0,0,60000,0,0,0,60000,0,60000,60000
053469,光磊元大97購01  ,0,0,0,0,0,0,0,0,0,60000,0,0,0,70000,10000,60000,60000
05272P,臻鼎中信97售03  ,0,0,0,0,0,0,0,0,0,60000,0,0,0,60000,0,60000,60000
044825,旺宏永豐91購05  ,0,0,0,0,0,0,0,0,0,60000,0,0,0,60000,0,60000,60000
044704,新日興元大91購01,0,0,0,0,0,0,0,0,0,60000,0,0,0,60000,0,60000,60000
044096,創意統一91購01  ,0,0,0,0,0,0,0,0,0,60000,0,0,0,60000,0,60000,60000
044332,華邦電統一91購01,0,0,0,0,0,0,0,0,0,60000,0,0,0,90000,30000,60000,60000
047838,亞光元大93購03  ,0,0,0,0,0,0,0,0,0,60000,0,0,0,118000,58000,60000,60000
048600,嘉澤國票94購01  ,0,0,0,0,0,0,0,0,0,60000,0,0,0,60000,0,60000,60000
048949,昇陽半永豐94購01,0,0,0,0,0,0,0,0,0,60000,0,0,0,70000,10000,60000,60000
043050,欣興國泰93購01  ,0,0,0,0,0,0,0,0,0,60000,0,0,0,60000,0,60000,60000
044522,TPK凱基93購01   ,0,0,0,0,0,0,0,0,0,60000,0,0,0,60000,0,60000,60000
04135P,亞德客元大93售04,0,0,0,0,0,0,0,0,0,60000,0,0,0,100000,40000,60000,60000
03978P,瑞儀元大93售01  ,0,0,0,0,0,0,0,0,0,60000,0,0,0,60000,0,60000,60000
044593,緯創國票91購01  ,0,0,0,0,0,0,0,0,0,60000,0,0,0,60000,0,60000,60000
04235P,鴻海群益93售08  ,0,0,0,0,0,0,0,0,0,60000,0,0,0,90000,30000,60000,60000
043559,鴻海永豐91購01  ,0,0,0,0,0,0,0,0,0,60000,0,0,0,60000,0,60000,60000
042796,永冠元大93購01  ,0,0,0,0,0,0,0,0,0,60000,0,0,0,70000,10000,60000,60000
047717,致伸凱基93購04  ,0,0,0,0,0,0,0,0,0,60000,0,0,0,60000,0,60000,60000
048287,嘉晶兆豐94購01  ,0,0,0,0,0,0,0,0,0,60000,0,0,0,60000,0,60000,60000
047602,GIS中信93購02   ,0,0,0,0,0,0,0,0,0,60000,0,0,0,60000,0,60000,60000
048002,景碩元大93購04  ,0,0,0,0,0,0,0,0,0,60000,0,0,0,60000,0,60000,60000
047248,奇鋐群益95購01  ,0,0,0,0,0,0,0,0,0,60000,0,0,0,75000,15000,60000,60000
046446,技嘉麥證92購01  ,0,0,0,60000,0,60000,0,0,0,60000,0,0,0,60000,0,60000,60000
046393,瀚宇博元富92購01,0,0,0,0,0,0,0,0,0,60000,0,0,0,70000,10000,60000,60000
047948,瑞儀統一93購01  ,0,0,0,0,0,0,0,0,0,60000,0,0,0,60000,0,60000,60000
046011,欣興元富95購01  ,0,0,0,0,0,0,0,0,0,60000,0,0,0,65000,5000,60000,60000
048407,貿聯群益93購04  ,0,0,0,0,0,0,0,0,0,60000,0,0,0,348000,288000,60000,60000
048165,嘉澤康和93購01  ,0,0,0,0,0,0,0,0,0,60000,0,0,0,60000,0,60000,60000
046043,日月光元大92購02,0,0,0,0,0,0,0,0,0,60000,0,0,0,60000,0,60000,60000
045890,欣興元大92購06  ,0,0,0,0,0,0,0,0,0,60000,0,0,0,305000,245000,60000,60000
049116,瑞儀統一94購01  ,0,0,0,0,0,0,0,0,0,60000,0,0,0,122000,62000,60000,60000
046268,嘉晶凱基93購02  ,0,0,0,0,0,0,0,0,0,60000,0,0,0,69000,9000,60000,60000
049608,旺宏兆豐94購02  ,0,0,0,0,0,0,0,0,0,60000,0,0,0,60000,0,60000,60000
050306,聯發科中信97購01,0,0,0,0,0,0,0,0,0,60000,0,0,0,60000,0,60000,60000
050494,可成永昌96購01  ,0,0,0,0,0,0,0,0,0,60000,0,0,0,210000,150000,60000,60000
050749,道瓊銀統一96購03,0,0,0,0,0,0,0,0,0,60000,0,0,0,100000,40000,60000,60000
050209,華通國票95購01  ,0,0,0,0,0,0,0,0,0,60000,0,0,0,60000,0,60000,60000
049271,百和元大94購01  ,0,0,0,0,0,0,0,0,0,60000,0,0,0,75000,15000,60000,60000
051601,群創兆豐95購02  ,0,0,0,0,0,0,0,0,0,60000,0,0,0,118000,58000,60000,60000
051363,矽創元大95購03  ,0,0,0,0,0,0,0,0,0,60000,0,0,0,61000,1000,60000,60000
051933,嘉聯益國票97購03,0,0,0,0,0,0,0,0,0,60000,0,0,0,60000,0,60000,60000
05511P,T50反1台新06售01,0,0,0,0,0,0,0,0,0,60000,0,0,0,60000,0,60000,60000
08941P,臺股指中信04售04,0,0,0,0,0,0,0,0,0,60000,0,0,0,60000,0,60000,60000
05244P,台積電元大95售17,0,0,0,0,0,0,0,0,0,59000,0,0,0,59000,0,59000,59000
054197,台積電永昌96購07,0,0,0,0,0,0,0,0,0,59000,0,0,0,2345000,2286000,59000,59000
04123P,可成凱基93售11  ,0,0,0,0,0,0,0,0,0,59000,0,0,0,84000,25000,59000,59000
047029,日月光元大93購01,0,0,0,0,0,0,0,0,0,59000,0,0,0,90000,31000,59000,59000
050875,訊芯永豐95購01  ,0,0,0,0,0,0,0,0,0,59000,0,0,0,60000,1000,59000,59000
2031,新光鋼          ,158000,119000,39000,0,0,0,0,0,0,20000,22000,2000,20000,0,0,0,59000
05676P,欣興群益96售04  ,0,0,0,0,0,0,0,0,0,59000,0,0,0,74000,15000,59000,59000
054247,華邦電元大96購04,0,0,0,0,0,0,0,0,0,58000,0,0,0,68000,10000,58000,58000
053665,臺股指凱基96購26,0,0,0,0,0,0,0,0,0,58000,0,0,0,95000,37000,58000,58000
053820,大立光群益96購05,0,0,0,0,0,0,0,0,0,58000,0,0,0,130000,72000,58000,58000
054720,禾伸堂永豐97購01,0,0,0,0,0,0,0,0,0,58000,0,0,0,58000,0,58000,58000
054972,聯茂元大97購02  ,0,0,0,0,0,0,0,0,0,58000,0,0,0,73000,15000,58000,58000
054433,南亞科台新96購02,0,0,0,0,0,0,0,0,0,58000,0,0,0,110000,52000,58000,58000
053430,樺漢永豐96購01  ,0,0,0,0,0,0,0,0,0,58000,0,0,0,68000,10000,58000,58000
053387,緯創元大97購01  ,0,0,0,0,0,0,0,0,0,58000,0,0,0,58000,0,58000,58000
053229,南電台新97購01  ,0,0,0,0,0,0,0,0,0,58000,0,0,0,60000,2000,58000,58000
043705,力成永豐91購01  ,0,0,0,0,0,0,0,0,0,58000,0,0,0,58000,0,58000,58000
03781P,智邦凱基93售03  ,0,0,0,0,0,0,0,0,0,58000,0,0,0,68000,10000,58000,58000
04428P,台光電元大94售02,0,0,0,0,0,0,0,0,0,58000,0,0,0,101000,43000,58000,58000
045636,京元電凱基92購03,0,0,0,0,0,0,0,0,0,58000,0,0,0,58000,0,58000,58000
04711P,台光電元大94售05,0,0,0,0,0,0,0,0,0,58000,0,0,0,121000,63000,58000,58000
047611,滬深2X群益93購02,0,0,0,0,0,0,0,0,0,58000,0,0,0,59000,1000,58000,58000
048279,聯鈞永豐93購01  ,0,0,0,0,0,0,0,0,0,58000,0,0,0,131000,73000,58000,58000
048322,康控凱基93購02  ,0,0,0,0,0,0,0,0,0,58000,0,0,0,68000,10000,58000,58000
050499,台達電凱基94購11,0,0,0,0,0,0,0,0,0,58000,0,0,0,318000,260000,58000,58000
049770,康控元富95購01  ,0,0,0,0,0,0,0,0,0,58000,0,0,0,100000,42000,58000,58000
051589,健鼎元大95購02  ,0,0,0,0,0,0,0,0,0,58000,0,0,0,68000,10000,58000,58000
05101P,大立光凱基95售11,0,0,0,0,0,0,0,0,0,58000,0,0,0,68000,10000,58000,58000
05104P,智邦台新95售02  ,0,0,0,0,0,0,0,0,0,58000,0,0,0,58000,0,58000,58000
051195,台郡中信95購01  ,0,0,0,0,0,0,0,0,0,58000,0,0,0,133000,75000,58000,58000
053587,京元電元大98購01,0,0,0,0,0,0,0,0,0,57000,0,0,0,457000,400000,57000,57000
054328,台化康和96購01  ,0,0,0,0,0,0,0,0,0,57000,0,0,0,68000,11000,57000,57000
053851,鴻海國泰98購03  ,0,0,0,0,0,0,0,0,0,57000,0,0,0,100000,43000,57000,57000
044703,緯創元大91購03  ,0,0,0,0,0,0,0,0,0,57000,0,0,0,57000,0,57000,57000
048915,國巨台新94購01  ,0,0,0,0,0,0,0,0,0,57000,0,0,0,57000,0,57000,57000
03952P,晶技凱基93售02  ,0,0,0,0,0,0,0,0,0,57000,0,0,0,166000,109000,57000,57000
042548,新光金元大91購01,0,0,0,0,0,0,0,0,0,57000,0,0,0,58000,1000,57000,57000
04020P,南茂永豐93售02  ,0,0,0,0,0,0,0,0,0,57000,0,0,0,57000,0,57000,57000
04745P,祥碩元大94售04  ,0,0,0,0,0,0,0,0,0,57000,0,0,0,543000,486000,57000,57000
049820,世紀鋼元大96購03,0,0,0,0,0,0,0,0,0,57000,0,0,0,57000,0,57000,57000
048515,貿聯凱基93購03  ,0,0,0,0,0,0,0,0,0,57000,0,0,0,60000,3000,57000,57000
051624,智邦麥證95購02  ,0,0,0,65000,3000,62000,0,0,0,57000,0,0,0,65000,8000,57000,57000
05227P,大立光統一95售04,0,0,0,0,0,0,0,0,0,57000,0,0,0,57000,0,57000,57000
050099,台積電永昌96購01,0,0,0,0,0,0,0,0,0,57000,0,0,0,80000,23000,57000,57000
050970,康舒永豐95購01  ,0,0,0,0,0,0,0,0,0,57000,0,0,0,85000,28000,57000,57000
05586P,臺股指凱基96售15,0,0,0,0,0,0,0,0,0,57000,0,0,0,57000,0,57000,57000
053503,臻鼎兆豐97購01  ,0,0,0,0,0,0,0,0,0,56000,0,0,0,102000,46000,56000,56000
053455,台光電元富96購02,0,0,0,0,0,0,0,0,0,56000,0,0,0,56000,0,56000,56000
052903,致茂國票97購01  ,0,0,0,0,0,0,0,0,0,56000,0,0,0,56000,0,56000,56000
052929,可成元大96購02  ,0,0,0,0,0,0,0,0,0,56000,0,0,0,145000,89000,56000,56000
044679,南亞科凱基91購14,0,0,0,0,0,0,0,0,0,56000,0,0,0,56000,0,56000,56000
045797,健策中信93購01  ,0,0,0,0,0,0,0,0,0,56000,0,0,0,74000,18000,56000,56000
048178,上銀富邦95購02  ,0,0,0,0,0,0,0,0,0,56000,0,0,0,186000,130000,56000,56000
046420,群創元大92購10  ,0,0,0,0,0,0,0,0,0,56000,0,0,0,234000,178000,56000,56000
050293,強茂凱基94購01  ,0,0,0,0,0,0,0,0,0,56000,0,0,0,56000,0,56000,56000
052107,台積電統一95購06,0,0,0,0,0,0,0,0,0,56000,0,0,0,122000,66000,56000,56000
051452,貿聯元大95購04  ,0,0,0,0,0,0,0,0,0,56000,0,0,0,207000,151000,56000,56000
051010,美律日盛95購01  ,0,0,0,0,0,0,0,0,0,56000,0,0,0,174000,118000,56000,56000
05858P,矽力中信96售01  ,0,0,0,0,0,0,0,0,0,56000,0,0,0,100000,44000,56000,56000
053466,華通元大98購01  ,0,0,0,0,0,0,0,0,0,55000,0,0,0,171000,116000,55000,55000
053626,台積電兆豐96購03,0,0,0,0,0,0,0,0,0,55000,0,0,0,315000,260000,55000,55000
053189,聯發科統一96購05,0,0,0,0,0,0,0,0,0,55000,0,0,0,60000,5000,55000,55000
053059,聯發科永昌99購01,0,0,0,0,0,0,0,0,0,55000,0,0,0,104000,49000,55000,55000
053857,宏達電富邦97購02,0,0,0,0,0,0,0,0,0,55000,0,0,0,55000,0,55000,55000
05380P,鴻海群益95售11  ,0,0,0,0,0,0,0,0,0,55000,0,0,0,65000,10000,55000,55000
05430P,台積電統一95售07,0,0,0,0,0,0,0,0,0,55000,0,0,0,110000,55000,55000,55000
054462,旺宏凱基96購08  ,0,0,0,0,0,0,0,0,0,55000,0,0,0,110000,55000,55000,55000
048881,美律統一94購02  ,0,0,0,0,0,0,0,0,0,55000,0,0,0,55000,0,55000,55000
044221,群創凱基93購03  ,0,0,0,0,0,0,0,0,0,55000,0,0,0,155000,100000,55000,55000
04262P,景碩群益93售03  ,0,0,0,0,0,0,0,0,0,55000,0,0,0,55000,0,55000,55000
03102P,臺股指凱基03售08,0,0,0,0,0,0,0,0,0,55000,0,0,0,55000,0,55000,55000
047808,智邦凱基93購07  ,0,0,0,0,0,0,0,0,0,55000,0,0,0,68000,13000,55000,55000
048726,儒鴻麥證95購01  ,0,0,0,55000,0,55000,0,0,0,55000,0,0,0,55000,0,55000,55000
051290,大立光統一96購02,0,0,0,0,0,0,0,0,0,55000,0,0,0,55000,0,55000,55000
051715,和碩台新95購01  ,0,0,0,0,0,0,0,0,0,55000,0,0,0,55000,0,55000,55000
050566,高股息中信97購02,0,0,0,0,0,0,0,0,0,55000,0,0,0,70000,15000,55000,55000
050112,高鐵元大94購02  ,0,0,0,0,0,0,0,0,0,55000,0,0,0,78000,23000,55000,55000
049250,華通元大95購04  ,0,0,0,0,0,0,0,0,0,55000,0,0,0,221000,166000,55000,55000
049739,大立光群益94購05,0,0,0,0,0,0,0,0,0,55000,0,0,0,160000,105000,55000,55000
049491,聯發科元大95購01,0,0,0,0,0,0,0,0,0,55000,0,0,0,75000,20000,55000,55000
05859P,台表科國票97售04,0,0,0,0,0,0,0,0,0,55000,0,0,0,55000,0,55000,55000
05911P,南亞科永豐96售03,0,0,0,0,0,0,0,0,0,55000,0,0,0,59000,4000,55000,55000
2406,國碩            ,289000,234000,55000,0,0,0,0,0,0,0,0,0,0,0,0,0,55000
6415,矽力-KY         ,168000,119000,49000,0,0,0,14000,0,14000,-8000,13000,6000,7000,35000,50000,-15000,55000
05262P,台積電元大95售19,0,0,0,0,0,0,0,0,0,54000,0,0,0,146000,92000,54000,54000
03712P,京元電統一93售02,0,0,0,0,0,0,0,0,0,54000,0,0,0,55000,1000,54000,54000
04329P,TPK群益93售04   ,0,0,0,0,0,0,0,0,0,54000,0,0,0,124000,70000,54000,54000
03833P,台光電群益93售01,0,0,0,0,0,0,0,0,0,54000,0,0,0,65000,11000,54000,54000
04193P,智原永豐93售01  ,0,0,0,0,0,0,0,0,0,54000,0,0,0,74000,20000,54000,54000
047839,景碩元大93購03  ,0,0,0,0,0,0,0,0,0,54000,0,0,0,79000,25000,54000,54000
045161,玉晶光國泰94購03,0,0,0,0,0,0,0,0,0,54000,0,0,0,54000,0,54000,54000
04528P,智原凱基94售01  ,0,0,0,0,0,0,0,0,0,54000,0,0,0,55000,1000,54000,54000
048075,美利達元富93購02,0,0,0,0,0,0,0,0,0,54000,0,0,0,56000,2000,54000,54000
046455,瑞昱凱基92購03  ,0,0,0,0,0,0,0,0,0,54000,0,0,0,55000,1000,54000,54000
048758,美利達元富96購02,0,0,0,0,0,0,0,0,0,54000,0,0,0,56000,2000,54000,54000
04809P,台光電群益94售04,0,0,0,0,0,0,0,0,0,54000,0,0,0,65000,11000,54000,54000
049577,台達電元大94購08,0,0,0,0,0,0,0,0,0,54000,0,0,0,55000,1000,54000,54000
05047P,強茂永豐95售02  ,0,0,0,0,0,0,0,0,0,54000,0,0,0,105000,51000,54000,54000
051594,和碩元大96購01  ,0,0,0,0,0,0,0,0,0,54000,0,0,0,54000,0,54000,54000
08962P,大立光凱基03售05,0,0,0,0,0,0,0,0,0,54000,0,0,0,54000,0,54000,54000
1537,廣隆            ,56000,7000,49000,0,0,0,0,0,0,5000,5000,0,5000,0,0,0,54000
06017P,亞光凱基96售04  ,0,0,0,0,0,0,0,0,0,54000,0,0,0,54000,0,54000,54000
052774,京元電亞東96購01,0,0,0,0,0,0,0,0,0,53000,0,0,0,53000,0,53000,53000
053785,聯詠元大96購05  ,0,0,0,0,0,0,0,0,0,53000,0,0,0,171000,118000,53000,53000
046068,國泰金凱基92購02,0,0,0,0,0,0,0,0,0,53000,0,0,0,53000,0,53000,53000
048277,建準永豐93購02  ,0,0,0,0,0,0,0,0,0,53000,0,0,0,53000,0,53000,53000
047462,和鑫群益93購02  ,0,0,0,0,0,0,0,0,0,53000,0,0,0,53000,0,53000,53000
051242,台積電元大96購06,0,0,0,0,0,0,0,0,0,53000,0,0,0,434000,381000,53000,53000
05079P,可成永豐95售01  ,0,0,0,0,0,0,0,0,0,53000,0,0,0,108000,55000,53000,53000
050651,大立光凱基96購02,0,0,0,0,0,0,0,0,0,53000,0,0,0,63000,10000,53000,53000
049335,聯電統一97購01  ,0,0,0,0,0,0,0,0,0,53000,0,0,0,53000,0,53000,53000
049751,牧德永豐95購01  ,0,0,0,0,0,0,0,0,0,53000,0,0,0,60000,7000,53000,53000
05577P,上銀凱基96售02  ,0,0,0,0,0,0,0,0,0,53000,0,0,0,150000,97000,53000,53000
05634P,玉晶光台新97售01,0,0,0,0,0,0,0,0,0,53000,0,0,0,53000,0,53000,53000
05629P,聯發科永昌99售02,0,0,0,0,0,0,0,0,0,53000,0,0,0,129000,76000,53000,53000
2429,銘旺科          ,58000,5000,53000,0,0,0,0,0,0,0,0,0,0,0,0,0,53000
3023,信邦            ,192000,141000,51000,0,0,0,86000,75000,11000,-9000,0,3000,-3000,7000,13000,-6000,53000
053753,啟碁永豐96購01  ,0,0,0,0,0,0,0,0,0,52000,0,0,0,68000,16000,52000,52000
054228,貿聯元富96購03  ,0,0,0,0,0,0,0,0,0,52000,0,0,0,337000,285000,52000,52000
054258,牧德元大97購01  ,0,0,0,0,0,0,0,0,0,52000,0,0,0,85000,33000,52000,52000
053976,亞光元大96購02  ,0,0,0,0,0,0,0,0,0,52000,0,0,0,76000,24000,52000,52000
054726,台積電日盛97購01,0,0,0,0,0,0,0,0,0,52000,0,0,0,457000,405000,52000,52000
052366,聯詠國票96購01  ,0,0,0,0,0,0,0,0,0,52000,0,0,0,115000,63000,52000,52000
045401,大立光兆豐93購01,0,0,0,0,0,0,0,0,0,52000,0,0,0,52000,0,52000,52000
03678P,欣興元大92售09  ,0,0,0,0,0,0,0,0,0,52000,0,0,0,52000,0,52000,52000
048030,聯發科凱基93購27,0,0,0,0,0,0,0,0,0,52000,0,0,0,62000,10000,52000,52000
048503,百和元大93購02  ,0,0,0,0,0,0,0,0,0,52000,0,0,0,70000,18000,52000,52000
048409,致伸群益93購05  ,0,0,0,0,0,0,0,0,0,52000,0,0,0,52000,0,52000,52000
050947,聯發科群益95購01,0,0,0,0,0,0,0,0,0,52000,0,0,0,240000,188000,52000,52000
051225,台積電群益95購02,0,0,0,0,0,0,0,0,0,52000,0,0,0,258000,206000,52000,52000
08966P,臺指反元大04售07,0,0,0,0,0,0,0,0,0,52000,0,0,0,52000,0,52000,52000
08921P,台灣50國泰03售01,0,0,0,0,0,0,0,0,0,52000,0,0,0,52000,0,52000,52000
05778P,台積電統一96售05,0,0,0,0,0,0,0,0,0,52000,0,0,0,112000,60000,52000,52000
05780P,台積電統一96售07,0,0,0,0,0,0,0,0,0,52000,0,0,0,576000,524000,52000,52000
05535P,台積電元大97售06,0,0,0,0,0,0,0,0,0,52000,0,0,0,54000,2000,52000,52000
06004P,奇力新永豐96售02,0,0,0,0,0,0,0,0,0,52000,0,0,0,82000,30000,52000,52000
05323P,瑞昱凱基96售02  ,0,0,0,0,0,0,0,0,0,51000,0,0,0,51000,0,51000,51000
053392,致新元大96購01  ,0,0,0,0,0,0,0,0,0,51000,0,0,0,161000,110000,51000,51000
053658,亞光凱基96購01  ,0,0,0,0,0,0,0,0,0,51000,0,0,0,66000,15000,51000,51000
00651R,FH香港反1       ,0,0,0,0,0,0,0,0,0,51000,0,0,0,237000,186000,51000,51000
048505,滬深2X群益99購03,0,0,0,0,0,0,0,0,0,51000,0,0,0,80000,29000,51000,51000
048475,台郡永豐93購02  ,0,0,0,0,0,0,0,0,0,51000,0,0,0,61000,10000,51000,51000
048040,百和凱基93購07  ,0,0,0,0,0,0,0,0,0,51000,0,0,0,80000,29000,51000,51000
048728,台達電麥證94購01,0,0,0,51000,0,51000,0,0,0,51000,0,0,0,51000,0,51000,51000
048624,美律台新93購01  ,0,0,0,0,0,0,0,0,0,51000,0,0,0,157000,106000,51000,51000
051126,訊連群益95購01  ,0,0,0,0,0,0,0,0,0,51000,0,0,0,51000,0,51000,51000
052082,臺股指元富95購04,0,0,0,0,0,0,0,0,0,51000,0,0,0,60000,9000,51000,51000
050270,景碩元大94購01  ,0,0,0,0,0,0,0,0,0,51000,0,0,0,106000,55000,51000,51000
06019P,緯穎凱基96售03  ,0,0,0,0,0,0,0,0,0,51000,0,0,0,51000,0,51000,51000
05505P,聯發科凱基96售09,0,0,0,0,0,0,0,0,0,51000,0,0,0,68000,17000,51000,51000
053671,可成統一96購03  ,0,0,0,0,0,0,0,0,0,50000,0,0,0,317000,267000,50000,50000
053913,華新國票97購01  ,0,0,0,0,0,0,0,0,0,50000,0,0,0,50000,0,50000,50000
054146,康友元大96購06  ,0,0,0,0,0,0,0,0,0,50000,0,0,0,181000,131000,50000,50000
054138,晶技元大98購02  ,0,0,0,0,0,0,0,0,0,50000,0,0,0,50000,0,50000,50000
05444P,大立光元大95售10,0,0,0,0,0,0,0,0,0,50000,0,0,0,100000,50000,50000,50000
054429,中石化台新97購01,0,0,0,0,0,0,0,0,0,50000,0,0,0,50000,0,50000,50000
054423,華新富邦96購01  ,0,0,0,0,0,0,0,0,0,50000,0,0,0,50000,0,50000,50000
05440P,緯穎國票96售02  ,0,0,0,0,0,0,0,0,0,50000,0,0,0,50000,0,50000,50000
053598,日月光元大96購04,0,0,0,0,0,0,0,0,0,50000,0,0,0,50000,0,50000,50000
053104,台表科元富96購02,0,0,0,0,0,0,0,0,0,50000,0,0,0,50000,0,50000,50000
052419,上証2X國票96購02,0,0,0,0,0,0,0,0,0,50000,0,0,0,50000,0,50000,50000
05264P,微星元大95售02  ,0,0,0,0,0,0,0,0,0,50000,0,0,0,50000,0,50000,50000
052593,台積電群益96購02,20000,0,20000,0,0,0,0,0,0,30000,0,0,0,407000,377000,30000,50000
052550,鴻海國票97購02  ,0,0,0,0,0,0,0,0,0,50000,0,0,0,50000,0,50000,50000
052959,聯電凱基97購01  ,0,0,0,0,0,0,0,0,0,50000,0,0,0,50000,0,50000,50000
03609P,華泰元大92售01  ,0,0,0,0,0,0,0,0,0,50000,0,0,0,50000,0,50000,50000
03026P,國巨元大01售13  ,0,0,0,0,0,0,0,0,0,50000,0,0,0,80000,30000,50000,50000
03017X,元展17          ,0,0,0,0,0,0,0,0,0,50000,0,0,0,50000,0,50000,50000
04322P,可成元大94售01  ,0,0,0,0,0,0,0,0,0,50000,0,0,0,75000,25000,50000,50000
03427P,聯電元大02售11  ,0,0,0,0,0,0,0,0,0,50000,0,0,0,50000,0,50000,50000
03514P,臺股指國票02售03,0,0,0,0,0,0,0,0,0,50000,0,0,0,50000,0,50000,50000
042896,台積電永昌93購04,0,0,0,0,0,0,0,0,0,50000,0,0,0,50000,0,50000,50000
042062,台灣50兆豐92購01,0,0,0,0,0,0,0,0,0,50000,0,0,0,50000,0,50000,50000
042168,台灣50凱基96購01,0,0,0,0,0,0,0,0,0,50000,0,0,0,150000,100000,50000,50000
042181,易華電統一92購01,0,0,0,0,0,0,0,0,0,50000,0,0,0,50000,0,50000,50000
040745,滬深2X群益92購01,0,0,0,0,0,0,0,0,0,50000,0,0,0,50000,0,50000,50000
039951,鴻海群益91購01  ,0,0,0,0,0,0,0,0,0,50000,0,0,0,50000,0,50000,50000
04160P,儒鴻中信93售01  ,0,0,0,0,0,0,0,0,0,50000,0,0,0,50000,0,50000,50000
04177P,富邦金元大94售01,0,0,0,0,0,0,0,0,0,50000,0,0,0,50000,0,50000,50000
045285,禾伸堂永豐92購01,0,0,0,0,0,0,0,0,0,50000,0,0,0,89000,39000,50000,50000
045215,鴻海元大92購05  ,0,0,0,0,0,0,0,0,0,50000,0,0,0,133000,83000,50000,50000
045134,嘉晶國票92購01  ,0,0,0,0,0,0,0,0,0,50000,0,0,0,50000,0,50000,50000
047865,健鼎康和93購01  ,0,0,0,0,0,0,0,0,0,50000,0,0,0,60000,10000,50000,50000
048571,美利達元大96購03,0,0,0,0,0,0,0,0,0,50000,0,0,0,50000,0,50000,50000
048572,美利達元大96購04,0,0,0,0,0,0,0,0,0,50000,0,0,0,65000,15000,50000,50000
048890,傳奇元富97購01  ,0,0,0,0,0,0,0,0,0,50000,0,0,0,50000,0,50000,50000
049014,台達電群益94購02,0,0,0,0,0,0,0,0,0,50000,0,0,0,60000,10000,50000,50000
044262,致伸國泰92購01  ,0,0,0,0,0,0,0,0,0,50000,0,0,0,50000,0,50000,50000
044987,宏達電統一94購01,0,0,0,0,0,0,0,0,0,50000,0,0,0,50000,0,50000,50000
04576P,上海銀統一94售04,0,0,0,0,0,0,0,0,0,50000,0,0,0,90000,40000,50000,50000
044771,南亞科元大91購13,0,0,0,0,0,0,0,0,0,50000,0,0,0,100000,50000,50000,50000
043764,康友元大92購03  ,0,0,0,0,0,0,0,0,0,50000,0,0,0,69000,19000,50000,50000
048651,美利達元大96購05,0,0,0,0,0,0,0,0,0,50000,0,0,0,50000,0,50000,50000
047157,智伸科國票93購01,0,0,0,0,0,0,0,0,0,50000,0,0,0,50000,0,50000,50000
046383,群創凱基98購01  ,0,0,0,0,0,0,0,0,0,50000,0,0,0,50000,0,50000,50000
046870,大立光統一95購01,0,0,0,0,0,0,0,0,0,50000,0,0,0,124000,74000,50000,50000
046894,日月光群益93購01,0,0,0,0,0,0,0,0,0,50000,0,0,0,70000,20000,50000,50000
04690P,國巨群益94售06  ,0,0,0,0,0,0,0,0,0,50000,0,0,0,110000,60000,50000,50000
046907,華晶科凱基93購01,0,0,0,0,0,0,0,0,0,50000,0,0,0,50000,0,50000,50000
046940,瑞昱元大93購07  ,0,0,0,0,0,0,0,0,0,50000,0,0,0,110000,60000,50000,50000
047716,晶技凱基93購03  ,0,0,0,0,0,0,0,0,0,50000,0,0,0,50000,0,50000,50000
04647P,上海銀凱基94售04,0,0,0,0,0,0,0,0,0,50000,0,0,0,50000,0,50000,50000
047250,日月光群益94購01,0,0,0,0,0,0,0,0,0,50000,0,0,0,150000,100000,50000,50000
047639,聯發科元大93購16,0,0,0,0,0,0,0,0,0,50000,0,0,0,88000,38000,50000,50000
047552,潤泰全凱基94購02,0,0,0,0,0,0,0,0,0,50000,0,0,0,50000,0,50000,50000
047548,友達凱基99購03  ,0,0,0,0,0,0,0,0,0,50000,0,0,0,50000,0,50000,50000
048414,滬深2X統一98購01,0,0,0,0,0,0,0,0,0,50000,0,0,0,50000,0,50000,50000
048376,台達電元富93購01,0,0,0,0,0,0,0,0,0,50000,0,0,0,50000,0,50000,50000
048795,復盛元大94購01  ,0,0,0,0,0,0,0,0,0,50000,0,0,0,50000,0,50000,50000
046056,材料群益92購01  ,0,0,0,0,0,0,0,0,0,50000,0,0,0,50000,0,50000,50000
048151,世紀鋼元富93購01,0,0,0,0,0,0,0,0,0,50000,0,0,0,50000,0,50000,50000
047411,康控元富93購02  ,0,0,0,0,0,0,0,0,0,50000,0,0,0,60000,10000,50000,50000
046647,高鐵國泰93購01  ,0,0,0,0,0,0,0,0,0,50000,0,0,0,51000,1000,50000,50000
047322,日月光元大93購04,0,0,0,0,0,0,0,0,0,50000,0,0,0,50000,0,50000,50000
049094,昇陽半凱基94購02,0,0,0,0,0,0,0,0,0,50000,0,0,0,50000,0,50000,50000
04962P,易華電凱基96售01,0,0,0,0,0,0,0,0,0,50000,0,0,0,50000,0,50000,50000
049868,傳奇兆豐94購01  ,0,0,0,0,0,0,0,0,0,50000,0,0,0,50000,0,50000,50000
049454,群創統一94購01  ,0,0,0,0,0,0,0,0,0,50000,0,0,0,50000,0,50000,50000
04921P,TPK凱基94售05   ,0,0,0,0,0,0,0,0,0,50000,0,0,0,74000,24000,50000,50000
050085,國泰金元富94購01,0,0,0,0,0,0,0,0,0,50000,0,0,0,50000,0,50000,50000
050032,TPK元大94購03   ,0,0,0,0,0,0,0,0,0,50000,0,0,0,50000,0,50000,50000
050110,京元電元大94購03,0,0,0,0,0,0,0,0,0,50000,0,0,0,50000,0,50000,50000
050147,為升永豐94購01  ,0,0,0,0,0,0,0,0,0,50000,0,0,0,50000,0,50000,50000
052074,鴻海元富95購10  ,0,0,0,0,0,0,0,0,0,50000,0,0,0,300000,250000,50000,50000
052072,健策統一95購02  ,0,0,0,0,0,0,0,0,0,50000,0,0,0,104000,54000,50000,50000
052116,T50反1國票97購01,0,0,0,0,0,0,0,0,0,50000,0,0,0,50000,0,50000,50000
052128,聯發科日盛95購03,0,0,0,0,0,0,0,0,0,50000,0,0,0,60000,10000,50000,50000
052138,易華電凱基97購01,0,0,0,0,0,0,0,0,0,50000,0,0,0,50000,0,50000,50000
052236,聯發科國票96購03,0,0,0,0,0,0,0,0,0,50000,0,0,0,50000,0,50000,50000
051770,南茂元大95購02  ,0,0,0,0,0,0,0,0,0,50000,0,0,0,50000,0,50000,50000
052001,寶成元大95購02  ,0,0,0,0,0,0,0,0,0,50000,0,0,0,50000,0,50000,50000
051086,鴻海元大96購04  ,0,0,0,0,0,0,0,0,0,50000,0,0,0,101000,51000,50000,50000
051307,康舒凱基95購01  ,0,0,0,0,0,0,0,0,0,50000,0,0,0,70000,20000,50000,50000
05547P,群創元大96售03  ,0,0,0,0,0,0,0,0,0,50000,0,0,0,50000,0,50000,50000
06095P,燿華永豐97售01  ,0,0,0,0,0,0,0,0,0,50000,0,0,0,50000,0,50000,50000
05914P,友達元大96售04  ,0,0,0,0,0,0,0,0,0,50000,0,0,0,50000,0,50000,50000
3702A,大聯大甲特      ,0,0,0,0,0,0,0,0,0,50000,50000,0,50000,0,0,0,50000
052874,超眾凱基96購01  ,0,0,0,0,0,0,0,0,0,49000,0,0,0,68000,19000,49000,49000
053830,台積電台新96購02,0,0,0,0,0,0,0,0,0,49000,0,0,0,245000,196000,49000,49000
044071,聯發科永豐91購01,0,0,0,0,0,0,0,0,0,49000,0,0,0,50000,1000,49000,49000
03896P,長榮航凱基95售01,0,0,0,0,0,0,0,0,0,49000,0,0,0,50000,1000,49000,49000
049541,楠梓電群益94購02,0,0,0,0,0,0,0,0,0,49000,0,0,0,49000,0,49000,49000
048046,正崴永豐93購01  ,0,0,0,0,0,0,0,0,0,49000,0,0,0,49000,0,49000,49000
051287,台積電統一95購05,0,0,0,0,0,0,0,0,0,49000,0,0,0,509000,460000,49000,49000
051104,鈺齊元大96購01  ,0,0,0,0,0,0,0,0,0,49000,0,0,0,215000,166000,49000,49000
051355,聯發科元大96購01,0,0,0,0,0,0,0,0,0,49000,0,0,0,100000,51000,49000,49000
04939P,國巨國票95售03  ,0,0,0,0,0,0,0,0,0,49000,0,0,0,121000,72000,49000,49000
049322,志超凱基94購02  ,0,0,0,0,0,0,0,0,0,49000,0,0,0,50000,1000,49000,49000
050400,臻鼎中信97購01  ,0,0,0,0,0,0,0,0,0,49000,0,0,0,176000,127000,49000,49000
05993P,國巨元大96售13  ,0,0,0,0,0,0,0,0,0,49000,0,0,0,50000,1000,49000,49000
05602P,國巨元大96售06  ,0,0,0,0,0,0,0,0,0,49000,0,0,0,80000,31000,49000,49000
054162,光罩凱基98購01  ,0,0,0,0,0,0,0,0,0,48000,0,0,0,50000,2000,48000,48000
054176,亞光台新96購01  ,0,0,0,0,0,0,0,0,0,48000,0,0,0,58000,10000,48000,48000
054052,日月光元大96購06,0,0,0,0,0,0,0,0,0,48000,0,0,0,68000,20000,48000,48000
052724,力成統一97購01  ,0,0,0,0,0,0,0,0,0,48000,0,0,0,48000,0,48000,48000
052634,華邦電凱基96購01,0,0,0,0,0,0,0,0,0,48000,0,0,0,95000,47000,48000,48000
052490,禾伸堂國票95購01,0,0,0,0,0,0,0,0,0,48000,0,0,0,48000,0,48000,48000
053166,聯詠群益96購02  ,0,0,0,0,0,0,0,0,0,48000,0,0,0,69000,21000,48000,48000
053629,玉山金兆豐96購01,0,0,0,0,0,0,0,0,0,48000,0,0,0,48000,0,48000,48000
042994,葡萄王元大94購02,0,0,0,0,0,0,0,0,0,48000,0,0,0,120000,72000,48000,48000
035277,景碩台新97購01  ,0,0,0,0,0,0,0,0,0,48000,0,0,0,52000,4000,48000,48000
04418P,燿華永豐94售01  ,0,0,0,0,0,0,0,0,0,48000,0,0,0,68000,20000,48000,48000
044916,美律永豐91購03  ,0,0,0,0,0,0,0,0,0,48000,0,0,0,80000,32000,48000,48000
045426,TPK凱基93購02   ,0,0,0,0,0,0,0,0,0,48000,0,0,0,68000,20000,48000,48000
04808P,訊芯永豐94售02  ,0,0,0,0,0,0,0,0,0,48000,0,0,0,56000,8000,48000,48000
048060,台達電統一93購01,0,0,0,0,0,0,0,0,0,48000,0,0,0,58000,10000,48000,48000
047144,華通群益94購01  ,0,0,0,0,0,0,0,0,0,48000,0,0,0,86000,38000,48000,48000
04612P,上銀群益94售01  ,0,0,0,0,0,0,0,0,0,48000,0,0,0,65000,17000,48000,48000
048392,宏碁國票94購01  ,0,0,0,0,0,0,0,0,0,48000,0,0,0,48000,0,48000,48000
050287,台達電凱基94購10,0,0,0,0,0,0,0,0,0,48000,0,0,0,68000,20000,48000,48000
050601,台表科國泰96購01,0,0,0,0,0,0,0,0,0,48000,0,0,0,73000,25000,48000,48000
050961,美律永豐95購01  ,0,0,0,0,0,0,0,0,0,48000,0,0,0,68000,20000,48000,48000
05087P,GIS國泰96售01   ,0,0,0,0,0,0,0,0,0,48000,0,0,0,59000,11000,48000,48000
050887,台積電富邦95購05,0,0,0,0,0,0,0,0,0,48000,0,0,0,60000,12000,48000,48000
049308,台達電凱基94購04,0,0,0,0,0,0,0,0,0,48000,0,0,0,63000,15000,48000,48000
051018,可成凱基95購03  ,0,0,0,0,0,0,0,0,0,48000,0,0,0,68000,20000,48000,48000
051701,華通群益97購01  ,0,0,0,0,0,0,0,0,0,48000,0,0,0,54000,6000,48000,48000
052332,美律亞東96購01  ,0,0,0,0,0,0,0,0,0,48000,0,0,0,48000,0,48000,48000
05807P,泰鼎永豐96售03  ,0,0,0,0,0,0,0,0,0,48000,0,0,0,48000,0,48000,48000
3015,全漢            ,55000,7000,48000,0,0,0,0,0,0,0,0,0,0,0,0,0,48000
6197,佳必琪          ,93000,45000,48000,0,0,0,0,0,0,0,1000,1000,0,0,0,0,48000
053873,力成元大96購03  ,0,0,0,0,0,0,0,0,0,47000,0,0,0,50000,3000,47000,47000
054502,泰碩永豐96購01  ,0,0,0,0,0,0,0,0,0,47000,0,0,0,57000,10000,47000,47000
045534,深中小群益94購01,0,0,0,0,0,0,0,0,0,47000,0,0,0,47000,0,47000,47000
04880P,GIS永豐94售02   ,0,0,0,0,0,0,0,0,0,47000,0,0,0,94000,47000,47000,47000
047928,禾伸堂凱基93購04,0,0,0,0,0,0,0,0,0,47000,0,0,0,57000,10000,47000,47000
051900,臻鼎富邦95購01  ,0,0,0,0,0,0,0,0,0,47000,0,0,0,145000,98000,47000,47000
05120P,聯發科國泰97售01,0,0,0,0,0,0,0,0,0,47000,0,0,0,138000,91000,47000,47000
050100,台積電永昌96購02,0,0,0,0,0,0,0,0,0,47000,0,0,0,1124000,1077000,47000,47000
050101,台積電永昌96購03,0,0,0,0,0,0,0,0,0,47000,0,0,0,243000,196000,47000,47000
05096P,台積電日盛95售01,0,0,0,0,0,0,0,0,0,47000,0,0,0,829000,782000,47000,47000
050957,T50反1台新05購01,0,0,0,0,0,0,0,0,0,47000,0,0,0,47000,0,47000,47000
050737,聯詠康和94購01  ,0,0,0,0,0,0,0,0,0,47000,0,0,0,159000,112000,47000,47000
05600P,玉晶光台新96售04,0,0,0,0,0,0,0,0,0,47000,0,0,0,77000,30000,47000,47000
05973P,聯詠元大96售06  ,0,0,0,0,0,0,0,0,0,47000,0,0,0,48000,1000,47000,47000
05471P,聯電統一95售01  ,0,0,0,0,0,0,0,0,0,46000,0,0,0,48000,2000,46000,46000
053944,亞泥富邦97購01  ,0,0,0,0,0,0,0,0,0,46000,0,0,0,94000,48000,46000,46000
053504,祥碩兆豐96購01  ,0,0,0,0,0,0,0,0,0,46000,0,0,0,50000,4000,46000,46000
053196,康控元富96購01  ,0,0,0,0,0,0,0,0,0,46000,0,0,0,50000,4000,46000,46000
052402,健策凱基97購01  ,0,0,0,0,0,0,0,0,0,46000,0,0,0,181000,135000,46000,46000
052385,滬深2X群益99購05,0,0,0,0,0,0,0,0,0,46000,0,0,0,49000,3000,46000,46000
00730,富邦臺灣優質高息,0,0,0,0,0,0,0,0,0,46000,0,0,0,255000,209000,46000,46000
046344,超眾國票94購01  ,0,0,0,0,0,0,0,0,0,46000,0,0,0,46000,0,46000,46000
047750,開發金元富93購01,0,0,0,0,0,0,0,0,0,46000,0,0,0,699000,653000,46000,46000
046438,群創群益95購01  ,0,0,0,0,0,0,0,0,0,46000,0,0,0,149000,103000,46000,46000
048167,旺宏永豐93購04  ,0,0,0,0,0,0,0,0,0,46000,0,0,0,78000,32000,46000,46000
04965P,日月光元大94售02,0,0,0,0,0,0,0,0,0,46000,0,0,0,53000,7000,46000,46000
051300,台光電凱基96購02,0,0,0,0,0,0,0,0,0,46000,0,0,0,68000,22000,46000,46000
051472,台積電凱基95購09,0,0,0,0,0,0,0,0,0,46000,0,0,0,172000,126000,46000,46000
05762P,昇陽半永豐96售04,0,0,0,0,0,0,0,0,0,46000,0,0,0,46000,0,46000,46000
052353,高鐵群益97購01  ,0,0,0,0,0,0,0,0,0,45000,0,0,0,53000,8000,45000,45000
053120,復盛中信9A購01  ,0,0,0,0,0,0,0,0,0,45000,0,0,0,45000,0,45000,45000
053383,京元電元大97購01,0,0,0,0,0,0,0,0,0,45000,0,0,0,112000,67000,45000,45000
054288,華邦電元大96購05,0,0,0,0,0,0,0,0,0,45000,0,0,0,57000,12000,45000,45000
045531,台郡永豐92購01  ,0,0,0,0,0,0,0,0,0,45000,0,0,0,55000,10000,45000,45000
042173,台灣50永豐93購01,0,0,0,0,0,0,0,0,0,45000,0,0,0,100000,55000,45000,45000
045041,康舒日盛92購01  ,0,0,0,0,0,0,0,0,0,45000,0,0,0,45000,0,45000,45000
045153,大立光凱基93購04,0,0,0,0,0,0,0,0,0,45000,0,0,0,76000,31000,45000,45000
049009,南亞科麥證94購01,0,0,0,96000,51000,45000,0,0,0,45000,0,0,0,96000,51000,45000,45000
044879,上証2X群益93購01,0,0,0,0,0,0,0,0,0,45000,0,0,0,60000,15000,45000,45000
044085,群創國票91購01  ,0,0,0,0,0,0,0,0,0,45000,0,0,0,45000,0,45000,45000
049799,旺宏元大96購01  ,0,0,0,0,0,0,0,0,0,45000,0,0,0,90000,45000,45000,45000
049819,百和元大94購02  ,0,0,0,0,0,0,0,0,0,45000,0,0,0,66000,21000,45000,45000
046162,致新群益92購01  ,0,0,0,0,0,0,0,0,0,45000,0,0,0,64000,19000,45000,45000
049147,美律元大94購02  ,0,0,0,0,0,0,0,0,0,45000,0,0,0,128000,83000,45000,45000
048349,美利達元大96購02,0,0,0,0,0,0,0,0,0,45000,0,0,0,69000,24000,45000,45000
047274,華新科永豐93購02,0,0,0,0,0,0,0,0,0,45000,0,0,0,100000,55000,45000,45000
047649,啟碁元大93購07  ,0,0,0,0,0,0,0,0,0,45000,0,0,0,66000,21000,45000,45000
04671P,華通統一94售01  ,0,0,0,0,0,0,0,0,0,45000,0,0,0,45000,0,45000,45000
051005,緯創中信95購02  ,0,0,0,0,0,0,0,0,0,45000,0,0,0,45000,0,45000,45000
051796,和碩康和95購01  ,0,0,0,0,0,0,0,0,0,45000,0,0,0,138000,93000,45000,45000
05180P,玉晶光凱基95售04,0,0,0,0,0,0,0,0,0,45000,0,0,0,90000,45000,45000,45000
052242,台達電台新96購01,0,0,0,0,0,0,0,0,0,45000,0,0,0,56000,11000,45000,45000
050276,百和元大94購03  ,0,0,0,0,0,0,0,0,0,45000,0,0,0,63000,18000,45000,45000
050173,旺宏元大96購02  ,0,0,0,0,0,0,0,0,0,45000,0,0,0,219000,174000,45000,45000
04992P,元油2X富邦97售04,0,0,0,0,0,0,0,0,0,45000,0,0,0,100000,55000,45000,45000
049445,遠東新統一94購01,0,0,0,0,0,0,0,0,0,45000,0,0,0,60000,15000,45000,45000
05667P,旺宏台新96售01  ,0,0,0,0,0,0,0,0,0,45000,0,0,0,45000,0,45000,45000
2443,億麗            ,49000,4000,45000,0,0,0,0,0,0,0,0,0,0,0,0,0,45000
00646,元大S&P500      ,1000,0,1000,0,0,0,0,0,0,43100,0,0,0,96000,52900,43100,44100
05247P,上銀群益95售01  ,0,0,0,0,0,0,0,0,0,44000,0,0,0,44000,0,44000,44000
052545,康控元富95購02  ,0,0,0,0,0,0,0,0,0,44000,0,0,0,70000,26000,44000,44000
04203P,超眾元大93售04  ,0,0,0,0,0,0,0,0,0,44000,0,0,0,49000,5000,44000,44000
04263P,南電群益93售03  ,0,0,0,0,0,0,0,0,0,44000,0,0,0,44000,0,44000,44000
04267P,康控元富93售04  ,0,0,0,0,0,0,0,0,0,44000,0,0,0,44000,0,44000,44000
045352,亞光凱基92購03  ,0,0,0,0,0,0,0,0,0,44000,0,0,0,74000,30000,44000,44000
04693P,超眾群益95售01  ,0,0,0,0,0,0,0,0,0,44000,0,0,0,77000,33000,44000,44000
048427,百和元富95購01  ,0,0,0,0,0,0,0,0,0,44000,0,0,0,49000,5000,44000,44000
046230,亞光元大92購03  ,0,0,0,0,0,0,0,0,0,44000,0,0,0,98000,54000,44000,44000
049837,臺股指凱基96購02,0,0,0,0,0,0,0,0,0,44000,0,0,0,46000,2000,44000,44000
050049,華通群益96購01  ,0,0,0,0,0,0,0,0,0,44000,0,0,0,71000,27000,44000,44000
050995,貿聯元大95購02  ,0,0,0,0,0,0,0,0,0,44000,0,0,0,213000,169000,44000,44000
051832,復盛元大95購01  ,0,0,0,0,0,0,0,0,0,44000,0,0,0,45000,1000,44000,44000
051109,美律統一95購02  ,0,0,0,0,0,0,0,0,0,44000,0,0,0,62000,18000,44000,44000
05151P,台光電群益95售02,0,0,0,0,0,0,0,0,0,44000,0,0,0,54000,10000,44000,44000
2506,太設            ,46000,2000,44000,0,0,0,0,0,0,0,0,0,0,0,0,0,44000
05538P,玉晶光國票97售02,0,0,0,0,0,0,0,0,0,44000,0,0,0,54000,10000,44000,44000
5434,崇越            ,137000,115000,22000,0,0,0,3000,0,3000,19000,22000,3000,19000,3000,3000,0,44000
4164,承業醫          ,97000,54000,43000,0,0,0,0,0,0,1000,1000,0,1000,0,0,0,44000
052597,茂林群益96購01  ,0,0,0,0,0,0,0,0,0,43000,0,0,0,43000,0,43000,43000
053228,康友台新97購01  ,0,0,0,0,0,0,0,0,0,43000,0,0,0,62000,19000,43000,43000
053922,亞光國票96購01  ,0,0,0,0,0,0,0,0,0,43000,0,0,0,46000,3000,43000,43000
043962,亞泥國泰92購01  ,0,0,0,0,0,0,0,0,0,43000,0,0,0,58000,15000,43000,43000
03546P,欣興群益02售12  ,0,0,0,0,0,0,0,0,0,43000,0,0,0,43000,0,43000,43000
046970,聯詠群益93購01  ,0,0,0,0,0,0,0,0,0,43000,0,0,0,160000,117000,43000,43000
048064,可成統一93購02  ,0,0,0,0,0,0,0,0,0,43000,0,0,0,213000,170000,43000,43000
051471,國巨凱基97購01  ,0,0,0,0,0,0,0,0,0,43000,0,0,0,112000,69000,43000,43000
052342,茂林凱基96購01  ,0,0,0,0,0,0,0,0,0,43000,0,0,0,93000,50000,43000,43000
050750,上銀統一94購02  ,0,0,0,0,0,0,0,0,0,43000,0,0,0,53000,10000,43000,43000
05672P,鴻海群益96售03  ,0,0,0,0,0,0,0,0,0,43000,0,0,0,105000,62000,43000,43000
2349,錸德            ,140000,90000,50000,0,0,0,0,0,0,-7000,0,7000,-7000,0,0,0,43000
054279,揚明光群益98購01,0,0,0,0,0,0,0,0,0,42000,0,0,0,42000,0,42000,42000
054379,光磊群益98購01  ,0,0,0,0,0,0,0,0,0,42000,0,0,0,42000,0,42000,42000
054696,嘉聯益永豐97購01,0,0,0,0,0,0,0,0,0,42000,0,0,0,52000,10000,42000,42000
054621,華新科兆豐98購01,0,0,0,0,0,0,0,0,0,42000,0,0,0,84000,42000,42000,42000
053459,康控國泰97購01  ,0,0,0,0,0,0,0,0,0,42000,0,0,0,80000,38000,42000,42000
053506,南茂兆豐97購01  ,0,0,0,0,0,0,0,0,0,42000,0,0,0,50000,8000,42000,42000
053523,T50反1中信9A購01,0,0,0,0,0,0,0,0,0,42000,0,0,0,44000,2000,42000,42000
052567,台積電凱基96購05,0,0,0,0,0,0,0,0,0,42000,0,0,0,196000,154000,42000,42000
05266P,華新科元大95售11,0,0,0,0,0,0,0,0,0,42000,0,0,0,42000,0,42000,42000
052897,緯創群益96購03  ,0,0,0,0,0,0,0,0,0,42000,0,0,0,56000,14000,42000,42000
052968,燿華群益98購01  ,0,0,0,0,0,0,0,0,0,42000,0,0,0,115000,73000,42000,42000
04339P,欣興元大93售08  ,0,0,0,0,0,0,0,0,0,42000,0,0,0,42000,0,42000,42000
04563P,可成凱基94售05  ,0,0,0,0,0,0,0,0,0,42000,0,0,0,95000,53000,42000,42000
045720,台光電凱基93購07,0,0,0,0,0,0,0,0,0,42000,0,0,0,73000,31000,42000,42000
044970,大毅永豐92購01  ,0,0,0,0,0,0,0,0,0,42000,0,0,0,177000,135000,42000,42000
044321,超眾永豐91購01  ,0,0,0,0,0,0,0,0,0,42000,0,0,0,42000,0,42000,42000
046897,康舒群益93購01  ,0,0,0,0,0,0,0,0,0,42000,0,0,0,44000,2000,42000,42000
04691P,智邦群益94售02  ,0,0,0,0,0,0,0,0,0,42000,0,0,0,52000,10000,42000,42000
046796,南電元富93購01  ,0,0,0,0,0,0,0,0,0,42000,0,0,0,42000,0,42000,42000
046351,智邦群益92購01  ,0,0,0,0,0,0,0,0,0,42000,0,0,0,52000,10000,42000,42000
050982,台積電國泰96購04,0,0,0,0,0,0,0,0,0,42000,0,0,0,88000,46000,42000,42000
049492,聯發科元大95購02,0,0,0,0,0,0,0,0,0,42000,0,0,0,71000,29000,42000,42000
051672,玉晶光元大96購03,0,0,0,0,0,0,0,0,0,42000,0,0,0,42000,0,42000,42000
051406,泰鼎永豐96購01  ,0,0,0,0,0,0,0,0,0,42000,0,0,0,53000,11000,42000,42000
051593,和碩元大95購01  ,0,0,0,0,0,0,0,0,0,42000,0,0,0,42000,0,42000,42000
051031,康友元富95購02  ,0,0,0,0,0,0,0,0,0,42000,0,0,0,220000,178000,42000,42000
05923P,旺宏元富96售05  ,0,0,0,0,0,0,0,0,0,42000,0,0,0,42000,0,42000,42000
6168,宏齊            ,50000,6000,44000,0,0,0,0,0,0,-2000,0,2000,-2000,0,0,0,42000
052594,友訊群益98購01  ,0,0,0,0,0,0,0,0,0,41000,0,0,0,98000,57000,41000,41000
054051,貿聯元大97購03  ,0,60000,-60000,0,0,0,0,0,0,101000,0,0,0,374000,273000,101000,41000
043987,禾伸堂元大91購01,0,0,0,0,0,0,0,0,0,41000,0,0,0,51000,10000,41000,41000
045106,玉晶光群益95購01,0,0,0,0,0,0,0,0,0,41000,0,0,0,58000,17000,41000,41000
03368P,臺股指元大02售11,0,0,0,0,0,0,0,0,0,41000,0,0,0,41000,0,41000,41000
043717,喬山統一91購02  ,0,0,0,0,0,0,0,0,0,41000,0,0,0,41000,0,41000,41000
04181P,嘉晶國票93售04  ,0,0,0,0,0,0,0,0,0,41000,0,0,0,41000,0,41000,41000
048645,創意元大94購02  ,0,0,0,0,0,0,0,0,0,41000,0,0,0,41000,0,41000,41000
045960,聯發科凱基92購01,0,0,0,0,0,0,0,0,0,41000,0,0,0,41000,0,41000,41000
047004,台積電統一99購01,0,0,0,0,0,0,0,0,0,41000,0,0,0,526000,485000,41000,41000
048410,和碩群益93購01  ,15000,0,15000,0,0,0,0,0,0,26000,0,0,0,62000,36000,26000,41000
05110P,上銀統一95售01  ,0,0,0,0,0,0,0,0,0,41000,0,0,0,71000,30000,41000,41000
051299,致茂凱基95購01  ,0,0,0,0,0,0,0,0,0,41000,0,0,0,44000,3000,41000,41000
051962,晶相光永豐95購02,0,0,0,0,0,0,0,0,0,41000,0,0,0,140000,99000,41000,41000
05232P,緯穎群益95售01  ,0,0,0,0,0,0,0,0,0,41000,0,0,0,52000,11000,41000,41000
052297,旭富國票96購01  ,0,0,0,0,0,0,0,0,0,41000,0,0,0,60000,19000,41000,41000
05208P,TPK中信95售01   ,0,0,0,0,0,0,0,0,0,41000,0,0,0,100000,59000,41000,41000
050681,南亞科元富94購01,0,0,0,0,0,0,0,0,0,41000,0,0,0,69000,28000,41000,41000
050630,大立光亞東96購01,0,0,0,0,0,0,0,0,0,41000,0,0,0,42000,1000,41000,41000
054072,台積電富邦98購02,0,0,0,0,0,0,0,0,0,40000,0,0,0,86000,46000,40000,40000
054280,牧德群益98購01  ,0,0,0,0,0,0,0,0,0,40000,0,0,0,80000,40000,40000,40000
053777,台積電元大96購20,0,0,0,0,0,0,0,0,0,40000,0,0,0,611000,571000,40000,40000
054654,全新麥證99購01  ,0,0,0,40000,0,40000,0,0,0,40000,0,0,0,40000,0,40000,40000
05491P,茂林元大95售04  ,0,0,0,0,0,0,0,0,0,40000,0,0,0,51000,11000,40000,40000
05253P,智邦凱基95售08  ,0,0,0,0,0,0,0,0,0,40000,0,0,0,50000,10000,40000,40000
053178,南亞科統一98購01,0,0,0,0,0,0,0,0,0,40000,0,0,0,153000,113000,40000,40000
053155,晶技元大97購02  ,0,0,0,0,0,0,0,0,0,40000,0,0,0,40000,0,40000,40000
041857,宏達電元大92購01,0,0,0,0,0,0,0,0,0,40000,0,0,0,40000,0,40000,40000
044508,微星凱基92購02  ,0,0,0,0,0,0,0,0,0,40000,0,0,0,40000,0,40000,40000
04152P,喬山永豐93售02  ,0,0,0,0,0,0,0,0,0,40000,0,0,0,50000,10000,40000,40000
040199,宏達電群益92購01,0,0,0,0,0,0,0,0,0,40000,0,0,0,40000,0,40000,40000
043738,台達電元大91購01,0,0,0,0,0,0,0,0,0,40000,0,0,0,40000,0,40000,40000
040744,滬深2X國票94購01,0,0,0,0,0,0,0,0,0,40000,0,0,0,40000,0,40000,40000
03399P,欣興中信02售03  ,0,0,0,0,0,0,0,0,0,40000,0,0,0,40000,0,40000,40000
03404B,臺股指元富91熊09,0,0,0,0,0,0,0,0,0,40000,0,0,0,100000,60000,40000,40000
04311P,奇力新統一95售01,0,0,0,0,0,0,0,0,0,40000,0,0,0,70000,30000,40000,40000
03807P,康友元富93售02  ,0,0,0,0,0,0,0,0,0,40000,0,0,0,40000,0,40000,40000
03104P,大立光元富04售01,0,0,0,0,0,0,0,0,0,40000,0,0,0,40000,0,40000,40000
03713P,GIS元富93售02   ,0,0,0,0,0,0,0,0,0,40000,0,0,0,40000,0,40000,40000
045826,樺漢凱基92購02  ,0,0,0,0,0,0,0,0,0,40000,0,0,0,42000,2000,40000,40000
048942,上緯控永豐94購01,0,0,0,0,0,0,0,0,0,40000,0,0,0,40000,0,40000,40000
048580,台達電富邦93購01,0,0,0,0,0,0,0,0,0,40000,0,0,0,50000,10000,40000,40000
047869,景碩永豐93購01  ,0,0,0,0,0,0,0,0,0,40000,0,0,0,40000,0,40000,40000
044254,深中小元大94購01,0,0,0,0,0,0,0,0,0,40000,0,0,0,40000,0,40000,40000
044205,聯茂亞東92購01  ,0,0,0,0,0,0,0,0,0,40000,0,0,0,40000,0,40000,40000
04446P,元油2X凱基94售03,0,0,0,0,0,0,0,0,0,40000,0,0,0,271000,231000,40000,40000
04382P,美律國泰95售01  ,0,0,0,0,0,0,0,0,0,40000,0,0,0,99000,59000,40000,40000
04414P,牧德元富94售04  ,0,0,0,0,0,0,0,0,0,40000,0,0,0,71000,31000,40000,40000
044835,南亞科元大91購14,0,0,0,0,0,0,0,0,0,40000,0,0,0,100000,60000,40000,40000
048338,正崴元大93購01  ,0,0,0,0,0,0,0,0,0,40000,0,0,0,72000,32000,40000,40000
048341,全新元大94購03  ,0,0,0,0,0,0,0,0,0,40000,0,0,0,206000,166000,40000,40000
048201,智易元大93購06  ,0,0,0,0,0,0,0,0,0,40000,0,0,0,53000,13000,40000,40000
049558,深中小統一94購04,0,0,0,0,0,0,0,0,0,40000,0,0,0,40000,0,40000,40000
049893,日月光富邦98購01,0,0,0,0,0,0,0,0,0,40000,0,0,0,60000,20000,40000,40000
046144,康控元富92購01  ,0,0,0,0,0,0,0,0,0,40000,0,0,0,50000,10000,40000,40000
046103,麗豐永豐92購01  ,0,0,0,0,0,0,0,0,0,40000,0,0,0,40000,0,40000,40000
049076,佳世達凱基94購01,0,0,0,0,0,0,0,0,0,40000,0,0,0,50000,10000,40000,40000
04793P,台光電元大94售07,0,0,0,0,0,0,0,0,0,40000,0,0,0,40000,0,40000,40000
047923,聯發科凱基94購02,0,0,0,0,0,0,0,0,0,40000,0,0,0,70000,30000,40000,40000
047173,群創永豐93購01  ,0,0,0,0,0,0,0,0,0,40000,0,0,0,104000,64000,40000,40000
047140,滬深2X兆豐94購01,0,0,0,0,0,0,0,0,0,40000,0,0,0,40000,0,40000,40000
048069,南亞科元富95購02,0,0,0,0,0,0,0,0,0,40000,0,0,0,50000,10000,40000,40000
048733,台勝科麥證95購02,0,0,0,40000,0,40000,0,0,0,40000,0,0,0,40000,0,40000,40000
048259,新日興統一93購01,0,0,0,0,0,0,0,0,0,40000,0,0,0,65000,25000,40000,40000
048746,台達電元富94購01,0,0,0,0,0,0,0,0,0,40000,0,0,0,40000,0,40000,40000
048276,旺宏永豐94購01  ,0,0,0,0,0,0,0,0,0,40000,0,0,0,45000,5000,40000,40000
047725,廣達群益93購01  ,0,0,0,0,0,0,0,0,0,40000,0,0,0,40000,0,40000,40000
047809,瑞昱凱基93購08  ,0,0,0,0,0,0,0,0,0,40000,0,0,0,54000,14000,40000,40000
047594,滬深2X元富93購02,0,0,0,0,0,0,0,0,0,40000,0,0,0,40000,0,40000,40000
047551,聯發科凱基93購14,0,0,0,0,0,0,0,0,0,40000,0,0,0,74000,34000,40000,40000
047270,元油2X永豐94購02,5000,0,5000,0,0,0,0,0,0,35000,0,0,0,85000,50000,35000,40000
047240,樺漢凱基93購01  ,0,0,0,0,0,0,0,0,0,40000,0,0,0,42000,2000,40000,40000
046486,樺漢國泰94購01  ,0,0,0,0,0,0,0,0,0,40000,0,0,0,50000,10000,40000,40000
050623,致新元大94購05  ,0,0,0,0,0,0,0,0,0,40000,0,0,0,43000,3000,40000,40000
050333,鴻海國泰96購06  ,0,0,0,0,0,0,0,0,0,40000,0,0,0,202000,162000,40000,40000
050647,聯發科凱基96購01,0,0,0,0,0,0,0,0,0,40000,0,0,0,101000,61000,40000,40000
050789,矽創國泰96購01  ,0,0,0,0,0,0,0,0,0,40000,0,0,0,51000,11000,40000,40000
050968,超眾永豐95購01  ,0,0,0,0,0,0,0,0,0,40000,0,0,0,59000,19000,40000,40000
050962,聯發科永豐95購02,0,0,0,0,0,0,0,0,0,40000,0,0,0,50000,10000,40000,40000
050914,健鼎中信95購01  ,0,0,0,0,0,0,0,0,0,40000,0,0,0,100000,60000,40000,40000
05086P,鴻海凱基95售13  ,0,0,0,0,0,0,0,0,0,40000,0,0,0,70000,30000,40000,40000
049265,揚明光元大94購03,0,0,0,0,0,0,0,0,0,40000,0,0,0,40000,0,40000,40000
049964,強茂元富94購01  ,0,0,0,0,0,0,0,0,0,40000,0,0,0,40000,0,40000,40000
050073,傳奇凱基94購02  ,0,0,0,0,0,0,0,0,0,40000,0,0,0,50000,10000,40000,40000
049991,臺股指凱基96購04,0,0,0,0,0,0,0,0,0,40000,0,0,0,40000,0,40000,40000
052108,鴻海元富95購11  ,0,0,0,0,0,0,0,0,0,40000,0,0,0,40000,0,40000,40000
051700,深中小群益99購04,0,0,0,0,0,0,0,0,0,40000,0,0,0,340000,300000,40000,40000
051089,旺宏元大96購04  ,0,0,0,0,0,0,0,0,0,40000,0,0,0,248000,208000,40000,40000
051600,新日興兆豐96購02,0,0,0,0,0,0,0,0,0,40000,0,0,0,50000,10000,40000,40000
051495,玉晶光第一95購02,0,0,0,0,0,0,0,0,0,40000,0,0,0,52000,12000,40000,40000
051561,玉晶光國泰97購04,0,0,0,0,0,0,0,0,0,40000,0,0,0,40000,0,40000,40000
05134P,鴻海凱基96售06  ,0,0,0,0,0,0,0,0,0,40000,0,0,0,40000,0,40000,40000
05942P,奇力新凱基96售04,0,0,0,0,0,0,0,0,0,40000,0,0,0,40000,0,40000,40000
05806P,宏達電永豐96售03,0,0,0,0,0,0,0,0,0,40000,0,0,0,77000,37000,40000,40000
2354,鴻準            ,1338000,1268000,70000,0,0,0,0,0,0,-30000,0,30000,-30000,0,0,0,40000
2823,中壽            ,2290000,2344000,-54000,0,0,0,0,0,0,94000,0,47000,-47000,160000,19000,141000,40000
08934P,鴻海元大01售18  ,0,0,0,0,0,0,0,0,0,40000,0,0,0,40000,0,40000,40000
1229,聯華            ,236000,188000,48000,0,0,0,0,0,0,-8000,0,8000,-8000,0,0,0,40000
052379,鈺齊元大95購04  ,0,0,0,0,0,0,0,0,0,39000,0,0,0,186000,147000,39000,39000
05384P,大立光永豐95售02,0,0,0,0,0,0,0,0,0,39000,0,0,0,39000,0,39000,39000
054002,GIS群益96購03   ,0,0,0,0,0,0,0,0,0,39000,0,0,0,50000,11000,39000,39000
04079P,燿華元大93售04  ,0,0,0,0,0,0,0,0,0,39000,0,0,0,102000,63000,39000,39000
044604,嘉聯益國泰93購01,0,0,0,0,0,0,0,0,0,39000,0,0,0,479000,440000,39000,39000
048313,南亞科凱基93購06,0,0,0,0,0,0,0,0,0,39000,0,0,0,219000,180000,39000,39000
046032,全新元大92購04  ,0,0,0,0,0,0,0,0,0,39000,0,0,0,107000,68000,39000,39000
047430,儒鴻元大93購05  ,0,0,0,0,0,0,0,0,0,39000,0,0,0,39000,0,39000,39000
052135,聯發科凱基9B購01,0,0,0,0,0,0,0,0,0,39000,0,0,0,78000,39000,39000,39000
049928,祥碩元大94購02  ,0,0,0,0,0,0,0,0,0,39000,0,0,0,40000,1000,39000,39000
1442,名軒            ,42000,3000,39000,0,0,0,0,0,0,0,0,0,0,0,0,0,39000
06093P,華通元富97售03  ,0,0,0,0,0,0,0,0,0,39000,0,0,0,55000,16000,39000,39000
05640P,旺宏元富96售03  ,0,0,0,0,0,0,0,0,0,39000,0,0,0,39000,0,39000,39000
053831,台積電台新97購02,0,0,0,0,0,0,0,0,0,38000,0,0,0,44000,6000,38000,38000
053710,華通凱基96購05  ,0,0,0,0,0,0,0,0,0,38000,0,0,0,116000,78000,38000,38000
052365,聯詠國票95購02  ,0,0,0,0,0,0,0,0,0,38000,0,0,0,38000,0,38000,38000
052965,廣宇群益97購01  ,0,0,0,0,0,0,0,0,0,38000,0,0,0,43000,5000,38000,38000
052827,昇陽半永豐97購01,0,0,0,0,0,0,0,0,0,38000,0,0,0,50000,12000,38000,38000
03640C,元油2X元大9B牛02,0,0,0,0,0,0,0,0,0,38000,0,0,0,38000,0,38000,38000
03608P,鴻海元大92售14  ,0,0,0,0,0,0,0,0,0,38000,0,0,0,38000,0,38000,38000
045341,華邦電凱基93購04,0,0,0,0,0,0,0,0,0,38000,0,0,0,70000,32000,38000,38000
047376,南電國票94購01  ,0,0,0,0,0,0,0,0,0,38000,0,0,0,38000,0,38000,38000
048205,臺股指元大93購39,0,0,0,0,0,0,0,0,0,38000,0,0,0,38000,0,38000,38000
045970,日月光凱基92購02,0,0,0,0,0,0,0,0,0,38000,0,0,0,68000,30000,38000,38000
047741,鴻海統一93購06  ,0,0,0,0,0,0,0,0,0,38000,0,0,0,40000,2000,38000,38000
050161,鴻海國泰96購03  ,0,0,0,0,0,0,0,0,0,38000,0,0,0,52000,14000,38000,38000
05168P,鴻海元大95售14  ,0,0,0,0,0,0,0,0,0,38000,0,0,0,404000,366000,38000,38000
051642,鈺齊台新95購01  ,0,0,0,0,0,0,0,0,0,38000,0,0,0,158000,120000,38000,38000
05710P,禾伸堂國票97售02,0,0,0,0,0,0,0,0,0,38000,0,0,0,38000,0,38000,38000
5519,隆大            ,208000,194000,14000,0,0,0,0,0,0,24000,24000,0,24000,0,0,0,38000
4540,全球傳動        ,129000,90000,39000,0,0,0,0,0,0,-1000,0,1000,-1000,0,0,0,38000
3167,大量            ,76000,21000,55000,0,0,0,0,0,0,-17000,0,17000,-17000,0,0,0,38000
9105,泰金寶-DR       ,38000,0,38000,0,0,0,0,0,0,0,0,0,0,0,0,0,38000
052666,瑞昱群益96購01  ,0,0,0,0,0,0,0,0,0,37000,0,0,0,47000,10000,37000,37000
05352P,臺股指元富95售06,0,0,0,0,0,0,0,0,0,37000,0,0,0,42000,5000,37000,37000
053437,啟碁日盛96購01  ,0,0,0,0,0,0,0,0,0,37000,0,0,0,80000,43000,37000,37000
053882,聯發科中信98購02,0,0,0,0,0,0,0,0,0,37000,0,0,0,146000,109000,37000,37000
054327,亞光台新96購02  ,0,0,0,0,0,0,0,0,0,37000,0,0,0,39000,2000,37000,37000
03982P,智易國票94售02  ,0,0,0,0,0,0,0,0,0,37000,0,0,0,37000,0,37000,37000
042143,奇鋐元大92購01  ,0,0,0,0,0,0,0,0,0,37000,0,0,0,120000,83000,37000,37000
048778,聯茂凱基94購04  ,0,0,0,0,0,0,0,0,0,37000,0,0,0,37000,0,37000,37000
051533,健鼎國票96購02  ,0,0,0,0,0,0,0,0,0,37000,0,0,0,40000,3000,37000,37000
051528,亞泥國票96購01  ,0,0,0,0,0,0,0,0,0,37000,0,0,0,60000,23000,37000,37000
052075,旺宏元富95購03  ,0,0,0,0,0,0,0,0,0,37000,0,0,0,65000,28000,37000,37000
052029,矽力群益95購02  ,0,0,0,0,0,0,0,0,0,37000,0,0,0,260000,223000,37000,37000
050018,高股息元大94購02,0,0,0,0,0,0,0,0,0,37000,0,0,0,70000,33000,37000,37000
049327,台郡元富94購01  ,0,0,0,0,0,0,0,0,0,37000,0,0,0,90000,53000,37000,37000
05854P,華新科凱基96售09,0,0,0,0,0,0,0,0,0,37000,0,0,0,37000,0,37000,37000
054817,聯發科元大97購13,0,0,0,0,0,0,0,0,0,36000,0,0,0,53000,17000,36000,36000
054798,超眾群益97購01  ,0,0,0,0,0,0,0,0,0,36000,0,0,0,49000,13000,36000,36000
05366P,鴻海元富95售12  ,0,0,0,0,0,0,0,0,0,36000,0,0,0,46000,10000,36000,36000
053763,T50反1富邦98購01,0,0,0,0,0,0,0,0,0,36000,0,0,0,896000,860000,36000,36000
053391,嘉聯益元大99購01,0,0,0,0,0,0,0,0,0,36000,0,0,0,162000,126000,36000,36000
040197,晶電群益92購01  ,0,0,0,0,0,0,0,0,0,36000,0,0,0,76000,40000,36000,36000
00762,元大全球AI      ,0,0,0,0,0,0,0,0,0,36000,30000,0,30000,96000,90000,6000,36000
04535P,華新統一94售01  ,0,0,0,0,0,0,0,0,0,36000,0,0,0,36000,0,36000,36000
045046,冠德凱基92購01  ,0,0,0,0,0,0,0,0,0,36000,0,0,0,36000,0,36000,36000
045763,南亞科統一93購01,0,0,0,0,0,0,0,0,0,36000,0,0,0,180000,144000,36000,36000
049381,欣興元大94購05  ,0,0,0,0,0,0,0,0,0,36000,0,0,0,36000,0,36000,36000
049386,嘉聯益元大95購01,0,0,0,0,0,0,0,0,0,36000,0,0,0,199000,163000,36000,36000
049887,嘉聯益永昌95購01,0,0,0,0,0,0,0,0,0,36000,0,0,0,50000,14000,36000,36000
048084,華通凱基93購05  ,0,0,0,0,0,0,0,0,0,36000,0,0,0,82000,46000,36000,36000
047979,中石化群益95購01,0,0,0,0,0,0,0,0,0,36000,0,0,0,36000,0,36000,36000
047212,宏達電富邦97購01,0,0,0,0,0,0,0,0,0,36000,0,0,0,127000,91000,36000,36000
04862P,台積電元大94售26,0,0,0,0,0,0,0,0,0,36000,0,0,0,347000,311000,36000,36000
049486,旺宏元大94購08  ,0,0,0,0,0,0,0,0,0,36000,0,0,0,107000,71000,36000,36000
049448,光磊統一94購01  ,0,0,0,0,0,0,0,0,0,36000,0,0,0,90000,54000,36000,36000
05223P,臻鼎凱基95售02  ,0,0,0,0,0,0,0,0,0,36000,0,0,0,57000,21000,36000,36000
051050,鴻海群益95購03  ,0,0,0,0,0,0,0,0,0,36000,0,0,0,42000,6000,36000,36000
05906P,國巨元富96售05  ,0,0,0,0,0,0,0,0,0,36000,0,0,0,68000,32000,36000,36000
05968P,鴻海台新96售02  ,0,0,0,0,0,0,0,0,0,36000,0,0,0,36000,0,36000,36000
05573P,仁寶元富96售02  ,0,0,0,0,0,0,0,0,0,36000,0,0,0,36000,0,36000,36000
05566P,景碩永豐96售01  ,0,0,0,0,0,0,0,0,0,36000,0,0,0,36000,0,36000,36000
3607,谷崧            ,48000,11000,37000,0,0,0,0,0,0,-1000,0,1000,-1000,0,0,0,36000
053408,友達兆豐98購01  ,0,0,0,0,0,0,0,0,0,35000,0,0,0,65000,30000,35000,35000
053500,新日興兆豐97購01,0,0,0,0,0,0,0,0,0,35000,0,0,0,35000,0,35000,35000
052832,益航群益96購01  ,0,0,0,0,0,0,0,0,0,35000,0,0,0,45000,10000,35000,35000
054517,高鐵元大96購01  ,0,0,0,0,0,0,0,0,0,35000,0,0,0,95000,60000,35000,35000
045747,嘉聯益永豐92購02,0,0,0,0,0,0,0,0,0,35000,0,0,0,35000,0,35000,35000
043969,美利達國泰92購01,0,0,0,0,0,0,0,0,0,35000,0,0,0,130000,95000,35000,35000
044289,群創凱基93購04  ,0,0,0,0,0,0,0,0,0,35000,0,0,0,35000,0,35000,35000
045031,上銀群益93購02  ,0,0,0,0,0,0,0,0,0,35000,0,0,0,35000,0,35000,35000
048933,晶豪科永豐94購01,0,0,0,0,0,0,0,0,0,35000,0,0,0,266000,231000,35000,35000
0053,元大電子        ,0,0,0,0,0,0,0,0,0,35000,0,0,0,40000,5000,35000,35000
03638C,T50反1元大94牛03,0,0,0,0,0,0,0,0,0,35000,0,0,0,121000,86000,35000,35000
04280P,宏達電台新93售01,0,0,0,0,0,0,0,0,0,35000,0,0,0,35000,0,35000,35000
03937P,聯詠元大93售08  ,0,0,0,0,0,0,0,0,0,35000,0,0,0,75000,40000,35000,35000
040950,欣興群益91購01  ,0,0,0,0,0,0,0,0,0,35000,0,0,0,35000,0,35000,35000
04366P,全新元富95售01  ,0,0,0,0,0,0,0,0,0,35000,0,0,0,35000,0,35000,35000
047188,聯詠元大93購04  ,0,0,0,0,0,0,0,0,0,35000,0,0,0,80000,45000,35000,35000
048715,A50正2永豐94購01,0,0,0,0,0,0,0,0,0,35000,0,0,0,259000,224000,35000,35000
048310,台達電凱基93購05,0,0,0,0,0,0,0,0,0,35000,0,0,0,35000,0,35000,35000
049133,為升元大94購02  ,0,0,0,0,0,0,0,0,0,35000,0,0,0,35000,0,35000,35000
049377,聯詠元大94購01  ,0,0,0,0,0,0,0,0,0,35000,0,0,0,64000,29000,35000,35000
048810,玉晶光第一94購01,0,0,0,0,0,0,0,0,0,35000,0,0,0,35000,0,35000,35000
046516,TPK元大92購03   ,0,0,0,0,0,0,0,0,0,35000,0,0,0,35000,0,35000,35000
048449,強茂凱基93購03  ,0,0,0,0,0,0,0,0,0,35000,0,0,0,66000,31000,35000,35000
047380,統一元大93購01  ,0,0,0,0,0,0,0,0,0,35000,0,0,0,81000,46000,35000,35000
05124P,華新科富邦97售02,0,0,0,0,0,0,0,0,0,35000,0,0,0,37000,2000,35000,35000
051503,玉晶光統一97購01,0,0,0,0,0,0,0,0,0,35000,0,0,0,35000,0,35000,35000
052346,訊芯凱基95購01  ,0,0,0,0,0,0,0,0,0,35000,0,0,0,35000,0,35000,35000
05202P,鴻海元大95售16  ,0,0,0,0,0,0,0,0,0,35000,0,0,0,60000,25000,35000,35000
051667,光磊元大96購02  ,0,0,0,0,0,0,0,0,0,35000,0,0,0,35000,0,35000,35000
051994,瀚宇博元大96購01,0,0,0,0,0,0,0,0,0,35000,0,0,0,88000,53000,35000,35000
051866,聯發科凱基96購05,0,0,0,0,0,0,0,0,0,35000,0,0,0,39000,4000,35000,35000
049716,台積電凱基94購24,0,0,0,0,0,0,0,0,0,35000,0,0,0,36000,1000,35000,35000
049971,台郡國票95購01  ,30000,30000,0,0,0,0,0,0,0,35000,0,0,0,100000,65000,35000,35000
050008,超眾永豐94購02  ,0,0,0,0,0,0,0,0,0,35000,0,0,0,35000,0,35000,35000
05013P,台積電元大96售05,0,0,0,0,0,0,0,0,0,35000,0,0,0,146000,111000,35000,35000
050844,大立光國票96購01,30000,0,30000,0,0,0,0,0,0,5000,0,0,0,45000,40000,5000,35000
8110,華東            ,271000,219000,52000,0,0,0,0,0,0,-17000,14000,31000,-17000,0,0,0,35000
2380,虹光            ,35000,0,35000,0,0,0,0,0,0,0,0,0,0,0,0,0,35000
05298P,上銀元大95售03  ,0,0,0,0,0,0,0,0,0,34000,0,0,0,35000,1000,34000,34000
052901,台達電國票97購01,0,0,0,0,0,0,0,0,0,34000,0,0,0,34000,0,34000,34000
052909,上銀統一96購01  ,0,0,0,0,0,0,0,0,0,34000,0,0,0,86000,52000,34000,34000
053421,南亞科永豐96購01,0,0,0,0,0,0,0,0,0,34000,0,0,0,34000,0,34000,34000
03414B,臺股指凱基99熊01,0,0,0,0,0,0,0,0,0,34000,0,0,0,468000,434000,34000,34000
044364,超眾中信94購01  ,0,0,0,0,0,0,0,0,0,34000,0,0,0,292000,258000,34000,34000
044965,大立光中信95購01,0,0,0,0,0,0,0,0,0,34000,0,0,0,65000,31000,34000,34000
049059,超眾永豐94購01  ,0,0,0,0,0,0,0,0,0,34000,0,0,0,44000,10000,34000,34000
049806,臺企銀元大94購01,0,0,0,0,0,0,0,0,0,34000,0,0,0,151000,117000,34000,34000
048693,GIS群益94購02   ,0,0,0,0,0,0,0,0,0,34000,0,0,0,80000,46000,34000,34000
047815,大立光凱基93購25,0,0,0,0,0,0,0,0,0,34000,0,0,0,34000,0,34000,34000
047975,緯創兆豐93購01  ,0,0,0,0,0,0,0,0,0,34000,0,0,0,35000,1000,34000,34000
046432,宏達電中信94購01,0,0,0,0,0,0,0,0,0,34000,0,0,0,37000,3000,34000,34000
050953,臻鼎群益95購01  ,0,0,0,0,0,0,0,0,0,34000,0,0,0,37000,3000,34000,34000
050291,聯發科凱基94購16,0,0,0,0,0,0,0,0,0,34000,0,0,0,54000,20000,34000,34000
05009P,大立光元富95售06,0,0,0,0,0,0,0,0,0,34000,0,0,0,34000,0,34000,34000
04993P,上銀兆豐96售01  ,0,0,0,0,0,0,0,0,0,34000,0,0,0,36000,2000,34000,34000
051647,華新科永豐95購02,0,0,0,0,0,0,0,0,0,34000,0,0,0,110000,76000,34000,34000
2425,承啟            ,98000,63000,35000,0,0,0,0,0,0,-1000,0,1000,-1000,0,0,0,34000
05567P,致伸群益96售01  ,0,0,0,0,0,0,0,0,0,34000,0,0,0,50000,16000,34000,34000
05805P,義隆永豐96售02  ,0,0,0,0,0,0,0,0,0,34000,0,0,0,34000,0,34000,34000
05919P,京鼎元大96售03  ,0,0,0,0,0,0,0,0,0,34000,0,0,0,35000,1000,34000,34000
4967,十銓            ,107000,73000,34000,0,0,0,0,0,0,0,0,0,0,0,0,0,34000
6456,GIS-KY          ,429000,374000,55000,0,0,0,0,0,0,-21000,0,22000,-22000,45000,44000,1000,34000
053066,欣興群益96購02  ,0,0,0,0,0,0,0,0,0,33000,0,0,0,33000,0,33000,33000
052891,台泥群益96購01  ,0,0,0,0,0,0,0,0,0,33000,0,0,0,33000,0,33000,33000
052387,台積電群益95購08,0,0,0,0,0,0,0,0,0,33000,0,0,0,238000,205000,33000,33000
054559,台光電群益99購01,0,0,0,0,0,0,0,0,0,33000,0,0,0,33000,0,33000,33000
053889,致茂群益97購01  ,0,0,0,0,0,0,0,0,0,33000,0,0,0,62000,29000,33000,33000
053941,國巨國泰96購05  ,0,0,0,0,0,0,0,0,0,33000,0,0,0,70000,37000,33000,33000
045669,華通元大93購02  ,0,0,0,0,0,0,0,0,0,33000,0,0,0,61000,28000,33000,33000
045384,強茂元大92購01  ,0,0,0,0,0,0,0,0,0,33000,0,0,0,136000,103000,33000,33000
03126P,旭富凱基01售04  ,0,0,0,0,0,0,0,0,0,33000,0,0,0,33000,0,33000,33000
03027X,元展24          ,0,0,0,0,0,0,0,0,0,33000,0,0,0,33000,0,33000,33000
03959P,義隆元富96售01  ,0,0,0,0,0,0,0,0,0,33000,0,0,0,33000,0,33000,33000
047896,京元電群益93購01,0,0,0,0,0,0,0,0,0,33000,0,0,0,53000,20000,33000,33000
046735,聯發科國票93購01,0,0,0,0,0,0,0,0,0,33000,0,0,0,36000,3000,33000,33000
049607,台積電兆豐94購04,0,0,0,0,0,0,0,0,0,33000,0,0,0,75000,42000,33000,33000
046695,瑞昱凱基93購03  ,0,0,0,0,0,0,0,0,0,33000,0,0,0,33000,0,33000,33000
047442,聯詠元大93購09  ,0,0,0,0,0,0,0,0,0,33000,0,0,0,72000,39000,33000,33000
051480,大立光凱基97購01,0,0,0,0,0,0,0,0,0,33000,0,0,0,35000,2000,33000,33000
05128P,聯發科中信97售03,0,0,0,0,0,0,0,0,0,33000,0,0,0,53000,20000,33000,33000
05197P,智原永豐95售02  ,0,0,0,0,0,0,0,0,0,33000,0,0,0,44000,11000,33000,33000
051797,卜蜂永豐95購01  ,0,0,0,0,0,0,0,0,0,33000,0,0,0,33000,0,33000,33000
050402,緯穎中信96購01  ,0,0,0,0,0,0,0,0,0,33000,0,0,0,76000,43000,33000,33000
050375,矽創元大94購02  ,0,0,0,0,0,0,0,0,0,33000,0,0,0,47000,14000,33000,33000
050599,美食麥證94購01  ,0,0,0,33000,0,33000,0,0,0,33000,0,0,0,33000,0,33000,33000
050671,超眾永豐94購04  ,0,0,0,0,0,0,0,0,0,33000,0,0,0,41000,8000,33000,33000
6592,和潤企業        ,31000,8000,23000,0,0,0,0,0,0,10000,10000,0,10000,0,0,0,33000
6142,友勁            ,6000,0,6000,0,0,0,0,0,0,27000,27000,0,27000,0,0,0,33000
05894P,友達群益98售02  ,0,0,0,0,0,0,0,0,0,33000,0,0,0,133000,100000,33000,33000
06080P,景碩群益98售02  ,0,0,0,0,0,0,0,0,0,33000,0,0,0,33000,0,33000,33000
05707P,中磊永豐96售01  ,0,0,0,0,0,0,0,0,0,33000,0,0,0,33000,0,33000,33000
05592P,可成群益96售03  ,0,0,0,0,0,0,0,0,0,33000,0,0,0,45000,12000,33000,33000
2882B,國泰金乙特      ,0,0,0,0,0,0,0,0,0,33000,30000,0,30000,3000,0,3000,33000
05414P,台表科國票96售02,0,0,0,0,0,0,0,0,0,32000,0,0,0,32000,0,32000,32000
054699,復盛永豐97購01  ,0,0,0,0,0,0,0,0,0,32000,0,0,0,98000,66000,32000,32000
052541,大立光統一95購06,0,0,0,0,0,0,0,0,0,32000,0,0,0,60000,28000,32000,32000
052535,日月光國泰96購01,0,0,0,0,0,0,0,0,0,32000,0,0,0,81000,49000,32000,32000
052912,日月光統一96購01,0,0,0,0,0,0,0,0,0,32000,0,0,0,80000,48000,32000,32000
053277,大立光元大96購04,0,0,0,0,0,0,0,0,0,32000,0,0,0,32000,0,32000,32000
053597,牧德元大99購01  ,0,0,0,0,0,0,0,0,0,32000,0,0,0,115000,83000,32000,32000
03786P,鴻海群益94售02  ,0,0,0,0,0,0,0,0,0,32000,0,0,0,32000,0,32000,32000
00865B,國泰US短期公債  ,0,0,0,0,0,0,0,0,0,32000,0,0,0,37000,5000,32000,32000
045383,大毅元大92購01  ,0,0,0,0,0,0,0,0,0,32000,0,0,0,32000,0,32000,32000
04517P,宏達電群益95售01,0,0,0,0,0,0,0,0,0,32000,0,0,0,183000,151000,32000,32000
04420P,奇鋐永豐94售01  ,0,0,0,0,0,0,0,0,0,32000,0,0,0,32000,0,32000,32000
048095,大立光凱基93購32,0,0,0,0,0,0,0,0,0,32000,0,0,0,32000,0,32000,32000
04987P,昇陽半永豐94售04,0,0,0,0,0,0,0,0,0,32000,0,0,0,32000,0,32000,32000
048642,聯發科元大94購02,0,0,0,0,0,0,0,0,0,32000,0,0,0,54000,22000,32000,32000
048661,瑞昱統一93購05  ,0,0,0,0,0,0,0,0,0,32000,0,0,0,239000,207000,32000,32000
049026,晶相光群益94購01,0,0,0,0,0,0,0,0,0,32000,0,0,0,111000,79000,32000,32000
047503,T50反1國票93購03,0,0,0,0,0,0,0,0,0,32000,0,0,0,73000,41000,32000,32000
050690,台達電凱基96購01,0,0,0,0,0,0,0,0,0,32000,0,0,0,32000,0,32000,32000
050704,復盛凱基94購03  ,0,0,0,0,0,0,0,0,0,32000,0,0,0,43000,11000,32000,32000
05089P,亞德客元大95售01,0,0,0,0,0,0,0,0,0,32000,0,0,0,40000,8000,32000,32000
051973,華新科凱基96購04,0,0,0,0,0,0,0,0,0,32000,0,0,0,33000,1000,32000,32000
051461,聯詠國泰96購01  ,0,0,0,0,0,0,0,0,0,32000,0,0,0,407000,375000,32000,32000
051635,大立光國票96購04,0,0,0,0,0,0,0,0,0,32000,0,0,0,32000,0,32000,32000
051532,潤泰全國票96購01,0,0,0,0,0,0,0,0,0,32000,0,0,0,32000,0,32000,32000
05939P,聯發科凱基96售20,0,0,0,0,0,0,0,0,0,32000,0,0,0,39000,7000,32000,32000
05991P,聯茂群益96售05  ,0,0,0,0,0,0,0,0,0,32000,0,0,0,63000,31000,32000,32000
4119,旭富            ,56000,23000,33000,0,0,0,0,0,0,-1000,0,0,0,1000,2000,-1000,32000
8463,潤泰材          ,73000,41000,32000,0,0,0,0,0,0,0,0,0,0,0,0,0,32000
053221,彩晶凱基98購01  ,0,0,0,0,0,0,0,0,0,31000,0,0,0,161000,130000,31000,31000
053076,貿聯永豐96購01  ,0,0,0,0,0,0,0,0,0,31000,0,0,0,245000,214000,31000,31000
052967,智邦群益96購01  ,0,0,0,0,0,0,0,0,0,31000,0,0,0,135000,104000,31000,31000
052944,宏達電國票97購01,0,0,0,0,0,0,0,0,0,31000,0,0,0,41000,10000,31000,31000
052552,智邦國票97購01  ,0,0,0,0,0,0,0,0,0,31000,0,0,0,31000,0,31000,31000
054560,全新群益98購03  ,0,0,0,0,0,0,0,0,0,31000,0,0,0,42000,11000,31000,31000
054238,聯茂群益96購04  ,0,0,0,0,0,0,0,0,0,31000,0,0,0,51000,20000,31000,31000
054232,台積電群益96購12,0,0,0,0,0,0,0,0,0,31000,0,0,0,31000,0,31000,31000
05392P,鴻海統一95售13  ,0,0,0,0,0,0,0,0,0,31000,0,0,0,35000,4000,31000,31000
053818,富邦金群益98購01,0,0,0,0,0,0,0,0,0,31000,0,0,0,31000,0,31000,31000
044463,全新兆豐93購01  ,0,0,0,0,0,0,0,0,0,31000,0,0,0,41000,10000,31000,31000
042983,亞光凱基92購01  ,0,0,0,0,0,0,0,0,0,31000,0,0,0,61000,30000,31000,31000
04034P,技嘉群益93售03  ,0,0,0,0,0,0,0,0,0,31000,0,0,0,31000,0,31000,31000
044576,禾伸堂凱基91購03,0,0,0,0,0,0,0,0,0,31000,0,0,0,51000,20000,31000,31000
045465,冠德元大92購01  ,0,0,0,0,0,0,0,0,0,31000,0,0,0,31000,0,31000,31000
048687,旺宏群益96購01  ,0,0,0,0,0,0,0,0,0,31000,0,0,0,31000,0,31000,31000
047118,欣興元大93購06  ,0,0,0,0,0,0,0,0,0,31000,0,0,0,41000,10000,31000,31000
04692P,大立光群益94售06,0,0,0,0,0,0,0,0,0,31000,0,0,0,92000,61000,31000,31000
046223,華通元大92購04  ,0,0,0,0,0,0,0,0,0,31000,0,0,0,31000,0,31000,31000
048377,燿華元富93購01  ,0,0,0,0,0,0,0,0,0,31000,0,0,0,31000,0,31000,31000
048371,華固統一93購02  ,0,0,0,0,0,0,0,0,0,31000,0,0,0,31000,0,31000,31000
048144,華固統一93購01  ,0,0,0,0,0,0,0,0,0,31000,0,0,0,31000,0,31000,31000
051424,緯穎國票97購01  ,0,0,0,0,0,0,0,0,0,31000,0,0,0,31000,0,31000,31000
051274,華新科亞東96購01,0,0,0,0,0,0,0,0,0,31000,0,0,0,40000,9000,31000,31000
052137,台表科凱基96購02,0,0,0,0,0,0,0,0,0,31000,0,0,0,87000,56000,31000,31000
050948,華固群益95購01  ,0,0,0,0,0,0,0,0,0,31000,0,0,0,31000,0,31000,31000
050314,晶技兆豐94購01  ,0,0,0,0,0,0,0,0,0,31000,0,0,0,31000,0,31000,31000
050334,鴻海國泰96購07  ,0,0,0,0,0,0,0,0,0,31000,0,0,0,81000,50000,31000,31000
049785,華新科兆豐95購01,0,0,0,0,0,0,0,0,0,31000,0,0,0,275000,244000,31000,31000
05940P,聯發科凱基96售21,0,0,0,0,0,0,0,0,0,31000,0,0,0,31000,0,31000,31000
05870P,聯發科凱基96售19,0,0,0,0,0,0,0,0,0,31000,0,0,0,31000,0,31000,31000
053846,友達元富99購02  ,0,0,0,0,0,0,0,0,0,30000,0,0,0,50000,20000,30000,30000
053778,旺宏元大97購03  ,0,0,0,0,0,0,0,0,0,30000,0,0,0,223000,193000,30000,30000
054219,楠梓電統一97購01,0,0,0,0,0,0,0,0,0,30000,0,0,0,30000,0,30000,30000
054153,宏達電國泰97購01,0,0,0,0,0,0,0,0,0,30000,0,0,0,75000,45000,30000,30000
054194,國巨麥證96購02  ,0,0,0,54000,50000,4000,0,0,0,30000,0,0,0,94000,64000,30000,30000
054387,台積電統一98購02,0,0,0,0,0,0,0,0,0,30000,0,0,0,355000,325000,30000,30000
054413,台光電元大96購03,0,0,0,0,0,0,0,0,0,30000,0,0,0,64000,34000,30000,30000
054669,凌華元富97購01  ,0,0,0,0,0,0,0,0,0,30000,0,0,0,30000,0,30000,30000
052613,易華電元大96購01,0,0,0,0,0,0,0,0,0,30000,0,0,0,30000,0,30000,30000
052413,上証反中信97購01,0,0,0,0,0,0,0,0,0,30000,0,0,0,30000,0,30000,30000
052429,禾伸堂永豐95購02,0,0,0,0,0,0,0,0,0,30000,0,0,0,118000,88000,30000,30000
052972,義隆群益96購04  ,0,0,0,0,0,0,0,0,0,30000,0,0,0,30000,0,30000,30000
05271P,國巨富邦97售01  ,0,0,0,0,0,0,0,0,0,30000,0,0,0,30000,0,30000,30000
053114,聯茂兆豐97購01  ,0,0,0,0,0,0,0,0,0,30000,0,0,0,30000,0,30000,30000
053521,緯穎群益96購02  ,0,0,0,0,0,0,0,0,0,30000,0,0,0,128000,98000,30000,30000
04462P,全新元富96售01  ,0,0,0,0,0,0,0,0,0,30000,0,0,0,30000,0,30000,30000
040039,上証2X元大91購01,0,0,0,0,0,0,0,0,0,30000,0,0,0,30000,0,30000,30000
04161P,全新國泰94售01  ,0,0,0,0,0,0,0,0,0,30000,0,0,0,60000,30000,30000,30000
04052P,上銀國泰94售01  ,0,0,0,0,0,0,0,0,0,30000,0,0,0,30000,0,30000,30000
03943P,可成群益93售01  ,0,0,0,0,0,0,0,0,0,30000,0,0,0,30000,0,30000,30000
04313P,國巨元富95售03  ,0,0,0,0,0,0,0,0,0,30000,0,0,0,30000,0,30000,30000
03415P,臺股指元大03售07,0,0,0,0,0,0,0,0,0,30000,0,0,0,30000,0,30000,30000
03482P,緯穎群益03售01  ,0,0,0,0,0,0,0,0,0,30000,0,0,0,30000,0,30000,30000
00830,國泰費城半導體  ,0,0,0,0,0,0,0,0,0,30000,0,0,0,318000,288000,30000,30000
03719P,矽創永豐93售01  ,0,0,0,0,0,0,0,0,0,30000,0,0,0,30000,0,30000,30000
044469,華固群益91購01  ,0,0,0,0,0,0,0,0,0,30000,0,0,0,30000,0,30000,30000
044424,儒鴻國泰92購01  ,0,0,0,0,0,0,0,0,0,30000,0,0,0,205000,175000,30000,30000
044219,智原凱基91購03  ,0,0,0,0,0,0,0,0,0,30000,0,0,0,40000,10000,30000,30000
044285,鴻海凱基93購06  ,0,0,0,0,0,0,0,0,0,30000,0,0,0,30000,0,30000,30000
044329,日月光元富91購01,0,0,0,0,0,0,0,0,0,30000,0,0,0,30000,0,30000,30000
044316,聯詠永豐91購03  ,0,0,0,0,0,0,0,0,0,30000,0,0,0,30000,0,30000,30000
044748,貿聯群益91購02  ,0,0,0,0,0,0,0,0,0,30000,0,0,0,30000,0,30000,30000
043848,日月光國泰92購01,0,0,0,0,0,0,0,0,0,30000,0,0,0,47000,17000,30000,30000
045151,大立光凱基93購02,0,0,0,0,0,0,0,0,0,30000,0,0,0,30000,0,30000,30000
045225,群創元大92購03  ,0,0,0,0,0,0,0,0,0,30000,0,0,0,30000,0,30000,30000
045389,TPK元大93購03   ,0,0,0,0,0,0,0,0,0,30000,0,0,0,30000,0,30000,30000
045090,瀚宇博元大93購01,0,0,0,0,0,0,0,0,0,30000,0,0,0,30000,0,30000,30000
048970,裕民元大94購01  ,0,0,0,0,0,0,0,0,0,30000,0,0,0,40000,10000,30000,30000
048573,世紀鋼元大93購05,0,0,0,0,0,0,0,0,0,30000,0,0,0,30000,0,30000,30000
046604,康控群益93購02  ,0,0,0,0,0,0,0,0,0,30000,0,0,0,35000,5000,30000,30000
048818,台達電凱基94購01,0,0,0,0,0,0,0,0,0,30000,0,0,0,40000,10000,30000,30000
048326,滬深2X國泰94購03,0,0,0,0,0,0,0,0,0,30000,0,0,0,30000,0,30000,30000
04654P,臺股指凱基94售13,0,0,0,0,0,0,0,0,0,30000,0,0,0,90000,60000,30000,30000
046273,和碩凱基92購02  ,0,0,0,0,0,0,0,0,0,30000,0,0,0,30000,0,30000,30000
046110,中環元大92購01  ,0,0,0,0,0,0,0,0,0,30000,0,0,0,30000,0,30000,30000
046141,康控統一92購02  ,0,0,0,0,0,0,0,0,0,30000,0,0,0,30000,0,30000,30000
049085,揚明光凱基94購03,0,0,0,0,0,0,0,0,0,30000,0,0,0,30000,0,30000,30000
049379,智原元大95購01  ,0,0,0,0,0,0,0,0,0,30000,0,0,0,100000,70000,30000,30000
049896,聯發科統一94購06,0,0,0,0,0,0,0,0,0,30000,0,0,0,30000,0,30000,30000
049642,鴻海凱基94購16  ,0,0,0,0,0,0,0,0,0,30000,0,0,0,36000,6000,30000,30000
049636,上証反凱基9A購01,0,0,0,0,0,0,0,0,0,30000,0,0,0,30000,0,30000,30000
046755,瑞昱凱基93購05  ,0,0,0,0,0,0,0,0,0,30000,0,0,0,40000,10000,30000,30000
048623,世紀鋼凱基94購03,0,0,0,0,0,0,0,0,0,30000,0,0,0,30000,0,30000,30000
047221,日月光麥證93購01,0,0,0,30000,0,30000,0,0,0,30000,0,0,0,30000,0,30000,30000
048298,華通麥證94購01  ,0,0,0,30000,0,30000,0,0,0,30000,0,0,0,30000,0,30000,30000
048284,臺股指中信95購04,0,0,0,0,0,0,0,0,0,30000,0,0,0,32000,2000,30000,30000
048730,智原麥證94購01  ,0,0,0,30000,0,30000,0,0,0,30000,0,0,0,30000,0,30000,30000
047742,友達統一93購04  ,0,0,0,0,0,0,0,0,0,30000,0,0,0,30000,0,30000,30000
047710,聯發科凱基93購21,0,0,0,0,0,0,0,0,0,30000,0,0,0,80000,50000,30000,30000
047708,聯發科凱基93購17,0,0,0,0,0,0,0,0,0,30000,0,0,0,40000,10000,30000,30000
047298,聯茂元富96購01  ,0,0,0,0,0,0,0,0,0,30000,0,0,0,30000,0,30000,30000
049946,智邦兆豐95購01  ,0,0,0,0,0,0,0,0,0,30000,0,0,0,30000,0,30000,30000
049504,臺股指元大94購15,0,0,0,0,0,0,0,0,0,30000,0,0,0,39000,9000,30000,30000
049315,上緯控凱基94購03,0,0,0,0,0,0,0,0,0,30000,0,0,0,30000,0,30000,30000
050245,大立光凱基94購12,0,0,0,0,0,0,0,0,0,30000,0,0,0,31000,1000,30000,30000
050039,鴻海中信94購03  ,0,0,0,0,0,0,0,0,0,30000,0,0,0,30000,0,30000,30000
050409,華通永豐94購01  ,0,0,0,0,0,0,0,0,0,30000,0,0,0,30000,0,30000,30000
050449,宏達電元大95購03,0,0,0,0,0,0,0,0,0,30000,0,0,0,30000,0,30000,30000
050453,創意元大95購03  ,0,0,0,0,0,0,0,0,0,30000,0,0,0,30000,0,30000,30000
050560,聯詠統一94購02  ,0,0,0,0,0,0,0,0,0,30000,0,0,0,340000,310000,30000,30000
050543,聯發科凱基95購01,0,0,0,0,0,0,0,0,0,30000,0,0,0,98000,68000,30000,30000
050950,健鼎群益96購01  ,0,0,0,0,0,0,0,0,0,30000,0,0,0,40000,10000,30000,30000
05098P,鴻海凱基95售15  ,0,0,0,0,0,0,0,0,0,30000,0,0,0,30000,0,30000,30000
050991,元油2X元大96購04,0,0,0,0,0,0,0,0,0,30000,0,0,0,100000,70000,30000,30000
050712,和碩中信94購01  ,0,0,0,0,0,0,0,0,0,30000,0,0,0,30000,0,30000,30000
050721,台泥國票94購01  ,0,0,0,0,0,0,0,0,0,30000,0,0,0,30000,0,30000,30000
050760,矽力元富94購03  ,0,0,0,0,0,0,0,0,0,30000,0,0,0,80000,50000,30000,30000
052241,台郡國票96購01  ,0,0,0,0,0,0,0,0,0,30000,0,0,0,40000,10000,30000,30000
051977,泰碩凱基95購01  ,0,0,0,0,0,0,0,0,0,30000,0,0,0,100000,70000,30000,30000
051982,深中小元大95購01,0,0,0,0,0,0,0,0,0,30000,0,0,0,30000,0,30000,30000
05192P,玉晶光台新96售02,0,0,0,0,0,0,0,0,0,30000,0,0,0,41000,11000,30000,30000
051788,奇力新國票97購02,0,0,0,0,0,0,0,0,0,30000,0,0,0,84000,54000,30000,30000
051822,和碩元富95購01  ,0,0,0,0,0,0,0,0,0,30000,0,0,0,30000,0,30000,30000
051285,鴻海統一95購07  ,0,0,0,0,0,0,0,0,0,30000,0,0,0,50000,20000,30000,30000
051207,聯茂麥證95購01  ,0,0,0,40000,10000,30000,0,0,0,30000,0,0,0,40000,10000,30000,30000
051483,玉晶光凱基96購02,0,0,0,0,0,0,0,0,0,30000,0,0,0,55000,25000,30000,30000
051341,訊連永豐95購02  ,0,0,0,0,0,0,0,0,0,30000,0,0,0,30000,0,30000,30000
051387,新光金麥證96購01,0,0,0,50000,20000,30000,0,0,0,30000,0,0,0,50000,20000,30000,30000
051634,大立光國票96購03,0,0,0,0,0,0,0,0,0,30000,0,0,0,45000,15000,30000,30000
06016P,京元電凱基96售03,0,0,0,0,0,0,0,0,0,30000,0,0,0,30000,0,30000,30000
06094P,台達電中信97售01,0,0,0,0,0,0,0,0,0,30000,0,0,0,30000,0,30000,30000
05599P,欣興台新96售01  ,0,0,0,0,0,0,0,0,0,30000,0,0,0,43000,13000,30000,30000
05519P,上証2X凱基98售01,0,0,0,0,0,0,0,0,0,30000,0,0,0,30000,0,30000,30000
05765P,臺股指永豐96售01,0,0,0,0,0,0,0,0,0,30000,0,0,0,90000,60000,30000,30000
05276P,GIS永豐95售02   ,0,0,0,0,0,0,0,0,0,29000,0,0,0,29000,0,29000,29000
053666,臺股指凱基96購29,0,0,0,0,0,0,0,0,0,29000,0,0,0,29000,0,29000,29000
00654R,富邦印度反1     ,0,0,0,0,0,0,0,0,0,29000,0,0,0,29000,0,29000,29000
042681,嘉聯益元大92購01,0,0,0,0,0,0,0,0,0,29000,0,0,0,30000,1000,29000,29000
047917,台積電凱基94購01,0,0,0,0,0,0,0,0,0,29000,0,0,0,54000,25000,29000,29000
048634,華通元大94購01  ,0,0,0,0,0,0,0,0,0,29000,0,0,0,176000,147000,29000,29000
046003,欣興統一92購02  ,0,0,0,0,0,0,0,0,0,29000,0,0,0,30000,1000,29000,29000
049886,華通永昌95購01  ,0,0,0,0,0,0,0,0,0,29000,0,0,0,49000,20000,29000,29000
047352,和鑫凱基94購02  ,0,0,0,0,0,0,0,0,0,29000,0,0,0,29000,0,29000,29000
047388,京元電元大95購01,0,0,0,0,0,0,0,0,0,29000,0,0,0,107000,78000,29000,29000
051898,富邦金國泰97購01,0,0,0,0,0,0,0,0,0,29000,0,0,0,29000,0,29000,29000
050483,樺漢國票94購01  ,0,0,0,0,0,0,0,0,0,29000,0,0,0,29000,0,29000,29000
050595,緯穎永豐94購03  ,0,0,0,0,0,0,0,0,0,29000,0,0,0,29000,0,29000,29000
049497,茂林元大94購04  ,0,0,0,0,0,0,0,0,0,29000,0,0,0,29000,0,29000,29000
04997P,燿華台新95售02  ,0,0,0,0,0,0,0,0,0,29000,0,0,0,29000,0,29000,29000
06103P,漢唐凱基97售02  ,0,0,0,0,0,0,0,0,0,29000,0,0,0,29000,0,29000,29000
2388,威盛            ,122000,90000,32000,0,0,0,0,0,0,-3000,0,3000,-3000,0,0,0,29000
6192,巨路            ,52000,22000,30000,0,0,0,0,0,0,-1000,0,1000,-1000,0,0,0,29000
053783,聯發科元大96購17,0,0,0,0,0,0,0,0,0,28000,0,0,0,258000,230000,28000,28000
054646,華新科群益97購03,0,0,0,0,0,0,0,0,0,28000,0,0,0,160000,132000,28000,28000
053551,可成凱基96購05  ,0,0,0,0,0,0,0,0,0,28000,0,0,0,206000,178000,28000,28000
053641,正文永豐96購01  ,0,0,0,0,0,0,0,0,0,28000,0,0,0,78000,50000,28000,28000
044666,創意國泰93購01  ,0,0,0,0,0,0,0,0,0,28000,0,0,0,28000,0,28000,28000
03921P,亞光凱基94售01  ,0,0,0,0,0,0,0,0,0,28000,0,0,0,33000,5000,28000,28000
047866,得力永豐93購01  ,0,0,0,0,0,0,0,0,0,28000,0,0,0,51000,23000,28000,28000
045277,瑞儀統一92購01  ,0,0,0,0,0,0,0,0,0,28000,0,0,0,84000,56000,28000,28000
047321,日月光元大93購03,0,0,0,0,0,0,0,0,0,28000,0,0,0,30000,2000,28000,28000
045966,聯詠凱基92購07  ,0,0,0,0,0,0,0,0,0,28000,0,0,0,48000,20000,28000,28000
046885,卜蜂群益93購01  ,0,0,0,0,0,0,0,0,0,28000,0,0,0,28000,0,28000,28000
047072,義隆兆豐94購01  ,0,0,0,0,0,0,0,0,0,28000,0,0,0,28000,0,28000,28000
047080,仁寶康和93購01  ,0,0,0,0,0,0,0,0,0,28000,0,0,0,28000,0,28000,28000
050568,為升中信97購01  ,0,0,0,0,0,0,0,0,0,28000,0,0,0,28000,0,28000,28000
050771,華新科元大94購06,0,0,0,0,0,0,0,0,0,28000,0,0,0,54000,26000,28000,28000
051875,聯發科兆豐95購04,0,0,0,0,0,0,0,0,0,28000,0,0,0,30000,2000,28000,28000
052154,緯創台新95購01  ,0,0,0,0,0,0,0,0,0,28000,0,0,0,28000,0,28000,28000
3661,世芯-KY         ,983000,618000,365000,0,0,0,0,119000,-119000,-218000,35000,286000,-251000,42000,9000,33000,28000
06085P,義隆台新97售01  ,0,0,0,0,0,0,0,0,0,28000,0,0,0,28000,0,28000,28000
053230,達方台新97購01  ,0,0,0,0,0,0,0,0,0,27000,0,0,0,45000,18000,27000,27000
053200,華邦電日盛96購01,0,0,0,0,0,0,0,0,0,27000,0,0,0,394000,367000,27000,27000
052701,群創國票96購01  ,0,0,0,0,0,0,0,0,0,27000,0,0,0,27000,0,27000,27000
052561,矽創國票97購01  ,0,0,0,0,0,0,0,0,0,27000,0,0,0,27000,0,27000,27000
054401,康普永豐96購01  ,0,0,0,0,0,0,0,0,0,27000,0,0,0,27000,0,27000,27000
045410,華邦電群益94購01,0,0,0,0,0,0,0,0,0,27000,0,0,0,29000,2000,27000,27000
04542P,致伸永豐94售01  ,0,0,0,0,0,0,0,0,0,27000,0,0,0,100000,73000,27000,27000
044853,亞光國泰93購01  ,0,0,0,0,0,0,0,0,0,27000,0,0,0,229000,202000,27000,27000
04472P,中環元大94售01  ,0,0,0,0,0,0,0,0,0,27000,0,0,0,27000,0,27000,27000
048652,巨大元大96購01  ,0,0,0,0,0,0,0,0,0,27000,0,0,0,27000,0,27000,27000
047537,聯發科日盛93購01,0,0,0,0,0,0,0,0,0,27000,0,0,0,157000,130000,27000,27000
047685,嘉聯益國泰95購01,0,0,0,0,0,0,0,0,0,27000,0,0,0,193000,166000,27000,27000
047781,上銀國泰94購02  ,0,0,0,0,0,0,0,0,0,27000,0,0,0,59000,32000,27000,27000
048824,聯發科凱基94購03,0,0,0,0,0,0,0,0,0,27000,0,0,0,117000,90000,27000,27000
052323,矽力元大95購04  ,0,0,0,0,0,0,0,0,0,27000,0,0,0,123000,96000,27000,27000
051965,傳奇永豐95購01  ,0,0,0,0,0,0,0,0,0,27000,0,0,0,27000,0,27000,27000
051717,祥碩康和95購01  ,0,0,0,0,0,0,0,0,0,27000,0,0,0,93000,66000,27000,27000
051585,美食元大95購01  ,0,0,0,0,0,0,0,0,0,27000,0,0,0,134000,107000,27000,27000
051025,晶華統一95購01  ,0,0,0,0,0,0,0,0,0,27000,0,0,0,58000,31000,27000,27000
05074P,鴻海麥證95售01  ,0,0,0,27000,0,27000,0,0,0,27000,0,0,0,27000,0,27000,27000
05056P,訊芯群益95售01  ,0,0,0,0,0,0,0,0,0,27000,0,0,0,27000,0,27000,27000
050614,聯發科元大95購04,0,0,0,0,0,0,0,0,0,27000,0,0,0,120000,93000,27000,27000
050009,昇陽半永豐94購02,0,0,0,0,0,0,0,0,0,27000,0,0,0,60000,33000,27000,27000
049220,聯發科國票95購02,0,0,0,0,0,0,0,0,0,27000,0,0,0,426000,399000,27000,27000
2706,第一店          ,28000,1000,27000,0,0,0,0,0,0,0,0,0,0,0,0,0,27000
1439,中和            ,35000,8000,27000,0,0,0,0,0,0,0,0,0,0,0,0,0,27000
1517,利奇            ,27000,0,27000,0,0,0,0,0,0,0,0,0,0,0,0,0,27000
05439P,聯發科國票95售06,0,0,0,0,0,0,0,0,0,26000,0,0,0,26000,0,26000,26000
052975,嘉聯益群益96購01,0,0,0,0,0,0,0,0,0,26000,0,0,0,144000,118000,26000,26000
053192,創意統一96購01  ,0,0,0,0,0,0,0,0,0,26000,0,0,0,159000,133000,26000,26000
044318,群創永豐91購01  ,0,0,0,0,0,0,0,0,0,26000,0,0,0,62000,36000,26000,26000
044950,玉晶光群益94購01,0,0,0,0,0,0,0,0,0,26000,0,0,0,33000,7000,26000,26000
044515,禾伸堂凱基91購02,0,0,0,0,0,0,0,0,0,26000,0,0,0,47000,21000,26000,26000
040380,SP黃豆元富95購02,0,0,0,0,0,0,0,0,0,26000,0,0,0,26000,0,26000,26000
048122,台達電元大96購02,0,0,0,0,0,0,0,0,0,26000,0,0,0,26000,0,26000,26000
048452,緯創凱基93購04  ,0,0,0,0,0,0,0,0,0,26000,0,0,0,28000,2000,26000,26000
048481,瑞儀中信93購01  ,0,0,0,0,0,0,0,0,0,26000,0,0,0,113000,87000,26000,26000
047519,台達電元大93購02,0,0,0,0,0,0,0,0,0,26000,0,0,0,26000,0,26000,26000
047007,大立光統一93購05,0,0,0,0,0,0,0,0,0,26000,0,0,0,82000,56000,26000,26000
045999,華通統一92購02  ,0,0,0,0,0,0,0,0,0,26000,0,0,0,26000,0,26000,26000
050325,台積電永豐94購05,0,0,0,0,0,0,0,0,0,26000,0,0,0,121000,95000,26000,26000
051654,致新永豐95購01  ,0,0,0,0,0,0,0,0,0,26000,0,0,0,55000,29000,26000,26000
051362,台郡元大95購04  ,0,0,0,0,0,0,0,0,0,26000,0,0,0,40000,14000,26000,26000
052003,泰碩國泰97購02  ,0,0,0,0,0,0,0,0,0,26000,0,0,0,146000,120000,26000,26000
051918,聯茂元大95購01  ,0,0,0,0,0,0,0,0,0,26000,0,0,0,307000,281000,26000,26000
05638P,國巨統一96售04  ,0,0,0,0,0,0,0,0,0,26000,0,0,0,1487000,1461000,26000,26000
05669P,嘉晶永豐96售03  ,0,0,0,0,0,0,0,0,0,26000,0,0,0,26000,0,26000,26000
053150,聯發科元大96購11,0,0,0,0,0,0,0,0,0,25000,0,0,0,39000,14000,25000,25000
053055,聯詠國票97購01  ,0,0,0,0,0,0,0,0,0,25000,0,0,0,25000,0,25000,25000
052926,旺宏元大98購02  ,0,0,0,0,0,0,0,0,0,25000,0,0,0,406000,381000,25000,25000
052698,深中小國票99購01,0,0,0,0,0,0,0,0,0,25000,0,0,0,30000,5000,25000,25000
052390,聯詠群益95購03  ,0,0,0,0,0,0,0,0,0,25000,0,0,0,94000,69000,25000,25000
054292,欣興元大96購06  ,0,0,0,0,0,0,0,0,0,25000,0,0,0,152000,127000,25000,25000
05459P,聯詠凱基95售03  ,0,0,0,0,0,0,0,0,0,25000,0,0,0,25000,0,25000,25000
053775,鴻海元大96購21  ,0,0,0,0,0,0,0,0,0,25000,0,0,0,226000,201000,25000,25000
053957,瑞昱永豐96購01  ,0,0,0,0,0,0,0,0,0,25000,0,0,0,40000,15000,25000,25000
054208,台積電國票97購07,0,0,0,0,0,0,0,0,0,25000,0,0,0,131000,106000,25000,25000
054260,貿聯元大96購03  ,0,0,0,0,0,0,0,0,0,25000,0,0,0,258000,233000,25000,25000
054012,廣達永豐96購01  ,0,0,0,0,0,0,0,0,0,25000,0,0,0,25000,0,25000,25000
04363P,儒鴻元富94售01  ,0,0,0,0,0,0,0,0,0,25000,0,0,0,39000,14000,25000,25000
042481,嘉聯益統一92購01,0,0,0,0,0,0,0,0,0,25000,0,0,0,25000,0,25000,25000
04244P,可成元大93售12  ,0,0,0,0,0,0,0,0,0,25000,0,0,0,25000,0,25000,25000
042502,上銀凱基93購01  ,0,0,0,0,0,0,0,0,0,25000,0,0,0,25000,0,25000,25000
03199P,台積電統一01售16,0,0,0,0,0,0,0,0,0,25000,0,0,0,110000,85000,25000,25000
00663L,國泰臺灣加權正2 ,0,0,0,0,0,0,0,0,0,25000,0,0,0,39000,14000,25000,25000
0052,富邦科技        ,3000,0,3000,0,0,0,0,0,0,22000,0,0,0,139000,117000,22000,25000
00703,台新MSCI中國    ,0,0,0,0,0,0,0,0,0,25000,0,0,0,114000,89000,25000,25000
03639P,祥碩凱基93售05  ,0,0,0,0,0,0,0,0,0,25000,0,0,0,25000,0,25000,25000
03016P,滬深2X群益01售09,0,0,0,0,0,0,0,0,0,25000,0,0,0,25000,0,25000,25000
03129P,台光電統一01售06,0,0,0,0,0,0,0,0,0,25000,0,0,0,25000,0,25000,25000
04419P,奇力新永豐94售01,0,0,0,0,0,0,0,0,0,25000,0,0,0,50000,25000,25000,25000
045643,臻鼎凱基93購01  ,0,0,0,0,0,0,0,0,0,25000,0,0,0,40000,15000,25000,25000
045705,冠德日盛92購01  ,0,0,0,0,0,0,0,0,0,25000,0,0,0,25000,0,25000,25000
045072,可成元大92購05  ,0,0,0,0,0,0,0,0,0,25000,0,0,0,131000,106000,25000,25000
045085,新日興元大92購01,0,0,0,0,0,0,0,0,0,25000,0,0,0,125000,100000,25000,25000
045269,致伸凱基92購01  ,0,0,0,0,0,0,0,0,0,25000,0,0,0,25000,0,25000,25000
045312,矽創元大93購02  ,0,0,0,0,0,0,0,0,0,25000,0,0,0,25000,0,25000,25000
047851,智易元富93購02  ,0,0,0,0,0,0,0,0,0,25000,0,0,0,25000,0,25000,25000
047528,高鐵元大93購03  ,0,0,0,0,0,0,0,0,0,25000,0,0,0,25000,0,25000,25000
047599,大立光統一93購08,0,0,0,0,0,0,0,0,0,25000,0,0,0,95000,70000,25000,25000
047634,亞德客元大93購01,0,0,0,0,0,0,0,0,0,25000,0,0,0,51000,26000,25000,25000
046782,建準永豐93購01  ,0,0,0,0,0,0,0,0,0,25000,0,0,0,55000,30000,25000,25000
048242,統一兆豐93購01  ,0,0,0,0,0,0,0,0,0,25000,0,0,0,25000,0,25000,25000
049574,新日興統一94購03,0,0,0,0,0,0,0,0,0,25000,0,0,0,45000,20000,25000,25000
046257,A50正2國票94購01,0,0,0,0,0,0,0,0,0,25000,0,0,0,107000,82000,25000,25000
052192,SP黃豆元富95購04,0,0,0,0,0,0,0,0,0,25000,0,0,0,25000,0,25000,25000
052078,大立光元富95購10,0,0,0,0,0,0,0,0,0,25000,0,0,0,77000,52000,25000,25000
051357,可成元大95購05  ,0,0,0,0,0,0,0,0,0,25000,0,0,0,45000,20000,25000,25000
050391,大立光統一94購07,0,0,0,0,0,0,0,0,0,25000,0,0,0,35000,10000,25000,25000
050596,昇陽半永豐94購03,0,0,0,0,0,0,0,0,0,25000,0,0,0,35000,10000,25000,25000
050472,和大永豐94購01  ,0,0,0,0,0,0,0,0,0,25000,0,0,0,395000,370000,25000,25000
050534,臻鼎兆豐94購01  ,0,0,0,0,0,0,0,0,0,25000,0,0,0,45000,20000,25000,25000
050514,聯電元大94購01  ,0,0,0,0,0,0,0,0,0,25000,0,0,0,50000,25000,25000,25000
050785,全新國泰96購01  ,0,0,0,0,0,0,0,0,0,25000,0,0,0,50000,25000,25000,25000
050246,大立光凱基94購13,0,0,0,0,0,0,0,0,0,25000,0,0,0,25000,0,25000,25000
049179,高鐵凱基94購01  ,0,0,0,0,0,0,0,0,0,25000,0,0,0,25000,0,25000,25000
049338,台達電統一94購04,0,0,0,0,0,0,0,0,0,25000,0,0,0,30000,5000,25000,25000
05742P,可成元大96售04  ,0,0,0,0,0,0,0,0,0,25000,0,0,0,256000,231000,25000,25000
05883P,致伸永豐96售03  ,0,0,0,0,0,0,0,0,0,25000,0,0,0,140000,115000,25000,25000
1337,再生-KY         ,31000,6000,25000,0,0,0,0,0,0,0,0,0,0,0,0,0,25000
8101,華冠            ,27000,0,27000,0,0,0,0,0,0,-2000,0,2000,-2000,0,0,0,25000
054128,台積電元大97購10,0,0,0,0,0,0,0,0,0,24000,0,0,0,716000,692000,24000,24000
054134,強茂元大96購01  ,0,0,0,0,0,0,0,0,0,24000,0,0,0,79000,55000,24000,24000
053956,旺宏永豐96購04  ,0,0,0,0,0,0,0,0,0,24000,0,0,0,60000,36000,24000,24000
054775,復盛國票98購01  ,0,0,0,0,0,0,0,0,0,24000,0,0,0,24000,0,24000,24000
052506,日月光日盛95購01,0,0,0,0,0,0,0,0,0,24000,0,0,0,33000,9000,24000,24000
052676,聯發科永昌98購01,0,0,0,0,0,0,0,0,0,24000,0,0,0,164000,140000,24000,24000
052859,國巨凱基96購07  ,0,0,0,0,0,0,0,0,0,24000,0,0,0,64000,40000,24000,24000
045397,元油2X富邦93購03,0,0,0,0,0,0,0,0,0,24000,0,0,0,24000,0,24000,24000
045633,南亞科凱基92購02,0,0,0,0,0,0,0,0,0,24000,0,0,0,27000,3000,24000,24000
044396,燿華凱基93購02  ,0,0,0,0,0,0,0,0,0,24000,0,0,0,25000,1000,24000,24000
043063,台郡中信92購01  ,0,0,0,0,0,0,0,0,0,24000,0,0,0,36000,12000,24000,24000
04243P,大立光永昌93售08,0,0,0,0,0,0,0,0,0,24000,0,0,0,1024000,1000000,24000,24000
043611,台積電群益92購03,0,0,0,0,0,0,0,0,0,24000,0,0,0,91000,67000,24000,24000
04615P,華新科群益94售03,0,0,0,0,0,0,0,0,0,24000,0,0,0,34000,10000,24000,24000
046580,正崴元大92購01  ,0,0,0,0,0,0,0,0,0,24000,0,0,0,50000,26000,24000,24000
046454,微星凱基92購04  ,0,0,0,0,0,0,0,0,0,24000,0,0,0,24000,0,24000,24000
047999,聯發科元大93購22,0,0,0,0,0,0,0,0,0,24000,0,0,0,58000,34000,24000,24000
04932P,香港2X中信96售01,0,0,0,0,0,0,0,0,0,24000,0,0,0,24000,0,24000,24000
049733,旺宏群益94購03  ,0,0,0,0,0,0,0,0,0,24000,0,0,0,89000,65000,24000,24000
050235,國巨凱基94購11  ,0,0,0,0,0,0,0,0,0,24000,0,0,0,24000,0,24000,24000
050129,聯發科凱基94購11,0,0,0,0,0,0,0,0,0,24000,0,0,0,24000,0,24000,24000
052179,康友元大95購03  ,0,0,0,0,0,0,0,0,0,24000,0,0,0,217000,193000,24000,24000
051678,鈺齊元大95購02  ,0,0,0,0,0,0,0,0,0,24000,0,0,0,33000,9000,24000,24000
4438,廣越            ,40000,25000,15000,0,0,0,0,0,0,9000,10000,0,10000,1000,2000,-1000,24000
4763,材料-KY         ,30000,7000,23000,0,0,0,0,0,0,1000,1000,0,1000,0,0,0,24000
05796P,臺股指群益96售10,0,0,0,0,0,0,0,0,0,24000,0,0,0,41000,17000,24000,24000
05513P,玉山金台新96售01,0,0,0,0,0,0,0,0,0,24000,0,0,0,24000,0,24000,24000
052861,台光電凱基96購03,0,0,0,0,0,0,0,0,0,23000,0,0,0,36000,13000,23000,23000
05299P,旺宏元大95售04  ,0,0,0,0,0,0,0,0,0,23000,0,0,0,23000,0,23000,23000
052962,台積電凱基97購03,0,0,0,0,0,0,0,0,0,23000,0,0,0,51000,28000,23000,23000
052714,義隆凱基96購02  ,0,0,0,0,0,0,0,0,0,23000,0,0,0,30000,7000,23000,23000
054479,緯創中信98購01  ,0,0,0,0,0,0,0,0,0,23000,0,0,0,23000,0,23000,23000
054090,瑞昱群益97購01  ,0,0,0,0,0,0,0,0,0,23000,0,0,0,55000,32000,23000,23000
054006,智易統一97購01  ,0,0,0,0,0,0,0,0,0,23000,0,0,0,91000,68000,23000,23000
04268P,南電元富93售03  ,0,0,0,0,0,0,0,0,0,23000,0,0,0,26000,3000,23000,23000
03904P,啟碁統一93售01  ,0,0,0,0,0,0,0,0,0,23000,0,0,0,121000,98000,23000,23000
00648R,元大S&P500反1   ,0,0,0,0,0,0,0,0,0,23000,0,0,0,369000,346000,23000,23000
044857,玉晶光第一91購01,0,0,0,0,0,0,0,0,0,23000,0,0,0,23000,0,23000,23000
044128,欣興凱基92購01  ,0,0,0,0,0,0,0,0,0,23000,0,0,0,23000,0,23000,23000
045256,致茂凱基92購01  ,0,0,0,0,0,0,0,0,0,23000,0,0,0,43000,20000,23000,23000
048034,大立光凱基93購29,0,0,0,0,0,0,0,0,0,23000,0,0,0,27000,4000,23000,23000
046002,美律統一93購01  ,0,0,0,0,0,0,0,0,0,23000,0,0,0,301000,278000,23000,23000
04838P,宏達電元大95售02,0,0,0,0,0,0,0,0,0,23000,0,0,0,123000,100000,23000,23000
049128,滬深2X元大97購03,0,0,0,0,0,0,0,0,0,23000,0,0,0,50000,27000,23000,23000
051869,康控凱基96購01  ,0,0,0,0,0,0,0,0,0,23000,0,0,0,51000,28000,23000,23000
051979,群創凱基97購01  ,0,0,0,0,0,0,0,0,0,23000,0,0,0,23000,0,23000,23000
051486,玉晶光凱基97購03,0,0,0,0,0,0,0,0,0,23000,0,0,0,89000,66000,23000,23000
050016,緯穎富邦95購01  ,0,0,0,0,0,0,0,0,0,23000,0,0,0,75000,52000,23000,23000
050455,貿聯元大94購02  ,0,0,0,0,0,0,0,0,0,23000,0,0,0,35000,12000,23000,23000
06107P,美律群益98售02  ,0,0,0,0,0,0,0,0,0,23000,0,0,0,47000,24000,23000,23000
2539,櫻花建          ,23000,0,23000,0,0,0,0,0,0,0,0,0,0,0,0,0,23000
054235,欣興群益96購06  ,0,0,0,0,0,0,0,0,0,22000,0,0,0,35000,13000,22000,22000
053920,新光金國票98購01,0,0,0,0,0,0,0,0,0,22000,0,0,0,222000,200000,22000,22000
05465P,台表科永豐95售03,0,0,0,0,0,0,0,0,0,22000,0,0,0,22000,0,22000,22000
05468P,鴻海元大96售14  ,0,0,0,0,0,0,0,0,0,22000,0,0,0,94000,72000,22000,22000
052854,聯詠日盛96購01  ,0,0,0,0,0,0,0,0,0,22000,0,0,0,34000,12000,22000,22000
052556,聯發科國票97購01,0,0,0,0,0,0,0,0,0,22000,0,0,0,42000,20000,22000,22000
05239P,欣興永豐95售03  ,0,0,0,0,0,0,0,0,0,22000,0,0,0,30000,8000,22000,22000
05307P,光寶科中信95售01,0,0,0,0,0,0,0,0,0,22000,0,0,0,22000,0,22000,22000
053205,台光電麥證96購01,0,0,0,109000,87000,22000,0,0,0,22000,0,0,0,109000,87000,22000,22000
053519,力成群益96購02  ,0,0,0,0,0,0,0,0,0,22000,0,0,0,22000,0,22000,22000
053513,義隆群益96購05  ,0,0,0,0,0,0,0,0,0,22000,0,0,0,22000,0,22000,22000
045365,智邦兆豐93購04  ,0,0,0,0,0,0,0,0,0,22000,0,0,0,50000,28000,22000,22000
03180P,台灣50元大01售39,0,0,0,0,0,0,0,0,0,22000,0,0,0,22000,0,22000,22000
03956P,欣興統一93售02  ,0,0,0,0,0,0,0,0,0,22000,0,0,0,35000,13000,22000,22000
044578,緯創凱基93購02  ,0,0,0,0,0,0,0,0,0,22000,0,0,0,22000,0,22000,22000
048502,百和元大93購01  ,0,0,0,0,0,0,0,0,0,22000,0,0,0,78000,56000,22000,22000
047368,南電群益93購01  ,0,0,0,0,0,0,0,0,0,22000,0,0,0,22000,0,22000,22000
048656,大立光元富93購05,0,0,0,0,0,0,0,0,0,22000,0,0,0,25000,3000,22000,22000
04728P,美律亞東94售02  ,0,0,0,0,0,0,0,0,0,22000,0,0,0,22000,0,22000,22000
050538,鴻海凱基95購06  ,0,0,0,0,0,0,0,0,0,22000,0,0,0,22000,0,22000,22000
05055P,台表科群益95售01,0,0,0,0,0,0,0,0,0,22000,0,0,0,22000,0,22000,22000
050867,聯鈞永豐95購01  ,0,0,0,0,0,0,0,0,0,22000,0,0,0,62000,40000,22000,22000
05125P,鴻海群益95售06  ,0,0,0,0,0,0,0,0,0,22000,0,0,0,47000,25000,22000,22000
05195P,南茂康和95售01  ,0,0,0,0,0,0,0,0,0,22000,0,0,0,22000,0,22000,22000
2316,楠梓電          ,308000,276000,32000,0,0,0,0,0,0,-10000,0,2000,-2000,12000,20000,-8000,22000
05718P,國巨元大96售09  ,0,0,0,0,0,0,0,0,0,22000,0,0,0,346000,324000,22000,22000
4739,康普            ,71000,49000,22000,0,0,0,0,0,0,0,0,0,0,0,0,0,22000
8046,南電            ,741000,623000,118000,0,0,0,50000,130000,-80000,-16000,40000,7000,33000,38000,87000,-49000,22000
8249,菱光            ,62000,58000,4000,0,0,0,0,0,0,18000,19000,1000,18000,0,0,0,22000
9908,大台北          ,27000,5000,22000,0,0,0,0,0,0,0,0,0,0,0,0,0,22000
053509,華新群益98購01  ,0,0,0,0,0,0,0,0,0,21000,0,0,0,21000,0,21000,21000
053350,台表科國票97購02,0,0,0,0,0,0,0,0,0,21000,0,0,0,46000,25000,21000,21000
05303P,華通國泰97售01  ,0,0,0,0,0,0,0,0,0,21000,0,0,0,110000,89000,21000,21000
052831,華固群益96購01  ,0,0,0,0,0,0,0,0,0,21000,0,0,0,21000,0,21000,21000
052978,貿聯麥證97購01  ,0,0,0,32000,11000,21000,0,0,0,21000,0,0,0,32000,11000,21000,21000
054398,牧德永豐96購03  ,0,0,0,0,0,0,0,0,0,21000,0,0,0,36000,15000,21000,21000
053871,臻鼎元大96購03  ,0,0,0,0,0,0,0,0,0,21000,0,0,0,79000,58000,21000,21000
053992,中環群益96購01  ,0,0,0,0,0,0,0,0,0,21000,0,0,0,21000,0,21000,21000
043580,大立光元富94購01,0,0,0,0,0,0,0,0,0,21000,0,0,0,48000,27000,21000,21000
045082,聯詠元大92購01  ,0,0,0,0,0,0,0,0,0,21000,0,0,0,76000,55000,21000,21000
044199,亞光國票91購01  ,0,0,0,0,0,0,0,0,0,21000,0,0,0,21000,0,21000,21000
047961,百和永豐93購03  ,0,0,0,0,0,0,0,0,0,21000,0,0,0,90000,69000,21000,21000
046472,亞光永豐92購01  ,0,0,0,0,0,0,0,0,0,21000,0,0,0,32000,11000,21000,21000
047604,智原國泰95購01  ,0,0,0,0,0,0,0,0,0,21000,0,0,0,131000,110000,21000,21000
04778P,可成凱基94售10  ,0,0,0,0,0,0,0,0,0,21000,0,0,0,56000,35000,21000,21000
048647,正文元大93購01  ,0,0,0,0,0,0,0,0,0,21000,0,0,0,23000,2000,21000,21000
045984,亞光麥證93購02  ,0,0,0,21000,0,21000,0,0,0,21000,0,0,0,21000,0,21000,21000
046609,深中小國票93購01,0,0,0,0,0,0,0,0,0,21000,0,0,0,21000,0,21000,21000
048759,巨大元富96購01  ,0,0,0,0,0,0,0,0,0,21000,0,0,0,21000,0,21000,21000
046272,致伸凱基92購06  ,0,0,0,0,0,0,0,0,0,21000,0,0,0,21000,0,21000,21000
051997,康友元大95購02  ,0,0,0,0,0,0,0,0,0,21000,0,0,0,476000,455000,21000,21000
052036,臺股指群益95購09,0,0,0,0,0,0,0,0,0,21000,0,0,0,41000,20000,21000,21000
051211,道瓊反統一95購01,0,0,0,0,0,0,0,0,0,21000,0,0,0,71000,50000,21000,21000
051015,南亞科凱基95購04,0,0,0,0,0,0,0,0,0,21000,0,0,0,21000,0,21000,21000
051375,道瓊反群益9A購01,0,0,0,0,0,0,0,0,0,21000,0,0,0,31000,10000,21000,21000
051598,瑞昱兆豐95購01  ,0,0,0,0,0,0,0,0,0,21000,0,0,0,51000,30000,21000,21000
4536,拓凱            ,103000,91000,12000,0,0,0,0,0,0,9000,9000,1000,8000,1000,0,1000,21000
2207,和泰車          ,169478,151000,18478,0,0,0,0,0,0,2000,7000,5000,2000,0,0,0,20478
054116,順德康和96購01  ,0,0,0,0,0,0,0,0,0,20000,0,0,0,20000,0,20000,20000
054263,聯茂元大96購02  ,0,0,0,0,0,0,0,0,0,20000,0,0,0,78000,58000,20000,20000
05424P,台達電亞東96售02,0,0,0,0,0,0,0,0,0,20000,0,0,0,20000,0,20000,20000
053933,大立光統一96購06,0,0,0,0,0,0,0,0,0,20000,0,0,0,20000,0,20000,20000
053749,揚明光永豐97購01,0,0,0,0,0,0,0,0,0,20000,0,0,0,20000,0,20000,20000
054394,奇力新永豐96購03,0,0,0,0,0,0,0,0,0,20000,0,0,0,298000,278000,20000,20000
054552,聯發科凱基98購03,0,0,0,0,0,0,0,0,0,20000,0,0,0,20000,0,20000,20000
054658,道瓊銀元大9A購01,0,0,0,0,0,0,0,0,0,20000,0,0,0,30000,10000,20000,20000
054786,全新群益99購02  ,0,0,0,0,0,0,0,0,0,20000,0,0,0,31000,11000,20000,20000
052881,康控凱基97購01  ,0,0,0,0,0,0,0,0,0,20000,0,0,0,20000,0,20000,20000
052888,台表科中信9A購01,0,0,0,0,0,0,0,0,0,20000,0,0,0,20000,0,20000,20000
052740,聯發科元大96購07,0,0,0,0,0,0,0,0,0,20000,0,0,0,47000,27000,20000,20000
052574,茂林凱基96購02  ,0,0,0,0,0,0,0,0,0,20000,0,0,0,30000,10000,20000,20000
052617,景碩國泰98購01  ,0,0,0,0,0,0,0,0,0,20000,0,0,0,20000,0,20000,20000
053100,美律元富96購01  ,0,0,0,0,0,0,0,0,0,20000,0,0,0,49000,29000,20000,20000
053101,創意元富96購03  ,0,0,0,0,0,0,0,0,0,20000,0,0,0,20000,0,20000,20000
053219,祥碩凱基96購01  ,0,0,0,0,0,0,0,0,0,20000,0,0,0,223000,203000,20000,20000
053191,奇鋐統一96購01  ,0,0,0,0,0,0,0,0,0,20000,0,0,0,20000,0,20000,20000
053333,新唐永豐96購01  ,0,0,0,0,0,0,0,0,0,20000,0,0,0,20000,0,20000,20000
053452,臺股指凱基97購01,0,0,0,0,0,0,0,0,0,20000,0,0,0,103000,83000,20000,20000
053485,矽創國票97購04  ,0,0,0,0,0,0,0,0,0,20000,0,0,0,20000,0,20000,20000
053501,明泰兆豐96購01  ,0,0,0,0,0,0,0,0,0,20000,0,0,0,20000,0,20000,20000
053498,大立光兆豐96購03,0,0,0,0,0,0,0,0,0,20000,0,0,0,30000,10000,20000,20000
044270,群創中信95購02  ,0,0,0,0,0,0,0,0,0,20000,0,0,0,234000,214000,20000,20000
044300,美利達凱基91購01,0,0,0,0,0,0,0,0,0,20000,0,0,0,20000,0,20000,20000
044403,新日興凱基92購01,0,0,0,0,0,0,0,0,0,20000,0,0,0,20000,0,20000,20000
044451,智邦永豐91購01  ,0,0,0,0,0,0,0,0,0,20000,0,0,0,20000,0,20000,20000
044001,南亞科兆豐91購02,0,0,0,0,0,0,0,0,0,20000,0,0,0,30000,10000,20000,20000
045002,高股息元大92購02,0,0,0,0,0,0,0,0,0,20000,0,0,0,21000,1000,20000,20000
045728,大立光亞東93購01,0,0,0,0,0,0,0,0,0,20000,0,0,0,20000,0,20000,20000
044172,易華電元大92購01,0,0,0,0,0,0,0,0,0,20000,0,0,0,20000,0,20000,20000
043943,聯詠兆豐91購01  ,0,0,0,0,0,0,0,0,0,20000,0,0,0,40000,20000,20000,20000
04388P,滬深2X凱基95售05,0,0,0,0,0,0,0,0,0,20000,0,0,0,20000,0,20000,20000
043891,羅麗芬元大94購01,0,0,0,0,0,0,0,0,0,20000,0,0,0,20000,0,20000,20000
045650,超眾凱基93購05  ,0,0,0,0,0,0,0,0,0,20000,0,0,0,20000,0,20000,20000
043766,矽創元大91購03  ,0,0,0,0,0,0,0,0,0,20000,0,0,0,20000,0,20000,20000
045418,上銀凱基92購01  ,0,0,0,0,0,0,0,0,0,20000,0,0,0,20000,0,20000,20000
045255,華邦電凱基93購03,0,0,0,0,0,0,0,0,0,20000,0,0,0,26000,6000,20000,20000
045152,大立光凱基93購03,0,0,0,0,0,0,0,0,0,20000,0,0,0,20000,0,20000,20000
045158,和碩凱基92購01  ,0,0,0,0,0,0,0,0,0,20000,0,0,0,30000,10000,20000,20000
045112,台積電永豐92購01,0,0,0,0,0,0,0,0,0,20000,0,0,0,20000,0,20000,20000
045796,廣達中信93購01  ,0,0,0,0,0,0,0,0,0,20000,0,0,0,20000,0,20000,20000
045108,康友群益93購02  ,0,0,0,0,0,0,0,0,0,20000,0,0,0,25000,5000,20000,20000
049012,大成鋼群益94購01,0,0,0,0,0,0,0,0,0,20000,0,0,0,20000,0,20000,20000
048893,南電元富94購01  ,0,0,0,0,0,0,0,0,0,20000,0,0,0,20000,0,20000,20000
04216P,燿華國票93售02  ,0,0,0,0,0,0,0,0,0,20000,0,0,0,20000,0,20000,20000
04370P,聯茂凱基94售05  ,0,0,0,0,0,0,0,0,0,20000,0,0,0,246000,226000,20000,20000
042685,矽創元大91購02  ,0,0,0,0,0,0,0,0,0,20000,0,0,0,20000,0,20000,20000
04251P,欣興統一93售06  ,0,0,0,0,0,0,0,0,0,20000,0,0,0,20000,0,20000,20000
04463P,可成元富94售03  ,0,0,0,0,0,0,0,0,0,20000,0,0,0,20000,0,20000,20000
044635,世紀鋼元大92購02,0,0,0,0,0,0,0,0,0,20000,0,0,0,20000,0,20000,20000
044594,致伸國票91購01  ,0,0,0,0,0,0,0,0,0,20000,0,0,0,20000,0,20000,20000
044595,鈺齊國票91購01  ,0,0,0,0,0,0,0,0,0,20000,0,0,0,30000,10000,20000,20000
045447,鴻海國泰94購02  ,0,0,0,0,0,0,0,0,0,20000,0,0,0,60000,40000,20000,20000
04548P,大立光元大94售14,0,0,0,0,0,0,0,0,0,20000,0,0,0,20000,0,20000,20000
045540,全新群益92購03  ,0,0,0,0,0,0,0,0,0,20000,0,0,0,20000,0,20000,20000
03458P,玉晶光凱基03售08,0,0,0,0,0,0,0,0,0,20000,0,0,0,30000,10000,20000,20000
04288P,台積電中信95售06,0,0,0,0,0,0,0,0,0,20000,0,0,0,20000,0,20000,20000
03858P,可成元富93售04  ,0,0,0,0,0,0,0,0,0,20000,0,0,0,20000,0,20000,20000
03831P,臺股指中信95售02,0,0,0,0,0,0,0,0,0,20000,0,0,0,20000,0,20000,20000
043027,康友元大92購02  ,0,0,0,0,0,0,0,0,0,20000,0,0,0,33000,13000,20000,20000
04325P,創意元大93售06  ,0,0,0,0,0,0,0,0,0,20000,0,0,0,30000,10000,20000,20000
03826P,瀚宇博元大95售01,0,0,0,0,0,0,0,0,0,20000,0,0,0,20000,0,20000,20000
03636P,可成凱基92售10  ,0,0,0,0,0,0,0,0,0,20000,0,0,0,20000,0,20000,20000
03659P,臺股指元大92售21,0,0,0,0,0,0,0,0,0,20000,0,0,0,20000,0,20000,20000
03692P,欣興永豐93售01  ,0,0,0,0,0,0,0,0,0,20000,0,0,0,20000,0,20000,20000
046267,大立光凱基92購09,0,0,0,0,0,0,0,0,0,20000,0,0,0,20000,0,20000,20000
04626P,聯發科元大94售07,0,0,0,0,0,0,0,0,0,20000,0,0,0,20000,0,20000,20000
046215,大立光統一92購03,0,0,0,0,0,0,0,0,0,20000,0,0,0,20000,0,20000,20000
046150,欣興國票92購02  ,0,0,0,0,0,0,0,0,0,20000,0,0,0,20000,0,20000,20000
046106,致新永豐92購01  ,0,0,0,0,0,0,0,0,0,20000,0,0,0,40000,20000,20000,20000
046091,健鼎兆豐92購01  ,0,0,0,0,0,0,0,0,0,20000,0,0,0,20000,0,20000,20000
046084,美利達凱基92購02,0,0,0,0,0,0,0,0,0,20000,0,0,0,20000,0,20000,20000
049153,大立光元大96購02,0,0,0,0,0,0,0,0,0,20000,0,0,0,244000,224000,20000,20000
049065,T50反1凱基96購04,0,0,0,0,0,0,0,0,0,20000,0,0,0,20000,0,20000,20000
046702,旺宏元富93購02  ,0,0,0,0,0,0,0,0,0,20000,0,0,0,25000,5000,20000,20000
049571,華固統一94購02  ,0,0,0,0,0,0,0,0,0,20000,0,0,0,20000,0,20000,20000
049572,華固統一94購03  ,0,0,0,0,0,0,0,0,0,20000,0,0,0,20000,0,20000,20000
04952P,台光電亞東94售01,0,0,0,0,0,0,0,0,0,20000,0,0,0,20000,0,20000,20000
049889,欣興國泰96購01  ,0,0,0,0,0,0,0,0,0,20000,0,0,0,20000,0,20000,20000
049856,緯穎群益94購02  ,0,0,0,0,0,0,0,0,0,20000,0,0,0,121000,101000,20000,20000
049846,台泥群益94購01  ,0,0,0,0,0,0,0,0,0,20000,0,0,0,20000,0,20000,20000
049822,大成鋼凱基94購04,0,0,0,0,0,0,0,0,0,20000,0,0,0,20000,0,20000,20000
049659,旺宏台新95購01  ,0,0,0,0,0,0,0,0,0,20000,0,0,0,20000,0,20000,20000
049707,華通麥證94購02  ,0,0,0,20000,0,20000,0,0,0,20000,0,0,0,20000,0,20000,20000
048171,創意永豐93購03  ,0,0,0,0,0,0,0,0,0,20000,0,0,0,20000,0,20000,20000
046552,晶技麥證92購01  ,0,0,0,30000,10000,20000,0,0,0,20000,0,0,0,30000,10000,20000,20000
046517,南寶元大92購02  ,0,0,0,0,0,0,0,0,0,20000,0,0,0,20000,0,20000,20000
048471,旭富永豐93購01  ,0,0,0,0,0,0,0,0,0,20000,0,0,0,20000,0,20000,20000
046644,台達電國泰93購01,0,0,0,0,0,0,0,0,0,20000,0,0,0,30000,10000,20000,20000
048827,大立光凱基94購01,0,0,0,0,0,0,0,0,0,20000,0,0,0,20000,0,20000,20000
047390,富邦金元大93購01,0,0,0,0,0,0,0,0,0,20000,0,0,0,20000,0,20000,20000
047444,晶技元大93購03  ,0,0,0,0,0,0,0,0,0,20000,0,0,0,20000,0,20000,20000
045971,智伸科凱基92購01,0,0,0,0,0,0,0,0,0,20000,0,0,0,20000,0,20000,20000
046716,欣興國泰93購03  ,0,0,0,0,0,0,0,0,0,20000,0,0,0,20000,0,20000,20000
047203,TPK元富93購02   ,0,0,0,0,0,0,0,0,0,20000,0,0,0,20000,0,20000,20000
047175,台塑元大93購01  ,0,0,0,0,0,0,0,0,0,20000,0,0,0,20000,0,20000,20000
047113,聯發科元大93購12,0,0,0,0,0,0,0,0,0,20000,0,0,0,47000,27000,20000,20000
047134,聯發科凱基93購10,0,0,0,0,0,0,0,0,0,20000,0,0,0,70000,50000,20000,20000
047156,群創國票94購01  ,0,0,0,0,0,0,0,0,0,20000,0,0,0,20000,0,20000,20000
046417,聯詠元大92購06  ,0,0,0,0,0,0,0,0,0,20000,0,0,0,20000,0,20000,20000
046418,智原元大92購02  ,0,0,0,0,0,0,0,0,0,20000,0,0,0,20000,0,20000,20000
046410,國泰金元大92購03,0,0,0,0,0,0,0,0,0,20000,0,0,0,20000,0,20000,20000
047779,台化中信93購01  ,0,0,0,0,0,0,0,0,0,20000,0,0,0,20000,0,20000,20000
047485,景碩凱基94購01  ,0,0,0,0,0,0,0,0,0,20000,0,0,0,20000,0,20000,20000
048291,台積電群益93購09,0,0,0,0,0,0,0,0,0,20000,0,0,0,31000,11000,20000,20000
047601,上海銀中信93購01,0,0,0,0,0,0,0,0,0,20000,0,0,0,20000,0,20000,20000
047998,美律元大93購06  ,0,0,0,0,0,0,0,0,0,20000,0,0,0,20000,0,20000,20000
047557,麗豐凱基94購02  ,0,0,0,0,0,0,0,0,0,20000,0,0,0,20000,0,20000,20000
047587,義隆永豐93購02  ,0,0,0,0,0,0,0,0,0,20000,0,0,0,20000,0,20000,20000
047234,晶技凱基93購01  ,0,0,0,0,0,0,0,0,0,20000,0,0,0,20000,0,20000,20000
051580,宏碁元大95購02  ,0,0,0,0,0,0,0,0,0,20000,0,0,0,20000,0,20000,20000
051526,超眾凱基95購02  ,0,0,0,0,0,0,0,0,0,20000,0,0,0,28000,8000,20000,20000
051426,道瓊反統一95購02,0,0,0,0,0,0,0,0,0,20000,0,0,0,40000,20000,20000,20000
05141P,華通台新96售01  ,0,0,0,0,0,0,0,0,0,20000,0,0,0,20000,0,20000,20000
051183,建準永豐95購02  ,0,0,0,0,0,0,0,0,0,20000,0,0,0,20000,0,20000,20000
051186,創意永豐95購01  ,0,0,0,0,0,0,0,0,0,20000,0,0,0,20000,0,20000,20000
051313,緯創麥證95購02  ,0,0,0,20000,0,20000,0,0,0,20000,0,0,0,20000,0,20000,20000
052050,明泰凱基95購01  ,0,0,0,0,0,0,0,0,0,20000,0,0,0,20000,0,20000,20000
052174,聯發科元大95購13,0,0,0,0,0,0,0,0,0,20000,0,0,0,20000,0,20000,20000
052206,燿華中信95購02  ,0,0,0,0,0,0,0,0,0,20000,0,0,0,30000,10000,20000,20000
052231,景碩凱基96購01  ,0,0,0,0,0,0,0,0,0,20000,0,0,0,20000,0,20000,20000
052224,楠梓電凱基97購01,0,0,0,0,0,0,0,0,0,20000,0,0,0,20000,0,20000,20000
052307,潤泰全國泰96購01,0,0,0,0,0,0,0,0,0,20000,0,0,0,20000,0,20000,20000
05231P,GIS群益95售03   ,0,0,0,0,0,0,0,0,0,20000,0,0,0,20000,0,20000,20000
051990,泰碩元大95購01  ,0,0,0,0,0,0,0,0,0,20000,0,0,0,70000,50000,20000,20000
051837,國巨國泰96購04  ,0,0,0,0,0,0,0,0,0,20000,0,0,0,20000,0,20000,20000
050790,昇陽半國泰96購02,0,0,0,0,0,0,0,0,0,20000,0,0,0,20000,0,20000,20000
050792,可成富邦96購01  ,0,0,0,0,0,0,0,0,0,20000,0,0,0,70000,50000,20000,20000
050726,可成國票96購01  ,0,0,0,0,0,0,0,0,0,20000,0,0,0,20000,0,20000,20000
050532,矽創元大94購03  ,0,0,0,0,0,0,0,0,0,20000,0,0,0,21000,1000,20000,20000
050544,聯發科凱基95購02,0,0,0,0,0,0,0,0,0,20000,0,0,0,120000,100000,20000,20000
050502,聯發科凱基94購21,0,0,0,0,0,0,0,0,0,20000,0,0,0,20000,0,20000,20000
050504,全新凱基94購03  ,0,0,0,0,0,0,0,0,0,20000,0,0,0,20000,0,20000,20000
050445,鴻海元大94購21  ,0,0,0,0,0,0,0,0,0,20000,0,0,0,107000,87000,20000,20000
050427,台積電凱基94購34,0,0,0,0,0,0,0,0,0,20000,0,0,0,31000,11000,20000,20000
050432,聯發科凱基94購19,0,0,0,0,0,0,0,0,0,20000,0,0,0,70000,50000,20000,20000
050025,燿華元大94購05  ,0,0,0,0,0,0,0,0,0,20000,0,0,0,20000,0,20000,20000
050064,華新科凱基94購08,0,0,0,0,0,0,0,0,0,20000,0,0,0,23000,3000,20000,20000
050167,T50反1富邦96購01,0,0,0,0,0,0,0,0,0,20000,0,0,0,20000,0,20000,20000
050174,技嘉元大94購01  ,0,0,0,0,0,0,0,0,0,20000,0,0,0,30000,10000,20000,20000
05019P,喬山中信95售01  ,0,0,0,0,0,0,0,0,0,20000,0,0,0,20000,0,20000,20000
04975P,華新科凱基96售02,0,0,0,0,0,0,0,0,0,20000,0,0,0,20000,0,20000,20000
049354,致新永豐94購01  ,0,0,0,0,0,0,0,0,0,20000,0,0,0,20000,0,20000,20000
049468,楠梓電康和94購01,0,0,0,0,0,0,0,0,0,20000,0,0,0,20000,0,20000,20000
1609,大亞            ,222000,195000,27000,0,0,0,0,0,0,-7000,0,7000,-7000,0,0,0,20000
08911P,力成凱基01售01  ,0,0,0,0,0,0,0,0,0,20000,0,0,0,20000,0,20000,20000
1468,昶和            ,20000,0,20000,0,0,0,0,0,0,0,0,0,0,0,0,0,20000
06023P,超眾國票96售03  ,0,0,0,0,0,0,0,0,0,20000,0,0,0,20000,0,20000,20000
06029P,聯發科台新96售02,0,0,0,0,0,0,0,0,0,20000,0,0,0,20000,0,20000,20000
053119,日月光中信97購01,0,0,0,0,0,0,0,0,0,19000,0,0,0,77000,58000,19000,19000
052819,義隆永豐96購01  ,0,0,0,0,0,0,0,0,0,19000,0,0,0,19000,0,19000,19000
054594,國巨麥證97購01  ,1000,0,1000,20000,2000,18000,0,0,0,18000,0,0,0,20000,2000,18000,19000
05458P,台積電凱基97售02,0,0,0,0,0,0,0,0,0,19000,0,0,0,40000,21000,19000,19000
05451P,臺股指元大95售28,0,0,0,0,0,0,0,0,0,19000,0,0,0,26000,7000,19000,19000
053681,臺股指富邦96購02,0,0,0,0,0,0,0,0,0,19000,0,0,0,25000,6000,19000,19000
053982,臻鼎元大96購05  ,0,0,0,0,0,0,0,0,0,19000,0,0,0,142000,123000,19000,19000
04254P,亞德客國票93售03,0,0,0,0,0,0,0,0,0,19000,0,0,0,70000,51000,19000,19000
048576,義隆國泰95購01  ,0,0,0,0,0,0,0,0,0,19000,0,0,0,36000,17000,19000,19000
045369,康控兆豐93購01  ,0,0,0,0,0,0,0,0,0,19000,0,0,0,20000,1000,19000,19000
044728,上緯控永豐91購02,0,0,0,0,0,0,0,0,0,19000,0,0,0,19000,0,19000,19000
043944,欣興兆豐93購02  ,0,0,0,0,0,0,0,0,0,19000,0,0,0,19000,0,19000,19000
048068,南亞科元富95購01,0,0,0,0,0,0,0,0,0,19000,0,0,0,25000,6000,19000,19000
047073,大立光兆豐94購01,0,0,0,0,0,0,0,0,0,19000,0,0,0,19000,0,19000,19000
046929,大立光統一93購03,0,0,0,0,0,0,0,0,0,19000,0,0,0,97000,78000,19000,19000
046980,智邦兆豐94購01  ,0,0,0,0,0,0,0,0,0,19000,0,0,0,45000,26000,19000,19000
048340,聯發科元大93購25,0,0,0,0,0,0,0,0,0,19000,0,0,0,47000,28000,19000,19000
048538,美利達國票94購01,0,0,0,0,0,0,0,0,0,19000,0,0,0,19000,0,19000,19000
04630P,嘉聯益元大95售02,0,0,0,0,0,0,0,0,0,19000,0,0,0,19000,0,19000,19000
046282,全新永豐92購01  ,0,0,0,0,0,0,0,0,0,19000,0,0,0,200000,181000,19000,19000
049261,大立光元大94購08,0,0,0,0,0,0,0,0,0,19000,0,0,0,20000,1000,19000,19000
051684,瑞昱凱基95購02  ,0,0,0,0,0,0,0,0,0,19000,0,0,0,24000,5000,19000,19000
052164,啟碁永豐95購01  ,0,0,0,0,0,0,0,0,0,19000,0,0,0,26000,7000,19000,19000
051353,聯發科元大95購08,0,0,0,0,0,0,0,0,0,19000,0,0,0,60000,41000,19000,19000
06024P,台郡國票97售05  ,0,0,0,0,0,0,0,0,0,19000,0,0,0,30000,11000,19000,19000
05966P,矽力凱基96售03  ,0,0,0,0,0,0,0,0,0,19000,0,0,0,19000,0,19000,19000
1810,和成            ,29000,10000,19000,0,0,0,0,0,0,0,0,0,0,0,0,0,19000
2028,威致            ,19000,0,19000,0,0,0,0,0,0,0,0,0,0,0,0,0,19000
2007,燁興            ,19000,0,19000,0,0,0,0,0,0,0,0,0,0,0,0,0,19000
2908,特力            ,28000,9000,19000,0,0,0,0,0,0,0,0,0,0,0,0,0,19000
054216,聯茂國票97購03  ,0,0,0,0,0,0,0,0,0,18000,0,0,0,70000,52000,18000,18000
052569,聯發科凱基96購08,0,0,0,0,0,0,0,0,0,18000,0,0,0,80000,62000,18000,18000
052483,超眾群益95購03  ,0,0,0,0,0,0,0,0,0,18000,0,0,0,61000,43000,18000,18000
043847,台光電國泰92購01,0,0,0,0,0,0,0,0,0,18000,0,0,0,48000,30000,18000,18000
044873,聯詠統一91購02  ,0,0,0,0,0,0,0,0,0,18000,0,0,0,89000,71000,18000,18000
043755,聯詠元大91購04  ,0,0,0,0,0,0,0,0,0,18000,0,0,0,30000,12000,18000,18000
043756,聯詠元大91購05  ,0,0,0,0,0,0,0,0,0,18000,0,0,0,30000,12000,18000,18000
045730,鴻海第一92購01  ,0,0,0,0,0,0,0,0,0,18000,0,0,0,28000,10000,18000,18000
041973,台灣50中信94購01,0,0,0,0,0,0,0,0,0,18000,0,0,0,455000,437000,18000,18000
044600,上銀國泰93購01  ,0,0,0,0,0,0,0,0,0,18000,0,0,0,50000,32000,18000,18000
04457P,同欣電統一94售01,0,0,0,0,0,0,0,0,0,18000,0,0,0,71000,53000,18000,18000
03006X,元展06          ,0,0,0,0,0,0,0,0,0,18000,0,0,0,18000,0,18000,18000
00851,台新全球AI      ,0,0,0,0,0,0,0,0,0,18000,0,0,0,325000,307000,18000,18000
00866,新光Shiller CAPE,0,0,0,0,0,0,0,0,0,18000,0,0,0,46000,28000,18000,18000
046078,致伸凱基92購04  ,0,0,0,0,0,0,0,0,0,18000,0,0,0,30000,12000,18000,18000
046172,美律永豐92購01  ,0,0,0,0,0,0,0,0,0,18000,0,0,0,42000,24000,18000,18000
046321,群創元大92購07  ,0,0,0,0,0,0,0,0,0,18000,0,0,0,18000,0,18000,18000
048179,臻鼎富邦97購01  ,0,0,0,0,0,0,0,0,0,18000,0,0,0,53000,35000,18000,18000
048418,瑞昱統一93購04  ,0,0,0,0,0,0,0,0,0,18000,0,0,0,108000,90000,18000,18000
048485,泰鼎國泰94購02  ,0,0,0,0,0,0,0,0,0,18000,0,0,0,20000,2000,18000,18000
05143P,臻鼎台新95售01  ,0,0,0,0,0,0,0,0,0,18000,0,0,0,18000,0,18000,18000
051202,智邦麥證95購01  ,0,0,0,30000,12000,18000,0,0,0,18000,0,0,0,30000,12000,18000,18000
052300,力成台新95購01  ,0,0,0,0,0,0,0,0,0,18000,0,0,0,50000,32000,18000,18000
052227,瑞昱凱基95購05  ,0,0,0,0,0,0,0,0,0,18000,0,0,0,49000,31000,18000,18000
051963,利勤永豐95購01  ,0,0,0,0,0,0,0,0,0,18000,0,0,0,72000,54000,18000,18000
050044,聯詠兆豐94購02  ,0,0,0,0,0,0,0,0,0,18000,0,0,0,36000,18000,18000,18000
049449,宏碁統一94購01  ,0,0,0,0,0,0,0,0,0,18000,0,0,0,28000,10000,18000,18000
049294,南亞科群益94購01,0,0,0,0,0,0,0,0,0,18000,0,0,0,28000,10000,18000,18000
050715,台積電群益96購01,0,0,0,0,0,0,0,0,0,18000,0,0,0,220000,202000,18000,18000
3031,佰鴻            ,63000,37000,26000,0,0,0,0,0,0,-8000,0,8000,-8000,0,0,0,18000
2527,宏璟            ,48000,30000,18000,0,0,0,0,0,0,0,0,0,0,0,0,0,18000
2231,為升            ,76000,59000,17000,0,0,0,0,0,0,1000,2000,0,2000,1000,2000,-1000,18000
08218P,滬深2X凱基96售01,0,0,0,0,0,0,0,0,0,18000,0,0,0,19000,1000,18000,18000
052661,奇力新國票97購03,0,0,0,0,0,0,0,0,0,17000,0,0,0,21000,4000,17000,17000
052741,聯發科元大96購08,0,0,0,0,0,0,0,0,0,17000,0,0,0,244000,227000,17000,17000
052880,台積電凱基96購06,0,0,0,0,0,0,0,0,0,17000,0,0,0,18000,1000,17000,17000
053434,國泰金日盛96購01,0,0,0,0,0,0,0,0,0,17000,0,0,0,17000,0,17000,17000
053985,矽創元大96購02  ,0,0,0,0,0,0,0,0,0,17000,0,0,0,36000,19000,17000,17000
053660,群創凱基98購08  ,0,0,0,0,0,0,0,0,0,17000,0,0,0,17000,0,17000,17000
05429P,鴻海統一95售16  ,0,0,0,0,0,0,0,0,0,17000,0,0,0,79000,62000,17000,17000
04136P,智邦元大93售09  ,0,0,0,0,0,0,0,0,0,17000,0,0,0,17000,0,17000,17000
048172,祥碩永豐93購02  ,0,0,0,0,0,0,0,0,0,17000,0,0,0,359000,342000,17000,17000
047399,華通康和93購01  ,0,0,0,0,0,0,0,0,0,17000,0,0,0,57000,40000,17000,17000
047394,合勤控元大93購02,0,0,0,0,0,0,0,0,0,17000,0,0,0,17000,0,17000,17000
049598,超眾元大95購03  ,0,0,0,0,0,0,0,0,0,17000,0,0,0,22000,5000,17000,17000
049032,百和群益94購04  ,0,0,0,0,0,0,0,0,0,17000,0,0,0,25000,8000,17000,17000
047523,瑞昱元大93購09  ,0,0,0,0,0,0,0,0,0,17000,0,0,0,20000,3000,17000,17000
047263,揚明光國票94購01,0,0,0,0,0,0,0,0,0,17000,0,0,0,17000,0,17000,17000
048000,義隆元大93購03  ,0,0,0,0,0,0,0,0,0,17000,0,0,0,27000,10000,17000,17000
047631,味全元大93購01  ,0,0,0,0,0,0,0,0,0,17000,0,0,0,57000,40000,17000,17000
050978,鴻海元富95購03  ,0,0,0,0,0,0,0,0,0,17000,0,0,0,221000,204000,17000,17000
050477,矽力永豐94購01  ,0,0,0,0,0,0,0,0,0,17000,0,0,0,137000,120000,17000,17000
051991,泰碩元大95購02  ,0,0,0,0,0,0,0,0,0,17000,0,0,0,181000,164000,17000,17000
051926,聯電中信97購01  ,0,0,0,0,0,0,0,0,0,17000,0,0,0,75000,58000,17000,17000
051713,大立光台新95購03,0,0,0,0,0,0,0,0,0,17000,0,0,0,20000,3000,17000,17000
051641,矽創國票96購01  ,0,0,0,0,0,0,0,0,0,17000,0,0,0,17000,0,17000,17000
06129P,玉晶光元富97售06,0,0,0,0,0,0,0,0,0,17000,0,0,0,35000,18000,17000,17000
06071P,大立光永豐97售01,0,0,0,0,0,0,0,0,0,17000,0,0,0,17000,0,17000,17000
05893P,國巨兆豐96售04  ,0,0,0,0,0,0,0,0,0,17000,0,0,0,35000,18000,17000,17000
1449,佳和            ,33000,16000,17000,0,0,0,0,0,0,0,0,0,0,0,0,0,17000
1234,黑松            ,17000,0,17000,0,0,0,0,0,0,0,0,0,0,0,0,0,17000
3266,昇陽            ,13000,0,13000,0,0,0,0,0,0,4000,4000,0,4000,0,0,0,17000
05441P,華通元大95售09  ,0,0,0,0,0,0,0,0,0,16000,0,0,0,112000,96000,16000,16000
054607,台積電永豐97購03,0,0,0,0,0,0,0,0,0,16000,0,0,0,18000,2000,16000,16000
054562,亞光群益98購01  ,0,0,0,0,0,0,0,0,0,16000,0,0,0,26000,10000,16000,16000
054537,南亞科亞東97購01,0,0,0,0,0,0,0,0,0,16000,0,0,0,26000,10000,16000,16000
054797,臻鼎群益97購01  ,0,0,0,0,0,0,0,0,0,16000,0,0,0,62000,46000,16000,16000
05483P,國巨凱基95售07  ,0,0,0,0,0,0,0,0,0,16000,0,0,0,16000,0,16000,16000
053397,國泰金中信96購01,0,0,0,0,0,0,0,0,0,16000,0,0,0,16000,0,16000,16000
052976,台表科群益96購03,0,0,0,0,0,0,0,0,0,16000,0,0,0,29000,13000,16000,16000
05260P,和碩元富95售02  ,0,0,0,0,0,0,0,0,0,16000,0,0,0,918000,902000,16000,16000
05246P,南電元大95售04  ,0,0,0,0,0,0,0,0,0,16000,0,0,0,16000,0,16000,16000
043669,祥碩元大91購02  ,0,0,0,0,0,0,0,0,0,16000,0,0,0,16000,0,16000,16000
043474,創意元大92購01  ,0,0,0,0,0,0,0,0,0,16000,0,0,0,100000,84000,16000,16000
039212,台達電台新9A購01,0,0,0,0,0,0,0,0,0,16000,0,0,0,177000,161000,16000,16000
03538P,景碩元富08售02  ,0,0,0,0,0,0,0,0,0,16000,0,0,0,16000,0,16000,16000
044752,台積電凱基91購23,0,0,0,0,0,0,0,0,0,16000,0,0,0,16000,0,16000,16000
04480P,微星兆豐94售01  ,0,0,0,0,0,0,0,0,0,16000,0,0,0,116000,100000,16000,16000
048557,瑞昱元大94購01  ,0,0,0,0,0,0,0,0,0,16000,0,0,0,21000,5000,16000,16000
048553,光磊元大93購03  ,0,0,0,0,0,0,0,0,0,16000,0,0,0,73000,57000,16000,16000
047771,緯創元大93購01  ,0,0,0,0,0,0,0,0,0,16000,0,0,0,16000,0,16000,16000
047762,華新元大93購02  ,0,0,0,0,0,0,0,0,0,16000,0,0,0,16000,0,16000,16000
046396,矽創國泰93購01  ,0,0,0,0,0,0,0,0,0,16000,0,0,0,91000,75000,16000,16000
046758,聯發科凱基93購05,0,0,0,0,0,0,0,0,0,16000,0,0,0,70000,54000,16000,16000
046279,群創康和92購02  ,0,0,0,0,0,0,0,0,0,16000,0,0,0,16000,0,16000,16000
051489,世芯凱基95購01  ,0,0,0,0,0,0,0,0,0,16000,0,0,0,41000,25000,16000,16000
051029,緯創元富95購01  ,0,0,0,0,0,0,0,0,0,16000,0,0,0,16000,0,16000,16000
051047,深中小群益99購01,0,0,0,0,0,0,0,0,0,16000,0,0,0,16000,0,16000,16000
051108,鴻海統一96購02  ,0,0,0,0,0,0,0,0,0,16000,0,0,0,17000,1000,16000,16000
05219P,鴻海元大95售17  ,0,0,0,0,0,0,0,0,0,16000,0,0,0,161000,145000,16000,16000
052068,瑞儀兆豐96購01  ,0,0,0,0,0,0,0,0,0,16000,0,0,0,20000,4000,16000,16000
050515,聯電元大96購01  ,0,0,0,0,0,0,0,0,0,16000,0,0,0,17000,1000,16000,16000
050653,聯鈞凱基96購01  ,0,0,0,0,0,0,0,0,0,16000,0,0,0,67000,51000,16000,16000
050800,百和中信95購01  ,0,0,0,0,0,0,0,0,0,16000,0,0,0,16000,0,16000,16000
049363,旺宏元大94購07  ,0,0,0,0,0,0,0,0,0,16000,0,0,0,106000,90000,16000,16000
3622,洋華            ,35000,17000,18000,0,0,0,0,0,0,-2000,0,2000,-2000,0,0,0,16000
5007,三星            ,18000,2000,16000,0,0,0,0,0,0,0,0,0,0,0,0,0,16000
6128,上福            ,17000,1000,16000,0,0,0,0,0,0,0,0,0,0,0,0,0,16000
9941,裕融            ,61000,43000,18000,0,0,0,0,0,0,-2000,0,2000,-2000,0,0,0,16000
05808P,臺股指國票96售01,0,0,0,0,0,0,0,0,0,16000,0,0,0,22000,6000,16000,16000
05682P,大立光元大98售03,0,0,0,0,0,0,0,0,0,16000,0,0,0,161000,145000,16000,16000
052505,友達日盛9B購02  ,0,0,0,0,0,0,0,0,0,15000,0,0,0,15000,0,15000,15000
052887,華通中信96購01  ,0,0,0,0,0,0,0,0,0,15000,0,0,0,15000,0,15000,15000
052768,泰鼎群益96購01  ,0,0,0,0,0,0,0,0,0,15000,0,0,0,15000,0,15000,15000
053401,臺股指中信99購01,0,0,0,0,0,0,0,0,0,15000,0,0,0,15000,0,15000,15000
053386,聯詠元大96購03  ,0,0,0,0,0,0,0,0,0,15000,0,0,0,210000,195000,15000,15000
053411,深中小國票9B購01,0,0,0,0,0,0,0,0,0,15000,0,0,0,22000,7000,15000,15000
053542,超眾永豐96購01  ,0,0,0,0,0,0,0,0,0,15000,0,0,0,22000,7000,15000,15000
053021,國巨國泰97購04  ,0,0,0,0,0,0,0,0,0,15000,0,0,0,40000,25000,15000,15000
053058,台光電永昌99購01,0,0,0,0,0,0,0,0,0,15000,0,0,0,31000,16000,15000,15000
05321P,鴻海凱基95售17  ,0,0,0,0,0,0,0,0,0,15000,0,0,0,20000,5000,15000,15000
054854,台積電麥證97購01,0,0,0,15000,0,15000,0,0,0,15000,0,0,0,15000,0,15000,15000
054644,A50正2群益9B購01,0,0,0,0,0,0,0,0,0,15000,0,0,0,20000,5000,15000,15000
054353,世紀鋼國泰98購01,0,0,0,0,0,0,0,0,0,15000,0,0,0,15000,0,15000,15000
053865,欣興元大97購02  ,0,0,0,0,0,0,0,0,0,15000,0,0,0,144000,129000,15000,15000
05382P,電子類群益95售02,0,0,0,0,0,0,0,0,0,15000,0,0,0,37000,22000,15000,15000
045057,麗豐元富92購01  ,0,0,0,0,0,0,0,0,0,15000,0,0,0,15000,0,15000,15000
044914,元油2X永豐91購04,0,0,0,0,0,0,0,0,0,15000,0,0,0,15000,0,15000,15000
043967,廣越國泰92購01  ,0,0,0,0,0,0,0,0,0,15000,0,0,0,45000,30000,15000,15000
045753,大立光國泰94購02,0,0,0,0,0,0,0,0,0,15000,0,0,0,15000,0,15000,15000
044438,GIS元大92購03   ,0,0,0,0,0,0,0,0,0,15000,0,0,0,15000,0,15000,15000
03271P,台積電群益02售06,0,0,0,0,0,0,0,0,0,15000,0,0,0,25000,10000,15000,15000
00652,富邦印度        ,0,0,0,0,0,0,0,0,0,15000,0,0,0,49000,34000,15000,15000
03065P,台積電群益01售18,0,0,0,0,0,0,0,0,0,15000,0,0,0,15000,0,15000,15000
040695,晶電群益91購02  ,0,0,0,0,0,0,0,0,0,15000,0,0,0,15000,0,15000,15000
04043P,復盛元富93售02  ,0,0,0,0,0,0,0,0,0,15000,0,0,0,16000,1000,15000,15000
04083P,欣興統一94售01  ,0,0,0,0,0,0,0,0,0,15000,0,0,0,25000,10000,15000,15000
041817,鴻海凱基92購01  ,0,0,0,0,0,0,0,0,0,15000,0,0,0,15000,0,15000,15000
046249,聯發科群益92購03,0,0,0,0,0,0,0,0,0,15000,0,0,0,83000,68000,15000,15000
046308,廣達元大92購02  ,0,0,0,0,0,0,0,0,0,15000,0,0,0,15000,0,15000,15000
046706,智邦台新93購01  ,0,0,0,0,0,0,0,0,0,15000,0,0,0,20000,5000,15000,15000
049079,聯發科凱基94購04,0,0,0,0,0,0,0,0,0,15000,0,0,0,25000,10000,15000,15000
04912P,可成元富94售06  ,0,0,0,0,0,0,0,0,0,15000,0,0,0,15000,0,15000,15000
04964P,鴻海元大94售26  ,0,0,0,0,0,0,0,0,0,15000,0,0,0,74000,59000,15000,15000
049517,台光電國票94購02,0,0,0,0,0,0,0,0,0,15000,0,0,0,15000,0,15000,15000
048224,聯發科凱基93購31,0,0,0,0,0,0,0,0,0,15000,0,0,0,174000,159000,15000,15000
047914,華新凱基93購03  ,0,0,0,0,0,0,0,0,0,15000,0,0,0,15000,0,15000,15000
047953,台積電永豐93購04,0,0,0,0,0,0,0,0,0,15000,0,0,0,15000,0,15000,15000
048305,深100凱基96購01 ,0,0,0,0,0,0,0,0,0,15000,0,0,0,25000,10000,15000,15000
048247,聯發科兆豐93購03,0,0,0,0,0,0,0,0,0,15000,0,0,0,15000,0,15000,15000
047630,元油反元大96購02,0,0,0,0,0,0,0,0,0,15000,0,0,0,15000,0,15000,15000
047251,麗豐群益93購01  ,0,0,0,0,0,0,0,0,0,15000,0,0,0,25000,10000,15000,15000
046441,儒鴻兆豐92購01  ,0,0,0,0,0,0,0,0,0,15000,0,0,0,25000,10000,15000,15000
049431,光罩國票96購01  ,0,0,0,0,0,0,0,0,0,15000,0,0,0,29000,14000,15000,15000
050735,亞光台新94購01  ,0,0,0,0,0,0,0,0,0,15000,0,0,0,15000,0,15000,15000
050876,復盛永豐95購01  ,0,0,0,0,0,0,0,0,0,15000,0,0,0,15000,0,15000,15000
050434,富邦金凱基94購02,0,0,0,0,0,0,0,0,0,15000,0,0,0,15000,0,15000,15000
050446,鴻海元大94購22  ,0,0,0,0,0,0,0,0,0,15000,0,0,0,26000,11000,15000,15000
050374,上緯控元大95購01,0,0,0,0,0,0,0,0,0,15000,0,0,0,15000,0,15000,15000
052149,電子類群益95購01,0,0,0,0,0,0,0,0,0,15000,0,0,0,15000,0,15000,15000
05172P,臺股指元大95售16,0,0,0,0,0,0,0,0,0,15000,0,0,0,50000,35000,15000,15000
051764,欣興元大95購07  ,0,0,0,0,0,0,0,0,0,15000,0,0,0,15000,0,15000,15000
051913,緯創元大96購01  ,0,0,0,0,0,0,0,0,0,15000,0,0,0,15000,0,15000,15000
051459,臺股指元大95購19,0,0,0,0,0,0,0,0,0,15000,0,0,0,15000,0,15000,15000
051323,康控國票96購01  ,0,0,0,0,0,0,0,0,0,15000,0,0,0,53000,38000,15000,15000
05630P,大立光永昌96售06,0,0,0,0,0,0,0,0,0,15000,0,0,0,20000,5000,15000,15000
05579P,友達凱基98售03  ,0,0,0,0,0,0,0,0,0,15000,0,0,0,37000,22000,15000,15000
05992P,華通元大96售05  ,0,0,0,0,0,0,0,0,0,15000,0,0,0,125000,110000,15000,15000
1507,永大            ,24000,7000,17000,0,0,0,0,0,0,-2000,0,2000,-2000,0,0,0,15000
2460,建通            ,19000,1000,18000,0,0,0,0,0,0,-3000,0,3000,-3000,0,0,0,15000
2597,潤弘            ,16000,1000,15000,0,0,0,0,0,0,0,0,0,0,0,0,0,15000
6405,悅城            ,15000,0,15000,0,0,0,0,0,0,0,0,0,0,0,0,0,15000
2379,瑞昱            ,2035646,2029000,6646,0,0,0,6000,0,6000,2000,3000,31000,-28000,71000,41000,30000,14646
054224,亞光統一98購01  ,0,0,0,0,0,0,0,0,0,14000,0,0,0,143000,129000,14000,14000
054209,台積電國票97購08,0,0,0,0,0,0,0,0,0,14000,0,0,0,40000,26000,14000,14000
054860,台積電群益98購01,0,0,0,0,0,0,0,0,0,14000,0,0,0,15000,1000,14000,14000
053296,貿聯中信98購01  ,0,0,0,0,0,0,0,0,0,14000,0,0,0,225000,211000,14000,14000
053010,鴻海統一96購11  ,0,0,0,0,0,0,0,0,0,14000,0,0,0,15000,1000,14000,14000
053047,寶成中信97購01  ,0,0,0,0,0,0,0,0,0,14000,0,0,0,14000,0,14000,14000
053026,奇力新富邦98購01,0,0,0,0,0,0,0,0,0,14000,0,0,0,118000,104000,14000,14000
053524,聯電中信97購02  ,0,0,0,0,0,0,0,0,0,14000,0,0,0,14000,0,14000,14000
053413,台積電國票99購01,0,0,0,0,0,0,0,0,0,14000,0,0,0,141000,127000,14000,14000
052494,百和中信95購02  ,0,0,0,0,0,0,0,0,0,14000,0,0,0,14000,0,14000,14000
045444,群創元富98購02  ,0,0,0,0,0,0,0,0,0,14000,0,0,0,14000,0,14000,14000
040508,上証2X國泰93購01,0,0,0,0,0,0,0,0,0,14000,0,0,0,15000,1000,14000,14000
00658L,國泰日本正2     ,0,0,0,0,0,0,0,0,0,14000,0,0,0,88000,74000,14000,14000
00763U,街口道瓊銅      ,0,0,0,0,0,0,0,0,0,14000,0,0,0,14000,0,14000,14000
045314,國巨國票92購01  ,0,0,0,0,0,0,0,0,0,14000,0,0,0,14000,0,14000,14000
047982,奇力新群益93購05,0,0,0,0,0,0,0,0,0,14000,0,0,0,20000,6000,14000,14000
047491,旺宏統一94購03  ,0,0,0,0,0,0,0,0,0,14000,0,0,0,119000,105000,14000,14000
047810,聯發科凱基93購22,0,0,0,0,0,0,0,0,0,14000,0,0,0,34000,20000,14000,14000
046385,群創凱基98購03  ,0,0,0,0,0,0,0,0,0,14000,0,0,0,22000,8000,14000,14000
048184,達運群益93購01  ,0,0,0,0,0,0,0,0,0,14000,0,0,0,25000,11000,14000,14000
048128,超眾元大95購01  ,0,0,0,0,0,0,0,0,0,14000,0,0,0,15000,1000,14000,14000
049087,晶相光凱基94購02,0,0,0,0,0,0,0,0,0,14000,0,0,0,184000,170000,14000,14000
046184,台光電凱基93購08,0,0,0,0,0,0,0,0,0,14000,0,0,0,14000,0,14000,14000
051482,玉晶光凱基96購01,0,0,0,0,0,0,0,0,0,14000,0,0,0,62000,48000,14000,14000
051563,泰鼎國泰96購01  ,0,0,0,0,0,0,0,0,0,14000,0,0,0,24000,10000,14000,14000
05100P,智邦凱基95售02  ,0,0,0,0,0,0,0,0,0,14000,0,0,0,14000,0,14000,14000
052124,京鼎國票95購01  ,0,0,0,0,0,0,0,0,0,14000,0,0,0,16000,2000,14000,14000
050376,百和元大95購01  ,0,0,0,0,0,0,0,0,0,14000,0,0,0,46000,32000,14000,14000
05070P,鴻海統一96售04  ,0,0,0,0,0,0,0,0,0,14000,0,0,0,19000,5000,14000,14000
049720,欣興凱基94購05  ,0,0,0,0,0,0,0,0,0,14000,0,0,0,14000,0,14000,14000
050063,聯發科凱基94購09,0,0,0,0,0,0,0,0,0,14000,0,0,0,120000,106000,14000,14000
3055,蔚華科          ,19000,4000,15000,0,0,0,0,0,0,-1000,0,1000,-1000,0,0,0,14000
1108,幸福            ,18000,4000,14000,0,0,0,0,0,0,0,0,0,0,0,0,0,14000
2305,全友            ,21000,6000,15000,0,0,0,0,0,0,-1000,0,1000,-1000,0,0,0,14000
2302,麗正            ,16000,2000,14000,0,0,0,0,0,0,0,0,0,0,0,0,0,14000
2008,高興昌          ,14000,0,14000,0,0,0,0,0,0,0,0,0,0,0,0,0,14000
05798P,臺股指群益96售12,0,0,0,0,0,0,0,0,0,14000,0,0,0,40000,26000,14000,14000
5608,四維航          ,17000,3000,14000,0,0,0,0,0,0,0,0,0,0,0,0,0,14000
4526,東台            ,23000,9000,14000,0,0,0,0,0,0,0,0,0,0,0,0,0,14000
052484,矽創群益95購02  ,0,0,0,0,0,0,0,0,0,13000,0,0,0,14000,1000,13000,13000
052507,日月光日盛95購02,0,0,0,0,0,0,0,0,0,13000,0,0,0,13000,0,13000,13000
054816,聯發科元大97購12,0,0,0,0,0,0,0,0,0,13000,0,0,0,33000,20000,13000,13000
054668,傳奇元富97購03  ,0,0,0,0,0,0,0,0,0,13000,0,0,0,15000,2000,13000,13000
054810,中橡元大9A購01  ,0,0,0,0,0,0,0,0,0,13000,0,0,0,13000,0,13000,13000
054366,和大中信98購01  ,0,0,0,0,0,0,0,0,0,13000,0,0,0,125000,112000,13000,13000
053989,奇力新兆豐97購01,0,0,0,0,0,0,0,0,0,13000,0,0,0,90000,77000,13000,13000
053896,麗豐群益97購01  ,0,0,0,0,0,0,0,0,0,13000,0,0,0,13000,0,13000,13000
04585P,楠梓電永豐94售02,0,0,0,0,0,0,0,0,0,13000,0,0,0,25000,12000,13000,13000
04577P,康友元富94售02  ,0,0,0,0,0,0,0,0,0,13000,0,0,0,15000,2000,13000,13000
045019,臺股指元大92購13,0,0,0,0,0,0,0,0,0,13000,0,0,0,55000,42000,13000,13000
044061,聯發科元大92購03,0,0,0,0,0,0,0,0,0,13000,0,0,0,13000,0,13000,13000
044866,旺宏國票91購05  ,0,0,0,0,0,0,0,0,0,13000,0,0,0,113000,100000,13000,13000
03869P,和大群益93售02  ,0,0,0,0,0,0,0,0,0,13000,0,0,0,22000,9000,13000,13000
045598,上証2X中信94購02,0,0,0,0,0,0,0,0,0,13000,0,0,0,15000,2000,13000,13000
046079,瑞儀凱基92購03  ,0,0,0,0,0,0,0,0,0,13000,0,0,0,14000,1000,13000,13000
046189,聯發科凱基92購02,0,0,0,0,0,0,0,0,0,13000,0,0,0,13000,0,13000,13000
049878,宏達電永豐94購01,0,0,0,0,0,0,0,0,0,13000,0,0,0,25000,12000,13000,13000
046528,聯詠中信94購01  ,0,0,0,0,0,0,0,0,0,13000,0,0,0,50000,37000,13000,13000
045949,貿聯日盛92購01  ,0,0,0,0,0,0,0,0,0,13000,0,0,0,113000,100000,13000,13000
050074,訊芯凱基94購05  ,0,0,0,0,0,0,0,0,0,13000,0,0,0,114000,101000,13000,13000
049263,大立光元大94購10,0,0,0,0,0,0,0,0,0,13000,0,0,0,13000,0,13000,13000
049219,聯發科國票95購01,0,0,0,0,0,0,0,0,0,13000,0,0,0,60000,47000,13000,13000
050264,聯發科元大94購13,0,0,0,0,0,0,0,0,0,13000,0,0,0,13000,0,13000,13000
050812,台積電凱基95購01,0,0,0,0,0,0,0,0,0,13000,0,0,0,14000,1000,13000,13000
050958,日月光台新95購01,0,0,0,0,0,0,0,0,0,13000,0,0,0,13000,0,13000,13000
050523,義隆元大94購05  ,0,0,0,0,0,0,0,0,0,13000,0,0,0,15000,2000,13000,13000
050584,瑞儀國票95購01  ,0,0,0,0,0,0,0,0,0,13000,0,0,0,13000,0,13000,13000
050624,鈺齊元大94購01  ,0,0,0,0,0,0,0,0,0,13000,0,0,0,68000,55000,13000,13000
052110,可成元富95購02  ,0,0,0,0,0,0,0,0,0,13000,0,0,0,74000,61000,13000,13000
051955,寶成元富95購01  ,0,0,0,0,0,0,0,0,0,13000,0,0,0,13000,0,13000,13000
05117P,瑞昱群益95售02  ,0,0,0,0,0,0,0,0,0,13000,0,0,0,13000,0,13000,13000
05121P,創意國泰96售01  ,0,0,0,0,0,0,0,0,0,13000,0,0,0,193000,180000,13000,13000
05152P,玉晶光群益96售05,0,0,0,0,0,0,0,0,0,13000,0,0,0,28000,15000,13000,13000
5234,達興材料        ,71000,36000,35000,0,0,0,0,0,0,-22000,0,21000,-21000,0,1000,-1000,13000
3591,艾笛森          ,19000,3000,16000,0,0,0,0,0,0,-3000,0,3000,-3000,0,0,0,13000
3701,大眾控          ,13000,0,13000,0,0,0,0,0,0,0,0,0,0,0,0,0,13000
6164,華興            ,13000,0,13000,0,0,0,0,0,0,0,0,0,0,0,0,0,13000
05874P,台積電群益96售10,0,0,0,0,0,0,0,0,0,13000,0,0,0,158000,145000,13000,13000
06090P,旺宏統一97售06  ,0,0,0,0,0,0,0,0,0,13000,0,0,0,318000,305000,13000,13000
2012,春雨            ,14000,1000,13000,0,0,0,0,0,0,0,0,0,0,0,0,0,13000
08994P,台灣50群益01售11,0,0,0,0,0,0,0,0,0,13000,0,0,0,13000,0,13000,13000
1459,聯發            ,13000,0,13000,0,0,0,0,0,0,0,0,0,0,0,0,0,13000
3022,威強電          ,38000,25000,13000,0,0,0,0,0,0,0,0,0,0,0,0,0,13000
053837,貿聯永豐96購02  ,0,0,0,0,0,0,0,0,0,12000,0,0,0,257000,245000,12000,12000
053853,康控國泰97購02  ,0,0,0,0,0,0,0,0,0,12000,0,0,0,60000,48000,12000,12000
054093,智原群益97購01  ,0,0,0,0,0,0,0,0,0,12000,0,0,0,12000,0,12000,12000
054130,漢唐元大97購02  ,0,0,0,0,0,0,0,0,0,12000,0,0,0,15000,3000,12000,12000
054256,創意元大96購07  ,0,0,0,0,0,0,0,0,0,12000,0,0,0,50000,38000,12000,12000
054291,高鐵元大97購01  ,0,0,0,0,0,0,0,0,0,12000,0,0,0,25000,13000,12000,12000
054638,國泰金中信99購01,0,0,0,0,0,0,0,0,0,12000,0,0,0,12000,0,12000,12000
052391,瑞儀群益95購01  ,0,0,0,0,0,0,0,0,0,12000,0,0,0,28000,16000,12000,12000
052525,聯詠元大95購06  ,0,0,0,0,0,0,0,0,0,12000,0,0,0,138000,126000,12000,12000
052910,鴻海統一96購10  ,0,0,0,0,0,0,0,0,0,12000,0,0,0,12000,0,12000,12000
053619,和碩群益96購01  ,0,0,0,0,0,0,0,0,0,12000,0,0,0,22000,10000,12000,12000
053054,禾伸堂國票97購01,0,0,0,0,0,0,0,0,0,12000,0,0,0,79000,67000,12000,12000
05310P,智原永豐95售04  ,0,0,0,0,0,0,0,0,0,12000,0,0,0,42000,30000,12000,12000
044605,超眾國泰93購02  ,0,0,0,0,0,0,0,0,0,12000,0,0,0,142000,130000,12000,12000
03929P,元油2X永豐93售04,0,0,0,0,0,0,0,0,0,12000,0,0,0,12000,0,12000,12000
03269P,健策元大02售04  ,0,0,0,0,0,0,0,0,0,12000,0,0,0,12000,0,12000,12000
03417P,瑞昱群益04售01  ,0,0,0,0,0,0,0,0,0,12000,0,0,0,22000,10000,12000,12000
03350P,台積電麥證02售06,0,0,0,0,0,0,0,0,0,12000,0,0,0,12000,0,12000,12000
03607P,滬深2X富邦95售01,0,0,0,0,0,0,0,0,0,12000,0,0,0,22000,10000,12000,12000
03066P,台積電群益01售19,0,0,0,0,0,0,0,0,0,12000,0,0,0,12000,0,12000,12000
036628,統一台新99購01  ,0,0,0,0,0,0,0,0,0,12000,0,0,0,12000,0,12000,12000
048991,昇陽半元大94購01,0,0,0,0,0,0,0,0,0,12000,0,0,0,12000,0,12000,12000
046854,可成元大93購04  ,0,0,0,0,0,0,0,0,0,12000,0,0,0,12000,0,12000,12000
046831,大立光群益94購01,0,0,0,0,0,0,0,0,0,12000,0,0,0,12000,0,12000,12000
048792,瑞儀元大94購01  ,0,0,0,0,0,0,0,0,0,12000,0,0,0,13000,1000,12000,12000
048132,冠德國票94購01  ,0,0,0,0,0,0,0,0,0,12000,0,0,0,17000,5000,12000,12000
046232,智易元大93購05  ,0,0,0,0,0,0,0,0,0,12000,0,0,0,15000,3000,12000,12000
046251,宏達電群益92購03,0,0,0,0,0,0,0,0,0,12000,0,0,0,12000,0,12000,12000
051559,宏達電國泰96購01,0,0,0,0,0,0,0,0,0,12000,0,0,0,31000,19000,12000,12000
051573,鴻海元大95購15  ,10000,15000,-5000,0,0,0,0,0,0,17000,0,0,0,218000,201000,17000,12000
052014,光罩永豐95購01  ,0,1000,-1000,0,0,0,0,0,0,13000,0,0,0,53000,40000,13000,12000
05176P,台積電凱基95售11,0,0,0,0,0,0,0,0,0,12000,0,0,0,16000,4000,12000,12000
051676,康舒元大95購01  ,0,0,0,0,0,0,0,0,0,12000,0,0,0,124000,112000,12000,12000
051674,臻鼎元大95購02  ,0,0,0,0,0,0,0,0,0,12000,0,0,0,125000,113000,12000,12000
050558,台積電統一94購14,0,0,0,0,0,0,0,0,0,12000,0,0,0,12000,0,12000,12000
050471,國泰金台新94購01,0,0,0,0,0,0,0,0,0,12000,0,0,0,12000,0,12000,12000
050895,聯發科元大97購01,0,0,0,0,0,0,0,0,0,12000,0,0,0,164000,152000,12000,12000
049222,和碩國票94購01  ,0,0,0,0,0,0,0,0,0,12000,0,0,0,12000,0,12000,12000
050077,臺股指凱基99購02,0,0,0,0,0,0,0,0,0,12000,0,0,0,15000,3000,12000,12000
049309,台達電凱基94購05,0,0,0,0,0,0,0,0,0,12000,0,0,0,16000,4000,12000,12000
049266,和碩元大94購01  ,0,0,0,0,0,0,0,0,0,12000,0,0,0,12000,0,12000,12000
049437,可成國泰96購01  ,0,0,0,0,0,0,0,0,0,12000,0,0,0,43000,31000,12000,12000
049414,台積電凱基94購18,0,0,0,0,0,0,0,0,0,12000,0,0,0,14000,2000,12000,12000
049416,美律凱基94購04  ,0,0,0,0,0,0,0,0,0,12000,0,0,0,22000,10000,12000,12000
2543,皇昌            ,12000,0,12000,0,0,0,0,0,0,0,0,0,0,0,0,0,12000
2017,官田鋼          ,13000,1000,12000,0,0,0,0,0,0,0,0,0,0,0,0,0,12000
2038,海光            ,15000,3000,12000,0,0,0,0,0,0,0,0,0,0,0,0,0,12000
2109,華豐            ,12000,0,12000,0,0,0,0,0,0,0,0,0,0,0,0,0,12000
05934P,國巨凱基96售13  ,0,0,0,0,0,0,0,0,0,12000,0,0,0,25000,13000,12000,12000
05752P,台積電中信96售06,0,0,0,0,0,0,0,0,0,12000,0,0,0,12000,0,12000,12000
5533,皇鼎            ,12000,0,12000,0,0,0,0,0,0,0,0,0,0,0,0,0,12000
5484,慧友            ,12000,0,12000,0,0,0,0,0,0,0,0,0,0,0,0,0,12000
9937,全國            ,12000,0,12000,0,0,0,0,0,0,0,0,0,0,0,0,0,12000
053036,聯電凱基98購01  ,0,0,0,0,0,0,0,0,0,11000,0,0,0,16000,5000,11000,11000
053515,致伸群益96購02  ,0,0,0,0,0,0,0,0,0,11000,0,0,0,11000,0,11000,11000
052993,欣興台新97購01  ,0,0,0,0,0,0,0,0,0,11000,0,0,0,11000,0,11000,11000
052479,TPK群益95購04   ,0,0,0,0,0,0,0,0,0,11000,0,0,0,11000,0,11000,11000
054624,台積電凱基98購03,0,0,0,0,0,0,0,0,0,11000,0,0,0,11000,0,11000,11000
054661,嘉聯益元大97購03,0,0,0,0,0,0,0,0,0,11000,0,0,0,96000,85000,11000,11000
05476P,聯發科群益95售06,0,0,0,0,0,0,0,0,0,11000,0,0,0,11000,0,11000,11000
05435P,鴻海群益95售12  ,0,0,0,0,0,0,0,0,0,11000,0,0,0,23000,12000,11000,11000
05454P,奇鋐群益95售04  ,0,0,0,0,0,0,0,0,0,11000,0,0,0,11000,0,11000,11000
054101,茂林國票97購04  ,0,0,0,0,0,0,0,0,0,11000,0,0,0,11000,0,11000,11000
05381P,聯詠群益95售02  ,0,0,0,0,0,0,0,0,0,11000,0,0,0,11000,0,11000,11000
053923,亞光國票97購01  ,0,0,0,0,0,0,0,0,0,11000,0,0,0,12000,1000,11000,11000
048594,泰鼎群益93購02  ,0,0,0,0,0,0,0,0,0,11000,0,0,0,11000,0,11000,11000
048883,玉晶光統一94購01,0,0,0,0,0,0,0,0,0,11000,0,0,0,16000,5000,11000,11000
048864,昇陽半群益94購01,0,0,0,0,0,0,0,0,0,11000,0,0,0,11000,0,11000,11000
048848,滬深2X群益98購02,0,0,0,0,0,0,0,0,0,11000,0,0,0,46000,35000,11000,11000
045295,台積電元大93購02,0,0,0,0,0,0,0,0,0,11000,0,0,0,11000,0,11000,11000
04520P,欣興群益94售02  ,0,0,0,0,0,0,0,0,0,11000,0,0,0,11000,0,11000,11000
044155,台積電永豐91購03,0,0,0,0,0,0,0,0,0,11000,0,0,0,15000,4000,11000,11000
04477P,南電元大94售04  ,0,0,0,0,0,0,0,0,0,11000,0,0,0,11000,0,11000,11000
044407,聯茂凱基93購01  ,0,0,0,0,0,0,0,0,0,11000,0,0,0,12000,1000,11000,11000
00770,國泰北美科技    ,0,0,0,0,0,0,0,0,0,11000,0,0,0,13000,2000,11000,11000
00728,第一金工業30    ,0,0,0,0,0,0,0,0,0,11000,0,0,0,635000,624000,11000,11000
03567P,可成凱基02售06  ,0,0,0,0,0,0,0,0,0,11000,0,0,0,11000,0,11000,11000
045612,麗豐群益92購01  ,0,0,0,0,0,0,0,0,0,11000,0,0,0,11000,0,11000,11000
045543,百和群益94購01  ,0,0,0,0,0,0,0,0,0,11000,0,0,0,11000,0,11000,11000
045500,聯發科凱基93購04,0,0,0,0,0,0,0,0,0,11000,0,0,0,11000,0,11000,11000
041978,貿聯中信93購01  ,0,0,0,0,0,0,0,0,0,11000,0,0,0,255000,244000,11000,11000
046113,旺宏元大93購04  ,0,0,0,0,0,0,0,0,0,11000,0,0,0,52000,41000,11000,11000
049089,正文凱基94購02  ,0,0,0,0,0,0,0,0,0,11000,0,0,0,11000,0,11000,11000
049137,華通元大95購02  ,0,0,0,0,0,0,0,0,0,11000,0,0,0,64000,53000,11000,11000
049852,康控群益94購03  ,0,0,0,0,0,0,0,0,0,11000,0,0,0,11000,0,11000,11000
049832,麗豐凱基94購05  ,0,0,0,0,0,0,0,0,0,11000,0,0,0,16000,5000,11000,11000
049509,台達電凱基94購07,0,0,0,0,0,0,0,0,0,11000,0,0,0,11000,0,11000,11000
049519,新光金國票95購03,0,0,0,0,0,0,0,0,0,11000,0,0,0,21000,10000,11000,11000
048110,京元電群益94購01,0,0,0,0,0,0,0,0,0,11000,0,0,0,11000,0,11000,11000
048115,樺漢群益93購01  ,0,0,0,0,0,0,0,0,0,11000,0,0,0,13000,2000,11000,11000
048752,廣越元富95購01  ,0,0,0,0,0,0,0,0,0,11000,0,0,0,31000,20000,11000,11000
048525,華通國票94購02  ,0,0,0,0,0,0,0,0,0,11000,0,0,0,13000,2000,11000,11000
048630,南亞元大93購01  ,0,0,0,0,0,0,0,0,0,11000,0,0,0,19000,8000,11000,11000
047786,燿華群益93購03  ,0,0,0,0,0,0,0,0,0,11000,0,0,0,11000,0,11000,11000
04753P,台積電統一94售11,0,0,0,0,0,0,0,0,0,11000,0,0,0,31000,20000,11000,11000
049300,南電群益94購01  ,0,0,0,0,0,0,0,0,0,11000,0,0,0,11000,0,11000,11000
050007,貿聯永豐94購01  ,0,0,0,0,0,0,0,0,0,11000,0,0,0,183000,172000,11000,11000
049397,台達電群益94購03,0,0,0,0,0,0,0,0,0,11000,0,0,0,11000,0,11000,11000
050649,華新科凱基96購01,0,0,0,0,0,0,0,0,0,11000,0,0,0,11000,0,11000,11000
050573,光寶科國票94購01,0,0,0,0,0,0,0,0,0,11000,0,0,0,11000,0,11000,11000
050350,全新群益94購04  ,0,0,0,0,0,0,0,0,0,11000,0,0,0,22000,11000,11000,11000
051711,臻鼎群益95購03  ,0,0,0,0,0,0,0,0,0,11000,0,0,0,43000,32000,11000,11000
051737,瑞昱國票96購01  ,0,0,0,0,0,0,0,0,0,11000,0,0,0,31000,20000,11000,11000
051949,鴻海元富95購08  ,0,0,0,0,0,0,0,0,0,11000,0,0,0,11000,0,11000,11000
052183,華邦電群益95購01,0,0,0,0,0,0,0,0,0,11000,0,0,0,11000,0,11000,11000
051500,聯茂群益95購01  ,0,0,0,0,0,0,0,0,0,11000,0,0,0,126000,115000,11000,11000
051234,南電群益95購02  ,0,0,0,0,0,0,0,0,0,11000,0,0,0,11000,0,11000,11000
051083,A50正2元大98購01,0,0,0,0,0,0,0,0,0,11000,0,0,0,18000,7000,11000,11000
9905,大華            ,13000,2000,11000,0,0,0,0,0,0,0,0,0,0,0,0,0,11000
8454,富邦媒          ,27000,7000,20000,0,0,0,10000,0,10000,-19000,0,19000,-19000,0,0,0,11000
3346,麗清            ,28000,17000,11000,0,0,0,0,0,0,0,0,0,0,0,0,0,11000
05556P,全新國票96售04  ,0,0,0,0,0,0,0,0,0,11000,0,0,0,48000,37000,11000,11000
05552P,聯詠群益96售01  ,0,0,0,0,0,0,0,0,0,11000,0,0,0,21000,10000,11000,11000
06006P,欣興永豐96售04  ,0,0,0,0,0,0,0,0,0,11000,0,0,0,22000,11000,11000,11000
1725,元禎            ,12000,1000,11000,0,0,0,0,0,0,0,0,0,0,0,0,0,11000
2486,一詮            ,15000,3000,12000,0,0,0,0,0,0,-1000,0,1000,-1000,0,0,0,11000
2497,怡利電          ,16000,5000,11000,0,0,0,0,0,0,0,0,0,0,0,0,0,11000
2459,敦吉            ,13000,1000,12000,0,0,0,0,0,0,-1000,0,1000,-1000,0,0,0,11000
3024,憶聲            ,35000,23000,12000,0,0,0,0,0,0,-1000,0,1000,-1000,0,0,0,11000
053823,茂林群益96購06  ,0,0,0,0,0,0,0,0,0,10000,0,0,0,10000,0,10000,10000
053826,光磊麥證97購01  ,0,0,0,10000,0,10000,0,0,0,10000,0,0,0,10000,0,10000,10000
053655,全新凱基98購02  ,0,0,0,0,0,0,0,0,0,10000,0,0,0,55000,45000,10000,10000
053672,嘉澤元富96購02  ,0,0,0,0,0,0,0,0,0,10000,0,0,0,20000,10000,10000,10000
053729,聯茂凱基96購05  ,0,0,0,0,0,0,0,0,0,10000,0,0,0,10000,0,10000,10000
05368P,可成元富95售03  ,0,0,0,0,0,0,0,0,0,10000,0,0,0,10000,0,10000,10000
053802,南亞科凱基96購04,0,0,0,0,0,0,0,0,0,10000,0,0,0,10000,0,10000,10000
054071,泰鼎國泰97購02  ,0,0,0,0,0,0,0,0,0,10000,0,0,0,10000,0,10000,10000
054059,欣興國票97購03  ,0,0,0,0,0,0,0,0,0,10000,0,0,0,10000,0,10000,10000
054270,寶滬深中信98購01,0,0,0,0,0,0,0,0,0,10000,0,0,0,10000,0,10000,10000
054226,燿華元富96購02  ,0,0,0,0,0,0,0,0,0,10000,0,0,0,15000,5000,10000,10000
054234,可成群益96購05  ,0,0,0,0,0,0,0,0,0,10000,0,0,0,21000,11000,10000,10000
054237,茂林群益97購01  ,0,0,0,0,0,0,0,0,0,10000,0,0,0,10000,0,10000,10000
054193,鴻海麥證96購02  ,0,0,0,10000,0,10000,0,0,0,10000,0,0,0,10000,0,10000,10000
054186,高鐵永豐96購01  ,0,0,0,0,0,0,0,0,0,10000,0,0,0,10000,0,10000,10000
054152,漢唐國泰98購02  ,0,0,0,0,0,0,0,0,0,10000,0,0,0,139000,129000,10000,10000
054163,燿華凱基97購02  ,0,0,0,0,0,0,0,0,0,10000,0,0,0,10000,0,10000,10000
054355,上海銀富邦98購01,0,0,0,0,0,0,0,0,0,10000,0,0,0,10000,0,10000,10000
054341,燿華元富96購03  ,0,0,0,0,0,0,0,0,0,10000,0,0,0,10000,0,10000,10000
054419,嘉聯益元大98購02,0,0,0,0,0,0,0,0,0,10000,0,0,0,79000,69000,10000,10000
054736,南亞科凱基98購01,0,0,0,0,0,0,0,0,0,10000,0,0,0,30000,20000,10000,10000
054611,全新永豐97購01  ,0,0,0,0,0,0,0,0,0,10000,0,0,0,10000,0,10000,10000
054826,復盛元大9A購01  ,0,0,0,0,0,0,0,0,0,10000,0,0,0,121000,111000,10000,10000
05487P,台表科凱基95售02,0,0,0,0,0,0,0,0,0,10000,0,0,0,50000,40000,10000,10000
05243P,鴻海元大95售19  ,0,0,0,0,0,0,0,0,0,10000,0,0,0,261000,251000,10000,10000
052358,台表科永豐95購02,0,0,0,0,0,0,0,0,0,10000,0,0,0,10000,0,10000,10000
052526,智伸科元大96購02,0,0,0,0,0,0,0,0,0,10000,0,0,0,10000,0,10000,10000
052558,新唐國票97購01  ,0,0,0,0,0,0,0,0,0,10000,0,0,0,10000,0,10000,10000
05257P,欣興凱基95售04  ,0,0,0,0,0,0,0,0,0,10000,0,0,0,10000,0,10000,10000
052580,高鐵元富96購01  ,0,0,0,0,0,0,0,0,0,10000,0,0,0,10000,0,10000,10000
052609,智易元大97購01  ,0,0,0,0,0,0,0,0,0,10000,0,0,0,10000,0,10000,10000
052607,大立光元大96購03,0,0,0,0,0,0,0,0,0,10000,0,0,0,159000,149000,10000,10000
052639,康控凱基96購02  ,0,0,0,0,0,0,0,0,0,10000,0,0,0,10000,0,10000,10000
052644,聯發科永豐96購01,0,0,0,0,0,0,0,0,0,10000,0,0,0,15000,5000,10000,10000
052956,聯發科日盛96購01,0,0,0,0,0,0,0,0,0,10000,0,0,0,25000,15000,10000,10000
052938,華新科兆豐96購01,0,0,0,0,0,0,0,0,0,10000,0,0,0,10000,0,10000,10000
052801,友達元大9A購01  ,0,0,0,0,0,0,0,0,0,10000,0,0,0,107000,97000,10000,10000
052825,TPK永豐96購01   ,0,0,0,0,0,0,0,0,0,10000,0,0,0,10000,0,10000,10000
052816,上銀永豐96購01  ,0,0,0,0,0,0,0,0,0,10000,0,0,0,60000,50000,10000,10000
05280P,華通元大95售08  ,0,0,0,0,0,0,0,0,0,10000,0,0,0,114000,104000,10000,10000
052761,可成群益96購02  ,0,0,0,0,0,0,0,0,0,10000,0,0,0,10000,0,10000,10000
052721,友達統一96購01  ,0,0,0,0,0,0,0,0,0,10000,0,0,0,240000,230000,10000,10000
053492,華邦電兆豐97購01,0,0,0,0,0,0,0,0,0,10000,0,0,0,10000,0,10000,10000
053530,聯發科康和96購01,0,0,0,0,0,0,0,0,0,10000,0,0,0,15000,5000,10000,10000
053548,旺宏凱基96購04  ,0,0,0,0,0,0,0,0,0,10000,0,0,0,67000,57000,10000,10000
053549,南亞科凱基96購02,0,0,0,0,0,0,0,0,0,10000,0,0,0,10000,0,10000,10000
05362P,可成富邦97售02  ,0,0,0,0,0,0,0,0,0,10000,0,0,0,40000,30000,10000,10000
053632,新唐兆豐96購01  ,0,0,0,0,0,0,0,0,0,10000,0,0,0,10000,0,10000,10000
05357P,臺股指元富95售11,0,0,0,0,0,0,0,0,0,10000,0,0,0,10000,0,10000,10000
053453,新光金統一98購01,0,0,0,0,0,0,0,0,0,10000,0,0,0,13000,3000,10000,10000
05344P,臺股指統一95售04,0,0,0,0,0,0,0,0,0,10000,0,0,0,10000,0,10000,10000
053034,上海銀兆豐96購01,0,0,0,0,0,0,0,0,0,10000,0,0,0,10000,0,10000,10000
053035,台表科兆豐97購01,0,0,0,0,0,0,0,0,0,10000,0,0,0,10000,0,10000,10000
053068,智伸科群益96購01,0,0,0,0,0,0,0,0,0,10000,0,0,0,10000,0,10000,10000
053095,台光電統一98購01,0,0,0,0,0,0,0,0,0,10000,0,0,0,20000,10000,10000,10000
053140,燿華永豐96購02  ,0,0,0,0,0,0,0,0,0,10000,0,0,0,10000,0,10000,10000
053287,臺股指元大96購15,0,0,0,0,0,0,0,0,0,10000,0,0,0,10000,0,10000,10000
053245,全新國票97購01  ,0,0,0,0,0,0,0,0,0,10000,0,0,0,10000,0,10000,10000
053172,瑞儀群益97購01  ,0,0,0,0,0,0,0,0,0,10000,0,0,0,21000,11000,10000,10000
04343P,啟碁永豐93售02  ,0,0,0,0,0,0,0,0,0,10000,0,0,0,65000,55000,10000,10000
042191,元油2X富邦93購01,0,0,0,0,0,0,0,0,0,10000,0,0,0,10000,0,10000,10000
042152,亞光群益91購01  ,0,0,0,0,0,0,0,0,0,10000,0,0,0,10000,0,10000,10000
042312,嘉晶凱基91購01  ,0,0,0,0,0,0,0,0,0,10000,0,0,0,10000,0,10000,10000
04237P,超眾群益93售02  ,0,0,0,0,0,0,0,0,0,10000,0,0,0,15000,5000,10000,10000
042787,新日興兆豐93購01,0,0,0,0,0,0,0,0,0,10000,0,0,0,30000,20000,10000,10000
043682,台積電凱基91購12,0,0,0,0,0,0,0,0,0,10000,0,0,0,10000,0,10000,10000
043695,臻鼎兆豐92購01  ,0,0,0,0,0,0,0,0,0,10000,0,0,0,20000,10000,10000,10000
043696,瑞儀兆豐93購01  ,0,0,0,0,0,0,0,0,0,10000,0,0,0,20000,10000,10000,10000
045536,元油2X群益92購01,0,0,0,0,0,0,0,0,0,10000,0,0,0,10000,0,10000,10000
045556,可成國票93購01  ,0,0,0,0,0,0,0,0,0,10000,0,0,0,10000,0,10000,10000
045559,奇鋐國票92購01  ,0,0,0,0,0,0,0,0,0,10000,0,0,0,10000,0,10000,10000
045560,群創國票92購02  ,0,0,0,0,0,0,0,0,0,10000,0,0,0,10000,0,10000,10000
045561,群創國票92購03  ,0,0,0,0,0,0,0,0,0,10000,0,0,0,10000,0,10000,10000
045566,南寶國泰93購01  ,0,0,0,0,0,0,0,0,0,10000,0,0,0,10000,0,10000,10000
045605,儒鴻群益92購01  ,0,0,0,0,0,0,0,0,0,10000,0,0,0,10000,0,10000,10000
044598,臻鼎亞東92購01  ,0,0,0,0,0,0,0,0,0,10000,0,0,0,10000,0,10000,10000
045615,樺漢群益92購01  ,0,0,0,0,0,0,0,0,0,10000,0,0,0,12000,2000,10000,10000
045626,上銀凱基93購05  ,0,0,0,0,0,0,0,0,0,10000,0,0,0,10000,0,10000,10000
04464P,可成元富94售04  ,0,0,0,0,0,0,0,0,0,10000,0,0,0,10000,0,10000,10000
04461P,燿華元富94售01  ,0,0,0,0,0,0,0,0,0,10000,0,0,0,10000,0,10000,10000
044670,台積電富邦91購03,0,0,0,0,0,0,0,0,0,10000,0,0,0,10000,0,10000,10000
044673,上銀凱基93購04  ,0,0,0,0,0,0,0,0,0,10000,0,0,0,10000,0,10000,10000
044691,緯穎凱基91購05  ,0,0,0,0,0,0,0,0,0,10000,0,0,0,10000,0,10000,10000
04544P,欣興富邦96售02  ,0,0,0,0,0,0,0,0,0,10000,0,0,0,10000,0,10000,10000
045450,元油2X富邦93購04,0,0,0,0,0,0,0,0,0,10000,0,0,0,10000,0,10000,10000
044526,訊芯凱基93購02  ,0,0,0,0,0,0,0,0,0,10000,0,0,0,10000,0,10000,10000
044548,京元電第一91購01,0,0,0,0,0,0,0,0,0,10000,0,0,0,10000,0,10000,10000
044567,華通凱基93購03  ,0,0,0,0,0,0,0,0,0,10000,0,0,0,10000,0,10000,10000
044570,智邦凱基91購06  ,0,0,0,0,0,0,0,0,0,10000,0,0,0,30000,20000,10000,10000
045442,南亞科元富92購02,0,0,0,0,0,0,0,0,0,10000,0,0,0,10000,0,10000,10000
044495,可成元大91購09  ,0,0,0,0,0,0,0,0,0,10000,0,0,0,10000,0,10000,10000
04450P,京元電凱基94售01,0,0,0,0,0,0,0,0,0,10000,0,0,0,10000,0,10000,10000
044511,全新凱基92購01  ,0,0,0,0,0,0,0,0,0,10000,0,0,0,20000,10000,10000,10000
04174P,上銀群益93售06  ,0,0,0,0,0,0,0,0,0,10000,0,0,0,22000,12000,10000,10000
03998P,GIS群益93售01   ,0,0,0,0,0,0,0,0,0,10000,0,0,0,10000,0,10000,10000
03992P,臺股指統一93售06,0,0,0,0,0,0,0,0,0,10000,0,0,0,10000,0,10000,10000
042803,天鈺元大93購01  ,0,0,0,0,0,0,0,0,0,10000,0,0,0,50000,40000,10000,10000
03566P,臺股指日盛03售01,0,0,0,0,0,0,0,0,0,10000,0,0,0,10000,0,10000,10000
03518P,臺股指國票02售07,0,0,0,0,0,0,0,0,0,10000,0,0,0,10000,0,10000,10000
03191P,國巨國泰03售02  ,0,0,0,0,0,0,0,0,0,10000,0,0,0,10000,0,10000,10000
04312P,聯茂統一93售02  ,0,0,0,0,0,0,0,0,0,10000,0,0,0,10000,0,10000,10000
043023,康普元大94購01  ,0,0,0,0,0,0,0,0,0,10000,0,0,0,20000,10000,10000,10000
00678,群益NBI生技     ,0,0,0,0,0,0,0,0,0,10000,20000,0,20000,19000,29000,-10000,10000
03645P,群創統一92售01  ,0,0,0,0,0,0,0,0,0,10000,0,0,0,10000,0,10000,10000
03618P,嘉澤元大92售03  ,0,0,0,0,0,0,0,0,0,10000,0,0,0,10000,0,10000,10000
03779P,力山凱基93售01  ,0,0,0,0,0,0,0,0,0,10000,0,0,0,10000,0,10000,10000
044402,景碩凱基93購01  ,0,0,0,0,0,0,0,0,0,10000,0,0,0,10000,0,10000,10000
044398,南亞科凱基91購09,0,0,0,0,0,0,0,0,0,10000,0,0,0,10000,0,10000,10000
044399,南亞科凱基91購10,0,0,0,0,0,0,0,0,0,10000,0,0,0,10000,0,10000,10000
044377,南茂兆豐93購01  ,0,0,0,0,0,0,0,0,0,10000,0,0,0,10000,0,10000,10000
044306,瑞儀兆豐93購02  ,0,0,0,0,0,0,0,0,0,10000,0,0,0,10000,0,10000,10000
044331,深中小統一91購01,0,0,0,0,0,0,0,0,0,10000,0,0,0,10000,0,10000,10000
044327,大立光元富91購04,0,0,0,0,0,0,0,0,0,10000,0,0,0,10000,0,10000,10000
044224,超眾凱基93購01  ,0,0,0,0,0,0,0,0,0,10000,0,0,0,20000,10000,10000,10000
044220,欣興凱基91購05  ,0,0,0,0,0,0,0,0,0,10000,0,0,0,10000,0,10000,10000
044059,南亞科元大91購09,0,0,0,0,0,0,0,0,0,10000,0,0,0,10000,0,10000,10000
044055,智邦元大92購03  ,0,0,0,0,0,0,0,0,0,10000,0,0,0,10000,0,10000,10000
044046,台達電麥證91購01,0,0,0,10000,0,10000,0,0,0,10000,0,0,0,10000,0,10000,10000
044954,可成凱基92購01  ,0,0,0,0,0,0,0,0,0,10000,0,0,0,10000,0,10000,10000
044484,超眾康和91購01  ,0,0,0,0,0,0,0,0,0,10000,0,0,0,10000,0,10000,10000
04500P,燿華統一94售01  ,0,0,0,0,0,0,0,0,0,10000,0,0,0,10000,0,10000,10000
044998,玉晶光國泰94購01,0,0,0,0,0,0,0,0,0,10000,0,0,0,10000,0,10000,10000
044966,台表科中信94購01,0,0,0,0,0,0,0,0,0,10000,0,0,0,60000,50000,10000,10000
045787,TPK元大93購04   ,0,0,0,0,0,0,0,0,0,10000,0,0,0,10000,0,10000,10000
044775,TPK元大93購01   ,0,0,0,0,0,0,0,0,0,10000,0,0,0,10000,0,10000,10000
044734,台積電國泰93購01,0,0,0,0,0,0,0,0,0,10000,0,0,0,10000,0,10000,10000
044761,嘉澤凱基91購07  ,0,0,0,0,0,0,0,0,0,10000,0,0,0,10000,0,10000,10000
045718,瑞昱凱基92購01  ,0,0,0,0,0,0,0,0,0,10000,0,0,0,12000,2000,10000,10000
043788,瑞昱凱基91購10  ,0,0,0,0,0,0,0,0,0,10000,0,0,0,10000,0,10000,10000
043790,南亞科凱基91購07,0,0,0,0,0,0,0,0,0,10000,0,0,0,10000,0,10000,10000
045658,儒鴻國泰93購01  ,0,0,0,0,0,0,0,0,0,10000,0,0,0,55000,45000,10000,10000
045642,致伸凱基92購02  ,0,0,0,0,0,0,0,0,0,10000,0,0,0,10000,0,10000,10000
045676,京元電元大92購03,0,0,0,0,0,0,0,0,0,10000,0,0,0,120000,110000,10000,10000
044149,TPK群益92購01   ,0,0,0,0,0,0,0,0,0,10000,0,0,0,10000,0,10000,10000
044117,創意兆豐92購01  ,0,0,0,0,0,0,0,0,0,10000,0,0,0,10000,0,10000,10000
044136,百和凱基93購01  ,0,0,0,0,0,0,0,0,0,10000,0,0,0,10000,0,10000,10000
043956,聯茂統一91購02  ,0,0,0,0,0,0,0,0,0,10000,0,0,0,10000,0,10000,10000
043942,玉山金兆豐91購01,0,0,0,0,0,0,0,0,0,10000,0,0,0,10000,0,10000,10000
044884,嘉澤群益93購01  ,0,0,0,0,0,0,0,0,0,10000,0,0,0,45000,35000,10000,10000
043824,世紀鋼群益92購01,0,0,0,0,0,0,0,0,0,10000,0,0,0,10000,0,10000,10000
043892,矽創元大92購01  ,0,0,0,0,0,0,0,0,0,10000,0,0,0,10000,0,10000,10000
043906,和大凱基91購03  ,0,0,0,0,0,0,0,0,0,10000,0,0,0,10000,0,10000,10000
045226,TPK元大93購02   ,0,0,0,0,0,0,0,0,0,10000,0,0,0,10000,0,10000,10000
045218,華邦電元大92購03,0,0,0,0,0,0,0,0,0,10000,0,0,0,10000,0,10000,10000
045248,儒鴻凱基92購01  ,0,0,0,0,0,0,0,0,0,10000,0,0,0,10000,0,10000,10000
045232,台達電日盛92購01,0,0,0,0,0,0,0,0,0,10000,0,0,0,10000,0,10000,10000
04526P,美律凱基94售03  ,0,0,0,0,0,0,0,0,0,10000,0,0,0,10000,0,10000,10000
045265,和鑫凱基94購01  ,0,0,0,0,0,0,0,0,0,10000,0,0,0,10000,0,10000,10000
045814,可成麥證93購01  ,0,0,0,30000,20000,10000,0,0,0,10000,0,0,0,30000,20000,10000,10000
045115,玉晶光永豐94購01,0,0,0,0,0,0,0,0,0,10000,0,0,0,10000,0,10000,10000
045157,台勝科凱基92購01,0,0,0,0,0,0,0,0,0,10000,0,0,0,10000,0,10000,10000
045150,聯發科凱基93購03,0,0,0,0,0,0,0,0,0,10000,0,0,0,10000,0,10000,10000
04516P,台積電群益94售07,0,0,0,0,0,0,0,0,0,10000,0,0,0,20000,10000,10000,10000
045198,光磊凱基92購01  ,0,0,0,0,0,0,0,0,0,10000,0,0,0,10000,0,10000,10000
045357,麗豐凱基92購01  ,0,0,0,0,0,0,0,0,0,10000,0,0,0,10000,0,10000,10000
048585,瑞儀富邦93購01  ,0,0,0,0,0,0,0,0,0,10000,0,0,0,10000,0,10000,10000
04856P,光磊元富94售01  ,0,0,0,0,0,0,0,0,0,10000,0,0,0,10000,0,10000,10000
047853,臺股指元富93購03,0,0,0,0,0,0,0,0,0,10000,0,0,0,10000,0,10000,10000
047828,華新元大93購03  ,0,0,0,0,0,0,0,0,0,10000,0,0,0,10000,0,10000,10000
048986,訊連元大94購01  ,0,0,0,0,0,0,0,0,0,10000,0,0,0,10000,0,10000,10000
048895,光罩國泰95購01  ,0,1000,-1000,0,0,0,0,0,0,11000,0,0,0,21000,10000,11000,10000
048907,高鐵富邦94購01  ,0,0,0,0,0,0,0,0,0,10000,0,0,0,10000,0,10000,10000
047995,台達電元大96購01,0,0,0,0,0,0,0,0,0,10000,0,0,0,11000,1000,10000,10000
047583,深中小永豐94購01,0,0,0,0,0,0,0,0,0,10000,0,0,0,10000,0,10000,10000
047617,瑞昱凱基93購07  ,0,0,0,0,0,0,0,0,0,10000,0,0,0,10000,0,10000,10000
047678,景碩台新93購01  ,0,0,0,0,0,0,0,0,0,10000,0,0,0,10000,0,10000,10000
047692,T50反1國票94購01,0,0,0,0,0,0,0,0,0,10000,0,0,0,10000,0,10000,10000
047297,康控元富93購01  ,0,0,0,0,0,0,0,0,0,10000,0,0,0,10000,0,10000,10000
047277,晶技永豐93購01  ,0,0,0,0,0,0,0,0,0,10000,0,0,0,10000,0,10000,10000
046453,台積電凱基92購21,0,0,0,0,0,0,0,0,0,10000,0,0,0,55000,45000,10000,10000
046781,A50永豐93購01   ,0,0,0,0,0,0,0,0,0,10000,0,0,0,10000,0,10000,10000
046785,禾伸堂永豐93購01,0,0,0,0,0,0,0,0,0,10000,0,0,0,70000,60000,10000,10000
047231,大立光凱基95購03,0,0,0,0,0,0,0,0,0,10000,0,0,0,26000,16000,10000,10000
04646P,TPK凱基94售03   ,0,0,0,0,0,0,0,0,0,10000,0,0,0,74000,64000,10000,10000
04775P,台積電凱基94售29,0,0,0,0,0,0,0,0,0,10000,0,0,0,10000,0,10000,10000
047494,華邦電元富96購01,0,0,0,0,0,0,0,0,0,10000,0,0,0,24000,14000,10000,10000
047495,新日興元富96購01,0,0,0,0,0,0,0,0,0,10000,0,0,0,10000,0,10000,10000
047507,台塑國票93購01  ,0,0,0,0,0,0,0,0,0,10000,0,0,0,10000,0,10000,10000
048261,鴻海元富95購01  ,0,0,0,0,0,0,0,0,0,10000,0,0,0,130000,120000,10000,10000
048317,大立光凱基93購36,0,0,0,0,0,0,0,0,0,10000,0,0,0,10000,0,10000,10000
048074,美利達元富93購01,0,0,0,0,0,0,0,0,0,10000,0,0,0,10000,0,10000,10000
048082,台苯凱基93購01  ,0,0,0,0,0,0,0,0,0,10000,0,0,0,10000,0,10000,10000
047526,可成元大93購08  ,0,0,0,0,0,0,0,0,0,10000,0,0,0,10000,0,10000,10000
048703,康控國票95購01  ,0,0,0,0,0,0,0,0,0,10000,0,0,0,10000,0,10000,10000
048713,美利達康和94購01,0,0,0,0,0,0,0,0,0,10000,0,0,0,10000,0,10000,10000
04871P,力成元富94售02  ,0,0,0,0,0,0,0,0,0,10000,0,0,0,10000,0,10000,10000
04864P,欣興元大94售10  ,0,0,0,0,0,0,0,0,0,10000,0,0,0,10000,0,10000,10000
046791,台郡統一96購01  ,0,0,0,0,0,0,0,0,0,10000,0,0,0,25000,15000,10000,10000
047920,南亞科凱基93購04,0,0,0,0,0,0,0,0,0,10000,0,0,0,10000,0,10000,10000
047921,南亞科凱基93購05,0,0,0,0,0,0,0,0,0,10000,0,0,0,10000,0,10000,10000
047929,景碩凱基93購03  ,0,0,0,0,0,0,0,0,0,10000,0,0,0,10000,0,10000,10000
047894,大成鋼群益93購01,0,0,0,0,0,0,0,0,0,10000,0,0,0,10000,0,10000,10000
047185,益航元大94購02  ,0,0,0,0,0,0,0,0,0,10000,0,0,0,10000,0,10000,10000
047207,晶技國泰94購01  ,0,0,0,0,0,0,0,0,0,10000,0,0,0,57000,47000,10000,10000
046377,聯發科凱基92購03,0,0,0,0,0,0,0,0,0,10000,0,0,0,10000,0,10000,10000
046352,智邦群益92購02  ,0,0,0,0,0,0,0,0,0,10000,0,0,0,10000,0,10000,10000
047093,寶成元富93購01  ,0,0,0,0,0,0,0,0,0,10000,0,0,0,20000,10000,10000,10000
046803,可成元大93購03  ,0,0,0,0,0,0,0,0,0,10000,0,0,0,10000,0,10000,10000
046863,康友元大93購01  ,0,0,0,0,0,0,0,0,0,10000,0,0,0,106000,96000,10000,10000
046981,智伸科兆豐94購01,0,0,0,0,0,0,0,0,0,10000,0,0,0,10000,0,10000,10000
046988,南亞科凱基93購02,0,0,0,0,0,0,0,0,0,10000,0,0,0,10000,0,10000,10000
04696P,亞德客國泰95售02,0,0,0,0,0,0,0,0,0,10000,0,0,0,130000,120000,10000,10000
046966,南茂中信93購01  ,0,0,0,0,0,0,0,0,0,10000,0,0,0,10000,0,10000,10000
045935,台光電群益92購01,0,0,0,0,0,0,0,0,0,10000,0,0,0,10000,0,10000,10000
046762,大立光凱基93購13,0,0,0,0,0,0,0,0,0,10000,0,0,0,10000,0,10000,10000
046754,技嘉凱基93購05  ,0,0,0,0,0,0,0,0,0,10000,0,0,0,10000,0,10000,10000
047023,聯發科元大93購08,0,0,0,0,0,0,0,0,0,10000,0,0,0,10000,0,10000,10000
046713,鴻海國泰93購02  ,0,0,0,0,0,0,0,0,0,10000,0,0,0,10000,0,10000,10000
048523,TPK元富94購01   ,0,0,0,0,0,0,0,0,0,10000,0,0,0,10000,0,10000,10000
048532,大立光國票93購06,0,0,0,0,0,0,0,0,0,10000,0,0,0,10000,0,10000,10000
048482,柏文中信94購01  ,0,0,0,0,0,0,0,0,0,10000,0,0,0,10000,0,10000,10000
048437,義隆麥證93購01  ,0,0,0,10000,0,10000,0,0,0,10000,0,0,0,10000,0,10000,10000
048387,台達電國票94購01,0,0,0,0,0,0,0,0,0,10000,0,0,0,20000,10000,10000,10000
048337,致茂元大93購04  ,0,0,0,0,0,0,0,0,0,10000,0,0,0,10000,0,10000,10000
048331,臺指反富邦97購01,0,0,0,0,0,0,0,0,0,10000,0,0,0,20000,10000,10000,10000
048366,深中小統一93購02,0,0,0,0,0,0,0,0,0,10000,0,0,0,10000,0,10000,10000
048768,景碩凱基94購02  ,0,0,0,0,0,0,0,0,0,10000,0,0,0,10000,0,10000,10000
048236,A50正2國票97購02,0,0,0,0,0,0,0,0,0,10000,0,0,0,10000,0,10000,10000
048206,臺股指元大93購40,0,0,0,0,0,0,0,0,0,10000,0,0,0,10000,0,10000,10000
046560,南亞科凱基92購04,0,0,0,0,0,0,0,0,0,10000,0,0,0,10000,0,10000,10000
046057,致伸群益92購01  ,0,0,0,0,0,0,0,0,0,10000,0,0,0,10000,0,10000,10000
04605P,台積電兆豐94售03,0,0,0,0,0,0,0,0,0,10000,0,0,0,10000,0,10000,10000
047401,南茂永豐93購01  ,0,0,0,0,0,0,0,0,0,10000,0,0,0,10000,0,10000,10000
045880,超眾元富92購01  ,0,0,0,0,0,0,0,0,0,10000,0,0,0,10000,0,10000,10000
048830,和鑫凱基94購03  ,0,0,0,0,0,0,0,0,0,10000,0,0,0,10000,0,10000,10000
045901,中磊元大92購01  ,0,0,0,0,0,0,0,0,0,10000,0,0,0,10000,0,10000,10000
046624,彩晶凱基94購02  ,0,0,0,0,0,0,0,0,0,10000,0,0,0,10000,0,10000,10000
046626,台光電統一94購01,0,0,0,0,0,0,0,0,0,10000,0,0,0,20000,10000,10000,10000
047306,儒鴻元大93購03  ,0,0,0,0,0,0,0,0,0,10000,0,0,0,10000,0,10000,10000
047307,儒鴻元大93購04  ,0,0,0,0,0,0,0,0,0,10000,0,0,0,60000,50000,10000,10000
047309,鴻海元大93購13  ,0,0,0,0,0,0,0,0,0,10000,0,0,0,54000,44000,10000,10000
04951P,緯創中信94售01  ,0,0,0,0,0,0,0,0,0,10000,0,0,0,10000,0,10000,10000
04950P,上証2X中信96售02,0,0,0,0,0,0,0,0,0,10000,0,0,0,10000,0,10000,10000
049375,大立光元大94購13,0,0,0,0,0,0,0,0,0,10000,0,0,0,10000,0,10000,10000
049845,台積電麥證94購01,0,0,0,30000,20000,10000,0,0,0,10000,0,0,0,30000,20000,10000,10000
049850,上緯控群益94購01,0,0,0,0,0,0,0,0,0,10000,0,0,0,10000,0,10000,10000
049862,南亞科兆豐94購01,0,0,0,0,0,0,0,0,0,10000,0,0,0,10000,0,10000,10000
049603,富邦金亞東94購01,0,0,0,0,0,0,0,0,0,10000,0,0,0,10000,0,10000,10000
049902,大立光元富94購05,0,0,0,0,0,0,0,0,0,10000,0,0,0,30000,20000,10000,10000
04913P,聯詠元富94售02  ,0,0,0,0,0,0,0,0,0,10000,0,0,0,10000,0,10000,10000
049129,S&P反1元大97購01,0,0,0,0,0,0,0,0,0,10000,0,0,0,10000,0,10000,10000
049104,元油2X富邦97購02,0,0,0,0,0,0,0,0,0,10000,0,0,0,10000,0,10000,10000
046704,智原元富93購01  ,0,0,0,0,0,0,0,0,0,10000,0,0,0,20000,10000,10000,10000
046691,儒鴻凱基93購02  ,0,0,0,0,0,0,0,0,0,10000,0,0,0,10000,0,10000,10000
046094,南茂兆豐92購01  ,0,0,0,0,0,0,0,0,0,10000,0,0,0,10000,0,10000,10000
046182,燿華凱基93購04  ,0,0,0,0,0,0,0,0,0,10000,0,0,0,10000,0,10000,10000
046131,矽創元大92購03  ,0,0,0,0,0,0,0,0,0,10000,0,0,0,10000,0,10000,10000
046227,聯發科元大92購12,0,0,0,0,0,0,0,0,0,10000,0,0,0,10000,0,10000,10000
046213,可成統一92購06  ,0,0,0,0,0,0,0,0,0,10000,0,0,0,20000,10000,10000,10000
051009,緯創麥證95購01  ,0,0,0,10000,0,10000,0,0,0,10000,0,0,0,10000,0,10000,10000
051135,建準永豐95購01  ,0,0,0,0,0,0,0,0,0,10000,0,0,0,10000,0,10000,10000
05112P,燿華統一95售01  ,0,0,0,0,0,0,0,0,0,10000,0,0,0,58000,48000,10000,10000
051216,為升元富95購01  ,0,0,0,0,0,0,0,0,0,10000,0,0,0,10000,0,10000,10000
051206,大立光麥證95購02,0,0,0,10000,0,10000,0,0,0,10000,0,0,0,10000,0,10000,10000
051311,瑞昱麥證95購01  ,0,0,0,370000,360000,10000,0,0,0,10000,0,0,0,370000,360000,10000,10000
051312,國泰金麥證95購01,0,0,0,10000,0,10000,0,0,0,10000,0,0,0,10000,0,10000,10000
051316,T50反1國票95購02,0,0,0,0,0,0,0,0,0,10000,0,0,0,10000,0,10000,10000
051319,光磊國票96購02  ,0,0,0,0,0,0,0,0,0,10000,0,0,0,10000,0,10000,10000
051249,潤泰全元大95購01,0,0,0,0,0,0,0,0,0,10000,0,0,0,10000,0,10000,10000
051572,上銀元大95購01  ,0,0,0,0,0,0,0,0,0,10000,0,0,0,12000,2000,10000,10000
051626,可成麥證95購02  ,0,0,0,10000,0,10000,0,0,0,10000,0,0,0,10000,0,10000,10000
05159P,聯發科永豐95售04,0,0,0,0,0,0,0,0,0,10000,0,0,0,10000,0,10000,10000
051338,揚明光永豐95購02,0,0,0,0,0,0,0,0,0,10000,0,0,0,10000,0,10000,10000
052171,台積電元大95購21,0,0,0,0,0,0,0,0,0,10000,0,0,0,193000,183000,10000,10000
052123,泰碩國票95購01  ,0,0,0,0,0,0,0,0,0,10000,0,0,0,11000,1000,10000,10000
052053,泰鼎凱基96購01  ,0,0,0,0,0,0,0,0,0,10000,0,0,0,10000,0,10000,10000
052205,台積電中信95購09,0,0,0,0,0,0,0,0,0,10000,0,0,0,35000,25000,10000,10000
052293,泰碩國票95購03  ,0,0,0,0,0,0,0,0,0,10000,0,0,0,40000,30000,10000,10000
051922,鴻海亞東96購02  ,0,0,0,0,0,0,0,0,0,10000,0,0,0,1090000,1080000,10000,10000
051935,味全群益95購01  ,0,0,0,0,0,0,0,0,0,10000,0,0,0,10000,0,10000,10000
051852,啟碁群益95購01  ,0,0,0,0,0,0,0,0,0,10000,0,0,0,10000,0,10000,10000
051733,中環國票96購02  ,0,0,0,0,0,0,0,0,0,10000,0,0,0,20000,10000,10000,10000
051699,世紀鋼麥證95購01,0,0,0,10000,0,10000,0,0,0,10000,0,0,0,10000,0,10000,10000
051786,A50正2國票95購02,0,0,0,0,0,0,0,0,0,10000,0,0,0,30000,20000,10000,10000
051807,瑞昱凱基95購03  ,0,0,0,0,0,0,0,0,0,10000,0,0,0,10000,0,10000,10000
050343,鴻海元富94購01  ,0,0,0,0,0,0,0,0,0,10000,0,0,0,10000,0,10000,10000
050458,台郡元大94購03  ,0,0,0,0,0,0,0,0,0,10000,0,0,0,11000,1000,10000,10000
050418,為升凱基94購06  ,0,0,0,0,0,0,0,0,0,10000,0,0,0,20000,10000,10000,10000
050567,道瓊銀中信96購01,0,0,0,0,0,0,0,0,0,10000,0,0,0,10000,0,10000,10000
050593,台表科永豐94購03,0,0,0,0,0,0,0,0,0,10000,0,0,0,10000,0,10000,10000
05072P,聯電元富95售02  ,0,0,0,0,0,0,0,0,0,10000,0,0,0,10000,0,10000,10000
050718,茂林群益94購04  ,0,0,0,0,0,0,0,0,0,10000,0,0,0,12000,2000,10000,10000
050811,國巨凱基95購02  ,0,0,0,0,0,0,0,0,0,10000,0,0,0,49000,39000,10000,10000
050787,致伸國泰96購01  ,0,0,0,0,0,0,0,0,0,10000,0,0,0,20000,10000,10000,10000
050747,道瓊銀統一94購03,0,0,0,0,0,0,0,0,0,10000,0,0,0,10000,0,10000,10000
050775,TPK元大96購01   ,0,0,0,0,0,0,0,0,0,10000,0,0,0,10000,0,10000,10000
050827,致伸凱基95購01  ,0,0,0,0,0,0,0,0,0,10000,0,0,0,10000,0,10000,10000
05093P,可成元大95售03  ,0,0,0,0,0,0,0,0,0,10000,0,0,0,50000,40000,10000,10000
049207,茂林群益94購02  ,0,0,0,0,0,0,0,0,0,10000,0,0,0,10000,0,10000,10000
049230,台達電富邦96購01,0,0,0,0,0,0,0,0,0,10000,0,0,0,20000,10000,10000,10000
050020,為升元大94購06  ,0,0,0,0,0,0,0,0,0,10000,0,0,0,10000,0,10000,10000
050267,奇鋐元大94購03  ,0,0,0,0,0,0,0,0,0,10000,0,0,0,10000,0,10000,10000
050201,光磊群益94購01  ,0,0,0,0,0,0,0,0,0,10000,0,0,0,21000,11000,10000,10000
050131,新光金凱基94購01,0,0,0,0,0,0,0,0,0,10000,0,0,0,10000,0,10000,10000
049949,燿華群益96購01  ,0,0,0,0,0,0,0,0,0,10000,0,0,0,10000,0,10000,10000
049728,正崴中信94購01  ,0,0,0,0,0,0,0,0,0,10000,0,0,0,20000,10000,10000,10000
049332,深中小統一94購02,0,0,0,0,0,0,0,0,0,10000,0,0,0,10000,0,10000,10000
049181,正文凱基94購03  ,0,0,0,0,0,0,0,0,0,10000,0,0,0,10000,0,10000,10000
2906,高林            ,10000,0,10000,0,0,0,0,0,0,0,0,0,0,0,0,0,10000
3058,立德            ,10000,0,10000,0,0,0,0,0,0,0,0,0,0,0,0,0,10000
1903,士紙            ,10000,0,10000,0,0,0,0,0,0,0,0,0,0,0,0,0,10000
1419,新紡            ,10000,0,10000,0,0,0,0,0,0,0,0,0,0,0,0,0,10000
1503,士電            ,24000,11000,13000,0,0,0,0,0,0,-3000,0,3000,-3000,0,0,0,10000
08995P,台灣50群益01售12,0,0,0,0,0,0,0,0,0,10000,0,0,0,20000,10000,10000,10000
08612P,嘉晶凱基9C售03  ,0,0,0,0,0,0,0,0,0,10000,0,0,0,10000,0,10000,10000
05952P,台積電國票97售06,0,0,0,0,0,0,0,0,0,10000,0,0,0,91000,81000,10000,10000
05845P,大立光元大96售06,0,0,0,0,0,0,0,0,0,10000,0,0,0,10000,0,10000,10000
05846P,大立光元大96售07,0,0,0,0,0,0,0,0,0,10000,0,0,0,10000,0,10000,10000
05580P,美律凱基96售03  ,0,0,0,0,0,0,0,0,0,10000,0,0,0,10000,0,10000,10000
05621P,聯電中信96售01  ,0,0,0,0,0,0,0,0,0,10000,0,0,0,80000,70000,10000,10000
05769P,台積電凱基96售16,0,0,0,0,0,0,0,0,0,10000,0,0,0,217000,207000,10000,10000
05694P,台積電凱基96售09,0,0,0,0,0,0,0,0,0,10000,0,0,0,40000,30000,10000,10000
3406,玉晶光          ,944000,657000,287000,0,0,0,0,221000,-221000,-56000,189000,218000,-29000,35000,62000,-27000,10000
6573,虹揚-KY         ,17000,6000,11000,0,0,0,0,0,0,-1000,0,1000,-1000,0,0,0,10000
9931,欣高            ,10000,0,10000,0,0,0,0,0,0,0,0,0,0,0,0,0,10000
053648,台積電凱基97購04,0,0,0,0,0,0,0,0,0,9000,0,0,0,9000,0,9000,9000
053536,明泰永豐96購01  ,0,0,0,0,0,0,0,0,0,9000,0,0,0,77000,68000,9000,9000
053520,康友群益96購01  ,0,0,0,0,0,0,0,0,0,9000,0,0,0,26000,17000,9000,9000
052969,建準群益97購01  ,0,0,0,0,0,0,0,0,0,9000,0,0,0,50000,41000,9000,9000
052351,中環元富95購01  ,0,0,0,0,0,0,0,0,0,9000,0,0,0,9000,0,9000,9000
052380,臺股指元大95購21,0,0,0,0,0,0,0,0,0,9000,0,0,0,10000,1000,9000,9000
052487,國巨國票96購07  ,0,0,0,0,0,0,0,0,0,9000,0,0,0,9000,0,9000,9000
054789,高鐵群益98購01  ,0,0,0,0,0,0,0,0,0,9000,0,0,0,26000,17000,9000,9000
054426,國泰金富邦97購02,0,0,0,0,0,0,0,0,0,9000,0,0,0,13000,4000,9000,9000
054565,玉晶光群益99購02,0,0,0,0,0,0,0,0,0,9000,0,0,0,21000,12000,9000,9000
054596,聯發科麥證97購01,0,0,0,10000,1000,9000,0,0,0,9000,0,0,0,10000,1000,9000,9000
054489,牧德台新97購02  ,0,0,0,0,0,0,0,0,0,9000,0,0,0,21000,12000,9000,9000
05417P,燿華永豐95售07  ,0,0,0,0,0,0,0,0,0,9000,0,0,0,9000,0,9000,9000
054063,聯茂國票97購02  ,0,0,0,0,0,0,0,0,0,9000,0,0,0,53000,44000,9000,9000
043842,寶滬深元富91購01,0,0,0,0,0,0,0,0,0,9000,0,0,0,9000,0,9000,9000
044156,華新科永豐91購02,0,0,0,0,0,0,0,0,0,9000,0,0,0,20000,11000,9000,9000
04574P,台達電統一94售05,0,0,0,0,0,0,0,0,0,9000,0,0,0,20000,11000,9000,9000
044003,聯發科兆豐93購01,0,0,0,0,0,0,0,0,0,9000,0,0,0,65000,56000,9000,9000
044363,聯茂中信91購01  ,0,0,0,0,0,0,0,0,0,9000,0,0,0,9000,0,9000,9000
044446,鈺齊中信91購01  ,0,0,0,0,0,0,0,0,0,9000,0,0,0,9000,0,9000,9000
044474,鈺齊群益91購01  ,0,0,0,0,0,0,0,0,0,9000,0,0,0,20000,11000,9000,9000
04310P,京元電統一93售03,0,0,0,0,0,0,0,0,0,9000,0,0,0,10000,1000,9000,9000
044606,鈺齊國泰92購01  ,0,0,0,0,0,0,0,0,0,9000,0,0,0,9000,0,9000,9000
043728,美律國泰93購01  ,0,0,0,0,0,0,0,0,0,9000,0,0,0,150000,141000,9000,9000
04620P,聯電統一94售04  ,0,0,0,0,0,0,0,0,0,9000,0,0,0,9000,0,9000,9000
047311,台積電元大93購19,0,0,0,0,0,0,0,0,0,9000,0,0,0,56000,47000,9000,9000
046618,南亞科凱基93購01,0,0,0,0,0,0,0,0,0,9000,0,0,0,10000,1000,9000,9000
047567,欣興國票93購05  ,0,0,0,0,0,0,0,0,0,9000,0,0,0,9000,0,9000,9000
050255,GIS富邦95購01   ,0,0,0,0,0,0,0,0,0,9000,0,0,0,25000,16000,9000,9000
05037P,華新科元大95售09,0,0,0,0,0,0,0,0,0,9000,0,0,0,9000,0,9000,9000
050282,T50反1凱基97購01,0,0,0,0,0,0,0,0,0,9000,0,0,0,10000,1000,9000,9000
051690,超眾凱基95購03  ,0,0,0,0,0,0,0,0,0,9000,0,0,0,37000,28000,9000,9000
051946,健策統一98購01  ,0,0,0,0,0,0,0,0,0,9000,0,0,0,313000,304000,9000,9000
05200P,臺股指永豐95售03,0,0,0,0,0,0,0,0,0,9000,0,0,0,20000,11000,9000,9000
051449,玉晶光元大96購01,0,0,0,0,0,0,0,0,0,9000,0,0,0,20000,11000,9000,9000
051437,百和元富95購02  ,0,0,0,0,0,0,0,0,0,9000,0,0,0,10000,1000,9000,9000
051194,大立光中信96購02,0,0,0,0,0,0,0,0,0,9000,0,0,0,9000,0,9000,9000
9926,新海            ,9000,0,9000,0,0,0,0,0,0,0,0,0,0,0,0,0,9000
910322,康師傅-DR       ,9000,0,9000,0,0,0,0,0,0,0,0,0,0,0,0,0,9000
8411,福貞-KY         ,11000,0,11000,0,0,0,0,0,0,-2000,0,2000,-2000,0,0,0,9000
6243,迅杰            ,10000,0,10000,0,0,0,0,0,0,-1000,0,1000,-1000,0,0,0,9000
3494,誠研            ,14000,2000,12000,0,0,0,0,0,0,-3000,0,3000,-3000,0,0,0,9000
05954P,旺宏國票97售03  ,0,0,0,0,0,0,0,0,0,9000,0,0,0,16000,7000,9000,9000
1616,億泰            ,9000,0,9000,0,0,0,0,0,0,0,0,0,0,0,0,0,9000
2029,盛餘            ,13000,4000,9000,0,0,0,0,0,0,0,0,0,0,0,0,0,9000
2722,夏都            ,9000,0,9000,0,0,0,0,0,0,0,0,0,0,0,0,0,9000
05411P,台積電國票96售08,0,0,0,0,0,0,0,0,0,8000,0,0,0,10000,2000,8000,8000
05403P,台積電富邦95售08,0,0,0,0,0,0,0,0,0,8000,0,0,0,10000,2000,8000,8000
054135,大立光元大97購04,0,0,0,0,0,0,0,0,0,8000,0,0,0,10000,2000,8000,8000
054790,禾伸堂群益98購01,0,0,0,0,0,0,0,0,0,8000,0,0,0,40000,32000,8000,8000
052511,聯發科凱基95購14,0,0,0,0,0,0,0,0,0,8000,0,0,0,36000,28000,8000,8000
052641,聯詠台新96購01  ,0,0,0,0,0,0,0,0,0,8000,0,0,0,216000,208000,8000,8000
05293P,廣達凱基95售01  ,0,0,0,0,0,0,0,0,0,8000,0,0,0,11000,3000,8000,8000
05282P,可成元大95售09  ,0,0,0,0,0,0,0,0,0,8000,0,0,0,69000,61000,8000,8000
053423,亞光永豐96購01  ,0,0,0,0,0,0,0,0,0,8000,0,0,0,20000,12000,8000,8000
053352,義隆兆豐96購01  ,0,0,0,0,0,0,0,0,0,8000,0,0,0,8000,0,8000,8000
053039,聯發科凱基96購11,0,0,0,0,0,0,0,0,0,8000,0,0,0,46000,38000,8000,8000
04275P,南亞科凱基93售08,0,0,0,0,0,0,0,0,0,8000,0,0,0,22000,14000,8000,8000
042427,易華電元大91購01,0,0,0,0,0,0,0,0,0,8000,0,0,0,8000,0,8000,8000
044696,旺宏元大91購04  ,0,0,0,0,0,0,0,0,0,8000,0,0,0,8000,0,8000,8000
041452,滬深2X元富93購01,0,0,0,0,0,0,0,0,0,8000,0,0,0,305000,297000,8000,8000
03237P,大立光元大02售04,0,0,0,0,0,0,0,0,0,8000,0,0,0,9000,1000,8000,8000
03090X,元展84          ,0,0,0,0,0,0,0,0,0,8000,0,0,0,8000,0,8000,8000
04376P,漢唐元大94售04  ,0,0,0,0,0,0,0,0,0,8000,0,0,0,8000,0,8000,8000
044750,鴻海凱基93購07  ,0,0,0,0,0,0,0,0,0,8000,0,0,0,18000,10000,8000,8000
048574,台積電國泰95購02,0,0,0,0,0,0,0,0,0,8000,0,0,0,8000,0,8000,8000
045406,群創康和92購01  ,0,0,0,0,0,0,0,0,0,8000,0,0,0,8000,0,8000,8000
045236,元油2X國票92購05,0,0,0,0,0,0,0,0,0,8000,0,0,0,8000,0,8000,8000
047996,華邦電元大93購04,0,0,0,0,0,0,0,0,0,8000,0,0,0,10000,2000,8000,8000
047233,智原凱基93購01  ,0,0,0,0,0,0,0,0,0,8000,0,0,0,68000,60000,8000,8000
047268,嘉聯益台新93購01,0,0,0,0,0,0,0,0,0,8000,0,0,0,8000,0,8000,8000
047969,台達電富邦97購01,0,0,0,0,0,0,0,0,0,8000,0,0,0,153000,145000,8000,8000
048702,正文國票95購01  ,0,0,0,0,0,0,0,0,0,8000,0,0,0,10000,2000,8000,8000
047488,臺股指凱基93購04,0,0,0,0,0,0,0,0,0,8000,0,0,0,12000,4000,8000,8000
047032,台虹元大93購01  ,0,0,0,0,0,0,0,0,0,8000,0,0,0,29000,21000,8000,8000
046845,燿華永豐93購01  ,0,0,0,0,0,0,0,0,0,8000,0,0,0,148000,140000,8000,8000
046566,臻鼎凱基92購06  ,0,0,0,0,0,0,0,0,0,8000,0,0,0,8000,0,8000,8000
047379,元油2X元大96購03,0,0,0,0,0,0,0,0,0,8000,0,0,0,10000,2000,8000,8000
047408,嘉晶統一95購01  ,0,0,0,0,0,0,0,0,0,8000,0,0,0,8000,0,8000,8000
048766,禾伸堂凱基94購01,0,0,0,0,0,0,0,0,0,8000,0,0,0,30000,22000,8000,8000
049877,南亞科永豐94購01,0,0,0,0,0,0,0,0,0,8000,0,0,0,34000,26000,8000,8000
051402,玉晶光永豐95購04,0,0,0,0,0,0,0,0,0,8000,0,0,0,129000,121000,8000,8000
051586,國泰金元大96購01,0,0,0,0,0,0,0,0,0,8000,0,0,0,8000,0,8000,8000
051637,嘉聯益國票96購01,0,0,0,0,0,0,0,0,0,8000,0,0,0,8000,0,8000,8000
051504,TPK統一95購01   ,0,0,0,0,0,0,0,0,0,8000,0,0,0,56000,48000,8000,8000
051842,大成鋼富邦97購01,0,0,0,0,0,0,0,0,0,8000,0,0,0,28000,20000,8000,8000
051734,台積電國票95購04,0,0,0,0,0,0,0,0,0,8000,0,0,0,10000,2000,8000,8000
05228P,大立光元富95售09,0,0,0,0,0,0,0,0,0,8000,0,0,0,8000,0,8000,8000
050639,GIS國票96購01   ,0,0,0,0,0,0,0,0,0,8000,0,0,0,130000,122000,8000,8000
050688,大立光日盛94購03,0,0,0,0,0,0,0,0,0,8000,0,0,0,10000,2000,8000,8000
050076,百和凱基94購02  ,0,0,0,0,0,0,0,0,0,8000,0,0,0,11000,3000,8000,8000
049262,大立光元大94購09,0,0,0,0,0,0,0,0,0,8000,0,0,0,53000,45000,8000,8000
049204,京元電群益94購02,0,0,0,0,0,0,0,0,0,8000,0,0,0,50000,42000,8000,8000
049451,富邦金統一94購03,0,0,0,0,0,0,0,0,0,8000,0,0,0,8000,0,8000,8000
049426,為升兆豐95購01  ,0,0,0,0,0,0,0,0,0,8000,0,0,0,8000,0,8000,8000
04971P,矽力元富94售02  ,0,0,0,0,0,0,0,0,0,8000,0,0,0,20000,12000,8000,8000
049712,為升凱基94購03  ,0,0,0,0,0,0,0,0,0,8000,0,0,0,8000,0,8000,8000
2891B,中信金乙特      ,0,0,0,0,0,0,0,0,0,8000,5000,0,5000,3000,0,3000,8000
1726,永記            ,15000,7000,8000,0,0,0,0,0,0,0,0,0,0,0,0,0,8000
1219,福壽            ,8000,0,8000,0,0,0,0,0,0,0,0,0,0,0,0,0,8000
05892P,大立光中信98售03,0,0,0,0,0,0,0,0,0,8000,0,0,0,8000,0,8000,8000
05659P,A50正2中信97售01,0,0,0,0,0,0,0,0,0,8000,0,0,0,8000,0,8000,8000
3669,圓展            ,8000,0,8000,0,0,0,0,0,0,0,0,0,0,0,0,0,8000
9918,欣天然          ,7000,0,7000,0,0,0,0,0,0,1000,1000,0,1000,0,0,0,8000
9943,好樂迪          ,9000,1000,8000,0,0,0,0,0,0,0,0,0,0,0,0,0,8000
053049,T50反1國票98購01,0,0,0,0,0,0,0,0,0,7000,0,0,0,7000,0,7000,7000
05314P,臺股指群益95售13,0,0,0,0,0,0,0,0,0,7000,0,0,0,8000,1000,7000,7000
053122,美律凱基98購01  ,0,0,0,0,0,0,0,0,0,7000,0,0,0,43000,36000,7000,7000
053250,百和國票97購02  ,0,0,0,0,0,0,0,0,0,7000,0,0,0,7000,0,7000,7000
053384,聯發科元大96購13,0,0,0,0,0,0,0,0,0,7000,0,0,0,47000,40000,7000,7000
053449,超眾凱基98購01  ,0,0,0,0,0,0,0,0,0,7000,0,0,0,20000,13000,7000,7000
053555,日月光凱基97購01,0,0,0,0,0,0,0,0,0,7000,0,0,0,7000,0,7000,7000
052826,嘉聯益永豐96購01,0,0,0,0,0,0,0,0,0,7000,0,0,0,82000,75000,7000,7000
052813,T50正2永豐96購01,0,0,0,0,0,0,0,0,0,7000,0,0,0,93000,86000,7000,7000
053827,漢唐麥證9A購01  ,0,0,0,27000,20000,7000,0,0,0,7000,0,0,0,27000,20000,7000,7000
044478,友達統一93購01  ,0,0,0,0,0,0,0,0,0,7000,0,0,0,7000,0,7000,7000
044217,華新科凱基93購03,0,0,0,0,0,0,0,0,0,7000,0,0,0,7000,0,7000,7000
044010,華通凱基93購01  ,0,0,0,0,0,0,0,0,0,7000,0,0,0,17000,10000,7000,7000
00682U,元大美元指數    ,0,0,0,0,0,0,0,0,0,7000,0,0,0,50000,43000,7000,7000
00711B,FH彭博新興債    ,0,0,0,0,0,0,0,0,0,7000,0,0,0,129000,122000,7000,7000
042979,奇力新凱基92購01,0,0,0,0,0,0,0,0,0,7000,0,0,0,40000,33000,7000,7000
044569,華邦電凱基92購01,0,0,0,0,0,0,0,0,0,7000,0,0,0,10000,3000,7000,7000
04236P,華新科群益93售03,0,0,0,0,0,0,0,0,0,7000,0,0,0,10000,3000,7000,7000
042126,欣興統一92購01  ,0,0,0,0,0,0,0,0,0,7000,0,0,0,7000,0,7000,7000
043442,大立光台新01購01,0,0,0,0,0,0,0,0,0,7000,0,0,0,9000,2000,7000,7000
043650,喬山國泰93購02  ,0,0,0,0,0,0,0,0,0,7000,0,0,0,7000,0,7000,7000
03984P,上銀群益93售05  ,0,0,0,0,0,0,0,0,0,7000,0,0,0,19000,12000,7000,7000
04618P,電子類群益94售02,0,0,0,0,0,0,0,0,0,7000,0,0,0,8000,1000,7000,7000
046324,健策元大92購05  ,0,0,0,0,0,0,0,0,0,7000,0,0,0,8000,1000,7000,7000
048530,大立光國票93購04,0,0,0,0,0,0,0,0,0,7000,0,0,0,7000,0,7000,7000
047445,創意元大93購04  ,0,0,0,0,0,0,0,0,0,7000,0,0,0,7000,0,7000,7000
047424,南亞科亞東93購01,0,0,0,0,0,0,0,0,0,7000,0,0,0,7000,0,7000,7000
048118,百和群益94購03  ,0,0,0,0,0,0,0,0,0,7000,0,0,0,24000,17000,7000,7000
046740,大立光群益95購01,0,0,0,0,0,0,0,0,0,7000,0,0,0,7000,0,7000,7000
047757,達運元富93購01  ,0,0,0,0,0,0,0,0,0,7000,0,0,0,10000,3000,7000,7000
047787,正崴群益93購01  ,0,0,0,0,0,0,0,0,0,7000,0,0,0,42000,35000,7000,7000
047620,貿聯凱基93購01  ,0,0,0,0,0,0,0,0,0,7000,0,0,0,152000,145000,7000,7000
049725,台郡國票94購03  ,0,0,0,0,0,0,0,0,0,7000,0,0,0,9000,2000,7000,7000
049765,上証2X元富94購01,0,0,0,0,0,0,0,0,0,7000,0,0,0,20000,13000,7000,7000
049209,GIS群益94購03   ,0,0,0,0,0,0,0,0,0,7000,0,0,0,58000,51000,7000,7000
049997,聯發科永豐94購04,0,0,0,0,0,0,0,0,0,7000,0,0,0,27000,20000,7000,7000
050673,旺宏富邦96購02  ,0,0,0,0,0,0,0,0,0,7000,0,0,0,110000,103000,7000,7000
050620,和碩元大94購04  ,0,0,0,0,0,0,0,0,0,7000,0,0,0,27000,20000,7000,7000
050437,聯詠凱基94購04  ,0,0,0,0,0,0,0,0,0,7000,0,0,0,56000,49000,7000,7000
052091,緯創元大95購04  ,0,0,0,0,0,0,0,0,0,7000,0,0,0,132000,125000,7000,7000
051430,瑞昱元富95購02  ,0,0,0,0,0,0,0,0,0,7000,0,0,0,7000,0,7000,7000
051229,亞光群益95購01  ,0,0,0,0,0,0,0,0,0,7000,0,0,0,53000,46000,7000,7000
051065,台積電國票96購01,0,0,0,0,0,0,0,0,0,7000,0,0,0,63000,56000,7000,7000
9914,美利達          ,236000,382000,-146000,0,0,0,130000,0,130000,23000,35000,2000,33000,8000,18000,-10000,7000
911616,杜康-DR         ,7000,0,7000,0,0,0,0,0,0,0,0,0,0,0,0,0,7000
6579,研揚            ,7000,0,7000,0,0,0,0,0,0,0,0,0,0,0,0,0,7000
05508P,華通統一97售01  ,0,0,0,0,0,0,0,0,0,7000,0,0,0,11000,4000,7000,7000
05868P,台積電凱基96售17,0,0,0,0,0,0,0,0,0,7000,0,0,0,95000,88000,7000,7000
05930P,景碩康和96售01  ,0,0,0,0,0,0,0,0,0,7000,0,0,0,72000,65000,7000,7000
06022P,緯穎永豐96售03  ,0,0,0,0,0,0,0,0,0,7000,0,0,0,75000,68000,7000,7000
06057P,大立光凱基98售01,0,0,0,0,0,0,0,0,0,7000,0,0,0,9000,2000,7000,7000
2227,裕日車          ,27000,19000,8000,0,0,0,0,0,0,-1000,0,1000,-1000,0,0,0,7000
2239,英利-KY         ,11000,3000,8000,0,0,0,0,0,0,-1000,0,1000,-1000,0,0,0,7000
2882A,國泰特          ,0,0,0,0,0,0,0,0,0,7000,12000,5000,7000,0,0,0,7000
2433,互盛電          ,24000,16000,8000,0,0,0,0,0,0,-1000,0,1000,-1000,0,0,0,7000
053703,緯穎兆豐96購01  ,0,0,0,0,0,0,0,0,0,6000,0,0,0,57000,51000,6000,6000
054236,貿聯群益96購01  ,0,0,0,0,0,0,0,0,0,6000,0,0,0,235000,229000,6000,6000
054261,智伸科元大96購03,0,0,0,0,0,0,0,0,0,6000,0,0,0,6000,0,6000,6000
054412,智邦元大96購03  ,0,0,0,0,0,0,0,0,0,6000,0,0,0,100000,94000,6000,6000
052581,訊芯元富98購01  ,0,0,0,0,0,0,0,0,0,6000,0,0,0,32000,26000,6000,6000
05240P,玉晶光永豐96售01,0,0,0,0,0,0,0,0,0,6000,0,0,0,6000,0,6000,6000
053358,晶技統一98購01  ,0,0,0,0,0,0,0,0,0,6000,0,0,0,6000,0,6000,6000
053165,大立光群益96購03,0,0,0,0,0,0,0,0,0,6000,0,0,0,24000,18000,6000,6000
053116,華新科中信96購01,0,0,0,0,0,0,0,0,0,6000,0,0,0,26000,20000,6000,6000
03953P,易華電凱基94售01,0,0,0,0,0,0,0,0,0,6000,0,0,0,25000,19000,6000,6000
042313,聯鈞凱基91購01  ,0,0,0,0,0,0,0,0,0,6000,0,0,0,39000,33000,6000,6000
04247P,宏達電永豐93售02,0,0,0,0,0,0,0,0,0,6000,0,0,0,18000,12000,6000,6000
04456P,日月光統一94售01,0,0,0,0,0,0,0,0,0,6000,0,0,0,38000,32000,6000,6000
044562,元油2X凱基92購05,0,0,0,0,0,0,0,0,0,6000,0,0,0,6000,0,6000,6000
045499,技嘉凱基92購02  ,0,0,0,0,0,0,0,0,0,6000,0,0,0,6000,0,6000,6000
045458,智邦元大92購05  ,0,0,0,0,0,0,0,0,0,6000,0,0,0,66000,60000,6000,6000
035276,南亞科台新97購01,0,0,0,0,0,0,0,0,0,6000,0,0,0,6000,0,6000,6000
00714,群益道瓊美國地產,0,0,0,0,0,0,0,0,0,6000,0,0,0,212000,206000,6000,6000
00662,富邦NASDAQ      ,0,0,0,0,0,0,0,0,0,6000,0,0,0,147000,141000,6000,6000
00645,富邦日本        ,0,0,0,0,0,0,0,0,0,6000,0,0,0,77000,71000,6000,6000
03625P,欣興群益92售04  ,0,0,0,0,0,0,0,0,0,6000,0,0,0,11000,5000,6000,6000
044202,易華電國票91購02,0,0,0,0,0,0,0,0,0,6000,0,0,0,6000,0,6000,6000
045086,玉晶光元大94購02,0,0,0,0,0,0,0,0,0,6000,0,0,0,57000,51000,6000,6000
048582,國泰金富邦93購01,0,0,0,0,0,0,0,0,0,6000,0,0,0,6000,0,6000,6000
048918,上証2X永豐94購01,0,0,0,0,0,0,0,0,0,6000,0,0,0,10000,4000,6000,6000
048999,康普國票95購01  ,0,0,0,0,0,0,0,0,0,6000,0,0,0,6000,0,6000,6000
047610,致伸第一93購01  ,0,0,0,0,0,0,0,0,0,6000,0,0,0,6000,0,6000,6000
047276,中工永豐93購01  ,0,0,0,0,0,0,0,0,0,6000,0,0,0,60000,54000,6000,6000
046010,大立光元富92購03,0,0,0,0,0,0,0,0,0,6000,0,0,0,35000,29000,6000,6000
047177,上銀元大93購05  ,0,0,0,0,0,0,0,0,0,6000,0,0,0,6000,0,6000,6000
047434,台積電元大93購21,0,0,0,0,0,0,0,0,0,6000,0,0,0,84000,78000,6000,6000
048531,大立光國票93購05,0,0,0,0,0,0,0,0,0,6000,0,0,0,6000,0,6000,6000
049138,台積電元大94購05,0,0,0,0,0,0,0,0,0,6000,0,0,0,122000,116000,6000,6000
04628P,欣興元大95售01  ,0,0,0,0,0,0,0,0,0,6000,0,0,0,6000,0,6000,6000
046088,台光電兆豐92購02,0,0,0,0,0,0,0,0,0,6000,0,0,0,6000,0,6000,6000
04938P,亞德客國票95售01,0,0,0,0,0,0,0,0,0,6000,0,0,0,6000,0,6000,6000
051248,華固元大95購01  ,0,0,0,0,0,0,0,0,0,6000,0,0,0,13000,7000,6000,6000
052145,京元電群益95購02,0,0,0,0,0,0,0,0,0,6000,0,0,0,16000,10000,6000,6000
052308,大立光國泰97購02,0,0,0,0,0,0,0,0,0,6000,0,0,0,128000,122000,6000,6000
052210,華夏元大95購01  ,0,0,0,0,0,0,0,0,0,6000,0,0,0,6000,0,6000,6000
052269,T50反1日盛9B購01,0,0,0,0,0,0,0,0,0,6000,0,0,0,15000,9000,6000,6000
051702,鴻海群益95購08  ,0,0,0,0,0,0,0,0,0,6000,0,0,0,11000,5000,6000,6000
051954,矽力元富95購04  ,0,0,0,0,0,0,0,0,0,6000,0,0,0,94000,88000,6000,6000
050656,瑞儀凱基96購01  ,0,0,0,0,0,0,0,0,0,6000,0,0,0,7000,1000,6000,6000
050706,柏文凱基94購01  ,0,0,0,0,0,0,0,0,0,6000,0,0,0,6000,0,6000,6000
050751,聯電統一94購05  ,0,0,0,0,0,0,0,0,0,6000,0,0,0,76000,70000,6000,6000
050062,聯發科凱基94購08,0,0,0,0,0,0,0,0,0,6000,0,0,0,126000,120000,6000,6000
050194,臻鼎元大94購03  ,0,0,0,0,0,0,0,0,0,6000,0,0,0,6000,0,6000,6000
049187,義隆台新94購01  ,0,0,0,0,0,0,0,0,0,6000,0,0,0,6000,0,6000,6000
049501,台郡元大95購01  ,0,0,0,0,0,0,0,0,0,6000,0,0,0,6000,0,6000,6000
2430,燦坤            ,7000,0,7000,0,0,0,0,0,0,-1000,0,1000,-1000,0,0,0,6000
2466,冠西電          ,11000,4000,7000,0,0,0,0,0,0,-1000,0,1000,-1000,0,0,0,6000
2887E,台新戊特        ,0,0,0,0,0,0,0,0,0,6000,6000,0,6000,0,0,0,6000
2723,美食-KY         ,168000,130000,38000,0,0,0,0,0,0,-32000,0,4000,-4000,6000,34000,-28000,6000
2712,遠雄來          ,9000,4000,5000,0,0,0,0,0,0,1000,1000,0,1000,0,0,0,6000
2701,萬企            ,6000,0,6000,0,0,0,0,0,0,0,0,0,0,0,0,0,6000
3027,盛達            ,7000,1000,6000,0,0,0,0,0,0,0,0,0,0,0,0,0,6000
2009,第一銅          ,10000,4000,6000,0,0,0,0,0,0,0,0,0,0,0,0,0,6000
1612,宏泰            ,10000,5000,5000,0,0,0,0,0,0,1000,1000,0,1000,0,0,0,6000
1203,味王            ,6000,0,6000,0,0,0,0,0,0,0,0,0,0,0,0,0,6000
05932P,鴻海凱基96售16  ,0,0,0,0,0,0,0,0,0,6000,0,0,0,16000,10000,6000,6000
05947P,大成鋼元大96售03,0,0,0,0,0,0,0,0,0,6000,0,0,0,7000,1000,6000,6000
05891P,聯發科中信98售03,0,0,0,0,0,0,0,0,0,6000,0,0,0,6000,0,6000,6000
05758P,光罩永豐96售02  ,0,0,0,0,0,0,0,0,0,6000,0,0,0,54000,48000,6000,6000
6184,大豐電          ,7000,1000,6000,0,0,0,0,0,0,0,0,0,0,0,0,0,6000
6215,和椿            ,9000,2000,7000,0,0,0,0,0,0,-1000,0,1000,-1000,0,0,0,6000
8462,柏文            ,28000,23000,5000,0,0,0,0,0,0,1000,0,0,0,1000,0,1000,6000
053088,奇鋐元大98購01  ,0,0,0,0,0,0,0,0,0,5000,0,0,0,5000,0,5000,5000
053093,緯穎元大96購06  ,0,0,0,0,0,0,0,0,0,5000,0,0,0,47000,42000,5000,5000
053129,緯穎凱基96購01  ,0,0,0,0,0,0,0,0,0,5000,0,0,0,5000,0,5000,5000
05312P,臺股指群益95售11,0,0,0,0,0,0,0,0,0,5000,0,0,0,5000,0,5000,5000
053070,訊芯群益96購01  ,0,0,0,0,0,0,0,0,0,5000,0,0,0,202000,197000,5000,5000
053203,智易日盛96購01  ,0,0,0,0,0,0,0,0,0,5000,0,0,0,5000,0,5000,5000
053303,建準凱基96購03  ,0,0,0,0,0,0,0,0,0,5000,0,0,0,5000,0,5000,5000
05336P,臺股指國票95售05,0,0,0,0,0,0,0,0,0,5000,0,0,0,5000,0,5000,5000
053546,台積電凱基96購13,0,0,0,0,0,0,0,0,0,5000,0,0,0,14000,9000,5000,5000
053547,台積電凱基96購14,0,0,0,0,0,0,0,0,0,5000,0,0,0,102000,97000,5000,5000
053579,華通元大97購01  ,0,0,0,0,0,0,0,0,0,5000,0,0,0,31000,26000,5000,5000
052452,茂林元大95購03  ,0,0,0,0,0,0,0,0,0,5000,0,0,0,92000,87000,5000,5000
052447,聯發科元大96購04,0,0,0,0,0,0,0,0,0,5000,0,0,0,38000,33000,5000,5000
052587,景碩永豐97購01  ,0,0,0,0,0,0,0,0,0,5000,0,0,0,5000,0,5000,5000
052838,新唐國泰98購01  ,0,0,0,0,0,0,0,0,0,5000,0,0,0,5000,0,5000,5000
052712,旺宏凱基96購02  ,0,0,0,0,0,0,0,0,0,5000,0,0,0,119000,114000,5000,5000
05275P,國巨凱基95售05  ,0,0,0,0,0,0,0,0,0,5000,0,0,0,175000,170000,5000,5000
052950,超眾國票98購01  ,0,0,0,0,0,0,0,0,0,5000,0,0,0,35000,30000,5000,5000
052915,創意元富96購01  ,0,0,0,0,0,0,0,0,0,5000,0,0,0,5000,0,5000,5000
052872,智易凱基96購01  ,0,0,0,0,0,0,0,0,0,5000,0,0,0,5000,0,5000,5000
054511,香港反元大98購01,0,0,0,0,0,0,0,0,0,5000,0,0,0,5000,0,5000,5000
05449P,臺股指元大95售26,0,0,0,0,0,0,0,0,0,5000,0,0,0,5000,0,5000,5000
054458,復盛群益96購01  ,0,0,0,0,0,0,0,0,0,5000,0,0,0,113000,108000,5000,5000
054583,玉晶光統一97購02,0,0,0,0,0,0,0,0,0,5000,0,0,0,102000,97000,5000,5000
054727,台積電日盛97購02,0,0,0,0,0,0,0,0,0,5000,0,0,0,5000,0,5000,5000
05480P,滬深2X凱基96售05,0,0,0,0,0,0,0,0,0,5000,0,0,0,10000,5000,5000,5000
05496P,聯詠統一95售04  ,0,0,0,0,0,0,0,0,0,5000,0,0,0,10000,5000,5000,5000
054008,大立光元富96購06,0,0,0,0,0,0,0,0,0,5000,0,0,0,70000,65000,5000,5000
05371P,臺股指中信95售10,0,0,0,0,0,0,0,0,0,5000,0,0,0,7000,2000,5000,5000
053842,聯發科統一96購08,0,0,0,0,0,0,0,0,0,5000,0,0,0,134000,129000,5000,5000
053939,台表科元富96購03,0,0,0,0,0,0,0,0,0,5000,0,0,0,15000,10000,5000,5000
053891,欣興群益98購01  ,0,0,0,0,0,0,0,0,0,5000,0,0,0,55000,50000,5000,5000
053892,景碩群益96購02  ,0,0,0,0,0,0,0,0,0,5000,0,0,0,10000,5000,5000,5000
053919,可成國票97購02  ,0,0,0,0,0,0,0,0,0,5000,0,0,0,5000,0,5000,5000
053909,致伸凱基97購01  ,0,0,0,0,0,0,0,0,0,5000,0,0,0,5000,0,5000,5000
048588,世紀鋼中信94購01,0,0,0,0,0,0,0,0,0,5000,0,0,0,5000,0,5000,5000
047822,臺股指凱基93購16,0,0,0,0,0,0,0,0,0,5000,0,0,0,5000,0,5000,5000
045851,健策永豐92購01  ,0,0,0,0,0,0,0,0,0,5000,0,0,0,84000,79000,5000,5000
045363,台達電兆豐92購01,0,0,0,0,0,0,0,0,0,5000,0,0,0,5000,0,5000,5000
045219,瑞昱元大92購01  ,0,0,0,0,0,0,0,0,0,5000,0,0,0,5000,0,5000,5000
045296,台積電元大93購03,0,0,0,0,0,0,0,0,0,5000,0,0,0,5000,0,5000,5000
045297,台積電元大93購04,0,0,0,0,0,0,0,0,0,5000,0,0,0,5000,0,5000,5000
044237,漢唐永豐91購01  ,0,0,0,0,0,0,0,0,0,5000,0,0,0,5000,0,5000,5000
04427P,滬深2X元大97售02,0,0,0,0,0,0,0,0,0,5000,0,0,0,15000,10000,5000,5000
044066,聯詠元大91購06  ,0,0,0,0,0,0,0,0,0,5000,0,0,0,5000,0,5000,5000
045766,上証2X元富92購01,0,0,0,0,0,0,0,0,0,5000,0,0,0,5000,0,5000,5000
044733,潤泰全國票91購01,0,0,0,0,0,0,0,0,0,5000,0,0,0,5000,0,5000,5000
044820,臻鼎兆豐93購02  ,0,0,0,0,0,0,0,0,0,5000,0,0,0,20000,15000,5000,5000
043915,聯詠凱基91購03  ,0,0,0,0,0,0,0,0,0,5000,0,0,0,5000,0,5000,5000
03802P,GIS元大93售07   ,0,0,0,0,0,0,0,0,0,5000,0,0,0,5000,0,5000,5000
00657,國泰日經225     ,0,0,0,0,0,0,0,0,0,5000,0,0,0,112000,107000,5000,5000
00666R,富邦恒生國企反1 ,0,0,0,0,0,0,0,0,0,5000,0,0,0,86000,81000,5000,5000
03243P,台積電統一02售08,0,0,0,0,0,0,0,0,0,5000,0,0,0,5000,0,5000,5000
03252P,台積電台新02售01,0,0,0,0,0,0,0,0,0,5000,0,0,0,120000,115000,5000,5000
03185P,台積電元大01售49,0,0,0,0,0,0,0,0,0,5000,0,0,0,5000,0,5000,5000
04295P,智邦元大93售10  ,0,0,0,0,0,0,0,0,0,5000,0,0,0,5000,0,5000,5000
03893P,為升凱基93售03  ,0,0,0,0,0,0,0,0,0,5000,0,0,0,5000,0,5000,5000
045519,宏達電元富92購01,0,0,0,0,0,0,0,0,0,5000,0,0,0,5000,0,5000,5000
045501,國泰金凱基92購01,0,0,0,0,0,0,0,0,0,5000,0,0,0,40000,35000,5000,5000
045571,元油2X元大95購04,0,0,0,0,0,0,0,0,0,5000,0,0,0,10000,5000,5000,5000
044676,台積電凱基91購20,0,0,0,0,0,0,0,0,0,5000,0,0,0,5000,0,5000,5000
044540,智原群益91購02  ,0,0,0,0,0,0,0,0,0,5000,0,0,0,5000,0,5000,5000
042291,可成元大91購03  ,0,0,0,0,0,0,0,0,0,5000,0,0,0,5000,0,5000,5000
041956,聯發科富邦91購01,0,0,0,0,0,0,0,0,0,5000,0,0,0,5000,0,5000,5000
03947P,新光金國泰94售01,0,0,0,0,0,0,0,0,0,5000,0,0,0,245000,240000,5000,5000
04050P,創意元大93售05  ,0,0,0,0,0,0,0,0,0,5000,0,0,0,5000,0,5000,5000
042641,國巨麥證91購03  ,0,0,0,6000,1000,5000,0,0,0,5000,0,0,0,6000,1000,5000,5000
042643,智易兆豐92購01  ,0,0,0,0,0,0,0,0,0,5000,0,0,0,5000,0,5000,5000
049510,楠梓電凱基94購01,0,0,0,0,0,0,0,0,0,5000,0,0,0,5000,0,5000,5000
049803,華新科元大95購07,0,0,0,0,0,0,0,0,0,5000,0,0,0,31000,26000,5000,5000
049836,矽創凱基94購02  ,0,0,0,0,0,0,0,0,0,5000,0,0,0,6000,1000,5000,5000
049913,微星元大94購01  ,0,0,0,0,0,0,0,0,0,5000,0,0,0,5000,0,5000,5000
04614P,光罩群益94售02  ,0,0,0,0,0,0,0,0,0,5000,0,0,0,5000,0,5000,5000
046274,鎧勝凱基92購01  ,0,0,0,0,0,0,0,0,0,5000,0,0,0,5000,0,5000,5000
04909P,鴻海統一94售10  ,0,0,0,0,0,0,0,0,0,5000,0,0,0,5000,0,5000,5000
046322,群創元大92購08  ,0,0,0,0,0,0,0,0,0,5000,0,0,0,5000,0,5000,5000
046317,亞光元大92購04  ,0,0,0,0,0,0,0,0,0,5000,0,0,0,5000,0,5000,5000
048535,超眾國票94購02  ,0,0,0,0,0,0,0,0,0,5000,0,0,0,5000,0,5000,5000
048460,盛群凱基94購01  ,0,0,0,0,0,0,0,0,0,5000,0,0,0,5000,0,5000,5000
048345,緯創元大94購01  ,0,0,0,0,0,0,0,0,0,5000,0,0,0,15000,10000,5000,5000
048751,京鼎元富96購01  ,0,0,0,0,0,0,0,0,0,5000,0,0,0,5000,0,5000,5000
046531,臻鼎兆豐92購02  ,0,0,0,0,0,0,0,0,0,5000,0,0,0,65000,60000,5000,5000
048780,臺股指凱基94購03,0,0,0,0,0,0,0,0,0,5000,0,0,0,5000,0,5000,5000
047329,聯茂元大93購04  ,0,0,0,0,0,0,0,0,0,5000,0,0,0,73000,68000,5000,5000
047895,台積電群益94購04,0,0,0,0,0,0,0,0,0,5000,0,0,0,109000,104000,5000,5000
04638P,臺股指群益94售13,0,0,0,0,0,0,0,0,0,5000,0,0,0,5000,0,5000,5000
046029,微星元大92購02  ,0,0,0,0,0,0,0,0,0,5000,0,0,0,5000,0,5000,5000
04597P,為升凱基94售02  ,0,0,0,0,0,0,0,0,0,5000,0,0,0,5000,0,5000,5000
046862,台郡元大94購01  ,0,0,0,0,0,0,0,0,0,5000,0,0,0,19000,14000,5000,5000
046893,華新科群益94購01,0,0,0,0,0,0,0,0,0,5000,0,0,0,5000,0,5000,5000
046944,奇力新元大96購01,0,0,0,0,0,0,0,0,0,5000,0,0,0,12000,7000,5000,5000
047295,欣興元富96購02  ,0,0,0,0,0,0,0,0,0,5000,0,0,0,15000,10000,5000,5000
046496,鴻海元大92購16  ,0,0,0,0,0,0,0,0,0,5000,0,0,0,21000,16000,5000,5000
046447,儒鴻凱基92購04  ,0,0,0,0,0,0,0,0,0,5000,0,0,0,5000,0,5000,5000
047727,拓凱群益94購01  ,0,0,0,0,0,0,0,0,0,5000,0,0,0,5000,0,5000,5000
048695,滬深2X國票95購03,0,0,0,0,0,0,0,0,0,5000,0,0,0,10000,5000,5000,5000
049498,茂林元大95購01  ,0,0,0,0,0,0,0,0,0,5000,0,0,0,12000,7000,5000,5000
049406,T50反1日盛97購01,0,0,0,0,0,0,0,0,0,5000,0,0,0,5000,0,5000,5000
049351,揚明光永豐94購01,0,0,0,0,0,0,0,0,0,5000,0,0,0,55000,50000,5000,5000
049299,矽創群益94購01  ,0,0,0,0,0,0,0,0,0,5000,0,0,0,31000,26000,5000,5000
050251,樺漢凱基94購02  ,0,0,0,0,0,0,0,0,0,5000,0,0,0,47000,42000,5000,5000
049223,鎧勝國票95購01  ,0,0,0,0,0,0,0,0,0,5000,0,0,0,5000,0,5000,5000
05099P,台積電凱基95售06,0,0,0,0,0,0,0,0,0,5000,0,0,0,15000,10000,5000,5000
050838,為升國票96購01  ,0,0,0,0,0,0,0,0,0,5000,0,0,0,5000,0,5000,5000
050814,微星凱基95購01  ,0,0,0,0,0,0,0,0,0,5000,0,0,0,5000,0,5000,5000
050912,正崴中信95購02  ,0,0,0,0,0,0,0,0,0,5000,0,0,0,5000,0,5000,5000
050886,台積電富邦95購04,0,0,0,0,0,0,0,0,0,5000,0,0,0,25000,20000,5000,5000
050415,力成永豐94購01  ,0,0,0,0,0,0,0,0,0,5000,0,0,0,20000,15000,5000,5000
050416,高股息凱基96購02,0,0,0,0,0,0,0,0,0,5000,0,0,0,106000,101000,5000,5000
050326,正崴永豐94購03  ,0,0,0,0,0,0,0,0,0,5000,0,0,0,5000,0,5000,5000
050586,康友國票94購01  ,0,0,0,0,0,0,0,0,0,5000,0,0,0,5000,0,5000,5000
051846,S&P反1中信96購02,0,0,0,0,0,0,0,0,0,5000,0,0,0,5000,0,5000,5000
051905,道瓊銀元大95購01,0,0,0,0,0,0,0,0,0,5000,0,0,0,5000,0,5000,5000
052194,旺宏元富95購04  ,0,0,0,0,0,0,0,0,0,5000,0,0,0,13000,8000,5000,5000
05209P,鴻海凱基96售09  ,0,0,0,0,0,0,0,0,0,5000,0,0,0,5000,0,5000,5000
052048,景碩凱基95購01  ,0,0,0,0,0,0,0,0,0,5000,0,0,0,5000,0,5000,5000
051198,鴻海麥證95購02  ,0,0,0,15000,10000,5000,0,0,0,5000,0,0,0,15000,10000,5000,5000
051064,鴻海國票95購01  ,0,0,0,0,0,0,0,0,0,5000,0,0,0,1331000,1326000,5000,5000
05107P,鴻海兆豐96售02  ,0,0,0,0,0,0,0,0,0,5000,0,0,0,5000,0,5000,5000
051434,中磊元富95購02  ,0,0,0,0,0,0,0,0,0,5000,0,0,0,20000,15000,5000,5000
051451,世芯元大95購03  ,0,0,0,0,0,0,0,0,0,5000,0,0,0,5000,0,5000,5000
051364,鴻海國泰97購03  ,0,0,0,0,0,0,0,0,0,5000,0,0,0,30000,25000,5000,5000
051493,台郡凱基95購02  ,0,0,0,0,0,0,0,0,0,5000,0,0,0,10000,5000,5000,5000
05156P,群創兆豐95售01  ,0,0,0,0,0,0,0,0,0,5000,0,0,0,5000,0,5000,5000
05165P,欣興元富95售03  ,0,0,0,0,0,0,0,0,0,5000,0,0,0,30000,25000,5000,5000
051590,玉晶光元大96購02,0,0,0,0,0,0,0,0,0,5000,0,0,0,29000,24000,5000,5000
051583,可成元大95購07  ,0,0,0,0,0,0,0,0,0,5000,0,0,0,5000,0,5000,5000
8429,金麗-KY         ,20000,15000,5000,0,0,0,0,0,0,0,0,0,0,0,0,0,5000
8443,阿瘦            ,5000,0,5000,0,0,0,0,0,0,0,0,0,0,0,0,0,5000
3694,海華            ,6000,1000,5000,0,0,0,0,0,0,0,1000,1000,0,0,0,0,5000
3209,全科            ,18000,12000,6000,0,0,0,0,0,0,-1000,0,1000,-1000,0,0,0,5000
4755,三福化          ,5000,0,5000,0,0,0,0,0,0,0,0,0,0,0,0,0,5000
05626P,景碩國票97售03  ,0,0,0,0,0,0,0,0,0,5000,0,0,0,5000,0,5000,5000
05559P,臺股指麥證96售01,0,0,0,65000,60000,5000,0,0,0,5000,0,0,0,65000,60000,5000,5000
05562P,鴻海元大96售16  ,0,0,0,0,0,0,0,0,0,5000,0,0,0,15000,10000,5000,5000
05937P,台積電凱基96售21,0,0,0,0,0,0,0,0,0,5000,0,0,0,5000,0,5000,5000
05916P,聯發科元大96售20,0,0,0,0,0,0,0,0,0,5000,0,0,0,15000,10000,5000,5000
05967P,臺股指麥證96售02,0,0,0,95000,90000,5000,0,0,0,5000,0,0,0,95000,90000,5000,5000
06052P,台郡國票97售06  ,0,0,0,0,0,0,0,0,0,5000,0,0,0,15000,10000,5000,5000
08420P,國巨群益9C售12  ,0,0,0,0,0,0,0,0,0,5000,0,0,0,5000,0,5000,5000
06137P,玉晶光永豐97售04,0,0,0,0,0,0,0,0,0,5000,0,0,0,20000,15000,5000,5000
1235,興泰            ,5000,0,5000,0,0,0,0,0,0,0,0,0,0,0,0,0,5000
1236,宏亞            ,5000,0,5000,0,0,0,0,0,0,0,0,0,0,0,0,0,5000
1528,恩德            ,8000,3000,5000,0,0,0,0,0,0,0,0,0,0,0,0,0,5000
1603,華電            ,7000,2000,5000,0,0,0,0,0,0,0,0,0,0,0,0,0,5000
2020,美亞            ,6000,1000,5000,0,0,0,0,0,0,0,0,0,0,0,0,0,5000
3018,同開            ,17000,12000,5000,0,0,0,0,0,0,0,0,0,0,0,0,0,5000
2491,吉祥全          ,5000,0,5000,0,0,0,0,0,0,0,0,0,0,0,0,0,5000
2540,愛山林          ,5000,0,5000,0,0,0,0,0,0,0,0,0,0,0,0,0,5000
053862,南亞科元大97購02,0,0,0,0,0,0,0,0,0,4000,0,0,0,25000,21000,4000,4000
053979,健策元大98購01  ,0,0,0,0,0,0,0,0,0,4000,0,0,0,253000,249000,4000,4000
055025,華新科國泰98購02,0,0,0,0,0,0,0,0,0,4000,0,0,0,4000,0,4000,4000
054695,世芯永豐98購01  ,0,0,0,0,0,0,0,0,0,4000,0,0,0,13000,9000,4000,4000
054386,鴻海統一98購03  ,0,0,0,0,0,0,0,0,0,4000,0,0,0,12000,8000,4000,4000
052949,智易國票97購02  ,0,0,0,0,0,0,0,0,0,4000,0,0,0,4000,0,4000,4000
052592,華通群益98購01  ,0,0,0,0,0,0,0,0,0,4000,0,0,0,4000,0,4000,4000
052671,祥碩群益96購01  ,0,0,0,0,0,0,0,0,0,4000,0,0,0,263000,259000,4000,4000
052502,瀚宇博永豐95購02,0,0,0,0,0,0,0,0,0,4000,0,0,0,52000,48000,4000,4000
053563,台積電富邦97購01,0,0,0,0,0,0,0,0,0,4000,0,0,0,1613000,1609000,4000,4000
053591,大立光元大99購03,0,0,0,0,0,0,0,0,0,4000,0,0,0,30000,26000,4000,4000
053606,臺股指永昌96購02,0,0,0,0,0,0,0,0,0,4000,0,0,0,4000,0,4000,4000
05349P,可成元富98售03  ,0,0,0,0,0,0,0,0,0,4000,0,0,0,4000,0,4000,4000
053402,A50正2群益9A購02,0,0,0,0,0,0,0,0,0,4000,0,0,0,5000,1000,4000,4000
053456,大立光元富96購04,0,0,0,0,0,0,0,0,0,4000,0,0,0,47000,43000,4000,4000
053473,聯發科元大96購15,0,0,0,0,0,0,0,0,0,4000,0,0,0,4000,0,4000,4000
053085,華新科元大97購04,0,0,0,0,0,0,0,0,0,4000,0,0,0,24000,20000,4000,4000
043719,國巨統一93購02  ,0,0,0,0,0,0,0,0,0,4000,0,0,0,4000,0,4000,4000
04114P,電子類富邦93售02,0,0,0,0,0,0,0,0,0,4000,0,0,0,4000,0,4000,4000
044564,喬山凱基92購01  ,0,0,0,0,0,0,0,0,0,4000,0,0,0,4000,0,4000,4000
04176P,台達電元大94售01,0,0,0,0,0,0,0,0,0,4000,0,0,0,5000,1000,4000,4000
03899P,滬深2X群益95售03,0,0,0,0,0,0,0,0,0,4000,0,0,0,4000,0,4000,4000
03397P,台積電中信06售08,0,0,0,0,0,0,0,0,0,4000,0,0,0,4000,0,4000,4000
03597P,玉晶光凱基03售12,0,0,0,0,0,0,0,0,0,4000,0,0,0,4000,0,4000,4000
042902,光寶科元大94購01,0,0,0,0,0,0,0,0,0,4000,0,0,0,4000,0,4000,4000
042930,大立光中信94購01,0,0,0,0,0,0,0,0,0,4000,0,0,0,5000,1000,4000,4000
00681R,元大美債20反1   ,0,0,0,0,0,0,0,0,0,4000,0,0,0,5000,1000,4000,4000
03793P,超眾永豐93售01  ,0,0,0,0,0,0,0,0,0,4000,0,0,0,4000,0,4000,4000
043910,聯發科凱基91購09,0,0,0,0,0,0,0,0,0,4000,0,0,0,4000,0,4000,4000
045767,大立光元富95購01,0,0,0,0,0,0,0,0,0,4000,0,0,0,4000,0,4000,4000
044972,元金2X國票96購01,0,0,0,0,0,0,0,0,0,4000,0,0,0,4000,0,4000,4000
044462,漢唐兆豐93購01  ,0,0,0,0,0,0,0,0,0,4000,0,0,0,4000,0,4000,4000
045229,和碩元大92購01  ,0,0,0,0,0,0,0,0,0,4000,0,0,0,4000,0,4000,4000
045065,旭富永豐92購01  ,0,0,0,0,0,0,0,0,0,4000,0,0,0,4000,0,4000,4000
048547,訊芯永豐93購03  ,0,0,0,0,0,0,0,0,0,4000,0,0,0,75000,71000,4000,4000
048858,大立光群益94購03,0,0,0,0,0,0,0,0,0,4000,0,0,0,4000,0,4000,4000
048931,晶華永豐94購01  ,0,0,0,0,0,0,0,0,0,4000,0,0,0,4000,0,4000,4000
048267,元金反中信93購01,0,0,0,0,0,0,0,0,0,4000,0,0,0,15000,11000,4000,4000
048748,國巨元富96購01  ,0,0,0,0,0,0,0,0,0,4000,0,0,0,4000,0,4000,4000
04750P,臺股指元大94售26,0,0,0,0,0,0,0,0,0,4000,0,0,0,4000,0,4000,4000
046008,臺股指統一92購03,0,0,0,0,0,0,0,0,0,4000,0,0,0,4000,0,4000,4000
046374,台積電凱基92購20,0,0,0,0,0,0,0,0,0,4000,0,0,0,7000,3000,4000,4000
047323,利勤元大93購01  ,0,0,0,0,0,0,0,0,0,4000,0,0,0,4000,0,4000,4000
047447,台郡元大94購02  ,0,0,0,0,0,0,0,0,0,4000,0,0,0,60000,56000,4000,4000
048130,美利達元大96購01,0,0,0,0,0,0,0,0,0,4000,0,0,0,45000,41000,4000,4000
046059,京元電日盛92購01,0,0,0,0,0,0,0,0,0,4000,0,0,0,4000,0,4000,4000
046045,聯茂元大92購07  ,0,0,0,0,0,0,0,0,0,4000,0,0,0,4000,0,4000,4000
048788,華新科元大95購02,0,0,0,0,0,0,0,0,0,4000,0,0,0,87000,83000,4000,4000
046196,欣興凱基92購04  ,0,0,0,0,0,0,0,0,0,4000,0,0,0,4000,0,4000,4000
049680,臺股指國票94購13,0,0,0,0,0,0,0,0,0,4000,0,0,0,4000,0,4000,4000
051538,和碩國票96購01  ,0,0,0,0,0,0,0,0,0,4000,0,0,0,10000,6000,4000,4000
05102P,臺股指凱基96售09,0,0,0,0,0,0,0,0,0,4000,0,0,0,5000,1000,4000,4000
051184,聯發科永豐95購03,0,0,0,0,0,0,0,0,0,4000,0,0,0,7000,3000,4000,4000
051214,大立光統一95購02,0,0,0,0,0,0,0,0,0,4000,0,0,0,97000,93000,4000,4000
052033,臺股指群益95購06,0,0,0,0,0,0,0,0,0,4000,0,0,0,5000,1000,4000,4000
052190,創意群益95購03  ,0,0,0,0,0,0,0,0,0,4000,0,0,0,4000,0,4000,4000
051718,上証2X永豐95購01,0,0,0,0,0,0,0,0,0,4000,0,0,0,6000,2000,4000,4000
051831,緯穎元大96購04  ,0,0,0,0,0,0,0,0,0,4000,0,0,0,107000,103000,4000,4000
051757,佳世達元大95購02,0,0,0,0,0,0,0,0,0,4000,0,0,0,4000,0,4000,4000
050554,百和凱基95購01  ,0,0,0,0,0,0,0,0,0,4000,0,0,0,4000,0,4000,4000
050602,訊芯國泰96購01  ,0,0,0,0,0,0,0,0,0,4000,0,0,0,240000,236000,4000,4000
050493,聯發科永昌96購01,0,0,0,0,0,0,0,0,0,4000,0,0,0,70000,66000,4000,4000
050354,瀚宇博群益94購02,0,0,0,0,0,0,0,0,0,4000,0,0,0,4000,0,4000,4000
050892,聯電元大96購02  ,0,0,0,0,0,0,0,0,0,4000,0,0,0,4000,0,4000,4000
050820,美食凱基95購01  ,0,0,0,0,0,0,0,0,0,4000,0,0,0,4000,0,4000,4000
050996,隆達元大95購01  ,0,0,0,0,0,0,0,0,0,4000,0,0,0,4000,0,4000,4000
049199,茂林永豐95購01  ,0,0,0,0,0,0,0,0,0,4000,0,0,0,4000,0,4000,4000
050038,金融類元大94購04,0,0,0,0,0,0,0,0,0,4000,0,0,0,5000,1000,4000,4000
050141,國巨統一94購07  ,0,0,0,0,0,0,0,0,0,4000,0,0,0,10000,6000,4000,4000
049264,奇鋐元大95購01  ,0,0,0,0,0,0,0,0,0,4000,0,0,0,254000,250000,4000,4000
049943,聯詠第一94購01  ,0,0,0,0,0,0,0,0,0,4000,0,0,0,4000,0,4000,4000
2405,浩鑫            ,36000,30000,6000,0,0,0,0,0,0,-2000,0,2000,-2000,0,0,0,4000
2397,友通            ,6000,2000,4000,0,0,0,0,0,0,0,0,0,0,0,0,0,4000
2936,客思達-KY       ,4000,0,4000,0,0,0,0,0,0,0,0,0,0,0,0,0,4000
3002,歐格            ,5000,2000,3000,0,0,0,0,0,0,1000,3000,2000,1000,0,0,0,4000
2115,六暉-KY         ,6000,2000,4000,0,0,0,0,0,0,0,0,0,0,0,0,0,4000
1583,程泰            ,4000,0,4000,0,0,0,0,0,0,0,0,0,0,0,0,0,4000
1535,中宇            ,4000,0,4000,0,0,0,0,0,0,0,0,0,0,0,0,0,4000
1341,富林-KY         ,4000,0,4000,0,0,0,0,0,0,0,0,0,0,0,0,0,4000
1256,鮮活果汁-KY     ,8000,4000,4000,0,0,0,0,0,0,0,0,0,0,0,0,0,4000
1225,福懋油          ,18000,14000,4000,0,0,0,0,0,0,0,0,0,0,0,0,0,4000
06096P,全新永豐97售02  ,0,0,0,0,0,0,0,0,0,4000,0,0,0,34000,30000,4000,4000
06130P,玉晶光元富97售07,0,0,0,0,0,0,0,0,0,4000,0,0,0,15000,11000,4000,4000
06128P,玉晶光元富97售05,0,0,0,0,0,0,0,0,0,4000,0,0,0,17000,13000,4000,4000
05848P,臺股指元大96售24,0,0,0,0,0,0,0,0,0,4000,0,0,0,9000,5000,4000,4000
05654P,台光電統一96售01,0,0,0,0,0,0,0,0,0,4000,0,0,0,4000,0,4000,4000
05711P,茂林國票97售03  ,0,0,0,0,0,0,0,0,0,4000,0,0,0,16000,12000,4000,4000
4912,聯德控股-KY     ,6000,2000,4000,0,0,0,0,0,0,0,0,0,0,0,0,0,4000
4555,氣立            ,5000,1000,4000,0,0,0,0,0,0,0,0,0,0,0,0,0,4000
6201,亞弘電          ,6000,2000,4000,0,0,0,0,0,0,0,0,0,0,0,0,0,4000
5538,東明-KY         ,5000,0,5000,0,0,0,0,1000,-1000,0,0,0,0,0,0,0,4000
6582,申豐            ,5000,1000,4000,0,0,0,0,0,0,0,0,0,0,0,0,0,4000
8072,陞泰            ,4000,0,4000,0,0,0,0,0,0,0,0,0,0,0,0,0,4000
6464,台數科          ,4000,0,4000,0,0,0,0,0,0,0,0,0,0,0,0,0,4000
9136,巨騰-DR         ,5000,1000,4000,0,0,0,0,0,0,0,0,0,0,0,0,0,4000
9944,新麗            ,4000,0,4000,0,0,0,0,0,0,0,0,0,0,0,0,0,4000
6504,南六            ,7000,3361,3639,0,0,0,0,0,0,0,0,0,0,0,0,0,3639
053259,卜蜂群益97購01  ,0,0,0,0,0,0,0,0,0,3000,0,0,0,3000,0,3000,3000
053374,台達電元大96購03,0,0,0,0,0,0,0,0,0,3000,0,0,0,3000,0,3000,3000
053494,南亞科兆豐96購02,0,0,0,0,0,0,0,0,0,3000,0,0,0,23000,20000,3000,3000
053541,泰鼎永豐96購02  ,0,0,0,0,0,0,0,0,0,3000,0,0,0,25000,22000,3000,3000
052481,利勤群益95購01  ,0,0,0,0,0,0,0,0,0,3000,0,0,0,13000,10000,3000,3000
052373,鴻海元大95購22  ,0,0,0,0,0,0,0,0,0,3000,0,0,0,8000,5000,3000,3000
052579,亞泥元富96購01  ,0,0,0,0,0,0,0,0,0,3000,0,0,0,3000,0,3000,3000
052727,仁寶元富96購01  ,0,0,0,0,0,0,0,0,0,3000,0,0,0,3000,0,3000,3000
052814,上証2X永豐96購02,0,0,0,0,0,0,0,0,0,3000,0,0,0,15000,12000,3000,3000
054877,百和群益98購01  ,0,0,0,0,0,0,0,0,0,3000,0,0,0,12000,9000,3000,3000
054049,亞光元大96購03  ,0,0,0,0,0,0,0,0,0,3000,0,0,0,18000,15000,3000,3000
053903,燿華凱基97購01  ,0,0,0,0,0,0,0,0,0,3000,0,0,0,4000,1000,3000,3000
053886,亞光兆豐96購01  ,0,0,0,0,0,0,0,0,0,3000,0,0,0,14000,11000,3000,3000
049013,川湖群益94購01  ,0,0,0,0,0,0,0,0,0,3000,0,0,0,4000,1000,3000,3000
048869,光罩國票94購01  ,0,0,0,0,0,0,0,0,0,3000,0,0,0,11000,8000,3000,3000
048870,義隆國票96購01  ,0,0,0,0,0,0,0,0,0,3000,0,0,0,3000,0,3000,3000
047841,致伸元大94購01  ,0,0,0,0,0,0,0,0,0,3000,0,0,0,3000,0,3000,3000
04543P,鴻海富邦95售03  ,0,0,0,0,0,0,0,0,0,3000,0,0,0,3000,0,3000,3000
044464,滬深2X群益95購01,0,0,0,0,0,0,0,0,0,3000,0,0,0,130000,127000,3000,3000
044975,台積電國票92購02,0,0,0,0,0,0,0,0,0,3000,0,0,0,33000,30000,3000,3000
045737,友達群益94購01  ,0,0,0,0,0,0,0,0,0,3000,0,0,0,3000,0,3000,3000
045740,大立光群益92購05,0,0,0,0,0,0,0,0,0,3000,0,0,0,3000,0,3000,3000
044090,台光電元富91購03,0,0,0,0,0,0,0,0,0,3000,0,0,0,3000,0,3000,3000
043983,華邦電元大92購01,0,0,0,0,0,0,0,0,0,3000,0,0,0,54000,51000,3000,3000
044888,華新日盛91購01  ,0,0,0,0,0,0,0,0,0,3000,0,0,0,3000,0,3000,3000
044799,華邦電凱基93購01,0,0,0,0,0,0,0,0,0,3000,0,0,0,65000,62000,3000,3000
045635,建準凱基93購02  ,0,0,0,0,0,0,0,0,0,3000,0,0,0,3000,0,3000,3000
03033X,元展30          ,0,0,0,0,0,0,0,0,0,3000,0,0,0,3000,0,3000,3000
00735,國泰臺韓科技    ,0,0,0,0,0,0,0,0,0,3000,0,0,0,156000,153000,3000,3000
03560P,台積電兆豐03售10,0,0,0,0,0,0,0,0,0,3000,0,0,0,3000,0,3000,3000
03928P,鎧勝康和93售01  ,0,0,0,0,0,0,0,0,0,3000,0,0,0,3000,0,3000,3000
04138P,智邦國票93售02  ,0,0,0,0,0,0,0,0,0,3000,0,0,0,3000,0,3000,3000
044580,中磊凱基91購04  ,0,0,0,0,0,0,0,0,0,3000,0,0,0,3000,0,3000,3000
045597,聯發科第一92購01,0,0,0,0,0,0,0,0,0,3000,0,0,0,3000,0,3000,3000
045576,智邦元大92購07  ,0,0,0,0,0,0,0,0,0,3000,0,0,0,163000,160000,3000,3000
03963P,啟碁康和93售01  ,0,0,0,0,0,0,0,0,0,3000,0,0,0,3000,0,3000,3000
03976P,智原元大93售02  ,0,0,0,0,0,0,0,0,0,3000,0,0,0,33000,30000,3000,3000
03977P,上海銀元大93售01,0,0,0,0,0,0,0,0,0,3000,0,0,0,41000,38000,3000,3000
049899,台積電元富94購05,0,0,0,0,0,0,0,0,0,3000,0,0,0,246000,243000,3000,3000
049578,台達電元大94購09,0,0,0,0,0,0,0,0,0,3000,0,0,0,3000,0,3000,3000
049805,美食元大94購02  ,0,0,0,0,0,0,0,0,0,3000,0,0,0,3000,0,3000,3000
049811,聯鈞元大94購01  ,0,0,0,0,0,0,0,0,0,3000,0,0,0,36000,33000,3000,3000
049568,台積電統一94購08,0,0,0,0,0,0,0,0,0,3000,0,0,0,85000,82000,3000,3000
046246,嘉聯益亞東93購01,0,0,0,0,0,0,0,0,0,3000,0,0,0,107000,104000,3000,3000
049169,統一凱基94購01  ,0,0,0,0,0,0,0,0,0,3000,0,0,0,3000,0,3000,3000
048197,義隆元大93購04  ,0,0,0,0,0,0,0,0,0,3000,0,0,0,5000,2000,3000,3000
047438,台光電元大93購06,0,0,0,0,0,0,0,0,0,3000,0,0,0,3000,0,3000,3000
046582,聯發科元大92購23,0,0,0,0,0,0,0,0,0,3000,0,0,0,3000,0,3000,3000
04639P,臺股指群益94售14,0,0,0,0,0,0,0,0,0,3000,0,0,0,214000,211000,3000,3000
047189,聯詠元大93購05  ,0,0,0,0,0,0,0,0,0,3000,0,0,0,13000,10000,3000,3000
047478,旺宏凱基93購04  ,0,0,0,0,0,0,0,0,0,3000,0,0,0,10000,7000,3000,3000
047702,鴻海凱基94購13  ,0,0,0,0,0,0,0,0,0,3000,0,0,0,3000,0,3000,3000
047767,聯發科元大93購20,0,0,0,0,0,0,0,0,0,3000,0,0,0,3000,0,3000,3000
048725,京元電日盛94購01,0,0,0,0,0,0,0,0,0,3000,0,0,0,89000,86000,3000,3000
048092,聯發科凱基93購29,0,0,0,0,0,0,0,0,0,3000,0,0,0,28000,25000,3000,3000
046770,聯發科國泰94購01,0,0,0,0,0,0,0,0,0,3000,0,0,0,3000,0,3000,3000
04645P,禾伸堂凱基94售03,0,0,0,0,0,0,0,0,0,3000,0,0,0,3000,0,3000,3000
047258,亞德客國票93購01,0,0,0,0,0,0,0,0,0,3000,0,0,0,3000,0,3000,3000
049362,國巨元大94購04  ,0,0,0,0,0,0,0,0,0,3000,0,0,0,12000,9000,3000,3000
050171,臺指反元大97購03,0,0,0,0,0,0,0,0,0,3000,0,0,0,3000,0,3000,3000
050116,嘉澤元大94購03  ,0,0,0,0,0,0,0,0,0,3000,0,0,0,3000,0,3000,3000
050234,國巨凱基94購10  ,0,0,0,0,0,0,0,0,0,3000,0,0,0,55000,52000,3000,3000
04925P,和碩元大94售03  ,0,0,0,0,0,0,0,0,0,3000,0,0,0,3000,0,3000,3000
050955,達方群益97購01  ,0,0,0,0,0,0,0,0,0,3000,0,0,0,43000,40000,3000,3000
050682,南亞科元富94購02,0,0,0,0,0,0,0,0,0,3000,0,0,0,17000,14000,3000,3000
050413,麗豐永豐94購01  ,0,0,0,0,0,0,0,0,0,3000,0,0,0,3000,0,3000,3000
050461,GIS元大95購04   ,0,0,0,0,0,0,0,0,0,3000,0,0,0,5000,2000,3000,3000
050622,昇陽半元大94購05,0,0,0,0,0,0,0,0,0,3000,0,0,0,3000,0,3000,3000
051675,瑞儀元大96購02  ,0,0,0,0,0,0,0,0,0,3000,0,0,0,4000,1000,3000,3000
051272,嘉晶群益95購01  ,0,0,0,0,0,0,0,0,0,3000,0,0,0,5000,2000,3000,3000
051294,鴻海元富95購06  ,0,0,0,0,0,0,0,0,0,3000,0,0,0,3000,0,3000,3000
051059,康普群益95購01  ,0,0,0,0,0,0,0,0,0,3000,0,0,0,3000,0,3000,3000
051124,創意群益95購01  ,0,0,0,0,0,0,0,0,0,3000,0,0,0,138000,135000,3000,3000
6281,全國電          ,4000,0,4000,0,0,0,0,0,0,-1000,0,1000,-1000,0,0,0,3000
6205,詮欣            ,3000,0,3000,0,0,0,0,0,0,0,0,0,0,0,0,0,3000
6117,迎廣            ,5000,2000,3000,0,0,0,0,0,0,0,0,0,0,0,0,0,3000
4545,銘鈺            ,3000,0,3000,0,0,0,0,0,0,0,0,0,0,0,0,0,3000
3308,聯德            ,3000,0,3000,0,0,0,0,0,0,0,0,0,0,0,0,0,3000
4106,雃博            ,4000,1000,3000,0,0,0,0,0,0,0,0,0,0,0,0,0,3000
9941A,裕融甲特        ,0,0,0,0,0,0,0,0,0,3000,3000,0,3000,0,0,0,3000
9929,秋雨            ,3000,0,3000,0,0,0,0,0,0,0,0,0,0,0,0,0,3000
8488,吉源-KY         ,3000,0,3000,0,0,0,0,0,0,0,0,0,0,0,0,0,3000
8427,基勝-KY         ,4000,1000,3000,0,0,0,0,0,0,0,0,0,0,0,0,0,3000
8367,建新國際        ,8000,6000,2000,0,0,0,0,0,0,1000,1000,0,1000,0,0,0,3000
05771P,大立光凱基96售13,0,0,0,0,0,0,0,0,0,3000,0,0,0,3000,0,3000,3000
05788P,臺股指永昌96售05,0,0,0,0,0,0,0,0,0,3000,0,0,0,4000,1000,3000,3000
05794P,華邦電群益96售04,0,0,0,0,0,0,0,0,0,3000,0,0,0,3000,0,3000,3000
055059,健和興永豐97購01,0,0,0,0,0,0,0,0,0,3000,0,0,0,3000,0,3000,3000
05872P,大立光凱基96售15,0,0,0,0,0,0,0,0,0,3000,0,0,0,3000,0,3000,3000
06082P,華通統一98售01  ,0,0,0,0,0,0,0,0,0,3000,0,0,0,3000,0,3000,3000
08388P,台灣50中信03售09,0,0,0,0,0,0,0,0,0,3000,0,0,0,3000,0,3000,3000
1101B,台泥乙特        ,0,0,0,0,0,0,0,0,0,3000,3000,0,3000,0,0,0,3000
1414,東和            ,7000,4000,3000,0,0,0,0,0,0,0,0,0,0,0,0,0,3000
1443,立益            ,3000,0,3000,0,0,0,0,0,0,0,0,0,0,0,0,0,3000
1526,日馳            ,11000,8000,3000,0,0,0,0,0,0,0,0,0,0,0,0,0,3000
1470,大統新創        ,3000,0,3000,0,0,0,0,0,0,0,0,0,0,0,0,0,3000
1568,倉佑            ,5000,2000,3000,0,0,0,0,0,0,0,0,0,0,0,0,0,3000
2030,彰源            ,10000,7000,3000,0,0,0,0,0,0,0,0,0,0,0,0,0,3000
2910,統領            ,3000,0,3000,0,0,0,0,0,0,0,0,0,0,0,0,0,3000
2739,寒舍            ,3000,0,3000,0,0,0,0,0,0,0,0,0,0,0,0,0,3000
2611,志信            ,3000,0,3000,0,0,0,0,0,0,0,0,0,0,0,0,0,3000
2613,中櫃            ,3000,0,3000,0,0,0,0,0,0,0,0,0,0,0,0,0,3000
2373,震旦行          ,10000,7000,3000,0,0,0,0,0,0,0,0,0,0,0,0,0,3000
2509,全坤建          ,3000,0,3000,0,0,0,0,0,0,0,0,0,0,0,0,0,3000
2427,三商電          ,5000,1000,4000,0,0,0,0,0,0,-1000,1000,2000,-1000,0,0,0,3000
053911,臺股指凱基96購31,0,0,0,0,0,0,0,0,0,2000,0,0,0,87000,85000,2000,2000
053952,南亞科台新96購01,0,0,0,0,0,0,0,0,0,2000,0,0,0,2000,0,2000,2000
053881,南亞科中信97購01,0,0,0,0,0,0,0,0,0,2000,0,0,0,2000,0,2000,2000
05373P,臺股指中信95售11,0,0,0,0,0,0,0,0,0,2000,0,0,0,2000,0,2000,2000
053748,燿華永豐96購04  ,0,0,0,0,0,0,0,0,0,2000,0,0,0,12000,10000,2000,2000
054103,T50反1凱基99購04,0,0,0,0,0,0,0,0,0,2000,0,0,0,2000,0,2000,2000
054136,亞光元大96購04  ,0,0,0,0,0,0,0,0,0,2000,0,0,0,14000,12000,2000,2000
054142,致伸元大97購01  ,0,0,0,0,0,0,0,0,0,2000,0,0,0,2000,0,2000,2000
054855,得力群益98購01  ,0,0,0,0,0,0,0,0,0,2000,0,0,0,2000,0,2000,2000
05462P,美律亞東97售01  ,0,0,0,0,0,0,0,0,0,2000,0,0,0,2000,0,2000,2000
054649,聯茂群益97購01  ,0,0,0,0,0,0,0,0,0,2000,0,0,0,10000,8000,2000,2000
054813,鴻海元大97購09  ,0,0,0,0,0,0,0,0,0,2000,0,0,0,132000,130000,2000,2000
054352,世芯國泰98購01  ,0,0,0,0,0,0,0,0,0,2000,0,0,0,2000,0,2000,2000
054303,國巨凱基96購15  ,0,0,0,0,0,0,0,0,0,2000,0,0,0,159000,157000,2000,2000
054513,元金2X元大96購01,0,0,0,0,0,0,0,0,0,2000,0,0,0,2000,0,2000,2000
052810,易華電元大96購02,0,0,0,0,0,0,0,0,0,2000,0,0,0,2000,0,2000,2000
05284P,鴻海兆豐95售04  ,0,0,0,0,0,0,0,0,0,2000,0,0,0,2000,0,2000,2000
052751,臺股指元大96購05,0,0,0,0,0,0,0,0,0,2000,0,0,0,2000,0,2000,2000
052858,華通凱基97購02  ,0,0,0,0,0,0,0,0,0,2000,0,0,0,2000,0,2000,2000
052407,樺漢凱基95購01  ,0,0,0,0,0,0,0,0,0,2000,0,0,0,4000,2000,2000,2000
053565,台光電富邦98購01,0,0,0,0,0,0,0,0,0,2000,0,0,0,2000,0,2000,2000
053337,聯電國票97購01  ,0,0,0,0,0,0,0,0,0,2000,0,0,0,12000,10000,2000,2000
053131,華通國票97購03  ,0,0,0,0,0,0,0,0,0,2000,0,0,0,11000,9000,2000,2000
039727,台積電群益91購02,0,0,0,0,0,0,0,0,0,2000,0,0,0,75000,73000,2000,2000
042556,台灣50中信96購04,0,0,0,0,0,0,0,0,0,2000,0,0,0,3000,1000,2000,2000
042588,華新科群益91購01,0,0,0,0,0,0,0,0,0,2000,0,0,0,2000,0,2000,2000
043610,旺宏兆豐92購01  ,0,0,0,0,0,0,0,0,0,2000,0,0,0,2000,0,2000,2000
042363,復盛元大91購01  ,0,0,0,0,0,0,0,0,0,2000,0,0,0,2000,0,2000,2000
045537,華新群益94購01  ,0,0,0,0,0,0,0,0,0,2000,0,0,0,11000,9000,2000,2000
04132P,瑞昱群益93售04  ,0,0,0,0,0,0,0,0,0,2000,0,0,0,2000,0,2000,2000
039319,華新科國泰92購01,0,0,0,0,0,0,0,0,0,2000,0,0,0,34000,32000,2000,2000
04332P,A50正2日盛93售01,0,0,0,0,0,0,0,0,0,2000,0,0,0,22000,20000,2000,2000
03530P,臺股指凱基02售09,0,0,0,0,0,0,0,0,0,2000,0,0,0,2000,0,2000,2000
03423B,臺股指元大94熊29,0,0,0,0,0,0,0,0,0,2000,0,0,0,2000,0,2000,2000
00732,國泰RMB短期報酬 ,0,0,0,0,0,0,0,0,0,2000,0,0,0,102000,100000,2000,2000
03602C,臺股指元大93牛01,0,0,0,0,0,0,0,0,0,2000,0,0,0,3000,1000,2000,2000
020008,元大特股高息N   ,0,0,0,0,0,0,0,0,0,2000,0,0,0,29000,27000,2000,2000
03038X,元展35          ,0,0,0,0,0,0,0,0,0,2000,0,0,0,2000,0,2000,2000
03010X,元展10          ,0,0,0,0,0,0,0,0,0,2000,0,0,0,2000,0,2000,2000
03816P,GIS凱基93售03   ,0,0,0,0,0,0,0,0,0,2000,0,0,0,2000,0,2000,2000
044700,亞光元大91購01  ,0,0,0,0,0,0,0,0,0,2000,0,0,0,2000,0,2000,2000
044030,台積電群益91購06,0,0,0,0,0,0,0,0,0,2000,0,0,0,2000,0,2000,2000
044465,元油2X群益97購01,0,0,0,0,0,0,0,0,0,2000,0,0,0,2000,0,2000,2000
044466,和大群益93購01  ,0,0,0,0,0,0,0,0,0,2000,0,0,0,193000,191000,2000,2000
044427,群創國泰93購01  ,0,0,0,0,0,0,0,0,0,2000,0,0,0,44000,42000,2000,2000
044397,微星凱基92購01  ,0,0,0,0,0,0,0,0,0,2000,0,0,0,2000,0,2000,2000
044310,元黃金台新93購01,0,0,0,0,0,0,0,0,0,2000,0,0,0,2000,0,2000,2000
045839,台郡群益92購01  ,0,0,0,0,0,0,0,0,0,2000,0,0,0,7000,5000,2000,2000
045264,嘉晶凱基92購01  ,0,0,0,0,0,0,0,0,0,2000,0,0,0,12000,10000,2000,2000
045275,台光電統一92購03,0,0,0,0,0,0,0,0,0,2000,0,0,0,2000,0,2000,2000
04785P,鴻海永豐94售03  ,0,0,0,0,0,0,0,0,0,2000,0,0,0,2000,0,2000,2000
045877,友達元富95購01  ,0,0,0,0,0,0,0,0,0,2000,0,0,0,2000,0,2000,2000
048852,旺宏群益96購02  ,0,0,0,0,0,0,0,0,0,2000,0,0,0,4000,2000,2000,2000
048835,牧德凱基94購02  ,0,0,0,0,0,0,0,0,0,2000,0,0,0,9000,7000,2000,2000
048995,宏全元大94購01  ,0,0,0,0,0,0,0,0,0,2000,0,0,0,2000,0,2000,2000
04896P,上証2X中信95售01,0,0,0,0,0,0,0,0,0,2000,0,0,0,2000,0,2000,2000
046465,GIS凱基95購01   ,0,0,0,0,0,0,0,0,0,2000,0,0,0,2000,0,2000,2000
047592,長華永豐93購01  ,0,0,0,0,0,0,0,0,0,2000,0,0,0,2000,0,2000,2000
048003,旭富元大93購01  ,0,0,0,0,0,0,0,0,0,2000,0,0,0,2000,0,2000,2000
047796,臺股指群益93購07,0,0,0,0,0,0,0,0,0,2000,0,0,0,2000,0,2000,2000
047755,麗豐元富93購01  ,0,0,0,0,0,0,0,0,0,2000,0,0,0,14000,12000,2000,2000
047477,台積電凱基93購15,0,0,0,0,0,0,0,0,0,2000,0,0,0,32000,30000,2000,2000
04792P,智邦元大94售06  ,0,0,0,0,0,0,0,0,0,2000,0,0,0,17000,15000,2000,2000
048671,大立光永豐93購04,0,0,0,0,0,0,0,0,0,2000,0,0,0,2000,0,2000,2000
048677,智伸科國泰94購01,0,0,0,0,0,0,0,0,0,2000,0,0,0,24000,22000,2000,2000
048663,聯發科統一96購01,0,0,0,0,0,0,0,0,0,2000,0,0,0,42000,40000,2000,2000
048653,巨大元大96購02  ,0,0,0,0,0,0,0,0,0,2000,0,0,0,52000,50000,2000,2000
047939,亞德客國票93購02,0,0,0,0,0,0,0,0,0,2000,0,0,0,12000,10000,2000,2000
047133,旺宏凱基93購03  ,0,0,0,0,0,0,0,0,0,2000,0,0,0,2000,0,2000,2000
046938,致茂元大93購02  ,0,0,0,0,0,0,0,0,0,2000,0,0,0,22000,20000,2000,2000
04733P,康控兆豐95售01  ,0,0,0,0,0,0,0,0,0,2000,0,0,0,2000,0,2000,2000
048832,玉晶光凱基95購02,0,0,0,0,0,0,0,0,0,2000,0,0,0,12000,10000,2000,2000
046667,晶技元大93購01  ,0,0,0,0,0,0,0,0,0,2000,0,0,0,2000,0,2000,2000
04819P,嘉澤永豐94售01  ,0,0,0,0,0,0,0,0,0,2000,0,0,0,62000,60000,2000,2000
04876P,台光電中信94售02,0,0,0,0,0,0,0,0,0,2000,0,0,0,2000,0,2000,2000
048448,京元電凱基93購05,0,0,0,0,0,0,0,0,0,2000,0,0,0,302000,300000,2000,2000
051132,喬山永豐95購02  ,0,0,0,0,0,0,0,0,0,2000,0,0,0,2000,0,2000,2000
051088,台積電元大95購09,0,0,0,0,0,0,0,0,0,2000,0,0,0,281000,279000,2000,2000
051032,南電元富95購01  ,0,0,0,0,0,0,0,0,0,2000,0,0,0,2000,0,2000,2000
051321,建準國票96購01  ,0,0,0,0,0,0,0,0,0,2000,0,0,0,25000,23000,2000,2000
051251,信邦元大95購01  ,0,0,0,0,0,0,0,0,0,2000,0,0,0,56000,54000,2000,2000
05153P,台表科群益96售01,0,0,0,0,0,0,0,0,0,2000,0,0,0,2000,0,2000,2000
051381,玉晶光群益98購01,0,0,0,0,0,0,0,0,0,2000,0,0,0,2000,0,2000,2000
051460,S&P反1國泰97購01,0,0,0,0,0,0,0,0,0,2000,0,0,0,2000,0,2000,2000
051484,玉晶光凱基97購01,0,0,0,0,0,0,0,0,0,2000,0,0,0,36000,34000,2000,2000
051414,新光金國票95購04,0,0,0,0,0,0,0,0,0,2000,0,0,0,12000,10000,2000,2000
051681,日月光兆豐95購01,0,0,0,0,0,0,0,0,0,2000,0,0,0,62000,60000,2000,2000
051923,聯發科日盛95購02,0,0,0,0,0,0,0,0,0,2000,0,0,0,40000,38000,2000,2000
051976,淘帝凱基95購01  ,0,0,0,0,0,0,0,0,0,2000,0,0,0,3000,1000,2000,2000
052015,漢唐永豐95購02  ,0,0,0,0,0,0,0,0,0,2000,0,0,0,2000,0,2000,2000
052234,GIS凱基97購01   ,0,0,0,0,0,0,0,0,0,2000,0,0,0,2000,0,2000,2000
052059,臺股指凱基95購17,0,0,0,0,0,0,0,0,0,2000,0,0,0,2000,0,2000,2000
052122,新光金國票96購01,0,0,0,0,0,0,0,0,0,2000,0,0,0,102000,100000,2000,2000
050608,台達電元大94購12,0,0,0,0,0,0,0,0,0,2000,0,0,0,2000,0,2000,2000
05082P,健策永豐95售02  ,0,0,0,0,0,0,0,0,0,2000,0,0,0,2000,0,2000,2000
050029,美食元大94購04  ,0,0,0,0,0,0,0,0,0,2000,0,0,0,2000,0,2000,2000
049996,元油2X永豐94購05,0,0,0,0,0,0,0,0,0,2000,0,0,0,2000,0,2000,2000
05011P,南電國泰96售01  ,0,0,0,0,0,0,0,0,0,2000,0,0,0,2000,0,2000,2000
050165,泰鼎國泰95購02  ,0,0,0,0,0,0,0,0,0,2000,0,0,0,12000,10000,2000,2000
049328,元上證統一94購01,0,0,0,0,0,0,0,0,0,2000,0,0,0,2000,0,2000,2000
049955,崇越群益95購01  ,0,0,0,0,0,0,0,0,0,2000,0,0,0,2000,0,2000,2000
049958,華新科統一94購08,0,0,0,0,0,0,0,0,0,2000,0,0,0,7000,5000,2000,2000
2891C,中信金丙特      ,0,0,0,0,0,0,0,0,0,2000,0,0,0,2000,0,2000,2000
2881B,富邦金乙特      ,0,0,0,0,0,0,0,0,0,2000,2000,0,2000,0,0,0,2000
2939,凱羿-KY         ,2000,0,2000,0,0,0,0,0,0,0,0,0,0,0,0,0,2000
3014,聯陽            ,87000,83000,4000,0,0,0,0,0,0,-2000,0,2000,-2000,0,0,0,2000
3057,喬鼎            ,6000,4000,2000,0,0,0,0,0,0,0,0,0,0,0,0,0,2000
2243,宏旭-KY         ,3000,1000,2000,0,0,0,0,0,0,0,0,0,0,0,0,0,2000
1734,杏輝            ,6000,4000,2000,0,0,0,0,0,0,0,0,0,0,0,0,0,2000
1786,科妍            ,15000,21000,-6000,0,0,0,0,0,0,8000,8000,0,8000,0,0,0,2000
1457,宜進            ,32000,30000,2000,0,0,0,0,0,0,0,0,0,0,0,0,0,2000
1530,亞崴            ,2000,0,2000,0,0,0,0,0,0,0,0,0,0,0,0,0,2000
1525,江申            ,3000,1000,2000,0,0,0,0,0,0,0,0,0,0,0,0,0,2000
1438,裕豐            ,2000,0,2000,0,0,0,0,0,0,0,0,0,0,0,0,0,2000
06087P,國巨永豐97售01  ,0,0,0,0,0,0,0,0,0,2000,0,0,0,68000,66000,2000,2000
05972P,瑞昱元大96售01  ,0,0,0,0,0,0,0,0,0,2000,0,0,0,2000,0,2000,2000
05540P,亞德客凱基96售01,0,0,0,0,0,0,0,0,0,2000,0,0,0,34000,32000,2000,2000
05746P,台積電群益96售07,0,0,0,0,0,0,0,0,0,2000,0,0,0,169000,167000,2000,2000
05677P,玉晶光群益98售03,0,0,0,0,0,0,0,0,0,2000,0,0,0,52000,50000,2000,2000
8478,東哥遊艇        ,4000,2000,2000,0,0,0,0,0,0,0,0,0,0,0,0,0,2000
8481,政伸            ,2000,0,2000,0,0,0,0,0,0,0,0,0,0,0,0,0,2000
9925,新保            ,15000,13000,2000,0,0,0,0,0,0,0,0,0,0,0,0,0,2000
3305,昇貿            ,9000,5000,4000,0,0,0,0,0,0,-2000,0,2000,-2000,0,0,0,2000
4571,鈞興-KY         ,2000,0,2000,0,0,0,0,0,0,0,0,0,0,0,0,0,2000
4576,大銀微系統      ,9000,7000,2000,0,0,0,0,0,0,0,0,0,0,0,0,0,2000
6206,飛捷            ,31000,28000,3000,0,0,0,0,0,0,-1000,0,1000,-1000,0,0,0,2000
8033,雷虎            ,6000,4000,2000,0,0,0,0,0,0,0,0,0,0,0,0,0,2000
6491,晶碩            ,7000,5000,2000,0,0,0,5000,0,5000,-5000,0,5000,-5000,0,0,0,2000
053151,華新科元大96購04,0,0,0,0,0,0,0,0,0,1000,0,0,0,1000,0,1000,1000
053163,上証2X群益9A購02,0,0,0,0,0,0,0,0,0,1000,0,0,0,1000,0,1000,1000
053086,宏達電元大97購01,0,0,0,0,0,0,0,0,0,1000,0,0,0,34000,33000,1000,1000
053285,臺股指元大96購08,0,0,0,0,0,0,0,0,0,1000,0,0,0,1000,0,1000,1000
053420,華邦電永豐96購01,0,0,0,0,0,0,0,0,0,1000,0,0,0,1000,0,1000,1000
053544,華新凱基96購01  ,0,0,0,0,0,0,0,0,0,1000,0,0,0,1000,0,1000,1000
053502,智伸科兆豐97購01,0,0,0,0,0,0,0,0,0,1000,0,0,0,50000,49000,1000,1000
053640,上緯控永豐96購01,0,0,0,0,0,0,0,0,0,1000,0,0,0,1000,0,1000,1000
053578,華新元大98購01  ,0,0,0,0,0,0,0,0,0,1000,0,0,0,1000,0,1000,1000
052405,聯茂凱基95購01  ,0,0,0,0,0,0,0,0,0,1000,0,0,0,1000,0,1000,1000
052352,力成元富95購01  ,0,0,0,0,0,0,0,0,0,1000,0,0,0,1000,0,1000,1000
052437,聯發科富邦99購02,0,0,0,0,0,0,0,0,0,1000,0,0,0,316000,315000,1000,1000
05254P,瑞昱凱基95售04  ,0,0,0,0,0,0,0,0,0,1000,0,0,0,1000,0,1000,1000
052847,漢唐統一99購01  ,0,0,0,0,0,0,0,0,0,1000,0,0,0,1000,0,1000,1000
052718,新唐凱基96購01  ,0,0,0,0,0,0,0,0,0,1000,0,0,0,1000,0,1000,1000
05456P,鴻海凱基95售19  ,0,0,0,0,0,0,0,0,0,1000,0,0,0,1000,0,1000,1000
054304,台積電凱基96購23,0,0,0,0,0,0,0,0,0,1000,0,0,0,31000,30000,1000,1000
054294,世芯元大96購02  ,0,0,0,0,0,0,0,0,0,1000,0,0,0,1000,0,1000,1000
05433P,智原元富95售02  ,0,0,0,0,0,0,0,0,0,1000,0,0,0,11000,10000,1000,1000
054367,鴻海中信98購03  ,0,0,0,0,0,0,0,0,0,1000,0,0,0,6000,5000,1000,1000
055000,玉晶光元富97購04,0,0,0,0,0,0,0,0,0,1000,0,0,0,1000,0,1000,1000
05418P,瑞昱永豐95售02  ,0,0,0,0,0,0,0,0,0,1000,0,0,0,1000,0,1000,1000
054212,聯詠國票97購03  ,0,0,0,0,0,0,0,0,0,1000,0,0,0,9000,8000,1000,1000
054244,華新元大96購01  ,0,0,0,0,0,0,0,0,0,1000,0,0,0,14000,13000,1000,1000
05379P,可成凱基95售11  ,0,0,0,0,0,0,0,0,0,1000,0,0,0,6000,5000,1000,1000
053792,百和元大96購01  ,0,0,0,0,0,0,0,0,0,1000,0,0,0,3000,2000,1000,1000
053861,台光電元大98購01,0,0,0,0,0,0,0,0,0,1000,0,0,0,40000,39000,1000,1000
053848,聯發科元富96購03,0,0,0,0,0,0,0,0,0,1000,0,0,0,11000,10000,1000,1000
053934,A50正2元富96購02,0,0,0,0,0,0,0,0,0,1000,0,0,0,1000,0,1000,1000
049018,光罩群益94購01  ,0,0,0,0,0,0,0,0,0,1000,0,0,0,3000,2000,1000,1000
048841,聯茂凱基94購06  ,0,0,0,0,0,0,0,0,0,1000,0,0,0,1000,0,1000,1000
048854,凌陽群益94購02  ,0,0,0,0,0,0,0,0,0,1000,0,0,0,1000,0,1000,1000
048867,台積電兆豐95購01,0,0,0,0,0,0,0,0,0,1000,0,0,0,3000,2000,1000,1000
04633P,旺宏群益96售04  ,0,0,0,0,0,0,0,0,0,1000,0,0,0,1000,0,1000,1000
048567,台郡元大93購03  ,0,0,0,0,0,0,0,0,0,1000,0,0,0,1000,0,1000,1000
047878,日股2X中信95購01,0,0,0,0,0,0,0,0,0,1000,0,0,0,5000,4000,1000,1000
045262,華固凱基92購01  ,0,0,0,0,0,0,0,0,0,1000,0,0,0,1000,0,1000,1000
045208,力成國泰94購01  ,0,0,0,0,0,0,0,0,0,1000,0,0,0,1000,0,1000,1000
045117,玉晶光日盛92購01,0,0,0,0,0,0,0,0,0,1000,0,0,0,1000,0,1000,1000
045819,台積電凱基92購14,0,0,0,0,0,0,0,0,0,1000,0,0,0,15000,14000,1000,1000
045089,中磊元大94購01  ,0,0,0,0,0,0,0,0,0,1000,0,0,0,1000,0,1000,1000
045417,華新凱基93購01  ,0,0,0,0,0,0,0,0,0,1000,0,0,0,1000,0,1000,1000
044297,台郡凱基91購02  ,0,0,0,0,0,0,0,0,0,1000,0,0,0,1000,0,1000,1000
044351,台光電元大92購02,0,0,0,0,0,0,0,0,0,1000,0,0,0,91000,90000,1000,1000
044051,儒鴻元大92購02  ,0,0,0,0,0,0,0,0,0,1000,0,0,0,1000,0,1000,1000
04407P,滬深2X統一94售02,0,0,0,0,0,0,0,0,0,1000,0,0,0,1000,0,1000,1000
045772,台光電元大93購01,0,0,0,0,0,0,0,0,0,1000,0,0,0,31000,30000,1000,1000
045789,致伸元大92購02  ,0,0,0,0,0,0,0,0,0,1000,0,0,0,69000,68000,1000,1000
04578P,微星富邦96售01  ,0,0,0,0,0,0,0,0,0,1000,0,0,0,1000,0,1000,1000
045632,正崴凱基93購01  ,0,0,0,0,0,0,0,0,0,1000,0,0,0,25000,24000,1000,1000
044779,GIS元大93購05   ,0,0,0,0,0,0,0,0,0,1000,0,0,0,2000,1000,1000,1000
044822,南電兆豐93購01  ,0,0,0,0,0,0,0,0,0,1000,0,0,0,1000,0,1000,1000
043819,元金2X群益91購01,0,0,0,0,0,0,0,0,0,1000,0,0,0,1000,0,1000,1000
044846,旺宏統一93購01  ,0,0,0,0,0,0,0,0,0,1000,0,0,0,69000,68000,1000,1000
043888,台郡元大91購03  ,0,0,0,0,0,0,0,0,0,1000,0,0,0,1000,0,1000,1000
04383P,泰鼎國泰95售01  ,0,0,0,0,0,0,0,0,0,1000,0,0,0,1000,0,1000,1000
043941,華新科兆豐92購02,0,0,0,0,0,0,0,0,0,1000,0,0,0,1000,0,1000,1000
043923,矽力凱基91購01  ,0,0,0,0,0,0,0,0,0,1000,0,0,0,1000,0,1000,1000
044095,大立光統一92購01,0,0,0,0,0,0,0,0,0,1000,0,0,0,1000,0,1000,1000
03007X,元展07          ,0,0,0,0,0,0,0,0,0,1000,0,0,0,1000,0,1000,1000
03795P,智邦元大93售03  ,0,0,0,0,0,0,0,0,0,1000,0,0,0,1000,0,1000,1000
03098P,大立光凱基01售10,0,0,0,0,0,0,0,0,0,1000,0,0,0,1000,0,1000,1000
03620P,GIS元大92售06   ,0,0,0,0,0,0,0,0,0,1000,0,0,0,1000,0,1000,1000
03654P,GIS元大92售07   ,0,0,0,0,0,0,0,0,0,1000,0,0,0,1000,0,1000,1000
03727P,致茂元大93售01  ,0,0,0,0,0,0,0,0,0,1000,0,0,0,69000,68000,1000,1000
01003T,兆豐新光R1      ,1000,0,1000,0,0,0,0,0,0,0,0,0,0,0,0,0,1000
03004P,華擎群益02售02  ,0,0,0,0,0,0,0,0,0,1000,0,0,0,1000,0,1000,1000
03598P,中磊永豐92售01  ,0,0,0,0,0,0,0,0,0,1000,0,0,0,1000,0,1000,1000
00691R,兆豐藍籌30反1   ,0,0,0,0,0,0,0,0,0,1000,0,0,0,1000,0,1000,1000
03552P,上銀元富08售02  ,0,0,0,0,0,0,0,0,0,1000,0,0,0,1000,0,1000,1000
03572P,欣興統一02售06  ,0,0,0,0,0,0,0,0,0,1000,0,0,0,1000,0,1000,1000
04326P,泰鼎元大93售06  ,0,0,0,0,0,0,0,0,0,1000,0,0,0,1000,0,1000,1000
03935P,可成富邦95售01  ,0,0,0,0,0,0,0,0,0,1000,0,0,0,1000,0,1000,1000
03836P,華泰凱基93售02  ,0,0,0,0,0,0,0,0,0,1000,0,0,0,1000,0,1000,1000
04144P,瑞昱凱基93售10  ,0,0,0,0,0,0,0,0,0,1000,0,0,0,1000,0,1000,1000
04166P,美利達元富93售03,0,0,0,0,0,0,0,0,0,1000,0,0,0,1000,0,1000,1000
044525,台郡凱基91購03  ,0,0,0,0,0,0,0,0,0,1000,0,0,0,1000,0,1000,1000
041844,台積電富邦93購01,0,0,0,0,0,0,0,0,0,1000,0,0,0,1000,0,1000,1000
045475,矽力元大92購01  ,0,0,0,0,0,0,0,0,0,1000,0,0,0,11000,10000,1000,1000
044631,聯茂元大92購02  ,0,0,0,0,0,0,0,0,0,1000,0,0,0,69000,68000,1000,1000
044633,台郡元大92購03  ,0,0,0,0,0,0,0,0,0,1000,0,0,0,11000,10000,1000,1000
042425,台郡元大91購01  ,0,0,0,0,0,0,0,0,0,1000,0,0,0,1000,0,1000,1000
042068,台灣50富邦93購02,0,0,0,0,0,0,0,0,0,1000,0,0,0,99000,98000,1000,1000
041990,A50正2國票97購01,0,0,0,0,0,0,0,0,0,1000,0,0,0,21000,20000,1000,1000
04265P,滬深2X元富93售04,0,0,0,0,0,0,0,0,0,1000,0,0,0,9000,8000,1000,1000
04037P,中磊群益93售02  ,0,0,0,0,0,0,0,0,0,1000,0,0,0,1000,0,1000,1000
03971P,智邦亞東93售01  ,0,0,0,0,0,0,0,0,0,1000,0,0,0,1000,0,1000,1000
043751,聯發科元大91購08,0,0,0,0,0,0,0,0,0,1000,0,0,0,1000,0,1000,1000
040762,滬深2X凱基92購01,0,0,0,0,0,0,0,0,0,1000,0,0,0,1000,0,1000,1000
048497,京元電元大93購02,0,0,0,0,0,0,0,0,0,1000,0,0,0,1000,0,1000,1000
048344,大立光元大93購30,0,0,0,0,0,0,0,0,0,1000,0,0,0,1000,0,1000,1000
048430,瑞昱國票93購02  ,0,0,0,0,0,0,0,0,0,1000,0,0,0,2000,1000,1000,1000
048790,大立光元大95購05,0,0,0,0,0,0,0,0,0,1000,0,0,0,12000,11000,1000,1000
046521,台郡元大92購06  ,0,0,0,0,0,0,0,0,0,1000,0,0,0,1000,0,1000,1000
046505,聯發科元大92購20,0,0,0,0,0,0,0,0,0,1000,0,0,0,1000,0,1000,1000
048202,瑞儀元大93購04  ,0,0,0,0,0,0,0,0,0,1000,0,0,0,1000,0,1000,1000
048208,臺股指元大93購42,0,0,0,0,0,0,0,0,0,1000,0,0,0,2000,1000,1000,1000
048195,聯發科元大93購23,0,0,0,0,0,0,0,0,0,1000,0,0,0,26000,25000,1000,1000
048153,台積電兆豐94購01,0,0,0,0,0,0,0,0,0,1000,0,0,0,2000,1000,1000,1000
04813P,智邦元大94售07  ,0,0,0,0,0,0,0,0,0,1000,0,0,0,1000,0,1000,1000
046597,可成亞東93購01  ,0,0,0,0,0,0,0,0,0,1000,0,0,0,1000,0,1000,1000
046583,聯發科元大92購24,0,0,0,0,0,0,0,0,0,1000,0,0,0,1000,0,1000,1000
049125,禾伸堂元富94購01,0,0,0,0,0,0,0,0,0,1000,0,0,0,45000,44000,1000,1000
049135,台達電元大94購03,0,0,0,0,0,0,0,0,0,1000,0,0,0,1000,0,1000,1000
049140,台積電元大94購07,0,0,0,0,0,0,0,0,0,1000,0,0,0,16000,15000,1000,1000
049373,大立光元大94購11,0,0,0,0,0,0,0,0,0,1000,0,0,0,1000,0,1000,1000
04624P,台積電元大94售14,0,0,0,0,0,0,0,0,0,1000,0,0,0,1000,0,1000,1000
046201,台郡凱基92購01  ,0,0,0,0,0,0,0,0,0,1000,0,0,0,1000,0,1000,1000
049551,電子類群益94購01,0,0,0,0,0,0,0,0,0,1000,0,0,0,1000,0,1000,1000
049526,緯穎兆豐95購01  ,0,0,0,0,0,0,0,0,0,1000,0,0,0,16000,15000,1000,1000
049814,超眾元大95購04  ,0,0,0,0,0,0,0,0,0,1000,0,0,0,60000,59000,1000,1000
049857,緯穎群益94購03  ,0,0,0,0,0,0,0,0,0,1000,0,0,0,88000,87000,1000,1000
049656,臺股指凱基94購17,0,0,0,0,0,0,0,0,0,1000,0,0,0,2000,1000,1000,1000
046912,巨大凱基93購02  ,0,0,0,0,0,0,0,0,0,1000,0,0,0,1000,0,1000,1000
046833,晶技群益93購01  ,0,0,0,0,0,0,0,0,0,1000,0,0,0,13000,12000,1000,1000
046810,瑞昱第一93購01  ,0,0,0,0,0,0,0,0,0,1000,0,0,0,1000,0,1000,1000
045937,臻鼎群益93購02  ,0,0,0,0,0,0,0,0,0,1000,0,0,0,1000,0,1000,1000
046747,華新凱基93購02  ,0,0,0,0,0,0,0,0,0,1000,0,0,0,1000,0,1000,1000
046405,京元電元大92購07,0,0,0,0,0,0,0,0,0,1000,0,0,0,1000,0,1000,1000
047942,華新科國票94購04,0,0,0,0,0,0,0,0,0,1000,0,0,0,2000,1000,1000,1000
04861P,中磊群益94售02  ,0,0,0,0,0,0,0,0,0,1000,0,0,0,31000,30000,1000,1000
048638,台光電元大94購01,0,0,0,0,0,0,0,0,0,1000,0,0,0,5000,4000,1000,1000
048644,華固元大93購01  ,0,0,0,0,0,0,0,0,0,1000,0,0,0,1000,0,1000,1000
04802P,國巨凱基94售07  ,0,0,0,0,0,0,0,0,0,1000,0,0,0,72000,71000,1000,1000
048054,鴻海國泰95購01  ,0,0,0,0,0,0,0,0,0,1000,0,0,0,1000,0,1000,1000
047700,華新凱基94購01  ,0,0,0,0,0,0,0,0,0,1000,0,0,0,1000,0,1000,1000
047794,臺股指群益93購05,0,0,0,0,0,0,0,0,0,1000,0,0,0,1000,0,1000,1000
047766,聯發科元大93購19,0,0,0,0,0,0,0,0,0,1000,0,0,0,1000,0,1000,1000
047760,元油反元大96購03,0,0,0,0,0,0,0,0,0,1000,0,0,0,21000,20000,1000,1000
04825P,元大金中信94售01,0,0,0,0,0,0,0,0,0,1000,0,0,0,1000,0,1000,1000
048257,台積電統一93購07,0,0,0,0,0,0,0,0,0,1000,0,0,0,1000,0,1000,1000
048303,A50凱基96購01   ,0,0,0,0,0,0,0,0,0,1000,0,0,0,2000,1000,1000,1000
047556,群創凱基95購01  ,0,0,0,0,0,0,0,0,0,1000,0,0,0,1000,0,1000,1000
049978,瑞昱凱基94購04  ,0,0,0,0,0,0,0,0,0,1000,0,0,0,1000,0,1000,1000
049791,元油2X元大94購07,0,0,0,0,0,0,0,0,0,1000,0,0,0,34000,33000,1000,1000
049794,台達電元大94購10,0,0,0,0,0,0,0,0,0,1000,0,0,0,1000,0,1000,1000
049734,瑞昱群益94購02  ,0,0,0,0,0,0,0,0,0,1000,0,0,0,11000,10000,1000,1000
049317,啟碁凱基94購02  ,0,0,0,0,0,0,0,0,0,1000,0,0,0,2000,1000,1000,1000
049442,滬深2X統一99購01,0,0,0,0,0,0,0,0,0,1000,0,0,0,1000,0,1000,1000
050119,瀚宇博元大95購03,0,0,0,0,0,0,0,0,0,1000,0,0,0,5000,4000,1000,1000
050104,元石油元大97購02,0,0,0,0,0,0,0,0,0,1000,0,0,0,8000,7000,1000,1000
050263,旺宏元大94購10  ,0,0,0,0,0,0,0,0,0,1000,0,0,0,60000,59000,1000,1000
05021P,瑞昱凱基95售01  ,0,0,0,0,0,0,0,0,0,1000,0,0,0,1000,0,1000,1000
050182,淘帝元大94購01  ,0,0,0,0,0,0,0,0,0,1000,0,0,0,1000,0,1000,1000
050200,致新元大94購01  ,0,0,0,0,0,0,0,0,0,1000,0,0,0,25000,24000,1000,1000
050210,華新科國票94購08,0,0,0,0,0,0,0,0,0,1000,0,0,0,2000,1000,1000,1000
050095,國巨國泰95購04  ,0,0,0,0,0,0,0,0,0,1000,0,0,0,1000,0,1000,1000
049248,台達電元大94購04,0,0,0,0,0,0,0,0,0,1000,0,0,0,1000,0,1000,1000
049249,台達電元大94購05,0,0,0,0,0,0,0,0,0,1000,0,0,0,1000,0,1000,1000
049210,昇陽半群益94購02,0,0,0,0,0,0,0,0,0,1000,0,0,0,61000,60000,1000,1000
049217,智邦國票95購01  ,0,0,0,0,0,0,0,0,0,1000,0,0,0,1000,0,1000,1000
050854,世紀鋼國票97購01,0,0,0,0,0,0,0,0,0,1000,0,0,0,10000,9000,1000,1000
050667,國巨永豐94購06  ,0,0,0,0,0,0,0,0,0,1000,0,0,0,1000,0,1000,1000
050730,復盛國票94購01  ,0,0,0,0,0,0,0,0,0,1000,0,0,0,34000,33000,1000,1000
050329,超眾永豐94購03  ,0,0,0,0,0,0,0,0,0,1000,0,0,0,11000,10000,1000,1000
052042,台積電日盛95購02,0,0,0,0,0,0,0,0,0,1000,0,0,0,1000,0,1000,1000
052097,GIS元大95購05   ,0,0,0,0,0,0,0,0,0,1000,0,0,0,1000,0,1000,1000
052062,臺股指國票95購09,0,0,0,0,0,0,0,0,0,1000,0,0,0,1000,0,1000,1000
052230,大立光凱基96購09,0,0,0,0,0,0,0,0,0,1000,0,0,0,4000,3000,1000,1000
052251,台光電永豐95購03,0,0,0,0,0,0,0,0,0,1000,0,0,0,1000,0,1000,1000
051989,華固元大95購02  ,0,0,0,0,0,0,0,0,0,1000,0,0,0,1000,0,1000,1000
051407,南茂永豐95購02  ,0,0,0,0,0,0,0,0,0,1000,0,0,0,1000,0,1000,1000
051385,矽創群益95購01  ,0,0,0,0,0,0,0,0,0,1000,0,0,0,18000,17000,1000,1000
051599,健鼎兆豐95購02  ,0,0,0,0,0,0,0,0,0,1000,0,0,0,1000,0,1000,1000
051066,台積電國票96購02,0,0,0,0,0,0,0,0,0,1000,0,0,0,64000,63000,1000,1000
051161,喬山元大95購02  ,0,0,0,0,0,0,0,0,0,1000,0,0,0,1000,0,1000,1000
6431,光麗-KY         ,1000,0,1000,0,0,0,0,0,0,0,0,0,0,0,0,0,1000
6442,光聖            ,2000,1000,1000,0,0,0,0,0,0,0,0,0,0,0,0,0,1000
6443,元晶            ,70000,67000,3000,0,0,0,0,0,0,-2000,0,2000,-2000,0,0,0,1000
6641,基士德-KY       ,2000,1000,1000,0,0,0,0,0,0,0,0,0,0,0,0,0,1000
6133,金橋            ,9000,8000,1000,0,0,0,0,0,0,0,0,0,0,0,0,0,1000
4562,穎漢            ,2000,1000,1000,0,0,0,0,0,0,0,0,0,0,0,0,0,1000
4133,亞諾法          ,1000,0,1000,0,0,0,0,0,0,0,0,0,0,0,0,0,1000
4190,佐登-KY         ,17000,60000,-43000,0,0,0,0,0,0,44000,46000,4000,42000,2000,0,2000,1000
4144,康聯-KY         ,2000,1000,1000,0,0,0,0,0,0,0,0,0,0,0,0,0,1000
3164,景岳            ,1000,0,1000,0,0,0,0,0,0,0,0,0,0,0,0,0,1000
3593,力銘            ,2000,0,2000,0,0,0,0,0,0,-1000,0,1000,-1000,0,0,0,1000
3550,聯穎            ,1000,0,1000,0,0,0,0,0,0,0,0,0,0,0,0,0,1000
8940,新天地          ,2000,1000,1000,0,0,0,0,0,0,0,0,0,0,0,0,0,1000
8466,美吉吉-KY       ,1000,0,1000,0,0,0,0,0,0,0,0,0,0,0,0,0,1000
05591P,義隆群益96售03  ,0,0,0,0,0,0,0,0,0,1000,0,0,0,11000,10000,1000,1000
05944P,富邦金中信96售01,0,0,0,0,0,0,0,0,0,1000,0,0,0,21000,20000,1000,1000
05851P,力山群益97售01  ,0,0,0,0,0,0,0,0,0,1000,0,0,0,1000,0,1000,1000
08437P,台郡群益9C售01  ,0,0,0,0,0,0,0,0,0,1000,0,0,0,21000,20000,1000,1000
1432,大魯閣          ,3000,2000,1000,0,0,0,0,0,0,0,0,0,0,0,0,0,1000
1441,大東            ,3000,2000,1000,0,0,0,0,0,0,0,0,0,0,0,0,0,1000
1506,正道            ,3000,2000,1000,0,0,0,0,0,0,0,0,0,0,0,0,0,1000
1324,地球            ,6000,5000,1000,0,0,0,0,0,0,0,0,0,0,0,0,0,1000
1232,大統益          ,7000,6000,1000,0,0,0,0,0,0,0,0,0,0,0,0,0,1000
1735,日勝化          ,1000,0,1000,0,0,0,0,0,0,0,0,0,0,0,0,0,1000
1541,錩泰            ,4000,4000,0,0,0,0,0,0,0,1000,1000,0,1000,0,0,0,1000
2236,百達-KY         ,1000,0,1000,0,0,0,0,0,0,0,0,0,0,0,0,0,1000
2002A,中鋼特          ,0,0,0,0,0,0,0,0,0,1000,1000,0,1000,0,0,0,1000
3054,立萬利          ,3000,1000,2000,0,0,0,0,0,0,-1000,0,1000,-1000,0,0,0,1000
2365,昆盈            ,13000,12000,1000,0,0,0,0,0,0,0,0,0,0,0,0,0,1000
008201,BP上證50        ,0,0,0,0,0,0,0,0,0,400,0,0,0,700,300,400,400
00660,元大歐洲50      ,100,0,100,0,0,0,0,0,0,0,0,0,0,1000,1000,0,100
053914,國巨國票96購08  ,0,0,0,0,0,0,0,0,0,0,0,0,0,1000,1000,0,0
053835,南亞科永豐96購02,0,0,0,0,0,0,0,0,0,0,0,0,0,68000,68000,0,0
053866,景碩元大97購02  ,0,0,0,0,0,0,0,0,0,0,0,0,0,68000,68000,0,0
053867,創意元大96購04  ,0,0,0,0,0,0,0,0,0,0,0,0,0,67000,67000,0,0
053790,嘉聯益元大99購02,0,0,0,0,0,0,0,0,0,0,0,0,0,9000,9000,0,0
053757,聯發科國泰96購04,0,0,0,0,0,0,0,0,0,0,0,0,0,68000,68000,0,0
053730,樺漢凱基98購01  ,0,0,0,0,0,0,0,0,0,0,0,0,0,100000,100000,0,0
053731,矽創凱基96購03  ,0,0,0,0,0,0,0,0,0,0,0,0,0,1000,1000,0,0
053684,台積電元大96購17,0,0,0,0,0,0,0,0,0,0,0,0,0,62000,62000,0,0
053685,台積電元大96購18,0,0,0,0,0,0,0,0,0,0,0,0,0,200000,200000,0,0
053661,嘉澤凱基97購01  ,0,0,0,0,0,0,0,0,0,0,0,0,0,50000,50000,0,0
053668,鴻海統一97購01  ,0,0,0,0,0,0,0,0,0,0,0,0,0,1000,1000,0,0
054245,鴻海元大96購23  ,0,0,0,0,0,0,0,0,0,0,0,0,0,201000,201000,0,0
054248,燿華元大97購02  ,0,0,0,0,0,0,0,0,0,0,0,0,0,41000,41000,0,0
054229,超眾元富96購05  ,0,0,0,0,0,0,0,0,0,0,0,0,0,15000,15000,0,0
05425P,華邦電亞東96售02,0,0,0,0,0,0,0,0,0,0,0,0,0,1000,1000,0,0
054266,緯穎元大96購07  ,0,0,0,0,0,0,0,0,0,0,0,0,0,60000,60000,0,0
054273,宏達電中信98購01,0,0,0,0,0,0,0,0,0,0,0,0,0,38000,38000,0,0
054182,台積電康和96購01,0,0,0,0,0,0,0,0,0,0,0,0,0,6000,6000,0,0
054145,嘉聯益元大98購01,0,0,0,0,0,0,0,0,0,0,0,0,0,31000,31000,0,0
054140,智易元大97購03  ,0,0,0,0,0,0,0,0,0,0,0,0,0,26000,26000,0,0
054119,燿華永豐96購05  ,0,0,0,0,0,0,0,0,0,0,0,0,0,68000,68000,0,0
054043,漢唐元大97購01  ,0,0,0,0,0,0,0,0,0,0,0,0,0,46000,46000,0,0
054028,臻鼎凱基96購03  ,0,0,0,0,0,0,0,0,0,0,0,0,0,3000,3000,0,0
054991,南亞科元富97購01,0,0,0,0,0,0,0,0,0,0,0,0,0,6000,6000,0,0
055028,佐登國泰98購01  ,0,0,0,0,0,0,0,0,0,0,0,0,0,31000,31000,0,0
054964,智易元大99購01  ,0,0,0,0,0,0,0,0,0,0,0,0,0,27000,27000,0,0
054935,華通元大98購03  ,0,0,0,0,0,0,0,0,0,0,0,0,0,104000,104000,0,0
054936,鴻海元大97購10  ,0,0,0,0,0,0,0,0,0,0,0,0,0,50000,50000,0,0
054939,台積電元大97購15,0,0,0,0,0,0,0,0,0,0,0,0,0,1000,1000,0,0
054825,康友元大97購01  ,0,0,0,0,0,0,0,0,0,0,0,0,0,104000,104000,0,0
05492P,聯茂元大95售02  ,0,0,0,0,0,0,0,0,0,0,0,0,0,75000,75000,0,0
054814,台積電元大97購13,0,0,0,0,0,0,0,0,0,0,0,0,0,1000,1000,0,0
054812,鴻海元大97購08  ,0,0,0,0,0,0,0,0,0,0,0,0,0,100000,100000,0,0
054809,大成鋼元大97購01,0,0,0,0,0,0,0,0,0,0,0,0,0,9000,9000,0,0
054776,矽創國票98購01  ,0,0,0,0,0,0,0,0,0,0,0,0,0,6000,6000,0,0
054753,復盛凱基98購01  ,0,0,0,0,0,0,0,0,0,0,0,0,0,10000,10000,0,0
054765,亞光國票98購02  ,0,0,0,0,0,0,0,0,0,0,0,0,0,10000,10000,0,0
054674,台光電台新97購01,0,0,0,0,0,0,0,0,0,0,0,0,0,70000,70000,0,0
054373,富邦金中信97購01,0,0,0,0,0,0,0,0,0,0,0,0,0,1000,1000,0,0
054383,傳奇群益97購01  ,0,0,0,0,0,0,0,0,0,0,0,0,0,10000,10000,0,0
054420,緯穎元大96購08  ,0,0,0,0,0,0,0,0,0,0,0,0,0,32000,32000,0,0
054350,美律國泰98購01  ,0,0,0,0,0,0,0,0,0,0,0,0,0,49000,49000,0,0
054286,台積電元大96購22,0,0,0,0,0,0,0,0,0,0,0,0,0,251000,251000,0,0
054605,鴻海永豐97購01  ,0,0,0,0,0,0,0,0,0,0,0,0,0,6000,6000,0,0
054592,美律永昌9A購01  ,0,0,0,0,0,0,0,0,0,0,0,0,0,12000,12000,0,0
054547,鴻海凱基98購02  ,0,0,0,0,0,0,0,0,0,0,0,0,0,3000,3000,0,0
054452,華通亞東96購01  ,0,0,0,0,0,0,0,0,0,0,0,0,0,1000,1000,0,0
052752,臺股指元大96購06,0,0,0,0,0,0,0,0,0,0,0,0,0,2000,2000,0,0
052799,上銀元大96購01  ,0,0,0,0,0,0,0,0,0,0,0,0,0,23000,23000,0,0
052777,燿華國票98購01  ,0,0,0,0,0,0,0,0,0,0,0,0,0,23000,23000,0,0
052779,欣興國票97購01  ,0,0,0,0,0,0,0,0,0,0,0,0,0,20000,20000,0,0
052862,正崴凱基96購01  ,0,0,0,0,0,0,0,0,0,0,0,0,0,4000,4000,0,0
052866,大立光凱基96購12,0,0,0,0,0,0,0,0,0,0,0,0,0,7000,7000,0,0
052860,旺宏凱基96購03  ,0,0,0,0,0,0,0,0,0,0,0,0,0,29000,29000,0,0
052928,美律元大98購01  ,0,0,0,0,0,0,0,0,0,0,0,0,0,1000,1000,0,0
05289P,鴻海永豐95售05  ,0,0,0,0,0,0,0,0,0,0,0,0,0,10000,10000,0,0
052934,中磊元大96購01  ,0,0,0,0,0,0,0,0,0,0,0,0,0,31000,31000,0,0
052995,上銀康和96購01  ,0,0,0,0,0,0,0,0,0,0,0,0,0,68000,68000,0,0
053000,臺股指康和96購02,0,0,0,0,0,0,0,0,0,0,0,0,0,4000,4000,0,0
053007,致伸永豐96購01  ,0,0,0,0,0,0,0,0,0,0,0,0,0,68000,68000,0,0
052974,瀚宇博群益96購01,0,0,0,0,0,0,0,0,0,0,0,0,0,55000,55000,0,0
052559,茂林國票97購01  ,0,0,0,0,0,0,0,0,0,0,0,0,0,26000,26000,0,0
052546,友達中信98購01  ,0,0,0,0,0,0,0,0,0,0,0,0,0,20000,20000,0,0
052543,聯詠元富95購01  ,0,0,0,0,0,0,0,0,0,0,0,0,0,40000,40000,0,0
052529,力成元大95購03  ,0,0,0,0,0,0,0,0,0,0,0,0,0,27000,27000,0,0
05252P,華通凱基95售01  ,0,0,0,0,0,0,0,0,0,0,0,0,0,16000,16000,0,0
052578,大立光統一97購01,0,0,0,0,0,0,0,0,0,0,0,0,0,9000,9000,0,0
052565,上銀凱基96購01  ,0,0,0,0,0,0,0,0,0,0,0,0,0,3000,3000,0,0
052566,國巨凱基96購04  ,0,0,0,0,0,0,0,0,0,0,0,0,0,85000,85000,0,0
052673,T50反1國泰97購01,0,0,0,0,0,0,0,0,0,0,0,0,0,100000,100000,0,0
052682,上銀元大97購01  ,0,0,0,0,0,0,0,0,0,0,0,0,0,44000,44000,0,0
05261P,鴻海元大95售20  ,0,0,0,0,0,0,0,0,0,0,0,0,0,131000,131000,0,0
052603,鴻海元大96購15  ,0,0,0,0,0,0,0,0,0,0,0,0,0,78000,78000,0,0
052453,崇越元大95購01  ,0,0,0,0,0,0,0,0,0,0,0,0,0,6000,6000,0,0
052441,亞泥元大95購01  ,0,0,0,0,0,0,0,0,0,0,0,0,0,6000,6000,0,0
052443,台積電元大95購23,0,0,0,0,0,0,0,0,0,0,0,0,0,400000,400000,0,0
052504,鴻海日盛95購03  ,0,0,0,0,0,0,0,0,0,0,0,0,0,45000,45000,0,0
052384,臺股指元大95購30,0,0,0,0,0,0,0,0,0,0,0,0,0,6000,6000,0,0
052399,台光電凱基95購03,0,0,0,0,0,0,0,0,0,0,0,0,0,40000,40000,0,0
053605,臺股指永昌96購01,0,0,0,0,0,0,0,0,0,0,0,0,0,3000,3000,0,0
053545,上銀凱基96購03  ,0,0,0,0,0,0,0,0,0,0,0,0,0,6000,6000,0,0
05353P,臺股指元富95售07,0,0,0,0,0,0,0,0,0,0,0,0,0,30000,30000,0,0
053538,京鼎永豐96購03  ,0,0,0,0,0,0,0,0,0,0,0,0,0,10000,10000,0,0
053558,訊芯凱基96購02  ,0,0,0,0,0,0,0,0,0,0,0,0,0,40000,40000,0,0
053427,鎧勝永豐96購02  ,0,0,0,0,0,0,0,0,0,0,0,0,0,10000,10000,0,0
053432,世紀鋼永豐96購02,0,0,0,0,0,0,0,0,0,0,0,0,0,68000,68000,0,0
053479,達興元大96購01  ,0,0,0,0,0,0,0,0,0,0,0,0,0,35000,35000,0,0
053467,鴻海元大96購20  ,0,0,0,0,0,0,0,0,0,0,0,0,0,237000,237000,0,0
053351,A50正2兆豐97購01,0,0,0,0,0,0,0,0,0,0,0,0,0,80000,80000,0,0
05334P,臺股指國票95售03,0,0,0,0,0,0,0,0,0,0,0,0,0,10000,10000,0,0
053375,鴻海元大96購18  ,0,0,0,0,0,0,0,0,0,0,0,0,0,51000,51000,0,0
053376,鴻海元大96購19  ,0,0,0,0,0,0,0,0,0,0,0,0,0,101000,101000,0,0
053289,臺股指元大96購17,0,0,0,0,0,0,0,0,0,0,0,0,0,5000,5000,0,0
053274,旺宏元大98購03  ,0,0,0,0,0,0,0,0,0,0,0,0,0,57000,57000,0,0
053275,燿華元大97購01  ,0,0,0,0,0,0,0,0,0,0,0,0,0,126000,126000,0,0
053272,鴻海元大96購17  ,0,0,0,0,0,0,0,0,0,0,0,0,0,1000,1000,0,0
053212,友達凱基99購04  ,0,0,0,0,0,0,0,0,0,0,0,0,0,72000,72000,0,0
053217,群創凱基99購02  ,0,0,0,0,0,0,0,0,0,0,0,0,0,20000,20000,0,0
053134,南亞科國票97購01,0,0,0,0,0,0,0,0,0,0,0,0,0,5000,5000,0,0
053136,彩晶國票97購01  ,0,0,0,0,0,0,0,0,0,0,0,0,0,16000,16000,0,0
053081,上銀元大97購02  ,0,0,0,0,0,0,0,0,0,0,0,0,0,3000,3000,0,0
00657K,國泰日經225+U   ,0,0,0,0,0,0,0,0,0,0,0,0,0,100,100,0,0
00668K,國泰美國道瓊+U  ,0,0,0,0,0,0,0,0,0,0,0,0,0,100,100,0,0
00636K,國泰中國A50+U   ,0,0,0,0,0,0,0,0,0,0,0,0,0,100,100,0,0
0054,元大台商50      ,0,0,0,0,0,0,0,0,0,0,0,0,0,1000,1000,0,0
006204,永豐臺灣加權    ,0,0,0,0,0,0,0,0,0,0,0,0,0,40000,40000,0,0
00625K,富邦上証+R      ,0,0,0,0,0,0,0,0,0,0,0,0,0,50000,50000,0,0
00774B,新光中國政金綠債,0,0,0,0,0,0,0,0,0,0,0,0,0,2000,2000,0,0
00775B,新光投等債15+   ,0,0,0,0,0,0,0,0,0,0,0,0,0,2000,2000,0,0
00767,FH美國金融股    ,0,0,0,0,0,0,0,0,0,0,0,0,0,140000,140000,0,0
00684R,元大美元指數反1 ,0,0,0,0,0,0,0,0,0,0,0,0,0,40000,40000,0,0
00685L,群益臺灣加權正2 ,0,0,0,0,0,0,0,0,0,0,0,0,0,13000,13000,0,0
00707R,元大S&P日圓反1  ,0,0,0,0,0,0,0,0,0,0,0,0,0,41000,41000,0,0
00736,國泰新興市場    ,0,0,0,0,0,0,0,0,0,0,0,0,0,103000,103000,0,0
03771P,中磊元大93售03  ,0,0,0,0,0,0,0,0,0,0,0,0,0,50000,50000,0,0
03050X,元展47          ,0,0,0,0,0,0,0,0,0,0,0,0,0,1000,1000,0,0
03805P,可成元富93售02  ,0,0,0,0,0,0,0,0,0,0,0,0,0,20000,20000,0,0
03815P,嘉聯益凱基93售03,0,0,0,0,0,0,0,0,0,0,0,0,0,10000,10000,0,0
043285,聯發科元大92購01,0,0,0,0,0,0,0,0,0,0,0,0,0,1000,1000,0,0
039194,國巨凱基91購04  ,0,0,0,0,0,0,0,0,0,0,0,0,0,10000,10000,0,0
03883P,鴻海元大93售11  ,0,0,0,0,0,0,0,0,0,0,0,0,0,100000,100000,0,0
043267,旺宏麥證92購01  ,0,0,0,5000,5000,0,0,0,0,0,0,0,0,5000,5000,0,0
04330P,台達電亞東93售02,0,0,0,0,0,0,0,0,0,0,0,0,0,1000,1000,0,0
043068,TPK兆豐93購01   ,0,0,0,0,0,0,0,0,0,0,0,0,0,17000,17000,0,0
03522P,牧德元大02售05  ,0,0,0,0,0,0,0,0,0,0,0,0,0,10000,10000,0,0
03478P,義隆台新02售01  ,0,0,0,0,0,0,0,0,0,0,0,0,0,10000,10000,0,0
03383P,聯電凱基02售04  ,0,0,0,0,0,0,0,0,0,0,0,0,0,10000,10000,0,0
03414P,臺股指元大03售06,0,0,0,0,0,0,0,0,0,0,0,0,0,20000,20000,0,0
03298P,台積電統一03售15,0,0,0,0,0,0,0,0,0,0,0,0,0,42000,42000,0,0
03306P,臺股指中信05售01,0,0,0,0,0,0,0,0,0,0,0,0,0,10000,10000,0,0
03311P,欣興凱基02售05  ,0,0,0,0,0,0,0,0,0,0,0,0,0,200000,200000,0,0
04109P,臺股指永昌93售04,0,0,0,0,0,0,0,0,0,0,0,0,0,220000,220000,0,0
04115P,欣興群益93售06  ,0,0,0,0,0,0,0,0,0,0,0,0,0,10000,10000,0,0
043701,大立光永豐91購02,0,0,0,0,0,0,0,0,0,0,0,0,0,15000,15000,0,0
043707,臺股指永豐91購01,0,0,0,0,0,0,0,0,0,0,0,0,0,3000,3000,0,0
04269P,華通國票93售03  ,0,0,0,0,0,0,0,0,0,0,0,0,0,100000,100000,0,0
042735,TPK兆豐92購01   ,0,0,0,0,0,0,0,0,0,0,0,0,0,18000,18000,0,0
042647,台積電統一91購04,0,0,0,0,0,0,0,0,0,0,0,0,0,10000,10000,0,0
04197P,台積電亞東94售01,0,0,0,0,0,0,0,0,0,0,0,0,0,200000,200000,0,0
041981,可成兆豐91購01  ,0,0,0,0,0,0,0,0,0,0,0,0,0,10000,10000,0,0
043619,冠德元富91購01  ,0,0,0,0,0,0,0,0,0,0,0,0,0,25000,25000,0,0
043605,創意元大93購01  ,0,0,0,0,0,0,0,0,0,0,0,0,0,10000,10000,0,0
043570,樺漢凱基91購03  ,0,0,0,0,0,0,0,0,0,0,0,0,0,1000,1000,0,0
042134,群創富邦91購02  ,0,0,0,0,0,0,0,0,0,0,0,0,0,80000,80000,0,0
04241P,欣興國泰95售02  ,0,0,0,0,0,0,0,0,0,0,0,0,0,20000,20000,0,0
04248P,臺股指永豐93售03,0,0,0,0,0,0,0,0,0,0,0,0,0,100000,100000,0,0
042513,大立光凱基91購02,0,0,0,0,0,0,0,0,0,0,0,0,0,10000,10000,0,0
044643,滬深2X群益96購01,0,0,0,0,0,0,0,0,0,0,0,0,0,10000,10000,0,0
044678,南亞科凱基91購13,0,0,0,0,0,0,0,0,0,0,0,0,0,10000,10000,0,0
045480,滬深2X中信94購01,0,0,0,0,0,0,0,0,0,0,0,0,0,300000,300000,0,0
045456,鴻海元大93購04  ,0,0,0,0,0,0,0,0,0,0,0,0,0,28000,28000,0,0
045510,力成凱基92購02  ,0,0,0,0,0,0,0,0,0,0,0,0,0,20000,20000,0,0
045496,鴻海凱基92購07  ,0,0,0,0,0,0,0,0,0,0,0,0,0,8000,8000,0,0
045577,台光電元大92購06,0,0,0,0,0,0,0,0,0,0,0,0,0,68000,68000,0,0
045572,元油2X元大98購01,0,0,0,0,0,0,0,0,0,0,0,0,0,5000,5000,0,0
04186P,創意元富93售04  ,0,0,0,0,0,0,0,0,0,0,0,0,0,10000,10000,0,0
041871,元油2X凱基92購02,0,0,0,0,0,0,0,0,0,0,0,0,0,20000,20000,0,0
04451P,可成凱基94售04  ,0,0,0,0,0,0,0,0,0,0,0,0,0,25000,25000,0,0
044577,欣興凱基91購06  ,0,0,0,0,0,0,0,0,0,0,0,0,0,10000,10000,0,0
03988P,上海銀群益93售01,0,0,0,0,0,0,0,0,0,0,0,0,0,10000,10000,0,0
043940,京元電兆豐92購01,0,0,0,0,0,0,0,0,0,0,0,0,0,10000,10000,0,0
044132,中磊凱基91購02  ,0,0,0,0,0,0,0,0,0,0,0,0,0,10000,10000,0,0
044163,台光電元大92購01,0,0,0,0,0,0,0,0,0,0,0,0,0,100000,100000,0,0
044127,義隆凱基91購04  ,0,0,0,0,0,0,0,0,0,0,0,0,0,20000,20000,0,0
044177,致伸統一91購01  ,0,0,0,0,0,0,0,0,0,0,0,0,0,20000,20000,0,0
043855,創意富邦93購01  ,0,0,0,0,0,0,0,0,0,0,0,0,0,10000,10000,0,0
043896,台積電群益92購06,0,0,0,0,0,0,0,0,0,0,0,0,0,10000,10000,0,0
043907,鴻海凱基93購01  ,0,0,0,0,0,0,0,0,0,0,0,0,0,15000,15000,0,0
043918,日月光凱基91購02,0,0,0,0,0,0,0,0,0,0,0,0,0,10000,10000,0,0
044860,元油2X中信93購01,0,0,0,0,0,0,0,0,0,0,0,0,0,10000,10000,0,0
044841,台光電元富91購04,0,0,0,0,0,0,0,0,0,0,0,0,0,10000,10000,0,0
044844,國巨統一93購04  ,0,0,0,0,0,0,0,0,0,0,0,0,0,1000,1000,0,0
044889,台泥凱基91購01  ,0,0,0,0,0,0,0,0,0,0,0,0,0,10000,10000,0,0
044867,漢唐國票91購03  ,0,0,0,0,0,0,0,0,0,0,0,0,0,63000,63000,0,0
04487P,南亞科凱基94售01,0,0,0,0,0,0,0,0,0,0,0,0,0,10000,10000,0,0
044874,新日興統一91購02,0,0,0,0,0,0,0,0,0,0,0,0,0,15000,15000,0,0
043796,樺漢凱基91購04  ,0,0,0,0,0,0,0,0,0,0,0,0,0,1000,1000,0,0
045670,鴻海元大92購09  ,0,0,0,0,0,0,0,0,0,0,0,0,0,5000,5000,0,0
045671,鴻海元大92購10  ,0,0,0,0,0,0,0,0,0,0,0,0,0,31000,31000,0,0
045701,聯發科中信92購02,0,0,0,0,0,0,0,0,0,0,0,0,0,20000,20000,0,0
044815,宏碁兆豐93購01  ,0,0,0,0,0,0,0,0,0,0,0,0,0,40000,40000,0,0
043752,聯發科元大91購09,0,0,0,0,0,0,0,0,0,0,0,0,0,1000,1000,0,0
044776,致伸元大91購02  ,0,0,0,0,0,0,0,0,0,0,0,0,0,148000,148000,0,0
045645,祥碩凱基93購03  ,0,0,0,0,0,0,0,0,0,0,0,0,0,3000,3000,0,0
044713,南電元大91購04  ,0,0,0,0,0,0,0,0,0,0,0,0,0,60000,60000,0,0
045777,強茂元大92購02  ,0,0,0,0,0,0,0,0,0,0,0,0,0,130000,130000,0,0
045768,大立光元富95購02,0,0,0,0,0,0,0,0,0,0,0,0,0,8000,8000,0,0
045726,矽創凱基92購01  ,0,0,0,0,0,0,0,0,0,0,0,0,0,1000,1000,0,0
044991,T50反1國泰93購02,0,0,0,0,0,0,0,0,0,0,0,0,0,730000,730000,0,0
044944,技嘉群益93購01  ,0,0,0,0,0,0,0,0,0,0,0,0,0,10000,10000,0,0
044961,聯電中信94購01  ,0,0,0,0,0,0,0,0,0,0,0,0,0,40000,40000,0,0
044994,宏達電國泰93購01,0,0,0,0,0,0,0,0,0,0,0,0,0,10000,10000,0,0
044996,嘉晶國泰95購01  ,0,0,0,0,0,0,0,0,0,0,0,0,0,18000,18000,0,0
045018,矽創元大93購01  ,0,0,0,0,0,0,0,0,0,0,0,0,0,1000,1000,0,0
044956,聯詠凱基92購01  ,0,0,0,0,0,0,0,0,0,0,0,0,0,20000,20000,0,0
044919,晶技永豐91購02  ,0,0,0,0,0,0,0,0,0,0,0,0,0,20000,20000,0,0
044355,景碩元大91購02  ,0,0,0,0,0,0,0,0,0,0,0,0,0,10000,10000,0,0
044356,創意元大92購04  ,0,0,0,0,0,0,0,0,0,0,0,0,0,68000,68000,0,0
044383,樺漢群益91購02  ,0,0,0,0,0,0,0,0,0,0,0,0,0,1000,1000,0,0
044406,臻鼎凱基92購01  ,0,0,0,0,0,0,0,0,0,0,0,0,0,20000,20000,0,0
044418,臻鼎統一91購01  ,0,0,0,0,0,0,0,0,0,0,0,0,0,6000,6000,0,0
044320,瀚宇博永豐91購01,0,0,0,0,0,0,0,0,0,0,0,0,0,49000,49000,0,0
04540P,聯詠永豐94售02  ,0,0,0,0,0,0,0,0,0,0,0,0,0,150000,150000,0,0
045027,漢唐國票92購02  ,0,0,0,0,0,0,0,0,0,0,0,0,0,5000,5000,0,0
045420,台積電凱基92購07,0,0,0,0,0,0,0,0,0,0,0,0,0,1000,1000,0,0
045339,鴻海凱基92購06  ,0,0,0,0,0,0,0,0,0,0,0,0,0,3000,3000,0,0
045752,全新國泰93購01  ,0,0,0,0,0,0,0,0,0,0,0,0,0,20000,20000,0,0
045818,鴻海凱基93購10  ,0,0,0,0,0,0,0,0,0,0,0,0,0,23000,23000,0,0
045131,瑞昱統一92購02  ,0,0,0,0,0,0,0,0,0,0,0,0,0,15000,15000,0,0
045240,世紀鋼國票92購02,0,0,0,0,0,0,0,0,0,0,0,0,0,100000,100000,0,0
045260,可成凱基92購04  ,0,0,0,0,0,0,0,0,0,0,0,0,0,20000,20000,0,0
045273,鴻海統一92購02  ,0,0,0,0,0,0,0,0,0,0,0,0,0,10000,10000,0,0
045310,康友元大92購04  ,0,0,0,0,0,0,0,0,0,0,0,0,0,50000,50000,0,0
047879,台積電中信93購04,0,0,0,0,0,0,0,0,0,0,0,0,0,10000,10000,0,0
048563,明泰元大94購01  ,0,0,0,0,0,0,0,0,0,0,0,0,0,67000,67000,0,0
048561,可成元大93購13  ,0,0,0,0,0,0,0,0,0,0,0,0,0,131000,131000,0,0
04781P,欣興凱基94售06  ,0,0,0,0,0,0,0,0,0,0,0,0,0,60000,60000,0,0
047821,臺股指凱基93購15,0,0,0,0,0,0,0,0,0,0,0,0,0,5000,5000,0,0
047827,東陽元大93購01  ,0,0,0,0,0,0,0,0,0,0,0,0,0,90000,90000,0,0
047855,美律國票94購01  ,0,0,0,0,0,0,0,0,0,0,0,0,0,21000,21000,0,0
048851,台達電群益94購01,0,0,0,0,0,0,0,0,0,0,0,0,0,10000,10000,0,0
048575,旺宏國泰94購04  ,0,0,0,0,0,0,0,0,0,0,0,0,0,3000,3000,0,0
048984,上緯控元大94購01,0,0,0,0,0,0,0,0,0,0,0,0,0,5000,5000,0,0
048980,嘉澤元大94購02  ,0,0,0,0,0,0,0,0,0,0,0,0,0,7000,7000,0,0
048966,佳世達元大95購01,0,0,0,0,0,0,0,0,0,0,0,0,0,33000,33000,0,0
048919,堤維西永豐94購01,0,0,0,0,0,0,0,0,0,0,0,0,0,50000,50000,0,0
047545,智邦凱基93購05  ,0,0,0,0,0,0,0,0,0,0,0,0,0,68000,68000,0,0
047547,友達凱基99購02  ,0,0,0,0,0,0,0,0,0,0,0,0,0,11000,11000,0,0
047573,儒鴻群益93購04  ,0,0,0,0,0,0,0,0,0,0,0,0,0,10000,10000,0,0
047588,大立光永豐94購01,0,0,0,0,0,0,0,0,0,0,0,0,0,20000,20000,0,0
048006,瑞儀元大93購03  ,0,0,0,0,0,0,0,0,0,0,0,0,0,1000,1000,0,0
047543,鴻海凱基94購09  ,0,0,0,0,0,0,0,0,0,0,0,0,0,14000,14000,0,0
048028,聯發科凱基93購25,0,0,0,0,0,0,0,0,0,0,0,0,0,30000,30000,0,0
047616,鴻海凱基94購10  ,0,0,0,0,0,0,0,0,0,0,0,0,0,17000,17000,0,0
04761P,可成凱基94售09  ,0,0,0,0,0,0,0,0,0,0,0,0,0,25000,25000,0,0
047635,華新元大93購01  ,0,0,0,0,0,0,0,0,0,0,0,0,0,2000,2000,0,0
047640,聯發科元大93購17,0,0,0,0,0,0,0,0,0,0,0,0,0,3000,3000,0,0
047641,可成元大93購09  ,0,0,0,0,0,0,0,0,0,0,0,0,0,15000,15000,0,0
047664,智邦永豐93購02  ,0,0,0,0,0,0,0,0,0,0,0,0,0,80000,80000,0,0
047651,復盛元大93購01  ,0,0,0,0,0,0,0,0,0,0,0,0,0,68000,68000,0,0
046463,臻鼎凱基92購05  ,0,0,0,0,0,0,0,0,0,0,0,0,0,20000,20000,0,0
046487,鴻海永昌92購01  ,0,0,0,0,0,0,0,0,0,0,0,0,0,84000,84000,0,0
046427,樺漢元大92購02  ,0,0,0,0,0,0,0,0,0,0,0,0,0,17000,17000,0,0
046450,鴻海凱基93購12  ,0,0,0,0,0,0,0,0,0,0,0,0,0,13000,13000,0,0
04724P,可成凱基94售08  ,0,0,0,0,0,0,0,0,0,0,0,0,0,25000,25000,0,0
04723P,美律凱基94售06  ,0,0,0,0,0,0,0,0,0,0,0,0,0,10000,10000,0,0
047987,力成群益93購01  ,0,0,0,0,0,0,0,0,0,0,0,0,0,40000,40000,0,0
048285,華新科亞東93購01,0,0,0,0,0,0,0,0,0,0,0,0,0,10000,10000,0,0
048085,鴻海凱基93購32  ,0,0,0,0,0,0,0,0,0,0,0,0,0,53000,53000,0,0
048706,緯穎國票94購01  ,0,0,0,0,0,0,0,0,0,0,0,0,0,5000,5000,0,0
047795,臺股指群益93購06,0,0,0,0,0,0,0,0,0,0,0,0,0,7000,7000,0,0
047804,鴻海凱基93購26  ,0,0,0,0,0,0,0,0,0,0,0,0,0,15000,15000,0,0
047701,鴻海凱基94購12  ,0,0,0,0,0,0,0,0,0,0,0,0,0,1000,1000,0,0
047709,聯發科凱基93購18,0,0,0,0,0,0,0,0,0,0,0,0,0,74000,74000,0,0
047704,智邦凱基93購06  ,0,0,0,0,0,0,0,0,0,0,0,0,0,20000,20000,0,0
047740,樺漢永豐93購01  ,0,0,0,0,0,0,0,0,0,0,0,0,0,1000,1000,0,0
047737,義隆麥證94購01  ,0,0,0,10000,10000,0,0,0,0,0,0,0,0,10000,10000,0,0
048050,元油反中信93購01,0,0,0,0,0,0,0,0,0,0,0,0,0,6000,6000,0,0
048051,大立光中信94購03,0,0,0,0,0,0,0,0,0,0,0,0,0,10000,10000,0,0
048032,可成凱基93購13  ,0,0,0,0,0,0,0,0,0,0,0,0,0,68000,68000,0,0
047511,義隆國票93購02  ,0,0,0,0,0,0,0,0,0,0,0,0,0,5000,5000,0,0
047509,技嘉國票93購01  ,0,0,0,0,0,0,0,0,0,0,0,0,0,1000,1000,0,0
047524,瑞昱元大93購10  ,0,0,0,0,0,0,0,0,0,0,0,0,0,14000,14000,0,0
047458,聯發科群益93購08,0,0,0,0,0,0,0,0,0,0,0,0,0,110000,110000,0,0
047479,美律凱基94購01  ,0,0,0,0,0,0,0,0,0,0,0,0,0,11000,11000,0,0
04866P,台積電統一95售02,0,0,0,0,0,0,0,0,0,0,0,0,0,5000,5000,0,0
04860P,鴻海群益94售07  ,0,0,0,0,0,0,0,0,0,0,0,0,0,10000,10000,0,0
047918,智邦凱基93購08  ,0,0,0,0,0,0,0,0,0,0,0,0,0,68000,68000,0,0
047194,世紀鋼元大96購01,0,0,0,0,0,0,0,0,0,0,0,0,0,5000,5000,0,0
047179,台積電元大93購17,0,0,0,0,0,0,0,0,0,0,0,0,0,35000,35000,0,0
046402,華泰元大92購03  ,0,0,0,0,0,0,0,0,0,0,0,0,0,113000,113000,0,0
046346,旺宏兆豐92購02  ,0,0,0,0,0,0,0,0,0,0,0,0,0,1000,1000,0,0
046356,智伸科群益93購01,0,0,0,0,0,0,0,0,0,0,0,0,0,9000,9000,0,0
049054,禾伸堂永豐94購01,0,0,0,0,0,0,0,0,0,0,0,0,0,71000,71000,0,0
046342,聯發科國票92購02,0,0,0,0,0,0,0,0,0,0,0,0,0,20000,20000,0,0
049036,燿華兆豐95購01  ,0,0,0,0,0,0,0,0,0,0,0,0,0,11000,11000,0,0
047131,鴻海凱基94購03  ,0,0,0,0,0,0,0,0,0,0,0,0,0,15000,15000,0,0
047115,可成元大93購06  ,0,0,0,0,0,0,0,0,0,0,0,0,0,50000,50000,0,0
04714P,上海銀元大94售01,0,0,0,0,0,0,0,0,0,0,0,0,0,50000,50000,0,0
047163,義隆台新93購01  ,0,0,0,0,0,0,0,0,0,0,0,0,0,10000,10000,0,0
048606,聯發科日盛93購02,0,0,0,0,0,0,0,0,0,0,0,0,0,1000,1000,0,0
047067,啟碁凱基93購01  ,0,0,0,0,0,0,0,0,0,0,0,0,0,1000,1000,0,0
046746,儒鴻凱基93購03  ,0,0,0,0,0,0,0,0,0,0,0,0,0,8000,8000,0,0
046750,鴻海凱基93購17  ,0,0,0,0,0,0,0,0,0,0,0,0,0,26000,26000,0,0
046756,廣達凱基93購01  ,0,0,0,0,0,0,0,0,0,0,0,0,0,20000,20000,0,0
046738,台積電群益93購05,0,0,0,0,0,0,0,0,0,0,0,0,0,48000,48000,0,0
04701P,臺股指元富94售07,0,0,0,0,0,0,0,0,0,0,0,0,0,290000,290000,0,0
046715,美律國泰94購01  ,0,0,0,0,0,0,0,0,0,0,0,0,0,40000,40000,0,0
048678,統一富邦93購01  ,0,0,0,0,0,0,0,0,0,0,0,0,0,3000,3000,0,0
047230,大立光凱基93購19,0,0,0,0,0,0,0,0,0,0,0,0,0,41000,41000,0,0
047015,上銀元大93購03  ,0,0,0,0,0,0,0,0,0,0,0,0,0,3000,3000,0,0
046838,勤誠群益93購01  ,0,0,0,0,0,0,0,0,0,0,0,0,0,10000,10000,0,0
04684P,欣興元大94售07  ,0,0,0,0,0,0,0,0,0,0,0,0,0,31000,31000,0,0
046852,燿華元大93購02  ,0,0,0,0,0,0,0,0,0,0,0,0,0,50000,50000,0,0
046814,鴻海凱基93購20  ,0,0,0,0,0,0,0,0,0,0,0,0,0,4000,4000,0,0
046857,群創元大93購06  ,0,0,0,0,0,0,0,0,0,0,0,0,0,54000,54000,0,0
046867,瑞昱統一93購01  ,0,0,0,0,0,0,0,0,0,0,0,0,0,20000,20000,0,0
046874,聯詠元富93購01  ,0,0,0,0,0,0,0,0,0,0,0,0,0,20000,20000,0,0
046903,友達凱基99購01  ,0,0,0,0,0,0,0,0,0,0,0,0,0,239000,239000,0,0
046941,瑞昱元大93購08  ,0,0,0,0,0,0,0,0,0,0,0,0,0,1000,1000,0,0
046943,聯發科元大93購06,0,0,0,0,0,0,0,0,0,0,0,0,0,55000,55000,0,0
046986,台積電凱基93購09,0,0,0,0,0,0,0,0,0,0,0,0,0,13000,13000,0,0
049652,GIS凱基94購05   ,0,0,0,0,0,0,0,0,0,0,0,0,0,10000,10000,0,0
049687,國巨元大94購09  ,0,0,0,0,0,0,0,0,0,0,0,0,0,8000,8000,0,0
04968P,台積電富邦94售06,0,0,0,0,0,0,0,0,0,0,0,0,0,100000,100000,0,0
049691,可成元大94購06  ,0,0,0,0,0,0,0,0,0,0,0,0,0,10000,10000,0,0
049898,緯穎統一95購01  ,0,0,0,0,0,0,0,0,0,0,0,0,0,10000,10000,0,0
049599,樺漢元大95購01  ,0,0,0,0,0,0,0,0,0,0,0,0,0,1000,1000,0,0
04959P,可成凱基94售14  ,0,0,0,0,0,0,0,0,0,0,0,0,0,29000,29000,0,0
049629,臺股指群益94購02,0,0,0,0,0,0,0,0,0,0,0,0,0,8000,8000,0,0
049858,百和群益94購05  ,0,0,0,0,0,0,0,0,0,0,0,0,0,27000,27000,0,0
049816,緯穎元大94購07  ,0,0,0,0,0,0,0,0,0,0,0,0,0,11000,11000,0,0
049828,華新科凱基94購06,0,0,0,0,0,0,0,0,0,0,0,0,0,39000,39000,0,0
049528,台積電中信94購01,0,0,0,0,0,0,0,0,0,0,0,0,0,20000,20000,0,0
049508,上銀凱基94購04  ,0,0,0,0,0,0,0,0,0,0,0,0,0,20000,20000,0,0
049561,道瓊銀統一96購01,0,0,0,0,0,0,0,0,0,0,0,0,0,15000,15000,0,0
046231,創意元大92購07  ,0,0,0,0,0,0,0,0,0,0,0,0,0,50000,50000,0,0
046271,日月光凱基92購05,0,0,0,0,0,0,0,0,0,0,0,0,0,68000,68000,0,0
046148,友達中信94購01  ,0,0,0,0,0,0,0,0,0,0,0,0,0,40000,40000,0,0
046178,聯發科日盛92購01,0,0,0,0,0,0,0,0,0,0,0,0,0,12000,12000,0,0
046085,儒鴻麥證92購01  ,0,0,0,30000,30000,0,0,0,0,0,0,0,0,30000,30000,0,0
046114,燿華元大92購04  ,0,0,0,0,0,0,0,0,0,0,0,0,0,20000,20000,0,0
046107,勤誠永豐92購01  ,0,0,0,0,0,0,0,0,0,0,0,0,0,12000,12000,0,0
049134,為升元大95購01  ,0,0,0,0,0,0,0,0,0,0,0,0,0,10000,10000,0,0
049165,元油2X凱基97購01,0,0,0,0,0,0,0,0,0,0,0,0,0,1000,1000,0,0
049172,鴻海凱基94購14  ,0,0,0,0,0,0,0,0,0,0,0,0,0,27000,27000,0,0
049173,鴻海凱基94購15  ,0,0,0,0,0,0,0,0,0,0,0,0,0,30000,30000,0,0
049102,智伸科國泰96購01,0,0,0,0,0,0,0,0,0,0,0,0,0,10000,10000,0,0
049112,可成統一94購01  ,0,0,0,0,0,0,0,0,0,0,0,0,0,10000,10000,0,0
046318,聯詠元大92購04  ,0,0,0,0,0,0,0,0,0,0,0,0,0,20000,20000,0,0
046327,康控元大92購01  ,0,0,0,0,0,0,0,0,0,0,0,0,0,4000,4000,0,0
046692,鴻海凱基93購15  ,0,0,0,0,0,0,0,0,0,0,0,0,0,12000,12000,0,0
046693,台積電凱基93購03,0,0,0,0,0,0,0,0,0,0,0,0,0,3000,3000,0,0
046339,訊芯中信92購01  ,0,0,0,0,0,0,0,0,0,0,0,0,0,20000,20000,0,0
047345,鴻海凱基94購06  ,0,0,0,0,0,0,0,0,0,0,0,0,0,17000,17000,0,0
047347,台積電凱基93購14,0,0,0,0,0,0,0,0,0,0,0,0,0,1000,1000,0,0
047385,華邦電元大94購02,0,0,0,0,0,0,0,0,0,0,0,0,0,1000,1000,0,0
047332,訊芯元大93購04  ,0,0,0,0,0,0,0,0,0,0,0,0,0,4000,4000,0,0
048822,燿華凱基94購03  ,0,0,0,0,0,0,0,0,0,0,0,0,0,10000,10000,0,0
048112,宏達電群益93購05,0,0,0,0,0,0,0,0,0,0,0,0,0,100000,100000,0,0
048101,致伸凱基93購05  ,0,0,0,0,0,0,0,0,0,0,0,0,0,6000,6000,0,0
048143,聯發科統一94購03,0,0,0,0,0,0,0,0,0,0,0,0,0,31000,31000,0,0
046039,新日興元大92購02,0,0,0,0,0,0,0,0,0,0,0,0,0,48000,48000,0,0
04603P,訊芯凱基94售03  ,0,0,0,0,0,0,0,0,0,0,0,0,0,100000,100000,0,0
046688,超眾國票93購03  ,0,0,0,0,0,0,0,0,0,0,0,0,0,20000,20000,0,0
046681,漢唐群益93購01  ,0,0,0,0,0,0,0,0,0,0,0,0,0,5000,5000,0,0
047412,鴻海永昌93購05  ,0,0,0,0,0,0,0,0,0,0,0,0,0,125000,125000,0,0
04741P,台積電統一94售10,0,0,0,0,0,0,0,0,0,0,0,0,0,30000,30000,0,0
047455,儒鴻群益93購03  ,0,0,0,0,0,0,0,0,0,0,0,0,0,30000,30000,0,0
048196,聯發科元大93購24,0,0,0,0,0,0,0,0,0,0,0,0,0,14000,14000,0,0
04874P,高股息中信97售01,0,0,0,0,0,0,0,0,0,0,0,0,0,50000,50000,0,0
046538,大立光群益93購06,0,0,0,0,0,0,0,0,0,0,0,0,0,40000,40000,0,0
046564,聯詠凱基92購09  ,0,0,0,0,0,0,0,0,0,0,0,0,0,24000,24000,0,0
046557,亞泥凱基93購02  ,0,0,0,0,0,0,0,0,0,0,0,0,0,50000,50000,0,0
048782,亞泥元大94購01  ,0,0,0,0,0,0,0,0,0,0,0,0,0,17000,17000,0,0
048784,台積電元大94購04,0,0,0,0,0,0,0,0,0,0,0,0,0,20000,20000,0,0
048798,華新科國泰95購01,0,0,0,0,0,0,0,0,0,0,0,0,0,1000,1000,0,0
048814,上銀凱基94購01  ,0,0,0,0,0,0,0,0,0,0,0,0,0,19000,19000,0,0
048367,華邦電統一93購01,0,0,0,0,0,0,0,0,0,0,0,0,0,50000,50000,0,0
048373,A50正2元富95購01,0,0,0,0,0,0,0,0,0,0,0,0,0,5000,5000,0,0
048498,嘉澤元大94購01  ,0,0,0,0,0,0,0,0,0,0,0,0,0,7000,7000,0,0
048514,嘉澤凱基93購06  ,0,0,0,0,0,0,0,0,0,0,0,0,0,68000,68000,0,0
048443,旺宏凱基93購08  ,0,0,0,0,0,0,0,0,0,0,0,0,0,1000,1000,0,0
04842P,群創元大96售02  ,0,0,0,0,0,0,0,0,0,0,0,0,0,38000,38000,0,0
051085,鴻海元大95購03  ,0,0,0,0,0,0,0,0,0,0,0,0,0,451000,451000,0,0
051061,中磊群益95購01  ,0,0,0,0,0,0,0,0,0,0,0,0,0,5000,5000,0,0
051082,上証2X元大98購01,0,0,0,0,0,0,0,0,0,0,0,0,0,10000,10000,0,0
051039,台表科康和95購01,0,0,0,0,0,0,0,0,0,0,0,0,0,70000,70000,0,0
051016,京元電凱基95購03,0,0,0,0,0,0,0,0,0,0,0,0,0,30000,30000,0,0
051256,中磊元大95購01  ,0,0,0,0,0,0,0,0,0,0,0,0,0,4000,4000,0,0
051276,SGBR2X中信97購01,0,0,0,0,0,0,0,0,0,0,0,0,0,10000,10000,0,0
051261,鴻海永昌96購05  ,0,0,0,0,0,0,0,0,0,0,0,0,0,234000,234000,0,0
051166,可成元大95購02  ,0,0,0,0,0,0,0,0,0,0,0,0,0,41000,41000,0,0
051178,大立光凱基95購10,0,0,0,0,0,0,0,0,0,0,0,0,0,20000,20000,0,0
051196,喬山麥證95購01  ,0,0,0,10000,10000,0,0,0,0,0,0,0,0,10000,10000,0,0
051581,聯發科元大95購12,0,0,0,0,0,0,0,0,0,0,0,0,0,2000,2000,0,0
051620,可成凱基95購10  ,0,0,0,0,0,0,0,0,0,0,0,0,0,34000,34000,0,0
051542,南茂國票96購01  ,0,0,0,0,0,0,0,0,0,0,0,0,0,10000,10000,0,0
051536,玉晶光國票97購01,0,0,0,0,0,0,0,0,0,0,0,0,0,95000,95000,0,0
051492,臻鼎凱基95購01  ,0,0,0,0,0,0,0,0,0,0,0,0,0,8000,8000,0,0
051513,台積電凱基95購13,0,0,0,0,0,0,0,0,0,0,0,0,0,30000,30000,0,0
051392,玉山金兆豐95購01,0,0,0,0,0,0,0,0,0,0,0,0,0,60000,60000,0,0
051330,宏碁永豐95購01  ,0,0,0,0,0,0,0,0,0,0,0,0,0,68000,68000,0,0
051428,玉晶光統一96購01,0,0,0,0,0,0,0,0,0,0,0,0,0,55000,55000,0,0
051445,可成元大95購06  ,0,0,0,0,0,0,0,0,0,0,0,0,0,30000,30000,0,0
051436,訊芯元富95購01  ,0,0,0,0,0,0,0,0,0,0,0,0,0,10000,10000,0,0
051454,致伸元大95購01  ,0,0,0,0,0,0,0,0,0,0,0,0,0,26000,26000,0,0
051967,康友永豐95購02  ,0,0,0,0,0,0,0,0,0,0,0,0,0,51000,51000,0,0
051941,樺漢群益95購02  ,0,0,0,0,0,0,0,0,0,0,0,0,0,2000,2000,0,0
051943,台積電麥證95購03,0,0,0,40000,40000,0,0,0,0,0,0,0,0,40000,40000,0,0
051666,旺宏元大96購05  ,0,0,0,0,0,0,0,0,0,0,0,0,0,5000,5000,0,0
051730,為升國票96購02  ,0,0,0,0,0,0,0,0,0,0,0,0,0,5000,5000,0,0
05173P,臺股指元大95售17,0,0,0,0,0,0,0,0,0,0,0,0,0,120000,120000,0,0
051744,嘉聯益國票97購01,0,0,0,0,0,0,0,0,0,0,0,0,0,20000,20000,0,0
051787,燿華國票96購02  ,0,0,0,0,0,0,0,0,0,0,0,0,0,25000,25000,0,0
051833,昇陽半元大96購01,0,0,0,0,0,0,0,0,0,0,0,0,0,10000,10000,0,0
051808,美律凱基96購02  ,0,0,0,0,0,0,0,0,0,0,0,0,0,2000,2000,0,0
052274,大立光群益95購03,0,0,0,0,0,0,0,0,0,0,0,0,0,65000,65000,0,0
052257,燿華國泰96購01  ,0,0,0,0,0,0,0,0,0,0,0,0,0,21000,21000,0,0
052320,緯創元大95購05  ,0,0,0,0,0,0,0,0,0,0,0,0,0,45000,45000,0,0
052329,台積電亞東96購01,0,0,0,0,0,0,0,0,0,0,0,0,0,10000,10000,0,0
052099,臺股指富邦95購02,0,0,0,0,0,0,0,0,0,0,0,0,0,75000,75000,0,0
052047,建準凱基96購01  ,0,0,0,0,0,0,0,0,0,0,0,0,0,3000,3000,0,0
052052,嘉澤凱基95購02  ,0,0,0,0,0,0,0,0,0,0,0,0,0,68000,68000,0,0
052032,臺股指群益95購05,0,0,0,0,0,0,0,0,0,0,0,0,0,20000,20000,0,0
052024,臺股指永豐95購04,0,0,0,0,0,0,0,0,0,0,0,0,0,20000,20000,0,0
052109,可成元富95購01  ,0,0,0,0,0,0,0,0,0,0,0,0,0,10000,10000,0,0
052173,廣達元大95購02  ,0,0,0,0,0,0,0,0,0,0,0,0,0,68000,68000,0,0
052181,南茂元大95購05  ,0,0,0,0,0,0,0,0,0,0,0,0,0,30000,30000,0,0
052153,GIS富邦96購02   ,0,0,0,0,0,0,0,0,0,0,0,0,0,10000,10000,0,0
050366,鴻海元大94購19  ,0,0,0,0,0,0,0,0,0,0,0,0,0,18000,18000,0,0
050275,緯穎元大94購10  ,0,0,0,0,0,0,0,0,0,0,0,0,0,2000,2000,0,0
050288,台積電凱基94購32,0,0,0,0,0,0,0,0,0,0,0,0,0,1000,1000,0,0
050295,大立光凱基94購16,0,0,0,0,0,0,0,0,0,0,0,0,0,2000,2000,0,0
050301,矽創凱基94購03  ,0,0,0,0,0,0,0,0,0,0,0,0,0,1000,1000,0,0
050395,大立光元富94購10,0,0,0,0,0,0,0,0,0,0,0,0,0,44000,44000,0,0
050370,台積電元大94購24,0,0,0,0,0,0,0,0,0,0,0,0,0,3000,3000,0,0
050420,鴻海凱基95購03  ,0,0,0,0,0,0,0,0,0,0,0,0,0,4000,4000,0,0
050454,嘉澤元大94購04  ,0,0,0,0,0,0,0,0,0,0,0,0,0,7000,7000,0,0
050443,復盛凱基94購02  ,0,0,0,0,0,0,0,0,0,0,0,0,0,19000,19000,0,0
050609,鴻海元大94購23  ,0,0,0,0,0,0,0,0,0,0,0,0,0,17000,17000,0,0
050610,鴻海元大94購24  ,0,0,0,0,0,0,0,0,0,0,0,0,0,161000,161000,0,0
050628,美律中信94購02  ,0,0,0,0,0,0,0,0,0,0,0,0,0,20000,20000,0,0
050644,國巨凱基96購01  ,0,0,0,0,0,0,0,0,0,0,0,0,0,22000,22000,0,0
050463,百和元大94購04  ,0,0,0,0,0,0,0,0,0,0,0,0,0,3000,3000,0,0
050479,上証2X國票95購02,0,0,0,0,0,0,0,0,0,0,0,0,0,5000,5000,0,0
050513,亞泥元大94購02  ,0,0,0,0,0,0,0,0,0,0,0,0,0,29000,29000,0,0
050695,台積電凱基94購40,0,0,0,0,0,0,0,0,0,0,0,0,0,2000,2000,0,0
05065P,燿華元大96售03  ,0,0,0,0,0,0,0,0,0,0,0,0,0,85000,85000,0,0
050650,大立光凱基96購01,0,0,0,0,0,0,0,0,0,0,0,0,0,19000,19000,0,0
050646,美律凱基96購01  ,0,0,0,0,0,0,0,0,0,0,0,0,0,2000,2000,0,0
050692,鴻海凱基96購04  ,0,0,0,0,0,0,0,0,0,0,0,0,0,56000,56000,0,0
050693,鴻海凱基96購05  ,0,0,0,0,0,0,0,0,0,0,0,0,0,7000,7000,0,0
050677,光寶科統一94購01,0,0,0,0,0,0,0,0,0,0,0,0,0,28000,28000,0,0
050742,新日興永豐94購01,0,0,0,0,0,0,0,0,0,0,0,0,0,68000,68000,0,0
050769,聯發科元大94購17,0,0,0,0,0,0,0,0,0,0,0,0,0,63000,63000,0,0
05076P,深中小群益99售02,0,0,0,0,0,0,0,0,0,0,0,0,0,399000,399000,0,0
05075P,台積電麥證95售01,0,0,0,40000,40000,0,0,0,0,0,0,0,0,40000,40000,0,0
050766,燿華元大96購02  ,0,0,0,0,0,0,0,0,0,0,0,0,0,120000,120000,0,0
050809,鴻海凱基95購08  ,0,0,0,0,0,0,0,0,0,0,0,0,0,4000,4000,0,0
050810,鴻海凱基95購09  ,0,0,0,0,0,0,0,0,0,0,0,0,0,23000,23000,0,0
050803,康控兆豐96購01  ,0,0,0,0,0,0,0,0,0,0,0,0,0,20000,20000,0,0
050821,國泰金凱基95購01,0,5000,-5000,0,0,0,0,0,0,5000,0,0,0,5000,0,5000,0
050817,可成凱基95購01  ,0,0,0,0,0,0,0,0,0,0,0,0,0,60000,60000,0,0
050891,喬山元大95購01  ,0,0,0,0,0,0,0,0,0,0,0,0,0,100000,100000,0,0
050901,樺漢元大95購02  ,0,0,0,0,0,0,0,0,0,0,0,0,0,19000,19000,0,0
050880,大立光元富95購03,0,0,0,0,0,0,0,0,0,0,0,0,0,8000,8000,0,0
050937,可成國票96購02  ,0,0,0,0,0,0,0,0,0,0,0,0,0,5000,5000,0,0
049216,華邦電國票95購01,0,0,0,0,0,0,0,0,0,0,0,0,0,100000,100000,0,0
050012,台積電國泰95購03,0,0,0,0,0,0,0,0,0,0,0,0,0,1000,1000,0,0
050021,鴻海元大94購10  ,0,0,0,0,0,0,0,0,0,0,0,0,0,8000,8000,0,0
050030,嘉晶元大94購03  ,0,0,0,0,0,0,0,0,0,0,0,0,0,7000,7000,0,0
050198,緯穎元大94購09  ,0,0,0,0,0,0,0,0,0,0,0,0,0,18000,18000,0,0
050227,大立光中信96購01,0,10000,-10000,0,0,0,0,0,0,10000,0,0,0,10000,0,10000,0
050248,臻鼎凱基94購03  ,0,0,0,0,0,0,0,0,0,0,0,0,0,10000,10000,0,0
050269,欣興元大94購09  ,0,0,0,0,0,0,0,0,0,0,0,0,0,74000,74000,0,0
050259,鴻海元大94購14  ,0,0,0,0,0,0,0,0,0,0,0,0,0,28000,28000,0,0
050107,鴻海元大94購12  ,0,0,0,0,0,0,0,0,0,0,0,0,0,40000,40000,0,0
050108,鴻海元大94購13  ,0,0,0,0,0,0,0,0,0,0,0,0,0,27000,27000,0,0
050128,旺宏凱基94購04  ,0,0,0,0,0,0,0,0,0,0,0,0,0,1000,1000,0,0
050160,中石化國泰95購01,0,0,0,0,0,0,0,0,0,0,0,0,0,50000,50000,0,0
04944P,元油2X永豐94售06,0,0,0,0,0,0,0,0,0,0,0,0,0,242000,242000,0,0
049499,康控元大96購01  ,0,0,0,0,0,0,0,0,0,0,0,0,0,140000,140000,0,0
049487,智邦元大94購03  ,0,0,0,0,0,0,0,0,0,0,0,0,0,50000,50000,0,0
049174,台積電凱基94購11,0,0,0,0,0,0,0,0,0,0,0,0,0,100000,100000,0,0
049175,台積電凱基94購12,0,0,0,0,0,0,0,0,0,0,0,0,0,1000,1000,0,0
049319,GIS凱基94購03   ,0,0,0,0,0,0,0,0,0,0,0,0,0,14000,14000,0,0
049321,緯穎凱基94購02  ,0,0,0,0,0,0,0,0,0,0,0,0,0,10000,10000,0,0
049359,台達電元大94購06,0,0,0,0,0,0,0,0,0,0,0,0,0,1000,1000,0,0
049415,智邦凱基94購02  ,0,0,0,0,0,0,0,0,0,0,0,0,0,68000,68000,0,0
049727,台積電中信94購02,0,0,0,0,0,0,0,0,0,0,0,0,0,45000,45000,0,0
049713,鴻海凱基94購17  ,0,0,0,0,0,0,0,0,0,0,0,0,0,1000,1000,0,0
049927,健策元大94購02  ,0,0,0,0,0,0,0,0,0,0,0,0,0,1000,1000,0,0
049773,臺股指元富94購02,0,0,0,0,0,0,0,0,0,0,0,0,0,40000,40000,0,0
049774,元油2X統一94購05,0,0,0,0,0,0,0,0,0,0,0,0,0,2000,2000,0,0
049977,瑞昱凱基94購03  ,0,0,0,0,0,0,0,0,0,0,0,0,0,9000,9000,0,0
049957,智邦統一94購01  ,0,0,0,0,0,0,0,0,0,0,0,0,0,48000,48000,0,0
049950,南亞科群益94購02,0,0,0,0,0,0,0,0,0,0,0,0,0,13000,13000,0,0
049961,GIS統一94購01   ,0,0,0,0,0,0,0,0,0,0,0,0,0,60000,60000,0,0
049963,聯發科元富94購02,0,0,0,0,0,0,0,0,0,0,0,0,0,1000,1000,0,0
049307,上銀凱基94購03  ,0,0,0,0,0,0,0,0,0,0,0,0,0,20000,20000,0,0
049982,嘉晶凱基94購01  ,0,0,0,0,0,0,0,0,0,0,0,0,0,61000,61000,0,0
3028,增你強          ,8000,8000,0,0,0,0,0,0,0,0,0,0,0,0,0,0,0
2849,安泰銀          ,56000,36000,20000,0,0,0,0,0,0,-20000,0,20000,-20000,0,0,0,0
08951P,臺股指國票01售08,0,0,0,0,0,0,0,0,0,0,0,0,0,10000,10000,0,0
1467,南緯            ,1000,1000,0,0,0,0,0,0,0,0,0,0,0,0,0,0,0
1436,華友聯          ,4000,4000,0,0,0,0,0,0,0,0,0,0,0,0,0,0,0
06083P,華通統一98售02  ,0,0,0,0,0,0,0,0,0,0,0,0,0,20000,20000,0,0
06038P,國泰金台新96售01,0,0,0,0,0,0,0,0,0,0,0,0,0,15000,15000,0,0
06033P,可成凱基96售09  ,0,0,0,0,0,0,0,0,0,0,0,0,0,25000,25000,0,0
05833P,臺股指元富96售05,0,0,0,0,0,0,0,0,0,0,0,0,0,3000,3000,0,0
05933P,鴻海凱基97售03  ,0,0,0,0,0,0,0,0,0,0,0,0,0,10000,10000,0,0
05935P,台積電凱基96售19,0,0,0,0,0,0,0,0,0,0,0,0,0,10000,10000,0,0
05929P,宏達電康和96售01,0,0,0,0,0,0,0,0,0,0,0,0,0,140000,140000,0,0
05964P,華通凱基96售06  ,0,0,0,0,0,0,0,0,0,0,0,0,0,15000,15000,0,0
05603P,聯發科元大96售09,0,0,0,0,0,0,0,0,0,0,0,0,0,10000,10000,0,0
055118,嘉聯益凱基98購02,0,0,0,0,0,0,0,0,0,0,0,0,0,6000,6000,0,0
055109,正崴凱基98購01  ,0,0,0,0,0,0,0,0,0,0,0,0,0,4000,4000,0,0
055146,華通元大98購04  ,0,0,0,0,0,0,0,0,0,0,0,0,0,3000,3000,0,0
055152,旺宏元大98購04  ,0,0,0,0,0,0,0,0,0,0,0,0,0,28000,28000,0,0
055153,台光電元大98購02,0,0,0,0,0,0,0,0,0,0,0,0,0,35000,35000,0,0
055150,台積電元大98購04,0,0,0,0,0,0,0,0,0,0,0,0,0,182000,182000,0,0
055158,亞光元大99購01  ,0,0,0,0,0,0,0,0,0,0,0,0,0,6000,6000,0,0
055164,矽創元大98購01  ,0,0,0,0,0,0,0,0,0,0,0,0,0,11000,11000,0,0
05692P,聯發科中信9A售02,0,0,0,0,0,0,0,0,0,0,0,0,0,10000,10000,0,0
05657P,樺漢統一97售01  ,0,0,0,0,0,0,0,0,0,0,0,0,0,120000,120000,0,0
05662P,景碩元富96售01  ,0,0,0,0,0,0,0,0,0,0,0,0,0,20000,20000,0,0
05745P,富邦金兆豐96售02,0,0,0,0,0,0,0,0,0,0,0,0,0,7000,7000,0,0
05719P,可成元大96售03  ,0,0,0,0,0,0,0,0,0,0,0,0,0,77000,77000,0,0
05811P,臺股指國票96售04,0,0,0,0,0,0,0,0,0,0,0,0,0,60000,60000,0,0
8497,格威傳媒        ,2000,2000,0,0,0,0,0,0,0,0,0,0,0,0,0,0,0
9906,欣巴巴          ,18000,18000,0,0,0,0,0,0,0,0,0,0,0,0,0,0,0
3149,正達            ,6000,6000,0,0,0,0,0,0,0,0,0,0,0,0,0,0,0
3229,晟鈦            ,1000,0,1000,0,0,0,0,0,0,-1000,0,1000,-1000,0,0,0,0
3296,勝德            ,1000,0,1000,0,0,0,0,0,0,-1000,0,1000,-1000,0,0,0,0
4807,日成-KY         ,2000,2000,0,0,0,0,0,0,0,0,0,0,0,0,0,0,0
4989,榮科            ,11000,11000,0,0,0,0,0,0,0,0,1000,1000,0,0,0,0,0
5288,豐祥-KY         ,17000,17000,0,0,0,0,0,0,0,0,0,0,0,0,0,0,0
6674,鋐寶科技        ,2000,1000,1000,0,0,0,0,0,0,-1000,0,1000,-1000,0,0,0,0
053042,大立光凱基97購03,0,0,0,0,0,0,0,0,0,-1000,0,0,0,0,1000,-1000,-1000
053031,華新科第一96購01,0,0,0,0,0,0,0,0,0,-1000,0,0,0,10000,11000,-1000,-1000
053162,緯穎元大97購01  ,0,0,0,0,0,0,0,0,0,-1000,0,0,0,30000,31000,-1000,-1000
053108,南亞科兆豐96購01,0,0,0,0,0,0,0,0,0,-1000,0,0,0,0,1000,-1000,-1000
05319P,上銀凱基95售02  ,0,0,0,0,0,0,0,0,0,-1000,0,0,0,0,1000,-1000,-1000
053168,晶技群益98購01  ,0,0,0,0,0,0,0,0,0,-1000,0,0,0,0,1000,-1000,-1000
053258,上証2X群益9A購03,0,0,0,0,0,0,0,0,0,-1000,0,0,0,0,1000,-1000,-1000
053286,臺股指元大96購14,0,0,0,0,0,0,0,0,0,-1000,0,0,0,0,1000,-1000,-1000
053517,崇越群益97購01  ,0,0,0,0,0,0,0,0,0,-1000,0,0,0,0,1000,-1000,-1000
052359,百和永豐95購01  ,0,0,0,0,0,0,0,0,0,-1000,0,0,0,20000,21000,-1000,-1000
052510,聯發科凱基95購13,0,0,0,0,0,0,0,0,0,-1000,0,0,0,120000,121000,-1000,-1000
052482,茂林群益95購01  ,0,0,0,0,0,0,0,0,0,-1000,0,0,0,26000,27000,-1000,-1000
052660,京元電國票97購01,0,0,0,0,0,0,0,0,0,-1000,0,0,0,3000,4000,-1000,-1000
05259P,臺股指凱基96售12,0,0,0,0,0,0,0,0,0,-1000,0,0,0,0,1000,-1000,-1000
052930,華新科元大97購03,0,0,0,0,0,0,0,0,0,-1000,0,0,0,0,1000,-1000,-1000
052879,滬深2X凱基97購02,0,0,0,0,0,0,0,0,0,-1000,0,0,0,60000,61000,-1000,-1000
052784,緯穎國票97購02  ,0,0,0,0,0,0,0,0,0,-1000,0,0,0,0,1000,-1000,-1000
05279P,上銀元大95售02  ,0,0,0,0,0,0,0,0,0,-1000,0,0,0,0,1000,-1000,-1000
052800,國巨元大96購05  ,0,0,0,0,0,0,0,0,0,-1000,0,0,0,51000,52000,-1000,-1000
052710,玉晶光日盛96購01,0,0,0,0,0,0,0,0,0,-1000,0,0,0,10000,11000,-1000,-1000
052696,玉晶光麥證97購01,0,0,0,0,1000,-1000,0,0,0,-1000,0,0,0,0,1000,-1000,-1000
052691,GIS元大96購01   ,0,0,0,0,0,0,0,0,0,-1000,0,0,0,0,1000,-1000,-1000
052686,華新科元大96購03,0,0,0,0,0,0,0,0,0,-1000,0,0,0,0,1000,-1000,-1000
054444,緯穎台新97購01  ,0,0,0,0,0,0,0,0,0,-1000,0,0,0,7000,8000,-1000,-1000
054457,強茂群益96購01  ,0,0,0,0,0,0,0,0,0,-1000,0,0,0,10000,11000,-1000,-1000
054555,欣興凱基98購01  ,0,0,0,0,0,0,0,0,0,-1000,0,0,0,0,1000,-1000,-1000
054384,瀚宇博群益96購02,0,0,0,0,0,0,0,0,0,-1000,0,0,0,22000,23000,-1000,-1000
054655,貿聯麥證98購01  ,0,0,0,41000,42000,-1000,0,0,0,-1000,0,0,0,41000,42000,-1000,-1000
054613,大立光永豐97購02,0,0,0,0,0,0,0,0,0,-1000,0,0,0,0,1000,-1000,-1000
05472P,國巨統一96售02  ,0,0,0,0,0,0,0,0,0,-1000,0,0,0,39000,40000,-1000,-1000
054718,可成永豐97購01  ,0,0,0,0,0,0,0,0,0,-1000,0,0,0,74000,75000,-1000,-1000
054916,聯發科凱基98購04,0,0,0,0,0,0,0,0,0,-1000,0,0,0,0,1000,-1000,-1000
054887,大毅統一98購01  ,0,0,0,0,0,0,0,0,0,-1000,0,0,0,0,1000,-1000,-1000
054838,京鼎第一97購01  ,0,0,0,0,0,0,0,0,0,-1000,0,0,0,0,1000,-1000,-1000
054948,聯發科元大97購14,0,0,0,0,0,0,0,0,0,-1000,0,0,0,13000,14000,-1000,-1000
054013,聯發科永豐96購02,0,0,0,0,0,0,0,0,0,-1000,0,0,0,0,1000,-1000,-1000
054007,貿聯統一96購01  ,0,0,0,0,0,0,0,0,0,-1000,0,0,0,696000,697000,-1000,-1000
053965,聯電元大98購04  ,0,0,0,0,0,0,0,0,0,-1000,0,0,0,0,1000,-1000,-1000
05412P,泰碩國票95售02  ,0,0,0,0,0,0,0,0,0,-1000,0,0,0,34000,35000,-1000,-1000
05377P,鴻海凱基95售18  ,0,0,0,0,0,0,0,0,0,-1000,0,0,0,0,1000,-1000,-1000
053782,京元電元大98購02,0,0,0,0,0,0,0,0,0,-1000,0,0,0,119000,120000,-1000,-1000
048974,日電貿元大94購01,0,0,0,0,0,0,0,0,0,-1000,0,0,0,20000,21000,-1000,-1000
048985,茂林元大94購01  ,0,0,0,0,0,0,0,0,0,-1000,0,0,0,0,1000,-1000,-1000
048884,川湖元富94購01  ,0,0,0,0,0,0,0,0,0,-1000,0,0,0,0,1000,-1000,-1000
047860,臺股指國票93購15,0,0,0,0,0,0,0,0,0,-1000,0,0,0,0,1000,-1000,-1000
048570,鈺齊元大93購01  ,0,0,0,0,0,0,0,0,0,-1000,0,0,0,0,1000,-1000,-1000
045156,群創凱基92購01  ,0,0,0,0,0,0,0,0,0,-1000,0,0,0,0,1000,-1000,-1000
045368,群創兆豐92購02  ,0,0,0,0,0,0,0,0,0,-1000,0,0,0,1995000,1996000,-1000,-1000
04537P,新光金統一94售01,0,0,0,0,0,0,0,0,0,-1000,0,0,0,0,1000,-1000,-1000
045436,友達統一93購02  ,0,0,0,0,0,0,0,0,0,-1000,0,0,0,0,1000,-1000,-1000
045832,建準群益92購01  ,0,0,0,0,0,0,0,0,0,-1000,0,0,0,0,1000,-1000,-1000
045058,華邦電國泰94購01,0,0,0,0,0,0,0,0,0,-1000,0,0,0,184000,185000,-1000,-1000
044258,超眾元大92購02  ,0,0,0,0,0,0,0,0,0,-1000,0,0,0,0,1000,-1000,-1000
044942,國巨群益94購01  ,0,0,0,0,0,0,0,0,0,-1000,0,0,0,0,1000,-1000,-1000
044053,國巨元大92購11  ,0,0,0,0,0,0,0,0,0,-1000,0,0,0,0,1000,-1000,-1000
045012,大立光元大92購09,0,0,0,0,0,0,0,0,0,-1000,0,0,0,0,1000,-1000,-1000
045779,大立光元大93購11,0,0,0,0,0,0,0,0,0,-1000,0,0,0,0,1000,-1000,-1000
044805,旭富凱基93購01  ,0,0,0,0,0,0,0,0,0,-1000,0,0,0,1000,2000,-1000,-1000
043799,臺股指凱基91購10,0,0,0,0,0,0,0,0,0,-1000,0,0,0,58000,59000,-1000,-1000
043843,台積電元富91購01,0,0,0,0,0,0,0,0,0,-1000,0,0,0,0,1000,-1000,-1000
044167,大立光元大93購03,0,0,0,0,0,0,0,0,0,-1000,0,0,0,0,1000,-1000,-1000
044123,旺宏凱基91購06  ,0,0,0,0,0,0,0,0,0,-1000,0,0,0,1000,2000,-1000,-1000
04007P,國巨國票93售03  ,0,0,0,0,0,0,0,0,0,-1000,0,0,0,0,1000,-1000,-1000
041816,元油2X凱基92購01,0,0,0,0,0,0,0,0,0,-1000,0,0,0,37000,38000,-1000,-1000
04137P,元油反國票97售01,0,0,0,0,0,0,0,0,0,-1000,0,0,0,0,1000,-1000,-1000
045452,儒鴻元大92購03  ,0,0,0,0,0,0,0,0,0,-1000,0,0,0,1000,2000,-1000,-1000
044556,健策永豐91購01  ,0,0,0,0,0,0,0,0,0,-1000,0,0,0,0,1000,-1000,-1000
04558P,瑞昱日盛94售01  ,0,0,0,0,0,0,0,0,0,-1000,0,0,0,0,1000,-1000,-1000
042501,台灣50凱基96購06,0,0,0,0,0,0,0,0,0,-1000,0,0,0,2000,3000,-1000,-1000
043663,大立光元大92購07,0,0,0,0,0,0,0,0,0,-1000,0,0,0,0,1000,-1000,-1000
03296P,台積電統一02售13,0,0,0,0,0,0,0,0,0,-1000,0,0,0,0,1000,-1000,-1000
03203P,台積電凱基01售26,0,0,0,0,0,0,0,0,0,-1000,0,0,0,0,1000,-1000,-1000
03422B,臺股指凱基96熊28,0,0,0,0,0,0,0,0,0,-1000,0,0,0,0,1000,-1000,-1000
03402P,大立光凱基02售07,0,0,0,0,0,0,0,0,0,-1000,0,0,0,0,1000,-1000,-1000
03562P,台灣50群益02售13,0,0,0,0,0,0,0,0,0,-1000,0,0,0,10000,11000,-1000,-1000
04287P,A50正2中信96售01,0,0,0,0,0,0,0,0,0,-1000,0,0,0,0,1000,-1000,-1000
043156,大立光統一94購01,0,0,0,0,0,0,0,0,0,-1000,0,0,0,15000,16000,-1000,-1000
03936P,上銀元大93售06  ,0,0,0,0,0,0,0,0,0,-1000,0,0,0,0,1000,-1000,-1000
043381,大立光元大93購02,0,0,0,0,0,0,0,0,0,-1000,0,0,0,9000,10000,-1000,-1000
04335P,大成鋼元大93售01,0,0,0,0,0,0,0,0,0,-1000,0,0,0,0,1000,-1000,-1000
03092P,臺股指元大01售21,0,0,0,0,0,0,0,0,0,-1000,0,0,0,0,1000,-1000,-1000
03708P,鴻海亞東93售01  ,0,0,0,0,0,0,0,0,0,-1000,0,0,0,0,1000,-1000,-1000
03716P,大成鋼永豐93售01,0,0,0,0,0,0,0,0,0,-1000,0,0,0,0,1000,-1000,-1000
00709,富邦歐洲        ,0,0,0,0,0,0,0,0,0,-1000,0,0,0,100000,101000,-1000,-1000
020002,元富新中國N     ,0,0,0,0,0,0,0,0,0,-1000,0,0,0,0,1000,-1000,-1000
01004T,土銀富邦R2      ,0,1000,-1000,0,0,0,0,0,0,0,0,0,0,0,0,0,-1000
03612C,臺股指元大95牛01,0,0,0,0,0,0,0,0,0,-1000,0,0,0,0,1000,-1000,-1000
006203,元大MSCI台灣    ,2000,0,2000,0,0,0,0,0,0,-3000,0,0,0,2000,5000,-3000,-1000
0057,富邦摩台        ,0,0,0,0,0,0,0,0,0,-1000,0,0,0,20000,21000,-1000,-1000
00661,元大日經225     ,0,0,0,0,0,0,0,0,0,-1000,0,0,0,1000,2000,-1000,-1000
04844P,京元電亞東94售01,0,0,0,0,0,0,0,0,0,-1000,0,0,0,0,1000,-1000,-1000
048509,上証反凱基99購02,0,0,0,0,0,0,0,0,0,-1000,0,0,0,0,1000,-1000,-1000
048385,亞德客國票94購01,0,0,0,0,0,0,0,0,0,-1000,0,0,0,10000,11000,-1000,-1000
048791,智原元大94購02  ,0,0,0,0,0,0,0,0,0,-1000,0,0,0,157000,158000,-1000,-1000
048754,瀚宇博元富97購01,0,0,0,0,0,0,0,0,0,-1000,0,0,0,0,1000,-1000,-1000
048221,鴻海凱基95購01  ,0,0,0,0,0,0,0,0,0,-1000,0,0,0,0,1000,-1000,-1000
047393,景碩元大93購02  ,0,0,0,0,0,0,0,0,0,-1000,0,0,0,4000,5000,-1000,-1000
046062,遠東新凱基92購02,0,0,0,0,0,0,0,0,0,-1000,0,0,0,1000,2000,-1000,-1000
048099,健策凱基93購06  ,0,0,0,0,0,0,0,0,0,-1000,0,0,0,0,1000,-1000,-1000
047383,鴻海元大95購01  ,0,0,0,0,0,0,0,0,0,-1000,0,0,0,11000,12000,-1000,-1000
04591P,上銀元大94售01  ,0,0,0,0,0,0,0,0,0,-1000,0,0,0,0,1000,-1000,-1000
047330,康舒元大93購01  ,0,0,0,0,0,0,0,0,0,-1000,0,0,0,0,1000,-1000,-1000
046586,大立光元大92購26,0,0,0,0,0,0,0,0,0,-1000,0,0,0,0,1000,-1000,-1000
049374,大立光元大94購12,0,0,0,0,0,0,0,0,0,-1000,0,0,0,0,1000,-1000,-1000
046124,健策元大92購04  ,0,0,0,0,0,0,0,0,0,-1000,0,0,0,0,1000,-1000,-1000
046136,南茂富邦92購01  ,0,0,0,0,0,0,0,0,0,-1000,0,0,0,9000,10000,-1000,-1000
046292,聯發科統一92購02,0,0,0,0,0,0,0,0,0,-1000,0,0,0,0,1000,-1000,-1000
046248,技嘉群益93購02  ,0,0,0,0,0,0,0,0,0,-1000,0,0,0,0,1000,-1000,-1000
049573,長榮航統一95購01,0,0,0,0,0,0,0,0,0,-1000,0,0,0,0,1000,-1000,-1000
049839,聯發科亞東94購02,0,0,0,0,0,0,0,0,0,-1000,0,0,0,0,1000,-1000,-1000
049884,訊芯永豐94購01  ,0,0,0,0,0,0,0,0,0,-1000,0,0,0,72000,73000,-1000,-1000
049605,旺宏第一94購01  ,0,0,0,0,0,0,0,0,0,-1000,0,0,0,0,1000,-1000,-1000
049587,美律元大95購01  ,0,0,0,0,0,0,0,0,0,-1000,0,0,0,312000,313000,-1000,-1000
049672,臺股指富邦94購01,0,0,0,0,0,0,0,0,0,-1000,0,0,0,30000,31000,-1000,-1000
046813,聯電凱基96購01  ,0,0,0,0,0,0,0,0,0,-1000,0,0,0,8000,9000,-1000,-1000
047057,瀚宇博國票93購01,0,0,0,0,0,0,0,0,0,-1000,0,0,0,5000,6000,-1000,-1000
046734,華通國票93購02  ,0,0,0,0,0,0,0,0,0,-1000,0,0,0,40000,41000,-1000,-1000
046769,百和凱基93購06  ,0,0,0,0,0,0,0,0,0,-1000,0,0,0,1000,2000,-1000,-1000
046391,上海銀統一94購01,0,0,0,0,0,0,0,0,0,-1000,0,0,0,0,1000,-1000,-1000
047082,元上證永豐93購01,0,0,0,0,0,0,0,0,0,-1000,0,0,0,0,1000,-1000,-1000
047145,鴻海群益95購01  ,0,0,0,0,0,0,0,0,0,-1000,0,0,0,61000,62000,-1000,-1000
046378,聯發科凱基92購04,0,0,0,0,0,0,0,0,0,-1000,0,0,0,29000,30000,-1000,-1000
046379,奇力新凱基93購03,0,0,0,0,0,0,0,0,0,-1000,0,0,0,0,1000,-1000,-1000
04717P,和大凱基94售02  ,0,0,0,0,0,0,0,0,0,-1000,0,0,0,0,1000,-1000,-1000
048648,祥碩元大93購03  ,0,0,0,0,0,0,0,0,0,-1000,0,0,0,3000,4000,-1000,-1000
048655,A50正2元富96購01,0,0,0,0,0,0,0,0,0,-1000,0,0,0,0,1000,-1000,-1000
047483,新光金凱基99購04,0,0,0,0,0,0,0,0,0,-1000,0,0,0,570000,571000,-1000,-1000
047807,華邦電凱基93購06,0,0,0,0,0,0,0,0,0,-1000,0,0,0,14000,15000,-1000,-1000
04769P,高股息元大94售01,0,0,0,0,0,0,0,0,0,-1000,0,0,0,1000,2000,-1000,-1000
047971,南亞科富邦95購01,0,0,0,0,0,0,0,0,0,-1000,0,0,0,0,1000,-1000,-1000
046422,健策元大92購06  ,0,0,0,0,0,0,0,0,0,-1000,0,0,0,0,1000,-1000,-1000
046780,FB上証永豐93購01,0,0,0,0,0,0,0,0,0,-1000,0,0,0,0,1000,-1000,-1000
046477,台積電統一94購02,0,0,0,0,0,0,0,0,0,-1000,0,0,0,0,1000,-1000,-1000
047687,元金2X富邦96購01,0,0,0,0,0,0,0,0,0,-1000,0,0,0,0,1000,-1000,-1000
047595,元石油元富97購01,0,0,0,0,0,0,0,0,0,-1000,0,0,0,0,1000,-1000,-1000
04998P,京元電永豐95售01,0,0,0,0,0,0,0,0,0,-1000,0,0,0,0,1000,-1000,-1000
04994P,大成鋼凱基95售01,0,0,0,0,0,0,0,0,0,-1000,0,0,0,0,1000,-1000,-1000
049940,臺股指元大94購21,0,0,0,0,0,0,0,0,0,-1000,0,0,0,0,1000,-1000,-1000
049730,滬深2X群益94購02,0,0,0,0,0,0,0,0,0,-1000,0,0,0,0,1000,-1000,-1000
049370,可成元大94購03  ,0,0,0,0,0,0,0,0,0,-1000,0,0,0,4000,5000,-1000,-1000
049189,訊芯康和94購01  ,0,0,0,0,0,0,0,0,0,-1000,0,0,0,1000,2000,-1000,-1000
050126,國巨凱基94購08  ,0,0,0,0,0,0,0,0,0,-1000,0,0,0,27000,28000,-1000,-1000
050186,京鼎元大94購01  ,0,0,0,0,0,0,0,0,0,-1000,0,0,0,15000,16000,-1000,-1000
050050,國泰金群益94購02,0,0,0,0,0,0,0,0,0,-1000,0,0,0,25000,26000,-1000,-1000
05007P,旺宏元富95售01  ,0,0,0,0,0,0,0,0,0,-1000,0,0,0,1000,2000,-1000,-1000
050058,國巨凱基94購06  ,0,0,0,0,0,0,0,0,0,-1000,0,0,0,68000,69000,-1000,-1000
049215,國巨國票94購03  ,0,0,0,0,0,0,0,0,0,-1000,0,0,0,0,1000,-1000,-1000
049400,可成群益94購03  ,0,0,0,0,0,0,0,0,0,-1000,0,0,0,0,1000,-1000,-1000
050944,智邦群益95購01  ,0,0,0,0,0,0,0,0,0,-1000,0,0,0,15000,16000,-1000,-1000
050831,超眾凱基95購01  ,0,0,0,0,0,0,0,0,0,-1000,0,0,0,0,1000,-1000,-1000
050832,力成凱基95購01  ,0,0,0,0,0,0,0,0,0,-1000,0,0,0,0,1000,-1000,-1000
050802,康控群益95購01  ,0,0,0,0,0,0,0,0,0,-1000,0,0,0,11000,12000,-1000,-1000
050779,超眾元大96購03  ,0,0,0,0,0,0,0,0,0,-1000,0,0,0,0,1000,-1000,-1000
050672,上証2X富邦97購01,0,0,0,0,0,0,0,0,0,-1000,0,0,0,0,1000,-1000,-1000
050508,上証2X元大97購01,0,0,0,0,0,0,0,0,0,-1000,0,0,0,0,1000,-1000,-1000
050530,台表科元大95購04,0,0,0,0,0,0,0,0,0,-1000,0,0,0,2000,3000,-1000,-1000
050442,復盛凱基94購01  ,0,0,0,0,0,0,0,0,0,-1000,0,0,0,19000,20000,-1000,-1000
050303,S&P反1中信96購01,0,0,0,0,0,0,0,0,0,-1000,0,0,0,0,1000,-1000,-1000
050313,大立光兆豐94購05,0,0,0,0,0,0,0,0,0,-1000,0,0,0,5000,6000,-1000,-1000
050351,華新科群益95購02,0,0,0,0,0,0,0,0,0,-1000,0,0,0,25000,26000,-1000,-1000
050355,瑞儀群益94購01  ,0,0,0,0,0,0,0,0,0,-1000,0,0,0,0,1000,-1000,-1000
052051,京鼎凱基95購01  ,0,0,0,0,0,0,0,0,0,-1000,0,0,0,0,1000,-1000,-1000
052105,南亞科兆豐95購01,0,0,0,0,0,0,0,0,0,-1000,0,0,0,0,1000,-1000,-1000
052060,旺宏國票96購02  ,0,0,0,0,0,0,0,0,0,-1000,0,0,0,5000,6000,-1000,-1000
052223,聯電凱基96購02  ,0,0,0,0,0,0,0,0,0,-1000,0,0,0,0,1000,-1000,-1000
051800,旺宏永豐95購02  ,0,0,0,0,0,0,0,0,0,-1000,0,0,0,0,1000,-1000,-1000
051779,大立光群益95購02,0,0,0,0,0,0,0,0,0,-1000,0,0,0,10000,11000,-1000,-1000
051760,奇力新元大95購04,0,0,0,0,0,0,0,0,0,-1000,0,0,0,4000,5000,-1000,-1000
051677,達方元大95購01  ,0,0,0,0,0,0,0,0,0,-1000,0,0,0,16000,17000,-1000,-1000
051446,中壽元大96購01  ,0,0,0,0,0,0,0,0,0,-1000,0,0,0,24000,25000,-1000,-1000
051339,智易永豐95購02  ,0,0,0,0,0,0,0,0,0,-1000,0,0,0,0,1000,-1000,-1000
051508,元黃金中信97購01,0,0,0,0,0,0,0,0,0,-1000,0,0,0,0,1000,-1000,-1000
051639,康友國票96購02  ,0,0,0,0,0,0,0,0,0,-1000,0,0,0,20000,21000,-1000,-1000
051596,超眾元大95購05  ,0,0,0,0,0,0,0,0,0,-1000,0,0,0,0,1000,-1000,-1000
051254,健策元大96購04  ,0,0,0,0,0,0,0,0,0,-1000,0,0,0,0,1000,-1000,-1000
5284,jpp-KY          ,1000,2000,-1000,0,0,0,0,0,0,0,0,0,0,0,0,0,-1000
5706,鳳凰            ,1000,2000,-1000,0,0,0,0,0,0,0,0,0,0,0,0,0,-1000
4764,雙鍵            ,1000,2000,-1000,0,0,0,0,0,0,0,0,0,0,0,0,0,-1000
4148,全宇生技-KY     ,3000,4000,-1000,0,0,0,0,0,0,0,0,0,0,0,0,0,-1000
4572,駐龍            ,0,1000,-1000,0,0,0,0,0,0,0,0,0,0,0,0,0,-1000
3257,虹冠電          ,9000,10000,-1000,0,0,0,0,0,0,0,0,0,0,0,0,0,-1000
3528,安馳            ,1000,1000,0,0,0,0,0,0,0,-1000,0,1000,-1000,0,0,0,-1000
3416,融程電          ,2000,3000,-1000,0,0,0,0,0,0,0,0,0,0,0,0,0,-1000
4108,懷特            ,5000,6000,-1000,0,0,0,0,0,0,0,0,0,0,0,0,0,-1000
8467,波力-KY         ,2000,1000,1000,0,0,0,0,0,0,-2000,0,2000,-2000,0,0,0,-1000
8222,寶一            ,2000,4000,-2000,0,0,0,0,0,0,1000,2000,1000,1000,0,0,0,-1000
05800P,台積電兆豐96售04,0,0,0,0,0,0,0,0,0,-1000,0,0,0,29000,30000,-1000,-1000
05783P,嘉澤元富96售01  ,0,0,0,0,0,0,0,0,0,-1000,0,0,0,20000,21000,-1000,-1000
05772P,景碩凱基96售02  ,0,0,0,0,0,0,0,0,0,-1000,0,0,0,0,1000,-1000,-1000
05716P,T50反1元大98售03,0,0,0,0,0,0,0,0,0,-1000,0,0,0,0,1000,-1000,-1000
05681P,大立光元大96售05,0,0,0,0,0,0,0,0,0,-1000,0,0,0,0,1000,-1000,-1000
055180,文曄統一97購01  ,0,0,0,0,0,0,0,0,0,-1000,0,0,0,0,1000,-1000,-1000
05601P,鴻海元大97售04  ,0,0,0,0,0,0,0,0,0,-1000,0,0,0,132000,133000,-1000,-1000
05922P,京元電兆豐96售01,0,0,0,0,0,0,0,0,0,-1000,0,0,0,0,1000,-1000,-1000
05840P,臺股指富邦96售07,0,0,0,0,0,0,0,0,0,-1000,0,0,0,0,1000,-1000,-1000
05860P,旺宏康和96售01  ,0,0,0,0,0,0,0,0,0,-1000,0,0,0,0,1000,-1000,-1000
05879P,台積電台新96售03,0,0,0,0,0,0,0,0,0,-1000,0,0,0,1000,2000,-1000,-1000
06031P,新光金兆豐96售02,0,0,0,0,0,0,0,0,0,-1000,0,0,0,0,1000,-1000,-1000
06058P,玉晶光凱基97售04,0,0,0,0,0,0,0,0,0,-1000,0,0,0,50000,51000,-1000,-1000
06098P,T50反1日盛97售02,0,0,0,0,0,0,0,0,0,-1000,0,0,0,0,1000,-1000,-1000
06122P,亞光元大98售01  ,0,0,0,0,0,0,0,0,0,-1000,0,0,0,0,1000,-1000,-1000
07383P,聯發科群益99售06,0,0,0,0,0,0,0,0,0,-1000,0,0,0,0,1000,-1000,-1000
1456,怡華            ,5000,6000,-1000,0,0,0,0,0,0,0,0,0,0,0,0,0,-1000
1539,巨庭            ,0,1000,-1000,0,0,0,0,0,0,0,0,0,0,0,0,0,-1000
1529,樂士            ,3000,4000,-1000,0,0,0,0,0,0,0,0,0,0,0,0,0,-1000
1516,川飛            ,0,1000,-1000,0,0,0,0,0,0,0,0,0,0,0,0,0,-1000
1233,天仁            ,0,1000,-1000,0,0,0,0,0,0,0,0,0,0,0,0,0,-1000
1220,台榮            ,0,1000,-1000,0,0,0,0,0,0,0,0,0,0,0,0,0,-1000
1709,和益            ,11000,12000,-1000,0,0,0,0,0,0,0,0,0,0,0,0,0,-1000
1732,毛寶            ,21000,22000,-1000,0,0,0,0,0,0,0,0,0,0,0,0,0,-1000
2616,山隆            ,0,1000,-1000,0,0,0,0,0,0,0,0,0,0,0,0,0,-1000
2415,錩新            ,2000,2000,0,0,0,0,0,0,0,-1000,0,1000,-1000,0,0,0,-1000
053682,臺股指富邦96購03,0,0,0,0,0,0,0,0,0,-2000,0,0,0,0,2000,-2000,-2000
054166,日電貿凱基98購01,0,0,0,0,0,0,0,0,0,-2000,0,0,0,0,2000,-2000,-2000
054199,大立光永昌96購07,0,0,0,0,0,0,0,0,0,-2000,0,0,0,42000,44000,-2000,-2000
054259,健策元大97購03  ,0,0,0,0,0,0,0,0,0,-2000,0,0,0,143000,145000,-2000,-2000
054010,致伸元富96購01  ,0,0,0,0,0,0,0,0,0,-2000,0,0,0,18000,20000,-2000,-2000
054057,晶豪科國票97購01,0,0,0,0,0,0,0,0,0,-2000,0,0,0,0,2000,-2000,-2000
054878,和大統一97購02  ,0,0,0,0,0,0,0,0,0,-2000,0,0,0,39000,41000,-2000,-2000
054924,景碩凱基98購01  ,0,0,0,0,0,0,0,0,0,-2000,0,0,0,0,2000,-2000,-2000
054626,建準凱基98購01  ,0,0,0,0,0,0,0,0,0,-2000,0,0,0,0,2000,-2000,-2000
054664,台表科元大97購04,0,0,0,0,0,0,0,0,0,-2000,0,0,0,0,2000,-2000,-2000
054347,上緯控國票96購02,0,0,0,0,0,0,0,0,0,-2000,0,0,0,0,2000,-2000,-2000
052713,智邦凱基96購01  ,0,0,0,0,0,0,0,0,0,-2000,0,0,0,2000,4000,-2000,-2000
052742,可成元大96購01  ,0,0,0,0,0,0,0,0,0,-2000,0,0,0,251000,253000,-2000,-2000
052798,滬深2X元大96購07,0,0,0,0,0,0,0,0,0,-2000,0,0,0,0,2000,-2000,-2000
05285P,同欣電群益95售02,0,0,0,0,0,0,0,0,0,-2000,0,0,0,10000,12000,-2000,-2000
052907,嘉澤國票97購01  ,0,0,0,0,0,0,0,0,0,-2000,0,0,0,0,2000,-2000,-2000
052991,台積電台新96購01,0,0,0,0,0,0,0,0,0,-2000,0,0,0,0,2000,-2000,-2000
052560,康舒國票97購01  ,0,0,0,0,0,0,0,0,0,-2000,0,0,0,0,2000,-2000,-2000
052642,滬深2X永豐96購03,0,0,0,0,0,0,0,0,0,-2000,0,0,0,40000,42000,-2000,-2000
05250P,臻鼎國票96售01  ,0,0,0,0,0,0,0,0,0,-2000,0,0,0,0,2000,-2000,-2000
052478,大立光群益95購05,0,0,0,0,0,0,0,0,0,-2000,0,0,0,21000,23000,-2000,-2000
052383,臺股指元大95購29,0,0,0,0,0,0,0,0,0,-2000,0,0,0,0,2000,-2000,-2000
053588,聯發科元大97購07,0,0,0,0,0,0,0,0,0,-2000,0,0,0,302000,304000,-2000,-2000
053612,T50反1群益96購01,0,0,0,0,0,0,0,0,0,-2000,0,0,0,0,2000,-2000,-2000
053380,南亞科元大97購01,0,0,0,0,0,0,0,0,0,-2000,0,0,0,43000,45000,-2000,-2000
053433,友達日盛99購06  ,0,0,0,0,0,0,0,0,0,-2000,0,0,0,0,2000,-2000,-2000
053282,彩晶元大9C購01  ,0,0,0,0,0,0,0,0,0,-2000,0,0,0,0,2000,-2000,-2000
053239,崇越永豐96購01  ,0,0,0,0,0,0,0,0,0,-2000,0,0,0,0,2000,-2000,-2000
053225,昇陽半凱基96購01,0,0,0,0,0,0,0,0,0,-2000,0,0,0,0,2000,-2000,-2000
053078,昇陽半永豐97購02,0,0,0,0,0,0,0,0,0,-2000,0,0,0,0,2000,-2000,-2000
00668,國泰美國道瓊    ,0,0,0,0,0,0,0,0,0,-2000,0,0,0,2000,4000,-2000,-2000
0051,元大中型100     ,0,0,0,0,0,0,0,0,0,-2000,0,0,0,0,2000,-2000,-2000
00702,國泰標普低波高息,0,0,0,0,0,0,0,0,0,-2000,0,0,0,0,2000,-2000,-2000
00700,富邦恒生國企    ,0,0,0,0,0,0,0,0,0,-2000,0,0,0,104000,106000,-2000,-2000
03757P,麗豐永豐93售01  ,0,0,0,0,0,0,0,0,0,-2000,0,0,0,0,2000,-2000,-2000
03849P,大成鋼凱基93售03,0,0,0,0,0,0,0,0,0,-2000,0,0,0,0,2000,-2000,-2000
03917P,鴻海凱基94售07  ,0,0,0,0,0,0,0,0,0,-2000,0,0,0,0,2000,-2000,-2000
042914,大立光元大92購06,0,0,0,0,0,0,0,0,0,-2000,0,0,0,0,2000,-2000,-2000
04285P,超眾永豐93售04  ,0,0,0,0,0,0,0,0,0,-2000,0,0,0,10000,12000,-2000,-2000
042904,金寶元大94購02  ,0,0,0,0,0,0,0,0,0,-2000,0,0,0,2000,4000,-2000,-2000
035275,台積電台新97購01,0,0,0,0,0,0,0,0,0,-2000,0,0,0,1000,3000,-2000,-2000
03422P,GIS群益02售04   ,0,0,0,0,0,0,0,0,0,-2000,0,0,0,0,2000,-2000,-2000
040475,台表科群益92購01,0,0,0,0,0,0,0,0,0,-2000,0,0,0,0,2000,-2000,-2000
044623,奇力新元大92購01,0,0,0,0,0,0,0,0,0,-2000,0,0,0,0,2000,-2000,-2000
041400,大立光元大91購01,0,0,0,0,0,0,0,0,0,-2000,0,0,0,0,2000,-2000,-2000
044905,欣興凱基91購07  ,0,0,0,0,0,0,0,0,0,-2000,0,0,0,0,2000,-2000,-2000
043904,A50正2日盛91購01,0,0,0,0,0,0,0,0,0,-2000,0,0,0,0,2000,-2000,-2000
045792,鴻海兆豐92購04  ,0,0,0,0,0,0,0,0,0,-2000,0,0,0,3000,5000,-2000,-2000
045013,大立光元大93購04,0,0,0,0,0,0,0,0,0,-2000,0,0,0,8000,10000,-2000,-2000
044064,大立光元大92購08,0,0,0,0,0,0,0,0,0,-2000,0,0,0,0,2000,-2000,-2000
044475,國巨元富95購02  ,0,0,0,0,0,0,0,0,0,-2000,0,0,0,0,2000,-2000,-2000
044471,京鼎群益91購01  ,0,0,0,0,0,0,0,0,0,-2000,0,0,0,0,2000,-2000,-2000
045079,大立光元大93購05,0,0,0,0,0,0,0,0,0,-2000,0,0,0,0,2000,-2000,-2000
045439,A50正2元富92購01,0,0,0,0,0,0,0,0,0,-2000,0,0,0,0,2000,-2000,-2000
045378,智邦元大92購04  ,0,0,0,0,0,0,0,0,0,-2000,0,0,0,0,2000,-2000,-2000
048959,凌華康和94購01  ,0,0,0,0,0,0,0,0,0,-2000,0,0,0,0,2000,-2000,-2000
048946,崇越永豐94購01  ,0,0,0,0,0,0,0,0,0,-2000,0,0,0,0,2000,-2000,-2000
048887,牧德元富94購01  ,0,0,0,0,0,0,0,0,0,-2000,0,0,0,0,2000,-2000,-2000
047291,台積電元富93購05,0,0,0,0,0,0,0,0,0,-2000,0,0,0,0,2000,-2000,-2000
047247,淘帝群益93購01  ,0,0,0,0,0,0,0,0,0,-2000,0,0,0,8000,10000,-2000,-2000
047758,康舒元富93購01  ,0,0,0,0,0,0,0,0,0,-2000,0,0,0,10000,12000,-2000,-2000
04749P,臺股指元大94售25,0,0,0,0,0,0,0,0,0,-2000,0,0,0,0,2000,-2000,-2000
048093,聯發科凱基93購30,0,0,0,0,0,0,0,0,0,-2000,0,0,0,43000,45000,-2000,-2000
047181,智邦元大93購06  ,0,0,0,0,0,0,0,0,0,-2000,0,0,0,0,2000,-2000,-2000
046375,友達凱基98購01  ,0,0,0,0,0,0,0,0,0,-2000,0,0,0,0,2000,-2000,-2000
046389,百和凱基93購04  ,0,0,0,0,0,0,0,0,0,-2000,0,0,0,0,2000,-2000,-2000
047048,華邦電國票93購02,0,0,0,0,0,0,0,0,0,-2000,0,0,0,0,2000,-2000,-2000
049589,奇力新元大95購02,0,0,0,0,0,0,0,0,0,-2000,0,0,0,0,2000,-2000,-2000
049912,燿華元大94購04  ,0,0,0,0,0,0,0,0,0,-2000,0,0,0,0,2000,-2000,-2000
049635,臺股指群益94購08,0,0,0,0,0,0,0,0,0,-2000,0,0,0,0,2000,-2000,-2000
049883,台表科永豐94購02,0,0,0,0,0,0,0,0,0,-2000,0,0,0,0,2000,-2000,-2000
046229,大立光元大92購19,0,0,0,0,0,0,0,0,0,-2000,0,0,0,0,2000,-2000,-2000
049378,聯詠元大94購02  ,0,0,0,0,0,0,0,0,0,-2000,0,0,0,3000,5000,-2000,-2000
049066,元石油凱基97購01,0,0,0,0,0,0,0,0,0,-2000,0,0,0,0,2000,-2000,-2000
047427,貿聯亞東93購01  ,0,0,0,0,0,0,0,0,0,-2000,0,0,0,0,2000,-2000,-2000
047433,鴻海元大93購16  ,0,0,0,0,0,0,0,0,0,-2000,0,0,0,6000,8000,-2000,-2000
048220,鴻海凱基93購35  ,0,0,0,0,0,0,0,0,0,-2000,0,0,0,0,2000,-2000,-2000
048450,聯詠凱基93購09  ,0,0,0,0,0,0,0,0,0,-2000,0,0,0,55000,57000,-2000,-2000
048440,國巨凱基93購08  ,0,0,0,0,0,0,0,0,0,-2000,0,0,0,0,2000,-2000,-2000
051220,大立光元富95購08,0,0,0,0,0,0,0,0,0,-2000,0,0,0,0,2000,-2000,-2000
051017,聯發科凱基95購04,0,0,0,0,0,0,0,0,0,-2000,0,0,0,84000,86000,-2000,-2000
051041,大立光永豐95購01,0,0,0,0,0,0,0,0,0,-2000,0,0,0,0,2000,-2000,-2000
051096,日月光元大95購01,0,0,0,0,0,0,0,0,0,-2000,0,0,0,13000,15000,-2000,-2000
051097,嘉聯益元大96購02,0,0,0,0,0,0,0,0,0,-2000,0,0,0,51000,53000,-2000,-2000
051153,鴻海國泰97購02  ,0,0,0,0,0,0,0,0,0,-2000,0,0,0,84000,86000,-2000,-2000
051389,台達電兆豐95購01,0,0,0,0,0,0,0,0,0,-2000,0,0,0,15000,17000,-2000,-2000
051860,為升凱基95購01  ,0,0,0,0,0,0,0,0,0,-2000,0,0,0,0,2000,-2000,-2000
050457,力成元大94購01  ,0,0,0,0,0,0,0,0,0,-2000,0,0,0,0,2000,-2000,-2000
050547,華新科凱基95購01,0,0,0,0,0,0,0,0,0,-2000,0,0,0,2000,4000,-2000,-2000
050503,聯發科凱基94購22,0,0,0,0,0,0,0,0,0,-2000,0,0,0,73000,75000,-2000,-2000
05048P,同欣電永豐95售01,0,0,0,0,0,0,0,0,0,-2000,0,0,0,0,2000,-2000,-2000
050634,華新科群益96購01,0,0,0,0,0,0,0,0,0,-2000,0,0,0,0,2000,-2000,-2000
050597,聯電麥證94購01  ,0,0,0,0,2000,-2000,0,0,0,-2000,0,0,0,0,2000,-2000,-2000
050954,樺漢群益95購01  ,0,0,0,0,0,0,0,0,0,-2000,0,0,0,12000,14000,-2000,-2000
049251,國巨元大95購02  ,0,0,0,0,0,0,0,0,0,-2000,0,0,0,5000,7000,-2000,-2000
049252,國巨元大96購01  ,0,0,0,0,0,0,0,0,0,-2000,0,0,0,3000,5000,-2000,-2000
049206,大立光群益94購04,0,0,0,0,0,0,0,0,0,-2000,0,0,0,55000,57000,-2000,-2000
049229,台化富邦94購01  ,0,0,0,0,0,0,0,0,0,-2000,0,0,0,0,2000,-2000,-2000
050266,兆豐金元大94購01,0,0,0,0,0,0,0,0,0,-2000,0,0,0,0,2000,-2000,-2000
050228,中磊中信96購01  ,0,0,0,0,0,0,0,0,0,-2000,0,0,0,0,2000,-2000,-2000
050127,台積電凱基94購31,0,0,0,0,0,0,0,0,0,-2000,0,0,0,1000,3000,-2000,-2000
050175,台光電元大94購08,0,0,0,0,0,0,0,0,0,-2000,0,0,0,218000,220000,-2000,-2000
050140,台郡第一94購01  ,0,0,0,0,0,0,0,0,0,-2000,0,0,0,0,2000,-2000,-2000
049368,奇力新元大94購02,0,0,0,0,0,0,0,0,0,-2000,0,0,0,0,2000,-2000,-2000
049343,華新科統一94購03,0,0,0,0,0,0,0,0,0,-2000,0,0,0,34000,36000,-2000,-2000
049926,智易元大95購02  ,0,0,0,0,0,0,0,0,0,-2000,0,0,0,0,2000,-2000,-2000
049793,為升元大94購04  ,0,0,0,0,0,0,0,0,0,-2000,0,0,0,15000,17000,-2000,-2000
049267,瀚宇博元大95購02,0,0,0,0,0,0,0,0,0,-2000,0,0,0,0,2000,-2000,-2000
2426,鼎元            ,137000,136000,1000,0,0,0,0,0,0,-3000,0,3000,-3000,0,0,0,-2000
3032,偉訓            ,3000,5000,-2000,0,0,0,0,0,0,0,0,0,0,0,0,0,-2000
3040,遠見            ,0,2000,-2000,0,0,0,0,0,0,0,0,0,0,0,0,0,-2000
1817,凱撒衛          ,1000,3000,-2000,0,0,0,0,0,0,0,0,0,0,0,0,0,-2000
2033,佳大            ,2000,4000,-2000,0,0,0,0,0,0,0,0,0,0,0,0,0,-2000
1466,聚隆            ,26000,28000,-2000,0,0,0,0,0,0,0,0,0,0,0,0,0,-2000
06077P,GIS凱基97售02   ,0,0,0,0,0,0,0,0,0,-2000,0,0,0,25000,27000,-2000,-2000
05862P,大立光國泰98售01,0,0,0,0,0,0,0,0,0,-2000,0,0,0,8000,10000,-2000,-2000
05941P,聯發科凱基96售22,0,0,0,0,0,0,0,0,0,-2000,0,0,0,0,2000,-2000,-2000
05528P,臺股指群益96售01,0,0,0,0,0,0,0,0,0,-2000,0,0,0,0,2000,-2000,-2000
055173,瑞昱統一97購01  ,0,0,0,0,0,0,0,0,0,-2000,0,0,0,0,2000,-2000,-2000
055103,南港凱基97購01  ,0,0,0,0,0,0,0,0,0,-2000,0,0,0,0,2000,-2000,-2000
055047,南港永豐97購01  ,0,0,0,0,0,0,0,0,0,-2000,0,0,0,0,2000,-2000,-2000
05670P,台積電國票98售01,0,0,0,0,0,0,0,0,0,-2000,0,0,0,0,2000,-2000,-2000
8480,泰昇-KY         ,30000,30000,0,0,0,0,0,2000,-2000,0,0,0,0,0,0,0,-2000
4557,永新-KY         ,0,2000,-2000,0,0,0,0,0,0,0,0,0,0,0,0,0,-2000
4999,鑫禾            ,3000,5000,-2000,0,0,0,0,0,0,0,0,0,0,0,0,0,-2000
6581,鋼聯            ,3000,5000,-2000,0,0,0,0,0,0,0,0,0,0,0,0,0,-2000
6715,嘉基            ,0,2000,-2000,0,0,0,0,0,0,0,0,0,0,0,0,0,-2000
6235,華孚            ,8000,11000,-3000,0,0,0,0,0,0,1000,1000,0,1000,0,0,0,-2000
053099,正崴元富96購01  ,0,0,0,0,0,0,0,0,0,-3000,0,0,0,14000,17000,-3000,-3000
053133,華邦電國票97購01,0,0,0,0,0,0,0,0,0,-3000,0,0,0,0,3000,-3000,-3000
053487,台泥兆豐97購01  ,0,0,0,0,0,0,0,0,0,-3000,0,0,0,0,3000,-3000,-3000
053472,漢唐元大96購02  ,0,0,0,0,0,0,0,0,0,-3000,0,0,0,39000,42000,-3000,-3000
053331,玉晶光永豐97購02,0,0,0,0,0,0,0,0,0,-3000,0,0,0,17000,20000,-3000,-3000
053345,欣興國票97購02  ,0,0,0,0,0,0,0,0,0,-3000,0,0,0,8000,11000,-3000,-3000
053491,鴻海兆豐97購02  ,0,0,0,0,0,0,0,0,0,-3000,0,0,0,0,3000,-3000,-3000
053553,聯詠凱基96購03  ,0,0,0,0,0,0,0,0,0,-3000,0,0,0,1000,4000,-3000,-3000
052374,瑞昱元大95購02  ,0,0,0,0,0,0,0,0,0,-3000,0,0,0,162000,165000,-3000,-3000
052364,全新國票95購02  ,0,0,0,0,0,0,0,0,0,-3000,0,0,0,19000,22000,-3000,-3000
052524,新光金元大9B購01,0,0,0,0,0,0,0,0,0,-3000,0,0,0,0,3000,-3000,-3000
052955,國巨日盛96購01  ,0,0,0,0,0,0,0,0,0,-3000,0,0,0,25000,28000,-3000,-3000
052856,滬深2X凱基98購01,0,0,0,0,0,0,0,0,0,-3000,0,0,0,0,3000,-3000,-3000
054371,台積電中信9C購01,0,0,0,0,0,0,0,0,0,-3000,0,0,0,63000,66000,-3000,-3000
054467,隆達凱基97購01  ,0,0,0,0,0,0,0,0,0,-3000,0,0,0,0,3000,-3000,-3000
054508,臺股指永豐96購04,0,0,0,0,0,0,0,0,0,-3000,0,0,0,0,3000,-3000,-3000
054697,凌華永豐97購01  ,0,0,0,0,0,0,0,0,0,-3000,0,0,0,0,3000,-3000,-3000
054892,彩晶統一99購01  ,0,0,0,0,0,0,0,0,0,-3000,0,0,0,0,3000,-3000,-3000
054856,得力群益99購01  ,0,0,0,0,0,0,0,0,0,-3000,0,0,0,1000,4000,-3000,-3000
054943,群光元大97購01  ,0,0,0,0,0,0,0,0,0,-3000,0,0,0,0,3000,-3000,-3000
054233,聯發科群益96購04,0,0,0,0,0,0,0,0,0,-3000,0,0,0,1000,4000,-3000,-3000
054177,牧德台新97購01  ,0,0,0,0,0,0,0,0,0,-3000,0,0,0,0,3000,-3000,-3000
054172,易華電凱基98購01,0,0,0,0,0,0,0,0,0,-3000,0,0,0,0,3000,-3000,-3000
05386P,臺股指永豐95售05,0,0,0,0,0,0,0,0,0,-3000,0,0,0,7000,10000,-3000,-3000
04900P,矽格中信94售02  ,0,0,0,0,0,0,0,0,0,-3000,0,0,0,0,3000,-3000,-3000
047850,彩晶統一94購01  ,0,0,0,0,0,0,0,0,0,-3000,0,0,0,0,3000,-3000,-3000
045386,新光金元大93購02,0,0,0,0,0,0,0,0,0,-3000,0,0,0,0,3000,-3000,-3000
045074,華新科元大93購03,0,0,0,0,0,0,0,0,0,-3000,0,0,0,11000,14000,-3000,-3000
045080,大立光元大93購06,0,0,0,0,0,0,0,0,0,-3000,0,0,0,0,3000,-3000,-3000
045081,大立光元大93購07,0,0,0,0,0,0,0,0,0,-3000,0,0,0,0,3000,-3000,-3000
045093,台表科元大93購02,0,0,0,0,0,0,0,0,0,-3000,0,0,0,0,3000,-3000,-3000
04529P,正文凱基94售04  ,0,0,0,0,0,0,0,0,0,-3000,0,0,0,47000,50000,-3000,-3000
04447P,上銀凱基94售02  ,0,0,0,0,0,0,0,0,0,-3000,0,0,0,20000,23000,-3000,-3000
043840,臺股指國票91購14,0,0,0,0,0,0,0,0,0,-3000,0,0,0,3000,6000,-3000,-3000
041527,T50反1中信96購01,0,0,0,0,0,0,0,0,0,-3000,0,0,0,10000,13000,-3000,-3000
045443,群創元富98購01  ,0,0,0,0,0,0,0,0,0,-3000,0,0,0,3000,6000,-3000,-3000
044512,奇力新凱基93購02,0,0,0,0,0,0,0,0,0,-3000,0,0,0,1000,4000,-3000,-3000
044646,旺宏群益93購01  ,0,0,0,0,0,0,0,0,0,-3000,0,0,0,0,3000,-3000,-3000
044688,傳奇凱基93購01  ,0,0,0,0,0,0,0,0,0,-3000,0,0,0,2000,5000,-3000,-3000
04552P,南電元大94售06  ,0,0,0,0,0,0,0,0,0,-3000,0,0,0,7000,10000,-3000,-3000
045469,貿聯元大92購03  ,0,0,0,0,0,0,0,0,0,-3000,0,0,0,31000,34000,-3000,-3000
04047P,華邦電元大94售03,0,0,0,0,0,0,0,0,0,-3000,0,0,0,12000,15000,-3000,-3000
041991,元油2X國票98購01,0,0,0,0,0,0,0,0,0,-3000,0,0,0,20000,23000,-3000,-3000
042419,大立光元大91購06,0,0,0,0,0,0,0,0,0,-3000,0,0,0,0,3000,-3000,-3000
03364P,金像電元大02售05,0,0,0,0,0,0,0,0,0,-3000,0,0,0,38000,41000,-3000,-3000
03425B,臺股指元大9A熊01,0,0,0,0,0,0,0,0,0,-3000,0,0,0,2000,5000,-3000,-3000
04297P,微星元大93售03  ,0,0,0,0,0,0,0,0,0,-3000,0,0,0,83000,86000,-3000,-3000
00689R,國泰20年美債反1 ,0,0,0,0,0,0,0,0,0,-3000,0,0,0,100000,103000,-3000,-3000
048111,奇力新群益93購06,0,0,0,0,0,0,0,0,0,-3000,0,0,0,0,3000,-3000,-3000
047317,聯詠元大93購06  ,0,0,0,0,0,0,0,0,0,-3000,0,0,0,15000,18000,-3000,-3000
046578,聯電元大92購01  ,0,0,0,0,0,0,0,0,0,-3000,0,0,0,0,3000,-3000,-3000
046314,宏達電元大92購05,0,0,0,0,0,0,0,0,0,-3000,0,0,0,6000,9000,-3000,-3000
049876,智邦永豐94購01  ,0,0,0,0,0,0,0,0,0,-3000,0,0,0,0,3000,-3000,-3000
049804,華固元大94購01  ,0,0,0,0,0,0,0,0,0,-3000,0,0,0,13000,16000,-3000,-3000
049800,瑞昱元大94購05  ,0,0,0,0,0,0,0,0,0,-3000,0,0,0,3000,6000,-3000,-3000
049382,牧德元大94購04  ,0,0,0,0,0,0,0,0,0,-3000,0,0,0,0,3000,-3000,-3000
049539,元油2X群益9A購01,0,0,0,0,0,0,0,0,0,-3000,0,0,0,20000,23000,-3000,-3000
04961P,貿聯凱基94售03  ,0,0,0,0,0,0,0,0,0,-3000,0,0,0,0,3000,-3000,-3000
047027,新光金元大95購01,0,0,0,0,0,0,0,0,0,-3000,0,0,0,0,3000,-3000,-3000
046753,台積電凱基93購04,0,0,0,0,0,0,0,0,0,-3000,0,0,0,2000,5000,-3000,-3000
046744,元油2X凱基94購01,0,0,0,0,0,0,0,0,0,-3000,0,0,0,1000,4000,-3000,-3000
046727,新光金元大93購03,0,0,0,0,0,0,0,0,0,-3000,0,0,0,0,3000,-3000,-3000
046024,鴻海元大92購11  ,0,0,0,0,0,0,0,0,0,-3000,0,0,0,0,3000,-3000,-3000
046961,大立光中信95購02,0,0,0,0,0,0,0,0,0,-3000,0,0,0,14000,17000,-3000,-3000
046939,燿華元大96購01  ,0,0,0,0,0,0,0,0,0,-3000,0,0,0,0,3000,-3000,-3000
046913,世紀鋼凱基93購07,0,0,0,0,0,0,0,0,0,-3000,0,0,0,0,3000,-3000,-3000
046404,友達元大93購02  ,0,0,0,0,0,0,0,0,0,-3000,0,0,0,30000,33000,-3000,-3000
046411,新光金元大92購01,0,0,0,0,0,0,0,0,0,-3000,0,0,0,0,3000,-3000,-3000
046345,世紀鋼國票93購01,0,0,0,0,0,0,0,0,0,-3000,0,0,0,0,3000,-3000,-3000
047090,緯創元富93購01  ,0,0,0,0,0,0,0,0,0,-3000,0,0,0,20000,23000,-3000,-3000
047220,華新科麥證93購02,0,0,0,0,3000,-3000,0,0,0,-3000,0,0,0,0,3000,-3000,-3000
047695,聯發科國票93購06,0,0,0,0,0,0,0,0,0,-3000,0,0,0,0,3000,-3000,-3000
049966,旺宏國票95購02  ,0,0,0,0,0,0,0,0,0,-3000,0,0,0,0,3000,-3000,-3000
049768,奇鋐元富94購01  ,0,0,0,0,0,0,0,0,0,-3000,0,0,0,0,3000,-3000,-3000
050233,香港2X凱基96購01,0,0,0,0,0,0,0,0,0,-3000,0,0,0,0,3000,-3000,-3000
050094,T50反1國泰95購01,0,0,0,0,0,0,0,0,0,-3000,0,0,0,58000,61000,-3000,-3000
050024,旺宏元大94購09  ,0,0,0,0,0,0,0,0,0,-3000,0,0,0,46000,49000,-3000,-3000
050928,日月光凱基95購01,0,0,0,0,0,0,0,0,0,-3000,0,0,0,68000,71000,-3000,-3000
050919,台積電凱基95購03,0,0,0,0,0,0,0,0,0,-3000,0,0,0,10000,13000,-3000,-3000
050883,嘉聯益國泰96購01,0,0,0,0,0,0,0,0,0,-3000,0,0,0,47000,50000,-3000,-3000
050510,元油2X元大94購10,0,0,0,0,0,0,0,0,0,-3000,0,0,0,0,3000,-3000,-3000
051917,瑞儀元大95購01  ,0,0,0,0,0,0,0,0,0,-3000,0,0,0,1000,4000,-3000,-3000
051696,新日興中信96購01,0,0,0,0,0,0,0,0,0,-3000,0,0,0,0,3000,-3000,-3000
051729,華新國票96購01  ,0,0,0,0,0,0,0,0,0,-3000,0,0,0,0,3000,-3000,-3000
051830,健策元大97購01  ,0,0,0,0,0,0,0,0,0,-3000,0,0,0,102000,105000,-3000,-3000
052276,力成群益96購01  ,0,0,0,0,0,0,0,0,0,-3000,0,0,0,0,3000,-3000,-3000
05205P,緯穎元大95售03  ,0,0,0,0,0,0,0,0,0,-3000,0,0,0,32000,35000,-3000,-3000
052038,國巨永昌96購01  ,0,0,0,0,0,0,0,0,0,-3000,0,0,0,7000,10000,-3000,-3000
052146,泰碩群益95購01  ,0,0,0,0,0,0,0,0,0,-3000,0,0,0,22000,25000,-3000,-3000
6216,居易            ,0,3000,-3000,0,0,0,0,0,0,0,0,0,0,0,0,0,-3000
4930,燦星網          ,12000,15000,-3000,0,0,0,0,0,0,0,0,0,0,0,0,0,-3000
9930,中聯資源        ,9000,12000,-3000,0,0,0,0,0,0,0,0,0,0,0,0,0,-3000
055182,京鼎統一98購01  ,0,0,0,0,0,0,0,0,0,-3000,0,0,0,0,3000,-3000,-3000
1533,車王電          ,3000,6000,-3000,0,0,0,0,0,0,0,1000,1000,0,0,0,0,-3000
1445,大宇            ,0,3000,-3000,0,0,0,0,0,0,0,0,0,0,0,0,0,-3000
1109,信大            ,59000,55000,4000,0,0,0,0,0,0,-7000,0,7000,-7000,0,0,0,-3000
1110,東泥            ,21000,24000,-3000,0,0,0,0,0,0,0,0,0,0,0,0,0,-3000
1805,寶徠            ,1000,4000,-3000,0,0,0,0,0,0,0,0,0,0,0,0,0,-3000
2731,雄獅            ,9000,12000,-3000,0,0,0,0,0,0,0,0,0,0,0,0,0,-3000
2431,聯昌            ,6000,8000,-2000,0,0,0,0,0,0,-1000,0,1000,-1000,0,0,0,-3000
2421,建準            ,1236000,1241000,-5000,0,0,0,0,0,0,2000,0,6000,-6000,24000,16000,8000,-3000
2476,鉅祥            ,7000,9000,-2000,0,0,0,0,0,0,-1000,0,1000,-1000,0,0,0,-3000
2483,百容            ,0,3000,-3000,0,0,0,0,0,0,0,0,0,0,0,0,0,-3000
2546,根基            ,6000,9000,-3000,0,0,0,0,0,0,0,0,0,0,0,0,0,-3000
053959,晶豪科永豐96購02,0,0,0,0,0,0,0,0,0,-4000,0,0,0,59000,63000,-4000,-4000
054766,智原國票98購01  ,0,0,0,0,0,0,0,0,0,-4000,0,0,0,0,4000,-4000,-4000
05473P,聯詠統一97售02  ,0,0,0,0,0,0,0,0,0,-4000,0,0,0,0,4000,-4000,-4000
054463,瑞昱凱基97購01  ,0,0,0,0,0,0,0,0,0,-4000,0,0,0,0,4000,-4000,-4000
05460P,台郡凱基95售05  ,0,0,0,0,0,0,0,0,0,-4000,0,0,0,1000,5000,-4000,-4000
054295,世芯元大96購03  ,0,0,0,0,0,0,0,0,0,-4000,0,0,0,5000,9000,-4000,-4000
052778,智原國票97購01  ,0,0,0,0,0,0,0,0,0,-4000,0,0,0,10000,14000,-4000,-4000
052766,玉晶光群益9A購01,0,0,0,0,0,0,0,0,0,-4000,0,0,0,80000,84000,-4000,-4000
052843,鴻海統一96購09  ,0,0,0,0,0,0,0,0,0,-4000,0,0,0,0,4000,-4000,-4000
05283P,健鼎元大95售04  ,0,0,0,0,0,0,0,0,0,-4000,0,0,0,5000,9000,-4000,-4000
05249P,臻鼎國票95售01  ,0,0,0,0,0,0,0,0,0,-4000,0,0,0,10000,14000,-4000,-4000
052432,康友永豐95購04  ,0,0,0,0,0,0,0,0,0,-4000,0,0,0,95000,99000,-4000,-4000
052584,喬山永豐96購01  ,0,0,0,0,0,0,0,0,0,-4000,0,0,0,0,4000,-4000,-4000
053370,上証2X元大97購03,0,0,0,0,0,0,0,0,0,-4000,0,0,0,1000,5000,-4000,-4000
053371,滬深2X元大99購01,0,0,0,0,0,0,0,0,0,-4000,0,0,0,0,4000,-4000,-4000
05327P,臺股指凱基95售11,0,0,0,0,0,0,0,0,0,-4000,0,0,0,0,4000,-4000,-4000
00742,新光內需收益    ,0,0,0,0,0,0,0,0,0,-4000,0,0,0,1000,5000,-4000,-4000
00757,統一FANG+       ,0,0,0,0,0,0,0,0,0,-4000,0,0,0,202000,206000,-4000,-4000
03618C,高股息凱基95牛01,0,0,0,0,0,0,0,0,0,-4000,0,0,0,0,4000,-4000,-4000
043344,可成富邦93購01  ,0,0,0,0,0,0,0,0,0,-4000,0,0,0,0,4000,-4000,-4000
03950P,聯發科中信93售03,0,0,0,0,0,0,0,0,0,-4000,0,0,0,31000,35000,-4000,-4000
044509,台光電凱基93購03,0,0,0,0,0,0,0,0,0,-4000,0,0,0,20000,24000,-4000,-4000
044029,國巨群益92購02  ,0,0,0,0,0,0,0,0,0,-4000,0,0,0,0,4000,-4000,-4000
044963,台積電中信96購01,0,0,0,0,0,0,0,0,0,-4000,0,0,0,14000,18000,-4000,-4000
045866,南茂統一94購01  ,0,0,0,0,0,0,0,0,0,-4000,0,0,0,0,4000,-4000,-4000
047823,臺股指凱基93購17,0,0,0,0,0,0,0,0,0,-4000,0,0,0,5000,9000,-4000,-4000
048550,中鴻元大96購01  ,0,0,0,0,0,0,0,0,0,-4000,0,0,0,25000,29000,-4000,-4000
047875,南電永豐93購02  ,0,0,0,0,0,0,0,0,0,-4000,0,0,0,0,4000,-4000,-4000
048871,晶豪科國票94購01,0,0,0,0,0,0,0,0,0,-4000,0,0,0,182000,186000,-4000,-4000
048842,矽格凱基94購01  ,0,0,0,0,0,0,0,0,0,-4000,0,0,0,114000,118000,-4000,-4000
048904,鴻海富邦94購02  ,0,0,0,0,0,0,0,0,0,-4000,0,0,0,2000,6000,-4000,-4000
048961,矽創康和94購01  ,0,0,0,0,0,0,0,0,0,-4000,0,0,0,41000,45000,-4000,-4000
047670,矽力永豐93購01  ,0,0,0,0,0,0,0,0,0,-4000,0,0,0,116000,120000,-4000,-4000
048697,華新科國票94購06,0,0,0,0,0,0,0,0,0,-4000,0,0,0,1000,5000,-4000,-4000
048315,聯發科凱基93購32,0,0,0,0,0,0,0,0,0,-4000,0,0,0,0,4000,-4000,-4000
048729,鴻海麥證94購01  ,0,0,0,0,4000,-4000,0,0,0,-4000,0,0,0,0,4000,-4000,-4000
048741,欣興統一94購02  ,0,0,0,0,0,0,0,0,0,-4000,0,0,0,0,4000,-4000,-4000
047461,大立光群益93購09,0,0,0,0,0,0,0,0,0,-4000,0,0,0,0,4000,-4000,-4000
047916,台積電凱基93購22,0,0,0,0,0,0,0,0,0,-4000,0,0,0,12000,16000,-4000,-4000
047070,華通兆豐93購01  ,0,0,0,0,0,0,0,0,0,-4000,0,0,0,0,4000,-4000,-4000
046921,日電貿永豐93購01,0,0,0,0,0,0,0,0,0,-4000,0,0,0,10000,14000,-4000,-4000
046069,禾伸堂凱基92購01,0,0,0,0,0,0,0,0,0,-4000,0,0,0,10000,14000,-4000,-4000
048820,台積電凱基94購06,0,0,0,0,0,0,0,0,0,-4000,0,0,0,6000,10000,-4000,-4000
046629,群創統一98購01  ,0,0,0,0,0,0,0,0,0,-4000,0,0,0,377000,381000,-4000,-4000
048113,欣興群益93購08  ,0,0,0,0,0,0,0,0,0,-4000,0,0,0,0,4000,-4000,-4000
052065,臺股指國票95購12,0,0,0,0,0,0,0,0,0,-4000,0,0,0,30000,34000,-4000,-4000
051411,聯發科國票95購05,0,0,0,0,0,0,0,0,0,-4000,0,0,0,23000,27000,-4000,-4000
051627,華新科麥證95購03,0,0,0,0,4000,-4000,0,0,0,-4000,0,0,0,0,4000,-4000,-4000
051519,國泰金凱基95購02,0,0,0,0,0,0,0,0,0,-4000,0,0,0,24000,28000,-4000,-4000
051516,全新凱基96購02  ,0,0,0,0,0,0,0,0,0,-4000,0,0,0,6000,10000,-4000,-4000
051069,智邦國票96購01  ,0,0,0,0,0,0,0,0,0,-4000,0,0,0,195000,199000,-4000,-4000
051231,健策群益97購01  ,0,0,0,0,0,0,0,0,0,-4000,0,0,0,32000,36000,-4000,-4000
051233,力成群益97購01  ,0,0,0,0,0,0,0,0,0,-4000,0,0,0,11000,15000,-4000,-4000
050519,旺宏元大95購03  ,0,0,0,0,0,0,0,0,0,-4000,0,0,0,298000,302000,-4000,-4000
050537,鴻海凱基95購05  ,0,0,0,0,0,0,0,0,0,-4000,0,0,0,16000,20000,-4000,-4000
050621,易華電元大95購01,0,0,0,0,0,0,0,0,0,-4000,0,0,0,0,4000,-4000,-4000
050419,鴻海凱基95購02  ,0,0,0,0,0,0,0,0,0,-4000,0,0,0,15000,19000,-4000,-4000
050694,國巨凱基96購03  ,0,0,0,0,0,0,0,0,0,-4000,0,0,0,44000,48000,-4000,-4000
049297,日電貿群益95購01,0,0,0,0,0,0,0,0,0,-4000,0,0,0,22000,26000,-4000,-4000
049425,喬山兆豐95購01  ,0,0,0,0,0,0,0,0,0,-4000,0,0,0,39000,43000,-4000,-4000
2514,龍邦            ,1000,5000,-4000,0,0,0,0,0,0,0,0,0,0,0,0,0,-4000
2838A,聯邦銀甲特      ,0,0,0,0,0,0,0,0,0,-4000,3000,20000,-17000,13000,0,13000,-4000
3011,今皓            ,0,3000,-3000,0,0,0,0,0,0,-1000,0,1000,-1000,0,0,0,-4000
1720,生達            ,17000,21000,-4000,0,0,0,0,0,0,0,0,0,0,0,0,0,-4000
1614,三洋電          ,11000,15000,-4000,0,0,0,0,0,0,0,0,0,0,0,0,0,-4000
2006,東和鋼鐵        ,349000,353000,-4000,0,0,0,0,0,0,0,10000,10000,0,0,0,0,-4000
1463,強盛            ,0,4000,-4000,0,0,0,0,0,0,0,0,0,0,0,0,0,-4000
05665P,台積電凱基96售08,0,0,0,0,0,0,0,0,0,-4000,0,0,0,6000,10000,-4000,-4000
05756P,臺股指中信99售05,0,0,0,0,0,0,0,0,0,-4000,0,0,0,6000,10000,-4000,-4000
05921P,同欣電元大96售06,0,0,0,0,0,0,0,0,0,-4000,0,0,0,81000,85000,-4000,-4000
06075P,智邦凱基97售02  ,0,0,0,0,0,0,0,0,0,-4000,0,0,0,0,4000,-4000,-4000
8473,山林水          ,9000,13000,-4000,0,0,0,0,0,0,0,0,0,0,0,0,0,-4000
3705,永信            ,15000,29000,-14000,0,0,0,0,0,0,10000,10000,0,10000,0,0,0,-4000
6172,互億            ,4000,8000,-4000,0,0,0,0,0,0,0,0,0,0,0,0,0,-4000
5907,大洋-KY         ,22000,25000,-3000,0,0,0,0,0,0,-1000,0,1000,-1000,0,0,0,-4000
8103,瀚荃            ,0,4000,-4000,0,0,0,0,0,0,0,0,0,0,0,0,0,-4000
053321,智原群益96購02  ,0,0,0,0,0,0,0,0,0,-5000,0,0,0,61000,66000,-5000,-5000
053326,瀚宇博台新96購01,0,0,0,0,0,0,0,0,0,-5000,0,0,0,0,5000,-5000,-5000
053224,矽力凱基96購02  ,0,0,0,0,0,0,0,0,0,-5000,0,0,0,0,5000,-5000,-5000
053146,滬深2X元大96購08,0,0,0,0,0,0,0,0,0,-5000,0,0,0,0,5000,-5000,-5000
053160,台表科元大96購03,0,0,0,0,0,0,0,0,0,-5000,0,0,0,0,5000,-5000,-5000
053019,禾伸堂元富96購01,0,0,0,0,0,0,0,0,0,-5000,0,0,0,13000,18000,-5000,-5000
05301P,矽力元大95售02  ,0,0,0,0,0,0,0,0,0,-5000,0,0,0,5000,10000,-5000,-5000
053347,茂林國票98購01  ,0,0,0,0,0,0,0,0,0,-5000,0,0,0,0,5000,-5000,-5000
052608,欣興元大97購01  ,0,0,0,0,0,0,0,0,0,-5000,0,0,0,0,5000,-5000,-5000
052743,華新科元大97購01,0,0,0,0,0,0,0,0,0,-5000,0,0,0,0,5000,-5000,-5000
052753,電子類元大96購02,0,0,0,0,0,0,0,0,0,-5000,0,0,0,15000,20000,-5000,-5000
052885,高鐵兆豐98購01  ,0,0,0,0,0,0,0,0,0,-5000,0,0,0,0,5000,-5000,-5000
052905,潤泰全國票97購01,0,0,0,0,0,0,0,0,0,-5000,0,0,0,0,5000,-5000,-5000
052889,致伸麥證97購01  ,0,0,0,0,5000,-5000,0,0,0,-5000,0,0,0,0,5000,-5000,-5000
05295P,緯創凱基95售01  ,0,0,0,0,0,0,0,0,0,-5000,0,0,0,0,5000,-5000,-5000
052932,正文元大97購01  ,0,0,0,0,0,0,0,0,0,-5000,0,0,0,0,5000,-5000,-5000
054374,信邦中信96購01  ,0,0,0,0,0,0,0,0,0,-5000,0,0,0,75000,80000,-5000,-5000
054399,智易永豐96購03  ,0,0,0,0,0,0,0,0,0,-5000,0,0,0,15000,20000,-5000,-5000
054782,國巨群益97購01  ,0,0,0,0,0,0,0,0,0,-5000,0,0,0,11000,16000,-5000,-5000
054633,臺股指凱基9A購02,0,0,0,0,0,0,0,0,0,-5000,0,0,0,27000,32000,-5000,-5000
053918,美律國票97購01  ,0,0,0,0,0,0,0,0,0,-5000,0,0,0,5000,10000,-5000,-5000
053683,上証2X元大96購03,0,0,0,0,0,0,0,0,0,-5000,0,0,0,0,5000,-5000,-5000
053719,可成凱基96購08  ,0,0,0,0,0,0,0,0,0,-5000,0,0,0,78000,83000,-5000,-5000
053711,鴻海凱基96購14  ,0,0,0,0,0,0,0,0,0,-5000,0,0,0,5000,10000,-5000,-5000
053705,滬深2X凱基99購01,0,0,0,0,0,0,0,0,0,-5000,0,0,0,10000,15000,-5000,-5000
054141,TPK元大96購02   ,0,0,0,0,0,0,0,0,0,-5000,0,0,0,0,5000,-5000,-5000
05422P,大立光中信97售02,0,0,0,0,0,0,0,0,0,-5000,0,0,0,0,5000,-5000,-5000
054062,TPK國票96購02   ,0,0,0,0,0,0,0,0,0,-5000,0,0,0,0,5000,-5000,-5000
054107,上銀凱基97購01  ,0,0,0,0,0,0,0,0,0,-5000,0,0,0,0,5000,-5000,-5000
054046,義隆元大96購02  ,0,0,0,0,0,0,0,0,0,-5000,0,0,0,142000,147000,-5000,-5000
048902,昇陽半國泰96購01,0,0,0,0,0,0,0,0,0,-5000,0,0,0,0,5000,-5000,-5000
048564,智易元大94購01  ,0,0,0,0,0,0,0,0,0,-5000,0,0,0,5000,10000,-5000,-5000
047819,南茂凱基93購04  ,0,0,0,0,0,0,0,0,0,-5000,0,0,0,1000,6000,-5000,-5000
045835,奇鋐群益92購01  ,0,0,0,0,0,0,0,0,0,-5000,0,0,0,0,5000,-5000,-5000
045836,群創群益98購01  ,0,0,0,0,0,0,0,0,0,-5000,0,0,0,0,5000,-5000,-5000
04508P,臺股指元大94售03,0,0,0,0,0,0,0,0,0,-5000,0,0,0,50000,55000,-5000,-5000
045073,可成元大93購01  ,0,0,0,0,0,0,0,0,0,-5000,0,0,0,0,5000,-5000,-5000
045045,南亞科凱基92購01,0,0,0,0,0,0,0,0,0,-5000,0,0,0,5000,10000,-5000,-5000
045331,旺宏群益94購01  ,0,0,0,0,0,0,0,0,0,-5000,0,0,0,0,5000,-5000,-5000
044959,彩晶凱基92購01  ,0,0,0,0,0,0,0,0,0,-5000,0,0,0,10000,15000,-5000,-5000
045736,台積電群益94購01,0,0,0,0,0,0,0,0,0,-5000,0,0,0,28000,33000,-5000,-5000
044039,康控群益93購01  ,0,0,0,0,0,0,0,0,0,-5000,0,0,0,0,5000,-5000,-5000
044087,世紀鋼國票92購01,0,0,0,0,0,0,0,0,0,-5000,0,0,0,0,5000,-5000,-5000
044286,智邦凱基91購04  ,0,0,0,0,0,0,0,0,0,-5000,0,0,0,55000,60000,-5000,-5000
045715,華邦電凱基92購04,0,0,0,0,0,0,0,0,0,-5000,0,0,0,57000,62000,-5000,-5000
044787,上銀群益93購01  ,0,0,0,0,0,0,0,0,0,-5000,0,0,0,0,5000,-5000,-5000
04172P,大立光凱基93售34,0,0,0,0,0,0,0,0,0,-5000,0,0,0,0,5000,-5000,-5000
04023P,臺股指元富99售02,0,0,0,0,0,0,0,0,0,-5000,0,0,0,5000,10000,-5000,-5000
042560,康控兆豐92購01  ,0,0,0,0,0,0,0,0,0,-5000,0,0,0,0,5000,-5000,-5000
04208P,臺股指元大93售48,0,0,0,0,0,0,0,0,0,-5000,0,0,0,0,5000,-5000,-5000
03424B,臺股指元大96熊26,0,0,0,0,0,0,0,0,0,-5000,0,0,0,0,5000,-5000,-5000
03671P,大立光凱基95售02,0,0,0,0,0,0,0,0,0,-5000,0,0,0,0,5000,-5000,-5000
03057P,亞德客凱基01售02,0,0,0,0,0,0,0,0,0,-5000,0,0,0,0,5000,-5000,-5000
03064X,元展59          ,0,0,0,0,0,0,0,0,0,-5000,0,0,0,2000,7000,-5000,-5000
03824P,燿華元大94售01  ,0,0,0,0,0,0,0,0,0,-5000,0,0,0,1000,6000,-5000,-5000
046053,滬深2X群益94購01,0,0,0,0,0,0,0,0,0,-5000,0,0,0,0,5000,-5000,-5000
047404,香港2X統一94購01,0,0,0,0,0,0,0,0,0,-5000,0,0,0,0,5000,-5000,-5000
046605,瀚宇博群益93購01,0,0,0,0,0,0,0,0,0,-5000,0,0,0,0,5000,-5000,-5000
046593,臺股指元大92購27,0,0,0,0,0,0,0,0,0,-5000,0,0,0,0,5000,-5000,-5000
046530,聯發科兆豐92購02,0,0,0,0,0,0,0,0,0,-5000,0,0,0,5000,10000,-5000,-5000
046514,群創元大92購12  ,0,0,0,0,0,0,0,0,0,-5000,0,0,0,15000,20000,-5000,-5000
046261,中環凱基93購01  ,0,0,0,0,0,0,0,0,0,-5000,0,0,0,0,5000,-5000,-5000
049069,元油2X凱基95購04,0,0,0,0,0,0,0,0,0,-5000,0,0,0,0,5000,-5000,-5000
049144,瑞昱元大94購03  ,0,0,0,0,0,0,0,0,0,-5000,0,0,0,0,5000,-5000,-5000
049662,燿華永豐95購02  ,0,0,0,0,0,0,0,0,0,-5000,0,0,0,0,5000,-5000,-5000
049523,微星兆豐94購02  ,0,0,0,0,0,0,0,0,0,-5000,0,0,0,0,5000,-5000,-5000
049525,華新科兆豐94購01,0,0,0,0,0,0,0,0,0,-5000,0,0,0,10000,15000,-5000,-5000
049511,奇力新凱基94購03,0,0,0,0,0,0,0,0,0,-5000,0,0,0,0,5000,-5000,-5000
047006,大立光統一93購04,0,0,0,0,0,0,0,0,0,-5000,0,0,0,0,5000,-5000,-5000
046991,健策凱基93購04  ,0,0,0,0,0,0,0,0,0,-5000,0,0,0,0,5000,-5000,-5000
047031,麗豐元大93購01  ,0,0,0,0,0,0,0,0,0,-5000,0,0,0,0,5000,-5000,-5000
047049,聯發科國票94購01,0,0,0,0,0,0,0,0,0,-5000,0,0,0,0,5000,-5000,-5000
047091,南茂元富93購01  ,0,0,0,0,0,0,0,0,0,-5000,0,0,0,0,5000,-5000,-5000
047109,華邦電元大94購01,0,0,0,0,0,0,0,0,0,-5000,0,0,0,0,5000,-5000,-5000
047106,喬山元大93購01  ,0,0,0,0,0,0,0,0,0,-5000,0,0,0,0,5000,-5000,-5000
046412,潤泰全元大92購02,0,0,0,0,0,0,0,0,0,-5000,0,0,0,20000,25000,-5000,-5000
047898,嘉澤群益93購02  ,0,0,0,0,0,0,0,0,0,-5000,0,0,0,35000,40000,-5000,-5000
047222,鴻海凱基94購04  ,0,0,0,0,0,0,0,0,0,-5000,0,0,0,29000,34000,-5000,-5000
047763,旺宏元大94購04  ,0,0,0,0,0,0,0,0,0,-5000,0,0,0,79000,84000,-5000,-5000
048071,創意元富93購03  ,0,0,0,0,0,0,0,0,0,-5000,0,0,0,0,5000,-5000,-5000
047991,元油反元大96購05,0,0,0,0,0,0,0,0,0,-5000,0,0,0,0,5000,-5000,-5000
047580,TPK群益94購01   ,0,0,0,0,0,0,0,0,0,-5000,0,0,0,5000,10000,-5000,-5000
049458,SP黃豆元富96購01,0,0,0,0,0,0,0,0,0,-5000,0,0,0,0,5000,-5000,-5000
049456,上海銀統一94購03,0,0,0,0,0,0,0,0,0,-5000,0,0,0,5000,10000,-5000,-5000
049295,全新群益94購02  ,0,0,0,0,0,0,0,0,0,-5000,0,0,0,0,5000,-5000,-5000
049273,臺股指元大94購08,0,0,0,0,0,0,0,0,0,-5000,0,0,0,2000,7000,-5000,-5000
049937,臺股指元大94購18,0,0,0,0,0,0,0,0,0,-5000,0,0,0,10000,15000,-5000,-5000
050090,鈺齊康和94購01  ,0,0,0,0,0,0,0,0,0,-5000,0,0,0,42000,47000,-5000,-5000
050782,台積電國泰96購03,0,0,0,0,0,0,0,0,0,-5000,0,0,0,2000,7000,-5000,-5000
050859,訊芯康和95購01  ,0,0,0,0,0,0,0,0,0,-5000,0,0,0,0,5000,-5000,-5000
050305,正崴中信95購01  ,0,0,0,0,0,0,0,0,0,-5000,0,0,0,0,5000,-5000,-5000
050561,上証2X元富97購01,0,0,0,0,0,0,0,0,0,-5000,0,0,0,0,5000,-5000,-5000
051180,喬山永豐95購03  ,0,0,0,0,0,0,0,0,0,-5000,0,0,0,5000,10000,-5000,-5000
051250,大立光元大98購01,0,0,0,0,0,0,0,0,0,-5000,0,0,0,10000,15000,-5000,-5000
051304,緯創凱基96購01  ,0,0,0,0,0,0,0,0,0,-5000,0,0,0,40000,45000,-5000,-5000
051646,華通永豐96購01  ,0,0,0,0,0,0,0,0,0,-5000,0,0,0,0,5000,-5000,-5000
051408,台積電國票95購03,0,0,0,0,0,0,0,0,0,-5000,0,0,0,64000,69000,-5000,-5000
051444,聯發科元大95購11,0,0,0,0,0,0,0,0,0,-5000,0,0,0,19000,24000,-5000,-5000
051372,樺漢富邦96購01  ,0,0,0,0,0,0,0,0,0,-5000,0,0,0,27000,32000,-5000,-5000
051361,泰鼎元大95購01  ,0,0,0,0,0,0,0,0,0,-5000,0,0,0,17000,22000,-5000,-5000
052255,T50反1國泰96購01,0,0,0,0,0,0,0,0,0,-5000,0,0,0,30000,35000,-5000,-5000
052265,聯發科亞東95購01,0,0,0,0,0,0,0,0,0,-5000,0,0,0,0,5000,-5000,-5000
051936,力山群益95購02  ,0,0,0,0,0,0,0,0,0,-5000,0,0,0,0,5000,-5000,-5000
05184P,緯穎元富95售01  ,0,0,0,0,0,0,0,0,0,-5000,0,0,0,0,5000,-5000,-5000
051961,泰碩永豐95購01  ,0,0,0,0,0,0,0,0,0,-5000,0,0,0,85000,90000,-5000,-5000
9912,偉聯            ,1000,6000,-5000,0,0,0,0,0,0,0,0,0,0,0,0,0,-5000
06027P,鴻海台新96售04  ,0,0,0,0,0,0,0,0,0,-5000,0,0,0,12000,17000,-5000,-5000
06145P,華新科永豐97售02,0,0,0,0,0,0,0,0,0,-5000,0,0,0,0,5000,-5000,-5000
08749P,鴻海台新01售02  ,0,0,0,0,0,0,0,0,0,-5000,0,0,0,0,5000,-5000,-5000
06115P,台積電統一97售04,0,0,0,0,0,0,0,0,0,-5000,0,0,0,0,5000,-5000,-5000
05931P,鴻海凱基96售15  ,0,0,0,0,0,0,0,0,0,-5000,0,0,0,15000,20000,-5000,-5000
05983P,聯詠國票96售02  ,0,0,0,0,0,0,0,0,0,-5000,0,0,0,0,5000,-5000,-5000
05880P,創意康和96售01  ,0,0,0,0,0,0,0,0,0,-5000,0,0,0,0,5000,-5000,-5000
05777P,台積電統一96售04,0,0,0,0,0,0,0,0,0,-5000,0,0,0,0,5000,-5000,-5000
05628P,茂林國票97售02  ,0,0,0,0,0,0,0,0,0,-5000,0,0,0,20000,25000,-5000,-5000
05703P,矽力群益96售03  ,0,0,0,0,0,0,0,0,0,-5000,0,0,0,210000,215000,-5000,-5000
055159,玉晶光元大98購05,0,0,0,0,0,0,0,0,0,-5000,0,0,0,0,5000,-5000,-5000
055127,台虹兆豐97購01  ,0,0,0,0,0,0,0,0,0,-5000,0,0,0,0,5000,-5000,-5000
055135,聯發科富邦99購05,0,0,0,0,0,0,0,0,0,-5000,0,0,0,0,5000,-5000,-5000
1454,台富            ,0,5000,-5000,0,0,0,0,0,0,0,0,0,0,0,0,0,-5000
1423,利華            ,0,5000,-5000,0,0,0,0,0,0,0,0,0,0,0,0,0,-5000
1521,大億            ,0,5000,-5000,0,0,0,0,0,0,0,0,0,0,0,0,0,-5000
1773,勝一            ,18000,23000,-5000,0,0,0,0,0,0,0,0,0,0,0,0,0,-5000
2905,三商            ,115000,113000,2000,0,0,0,0,0,0,-7000,0,7000,-7000,0,0,0,-5000
2901,欣欣            ,2000,7000,-5000,0,0,0,0,0,0,0,0,0,0,0,0,0,-5000
2748,雲品            ,2000,7000,-5000,0,0,0,0,0,0,0,0,0,0,0,0,0,-5000
2471,資通            ,0,5000,-5000,0,0,0,0,0,0,0,0,0,0,0,0,0,-5000
2462,良得電          ,0,5000,-5000,0,0,0,0,0,0,0,0,0,0,0,0,0,-5000
1783,和康生          ,11000,16060,-5060,0,0,0,0,0,0,0,0,0,0,0,0,0,-5060
054011,旺宏永豐96購05  ,0,0,0,0,0,0,0,0,0,-6000,0,0,0,0,6000,-6000,-6000
053755,亞光元富96購01  ,0,0,0,0,0,0,0,0,0,-6000,0,0,0,4000,10000,-6000,-6000
053925,群創國票98購01  ,0,0,0,0,0,0,0,0,0,-6000,0,0,0,60000,66000,-6000,-6000
054390,智邦元富96購03  ,0,0,0,0,0,0,0,0,0,-6000,0,0,0,20000,26000,-6000,-6000
05432P,國巨元富95售07  ,0,0,0,0,0,0,0,0,0,-6000,0,0,0,1000,7000,-6000,-6000
054541,康控國票98購01  ,0,0,0,0,0,0,0,0,0,-6000,0,0,0,0,6000,-6000,-6000
052640,台表科凱基97購01,0,0,0,0,0,0,0,0,0,-6000,0,0,0,5000,11000,-6000,-6000
052659,上証2X國票99購01,0,0,0,0,0,0,0,0,0,-6000,0,0,0,0,6000,-6000,-6000
052678,群創富邦96購01  ,0,0,0,0,0,0,0,0,0,-6000,0,0,0,619000,625000,-6000,-6000
052572,群創凱基99購01  ,0,0,0,0,0,0,0,0,0,-6000,0,0,0,2000,8000,-6000,-6000
052354,健策群益96購02  ,0,0,0,0,0,0,0,0,0,-6000,0,0,0,58000,64000,-6000,-6000
052493,上証2X中信97購02,0,0,0,0,0,0,0,0,0,-6000,0,0,0,6000,12000,-6000,-6000
052521,友達元大9B購01  ,0,0,0,0,0,0,0,0,0,-6000,0,0,0,122000,128000,-6000,-6000
053496,義隆兆豐96購02  ,0,0,0,0,0,0,0,0,0,-6000,0,0,0,4000,10000,-6000,-6000
053064,國巨群益96購04  ,0,0,0,0,0,0,0,0,0,-6000,0,0,0,13000,19000,-6000,-6000
05313P,臺股指群益95售12,0,0,0,0,0,0,0,0,0,-6000,0,0,0,2000,8000,-6000,-6000
053176,矽力群益96購02  ,0,0,0,0,0,0,0,0,0,-6000,0,0,0,82000,88000,-6000,-6000
03629C,元油2X元富98牛06,0,0,0,0,0,0,0,0,0,-6000,0,0,0,16000,22000,-6000,-6000
03450P,元油2X元富98售05,0,0,0,0,0,0,0,0,0,-6000,0,0,0,115000,121000,-6000,-6000
042901,中纖元大94購01  ,0,0,0,0,0,0,0,0,0,-6000,0,0,0,0,6000,-6000,-6000
04318P,大成鋼永豐93售02,0,0,0,0,0,0,0,0,0,-6000,0,0,0,0,6000,-6000,-6000
042086,新光金凱基91購01,0,0,0,0,0,0,0,0,0,-6000,0,0,0,0,6000,-6000,-6000
04202P,華新科元大93售10,0,0,0,0,0,0,0,0,0,-6000,0,0,0,24000,30000,-6000,-6000
040269,上証2X中信92購01,0,0,0,0,0,0,0,0,0,-6000,0,0,0,0,6000,-6000,-6000
044848,華邦電統一94購01,0,0,0,0,0,0,0,0,0,-6000,0,0,0,31000,37000,-6000,-6000
045281,鴻海富邦92購01  ,0,0,0,0,0,0,0,0,0,-6000,0,0,0,0,6000,-6000,-6000
046429,矽力元大92購03  ,0,0,0,0,0,0,0,0,0,-6000,0,0,0,5000,11000,-6000,-6000
048086,鴻海凱基93購33  ,0,0,0,0,0,0,0,0,0,-6000,0,0,0,17000,23000,-6000,-6000
047205,GIS元富93購03   ,0,0,0,0,0,0,0,0,0,-6000,0,0,0,9000,15000,-6000,-6000
046407,華新科元大93購07,0,0,0,0,0,0,0,0,0,-6000,0,0,0,0,6000,-6000,-6000
047105,和大元大94購01  ,0,0,0,0,0,0,0,0,0,-6000,0,0,0,26000,32000,-6000,-6000
046721,中鋼元大93購01  ,0,0,0,0,0,0,0,0,0,-6000,0,0,0,0,6000,-6000,-6000
046946,益航元大94購01  ,0,0,0,0,0,0,0,0,0,-6000,0,0,0,0,6000,-6000,-6000
04683P,南亞科元大94售04,0,0,0,0,0,0,0,0,0,-6000,0,0,0,10000,16000,-6000,-6000
046871,美律元富93購01  ,0,0,0,0,0,0,0,0,0,-6000,0,0,0,114000,120000,-6000,-6000
049815,緯穎元大94購06  ,0,0,0,0,0,0,0,0,0,-6000,0,0,0,28000,34000,-6000,-6000
049633,臺股指群益94購06,0,0,0,0,0,0,0,0,0,-6000,0,0,0,5000,11000,-6000,-6000
049909,國巨元大95購01  ,0,0,0,0,0,0,0,0,0,-6000,0,0,0,148000,154000,-6000,-6000
048802,聯發科富邦94購03,0,0,0,0,0,0,0,0,0,-6000,0,0,0,0,6000,-6000,-6000
046649,致伸國泰94購01  ,0,0,0,0,0,0,0,0,0,-6000,0,0,0,180000,186000,-6000,-6000
047405,香港2X統一96購01,0,0,0,0,0,0,0,0,0,-6000,0,0,0,5000,11000,-6000,-6000
047437,旺宏元大94購02  ,0,0,0,0,0,0,0,0,0,-6000,0,0,0,78000,84000,-6000,-6000
046066,長榮航凱基94購01,0,0,0,0,0,0,0,0,0,-6000,0,0,0,0,6000,-6000,-6000
048159,聯詠兆豐93購03  ,0,0,0,0,0,0,0,0,0,-6000,0,0,0,96000,102000,-6000,-6000
05199P,訊芯永豐95售02  ,0,0,0,0,0,0,0,0,0,-6000,0,0,0,0,6000,-6000,-6000
051881,上証2X永豐95購02,0,0,0,0,0,0,0,0,0,-6000,0,0,0,30000,36000,-6000,-6000
052334,大成鋼日盛95購01,0,0,0,0,0,0,0,0,0,-6000,0,0,0,0,6000,-6000,-6000
052043,瑞昱日盛95購01  ,0,0,0,0,0,0,0,0,0,-6000,0,0,0,64000,70000,-6000,-6000
05212P,台積電國票96售04,0,0,0,0,0,0,0,0,0,-6000,0,0,0,30000,36000,-6000,-6000
051485,玉晶光凱基97購02,0,0,0,0,0,0,0,0,0,-6000,0,0,0,44000,50000,-6000,-6000
051625,聯發科麥證95購01,0,0,0,69000,75000,-6000,0,0,0,-6000,0,0,0,69000,75000,-6000,-6000
05131P,聯詠統一97售01  ,0,0,0,0,0,0,0,0,0,-6000,0,0,0,0,6000,-6000,-6000
051278,臻鼎中信97購02  ,0,0,0,0,0,0,0,0,0,-6000,0,0,0,234000,240000,-6000,-6000
051001,緯穎元大96購02  ,0,0,0,0,0,0,0,0,0,-6000,0,0,0,0,6000,-6000,-6000
051011,國巨凱基95購03  ,0,0,0,0,0,0,0,0,0,-6000,0,0,0,0,6000,-6000,-6000
050527,嘉聯益元大96購01,0,0,0,0,0,0,0,0,0,-6000,0,0,0,1000,7000,-6000,-6000
050028,華新科元大94購03,0,0,0,0,0,0,0,0,0,-6000,0,0,0,0,6000,-6000,-6000
049777,華新科統一94購06,0,0,0,0,0,0,0,0,0,-6000,0,0,0,11000,17000,-6000,-6000
1617,榮星            ,2000,8000,-6000,0,0,0,0,0,0,0,0,0,0,0,0,0,-6000
1473,台南            ,5000,11000,-6000,0,0,0,0,0,0,0,0,0,0,0,0,0,-6000
1474,弘裕            ,2000,8000,-6000,0,0,0,0,0,0,0,0,0,0,0,0,0,-6000
1413,宏洲            ,0,6000,-6000,0,0,0,0,0,0,0,0,0,0,0,0,0,-6000
1323,永裕            ,0,6000,-6000,0,0,0,0,0,0,0,0,0,0,0,0,0,-6000
2465,麗臺            ,0,3000,-3000,0,0,0,0,0,0,-3000,0,3000,-3000,0,0,0,-6000
2493,揚博            ,18000,24000,-6000,0,0,0,0,0,0,0,0,0,0,0,0,0,-6000
2495,普安            ,13000,17000,-4000,0,0,0,0,0,0,-2000,0,2000,-2000,0,0,0,-6000
3052,夆典            ,35000,40000,-5000,0,0,0,0,0,0,-1000,0,1000,-1000,0,0,0,-6000
3130,一零四          ,16000,22000,-6000,0,0,0,0,0,0,0,0,0,0,0,0,0,-6000
055189,台虹統一97購01  ,0,0,0,0,0,0,0,0,0,-6000,0,0,0,0,6000,-6000,-6000
055125,智原兆豐97購01  ,0,0,0,0,0,0,0,0,0,-6000,0,0,0,0,6000,-6000,-6000
05697P,友達凱基96售01  ,0,0,0,0,0,0,0,0,0,-6000,0,0,0,0,6000,-6000,-6000
05701P,彩晶凱基96售01  ,0,0,0,0,0,0,0,0,0,-6000,0,0,0,0,6000,-6000,-6000
05779P,台積電統一96售06,0,0,0,0,0,0,0,0,0,-6000,0,0,0,0,6000,-6000,-6000
06099P,鴻海日盛97售03  ,0,0,0,0,0,0,0,0,0,-6000,0,0,0,0,6000,-6000,-6000
8442,威宏-KY         ,1000,7000,-6000,0,0,0,0,0,0,0,0,0,0,0,0,0,-6000
8201,無敵            ,0,6000,-6000,0,0,0,0,0,0,0,0,0,0,0,0,0,-6000
6605,帝寶            ,9000,15000,-6000,0,0,0,0,0,0,0,0,0,0,0,0,0,-6000
6115,鎰勝            ,5000,9000,-4000,0,0,0,0,0,0,-2000,0,2000,-2000,0,0,0,-6000
054538,台光電國票98購01,0,0,0,0,0,0,0,0,0,-7000,0,0,0,5000,12000,-7000,-7000
054606,台積電永豐97購02,0,0,0,0,0,0,0,0,0,-7000,0,0,0,0,7000,-7000,-7000
05450P,臺股指元大95售27,0,0,0,0,0,0,0,0,0,-7000,0,0,0,68000,75000,-7000,-7000
054771,茂林國票98購02  ,0,0,0,0,0,0,0,0,0,-7000,0,0,0,0,7000,-7000,-7000
054829,亞光國泰99購01  ,0,0,0,0,0,0,0,0,0,-7000,0,0,0,31000,38000,-7000,-7000
05387P,鴻海元大95售21  ,0,0,0,0,0,0,0,0,0,-7000,0,0,0,87000,94000,-7000,-7000
054096,佳世達國票97購01,0,0,0,0,0,0,0,0,0,-7000,0,0,0,0,7000,-7000,-7000
054121,奇鋐永豐96購02  ,0,0,0,0,0,0,0,0,0,-7000,0,0,0,68000,75000,-7000,-7000
054217,台表科國票97購05,0,0,0,0,0,0,0,0,0,-7000,0,0,0,15000,22000,-7000,-7000
048955,慧洋康和94購01  ,0,0,0,0,0,0,0,0,0,-7000,0,0,0,0,7000,-7000,-7000
044875,玉晶光統一93購01,0,0,0,0,0,0,0,0,0,-7000,0,0,0,18000,25000,-7000,-7000
044909,玉晶光凱基93購02,0,0,0,0,0,0,0,0,0,-7000,0,0,0,3000,10000,-7000,-7000
044182,鴻海元富92購01  ,0,0,0,0,0,0,0,0,0,-7000,0,0,0,0,7000,-7000,-7000
044792,康友群益93購01  ,0,0,0,0,0,0,0,0,0,-7000,0,0,0,36000,43000,-7000,-7000
04178P,聯茂元大93售07  ,0,0,0,0,0,0,0,0,0,-7000,0,0,0,99000,106000,-7000,-7000
044651,旺宏台新93購01  ,0,0,0,0,0,0,0,0,0,-7000,0,0,0,0,7000,-7000,-7000
043513,台灣50元大96購05,0,0,0,0,0,0,0,0,0,-7000,0,0,0,5000,12000,-7000,-7000
03852P,華邦電凱基93售05,0,0,0,0,0,0,0,0,0,-7000,0,0,0,76000,83000,-7000,-7000
03416B,臺股指凱基95熊05,0,0,0,0,0,0,0,0,0,-7000,0,0,0,38000,45000,-7000,-7000
048097,聯詠凱基93購07  ,0,0,0,0,0,0,0,0,0,-7000,0,0,0,20000,27000,-7000,-7000
047312,聯發科元大93購13,0,0,0,0,0,0,0,0,0,-7000,0,0,0,3000,10000,-7000,-7000
048235,滬深2X國票93購04,0,0,0,0,0,0,0,0,0,-7000,0,0,0,0,7000,-7000,-7000
048762,寶齡凱基94購01  ,0,0,0,0,0,0,0,0,0,-7000,0,0,0,3000,10000,-7000,-7000
048214,滬深2X凱基96購03,0,0,0,0,0,0,0,0,0,-7000,0,0,0,0,7000,-7000,-7000
049552,鴻海國泰96購01  ,0,0,0,0,0,0,0,0,0,-7000,0,0,0,0,7000,-7000,-7000
046081,康舒凱基92購01  ,0,0,0,0,0,0,0,0,0,-7000,0,0,0,3000,10000,-7000,-7000
046799,儒鴻元大93購01  ,0,0,0,0,0,0,0,0,0,-7000,0,0,0,0,7000,-7000,-7000
047077,日月光兆豐93購01,0,0,0,0,0,0,0,0,0,-7000,0,0,0,3000,10000,-7000,-7000
04872P,高股息中信94售01,0,0,0,0,0,0,0,0,0,-7000,0,0,0,0,7000,-7000,-7000
048324,訊芯凱基93購03  ,0,0,0,0,0,0,0,0,0,-7000,0,0,0,205000,212000,-7000,-7000
047245,聯發科群益94購03,0,0,0,0,0,0,0,0,0,-7000,0,0,0,3000,10000,-7000,-7000
049469,元金2X永豐94購01,0,0,0,0,0,0,0,0,0,-7000,0,0,0,0,7000,-7000,-7000
050180,華新科元大95購08,0,0,0,0,0,0,0,0,0,-7000,0,0,0,9000,16000,-7000,-7000
050466,瑞儀中信94購01  ,0,0,0,0,0,0,0,0,0,-7000,0,0,0,3000,10000,-7000,-7000
051185,強茂永豐95購03  ,0,0,0,0,0,0,0,0,0,-7000,0,0,0,68000,75000,-7000,-7000
051241,台積電元大95購13,0,0,0,0,0,0,0,0,0,-7000,0,0,0,240000,247000,-7000,-7000
05157P,全新台新96售01  ,0,0,0,0,0,0,0,0,0,-7000,0,0,0,13000,20000,-7000,-7000
051525,日月光凱基95購02,0,0,0,0,0,0,0,0,0,-7000,0,0,0,4000,11000,-7000,-7000
051553,牧德永豐96購02  ,0,0,0,0,0,0,0,0,0,-7000,0,0,0,27000,34000,-7000,-7000
052142,滬深2X群益99購04,0,0,0,0,0,0,0,0,0,-7000,0,0,0,0,7000,-7000,-7000
052278,國巨凱基95購06  ,0,0,0,0,0,0,0,0,0,-7000,0,0,0,10000,17000,-7000,-7000
052270,力成日盛95購01  ,0,0,0,0,0,0,0,0,0,-7000,0,0,0,48000,55000,-7000,-7000
05187P,力山凱基95售01  ,0,0,0,0,0,0,0,0,0,-7000,0,0,0,0,7000,-7000,-7000
6666,羅麗芬-KY       ,3000,10000,-7000,0,0,0,0,0,0,0,0,0,0,0,0,0,-7000
3501,維熹            ,9000,15000,-6000,0,0,0,0,0,0,-1000,0,1000,-1000,0,0,0,-7000
05817P,可成凱基96售07  ,0,0,0,0,0,0,0,0,0,-7000,0,0,0,25000,32000,-7000,-7000
2414,精技            ,1000,8000,-7000,0,0,0,0,0,0,0,0,0,0,0,0,0,-7000
1315,達新            ,12000,18000,-6000,0,0,0,0,0,0,-1000,0,1000,-1000,0,0,0,-7000
1713,國化            ,1000,8000,-7000,0,0,0,0,0,0,0,0,0,0,0,0,0,-7000
1721,三晃            ,0,7000,-7000,0,0,0,0,0,0,0,0,0,0,0,0,0,-7000
1724,台硝            ,1000,8000,-7000,0,0,0,0,0,0,0,0,0,0,0,0,0,-7000
2032,新鋼            ,2000,8000,-6000,0,0,0,0,0,0,-1000,1000,2000,-1000,0,0,0,-7000
0055,元大MSCI金融    ,0,0,0,0,0,0,0,0,0,-7300,0,1000,-1000,0,6300,-6300,-7300
054066,緯穎國票97購03  ,0,0,0,0,0,0,0,0,0,-8000,0,0,0,3000,11000,-8000,-8000
054070,創意國泰96購02  ,0,0,0,0,0,0,0,0,0,-8000,0,0,0,98000,106000,-8000,-8000
053938,彩晶元富96購01  ,0,0,0,0,0,0,0,0,0,-8000,0,0,0,35000,43000,-8000,-8000
053652,友達凱基98購04  ,0,0,0,0,0,0,0,0,0,-8000,0,0,0,0,8000,-8000,-8000
054896,聯茂日盛97購01  ,0,0,0,0,0,0,0,0,0,-8000,0,0,0,0,8000,-8000,-8000
054609,正崴永豐97購01  ,0,0,0,0,0,0,0,0,0,-8000,0,0,0,2000,10000,-8000,-8000
054308,嘉晶凱基98購01  ,0,0,0,0,0,0,0,0,0,-8000,0,0,0,0,8000,-8000,-8000
053443,智邦凱基97購01  ,0,0,0,0,0,0,0,0,0,-8000,0,0,0,47000,55000,-8000,-8000
052615,鴻海國泰98購01  ,0,0,0,0,0,0,0,0,0,-8000,0,0,0,33000,41000,-8000,-8000
052729,國巨國泰97購03  ,0,0,0,0,0,0,0,0,0,-8000,0,0,0,35000,43000,-8000,-8000
052785,滬深2X中信99購03,0,0,0,0,0,0,0,0,0,-8000,0,0,0,0,8000,-8000,-8000
043522,華新科元大92購04,0,0,0,0,0,0,0,0,0,-8000,0,0,0,4000,12000,-8000,-8000
04264P,宏碁統一93售01  ,0,0,0,0,0,0,0,0,0,-8000,0,0,0,2000,10000,-8000,-8000
04054P,滬深2X富邦96售02,0,0,0,0,0,0,0,0,0,-8000,0,0,0,2000,10000,-8000,-8000
04033P,啟碁凱基93售04  ,0,0,0,0,0,0,0,0,0,-8000,0,0,0,20000,28000,-8000,-8000
045618,元油2X永豐98購01,0,0,0,0,0,0,0,0,0,-8000,0,0,0,16000,24000,-8000,-8000
044917,奇力新永豐91購02,0,0,0,0,0,0,0,0,0,-8000,0,0,0,3000,11000,-8000,-8000
047844,台虹元大93購02  ,0,0,0,0,0,0,0,0,0,-8000,0,0,0,69000,77000,-8000,-8000
045440,旺宏元富92購01  ,0,0,0,0,0,0,0,0,0,-8000,0,0,0,2000,10000,-8000,-8000
047160,台郡國票94購01  ,0,0,0,0,0,0,0,0,0,-8000,0,0,0,62000,70000,-8000,-8000
046866,台積電統一94購03,0,0,0,0,0,0,0,0,0,-8000,0,0,0,7000,15000,-8000,-8000
04699P,臺股指元富94售05,0,0,0,0,0,0,0,0,0,-8000,0,0,0,0,8000,-8000,-8000
046025,台積電元大92購18,0,0,0,0,0,0,0,0,0,-8000,0,0,0,0,8000,-8000,-8000
047019,台積電元大93購14,0,0,0,0,0,0,0,0,0,-8000,0,0,0,0,8000,-8000,-8000
046696,可成凱基93購02  ,0,0,0,0,0,0,0,0,0,-8000,0,0,0,60000,68000,-8000,-8000
049553,鴻海國泰96購02  ,0,0,0,0,0,0,0,0,0,-8000,0,0,0,0,8000,-8000,-8000
049600,緯穎元大95購02  ,0,0,0,0,0,0,0,0,0,-8000,0,0,0,112000,120000,-8000,-8000
04850P,全新永豐94售03  ,0,0,0,0,0,0,0,0,0,-8000,0,0,0,11000,19000,-8000,-8000
047395,聯茂元大94購01  ,0,0,0,0,0,0,0,0,0,-8000,0,0,0,33000,41000,-8000,-8000
051450,世芯元大95購02  ,0,0,0,0,0,0,0,0,0,-8000,0,0,0,3000,11000,-8000,-8000
051331,全新永豐96購01  ,0,0,0,0,0,0,0,0,0,-8000,0,0,0,0,8000,-8000,-8000
051028,台光電元富95購02,0,0,0,0,0,0,0,0,0,-8000,0,0,0,0,8000,-8000,-8000
051094,健策元大96購03  ,0,0,0,0,0,0,0,0,0,-8000,0,0,0,25000,33000,-8000,-8000
05043P,佳世達元富95售01,1000,0,1000,0,0,0,0,0,0,-9000,0,0,0,1000,10000,-9000,-8000
050896,華新科元大96購02,0,0,0,0,0,0,0,0,0,-8000,0,0,0,46000,54000,-8000,-8000
05095P,景碩元大95售01  ,0,0,0,0,0,0,0,0,0,-8000,0,0,0,50000,58000,-8000,-8000
049238,元油2X元富96購08,0,0,0,0,0,0,0,0,0,-8000,0,0,0,0,8000,-8000,-8000
049430,國巨國票95購02  ,0,0,0,0,0,0,0,0,0,-8000,0,0,0,1000,9000,-8000,-8000
049934,緯穎元大94購08  ,0,0,0,0,0,0,0,0,0,-8000,0,0,0,70000,78000,-8000,-8000
049306,元油2X凱基96購01,0,0,0,0,0,0,0,0,0,-8000,0,0,0,1000,9000,-8000,-8000
2069,運錩            ,3000,11000,-8000,0,0,0,0,0,0,0,0,0,0,0,0,0,-8000
2024,志聯            ,2000,10000,-8000,0,0,0,0,0,0,0,0,0,0,0,0,0,-8000
1618,合機            ,12000,21000,-9000,0,0,0,0,0,0,1000,1000,0,1000,0,0,0,-8000
08974P,可成群益02售02  ,0,0,0,0,0,0,0,0,0,-8000,0,0,0,0,8000,-8000,-8000
08539P,元油2X國票99售01,0,0,0,0,0,0,0,0,0,-8000,0,0,0,2000,10000,-8000,-8000
2358,廷鑫            ,8000,16000,-8000,0,0,0,0,0,0,0,0,0,0,0,0,0,-8000
3094,聯傑            ,24000,32000,-8000,0,0,0,0,0,0,0,0,0,0,0,0,0,-8000
05641P,貿聯元富96售02  ,0,0,0,0,0,0,0,0,0,-8000,0,0,0,0,8000,-8000,-8000
055149,國巨元大97購06  ,0,0,0,0,0,0,0,0,0,-8000,0,0,0,0,8000,-8000,-8000
05976P,國巨凱基96售14  ,0,0,0,0,0,0,0,0,0,-8000,0,0,0,11000,19000,-8000,-8000
4746,台耀            ,17000,28000,-11000,0,0,0,0,0,0,3000,3000,0,3000,0,0,0,-8000
4720,德淵            ,0,9000,-9000,0,0,0,0,0,0,1000,1000,0,1000,0,0,0,-8000
9927,泰銘            ,7000,15000,-8000,0,0,0,0,0,0,0,0,0,0,0,0,0,-8000
052616,鴻海國泰98購02  ,0,0,0,0,0,0,0,0,0,-9000,0,0,0,10000,19000,-9000,-9000
052461,和大統一95購01  ,1000,0,1000,0,0,0,0,0,0,-10000,0,0,0,156000,166000,-10000,-9000
053526,正崴中信96購01  ,0,0,0,0,0,0,0,0,0,-9000,0,0,0,0,9000,-9000,-9000
053185,友達中信99購01  ,0,0,0,0,0,0,0,0,0,-9000,0,0,0,89000,98000,-9000,-9000
053316,友達群益9A購01  ,0,0,0,0,0,0,0,0,0,-9000,0,0,0,50000,59000,-9000,-9000
053278,禾伸堂元大96購01,0,0,0,0,0,0,0,0,0,-9000,0,0,0,92000,101000,-9000,-9000
054348,康控國票97購03  ,0,0,0,0,0,0,0,0,0,-9000,0,0,0,102000,111000,-9000,-9000
054842,台達電兆豐98購01,0,0,0,0,0,0,0,0,0,-9000,0,0,0,1000,10000,-9000,-9000
053713,漢唐凱基96購04  ,0,0,0,0,0,0,0,0,0,-9000,0,0,0,0,9000,-9000,-9000
053948,大立光富邦99購04,0,0,0,0,0,0,0,0,0,-9000,0,0,0,23000,32000,-9000,-9000
054281,世芯群益97購01  ,0,0,0,0,0,0,0,0,0,-9000,0,0,0,1000,10000,-9000,-9000
045441,南亞科元富92購01,0,0,0,0,0,0,0,0,0,-9000,0,0,0,23000,32000,-9000,-9000
045288,元油2X元大95購02,0,0,0,0,0,0,0,0,0,-9000,0,0,0,1000,10000,-9000,-9000
045179,義隆永豐92購02  ,0,0,0,0,0,0,0,0,0,-9000,0,0,0,0,9000,-9000,-9000
04391P,玉晶光凱基95售03,0,0,0,0,0,0,0,0,0,-9000,0,0,0,31000,40000,-9000,-9000
044165,聯發科元大92購04,0,0,0,0,0,0,0,0,0,-9000,0,0,0,10000,19000,-9000,-9000
045638,強茂凱基93購02  ,0,0,0,0,0,0,0,0,0,-9000,0,0,0,16000,25000,-9000,-9000
043774,瑞昱兆豐92購01  ,0,0,0,0,0,0,0,0,0,-9000,0,0,0,70000,79000,-9000,-9000
04429P,和鑫元大94售01  ,0,0,0,0,0,0,0,0,0,-9000,0,0,0,0,9000,-9000,-9000
044253,美律麥證92購01  ,0,0,0,0,9000,-9000,0,0,0,-9000,0,0,0,0,9000,-9000,-9000
045459,致茂元大92購01  ,0,0,0,0,0,0,0,0,0,-9000,0,0,0,1000,10000,-9000,-9000
047440,聯發科元大93購14,0,0,0,0,0,0,0,0,0,-9000,0,0,0,1000,10000,-9000,-9000
048149,泰鼎元富95購01  ,0,0,0,0,0,0,0,0,0,-9000,0,0,0,0,9000,-9000,-9000
048825,華新科凱基94購05,0,0,0,0,0,0,0,0,0,-9000,0,0,0,1000,10000,-9000,-9000
048417,國巨統一94購01  ,0,0,0,0,0,0,0,0,0,-9000,0,0,0,4000,13000,-9000,-9000
049916,台光電元大94購06,0,0,0,0,0,0,0,0,0,-9000,0,0,0,4000,13000,-9000,-9000
049637,元石油凱基94購01,0,0,0,0,0,0,0,0,0,-9000,0,0,0,1000,10000,-9000,-9000
049546,正崴群益94購01  ,0,0,0,0,0,0,0,0,0,-9000,0,0,0,6000,15000,-9000,-9000
046694,智邦凱基93購01  ,0,0,0,0,0,0,0,0,0,-9000,0,0,0,59000,68000,-9000,-9000
045936,富邦金群益94購01,0,0,0,0,0,0,0,0,0,-9000,0,0,0,1000,10000,-9000,-9000
045986,南亞科永昌93購01,0,0,0,0,0,0,0,0,0,-9000,0,0,0,8000,17000,-9000,-9000
045992,鴻海富邦94購01  ,0,0,0,0,0,0,0,0,0,-9000,0,0,0,0,9000,-9000,-9000
046936,祥碩元富93購01  ,0,0,0,0,0,0,0,0,0,-9000,0,0,0,0,9000,-9000,-9000
047239,瀚宇博凱基94購01,0,0,0,0,0,0,0,0,0,-9000,0,0,0,0,9000,-9000,-9000
046435,聯發科群益92購06,0,0,0,0,0,0,0,0,0,-9000,0,0,0,16000,25000,-9000,-9000
046788,貿聯永豐93購01  ,0,0,0,0,0,0,0,0,0,-9000,0,0,0,437000,446000,-9000,-9000
048271,可成富邦95購02  ,0,0,0,0,0,0,0,0,0,-9000,0,0,0,7000,16000,-9000,-9000
048723,世紀鋼永豐94購02,0,0,0,0,0,0,0,0,0,-9000,0,0,0,11000,20000,-9000,-9000
047703,台積電凱基93購19,0,0,0,0,0,0,0,0,0,-9000,0,0,0,2000,11000,-9000,-9000
050066,華固凱基94購01  ,0,0,0,0,0,0,0,0,0,-9000,0,0,0,1000,10000,-9000,-9000
050130,華新科凱基94購09,0,0,0,0,0,0,0,0,0,-9000,0,0,0,31000,40000,-9000,-9000
05010P,台郡元富95售01  ,0,0,0,0,0,0,0,0,0,-9000,0,0,0,21000,30000,-9000,-9000
050918,南亞科日盛95購01,0,0,0,0,0,0,0,0,0,-9000,0,0,0,2000,11000,-9000,-9000
050964,晶技永豐95購02  ,0,0,0,0,0,0,0,0,0,-9000,0,0,0,1000,10000,-9000,-9000
050987,台泥富邦95購01  ,0,0,0,0,0,0,0,0,0,-9000,0,0,0,0,9000,-9000,-9000
050894,旺宏元大96購03  ,0,0,0,0,0,0,0,0,0,-9000,0,0,0,0,9000,-9000,-9000
050425,國巨凱基94購12  ,0,0,0,0,0,0,0,0,0,-9000,0,0,0,60000,69000,-9000,-9000
050414,泰鼎永豐94購04  ,0,0,0,0,0,0,0,0,0,-9000,0,0,0,32000,41000,-9000,-9000
051467,GIS富邦96購01   ,0,0,0,0,0,0,0,0,0,-9000,0,0,0,1000,10000,-9000,-9000
051974,華新科凱基96購05,0,0,0,0,0,0,0,0,0,-9000,0,0,0,51000,60000,-9000,-9000
051669,建準元大95購01  ,0,0,0,0,0,0,0,0,0,-9000,0,0,0,6000,15000,-9000,-9000
052092,貿聯元大96購02  ,0,0,0,0,0,0,0,0,0,-9000,0,0,0,1443000,1452000,-9000,-9000
6558,興能高          ,93000,101000,-8000,0,0,0,0,0,0,-1000,0,1000,-1000,0,0,0,-9000
8104,錸寶            ,5000,13000,-8000,0,0,0,0,0,0,-1000,0,1000,-1000,0,0,0,-9000
6277,宏正            ,8000,19000,-11000,0,0,0,0,0,0,2000,2000,0,2000,0,0,0,-9000
5515,建國            ,2000,11000,-9000,0,0,0,0,0,0,0,0,0,0,0,0,0,-9000
05849P,臺股指元大96售25,0,0,0,0,0,0,0,0,0,-9000,0,0,0,19000,28000,-9000,-9000
06101P,聯發科日盛97售03,0,0,0,0,0,0,0,0,0,-9000,0,0,0,12000,21000,-9000,-9000
06138P,台積電中信99售01,0,0,0,0,0,0,0,0,0,-9000,0,0,0,0,9000,-9000,-9000
06041P,全新永豐96售03  ,0,0,0,0,0,0,0,0,0,-9000,0,0,0,31000,40000,-9000,-9000
05781P,臺股指統一99售02,0,0,0,0,0,0,0,0,0,-9000,0,0,0,0,9000,-9000,-9000
2438,翔耀            ,3000,0,3000,0,0,0,0,0,0,-12000,0,12000,-12000,0,0,0,-9000
1452,宏益            ,2000,11000,-9000,0,0,0,0,0,0,0,0,0,0,0,0,0,-9000
1524,耿鼎            ,0,9000,-9000,0,0,0,0,0,0,0,0,0,0,0,0,0,-9000
1708,東鹼            ,6000,15000,-9000,0,0,0,0,0,0,0,0,0,0,0,0,0,-9000
1592,英瑞-KY         ,9000,18000,-9000,0,0,0,0,0,0,0,0,0,0,0,0,0,-9000
2013,中鋼構          ,7000,16000,-9000,0,0,0,0,0,0,0,0,0,0,0,0,0,-9000
054225,華新元富96購01  ,0,0,0,0,0,0,0,0,0,-10000,0,0,0,0,10000,-10000,-10000
054241,深中小元大98購01,0,0,0,0,0,0,0,0,0,-10000,0,0,0,0,10000,-10000,-10000
054183,亞光康和96購01  ,0,0,0,0,0,0,0,0,0,-10000,0,0,0,10000,20000,-10000,-10000
054185,喬山永豐96購02  ,0,0,0,0,0,0,0,0,0,-10000,0,0,0,0,10000,-10000,-10000
054075,GIS富邦97購02   ,0,0,0,0,0,0,0,0,0,-10000,0,0,0,0,10000,-10000,-10000
05405P,大立光群益95售04,0,0,0,0,0,0,0,0,0,-10000,0,0,0,0,10000,-10000,-10000
054106,元油反凱基9C購01,0,0,0,0,0,0,0,0,0,-10000,0,0,0,0,10000,-10000,-10000
054112,台積電麥證96購02,0,0,0,10000,26000,-16000,0,0,0,-10000,0,0,0,16000,26000,-10000,-10000
054027,欣興凱基96購04  ,0,0,0,0,0,0,0,0,0,-10000,0,0,0,0,10000,-10000,-10000
054031,中鋼中信98購01  ,0,0,0,0,0,0,0,0,0,-10000,0,0,0,0,10000,-10000,-10000
054040,中石化元大9C購01,0,0,0,0,0,0,0,0,0,-10000,0,0,0,0,10000,-10000,-10000
054041,鴻海元大96購22  ,0,0,0,0,0,0,0,0,0,-10000,0,0,0,102000,112000,-10000,-10000
05398P,康控國票96售03  ,0,0,0,0,0,0,0,0,0,-10000,0,0,0,0,10000,-10000,-10000
053994,微星群益96購01  ,0,0,0,0,0,0,0,0,0,-10000,0,0,0,10000,20000,-10000,-10000
05390P,康友群益95售04  ,0,0,0,0,0,0,0,0,0,-10000,0,0,0,0,10000,-10000,-10000
053850,嘉澤元富96購03  ,0,0,0,0,0,0,0,0,0,-10000,0,0,0,0,10000,-10000,-10000
053718,全新凱基97購02  ,0,0,0,0,0,0,0,0,0,-10000,0,0,0,0,10000,-10000,-10000
053662,矽力凱基97購01  ,0,0,0,0,0,0,0,0,0,-10000,0,0,0,0,10000,-10000,-10000
053676,新光金國泰98購02,0,0,0,0,0,0,0,0,0,-10000,0,0,0,14000,24000,-10000,-10000
053741,漢唐國票97購03  ,0,0,0,0,0,0,0,0,0,-10000,0,0,0,0,10000,-10000,-10000
053726,TPK凱基96購02   ,0,0,0,0,0,0,0,0,0,-10000,0,0,0,20000,30000,-10000,-10000
053780,南亞科元大96購03,0,0,0,0,0,0,0,0,0,-10000,0,0,0,8000,18000,-10000,-10000
053772,大成鋼元大96購02,0,0,0,0,0,0,0,0,0,-10000,0,0,0,0,10000,-10000,-10000
053773,上銀元大96購04  ,0,0,0,0,0,0,0,0,0,-10000,0,0,0,3000,13000,-10000,-10000
054844,華邦電兆豐98購01,0,0,0,0,0,0,0,0,0,-10000,0,0,0,0,10000,-10000,-10000
054858,台肥群益97購01  ,0,0,0,0,0,0,0,0,0,-10000,0,0,0,0,10000,-10000,-10000
054846,瑞昱兆豐97購01  ,0,0,0,0,0,0,0,0,0,-10000,0,0,0,0,10000,-10000,-10000
054836,勤誠中信97購01  ,0,0,0,0,0,0,0,0,0,-10000,0,0,0,0,10000,-10000,-10000
054832,興勤中信97購01  ,0,0,0,0,0,0,0,0,0,-10000,0,0,0,0,10000,-10000,-10000
054888,泰碩統一97購01  ,0,0,0,0,0,0,0,0,0,-10000,0,0,0,0,10000,-10000,-10000
054882,台光電統一97購02,0,0,0,0,0,0,0,0,0,-10000,0,0,0,20000,30000,-10000,-10000
054975,福懋科元大97購01,0,0,0,0,0,0,0,0,0,-10000,0,0,0,0,10000,-10000,-10000
055011,元翎元富97購01  ,0,0,0,0,0,0,0,0,0,-10000,0,0,0,0,10000,-10000,-10000
054764,亞光國票98購01  ,0,0,0,0,0,0,0,0,0,-10000,0,0,0,3000,13000,-10000,-10000
054747,麗豐凱基98購01  ,0,0,0,0,0,0,0,0,0,-10000,0,0,0,0,10000,-10000,-10000
054750,聯茂凱基98購02  ,0,0,0,0,0,0,0,0,0,-10000,0,0,0,42000,52000,-10000,-10000
054755,世紀鋼凱基98購01,0,0,0,0,0,0,0,0,0,-10000,0,0,0,0,10000,-10000,-10000
05475P,聯茂亞東95售01  ,0,0,0,0,0,0,0,0,0,-10000,0,0,0,0,10000,-10000,-10000
054627,義隆凱基98購01  ,0,0,0,0,0,0,0,0,0,-10000,0,0,0,0,10000,-10000,-10000
054675,美律台新98購01  ,0,0,0,0,0,0,0,0,0,-10000,0,0,0,10000,20000,-10000,-10000
054334,超眾永豐96購04  ,0,0,0,0,0,0,0,0,0,-10000,0,0,0,0,10000,-10000,-10000
054391,宏達電元富96購04,0,0,0,0,0,0,0,0,0,-10000,0,0,0,0,10000,-10000,-10000
054389,為升元富96購02  ,0,0,0,0,0,0,0,0,0,-10000,0,0,0,0,10000,-10000,-10000
054372,南亞科中信96購01,0,0,0,0,0,0,0,0,0,-10000,0,0,0,10000,20000,-10000,-10000
054437,欣興台新97購02  ,0,0,0,0,0,0,0,0,0,-10000,0,0,0,38000,48000,-10000,-10000
054414,全新元大97購02  ,0,0,0,0,0,0,0,0,0,-10000,0,0,0,68000,78000,-10000,-10000
054595,正崴麥證97購01  ,0,0,0,0,10000,-10000,0,0,0,-10000,0,0,0,0,10000,-10000,-10000
054486,漢唐台新96購01  ,0,0,0,0,0,0,0,0,0,-10000,0,0,0,0,10000,-10000,-10000
054487,京元電台新97購01,0,0,0,0,0,0,0,0,0,-10000,0,0,0,0,10000,-10000,-10000
053330,燿華永豐96購03  ,0,0,0,0,0,0,0,0,0,-10000,0,0,0,0,10000,-10000,-10000
053310,彩晶凱基98購02  ,0,0,0,0,0,0,0,0,0,-10000,0,0,0,25000,35000,-10000,-10000
053183,大立光元富96購03,0,0,0,0,0,0,0,0,0,-10000,0,0,0,20000,30000,-10000,-10000
053170,茂林群益96購04  ,0,0,0,0,0,0,0,0,0,-10000,0,0,0,0,10000,-10000,-10000
053171,中磊群益96購01  ,0,0,0,0,0,0,0,0,0,-10000,0,0,0,31000,41000,-10000,-10000
053201,美律日盛96購01  ,0,0,0,0,0,0,0,0,0,-10000,0,0,0,0,10000,-10000,-10000
053535,宏達電永豐96購02,0,0,0,0,0,0,0,0,0,-10000,0,0,0,0,10000,-10000,-10000
053566,大立光富邦99購03,0,0,0,0,0,0,0,0,0,-10000,0,0,0,0,10000,-10000,-10000
05361P,聯發科富邦97售01,0,0,0,0,0,0,0,0,0,-10000,0,0,0,0,10000,-10000,-10000
053611,聯茂麥證96購01  ,0,0,0,101000,110000,-9000,0,0,0,-10000,0,0,0,101000,111000,-10000,-10000
053477,大立光元大97購03,0,0,0,0,0,0,0,0,0,-10000,0,0,0,0,10000,-10000,-10000
053461,台郡永昌99購01  ,0,0,0,0,0,0,0,0,0,-10000,0,0,0,0,10000,-10000,-10000
053463,可成富邦98購01  ,0,0,0,0,0,0,0,0,0,-10000,0,0,0,35000,45000,-10000,-10000
053450,同欣電凱基96購02,0,0,0,0,0,0,0,0,0,-10000,0,0,0,53000,63000,-10000,-10000
053335,易華電永豐96購01,0,0,0,0,0,0,0,0,0,-10000,0,0,0,0,10000,-10000,-10000
053389,彩晶元大98購01  ,0,0,0,0,0,0,0,0,0,-10000,0,0,0,20000,30000,-10000,-10000
052445,南亞科元大95購05,0,0,0,0,0,0,0,0,0,-10000,0,0,0,92000,102000,-10000,-10000
052515,矽力凱基95購02  ,0,0,0,0,0,0,0,0,0,-10000,0,0,0,0,10000,-10000,-10000
052519,旺宏元大95購05  ,0,0,0,0,0,0,0,0,0,-10000,0,0,0,210000,220000,-10000,-10000
052355,為升永豐95購02  ,0,0,0,0,0,0,0,0,0,-10000,0,0,0,10000,20000,-10000,-10000
052417,聯發科兆豐9B購01,0,0,0,0,0,0,0,0,0,-10000,0,0,0,0,10000,-10000,-10000
052619,茂林國泰99購01  ,0,0,0,0,0,0,0,0,0,-10000,0,0,0,20000,30000,-10000,-10000
052606,聯發科元大97購04,0,0,0,0,0,0,0,0,0,-10000,0,0,0,613000,623000,-10000,-10000
052636,大立光凱基96購10,0,0,0,0,0,0,0,0,0,-10000,0,0,0,20000,30000,-10000,-10000
052637,欣興凱基97購01  ,0,0,0,0,0,0,0,0,0,-10000,0,0,0,0,10000,-10000,-10000
052656,力山元富96購01  ,0,0,0,0,0,0,0,0,0,-10000,0,0,0,0,10000,-10000,-10000
052667,漢唐群益96購01  ,0,0,0,0,0,0,0,0,0,-10000,0,0,0,0,10000,-10000,-10000
052647,晶技永豐97購01  ,0,0,0,0,0,0,0,0,0,-10000,0,0,0,0,10000,-10000,-10000
052554,正崴國票97購01  ,0,0,0,0,0,0,0,0,0,-10000,0,0,0,0,10000,-10000,-10000
052839,上海銀國泰97購01,0,0,0,0,0,0,0,0,0,-10000,0,0,0,0,10000,-10000,-10000
052736,T50反1元大96購05,0,0,0,0,0,0,0,0,0,-10000,0,0,0,0,10000,-10000,-10000
052693,微星中信96購01  ,0,0,0,0,0,0,0,0,0,-10000,0,0,0,0,10000,-10000,-10000
052939,富邦金兆豐96購01,0,0,0,0,0,0,0,0,0,-10000,0,0,0,50000,60000,-10000,-10000
052997,國巨康和96購01  ,0,0,0,0,0,0,0,0,0,-10000,0,0,0,1000,11000,-10000,-10000
052927,友達元大98購02  ,0,0,0,0,0,0,0,0,0,-10000,0,0,0,0,10000,-10000,-10000
045461,廣達元大92購01  ,0,0,0,0,0,0,0,0,0,-10000,0,0,0,0,10000,-10000,-10000
045457,光磊元大93購01  ,0,0,0,0,0,0,0,0,0,-10000,0,0,0,0,10000,-10000,-10000
045502,聯詠凱基92購04  ,0,0,0,0,0,0,0,0,0,-10000,0,0,0,10000,20000,-10000,-10000
045525,智邦永豐92購01  ,0,0,0,0,0,0,0,0,0,-10000,0,0,0,0,10000,-10000,-10000
045567,滬深2X富邦93購01,0,0,0,0,0,0,0,0,0,-10000,0,0,0,0,10000,-10000,-10000
045620,傳奇永豐92購01  ,0,0,0,0,0,0,0,0,0,-10000,0,0,0,0,10000,-10000,-10000
044695,國巨元大93購03  ,0,0,0,0,0,0,0,0,0,-10000,0,0,0,0,10000,-10000,-10000
041528,國泰金中信93購01,0,0,0,0,0,0,0,0,0,-10000,0,0,0,7000,17000,-10000,-10000
041851,台積電元大92購01,0,0,0,0,0,0,0,0,0,-10000,0,0,0,0,10000,-10000,-10000
044517,新日興凱基91購01,0,0,0,0,0,0,0,0,0,-10000,0,0,0,0,10000,-10000,-10000
045446,鴻海國泰94購01  ,0,0,0,0,0,0,0,0,0,-10000,0,0,0,35000,45000,-10000,-10000
045455,鴻海元大92購08  ,0,0,0,0,0,0,0,0,0,-10000,0,0,0,40000,50000,-10000,-10000
044528,元油2X國泰92購02,0,0,0,0,0,0,0,0,0,-10000,0,0,0,0,10000,-10000,-10000
044568,台積電凱基91購19,0,0,0,0,0,0,0,0,0,-10000,0,0,0,20000,30000,-10000,-10000
044571,南亞科凱基91購11,0,0,0,0,0,0,0,0,0,-10000,0,0,0,0,10000,-10000,-10000
04063P,臺股指兆豐93售02,0,0,0,0,0,0,0,0,0,-10000,0,0,0,0,10000,-10000,-10000
042566,新光金凱基91購02,0,0,0,0,0,0,0,0,0,-10000,0,0,0,0,10000,-10000,-10000
043749,南亞科元大91購07,0,0,0,0,0,0,0,0,0,-10000,0,0,0,0,10000,-10000,-10000
041042,美律群益92購01  ,0,0,0,0,0,0,0,0,0,-10000,0,0,0,0,10000,-10000,-10000
043672,易華電元大93購02,0,0,0,0,0,0,0,0,0,-10000,0,0,0,0,10000,-10000,-10000
043534,日月光亞東91購01,0,0,0,0,0,0,0,0,0,-10000,0,0,0,0,10000,-10000,-10000
043484,TPK群益93購01   ,0,0,0,0,0,0,0,0,0,-10000,0,0,0,10000,20000,-10000,-10000
04353P,全新永豐94售01  ,0,0,0,0,0,0,0,0,0,-10000,0,0,0,0,10000,-10000,-10000
043616,南亞科亞東91購01,0,0,0,0,0,0,0,0,0,-10000,0,0,0,0,10000,-10000,-10000
041912,上緯控元大92購01,0,0,0,0,0,0,0,0,0,-10000,0,0,0,0,10000,-10000,-10000
043631,華新科凱基91購06,0,0,0,0,0,0,0,0,0,-10000,0,0,0,0,10000,-10000,-10000
043652,微星國泰93購01  ,0,0,0,0,0,0,0,0,0,-10000,0,0,0,10000,20000,-10000,-10000
042145,TPK元大91購01   ,0,0,0,0,0,0,0,0,0,-10000,0,0,0,0,10000,-10000,-10000
042195,元石油元大93購01,0,0,0,0,0,0,0,0,0,-10000,0,0,0,0,10000,-10000,-10000
042282,亞德客富邦91購01,0,0,0,0,0,0,0,0,0,-10000,0,0,0,0,10000,-10000,-10000
00647L,元大S&P500正2   ,1000,0,1000,0,0,0,0,0,0,-11000,0,0,0,2000,13000,-11000,-10000
00771,元大US高息特別股,0,0,0,0,0,0,0,0,0,-10000,0,0,0,5000,15000,-10000,-10000
00717,富邦美國特別股  ,0,0,0,0,0,0,0,0,0,-10000,0,0,0,593000,603000,-10000,-10000
03674P,同欣電元富92售03,0,0,0,0,0,0,0,0,0,-10000,0,0,0,0,10000,-10000,-10000
03820P,聯詠統一93售04  ,0,0,0,0,0,0,0,0,0,-10000,0,0,0,0,10000,-10000,-10000
03822P,創意元富93售02  ,0,0,0,0,0,0,0,0,0,-10000,0,0,0,0,10000,-10000,-10000
03085P,台積電元大01售34,0,0,0,0,0,0,0,0,0,-10000,0,0,0,0,10000,-10000,-10000
03035X,元展32          ,0,0,0,0,0,0,0,0,0,-10000,0,0,0,0,10000,-10000,-10000
03421B,臺股指元大99熊01,0,0,0,0,0,0,0,0,0,-10000,0,0,0,5000,15000,-10000,-10000
03334P,宏達電元大02售04,0,0,0,0,0,0,0,0,0,-10000,0,0,0,0,10000,-10000,-10000
03318P,台積電元富08售12,0,0,0,0,0,0,0,0,0,-10000,0,0,0,0,10000,-10000,-10000
03257P,聯電永豐02售01  ,0,0,0,0,0,0,0,0,0,-10000,0,0,0,0,10000,-10000,-10000
03576P,台灣50元富06售01,0,0,0,0,0,0,0,0,0,-10000,0,0,0,0,10000,-10000,-10000
03832P,臺股指中信95售03,0,0,0,0,0,0,0,0,0,-10000,0,0,0,0,10000,-10000,-10000
043356,聯詠國票92購01  ,0,0,0,0,0,0,0,0,0,-10000,0,0,0,0,10000,-10000,-10000
043394,易華電元大94購01,0,0,0,0,0,0,0,0,0,-10000,0,0,0,10000,20000,-10000,-10000
03879P,智邦永豐93售01  ,0,0,0,0,0,0,0,0,0,-10000,0,0,0,0,10000,-10000,-10000
03887P,大立光元富93售02,0,0,0,0,0,0,0,0,0,-10000,0,0,0,0,10000,-10000,-10000
043234,緯穎中信93購01  ,0,0,0,0,0,0,0,0,0,-10000,0,0,0,0,10000,-10000,-10000
043175,傳奇國泰93購01  ,0,0,0,0,0,0,0,0,0,-10000,0,0,0,0,10000,-10000,-10000
043144,台肥統一93購01  ,0,0,0,0,0,0,0,0,0,-10000,0,0,0,0,10000,-10000,-10000
044266,亞德客中信91購01,0,0,0,0,0,0,0,0,0,-10000,0,0,0,0,10000,-10000,-10000
044468,台積電群益93購01,0,0,0,0,0,0,0,0,0,-10000,0,0,0,0,10000,-10000,-10000
044423,元油2X國泰92購01,0,0,0,0,0,0,0,0,0,-10000,0,0,0,0,10000,-10000,-10000
044416,台光電統一91購03,0,0,0,0,0,0,0,0,0,-10000,0,0,0,10000,20000,-10000,-10000
044342,亞德客國泰92購01,0,0,0,0,0,0,0,0,0,-10000,0,0,0,0,10000,-10000,-10000
044339,亞光統一91購01  ,0,0,0,0,0,0,0,0,0,-10000,0,0,0,109000,119000,-10000,-10000
044943,旺宏群益93購03  ,0,0,0,0,0,0,0,0,0,-10000,0,0,0,0,10000,-10000,-10000
044923,TPK永豐91購04   ,0,0,0,0,0,0,0,0,0,-10000,0,0,0,0,10000,-10000,-10000
044925,漢唐國泰93購01  ,0,0,0,0,0,0,0,0,0,-10000,0,0,0,5000,15000,-10000,-10000
043984,京元電元大91購04,0,0,0,0,0,0,0,0,0,-10000,0,0,0,0,10000,-10000,-10000
043985,華新科元大91購08,0,0,0,0,0,0,0,0,0,-10000,0,0,0,0,10000,-10000,-10000
044482,訊芯統一91購01  ,0,0,0,0,0,0,0,0,0,-10000,0,0,0,0,10000,-10000,-10000
045711,亞德客凱基92購02,0,0,0,0,0,0,0,0,0,-10000,0,0,0,0,10000,-10000,-10000
045667,台積電元富93購01,0,0,0,0,0,0,0,0,0,-10000,0,0,0,0,10000,-10000,-10000
045644,祥碩凱基92購01  ,0,0,0,0,0,0,0,0,0,-10000,0,0,0,3000,13000,-10000,-10000
045652,緯穎凱基92購01  ,0,0,0,0,0,0,0,0,0,-10000,0,0,0,0,10000,-10000,-10000
045634,友達凱基93購02  ,0,0,0,0,0,0,0,0,0,-10000,0,0,0,0,10000,-10000,-10000
044746,智易群益93購01  ,0,0,0,0,0,0,0,0,0,-10000,0,0,0,0,10000,-10000,-10000
044716,上銀麥證93購01  ,0,0,0,10000,20000,-10000,0,0,0,-10000,0,0,0,10000,20000,-10000,-10000
044754,漢唐凱基91購05  ,0,0,0,0,0,0,0,0,0,-10000,0,0,0,0,10000,-10000,-10000
04413P,玉晶光元富94售01,0,0,0,0,0,0,0,0,0,-10000,0,0,0,0,10000,-10000,-10000
044141,旺宏群益91購02  ,0,0,0,0,0,0,0,0,0,-10000,0,0,0,0,10000,-10000,-10000
044129,群創凱基93購02  ,0,0,0,0,0,0,0,0,0,-10000,0,0,0,1000,11000,-10000,-10000
044106,瀚宇博中信91購01,0,0,0,0,0,0,0,0,0,-10000,0,0,0,10000,20000,-10000,-10000
043965,宏盛國泰92購01  ,0,0,0,0,0,0,0,0,0,-10000,0,0,0,0,10000,-10000,-10000
04392P,牧德凱基94售05  ,0,0,0,0,0,0,0,0,0,-10000,0,0,0,0,10000,-10000,-10000
04393P,牧德凱基94售06  ,0,0,0,0,0,0,0,0,0,-10000,0,0,0,0,10000,-10000,-10000
043921,台表科凱基93購01,0,0,0,0,0,0,0,0,0,-10000,0,0,0,0,10000,-10000,-10000
043911,可成凱基91購05  ,0,0,0,0,0,0,0,0,0,-10000,0,0,0,0,10000,-10000,-10000
044911,和碩凱基91購01  ,0,0,0,0,0,0,0,0,0,-10000,0,0,0,0,10000,-10000,-10000
044904,聯詠凱基91購04  ,0,0,0,0,0,0,0,0,0,-10000,0,0,0,0,10000,-10000,-10000
043851,國泰金永昌93購01,0,0,0,0,0,0,0,0,0,-10000,0,0,0,0,10000,-10000,-10000
045249,亞德客凱基93購01,0,0,0,0,0,0,0,0,0,-10000,0,0,0,0,10000,-10000,-10000
045247,遠東新凱基92購01,0,0,0,0,0,0,0,0,0,-10000,0,0,0,0,10000,-10000,-10000
045298,旺宏元大94購01  ,0,0,0,0,0,0,0,0,0,-10000,0,0,0,0,10000,-10000,-10000
045276,臻鼎統一92購01  ,0,0,0,0,0,0,0,0,0,-10000,0,0,0,0,10000,-10000,-10000
045270,南電凱基92購03  ,0,0,0,0,0,0,0,0,0,-10000,0,0,0,0,10000,-10000,-10000
045148,友達凱基92購01  ,0,0,0,0,0,0,0,0,0,-10000,0,0,0,0,10000,-10000,-10000
045167,玉晶光富邦92購01,0,0,0,0,0,0,0,0,0,-10000,0,0,0,40000,50000,-10000,-10000
045199,可成凱基92購02  ,0,0,0,0,0,0,0,0,0,-10000,0,0,0,4000,14000,-10000,-10000
045182,瑞昱統一92購05  ,0,0,0,0,0,0,0,0,0,-10000,0,0,0,16000,26000,-10000,-10000
045119,美律元大92購06  ,0,0,0,0,0,0,0,0,0,-10000,0,0,0,0,10000,-10000,-10000
045130,瑞昱統一92購01  ,0,0,0,0,0,0,0,0,0,-10000,0,0,0,25000,35000,-10000,-10000
045785,揚明光元大93購04,0,0,0,0,0,0,0,0,0,-10000,0,0,0,0,10000,-10000,-10000
045821,聯詠凱基92購06  ,0,0,0,0,0,0,0,0,0,-10000,0,0,0,10000,20000,-10000,-10000
045433,康友永豐92購01  ,0,0,0,0,0,0,0,0,0,-10000,0,0,0,0,10000,-10000,-10000
045425,可成凱基92購07  ,0,0,0,0,0,0,0,0,0,-10000,0,0,0,0,10000,-10000,-10000
045392,滬深2X國泰93購01,0,0,0,0,0,0,0,0,0,-10000,0,0,0,0,10000,-10000,-10000
045323,可成統一92購03  ,0,0,0,0,0,0,0,0,0,-10000,0,0,0,0,10000,-10000,-10000
045342,台光電凱基92購03,0,0,0,0,0,0,0,0,0,-10000,0,0,0,0,10000,-10000,-10000
045345,新光金凱基92購01,0,0,0,0,0,0,0,0,0,-10000,0,0,0,0,10000,-10000,-10000
045355,聯鈞凱基92購01  ,0,0,0,0,0,0,0,0,0,-10000,0,0,0,70000,80000,-10000,-10000
045356,智易凱基92購01  ,0,0,0,0,0,0,0,0,0,-10000,0,0,0,0,10000,-10000,-10000
045052,聯發科元富92購01,0,0,0,0,0,0,0,0,0,-10000,0,0,0,1000,11000,-10000,-10000
045042,亞泥凱基92購01  ,0,0,0,0,0,0,0,0,0,-10000,0,0,0,0,10000,-10000,-10000
045828,緯穎凱基92購03  ,0,0,0,0,0,0,0,0,0,-10000,0,0,0,0,10000,-10000,-10000
047847,鴻海統一93購07  ,0,0,0,0,0,0,0,0,0,-10000,0,0,0,0,10000,-10000,-10000
047829,旺宏元大93購06  ,0,0,0,0,0,0,0,0,0,-10000,0,0,0,0,10000,-10000,-10000
048568,緯穎元大93購06  ,0,0,0,0,0,0,0,0,0,-10000,0,0,0,7000,17000,-10000,-10000
048562,宏達電元大95購01,0,0,0,0,0,0,0,0,0,-10000,0,0,0,0,10000,-10000,-10000
048603,中磊國票94購02  ,0,0,0,0,0,0,0,0,0,-10000,0,0,0,0,10000,-10000,-10000
048834,牧德凱基94購01  ,0,0,0,0,0,0,0,0,0,-10000,0,0,0,0,10000,-10000,-10000
048584,欣興富邦95購01  ,0,0,0,0,0,0,0,0,0,-10000,0,0,0,20000,30000,-10000,-10000
048886,慧洋元富94購01  ,0,0,0,0,0,0,0,0,0,-10000,0,0,0,0,10000,-10000,-10000
048598,瑞昱國票93購03  ,0,0,0,0,0,0,0,0,0,-10000,0,0,0,0,10000,-10000,-10000
048923,國巨永豐94購02  ,0,0,0,0,0,0,0,0,0,-10000,0,0,0,63000,73000,-10000,-10000
049019,美律群益94購02  ,0,0,0,0,0,0,0,0,0,-10000,0,0,0,48000,58000,-10000,-10000
048994,南電元大94購03  ,0,0,0,0,0,0,0,0,0,-10000,0,0,0,0,10000,-10000,-10000
049000,元油2X中信95購02,0,0,0,0,0,0,0,0,0,-10000,0,0,0,0,10000,-10000,-10000
047711,華新科凱基94購03,0,0,0,0,0,0,0,0,0,-10000,0,0,0,0,10000,-10000,-10000
047746,宏碁元富93購01  ,0,0,0,0,0,0,0,0,0,-10000,0,0,0,0,10000,-10000,-10000
047792,美利達群益93購02,0,0,0,0,0,0,0,0,0,-10000,0,0,0,1000,11000,-10000,-10000
047785,嘉聯益第一93購01,0,0,0,0,0,0,0,0,0,-10000,0,0,0,21000,31000,-10000,-10000
047814,宏達電凱基93購02,0,0,0,0,0,0,0,0,0,-10000,0,0,0,0,10000,-10000,-10000
047480,全新凱基93購01  ,0,0,0,0,0,0,0,0,0,-10000,0,0,0,0,10000,-10000,-10000
047481,可成凱基93購08  ,0,0,0,0,0,0,0,0,0,-10000,0,0,0,70000,80000,-10000,-10000
048055,燿華國泰95購02  ,0,0,0,0,0,0,0,0,0,-10000,0,0,0,21000,31000,-10000,-10000
048056,全新國泰94購02  ,0,0,0,0,0,0,0,0,0,-10000,0,0,0,80000,90000,-10000,-10000
048719,亞光永豐94購01  ,0,0,0,0,0,0,0,0,0,-10000,0,0,0,4000,14000,-10000,-10000
048683,日月光富邦93購01,0,0,0,0,0,0,0,0,0,-10000,0,0,0,0,10000,-10000,-10000
048091,漢唐凱基93購03  ,0,0,0,0,0,0,0,0,0,-10000,0,0,0,0,10000,-10000,-10000
048282,世紀鋼永豐94購01,0,0,0,0,0,0,0,0,0,-10000,0,0,0,0,10000,-10000,-10000
048325,美利達凱基93購05,0,0,0,0,0,0,0,0,0,-10000,0,0,0,0,10000,-10000,-10000
048731,創意麥證94購01  ,0,0,0,0,10000,-10000,0,0,0,-10000,0,0,0,0,10000,-10000,-10000
048249,嘉澤兆豐94購01  ,0,0,0,0,0,0,0,0,0,-10000,0,0,0,0,10000,-10000,-10000
048244,廣宇兆豐93購01  ,0,0,0,0,0,0,0,0,0,-10000,0,0,0,0,10000,-10000,-10000
048245,台積電兆豐93購07,0,0,0,0,0,0,0,0,0,-10000,0,0,0,0,10000,-10000,-10000
046502,建準元大92購04  ,0,0,0,0,0,0,0,0,0,-10000,0,0,0,0,10000,-10000,-10000
04726P,TPK凱基94售04   ,0,0,0,0,0,0,0,0,0,-10000,0,0,0,74000,84000,-10000,-10000
047290,台積電元富93購04,0,0,0,0,0,0,0,0,0,-10000,0,0,0,0,10000,-10000,-10000
047589,奇鋐永豐93購01  ,0,0,0,0,0,0,0,0,0,-10000,0,0,0,0,10000,-10000,-10000
047544,台積電凱基93購17,0,0,0,0,0,0,0,0,0,-10000,0,0,0,2000,12000,-10000,-10000
047660,南茂麥證93購02  ,0,0,0,10000,20000,-10000,0,0,0,-10000,0,0,0,10000,20000,-10000,-10000
047598,深中小統一94購01,0,0,0,0,0,0,0,0,0,-10000,0,0,0,60000,70000,-10000,-10000
046933,台泥元富93購01  ,0,0,0,0,0,0,0,0,0,-10000,0,0,0,0,10000,-10000,-10000
046927,上銀富邦95購01  ,0,0,0,0,0,0,0,0,0,-10000,0,0,0,2000,12000,-10000,-10000
046905,新光金凱基99購01,0,0,0,0,0,0,0,0,0,-10000,0,0,0,0,10000,-10000,-10000
046947,禾伸堂元大93購01,0,0,0,0,0,0,0,0,0,-10000,0,0,0,0,10000,-10000,-10000
046958,鴻海中信93購01  ,0,0,0,0,0,0,0,0,0,-10000,0,0,0,0,10000,-10000,-10000
046959,技嘉中信93購01  ,0,0,0,0,0,0,0,0,0,-10000,0,0,0,0,10000,-10000,-10000
046829,義隆群益93購01  ,0,0,0,0,0,0,0,0,0,-10000,0,0,0,0,10000,-10000,-10000
046865,鴻海統一95購01  ,0,0,0,0,0,0,0,0,0,-10000,0,0,0,0,10000,-10000,-10000
046824,祥碩凱基93購06  ,0,0,0,0,0,0,0,0,0,-10000,0,0,0,0,10000,-10000,-10000
045963,新光金凱基93購01,0,0,0,0,0,0,0,0,0,-10000,0,0,0,0,10000,-10000,-10000
045939,緯穎群益92購03  ,0,0,0,0,0,0,0,0,0,-10000,0,0,0,10000,20000,-10000,-10000
046013,緯穎元富92購01  ,0,0,0,0,0,0,0,0,0,-10000,0,0,0,80000,90000,-10000,-10000
046736,儒鴻群益93購01  ,0,0,0,0,0,0,0,0,0,-10000,0,0,0,20000,30000,-10000,-10000
046742,智原日盛93購01  ,0,0,0,0,0,0,0,0,0,-10000,0,0,0,0,10000,-10000,-10000
047033,日月光中信95購01,0,0,0,0,0,0,0,0,0,-10000,0,0,0,0,10000,-10000,-10000
047184,漢唐元大94購02  ,0,0,0,0,0,0,0,0,0,-10000,0,0,0,0,10000,-10000,-10000
047213,新日興富邦97購01,0,0,0,0,0,0,0,0,0,-10000,0,0,0,66000,76000,-10000,-10000
048611,宏達電凱基93購04,0,0,0,0,0,0,0,0,0,-10000,0,0,0,0,10000,-10000,-10000
048640,南亞科元大93購06,0,0,0,0,0,0,0,0,0,-10000,0,0,0,0,10000,-10000,-10000
048627,T50反1元大96購02,0,0,0,0,0,0,0,0,0,-10000,0,0,0,0,10000,-10000,-10000
047121,訊芯元大93購03  ,0,0,0,0,0,0,0,0,0,-10000,0,0,0,0,10000,-10000,-10000
047122,康友元大93購02  ,0,0,0,0,0,0,0,0,0,-10000,0,0,0,0,10000,-10000,-10000
047124,華新中信93購01  ,0,0,0,0,0,0,0,0,0,-10000,0,0,0,10000,20000,-10000,-10000
047130,台達電凱基93購03,0,0,0,0,0,0,0,0,0,-10000,0,0,0,0,10000,-10000,-10000
046409,富邦金元大92購02,0,0,0,0,0,0,0,0,0,-10000,0,0,0,0,10000,-10000,-10000
046401,華泰元大92購02  ,0,0,0,0,0,0,0,0,0,-10000,0,0,0,0,10000,-10000,-10000
046416,聯詠元大92購05  ,0,0,0,0,0,0,0,0,0,-10000,0,0,0,0,10000,-10000,-10000
049033,大成鋼兆豐94購01,0,0,0,0,0,0,0,0,0,-10000,0,0,0,0,10000,-10000,-10000
046312,可成元大92購10  ,0,0,0,0,0,0,0,0,0,-10000,0,0,0,0,10000,-10000,-10000
046303,台積電元大92購25,0,0,0,0,0,0,0,0,0,-10000,0,0,0,0,10000,-10000,-10000
049072,台積電凱基94購08,0,0,0,0,0,0,0,0,0,-10000,0,0,0,10000,20000,-10000,-10000
049099,華新科國泰95購02,0,0,0,0,0,0,0,0,0,-10000,0,0,0,0,10000,-10000,-10000
049157,矽創元大95購01  ,0,0,0,0,0,0,0,0,0,-10000,0,0,0,18000,28000,-10000,-10000
046089,南亞科兆豐92購01,0,0,0,0,0,0,0,0,0,-10000,0,0,0,40000,50000,-10000,-10000
046156,光磊群益92購01  ,0,0,0,0,0,0,0,0,0,-10000,0,0,0,0,10000,-10000,-10000
046243,麗豐中信92購01  ,0,0,0,0,0,0,0,0,0,-10000,0,0,0,0,10000,-10000,-10000
046209,全新元富92購01  ,0,0,0,0,0,0,0,0,0,-10000,0,0,0,0,10000,-10000,-10000
046200,上海銀凱基93購01,0,0,0,0,0,0,0,0,0,-10000,0,0,0,0,10000,-10000,-10000
046187,友達凱基93購03  ,0,0,0,0,0,0,0,0,0,-10000,0,0,0,0,10000,-10000,-10000
046191,新光金凱基98購01,0,0,0,0,0,0,0,0,0,-10000,0,0,0,0,10000,-10000,-10000
046193,大立光凱基92購06,0,0,0,0,0,0,0,0,0,-10000,0,0,0,0,10000,-10000,-10000
049801,可成元大94購09  ,0,0,0,0,0,0,0,0,0,-10000,0,0,0,0,10000,-10000,-10000
049518,宏達電國票95購02,0,0,0,0,0,0,0,0,0,-10000,0,0,0,20000,30000,-10000,-10000
049661,喬山永豐94購01  ,0,0,0,0,0,0,0,0,0,-10000,0,0,0,0,10000,-10000,-10000
049685,T50反1元大94購01,0,0,0,0,0,0,0,0,0,-10000,0,0,0,0,10000,-10000,-10000
049696,欣興元大95購02  ,0,0,0,0,0,0,0,0,0,-10000,0,0,0,0,10000,-10000,-10000
049699,祥碩元大94購01  ,0,0,0,0,0,0,0,0,0,-10000,0,0,0,2000,12000,-10000,-10000
049897,華新科統一94購07,0,0,0,0,0,0,0,0,0,-10000,0,0,0,0,10000,-10000,-10000
049592,欣興元大96購01  ,0,0,0,0,0,0,0,0,0,-10000,0,0,0,0,10000,-10000,-10000
04960P,大立光凱基96售04,0,0,0,0,0,0,0,0,0,-10000,0,0,0,0,10000,-10000,-10000
049611,緯穎兆豐95購02  ,0,0,0,0,0,0,0,0,0,-10000,0,0,0,0,10000,-10000,-10000
048335,和大元大93購03  ,0,0,0,0,0,0,0,0,0,-10000,0,0,0,50000,60000,-10000,-10000
048496,南亞科元大93購05,0,0,0,0,0,0,0,0,0,-10000,0,0,0,10000,20000,-10000,-10000
048512,全新凱基93購04  ,0,0,0,0,0,0,0,0,0,-10000,0,0,0,20000,30000,-10000,-10000
048454,合勤控凱基94購01,0,0,0,0,0,0,0,0,0,-10000,0,0,0,0,10000,-10000,-10000
048490,寶成富邦93購01  ,0,0,0,0,0,0,0,0,0,-10000,0,0,0,0,10000,-10000,-10000
048234,美利達凱基93購03,0,0,0,0,0,0,0,0,0,-10000,0,0,0,0,10000,-10000,-10000
048803,大立光富邦96購01,0,0,0,0,0,0,0,0,0,-10000,0,0,0,0,10000,-10000,-10000
048789,大立光元大95購04,0,0,0,0,0,0,0,0,0,-10000,0,0,0,0,10000,-10000,-10000
046520,瀚宇博元大92購02,0,0,0,0,0,0,0,0,0,-10000,0,0,0,10000,20000,-10000,-10000
047301,啟碁國泰94購01  ,0,0,0,0,0,0,0,0,0,-10000,0,0,0,12000,22000,-10000,-10000
046542,技嘉台新92購01  ,0,0,0,0,0,0,0,0,0,-10000,0,0,0,0,10000,-10000,-10000
048826,宏達電凱基94購01,0,0,0,0,0,0,0,0,0,-10000,0,0,0,0,10000,-10000,-10000
047387,美律元大93購05  ,0,0,0,0,0,0,0,0,0,-10000,0,0,0,37000,47000,-10000,-10000
045879,致伸元富92購01  ,0,0,0,0,0,0,0,0,0,-10000,0,0,0,0,10000,-10000,-10000
045898,康控元大93購04  ,0,0,0,0,0,0,0,0,0,-10000,0,0,0,177000,187000,-10000,-10000
045882,滬深2X元大95購01,0,0,0,0,0,0,0,0,0,-10000,0,0,0,0,10000,-10000,-10000
046611,樺漢日盛93購01  ,0,0,0,0,0,0,0,0,0,-10000,0,0,0,0,10000,-10000,-10000
046627,高鐵統一95購01  ,0,0,0,0,0,0,0,0,0,-10000,0,0,0,16000,26000,-10000,-10000
047316,大立光元大94購01,0,0,0,0,0,0,0,0,0,-10000,0,0,0,0,10000,-10000,-10000
047344,亞德客凱基93購02,0,0,0,0,0,0,0,0,0,-10000,0,0,0,0,10000,-10000,-10000
047364,欣興群益93購04  ,0,0,0,0,0,0,0,0,0,-10000,0,0,0,0,10000,-10000,-10000
046067,富邦金凱基92購02,0,0,0,0,0,0,0,0,0,-10000,0,0,0,0,10000,-10000,-10000
048162,矽力麥證93購01  ,0,0,0,5000,15000,-10000,0,0,0,-10000,0,0,0,5000,15000,-10000,-10000
048164,台光電康和93購01,0,0,0,0,0,0,0,0,0,-10000,0,0,0,0,10000,-10000,-10000
048141,大成鋼統一93購02,0,0,0,0,0,0,0,0,0,-10000,0,0,0,0,10000,-10000,-10000
047453,電子類元大93購04,0,0,0,0,0,0,0,0,0,-10000,0,0,0,20000,30000,-10000,-10000
047414,智邦永昌93購01  ,0,0,0,0,0,0,0,0,0,-10000,0,0,0,0,10000,-10000,-10000
052077,可成元富98購02  ,0,0,0,0,0,0,0,0,0,-10000,0,0,0,10000,20000,-10000,-10000
05213P,台積電國票96售05,0,0,0,0,0,0,0,0,0,-10000,0,0,0,0,10000,-10000,-10000
052228,聯發科凱基96購06,0,0,0,0,0,0,0,0,0,-10000,0,0,0,0,10000,-10000,-10000
052191,超眾群益96購01  ,0,0,0,0,0,0,0,0,0,-10000,0,0,0,0,10000,-10000,-10000
051682,元黃金凱基97購01,0,0,0,0,0,0,0,0,0,-10000,0,0,0,0,10000,-10000,-10000
051685,台光電凱基95購01,0,0,0,0,0,0,0,0,0,-10000,0,0,0,0,10000,-10000,-10000
051738,全新國票96購02  ,0,0,0,0,0,0,0,0,0,-10000,0,0,0,0,10000,-10000,-10000
051705,富邦金群益97購01,0,0,0,0,0,0,0,0,0,-10000,0,0,0,0,10000,-10000,-10000
051709,TPK群益95購02   ,0,0,0,0,0,0,0,0,0,-10000,0,0,0,21000,31000,-10000,-10000
051820,道瓊反元富95購01,0,0,0,0,0,0,0,0,0,-10000,0,0,0,0,10000,-10000,-10000
051781,緯穎群益96購01  ,0,0,0,0,0,0,0,0,0,-10000,0,0,0,81000,91000,-10000,-10000
051969,世紀鋼永豐95購01,0,0,0,0,0,0,0,0,0,-10000,0,0,0,30000,40000,-10000,-10000
051984,台塑元大95購01  ,0,0,0,0,0,0,0,0,0,-10000,0,0,0,0,10000,-10000,-10000
051872,矽力凱基96購01  ,0,0,0,0,0,0,0,0,0,-10000,0,0,0,0,10000,-10000,-10000
051416,創意國票96購02  ,0,0,0,0,0,0,0,0,0,-10000,0,0,0,10000,20000,-10000,-10000
051442,正崴元大95購02  ,0,0,0,0,0,0,0,0,0,-10000,0,0,0,0,10000,-10000,-10000
051433,中磊元富95購01  ,0,0,0,0,0,0,0,0,0,-10000,0,0,0,11000,21000,-10000,-10000
051386,富邦金麥證96購01,0,0,0,0,10000,-10000,0,0,0,-10000,0,0,0,0,10000,-10000,-10000
051382,玉晶光群益98購02,0,0,0,0,0,0,0,0,0,-10000,0,0,0,11000,21000,-10000,-10000
051558,元金2X國泰97購01,0,0,0,0,0,0,0,0,0,-10000,0,0,0,89000,99000,-10000,-10000
051571,南茂富邦95購01  ,0,0,0,0,0,0,0,0,0,-10000,0,0,0,0,10000,-10000,-10000
051552,牧德永豐95購03  ,0,0,0,0,0,0,0,0,0,-10000,0,0,0,2000,12000,-10000,-10000
051497,中磊亞東96購01  ,0,0,0,0,0,0,0,0,0,-10000,0,0,0,0,10000,-10000,-10000
051633,可成國票96購03  ,0,0,0,0,0,0,0,0,0,-10000,0,0,0,0,10000,-10000,-10000
051663,鴻海元大95購18  ,0,0,0,0,0,0,0,0,0,-10000,0,0,0,201000,211000,-10000,-10000
051658,深中小國泰97購01,0,0,0,0,0,0,0,0,0,-10000,0,0,0,0,10000,-10000,-10000
051062,超眾群益95購02  ,0,0,0,0,0,0,0,0,0,-10000,0,0,0,0,10000,-10000,-10000
051219,大立光元富95購07,0,0,0,0,0,0,0,0,0,-10000,0,0,0,0,10000,-10000,-10000
051168,訊連元大95購02  ,0,0,0,0,0,0,0,0,0,-10000,0,0,0,0,10000,-10000,-10000
05116P,台積電群益95售03,0,0,0,0,0,0,0,0,0,-10000,0,0,0,0,10000,-10000,-10000
051247,可成元大95購04  ,0,0,0,0,0,0,0,0,0,-10000,0,0,0,2000,12000,-10000,-10000
051245,南亞科元大95購01,0,0,0,0,0,0,0,0,0,-10000,0,0,0,15000,25000,-10000,-10000
051306,嘉聯益凱基96購01,0,0,0,0,0,0,0,0,0,-10000,0,0,0,0,10000,-10000,-10000
050394,大立光元富94購09,0,0,0,0,0,0,0,0,0,-10000,0,0,0,0,10000,-10000,-10000
050430,京元電凱基94購03,0,0,0,0,0,0,0,0,0,-10000,0,0,0,142000,152000,-10000,-10000
05030P,台積電元富95售04,0,0,0,0,0,0,0,0,0,-10000,0,0,0,0,10000,-10000,-10000
050367,鴻海元大94購20  ,0,0,0,0,0,0,0,0,0,-10000,0,0,0,180000,190000,-10000,-10000
050365,中石化元大94購02,0,0,0,0,0,0,0,0,0,-10000,0,0,0,0,10000,-10000,-10000
050328,臻鼎永豐94購03  ,0,0,0,0,0,0,0,0,0,-10000,0,0,0,0,10000,-10000,-10000
050522,聯發科元大95購03,0,0,0,0,0,0,0,0,0,-10000,0,0,0,0,10000,-10000,-10000
05050P,華通群益96售02  ,0,0,0,0,0,0,0,0,0,-10000,0,0,0,0,10000,-10000,-10000
050860,喬山永豐95購01  ,0,0,0,0,0,0,0,0,0,-10000,0,0,0,0,10000,-10000,-10000
050819,宏達電凱基95購01,0,0,0,0,0,0,0,0,0,-10000,0,0,0,0,10000,-10000,-10000
050981,GIS元富95購01   ,0,0,0,0,0,0,0,0,0,-10000,0,0,0,0,10000,-10000,-10000
050975,楠梓電統一95購01,0,0,0,0,0,0,0,0,0,-10000,0,0,0,50000,60000,-10000,-10000
050924,京元電凱基95購02,0,0,0,0,0,0,0,0,0,-10000,0,0,0,0,10000,-10000,-10000
05092P,全新元大95售03  ,0,0,0,0,0,0,0,0,0,-10000,0,0,0,25000,35000,-10000,-10000
050745,茂林永豐94購06  ,0,0,0,0,0,0,0,0,0,-10000,0,0,0,0,10000,-10000,-10000
050714,深中小群益98購01,0,0,0,0,0,0,0,0,0,-10000,0,0,0,300000,310000,-10000,-10000
050139,華通亞東94購01  ,0,0,0,0,0,0,0,0,0,-10000,0,0,0,0,10000,-10000,-10000
050149,東元群益94購01  ,0,0,0,0,0,0,0,0,0,-10000,0,0,0,0,10000,-10000,-10000
050159,超眾群益94購03  ,0,0,0,0,0,0,0,0,0,-10000,0,0,0,0,10000,-10000,-10000
050187,群創元大94購03  ,0,0,0,0,0,0,0,0,0,-10000,0,0,0,79000,89000,-10000,-10000
050219,台積電元富95購03,0,0,0,0,0,0,0,0,0,-10000,0,0,0,108000,118000,-10000,-10000
05023P,和碩凱基95售01  ,0,0,0,0,0,0,0,0,0,-10000,0,0,0,0,10000,-10000,-10000
050241,聯發科凱基94購14,0,0,0,0,0,0,0,0,0,-10000,0,0,0,0,10000,-10000,-10000
050052,致伸群益94購04  ,0,0,0,0,0,0,0,0,0,-10000,0,0,0,11000,21000,-10000,-10000
050079,元油2X統一94購06,0,0,0,0,0,0,0,0,0,-10000,0,0,0,12000,22000,-10000,-10000
049243,佳世達元富96購02,0,0,0,0,0,0,0,0,0,-10000,0,0,0,0,10000,-10000,-10000
050004,明泰永豐94購01  ,0,0,0,0,0,0,0,0,0,-10000,0,0,0,0,10000,-10000,-10000
049392,臺股指麥證94購01,0,0,0,0,10000,-10000,0,0,0,-10000,0,0,0,0,10000,-10000,-10000
049201,劍麟群益94購01  ,0,0,0,0,0,0,0,0,0,-10000,0,0,0,0,10000,-10000,-10000
049208,台郡群益94購01  ,0,0,0,0,0,0,0,0,0,-10000,0,0,0,0,10000,-10000,-10000
049987,智易凱基94購03  ,0,0,0,0,0,0,0,0,0,-10000,0,0,0,3000,13000,-10000,-10000
049941,臺股指元大94購24,0,0,0,0,0,0,0,0,0,-10000,0,0,0,1000,11000,-10000,-10000
049780,智易統一94購02  ,0,0,0,0,0,0,0,0,0,-10000,0,0,0,80000,90000,-10000,-10000
049771,GIS元富94購02   ,0,0,0,0,0,0,0,0,0,-10000,0,0,0,0,10000,-10000,-10000
049746,全新永豐95購01  ,0,0,0,0,0,0,0,0,0,-10000,0,0,0,0,10000,-10000,-10000
049436,義隆國泰96購02  ,0,0,0,0,0,0,0,0,0,-10000,0,0,0,17000,27000,-10000,-10000
049455,上海銀統一94購02,0,0,0,0,0,0,0,0,0,-10000,0,0,0,0,10000,-10000,-10000
049339,鴻海統一94購02  ,0,0,0,0,0,0,0,0,0,-10000,0,0,0,0,10000,-10000,-10000
049337,台達電統一94購03,0,0,0,0,0,0,0,0,0,-10000,0,0,0,30000,40000,-10000,-10000
049345,富邦金統一94購02,0,0,0,0,0,0,0,0,0,-10000,0,0,0,0,10000,-10000,-10000
049334,上銀統一94購01  ,0,0,0,0,0,0,0,0,0,-10000,0,0,0,0,10000,-10000,-10000
049358,可成富邦94購01  ,0,0,0,0,0,0,0,0,0,-10000,0,0,0,0,10000,-10000,-10000
049365,美律元大94購04  ,0,0,0,0,0,0,0,0,0,-10000,0,0,0,0,10000,-10000,-10000
049411,大成鋼凱基94購01,0,0,0,0,0,0,0,0,0,-10000,0,0,0,0,10000,-10000,-10000
1906,寶隆            ,3000,18000,-15000,0,0,0,0,0,0,5000,5000,0,5000,0,0,0,-10000
1340,勝悅-KY         ,10000,20000,-10000,0,0,0,0,0,0,0,0,0,0,0,0,0,-10000
05799P,臺股指群益96售13,0,0,0,0,0,0,0,0,0,-10000,0,0,0,60000,70000,-10000,-10000
05717P,鴻海元大97售07  ,0,0,0,0,0,0,0,0,0,-10000,0,0,0,209000,219000,-10000,-10000
05643P,大立光中信98售01,0,0,0,0,0,0,0,0,0,-10000,0,0,0,0,10000,-10000,-10000
055136,聯發科富邦99購06,0,0,0,0,0,0,0,0,0,-10000,0,0,0,0,10000,-10000,-10000
055187,彩晶統一98購01  ,0,0,0,0,0,0,0,0,0,-10000,0,0,0,0,10000,-10000,-10000
055116,康控凱基98購01  ,0,0,0,0,0,0,0,0,0,-10000,0,0,0,0,10000,-10000,-10000
055107,旺宏凱基98購04  ,0,0,0,0,0,0,0,0,0,-10000,0,0,0,0,10000,-10000,-10000
05542P,滬深2X元富96售01,0,0,0,0,0,0,0,0,0,-10000,0,0,0,0,10000,-10000,-10000
05520P,聯詠凱基96售01  ,0,0,0,0,0,0,0,0,0,-10000,0,0,0,92000,102000,-10000,-10000
055191,牧德元富97購01  ,0,0,0,0,0,0,0,0,0,-10000,0,0,0,0,10000,-10000,-10000
05527P,聯茂群益96售01  ,0,0,0,0,0,0,0,0,0,-10000,0,0,0,110000,120000,-10000,-10000
05594P,旺宏國票96售04  ,0,0,0,0,0,0,0,0,0,-10000,0,0,0,0,10000,-10000,-10000
06062P,宏達電元富97售01,0,0,0,0,0,0,0,0,0,-10000,0,0,0,0,10000,-10000,-10000
05865P,大立光元大96售09,0,0,0,0,0,0,0,0,0,-10000,0,0,0,0,10000,-10000,-10000
05839P,臺股指富邦96售06,0,0,0,0,0,0,0,0,0,-10000,0,0,0,0,10000,-10000,-10000
05876P,聯發科群益96售03,0,0,0,0,0,0,0,0,0,-10000,0,0,0,15000,25000,-10000,-10000
05915P,聯發科元大96售19,0,0,0,0,0,0,0,0,0,-10000,0,0,0,10000,20000,-10000,-10000
4439,冠星-KY         ,0,10000,-10000,0,0,0,0,0,0,0,0,0,0,0,0,0,-10000
052788,開發金中信98購02,0,0,0,0,0,0,0,0,0,-11000,0,0,0,0,11000,-11000,-11000
052378,矽力元大96購01  ,0,0,0,0,0,0,0,0,0,-11000,0,0,0,66000,77000,-11000,-11000
053344,嘉晶國票97購02  ,0,0,0,0,0,0,0,0,0,-11000,0,0,0,9000,20000,-11000,-11000
053418,旺宏永豐96購02  ,0,0,0,0,0,0,0,0,0,-11000,0,0,0,28000,39000,-11000,-11000
053639,禾伸堂永豐96購01,0,0,0,0,0,0,0,0,0,-11000,0,0,0,60000,71000,-11000,-11000
053572,彩晶統一96購01  ,0,0,0,0,0,0,0,0,0,-11000,0,0,0,179000,190000,-11000,-11000
053235,智原永豐96購01  ,0,0,0,0,0,0,0,0,0,-11000,0,0,0,68000,79000,-11000,-11000
053309,泰鼎凱基96購03  ,0,0,0,0,0,0,0,0,0,-11000,0,0,0,0,11000,-11000,-11000
053260,喬山群益96購01  ,0,0,0,0,0,0,0,0,0,-11000,0,0,0,0,11000,-11000,-11000
053061,GIS富邦97購01   ,0,0,0,0,0,0,0,0,0,-11000,0,0,0,0,11000,-11000,-11000
054451,上銀亞東98購01  ,0,0,0,0,0,0,0,0,0,-11000,0,0,0,0,11000,-11000,-11000
054585,禾伸堂國泰99購01,0,0,0,0,0,0,0,0,0,-11000,0,0,0,129000,140000,-11000,-11000
054543,元金2X中信01購01,0,0,0,0,0,0,0,0,0,-11000,0,0,0,2000,13000,-11000,-11000
054361,技嘉凱基96購01  ,0,0,0,0,0,0,0,0,0,-11000,0,0,0,0,11000,-11000,-11000
054312,TPK凱基98購01   ,0,0,0,0,0,0,0,0,0,-11000,0,0,0,0,11000,-11000,-11000
054870,新日興群益98購01,0,0,0,0,0,0,0,0,0,-11000,0,0,0,0,11000,-11000,-11000
053651,台光電凱基98購01,0,0,0,0,0,0,0,0,0,-11000,0,0,0,150000,161000,-11000,-11000
053897,台郡群益96購01  ,0,0,0,0,0,0,0,0,0,-11000,0,0,0,71000,82000,-11000,-11000
054278,晶技群益97購02  ,0,0,0,0,0,0,0,0,0,-11000,0,0,0,0,11000,-11000,-11000
049021,慧洋群益94購01  ,0,0,0,0,0,0,0,0,0,-11000,0,0,0,0,11000,-11000,-11000
047830,智邦元大93購08  ,0,0,0,0,0,0,0,0,0,-11000,0,0,0,0,11000,-11000,-11000
04536P,長榮航統一94售01,0,0,0,0,0,0,0,0,0,-11000,0,0,0,0,11000,-11000,-11000
044831,同欣電永豐91購01,0,0,0,0,0,0,0,0,0,-11000,0,0,0,1000,12000,-11000,-11000
044699,華新科元大91購10,0,0,0,0,0,0,0,0,0,-11000,0,0,0,0,11000,-11000,-11000
03706P,上銀群益93售03  ,0,0,0,0,0,0,0,0,0,-11000,0,0,0,0,11000,-11000,-11000
020011,統一微波高息20N ,0,0,0,0,0,0,0,0,0,-11000,0,0,0,0,11000,-11000,-11000
042196,元油2X元大93購02,0,0,0,0,0,0,0,0,0,-11000,0,0,0,37000,48000,-11000,-11000
04344P,台達電國泰94售01,0,0,0,0,0,0,0,0,0,-11000,0,0,0,98000,109000,-11000,-11000
043468,華新科元大92購03,0,0,0,0,0,0,0,0,0,-11000,0,0,0,0,11000,-11000,-11000
044530,台積電富邦94購01,0,0,0,0,0,0,0,0,0,-11000,0,0,0,0,11000,-11000,-11000
04018P,亞光永豐93售01  ,0,0,0,0,0,0,0,0,0,-11000,0,0,0,4000,15000,-11000,-11000
040145,國巨凱基92購01  ,0,0,0,0,0,0,0,0,0,-11000,0,0,0,4000,15000,-11000,-11000
044660,貿聯永豐91購02  ,0,0,0,0,0,0,0,0,0,-11000,0,0,0,0,11000,-11000,-11000
045627,聯電凱基93購03  ,0,0,0,0,0,0,0,0,0,-11000,0,0,0,0,11000,-11000,-11000
045558,冠德國票92購01  ,0,0,0,0,0,0,0,0,0,-11000,0,0,0,94000,105000,-11000,-11000
04547P,高鐵元大94售01  ,0,0,0,0,0,0,0,0,0,-11000,0,0,0,0,11000,-11000,-11000
046588,大立光元大93購13,0,0,0,0,0,0,0,0,0,-11000,0,0,0,0,11000,-11000,-11000
048351,旺宏台新94購02  ,0,0,0,0,0,0,0,0,0,-11000,0,0,0,0,11000,-11000,-11000
049694,華新科元大95購06,0,0,0,0,0,0,0,0,0,-11000,0,0,0,0,11000,-11000,-11000
049527,國巨中信95購01  ,0,0,0,0,0,0,0,0,0,-11000,0,0,0,3000,14000,-11000,-11000
049565,楠梓電統一94購01,0,0,0,0,0,0,0,0,0,-11000,0,0,0,2000,13000,-11000,-11000
046741,GIS群益94購01   ,0,0,0,0,0,0,0,0,0,-11000,0,0,0,0,11000,-11000,-11000
046007,緯穎統一92購02  ,0,0,0,0,0,0,0,0,0,-11000,0,0,0,8000,19000,-11000,-11000
047986,明泰群益93購01  ,0,0,0,0,0,0,0,0,0,-11000,0,0,0,0,11000,-11000,-11000
046773,GIS富邦94購01   ,0,0,0,0,0,0,0,0,0,-11000,0,0,0,0,11000,-11000,-11000
048254,深中小統一93購01,0,0,0,0,0,0,0,0,0,-11000,0,0,0,0,11000,-11000,-11000
047732,美利達群益93購01,0,0,0,0,0,0,0,0,0,-11000,0,0,0,16000,27000,-11000,-11000
049346,新光金統一95購01,0,0,0,0,0,0,0,0,0,-11000,0,0,0,11000,22000,-11000,-11000
049741,創意群益94購02  ,0,0,0,0,0,0,0,0,0,-11000,0,0,0,0,11000,-11000,-11000
04922P,日月光凱基94售02,0,0,0,0,0,0,0,0,0,-11000,0,0,0,0,11000,-11000,-11000
05077P,智易群益95售02  ,0,0,0,0,0,0,0,0,0,-11000,0,0,0,0,11000,-11000,-11000
050930,矽格凱基95購01  ,0,0,0,0,0,0,0,0,0,-11000,0,0,0,0,11000,-11000,-11000
050855,華通台新95購01  ,0,0,0,0,0,0,0,0,0,-11000,0,0,0,37000,48000,-11000,-11000
050484,世紀鋼國票95購02,0,0,0,0,0,0,0,0,0,-11000,0,0,0,0,11000,-11000,-11000
050431,聯發科凱基94購18,0,0,0,0,0,0,0,0,0,-11000,0,0,0,132000,143000,-11000,-11000
051119,光寶科群益95購01,0,0,0,0,0,0,0,0,0,-11000,0,0,0,0,11000,-11000,-11000
051377,鴻海群益95購07  ,0,0,0,0,0,0,0,0,0,-11000,0,0,0,30000,41000,-11000,-11000
051420,康控國票95購05  ,0,0,0,0,0,0,0,0,0,-11000,0,0,0,0,11000,-11000,-11000
051683,A50正2凱基97購01,0,0,0,0,0,0,0,0,0,-11000,0,0,0,0,11000,-11000,-11000
4961,天鈺            ,20000,30000,-10000,0,0,0,0,0,0,-1000,0,1000,-1000,5000,5000,0,-11000
6283,淳安            ,19000,30000,-11000,0,0,0,0,0,0,0,0,0,0,0,0,0,-11000
05841P,華通元大96售04  ,0,0,0,0,0,0,0,0,0,-11000,0,0,0,156000,167000,-11000,-11000
05830P,滬深2X元富99售03,0,0,0,0,0,0,0,0,0,-11000,0,0,0,0,11000,-11000,-11000
05853P,欣興群益96售05  ,0,0,0,0,0,0,0,0,0,-11000,0,0,0,0,11000,-11000,-11000
06043P,創意永豐96售06  ,0,0,0,0,0,0,0,0,0,-11000,0,0,0,121000,132000,-11000,-11000
07480P,FBVIX凱基94售01 ,0,0,0,0,0,0,0,0,0,-11000,0,0,0,2000,13000,-11000,-11000
06155P,智邦統一97售02  ,0,0,0,0,0,0,0,0,0,-11000,0,0,0,0,11000,-11000,-11000
05526P,茂林群益96售03  ,0,0,0,0,0,0,0,0,0,-11000,0,0,0,11000,22000,-11000,-11000
05715P,創意元富96售05  ,0,0,0,0,0,0,0,0,0,-11000,0,0,0,0,11000,-11000,-11000
1307,三芳            ,14000,25000,-11000,0,0,0,0,0,0,0,0,0,0,0,0,0,-11000
2450,神腦            ,14000,23000,-9000,0,0,0,0,0,0,-2000,0,2000,-2000,0,0,0,-11000
2417,圓剛            ,17000,26000,-9000,0,0,0,0,0,0,-2000,1000,3000,-2000,0,0,0,-11000
2911,麗嬰房          ,10000,22000,-12000,0,0,0,0,0,0,1000,1000,0,1000,0,0,0,-11000
2851,中再保          ,22000,33000,-11000,0,0,0,0,0,0,0,0,0,0,0,0,0,-11000
053978,創意元大96購05  ,0,0,0,0,0,0,0,0,0,-12000,0,0,0,55000,67000,-12000,-12000
054098,嘉晶國票97購04  ,0,0,0,0,0,0,0,0,0,-12000,0,0,0,8000,20000,-12000,-12000
053690,南亞科元大96購02,0,0,0,0,0,0,0,0,0,-12000,0,0,0,0,12000,-12000,-12000
053694,創意元大96購03  ,0,0,0,0,0,0,0,0,0,-12000,0,0,0,158000,170000,-12000,-12000
05461P,台積電亞東97售01,0,0,0,0,0,0,0,0,0,-12000,0,0,0,0,12000,-12000,-12000
053023,泰鼎國泰97購01  ,0,0,0,0,0,0,0,0,0,-12000,0,0,0,38000,50000,-12000,-12000
053177,華邦電統一96購01,0,0,0,0,0,0,0,0,0,-12000,0,0,0,60000,72000,-12000,-12000
053341,聯發科國票97購03,0,65000,-65000,0,0,0,0,0,0,53000,0,0,0,171000,118000,53000,-12000
05273P,國巨群益95售02  ,0,0,0,0,0,0,0,0,0,-12000,0,0,0,3000,15000,-12000,-12000
052750,臺股指元大96購04,0,0,0,0,0,0,0,0,0,-12000,0,0,0,0,12000,-12000,-12000
052853,友達日盛99購01  ,0,0,0,0,0,0,0,0,0,-12000,0,0,0,0,12000,-12000,-12000
044510,台光電凱基93購04,0,0,0,0,0,0,0,0,0,-12000,0,0,0,0,12000,-12000,-12000
043653,可成國泰92購02  ,0,0,0,0,0,0,0,0,0,-12000,0,0,0,3000,15000,-12000,-12000
03637C,臺股指凱基94牛18,0,0,0,0,0,0,0,0,0,-12000,0,0,0,50000,62000,-12000,-12000
03874P,臺股指群益95售01,0,0,0,0,0,0,0,0,0,-12000,0,0,0,200000,212000,-12000,-12000
03409P,台積電元大02售26,0,0,0,0,0,0,0,0,0,-12000,0,0,0,13000,25000,-12000,-12000
044824,元油2X永豐93購02,0,0,0,0,0,0,0,0,0,-12000,0,0,0,61000,73000,-12000,-12000
044900,建準凱基93購01  ,0,0,0,0,0,0,0,0,0,-12000,0,0,0,0,12000,-12000,-12000
045011,華新科元大92購08,0,0,0,0,0,0,0,0,0,-12000,0,0,0,0,12000,-12000,-12000
044386,滬深2X日盛91購01,0,0,0,0,0,0,0,0,0,-12000,0,0,0,0,12000,-12000,-12000
044282,上銀凱基93購03  ,0,0,0,0,0,0,0,0,0,-12000,0,0,0,0,12000,-12000,-12000
045349,大立光凱基93購07,0,0,0,0,0,0,0,0,0,-12000,0,0,0,0,12000,-12000,-12000
045385,華新科元大93購04,0,0,0,0,0,0,0,0,0,-12000,0,0,0,0,12000,-12000,-12000
045303,華新科元大92購10,0,0,0,0,0,0,0,0,0,-12000,0,0,0,0,12000,-12000,-12000
048583,智原富邦98購01  ,0,0,0,0,0,0,0,0,0,-12000,0,0,0,91000,103000,-12000,-12000
049024,玉晶光群益97購01,0,0,0,0,0,0,0,0,0,-12000,0,0,0,0,12000,-12000,-12000
048972,晶豪科元大94購01,0,0,0,0,0,0,0,0,0,-12000,0,0,0,29000,41000,-12000,-12000
048973,禾伸堂元大94購01,0,0,0,0,0,0,0,0,0,-12000,0,0,0,50000,62000,-12000,-12000
046501,友達元大92購05  ,0,0,0,0,0,0,0,0,0,-12000,0,0,0,0,12000,-12000,-12000
047676,臺股指元富99購01,0,0,0,0,0,0,0,0,0,-12000,0,0,0,22000,34000,-12000,-12000
046853,友達元大93購03  ,0,0,0,0,0,0,0,0,0,-12000,0,0,0,0,12000,-12000,-12000
046880,瑞昱永昌93購01  ,0,0,0,0,0,0,0,0,0,-12000,0,0,0,0,12000,-12000,-12000
046914,友達台新96購01  ,0,0,0,0,0,0,0,0,0,-12000,0,0,0,0,12000,-12000,-12000
047127,臻鼎中信95購01  ,0,0,0,0,0,0,0,0,0,-12000,0,0,0,20000,32000,-12000,-12000
047117,禾伸堂元大93購02,0,0,0,0,0,0,0,0,0,-12000,0,0,0,5000,17000,-12000,-12000
04718P,亞德客凱基94售03,0,0,0,0,0,0,0,0,0,-12000,0,0,0,0,12000,-12000,-12000
049619,宏達電群益95購02,0,0,0,0,0,0,0,0,0,-12000,0,0,0,0,12000,-12000,-12000
049873,華新科台新94購02,0,0,0,0,0,0,0,0,0,-12000,0,0,0,0,12000,-12000,-12000
049590,華新科元大94購01,0,0,0,0,0,0,0,0,0,-12000,0,0,0,13000,25000,-12000,-12000
046236,緯穎元大93購05  ,0,0,0,0,0,0,0,0,0,-12000,0,0,0,0,12000,-12000,-12000
048429,旺宏國票94購02  ,0,0,0,0,0,0,0,0,0,-12000,0,0,0,1000,13000,-12000,-12000
048765,奇力新凱基94購01,0,0,0,0,0,0,0,0,0,-12000,0,0,0,0,12000,-12000,-12000
047315,大立光元大93購23,0,0,0,0,0,0,0,0,0,-12000,0,0,0,0,12000,-12000,-12000
046639,嘉晶永豐93購01  ,0,0,0,0,0,0,0,0,0,-12000,0,0,0,0,12000,-12000,-12000
048105,滬深2X群益99購02,0,0,0,0,0,0,0,0,0,-12000,0,0,0,0,12000,-12000,-12000
046060,台塑凱基92購01  ,0,0,0,0,0,0,0,0,0,-12000,0,0,0,0,12000,-12000,-12000
051742,欣興國票96購01  ,0,0,0,0,0,0,0,0,0,-12000,0,0,0,0,12000,-12000,-12000
051845,世紀鋼富邦96購01,0,0,0,0,0,0,0,0,0,-12000,0,0,0,3000,15000,-12000,-12000
051914,健策元大96購06  ,0,0,0,0,0,0,0,0,0,-12000,0,0,0,108000,120000,-12000,-12000
052133,華邦電凱基9B購01,0,0,0,0,0,0,0,0,0,-12000,0,0,0,72000,84000,-12000,-12000
051359,中信金元大95購01,0,0,0,0,0,0,0,0,0,-12000,0,0,0,443000,455000,-12000,-12000
05138P,嘉聯益凱基96售02,0,0,0,0,0,0,0,0,0,-12000,0,0,0,0,12000,-12000,-12000
051130,百和群益96購01  ,0,0,0,0,0,0,0,0,0,-12000,0,0,0,25000,37000,-12000,-12000
050716,可成群益96購01  ,0,0,0,0,0,0,0,0,0,-12000,0,0,0,0,12000,-12000,-12000
050680,上銀元富94購01  ,0,0,0,0,0,0,0,0,0,-12000,0,0,0,0,12000,-12000,-12000
2904,匯僑            ,0,12000,-12000,0,0,0,0,0,0,0,0,0,0,0,0,0,-12000
2482,連宇            ,2000,13000,-11000,0,0,0,0,0,0,-1000,0,1000,-1000,0,0,0,-12000
2530,華建            ,4000,16000,-12000,0,0,0,0,0,0,0,0,0,0,0,0,0,-12000
1325,恆大            ,2000,14000,-12000,0,0,0,0,0,0,0,0,0,0,0,0,0,-12000
2106,建大            ,91000,114000,-23000,0,0,0,0,0,0,11000,17000,6000,11000,0,0,0,-12000
05731P,創意統一96售03  ,0,0,0,0,0,0,0,0,0,-12000,0,0,0,177000,189000,-12000,-12000
06105P,國巨國票98售02  ,0,0,0,0,0,0,0,0,0,-12000,0,0,0,5000,17000,-12000,-12000
4722,國精化          ,0,12000,-12000,0,0,0,0,0,0,0,0,0,0,0,0,0,-12000
053002,鴻海永豐96購01  ,0,0,0,0,0,0,0,0,0,-13000,0,0,0,63000,76000,-13000,-13000
052755,滬深2X群益9A購01,0,0,0,0,0,0,0,0,0,-13000,0,0,0,0,13000,-13000,-13000
052444,友訊元大95購01  ,0,0,0,0,0,0,0,0,0,-13000,0,0,0,0,13000,-13000,-13000
052601,大成鋼元大96購01,0,0,0,0,0,0,0,0,0,-13000,0,0,0,9000,22000,-13000,-13000
054336,台積電統一96購11,0,0,0,0,0,0,0,0,0,-13000,0,0,0,100000,113000,-13000,-13000
053735,矽力中信97購01  ,0,0,0,0,0,0,0,0,0,-13000,0,0,0,332000,345000,-13000,-13000
054004,鴻海統一96購14  ,0,0,0,0,0,0,0,0,0,-13000,0,0,0,0,13000,-13000,-13000
048888,牧德元富94購02  ,0,0,0,0,0,0,0,0,0,-13000,0,0,0,0,13000,-13000,-13000
04859P,台達電群益94售04,0,0,0,0,0,0,0,0,0,-13000,0,0,0,22000,35000,-13000,-13000
047882,超眾國泰94購01  ,0,0,0,0,0,0,0,0,0,-13000,0,0,0,71000,84000,-13000,-13000
044326,大立光元富91購03,0,0,0,0,0,0,0,0,0,-13000,0,0,0,112000,125000,-13000,-13000
045774,義隆元大92購02  ,0,0,0,0,0,0,0,0,0,-13000,0,0,0,69000,82000,-13000,-13000
043972,大立光富邦93購02,0,0,0,0,0,0,0,0,0,-13000,0,0,0,41000,54000,-13000,-13000
03642C,臺股指元大94牛27,0,0,0,0,0,0,0,0,0,-13000,0,0,0,0,13000,-13000,-13000
042388,大立光永昌93購02,0,0,0,0,0,0,0,0,0,-13000,0,0,0,431000,444000,-13000,-13000
047386,南亞科元大93購01,0,0,0,0,0,0,0,0,0,-13000,0,0,0,14000,27000,-13000,-13000
048764,台光電凱基94購03,0,0,0,0,0,0,0,0,0,-13000,0,0,0,0,13000,-13000,-13000
048817,光寶科凱基94購02,0,0,0,0,0,0,0,0,0,-13000,0,0,0,0,13000,-13000,-13000
048441,台積電凱基93購29,0,0,0,0,0,0,0,0,0,-13000,0,0,0,12000,25000,-13000,-13000
046194,禾伸堂凱基92購02,0,0,0,0,0,0,0,0,0,-13000,0,0,0,50000,63000,-13000,-13000
049917,華新科元大94購02,0,0,0,0,0,0,0,0,0,-13000,0,0,0,2000,15000,-13000,-13000
047215,華新科第一93購01,0,0,0,0,0,0,0,0,0,-13000,0,0,0,9000,22000,-13000,-13000
046353,聯發科群益92購04,0,0,0,0,0,0,0,0,0,-13000,0,0,0,12000,25000,-13000,-13000
046973,矽力群益93購01  ,0,0,0,0,0,0,0,0,0,-13000,0,0,0,191000,204000,-13000,-13000
046014,緯穎元富92購02  ,0,0,0,0,0,0,0,0,0,-13000,0,0,0,40000,53000,-13000,-13000
046751,鴻海凱基93購18  ,0,0,0,0,0,0,0,0,0,-13000,0,0,0,0,13000,-13000,-13000
047040,台勝科群益93購01,0,0,0,0,0,0,0,0,0,-13000,0,0,0,9000,22000,-13000,-13000
046784,嘉晶永豐93購02  ,0,0,0,0,0,0,0,0,0,-13000,0,0,0,0,13000,-13000,-13000
048035,聯詠凱基93購06  ,0,0,0,0,0,0,0,0,0,-13000,0,0,0,71000,84000,-13000,-13000
050900,台郡元大95購02  ,0,0,0,0,0,0,0,0,0,-13000,0,0,0,30000,43000,-13000,-13000
050444,卜蜂元大94購03  ,0,0,0,0,0,0,0,0,0,-13000,0,0,0,0,13000,-13000,-13000
049931,矽力元大94購01  ,0,0,0,0,0,0,0,0,0,-13000,0,0,0,112000,125000,-13000,-13000
051122,美食群益95購01  ,0,0,0,0,0,0,0,0,0,-13000,0,0,0,200000,213000,-13000,-13000
051105,台光電國票96購01,0,0,0,0,0,0,0,0,0,-13000,0,0,0,0,13000,-13000,-13000
051388,大立光麥證95購03,0,0,0,0,13000,-13000,0,0,0,-13000,0,0,0,0,13000,-13000,-13000
05154P,台積電兆豐95售05,0,0,0,0,0,0,0,0,0,-13000,0,0,0,1000,14000,-13000,-13000
052273,新光金群益95購02,0,0,0,0,0,0,0,0,0,-13000,0,0,0,290000,303000,-13000,-13000
052338,道瓊反凱基97購02,0,0,0,0,0,0,0,0,0,-13000,0,0,0,0,13000,-13000,-13000
051761,富邦金元大96購01,0,0,0,0,0,0,0,0,0,-13000,0,0,0,0,13000,-13000,-13000
07240P,台灣50台新94售01,0,0,0,0,0,0,0,0,0,-13000,0,0,0,0,13000,-13000,-13000
05842P,台積電元大96售15,0,0,0,0,0,0,0,0,0,-13000,0,0,0,0,13000,-13000,-13000
05813P,臺股指國票96售06,0,0,0,0,0,0,0,0,0,-13000,0,0,0,2000,15000,-13000,-13000
05605P,嘉聯益元大97售02,0,0,0,0,0,0,0,0,0,-13000,0,0,0,0,13000,-13000,-13000
2114,鑫永銓          ,1000,14000,-13000,0,0,0,0,0,0,0,0,0,0,0,0,0,-13000
1727,中華化          ,0,13000,-13000,0,0,0,0,0,0,0,0,0,0,0,0,0,-13000
1760,寶齡富錦        ,2000,11000,-9000,0,0,0,0,0,0,-4000,0,0,0,0,4000,-4000,-13000
1446,宏和            ,9000,22000,-13000,0,0,0,0,0,0,0,0,0,0,0,0,0,-13000
2516,新建            ,2000,15000,-13000,0,0,0,0,0,0,0,0,0,0,0,0,0,-13000
2413,環科            ,7000,19000,-12000,0,0,0,0,0,0,-1000,0,1000,-1000,0,0,0,-13000
054133,奇力新元大97購04,0,0,0,0,0,0,0,0,0,-14000,0,0,0,84000,98000,-14000,-14000
054088,華新群益98購02  ,0,0,0,0,0,0,0,0,0,-14000,0,0,0,8000,22000,-14000,-14000
053877,奇力新亞東96購01,0,0,0,0,0,0,0,0,0,-14000,0,0,0,0,14000,-14000,-14000
054297,台郡元大98購01  ,0,0,0,0,0,0,0,0,0,-14000,0,0,0,1000,15000,-14000,-14000
054477,聯發科中信9C購02,0,0,0,0,0,0,0,0,0,-14000,0,0,0,12000,26000,-14000,-14000
05497P,聯詠統一96售01  ,0,0,0,0,0,0,0,0,0,-14000,0,0,0,26000,40000,-14000,-14000
052663,奇鋐國票97購01  ,0,0,0,0,0,0,0,0,0,-14000,0,0,0,0,14000,-14000,-14000
053552,華新科凱基96購08,0,0,0,0,0,0,0,0,0,-14000,0,0,0,371000,385000,-14000,-14000
03882P,鴻海元大93售10  ,0,0,0,0,0,0,0,0,0,-14000,0,0,0,100000,114000,-14000,-14000
038944,上海銀國泰92購01,0,0,0,0,0,0,0,0,0,-14000,0,0,0,1000,15000,-14000,-14000
045631,台光電凱基93購06,0,0,0,0,0,0,0,0,0,-14000,0,0,0,0,14000,-14000,-14000
048569,台虹元大93購03  ,0,0,0,0,0,0,0,0,0,-14000,0,0,0,12000,26000,-14000,-14000
048944,茂林永豐94購01  ,0,0,0,0,0,0,0,0,0,-14000,0,0,0,0,14000,-14000,-14000
049016,國巨群益94購02  ,0,0,0,0,0,0,0,0,0,-14000,0,0,0,25000,39000,-14000,-14000
04518P,高鐵群益95售01  ,0,0,0,0,0,0,0,0,0,-14000,0,0,0,0,14000,-14000,-14000
04695P,正崴康和94售01  ,0,0,0,0,0,0,0,0,0,-14000,0,0,0,0,14000,-14000,-14000
049689,正崴元大94購02  ,0,0,0,0,0,0,0,0,0,-14000,0,0,0,95000,109000,-14000,-14000
048390,國巨國票94購02  ,0,0,0,0,0,0,0,0,0,-14000,0,0,0,0,14000,-14000,-14000
051793,臻鼎國票95購02  ,0,0,0,0,0,0,0,0,0,-14000,0,0,0,0,14000,-14000,-14000
051862,旺宏凱基95購05  ,0,0,0,0,0,0,0,0,0,-14000,0,0,0,40000,54000,-14000,-14000
051876,宏達電國票96購01,0,0,0,0,0,0,0,0,0,-14000,0,0,0,0,14000,-14000,-14000
051940,康舒群益95購01  ,0,0,0,0,0,0,0,0,0,-14000,0,0,0,0,14000,-14000,-14000
052339,光寶科凱基95購01,0,0,0,0,0,0,0,0,0,-14000,0,0,0,0,14000,-14000,-14000
051576,台積電元大97購02,0,0,0,0,0,0,0,0,0,-14000,0,0,0,129000,143000,-14000,-14000
051158,嘉晶富邦96購01  ,0,0,0,0,0,0,0,0,0,-14000,0,0,0,0,14000,-14000,-14000
051071,聯發科國票96購01,0,0,0,0,0,0,0,0,0,-14000,0,0,0,0,14000,-14000,-14000
049231,鴻海富邦95購02  ,0,0,0,0,0,0,0,0,0,-14000,0,0,0,0,14000,-14000,-14000
050535,台表科群益94購02,0,0,0,0,0,0,0,0,0,-14000,0,0,0,13000,27000,-14000,-14000
050788,台郡國泰96購01  ,0,0,0,0,0,0,0,0,0,-14000,0,0,0,0,14000,-14000,-14000
2441,超豐            ,104000,95000,9000,0,0,0,0,0,0,-23000,0,23000,-23000,0,0,0,-14000
3060,銘異            ,18000,30000,-12000,0,0,0,0,0,0,-2000,0,2000,-2000,0,0,0,-14000
2832,台產            ,0,14000,-14000,0,0,0,0,0,0,0,0,0,0,0,0,0,-14000
055074,台虹永豐97購01  ,0,0,0,0,0,0,0,0,0,-14000,0,0,0,0,14000,-14000,-14000
06100P,台積電日盛97售03,0,0,0,0,0,0,0,0,0,-14000,0,0,0,136000,150000,-14000,-14000
3679,新至陞          ,7000,21000,-14000,0,0,0,0,0,0,0,0,0,0,0,0,0,-14000
6024,群益期          ,5000,19000,-14000,0,0,0,0,0,0,0,0,0,0,0,0,0,-14000
8374,羅昇            ,2000,16000,-14000,0,0,0,0,0,0,0,0,0,0,0,0,0,-14000
053560,漢唐國泰98購01  ,0,0,0,0,0,0,0,0,0,-15000,0,0,0,3000,18000,-15000,-15000
053589,宏達電元大97購02,0,0,0,0,0,0,0,0,0,-15000,0,0,0,0,15000,-15000,-15000
053627,宏碁兆豐97購01  ,0,0,0,0,0,0,0,0,0,-15000,0,0,0,0,15000,-15000,-15000
05337P,臺股指國票95售06,0,0,0,0,0,0,0,0,0,-15000,0,0,0,10000,25000,-15000,-15000
053403,彩晶群益98購01  ,0,0,0,0,0,0,0,0,0,-15000,0,0,0,15000,30000,-15000,-15000
053406,國巨兆豐96購02  ,0,0,0,0,0,0,0,0,0,-15000,0,0,0,22000,37000,-15000,-15000
05320P,華通凱基96售03  ,0,0,0,0,0,0,0,0,0,-15000,0,0,0,22000,37000,-15000,-15000
053320,華新科群益97購01,0,0,0,0,0,0,0,0,0,-15000,0,0,0,8000,23000,-15000,-15000
052999,臺股指康和96購01,0,0,0,0,0,0,0,0,0,-15000,0,0,0,0,15000,-15000,-15000
052668,聯發科群益97購01,0,0,0,0,0,0,0,0,0,-15000,0,0,0,102000,117000,-15000,-15000
052456,滬深2X元富9B購03,0,0,0,0,0,0,0,0,0,-15000,0,0,0,0,15000,-15000,-15000
05455P,聯詠日盛95售01  ,0,0,0,0,0,0,0,0,0,-15000,0,0,0,0,15000,-15000,-15000
054576,健策元大98購03  ,0,0,0,0,0,0,0,0,0,-15000,0,0,0,60000,75000,-15000,-15000
054407,美律國票97購02  ,0,0,0,0,0,0,0,0,0,-15000,0,0,0,0,15000,-15000,-15000
053812,台積電群益96購09,0,0,0,0,0,0,0,0,0,-15000,0,0,0,200000,215000,-15000,-15000
053715,美律凱基96購04  ,0,0,0,0,0,0,0,0,0,-15000,0,0,0,0,15000,-15000,-15000
053997,健策群益97購02  ,0,0,0,0,0,0,0,0,0,-15000,0,0,0,3000,18000,-15000,-15000
054170,泰鼎凱基98購01  ,0,0,0,0,0,0,0,0,0,-15000,0,0,0,0,15000,-15000,-15000
045781,聯詠元大92購03  ,0,0,0,0,0,0,0,0,0,-15000,0,0,0,0,15000,-15000,-15000
045379,智邦元大93購01  ,0,0,0,0,0,0,0,0,0,-15000,0,0,0,10000,25000,-15000,-15000
048981,牧德元大94購01  ,0,0,0,0,0,0,0,0,0,-15000,0,0,0,21000,36000,-15000,-15000
04889P,華通元大94售03  ,0,0,0,0,0,0,0,0,0,-15000,0,0,0,40000,55000,-15000,-15000
043778,智原兆豐92購01  ,0,0,0,0,0,0,0,0,0,-15000,0,0,0,10000,25000,-15000,-15000
043932,嘉澤永豐91購01  ,0,0,0,0,0,0,0,0,0,-15000,0,0,0,0,15000,-15000,-15000
043953,鴻海統一91購05  ,0,0,0,0,0,0,0,0,0,-15000,0,0,0,10000,25000,-15000,-15000
03307P,臺股指中信05售02,0,0,0,0,0,0,0,0,0,-15000,0,0,0,0,15000,-15000,-15000
03540P,景碩台新02售02  ,0,0,0,0,0,0,0,0,0,-15000,0,0,0,0,15000,-15000,-15000
00712,FH富時不動產    ,0,0,0,0,0,0,0,0,0,-15000,0,0,0,114000,129000,-15000,-15000
042411,台積電元大91購06,0,0,0,0,0,0,0,0,0,-15000,0,0,0,0,15000,-15000,-15000
042214,宏達電麥證91購01,0,0,0,0,15000,-15000,0,0,0,-15000,0,0,0,0,15000,-15000,-15000
048534,貿聯國票94購01  ,0,0,0,0,0,0,0,0,0,-15000,0,0,0,44000,59000,-15000,-15000
047351,聯詠凱基93購02  ,0,0,0,0,0,0,0,0,0,-15000,0,0,0,0,15000,-15000,-15000
046574,泰鼎國泰94購01  ,0,0,0,0,0,0,0,0,0,-15000,0,0,0,0,15000,-15000,-15000
047417,台塑富邦97購01  ,0,0,0,0,0,0,0,0,0,-15000,0,0,0,5000,20000,-15000,-15000
049711,劍麟凱基94購01  ,0,0,0,0,0,0,0,0,0,-15000,0,0,0,0,15000,-15000,-15000
046190,宏盛凱基92購01  ,0,0,0,0,0,0,0,0,0,-15000,0,0,0,0,15000,-15000,-15000
049145,南亞科元大94購01,0,0,0,0,0,0,0,0,0,-15000,0,0,0,21000,36000,-15000,-15000
046311,聯發科元大92購16,0,0,0,0,0,0,0,0,0,-15000,0,0,0,0,15000,-15000,-15000
047030,日月光元大93購02,0,0,0,0,0,0,0,0,0,-15000,0,0,0,10000,25000,-15000,-15000
045980,百和凱基93購03  ,0,0,0,0,0,0,0,0,0,-15000,0,0,0,0,15000,-15000,-15000
046004,群創統一93購02  ,0,0,0,0,0,0,0,0,0,-15000,0,0,0,5000,20000,-15000,-15000
046390,旺宏統一94購02  ,0,0,0,0,0,0,0,0,0,-15000,0,0,0,0,15000,-15000,-15000
047079,GIS兆豐94購01   ,0,0,0,0,0,0,0,0,0,-15000,0,0,0,5000,20000,-15000,-15000
047578,新光金群益93購01,0,0,0,0,0,0,0,0,0,-15000,0,0,0,25000,40000,-15000,-15000
050848,日月光國票95購01,0,0,0,0,0,0,0,0,0,-15000,0,0,0,290000,305000,-15000,-15000
050556,道瓊銀統一95購01,0,0,0,0,0,0,0,0,0,-15000,0,0,0,0,15000,-15000,-15000
050590,晶技永豐95購01  ,0,0,0,0,0,0,0,0,0,-15000,0,0,0,5000,20000,-15000,-15000
050594,康友永豐94購01  ,0,0,0,0,0,0,0,0,0,-15000,0,0,0,57000,72000,-15000,-15000
04919P,聯詠凱基94售05  ,0,0,0,0,0,0,0,0,0,-15000,0,0,0,0,15000,-15000,-15000
050091,喬山永豐94購02  ,0,0,0,0,0,0,0,0,0,-15000,0,0,0,0,15000,-15000,-15000
050211,貿聯國票95購01  ,0,0,0,0,0,0,0,0,0,-15000,0,0,0,114000,129000,-15000,-15000
050154,可成群益94購05  ,0,0,0,0,0,0,0,0,0,-15000,0,0,0,0,15000,-15000,-15000
04934P,鴻海中信94售05  ,0,0,0,0,0,0,0,0,0,-15000,0,0,0,0,15000,-15000,-15000
049489,美律元大94購05  ,0,0,0,0,0,0,0,0,0,-15000,0,0,0,0,15000,-15000,-15000
05111P,台積電統一95售04,0,0,0,0,0,0,0,0,0,-15000,0,0,0,30000,45000,-15000,-15000
051238,中環元大96購01  ,0,0,0,0,0,0,0,0,0,-15000,0,0,0,0,15000,-15000,-15000
05160P,國巨國票96售03  ,0,0,0,0,0,0,0,0,0,-15000,0,0,0,0,15000,-15000,-15000
051352,南亞科元大95購02,0,0,0,0,0,0,0,0,0,-15000,0,0,0,9000,24000,-15000,-15000
051448,聯詠元大95購02  ,0,0,0,0,0,0,0,0,0,-15000,0,0,0,17000,32000,-15000,-15000
05147P,鴻海元大95售11  ,0,0,0,0,0,0,0,0,0,-15000,0,0,0,234000,249000,-15000,-15000
052248,元油反永豐95購01,0,0,0,0,0,0,0,0,0,-15000,0,0,0,0,15000,-15000,-15000
051856,亞德客凱基95購01,0,0,0,0,0,0,0,0,0,-15000,0,0,0,5000,20000,-15000,-15000
6183,關貿            ,8000,23000,-15000,0,0,0,0,0,0,0,0,0,0,0,0,0,-15000
4532,瑞智            ,24000,39000,-15000,0,0,0,0,0,0,0,0,0,0,0,0,0,-15000
06054P,臺股指中信9A售01,0,0,0,0,0,0,0,0,0,-15000,0,0,0,2000,17000,-15000,-15000
06065P,大立光台新97售01,0,0,0,0,0,0,0,0,0,-15000,0,0,0,0,15000,-15000,-15000
055183,聯鈞統一97購01  ,0,0,0,0,0,0,0,0,0,-15000,0,0,0,0,15000,-15000,-15000
05585P,臺股指凱基96售14,0,0,0,0,0,0,0,0,0,-15000,0,0,0,44000,59000,-15000,-15000
05787P,臺股指永昌96售04,0,0,0,0,0,0,0,0,0,-15000,13000,0,13000,326000,354000,-28000,-15000
2233,宇隆            ,33000,48000,-15000,0,0,0,0,0,0,0,0,0,0,0,0,0,-15000
2062,橋椿            ,8000,23000,-15000,0,0,0,0,0,0,0,0,0,0,0,0,0,-15000
05442P,鴻海元大96售13  ,0,0,0,0,0,0,0,0,0,-16000,0,0,0,498000,514000,-16000,-16000
052491,泰碩國票99購01  ,0,0,0,0,0,0,0,0,0,-16000,0,0,0,8000,24000,-16000,-16000
053248,智伸科國票97購01,0,0,0,0,0,0,0,0,0,-16000,0,0,0,0,16000,-16000,-16000
053121,上証2X凱基9C購01,0,0,0,0,0,0,0,0,0,-16000,0,0,0,0,16000,-16000,-16000
053396,漢唐中信9A購01  ,0,0,0,0,0,0,0,0,0,-16000,0,0,0,4000,20000,-16000,-16000
053379,南亞科元大96購01,0,0,0,0,0,0,0,0,0,-16000,0,0,0,24000,40000,-16000,-16000
053346,群創國票97購04  ,0,0,0,0,0,0,0,0,0,-16000,0,0,0,0,16000,-16000,-16000
053428,中磊永豐96購02  ,0,0,0,0,0,0,0,0,0,-16000,0,0,0,0,16000,-16000,-16000
043660,華新科元大93購01,0,0,0,0,0,0,0,0,0,-16000,0,0,0,0,16000,-16000,-16000
01010T,京城樂富R1      ,0,0,0,0,0,0,0,0,0,-16000,0,16000,-16000,0,0,0,-16000
048950,達方永豐94購01  ,0,0,0,0,0,0,0,0,0,-16000,0,0,0,10000,26000,-16000,-16000
045374,鴻海元大92購07  ,0,0,0,0,0,0,0,0,0,-16000,0,0,0,0,16000,-16000,-16000
045348,大立光凱基93購06,0,0,0,0,0,0,0,0,0,-16000,0,0,0,21000,37000,-16000,-16000
045254,台積電凱基92購05,0,0,0,0,0,0,0,0,0,-16000,0,0,0,10000,26000,-16000,-16000
046459,大立光凱基92購12,0,0,0,0,0,0,0,0,0,-16000,0,0,0,90000,106000,-16000,-16000
04772P,欣興元大94售08  ,0,0,0,0,0,0,0,0,0,-16000,0,0,0,5000,21000,-16000,-16000
049049,玉晶光康和94購02,0,0,0,0,0,0,0,0,0,-16000,0,0,0,0,16000,-16000,-16000
046759,聯發科凱基93購06,0,0,0,0,0,0,0,0,0,-16000,0,0,0,4000,20000,-16000,-16000
046197,日月光凱基92購04,0,0,0,0,0,0,0,0,0,-16000,0,0,0,4000,20000,-16000,-16000
049700,瀚宇博元大97購01,0,0,0,0,0,0,0,0,0,-16000,0,0,0,9000,25000,-16000,-16000
049797,台積電元大94購17,0,0,0,0,0,0,0,0,0,-16000,0,0,0,282000,298000,-16000,-16000
048511,美律凱基93購07  ,0,0,0,0,0,0,0,0,0,-16000,0,0,0,0,16000,-16000,-16000
051095,貿聯元大95購03  ,0,0,0,0,0,0,0,0,0,-16000,0,0,0,17000,33000,-16000,-16000
049352,泰鼎永豐95購01  ,0,0,0,0,0,0,0,0,0,-16000,0,0,0,0,16000,-16000,-16000
050441,和碩凱基94購01  ,0,0,0,0,0,0,0,0,0,-16000,0,0,0,4000,20000,-16000,-16000
05789P,臺股指永昌96售06,0,0,0,0,0,0,0,0,0,-16000,0,0,0,1000,17000,-16000,-16000
05713P,大立光統一96售05,0,0,0,0,0,0,0,0,0,-16000,0,0,0,50000,66000,-16000,-16000
05655P,南亞科統一96售01,0,0,0,0,0,0,0,0,0,-16000,0,0,0,164000,180000,-16000,-16000
055076,福懋科永豐97購01,0,0,0,0,0,0,0,0,0,-16000,0,0,0,0,16000,-16000,-16000
05847P,大立光元大96售08,0,0,0,0,0,0,0,0,0,-16000,0,0,0,75000,91000,-16000,-16000
6224,聚鼎            ,27000,62000,-35000,0,0,0,0,0,0,19000,21000,2000,19000,0,0,0,-16000
6416,瑞祺電通        ,15000,63000,-48000,0,0,0,0,6000,-6000,38000,39000,1000,38000,0,0,0,-16000
9942,茂順            ,2000,18000,-16000,0,0,0,0,0,0,0,0,0,0,0,0,0,-16000
053118,大立光中信9C購01,0,0,0,0,0,0,0,0,0,-17000,0,0,0,25000,42000,-17000,-17000
052745,欣興元大96購04  ,0,0,0,0,0,0,0,0,0,-17000,0,0,0,80000,97000,-17000,-17000
054648,智原群益98購01  ,0,0,0,0,0,0,0,0,0,-17000,0,0,0,24000,41000,-17000,-17000
04509P,臺股指元大94售04,0,0,0,0,0,0,0,0,0,-17000,0,0,0,3000,20000,-17000,-17000
044487,元油2X元大94購01,0,0,0,0,0,0,0,0,0,-17000,0,0,0,30000,47000,-17000,-17000
044957,貿聯凱基92購01  ,0,0,0,0,0,0,0,0,0,-17000,0,0,0,105000,122000,-17000,-17000
045729,日月光亞東93購01,0,0,0,0,0,0,0,0,0,-17000,0,0,0,0,17000,-17000,-17000
00706L,元大S&P日圓正2  ,0,0,0,0,0,0,0,0,0,-17000,0,0,0,67000,84000,-17000,-17000
03420B,臺股指元大95熊31,0,0,0,0,0,0,0,0,0,-17000,0,0,0,9000,26000,-17000,-17000
03419B,臺股指元富99熊03,0,0,0,0,0,0,0,0,0,-17000,0,0,0,1000,18000,-17000,-17000
04127P,聯茂國票93售02  ,0,0,0,0,0,0,0,0,0,-17000,0,0,0,34000,51000,-17000,-17000
048229,華晶科凱基93購02,0,0,0,0,0,0,0,0,0,-17000,0,0,0,0,17000,-17000,-17000
048123,大立光元大93購27,0,0,0,0,0,0,0,0,0,-17000,0,0,0,0,17000,-17000,-17000
046567,正崴元富92購01  ,0,0,0,0,0,0,0,0,0,-17000,0,0,0,20000,37000,-17000,-17000
049809,聯詠元大94購04  ,0,0,0,0,0,0,0,0,0,-17000,0,0,0,8000,25000,-17000,-17000
049380,欣興元大94購04  ,0,0,0,0,0,0,0,0,0,-17000,0,0,0,0,17000,-17000,-17000
046348,嘉澤兆豐93購01  ,0,0,0,0,0,0,0,0,0,-17000,0,0,0,0,17000,-17000,-17000
046387,臻鼎凱基92購04  ,0,0,0,0,0,0,0,0,0,-17000,0,0,0,23000,40000,-17000,-17000
048650,台表科元大93購05,0,0,0,0,0,0,0,0,0,-17000,0,0,0,0,17000,-17000,-17000
04648P,臺股指凱基94售07,0,0,0,0,0,0,0,0,0,-17000,0,0,0,0,17000,-17000,-17000
048025,鴻海凱基93購30  ,0,0,0,0,0,0,0,0,0,-17000,0,0,0,16000,33000,-17000,-17000
050877,美律統一95購01  ,0,0,0,0,0,0,0,0,0,-17000,0,0,0,116000,133000,-17000,-17000
050938,智原國票96購01  ,0,0,0,0,0,0,0,0,0,-17000,0,0,0,0,17000,-17000,-17000
049311,漢唐凱基94購03  ,0,0,0,0,0,0,0,0,0,-17000,0,0,0,0,17000,-17000,-17000
051378,奇力新群益95購01,0,0,0,0,0,0,0,0,0,-17000,0,0,0,98000,115000,-17000,-17000
051505,台積電元富95購05,0,0,0,0,0,0,0,0,0,-17000,0,0,0,153000,170000,-17000,-17000
052170,台積電元大95購20,0,0,0,0,0,0,0,0,0,-17000,0,0,0,127000,144000,-17000,-17000
05516P,台積電元大96售12,0,0,0,0,0,0,0,0,0,-17000,0,0,0,87000,104000,-17000,-17000
05730P,臺股指凱基97售03,0,0,0,0,0,0,0,0,0,-17000,0,0,0,168000,185000,-17000,-17000
1540,喬福            ,1000,18000,-17000,0,0,0,0,0,0,0,0,0,0,0,0,0,-17000
2705,六福            ,9000,26000,-17000,0,0,0,0,0,0,0,0,0,0,0,0,0,-17000
054799,超眾群益98購01  ,0,0,0,0,0,0,0,0,0,-18000,0,0,0,2000,20000,-18000,-18000
054346,世芯國票97購01  ,0,0,0,0,0,0,0,0,0,-18000,0,0,0,0,18000,-18000,-18000
054436,高鐵台新97購02  ,0,0,0,0,0,0,0,0,0,-18000,0,0,0,27000,45000,-18000,-18000
053977,新日興元大96購03,0,0,0,0,0,0,0,0,0,-18000,0,0,0,0,18000,-18000,-18000
053700,臺股指元大96購23,0,0,0,0,0,0,0,0,0,-18000,0,0,0,2000,20000,-18000,-18000
052769,達興群益96購01  ,0,0,0,0,0,0,0,0,0,-18000,0,0,0,12000,30000,-18000,-18000
052895,台積電群益96購04,0,0,0,0,0,0,0,0,0,-18000,0,0,0,1000,19000,-18000,-18000
052500,元翎永豐95購01  ,0,0,0,0,0,0,0,0,0,-18000,0,0,0,0,18000,-18000,-18000
053123,京元電凱基96購01,0,0,0,0,0,0,0,0,0,-18000,0,0,0,60000,78000,-18000,-18000
053407,台積電兆豐96購02,0,0,0,0,0,0,0,0,0,-18000,0,0,0,25000,43000,-18000,-18000
053615,光罩群益96購01  ,0,0,0,0,0,0,0,0,0,-18000,0,0,0,5000,23000,-18000,-18000
053592,亞光元大96購01  ,0,0,0,0,0,0,0,0,0,-18000,0,0,0,7000,25000,-18000,-18000
043574,南亞科統一91購04,0,0,0,0,0,0,0,0,0,-18000,0,0,0,0,18000,-18000,-18000
042953,鴻海台新01購01  ,0,0,0,0,0,0,0,0,0,-18000,0,0,0,2000,20000,-18000,-18000
04729P,臺股指中信96售01,0,0,0,0,0,0,0,0,0,-18000,0,0,0,92000,110000,-18000,-18000
048705,GIS國票95購01   ,0,0,0,0,0,0,0,0,0,-18000,0,0,0,58000,76000,-18000,-18000
048641,美律元大94購01  ,0,0,0,0,0,0,0,0,0,-18000,0,0,0,2000,20000,-18000,-18000
046816,智邦凱基93購02  ,0,0,0,0,0,0,0,0,0,-18000,0,0,0,50000,68000,-18000,-18000
049387,緯穎元大94購03  ,0,0,0,0,0,0,0,0,0,-18000,0,0,0,64000,82000,-18000,-18000
047392,大立光元大93購24,0,0,0,0,0,0,0,0,0,-18000,0,0,0,2000,20000,-18000,-18000
048227,亞光凱基93購05  ,0,0,0,0,0,0,0,0,0,-18000,0,0,0,3000,21000,-18000,-18000
048799,台積電富邦94購03,0,0,0,0,0,0,0,0,0,-18000,0,0,0,2000,20000,-18000,-18000
04851P,創意永豐94售02  ,0,0,0,0,0,0,0,0,0,-18000,0,0,0,95000,113000,-18000,-18000
052184,台光電群益95購03,0,0,0,0,0,0,0,0,0,-18000,0,0,0,32000,50000,-18000,-18000
052027,智原群益95購01  ,0,0,0,0,0,0,0,0,0,-18000,0,0,0,10000,28000,-18000,-18000
050109,國巨元大94購13  ,0,0,0,0,0,0,0,0,0,-18000,0,0,0,6000,24000,-18000,-18000
050202,建準群益95購01  ,0,0,0,0,0,0,0,0,0,-18000,0,0,0,5000,23000,-18000,-18000
049198,聯鈞永豐94購01  ,0,0,0,0,0,0,0,0,0,-18000,0,0,0,82000,100000,-18000,-18000
050963,強茂永豐95購01  ,0,0,0,0,0,0,0,0,0,-18000,0,0,0,0,18000,-18000,-18000
050863,聯發科永豐95購01,0,0,0,0,0,0,0,0,0,-18000,0,0,0,50000,68000,-18000,-18000
050774,健策元大96購02  ,0,0,0,0,0,0,0,0,0,-18000,0,0,0,30000,48000,-18000,-18000
05040P,聯發科凱基95售05,0,0,0,0,0,0,0,0,0,-18000,0,0,0,2000,20000,-18000,-18000
05035P,聯發科元大95售06,0,0,0,0,0,0,0,0,0,-18000,0,0,0,1212000,1230000,-18000,-18000
050645,台積電凱基94購39,0,0,0,0,0,0,0,0,0,-18000,0,0,0,22000,40000,-18000,-18000
050462,寶成元大94購01  ,0,0,0,0,0,0,0,0,0,-18000,0,0,0,50000,68000,-18000,-18000
2457,飛宏            ,161000,170000,-9000,0,0,0,0,0,0,-9000,0,9000,-9000,0,0,0,-18000
1531,高林股          ,6000,24000,-18000,0,0,0,0,0,0,0,0,0,0,0,0,0,-18000
2015,豐興            ,46000,57000,-11000,0,0,0,0,0,0,-7000,0,7000,-7000,0,0,0,-18000
055090,國巨群益97購03  ,0,0,0,0,0,0,0,0,0,-18000,0,0,0,0,18000,-18000,-18000
055058,大毅永豐97購01  ,0,0,0,0,0,0,0,0,0,-18000,0,0,0,20000,38000,-18000,-18000
05523P,聯發科國票96售04,0,0,0,0,0,0,0,0,0,-18000,0,0,0,20000,38000,-18000,-18000
05525P,奇力新群益96售02,0,0,0,0,0,0,0,0,0,-18000,0,0,0,244000,262000,-18000,-18000
6525,捷敏-KY         ,28000,54000,-26000,0,0,0,10000,0,10000,-2000,0,2000,-2000,0,0,0,-18000
4104,佳醫            ,12000,30000,-18000,0,0,0,0,0,0,0,0,0,0,0,0,0,-18000
053522,臺股指群益99購01,0,0,0,0,0,0,0,0,0,-19000,0,0,0,0,19000,-19000,-19000
053678,南亞科富邦97購01,0,0,0,0,0,0,0,0,0,-19000,0,0,0,0,19000,-19000,-19000
053844,GIS統一96購01   ,0,0,0,0,0,0,0,0,0,-19000,0,0,0,21000,40000,-19000,-19000
053967,華邦電元大96購03,0,0,0,0,0,0,0,0,0,-19000,0,0,0,2000,21000,-19000,-19000
054157,國巨亞東96購01  ,0,0,0,0,0,0,0,0,0,-19000,0,0,0,551000,570000,-19000,-19000
054568,訊芯群益97購01  ,0,0,0,0,0,0,0,0,0,-19000,0,0,0,0,19000,-19000,-19000
04308P,京元電凱基93售06,0,0,0,0,0,0,0,0,0,-19000,0,0,0,0,19000,-19000,-19000
042820,上銀麥證92購01  ,0,0,0,31000,50000,-19000,0,0,0,-19000,0,0,0,31000,50000,-19000,-19000
00731,FH富時高息低波  ,0,0,0,0,0,0,0,0,0,-19000,0,0,0,233000,252000,-19000,-19000
03647P,京元電元富95售02,0,0,0,0,0,0,0,0,0,-19000,0,0,0,121000,140000,-19000,-19000
03695P,台表科永豐93售01,0,0,0,0,0,0,0,0,0,-19000,0,0,0,11000,30000,-19000,-19000
03765P,大立光元富96售01,0,0,0,0,0,0,0,0,0,-19000,0,0,0,0,19000,-19000,-19000
043466,南亞科元大92購01,0,0,0,0,0,0,0,0,0,-19000,0,0,0,1000,20000,-19000,-19000
045613,祥碩群益92購01  ,0,0,0,0,0,0,0,0,0,-19000,0,0,0,3000,22000,-19000,-19000
04397P,玉晶光群益95售03,0,0,0,0,0,0,0,0,0,-19000,0,0,0,1000,20000,-19000,-19000
045856,南亞科國泰94購01,0,0,0,0,0,0,0,0,0,-19000,0,0,0,22000,41000,-19000,-19000
049007,玉晶光中信96購01,0,0,0,0,0,0,0,0,0,-19000,0,0,0,21000,40000,-19000,-19000
048769,聯鈞凱基94購01  ,0,0,0,0,0,0,0,0,0,-19000,0,0,0,54000,73000,-19000,-19000
048199,大立光元大94購03,0,0,0,0,0,0,0,0,0,-19000,0,0,0,0,19000,-19000,-19000
049921,大立光元大94購16,0,0,0,0,0,0,0,0,0,-19000,0,0,0,12000,31000,-19000,-19000
048320,聯詠凱基93購08  ,0,0,0,0,0,0,0,0,0,-19000,0,0,0,65000,84000,-19000,-19000
047714,禾伸堂凱基93購03,0,0,0,0,0,0,0,0,0,-19000,0,0,0,11000,30000,-19000,-19000
047768,大立光元大95購01,0,0,0,0,0,0,0,0,0,-19000,0,0,0,0,19000,-19000,-19000
047514,亞光國票94購01  ,0,0,0,0,0,0,0,0,0,-19000,0,0,0,143000,162000,-19000,-19000
047811,聯發科凱基93購23,0,0,0,0,0,0,0,0,0,-19000,0,0,0,49000,68000,-19000,-19000
050548,華固凱基95購01  ,0,0,0,0,0,0,0,0,0,-19000,0,0,0,1000,20000,-19000,-19000
050312,大立光兆豐94購04,0,0,0,0,0,0,0,0,0,-19000,0,0,0,11000,30000,-19000,-19000
050273,GIS元大94購04   ,0,0,0,0,0,0,0,0,0,-19000,0,0,0,2000,21000,-19000,-19000
050801,元金2X群益98購01,0,0,0,0,0,0,0,0,0,-19000,0,0,0,14000,33000,-19000,-19000
050992,台積電元大97購01,0,0,0,0,0,0,0,0,0,-19000,0,0,0,1000,20000,-19000,-19000
050205,牧德群益94購02  ,0,0,0,0,0,0,0,0,0,-19000,0,0,0,48000,67000,-19000,-19000
050254,大立光富邦96購02,0,0,0,0,0,0,0,0,0,-19000,0,0,0,29000,48000,-19000,-19000
049465,美律台新94購01  ,0,0,0,0,0,0,0,0,0,-19000,0,0,0,39000,58000,-19000,-19000
052238,智易國票96購01  ,0,0,0,0,0,0,0,0,0,-19000,0,0,0,0,19000,-19000,-19000
051649,中磊永豐95購02  ,0,0,0,0,0,0,0,0,0,-19000,0,0,0,1000,20000,-19000,-19000
051462,世芯國泰97購01  ,0,0,0,0,0,0,0,0,0,-19000,0,0,0,81000,100000,-19000,-19000
4155,訊映            ,17000,26000,-9000,0,0,0,0,0,0,-10000,0,10000,-10000,0,0,0,-19000
4766,南寶            ,17000,35000,-18000,0,0,0,0,0,0,-1000,0,0,0,0,1000,-1000,-19000
8070,長華*           ,18000,31000,-13000,0,0,0,0,5000,-5000,-1000,0,1000,-1000,0,0,0,-19000
6136,富爾特          ,0,19000,-19000,0,0,0,0,0,0,0,0,0,0,0,0,0,-19000
2010,春源            ,27000,46000,-19000,0,0,0,0,0,0,0,0,0,0,0,0,0,-19000
1717,長興            ,300000,307000,-7000,0,0,0,0,0,0,-12000,1000,13000,-12000,0,0,0,-19000
054567,拓凱群益98購01  ,0,0,0,0,0,0,0,0,0,-20000,0,0,0,0,20000,-20000,-20000
054544,統一中信97購01  ,0,0,0,0,0,0,0,0,0,-20000,0,0,0,0,20000,-20000,-20000
054532,強茂國泰98購01  ,0,0,0,0,0,0,0,0,0,-20000,0,0,0,40000,60000,-20000,-20000
054577,世芯元大98購01  ,0,0,0,0,0,0,0,0,0,-20000,0,0,0,0,20000,-20000,-20000
054442,啟碁台新96購01  ,0,0,0,0,0,0,0,0,0,-20000,0,0,0,0,20000,-20000,-20000
054461,台積電凱基97購09,0,0,0,0,0,0,0,0,0,-20000,0,0,0,39000,59000,-20000,-20000
054359,南亞科日盛96購02,0,0,0,0,0,0,0,0,0,-20000,0,0,0,0,20000,-20000,-20000
054434,友達台新96購03  ,0,0,0,0,0,0,0,0,0,-20000,0,0,0,171000,191000,-20000,-20000
054694,聯鈞永豐97購01  ,0,0,0,0,0,0,0,0,0,-20000,0,0,0,0,20000,-20000,-20000
054631,台郡凱基98購02  ,0,0,0,0,0,0,0,0,0,-20000,0,0,0,0,20000,-20000,-20000
054632,緯穎凱基9A購01  ,0,0,0,0,0,0,0,0,0,-20000,0,0,0,0,20000,-20000,-20000
055021,亞德客國泰98購01,0,0,0,0,0,0,0,0,0,-20000,0,0,0,42000,62000,-20000,-20000
055008,隆達元富97購01  ,0,0,0,0,0,0,0,0,0,-20000,0,0,0,0,20000,-20000,-20000
054891,聯鈞統一99購02  ,0,0,0,0,0,0,0,0,0,-20000,0,0,0,0,20000,-20000,-20000
054911,敬鵬凱基97購01  ,0,0,0,0,0,0,0,0,0,-20000,0,0,0,0,20000,-20000,-20000
054156,聯電亞東98購01  ,0,0,0,0,0,0,0,0,0,-20000,0,0,0,0,20000,-20000,-20000
054180,亞泥康和96購01  ,0,0,0,0,0,0,0,0,0,-20000,0,0,0,0,20000,-20000,-20000
054277,亞光群益97購01  ,0,0,0,0,0,0,0,0,0,-20000,0,0,0,3000,23000,-20000,-20000
05427P,聯發科凱基96售07,0,0,0,0,0,0,0,0,0,-20000,0,0,0,0,20000,-20000,-20000
054242,元油反元大98購02,0,0,0,0,0,0,0,0,0,-20000,0,0,0,0,20000,-20000,-20000
053968,華邦電元大97購01,0,0,0,0,0,0,0,0,0,-20000,0,0,0,1000,21000,-20000,-20000
05404P,台積電群益95售06,0,0,0,0,0,0,0,0,0,-20000,0,0,0,0,20000,-20000,-20000
054077,中石化中信98購01,0,0,0,0,0,0,0,0,0,-20000,0,0,0,0,20000,-20000,-20000
053878,台表科亞東96購01,0,0,0,0,0,0,0,0,0,-20000,0,0,0,0,20000,-20000,-20000
053814,美律群益97購02  ,0,0,0,0,0,0,0,0,0,-20000,0,0,0,56000,76000,-20000,-20000
053912,T50反1國票97購02,0,0,0,0,0,0,0,0,0,-20000,0,0,0,0,20000,-20000,-20000
053937,光磊元富96購01  ,0,0,0,0,0,0,0,0,0,-20000,0,0,0,0,20000,-20000,-20000
053732,S&P反1中信9C購01,0,0,0,0,0,0,0,0,0,-20000,0,0,0,0,20000,-20000,-20000
053798,台積電中信98購02,0,0,0,0,0,0,0,0,0,-20000,0,0,0,6000,26000,-20000,-20000
053764,A50正2富邦99購01,0,0,0,0,0,0,0,0,0,-20000,0,0,0,0,20000,-20000,-20000
053497,新光金兆豐97購01,0,0,0,0,0,0,0,0,0,-20000,0,0,0,0,20000,-20000,-20000
053495,聯發科兆豐96購02,0,0,0,0,0,0,0,0,0,-20000,0,0,0,0,20000,-20000,-20000
053568,智伸科富邦98購01,0,0,0,0,0,0,0,0,0,-20000,0,0,0,20000,40000,-20000,-20000
053342,全新國票99購01  ,0,0,0,0,0,0,0,0,0,-20000,0,0,0,20000,40000,-20000,-20000
053448,智易凱基96購03  ,0,0,0,0,0,0,0,0,0,-20000,0,0,0,0,20000,-20000,-20000
053075,欣興永豐96購01  ,0,0,0,0,0,0,0,0,0,-20000,0,0,0,0,20000,-20000,-20000
053017,世紀鋼統一96購02,0,0,0,0,0,0,0,0,0,-20000,0,0,0,0,20000,-20000,-20000
05317P,臺股指永昌95售02,0,0,0,0,0,0,0,0,0,-20000,0,0,0,0,20000,-20000,-20000
052449,創意元大95購04  ,0,0,0,0,0,0,0,0,0,-20000,0,0,0,0,20000,-20000,-20000
052604,建準元大97購01  ,0,0,0,0,0,0,0,0,0,-20000,0,0,0,10000,30000,-20000,-20000
052577,台積電統一96購01,0,0,0,0,0,0,0,0,0,-20000,0,0,0,24000,44000,-20000,-20000
052892,大成鋼群益96購01,0,0,0,0,0,0,0,0,0,-20000,0,0,0,10000,30000,-20000,-20000
052863,友達凱基98購02  ,0,0,0,0,0,0,0,0,0,-20000,0,0,0,0,20000,-20000,-20000
052870,玉晶光凱基96購03,0,0,0,0,0,0,0,0,0,-20000,0,0,0,0,20000,-20000,-20000
052780,玉晶光國票96購04,0,0,0,0,0,0,0,0,0,-20000,0,0,0,0,20000,-20000,-20000
052851,滬深2X元富96購02,0,0,0,0,0,0,0,0,0,-20000,0,0,0,0,20000,-20000,-20000
052708,楠梓電永豐97購01,0,0,0,0,0,0,0,0,0,-20000,0,0,0,0,20000,-20000,-20000
048906,強茂富邦95購01  ,0,0,0,0,0,0,0,0,0,-20000,0,0,0,50000,70000,-20000,-20000
04891P,友達元大94售01  ,0,0,0,0,0,0,0,0,0,-20000,0,0,0,0,20000,-20000,-20000
048548,緯穎永豐93購02  ,0,0,0,0,0,0,0,0,0,-20000,0,0,0,10000,30000,-20000,-20000
04783P,貿聯元富94售01  ,0,0,0,0,0,0,0,0,0,-20000,0,0,0,0,20000,-20000,-20000
048592,漢唐群益93購04  ,0,0,0,0,0,0,0,0,0,-20000,0,0,0,0,20000,-20000,-20000
045853,緯穎永豐92購02  ,0,0,0,0,0,0,0,0,0,-20000,0,0,0,10000,30000,-20000,-20000
045834,兆豐金群益92購01,0,0,0,0,0,0,0,0,0,-20000,0,0,0,20000,40000,-20000,-20000
045055,聯發科元富98購03,0,0,0,0,0,0,0,0,0,-20000,0,0,0,5000,25000,-20000,-20000
045344,可成凱基92購06  ,0,0,0,0,0,0,0,0,0,-20000,0,0,0,0,20000,-20000,-20000
045381,南亞科元大92購03,0,0,0,0,0,0,0,0,0,-20000,0,0,0,0,20000,-20000,-20000
045424,友達凱基92購02  ,0,0,0,0,0,0,0,0,0,-20000,0,0,0,0,20000,-20000,-20000
045258,漢唐凱基93購01  ,0,0,0,0,0,0,0,0,0,-20000,0,0,0,0,20000,-20000,-20000
045286,創意永豐92購01  ,0,0,0,0,0,0,0,0,0,-20000,0,0,0,0,20000,-20000,-20000
04580P,楠梓電康和94售02,0,0,0,0,0,0,0,0,0,-20000,0,0,0,0,20000,-20000,-20000
045202,力成凱基92購01  ,0,0,0,0,0,0,0,0,0,-20000,0,0,0,20000,40000,-20000,-20000
043980,旺宏元大92購05  ,0,0,0,0,0,0,0,0,0,-20000,0,0,0,0,20000,-20000,-20000
044043,旺宏中信91購02  ,0,0,0,0,0,0,0,0,0,-20000,0,0,0,0,20000,-20000,-20000
044028,鴻海群益92購02  ,0,0,0,0,0,0,0,0,0,-20000,0,0,0,0,20000,-20000,-20000
044016,義隆凱基93購01  ,0,0,0,0,0,0,0,0,0,-20000,0,0,0,30000,50000,-20000,-20000
044941,鴻海群益93購01  ,0,0,0,0,0,0,0,0,0,-20000,0,0,0,8000,28000,-20000,-20000
044379,A50正2群益92購01,0,0,0,0,0,0,0,0,0,-20000,0,0,0,0,20000,-20000,-20000
044124,燿華凱基93購01  ,0,0,0,0,0,0,0,0,0,-20000,0,0,0,2000,22000,-20000,-20000
044189,鴻海富邦91購03  ,0,0,0,0,0,0,0,0,0,-20000,0,0,0,0,20000,-20000,-20000
04489P,大立光凱基94售03,0,0,0,0,0,0,0,0,0,-20000,0,0,0,0,20000,-20000,-20000
044836,宏達電元大93購05,0,0,0,0,0,0,0,0,0,-20000,0,0,0,0,20000,-20000,-20000
043908,鴻海凱基93購02  ,0,0,0,0,0,0,0,0,0,-20000,0,0,0,170000,190000,-20000,-20000
043776,奇力新兆豐92購01,0,0,0,0,0,0,0,0,0,-20000,0,0,0,5000,25000,-20000,-20000
043757,欣興元大93購01  ,0,0,0,0,0,0,0,0,0,-20000,0,0,0,30000,50000,-20000,-20000
045665,聯電元富92購01  ,0,0,0,0,0,0,0,0,0,-20000,0,0,0,1000,21000,-20000,-20000
045641,聯詠凱基92購05  ,0,0,0,0,0,0,0,0,0,-20000,0,0,0,10000,30000,-20000,-20000
044710,中磊元大93購01  ,0,0,0,0,0,0,0,0,0,-20000,0,0,0,0,20000,-20000,-20000
045624,緯穎永豐92購01  ,0,0,0,0,0,0,0,0,0,-20000,0,0,0,10000,30000,-20000,-20000
045594,緯穎元大93購04  ,0,0,0,0,0,0,0,0,0,-20000,0,0,0,0,20000,-20000,-20000
045481,友達中信93購01  ,0,0,0,0,0,0,0,0,0,-20000,0,0,0,0,20000,-20000,-20000
041413,滬深2X群益91購01,0,0,0,0,0,0,0,0,0,-20000,0,0,0,0,20000,-20000,-20000
044531,欣興富邦93購01  ,0,0,0,0,0,0,0,0,0,-20000,0,0,0,250000,270000,-20000,-20000
044523,致伸凱基91購02  ,0,0,0,0,0,0,0,0,0,-20000,0,0,0,10000,30000,-20000,-20000
044579,臻鼎凱基92購02  ,0,0,0,0,0,0,0,0,0,-20000,0,0,0,20000,40000,-20000,-20000
042366,元油2X國票92購01,0,0,0,0,0,0,0,0,0,-20000,0,0,0,0,20000,-20000,-20000
04230P,臺股指中信95售06,0,0,0,0,0,0,0,0,0,-20000,0,0,0,0,20000,-20000,-20000
041150,群創富邦91購01  ,0,0,0,0,0,0,0,0,0,-20000,0,0,0,0,20000,-20000,-20000
040722,新日興富邦91購01,0,0,0,0,0,0,0,0,0,-20000,0,0,0,0,20000,-20000,-20000
03750P,臻鼎凱基93售04  ,0,0,0,0,0,0,0,0,0,-20000,0,0,0,0,20000,-20000,-20000
00670L,富邦NASDAQ正2   ,0,0,0,0,0,0,0,0,0,-20000,0,0,0,187000,207000,-20000,-20000
042990,南電凱基92購01  ,0,0,0,0,0,0,0,0,0,-20000,0,0,0,0,20000,-20000,-20000
03859P,聯詠元富93售04  ,0,0,0,0,0,0,0,0,0,-20000,0,0,0,10000,30000,-20000,-20000
047465,滬深2X國泰94購01,0,0,0,0,0,0,0,0,0,-20000,0,0,0,0,20000,-20000,-20000
047788,欣興群益93購05  ,0,0,0,0,0,0,0,0,0,-20000,0,0,0,680000,700000,-20000,-20000
04831P,聯詠富邦96售01  ,0,0,0,0,0,0,0,0,0,-20000,0,0,0,5000,25000,-20000,-20000
048294,智原群益93購02  ,0,0,0,0,0,0,0,0,0,-20000,0,0,0,0,20000,-20000,-20000
048263,台積電元富95購01,0,0,0,0,0,0,0,0,0,-20000,0,0,0,58000,78000,-20000,-20000
048712,樺漢台新94購01  ,0,0,0,0,0,0,0,0,0,-20000,0,0,0,0,20000,-20000,-20000
048698,宏達電國票95購01,0,0,0,0,0,0,0,0,0,-20000,0,0,0,0,20000,-20000,-20000
048088,台積電凱基93購23,0,0,0,0,0,0,0,0,0,-20000,0,0,0,34000,54000,-20000,-20000
048072,GIS元富93購05   ,0,0,0,0,0,0,0,0,0,-20000,0,0,0,0,20000,-20000,-20000
048037,台表科凱基93購05,0,0,0,0,0,0,0,0,0,-20000,0,0,0,0,20000,-20000,-20000
047235,嘉澤凱基93購01  ,0,0,0,0,0,0,0,0,0,-20000,0,0,0,0,20000,-20000,-20000
047236,智伸科凱基93購05,0,0,0,0,0,0,0,0,0,-20000,0,0,0,9000,29000,-20000,-20000
046456,聯發科凱基92購08,0,0,0,0,0,0,0,0,0,-20000,0,0,0,0,20000,-20000,-20000
048024,鴻海凱基93購29  ,0,0,0,0,0,0,0,0,0,-20000,0,0,0,16000,36000,-20000,-20000
047558,臻鼎凱基93購06  ,0,0,0,0,0,0,0,0,0,-20000,0,0,0,10000,30000,-20000,-20000
046805,TPK元大93購05   ,0,0,0,0,0,0,0,0,0,-20000,0,0,0,0,20000,-20000,-20000
046806,瀚宇博元大93購03,0,0,0,0,0,0,0,0,0,-20000,0,0,0,12000,32000,-20000,-20000
046925,華新科國泰94購03,0,0,0,0,0,0,0,0,0,-20000,0,0,0,0,20000,-20000,-20000
046911,達方凱基93購01  ,0,0,0,0,0,0,0,0,0,-20000,0,0,0,10000,30000,-20000,-20000
046757,漢唐凱基93購02  ,0,0,0,0,0,0,0,0,0,-20000,0,0,0,5000,25000,-20000,-20000
047020,智邦元大93購04  ,0,0,0,0,0,0,0,0,0,-20000,0,0,0,50000,70000,-20000,-20000
047058,聯茂國票94購01  ,0,0,0,0,0,0,0,0,0,-20000,0,0,0,0,20000,-20000,-20000
047061,鴻海凱基93購23  ,0,0,0,0,0,0,0,0,0,-20000,0,0,0,0,20000,-20000,-20000
046030,南亞科元大92購04,0,0,0,0,0,0,0,0,0,-20000,0,0,0,0,20000,-20000,-20000
045932,亞泥群益92購01  ,0,0,0,0,0,0,0,0,0,-20000,0,0,0,20000,40000,-20000,-20000
048619,台表科凱基93購07,0,0,0,0,0,0,0,0,0,-20000,0,0,0,0,20000,-20000,-20000
047909,超眾元大93購03  ,0,0,0,0,0,0,0,0,0,-20000,0,0,0,7000,27000,-20000,-20000
047938,台化國票93購01  ,0,0,0,0,0,0,0,0,0,-20000,0,0,0,0,20000,-20000,-20000
047925,可成凱基94購01  ,0,0,0,0,0,0,0,0,0,-20000,0,0,0,21000,41000,-20000,-20000
047138,智伸科凱基93購04,0,0,0,0,0,0,0,0,0,-20000,0,0,0,9000,29000,-20000,-20000
049654,臺股指凱基94購15,0,0,0,0,0,0,0,0,0,-20000,0,0,0,0,20000,-20000,-20000
049576,元油2X元大94購06,0,0,0,0,0,0,0,0,0,-20000,0,0,0,0,20000,-20000,-20000
049847,旺宏群益94購04  ,0,0,0,0,0,0,0,0,0,-20000,0,0,0,0,20000,-20000,-20000
049151,大立光元大94購07,0,0,0,0,0,0,0,0,0,-20000,0,0,0,10000,30000,-20000,-20000
046699,臻鼎凱基93購03  ,0,0,0,0,0,0,0,0,0,-20000,0,0,0,0,20000,-20000,-20000
046707,友達康和93購01  ,0,0,0,0,0,0,0,0,0,-20000,0,0,0,0,20000,-20000,-20000
046264,美律凱基93購05  ,0,0,0,0,0,0,0,0,0,-20000,0,0,0,9000,29000,-20000,-20000
046275,台表科凱基94購01,0,0,0,0,0,0,0,0,0,-20000,0,0,0,0,20000,-20000,-20000
046185,正崴凱基93購02  ,0,0,0,0,0,0,0,0,0,-20000,0,0,0,3000,23000,-20000,-20000
046072,台勝科凱基92購03,0,0,0,0,0,0,0,0,0,-20000,0,0,0,0,20000,-20000,-20000
04821P,臺股指永豐94售01,0,0,0,0,0,0,0,0,0,-20000,0,0,0,0,20000,-20000,-20000
048772,智易凱基94購01  ,0,0,0,0,0,0,0,0,0,-20000,0,0,0,0,20000,-20000,-20000
046536,聯發科群益92購08,0,0,0,0,0,0,0,0,0,-20000,0,0,0,1000,21000,-20000,-20000
048519,緯穎凱基93購02  ,0,0,0,0,0,0,0,0,0,-20000,0,0,0,0,20000,-20000,-20000
048420,祥碩統一93購01  ,0,0,0,0,0,0,0,0,0,-20000,0,0,0,10000,30000,-20000,-20000
04667P,臺股指國票94售06,0,0,0,0,0,0,0,0,0,-20000,0,0,0,20000,40000,-20000,-20000
048136,聯茂國票93購04  ,0,0,0,0,0,0,0,0,0,-20000,0,0,0,0,20000,-20000,-20000
048116,矽創群益93購02  ,0,0,0,0,0,0,0,0,0,-20000,0,0,0,0,20000,-20000,-20000
046061,中石化凱基98購01,0,0,0,0,0,0,0,0,0,-20000,0,0,0,30000,50000,-20000,-20000
04814P,健策元大96售01  ,0,0,0,0,0,0,0,0,0,-20000,0,0,0,0,20000,-20000,-20000
047353,台郡凱基93購03  ,0,0,0,0,0,0,0,0,0,-20000,0,0,0,0,20000,-20000,-20000
046651,TPK富邦94購02   ,0,0,0,0,0,0,0,0,0,-20000,0,0,0,0,20000,-20000,-20000
046625,勤誠凱基93購01  ,0,0,0,0,0,0,0,0,0,-20000,0,0,0,0,20000,-20000,-20000
046620,智伸科凱基93購01,0,0,0,0,0,0,0,0,0,-20000,0,0,0,0,20000,-20000,-20000
05163P,聯發科統一96售02,0,0,0,0,0,0,0,0,0,-20000,0,0,0,0,20000,-20000,-20000
051608,新日興群益96購01,0,0,0,0,0,0,0,0,0,-20000,0,0,0,10000,30000,-20000,-20000
051100,同欣電元大95購01,0,0,0,0,0,0,0,0,0,-20000,0,0,0,0,20000,-20000,-20000
051012,台積電凱基95購04,0,0,0,0,0,0,0,0,0,-20000,0,0,0,20000,40000,-20000,-20000
051021,啟碁凱基95購02  ,0,0,0,0,0,0,0,0,0,-20000,0,0,0,32000,52000,-20000,-20000
051171,T50反1第一95購01,0,0,0,0,0,0,0,0,0,-20000,0,0,0,0,20000,-20000,-20000
05129P,鴻海兆豐95售02  ,0,0,0,0,0,0,0,0,0,-20000,0,0,0,0,20000,-20000,-20000
052203,T50反1中信99購03,0,0,0,0,0,0,0,0,0,-20000,0,0,0,0,20000,-20000,-20000
052226,旺宏凱基95購06  ,0,0,0,0,0,0,0,0,0,-20000,0,0,0,104000,124000,-20000,-20000
052217,台光電日盛95購01,0,0,0,0,0,0,0,0,0,-20000,0,0,0,0,20000,-20000,-20000
052303,聯發科永豐95購05,0,0,0,0,0,0,0,0,0,-20000,0,0,0,0,20000,-20000,-20000
052054,台表科凱基96購01,0,0,0,0,0,0,0,0,0,-20000,0,0,0,0,20000,-20000,-20000
052175,可成元大95購10  ,0,0,0,0,0,0,0,0,0,-20000,0,0,0,180000,200000,-20000,-20000
051929,GIS中信96購01   ,0,0,0,0,0,0,0,0,0,-20000,0,0,0,0,20000,-20000,-20000
051784,國巨兆豐95購01  ,0,0,0,0,0,0,0,0,0,-20000,0,0,0,31000,51000,-20000,-20000
049446,為升統一94購01  ,0,0,0,0,0,0,0,0,0,-20000,0,0,0,0,20000,-20000,-20000
049423,臺股指凱基95購02,0,0,0,0,0,0,0,0,0,-20000,0,0,0,8000,28000,-20000,-20000
049361,華通元大94購02  ,0,0,0,0,0,0,0,0,0,-20000,0,0,0,85000,105000,-20000,-20000
049764,TPK國泰95購01   ,0,0,0,0,0,0,0,0,0,-20000,0,0,0,114000,134000,-20000,-20000
050222,瑞儀元富94購01  ,0,0,0,0,0,0,0,0,0,-20000,0,0,0,29000,49000,-20000,-20000
050177,聯發科元大94購11,0,0,0,0,0,0,0,0,0,-20000,0,0,0,0,20000,-20000,-20000
049228,台塑富邦94購01  ,0,0,0,0,0,0,0,0,0,-20000,0,0,0,10000,30000,-20000,-20000
049257,南亞科元大94購03,0,0,0,0,0,0,0,0,0,-20000,0,0,0,6000,26000,-20000,-20000
050097,可成國泰96購02  ,0,0,0,0,0,0,0,0,0,-20000,0,0,0,169000,189000,-20000,-20000
050059,旺宏凱基94購03  ,0,0,0,0,0,0,0,0,0,-20000,0,0,0,28000,48000,-20000,-20000
050965,揚明光永豐96購01,0,0,0,0,0,0,0,0,0,-20000,0,0,0,10000,30000,-20000,-20000
050921,旺宏凱基95購02  ,0,0,0,0,0,0,0,0,0,-20000,0,0,0,70000,90000,-20000,-20000
050915,健策中信98購01  ,0,0,0,0,0,0,0,0,0,-20000,0,0,0,5000,25000,-20000,-20000
050279,彩晶第一94購01  ,0,0,0,0,0,0,0,0,0,-20000,0,0,0,0,20000,-20000,-20000
050426,國巨凱基94購14  ,0,0,0,0,0,0,0,0,0,-20000,0,0,0,38000,58000,-20000,-20000
050540,台積電凱基94購38,0,0,0,0,0,0,0,0,0,-20000,0,0,0,0,20000,-20000,-20000
2528,皇普            ,11000,31000,-20000,0,0,0,0,0,0,0,0,0,0,0,0,0,-20000
2816,旺旺保          ,15000,35000,-20000,0,0,0,0,0,0,0,0,0,0,0,0,0,-20000
055068,亞翔永豐97購01  ,0,0,0,0,0,0,0,0,0,-20000,0,0,0,0,20000,-20000,-20000
055048,台積電永豐97購04,0,0,0,0,0,0,0,0,0,-20000,0,0,0,0,20000,-20000,-20000
055151,台積電元大98購05,0,0,0,0,0,0,0,0,0,-20000,0,0,0,90000,110000,-20000,-20000
055154,聯發科元大98購01,0,0,0,0,0,0,0,0,0,-20000,0,0,0,24000,44000,-20000,-20000
05792P,臺股指中信99售07,0,0,0,0,0,0,0,0,0,-20000,0,0,0,0,20000,-20000,-20000
05700P,臻鼎凱基96售02  ,0,0,0,0,0,0,0,0,0,-20000,0,0,0,0,20000,-20000,-20000
06026P,華通台新97售01  ,0,0,0,0,0,0,0,0,0,-20000,0,0,0,43000,63000,-20000,-20000
06139P,台積電中信99售02,0,0,0,0,0,0,0,0,0,-20000,0,0,0,0,20000,-20000,-20000
08751P,友達群益01售01  ,0,0,0,0,0,0,0,0,0,-20000,0,0,0,0,20000,-20000,-20000
4934,太極            ,469000,487000,-18000,0,0,0,0,0,0,-2000,0,2000,-2000,0,0,0,-20000
1611,中電            ,0,20900,-20900,0,0,0,0,0,0,0,0,0,0,0,0,0,-20900
052757,華邦電群益96購01,0,0,0,0,0,0,0,0,0,-21000,0,0,0,71000,92000,-21000,-21000
052898,樺漢群益96購01  ,0,0,0,0,0,0,0,0,0,-21000,0,0,0,2000,23000,-21000,-21000
052376,聯詠元大95購04  ,0,0,0,0,0,0,0,0,0,-21000,0,0,0,1000,22000,-21000,-21000
053204,旺宏麥證96購01  ,0,0,0,0,21000,-21000,0,0,0,-21000,0,0,0,0,21000,-21000,-21000
053094,聯電統一97購02  ,0,0,0,0,0,0,0,0,0,-21000,0,0,0,27000,48000,-21000,-21000
053493,智邦兆豐97購02  ,0,0,0,0,0,0,0,0,0,-21000,0,0,0,1000,22000,-21000,-21000
053689,台光電元大96購01,0,0,0,0,0,0,0,0,0,-21000,0,0,0,97000,118000,-21000,-21000
053824,樺漢群益96購02  ,0,0,0,0,0,0,0,0,0,-21000,0,0,0,0,21000,-21000,-21000
054746,貿聯凱基98購02  ,0,0,0,0,0,0,0,0,0,-21000,0,0,0,7000,28000,-21000,-21000
054381,世芯群益98購01  ,0,0,0,0,0,0,0,0,0,-21000,0,0,0,1000,22000,-21000,-21000
054356,可成兆豐97購01  ,0,0,0,0,0,0,0,0,0,-21000,0,0,0,50000,71000,-21000,-21000
054542,台表科國票98購01,0,0,0,0,0,0,0,0,0,-21000,0,0,0,0,21000,-21000,-21000
04334P,中石化康和93售01,0,0,0,0,0,0,0,0,0,-21000,0,0,0,0,21000,-21000,-21000
03686P,大立光統一98售02,0,0,0,0,0,0,0,0,0,-21000,0,0,0,2000,23000,-21000,-21000
04252P,台達電元富93售02,0,0,0,0,0,0,0,0,0,-21000,0,0,0,0,21000,-21000,-21000
04038P,聯茂群益93售03  ,0,0,0,0,0,0,0,0,0,-21000,0,0,0,9000,30000,-21000,-21000
042040,大立光群益93購01,0,0,0,0,0,0,0,0,0,-21000,0,0,0,2000,23000,-21000,-21000
041974,元油2X中信92購01,0,0,0,0,0,0,0,0,0,-21000,0,0,0,0,21000,-21000,-21000
045448,宏達電國泰93購02,0,0,0,0,0,0,0,0,0,-21000,0,0,0,30000,51000,-21000,-21000
045118,臻鼎日盛92購01  ,0,0,0,0,0,0,0,0,0,-21000,0,0,0,0,21000,-21000,-21000
048837,牧德凱基94購04  ,0,0,0,0,0,0,0,0,0,-21000,0,0,0,18000,39000,-21000,-21000
04732P,聯茂群益94售01  ,0,0,0,0,0,0,0,0,0,-21000,0,0,0,9000,30000,-21000,-21000
049622,聯詠群益94購02  ,0,0,0,0,0,0,0,0,0,-21000,0,0,0,40000,61000,-21000,-21000
047147,嘉晶群益93購02  ,0,0,0,0,0,0,0,0,0,-21000,0,0,0,0,21000,-21000,-21000
046937,聯電元大99購01  ,0,0,0,0,0,0,0,0,0,-21000,0,0,0,52000,73000,-21000,-21000
04687P,全新凱基94售02  ,0,0,0,0,0,0,0,0,0,-21000,0,0,0,127000,148000,-21000,-21000
047770,聯詠元大93購10  ,0,0,0,0,0,0,0,0,0,-21000,0,0,0,60000,81000,-21000,-21000
050581,美食國票94購02  ,0,0,0,0,0,0,0,0,0,-21000,0,0,0,16000,37000,-21000,-21000
050411,聯發科永豐94購05,0,0,0,0,0,0,0,0,0,-21000,0,0,0,1000,22000,-21000,-21000
050407,聯詠台新94購02  ,0,0,0,0,0,0,0,0,0,-21000,0,0,0,50000,71000,-21000,-21000
050813,旺宏凱基96購01  ,0,0,0,0,0,0,0,0,0,-21000,0,0,0,16000,37000,-21000,-21000
050056,國巨凱基94購04  ,0,0,0,0,0,0,0,0,0,-21000,0,0,0,11000,32000,-21000,-21000
051766,泰鼎元大95購02  ,0,0,0,0,0,0,0,0,0,-21000,0,0,0,17000,38000,-21000,-21000
051825,中環元大95購01  ,0,0,0,0,0,0,0,0,0,-21000,0,0,0,1000,22000,-21000,-21000
051804,新光金日盛95購01,0,0,0,0,0,0,0,0,0,-21000,0,0,0,3000,24000,-21000,-21000
05183P,台積電元富95售07,0,0,0,0,0,0,0,0,0,-21000,0,0,0,0,21000,-21000,-21000
052049,緯創凱基97購01  ,0,0,0,0,0,0,0,0,0,-21000,0,0,0,0,21000,-21000,-21000
051267,美律富邦96購01  ,0,0,0,0,0,0,0,0,0,-21000,0,0,0,40000,61000,-21000,-21000
1723,中碳            ,11000,21000,-10000,0,0,0,0,10000,-10000,-1000,0,1000,-1000,0,0,0,-21000
4552,力達-KY         ,15000,36000,-21000,0,0,0,0,0,0,0,0,0,0,0,0,0,-21000
054473,鴻海中信96購02  ,0,0,0,0,0,0,0,0,0,-22000,0,0,0,3000,25000,-22000,-22000
054676,牧德台新98購01  ,0,0,0,0,0,0,0,0,0,-22000,0,0,0,0,22000,-22000,-22000
053745,康友國票97購01  ,0,0,0,0,0,0,0,0,0,-22000,0,0,0,0,22000,-22000,-22000
054079,鴻海中信98購02  ,0,0,0,0,0,0,0,0,0,-22000,0,0,0,0,22000,-22000,-22000
054282,泰鼎群益98購02  ,0,0,0,0,0,0,0,0,0,-22000,0,0,0,0,22000,-22000,-22000
053340,建準國票97購01  ,0,0,0,0,0,0,0,0,0,-22000,0,0,0,0,22000,-22000,-22000
053013,台積電統一97購01,0,0,0,0,0,0,0,0,0,-22000,0,0,0,31000,53000,-22000,-22000
053194,緯穎統一99購01  ,0,0,0,0,0,0,0,0,0,-22000,0,0,0,20000,42000,-22000,-22000
052523,奇力新元大97購01,0,0,0,0,0,0,0,0,0,-22000,0,0,0,141000,163000,-22000,-22000
052570,華新科凱基96購06,0,0,0,0,0,0,0,0,0,-22000,0,0,0,35000,57000,-22000,-22000
052979,上銀元大96購02  ,0,0,0,0,0,0,0,0,0,-22000,0,0,0,21000,43000,-22000,-22000
04398P,致伸群益94售02  ,0,0,0,0,0,0,0,0,0,-22000,0,0,0,0,22000,-22000,-22000
04228P,貿聯永豐93售03  ,0,0,0,0,0,0,0,0,0,-22000,0,0,0,0,22000,-22000,-22000
04276P,聯發科凱基93售33,0,0,0,0,0,0,0,0,0,-22000,0,0,0,0,22000,-22000,-22000
04067P,聯發科凱基93售24,0,0,0,0,0,0,0,0,0,-22000,0,0,0,0,22000,-22000,-22000
03643C,臺股指元富99牛04,0,0,0,0,0,0,0,0,0,-22000,0,0,0,28000,50000,-22000,-22000
042909,順德元大94購01  ,0,0,0,0,0,0,0,0,0,-22000,0,0,0,23000,45000,-22000,-22000
048297,GIS群益93購02   ,0,0,0,0,0,0,0,0,0,-22000,0,0,0,0,22000,-22000,-22000
047559,彩晶凱基94購03  ,0,0,0,0,0,0,0,0,0,-22000,0,0,0,0,22000,-22000,-22000
047677,亞德客台新93購01,0,0,0,0,0,0,0,0,0,-22000,0,0,0,0,22000,-22000,-22000
049048,玉晶光台新94購01,0,0,0,0,0,0,0,0,0,-22000,0,0,0,0,22000,-22000,-22000
047170,廣宇永豐93購01  ,0,0,0,0,0,0,0,0,0,-22000,0,0,0,0,22000,-22000,-22000
048156,正崴兆豐93購01  ,0,0,0,0,0,0,0,0,0,-22000,0,0,0,10000,32000,-22000,-22000
051024,南亞科統一95購01,0,0,0,0,0,0,0,0,0,-22000,0,0,0,22000,44000,-22000,-22000
052318,友達元大98購01  ,0,0,0,0,0,0,0,0,0,-22000,0,0,0,0,22000,-22000,-22000
051704,智邦群益95購02  ,0,0,0,0,0,0,0,0,0,-22000,0,0,0,0,22000,-22000,-22000
050242,義隆凱基94購04  ,0,0,0,0,0,0,0,0,0,-22000,0,0,0,0,22000,-22000,-22000
050243,華新科凱基94購10,0,0,0,0,0,0,0,0,0,-22000,0,0,0,19000,41000,-22000,-22000
049477,泰鼎永豐94購01  ,0,0,0,0,0,0,0,0,0,-22000,0,0,0,0,22000,-22000,-22000
050753,百和統一94購01  ,0,0,0,0,0,0,0,0,0,-22000,0,0,0,48000,70000,-22000,-22000
050526,貿聯元大95購01  ,0,0,0,0,0,0,0,0,0,-22000,0,0,0,603000,625000,-22000,-22000
05046P,台光電永豐95售02,0,0,0,0,0,0,0,0,0,-22000,0,0,0,75000,97000,-22000,-22000
8499,鼎炫-KY         ,7000,29000,-22000,0,0,0,0,0,0,0,0,0,0,0,0,0,-22000
2707,晶華            ,23000,49000,-26000,0,0,0,0,0,0,4000,0,0,0,4000,0,4000,-22000
3025,星通            ,12000,32000,-20000,0,0,0,0,0,0,-2000,0,2000,-2000,0,0,0,-22000
2477,美隆電          ,11000,31000,-20000,0,0,0,0,0,0,-2000,0,2000,-2000,0,0,0,-22000
05553P,智原群益96售01  ,0,0,0,0,0,0,0,0,0,-22000,0,0,0,0,22000,-22000,-22000
052746,泰碩元大97購01  ,0,0,0,0,0,0,0,0,0,-23000,0,0,0,87000,110000,-23000,-23000
052553,技嘉國票96購01  ,0,0,0,0,0,0,0,0,0,-23000,0,0,0,3000,26000,-23000,-23000
053181,滬深2X元富99購02,0,0,0,0,0,0,0,0,0,-23000,0,0,0,15000,38000,-23000,-23000
053381,友達元大9A購02  ,0,0,0,0,0,0,0,0,0,-23000,0,0,0,105000,128000,-23000,-23000
053630,奇鋐兆豐97購01  ,0,0,0,0,0,0,0,0,0,-23000,0,0,0,0,23000,-23000,-23000
054257,揚明光元大96購02,0,0,0,0,0,0,0,0,0,-23000,0,0,0,1000,24000,-23000,-23000
054548,鴻海凱基98購03  ,0,0,0,0,0,0,0,0,0,-23000,0,0,0,6000,29000,-23000,-23000
054370,台積電中信9A購01,0,0,0,0,0,0,0,0,0,-23000,0,0,0,108000,131000,-23000,-23000
00690,兆豐藍籌30      ,0,0,0,0,0,0,0,0,0,-23000,0,0,0,179000,202000,-23000,-23000
04103P,臺股指國票93售10,0,0,0,0,0,0,0,0,0,-23000,0,0,0,52000,75000,-23000,-23000
045674,友達元大92購03  ,0,0,0,0,0,0,0,0,0,-23000,0,0,0,0,23000,-23000,-23000
048894,光罩國泰94購01  ,0,0,0,0,0,0,0,0,0,-23000,0,0,0,0,23000,-23000,-23000
048998,玉晶光國票95購03,0,0,0,0,0,0,0,0,0,-23000,0,0,0,102000,125000,-23000,-23000
045299,友達元大92購02  ,0,0,0,0,0,0,0,0,0,-23000,0,0,0,0,23000,-23000,-23000
045054,聯發科元富98購02,0,0,0,0,0,0,0,0,0,-23000,0,0,0,0,23000,-23000,-23000
047421,聯茂富邦97購01  ,0,0,0,0,0,0,0,0,0,-23000,0,0,0,216000,239000,-23000,-23000
048433,聯詠國票94購01  ,0,0,0,0,0,0,0,0,0,-23000,0,0,0,39000,62000,-23000,-23000
048223,微星凱基93購02  ,0,0,0,0,0,0,0,0,0,-23000,0,0,0,2000,25000,-23000,-23000
049646,旺宏凱基94購01  ,0,0,0,0,0,0,0,0,0,-23000,0,0,0,10000,33000,-23000,-23000
049675,台光電國票95購01,0,0,0,0,0,0,0,0,0,-23000,0,0,0,0,23000,-23000,-23000
046181,智邦凱基92購04  ,0,0,0,0,0,0,0,0,0,-23000,0,0,0,68000,91000,-23000,-23000
047104,和大元大93購02  ,5000,0,5000,0,0,0,0,0,0,-28000,0,0,0,104000,132000,-28000,-23000
046890,瑞昱群益93購02  ,0,0,0,0,0,0,0,0,0,-23000,0,0,0,0,23000,-23000,-23000
045968,貿聯凱基92購03  ,0,0,0,0,0,0,0,0,0,-23000,0,0,0,257000,280000,-23000,-23000
048080,元石油凱基96購01,0,0,0,0,0,0,0,0,0,-23000,0,0,0,0,23000,-23000,-23000
050423,鴻海凱基96購02  ,0,0,0,0,0,0,0,0,0,-23000,0,0,0,7000,30000,-23000,-23000
050348,鴻海群益94購06  ,0,0,0,0,0,0,0,0,0,-23000,0,0,0,5000,28000,-23000,-23000
050793,大立光富邦96購03,0,0,0,0,0,0,0,0,0,-23000,0,0,0,2000,25000,-23000,-23000
050696,台光電凱基96購01,0,0,0,0,0,0,0,0,0,-23000,0,0,0,10000,33000,-23000,-23000
049293,友訊群益95購01  ,0,0,0,0,0,0,0,0,0,-23000,0,0,0,0,23000,-23000,-23000
050082,聯發科統一94購08,0,0,0,0,0,0,0,0,0,-23000,0,0,0,0,23000,-23000,-23000
051670,欣興元大95購06  ,0,0,0,0,0,0,0,0,0,-23000,0,0,0,125000,148000,-23000,-23000
051057,信邦群益95購01  ,0,0,0,0,0,0,0,0,0,-23000,0,0,0,53000,76000,-23000,-23000
051054,正崴群益95購01  ,0,0,0,0,0,0,0,0,0,-23000,0,0,0,0,23000,-23000,-23000
051281,健策兆豐96購01  ,0,0,0,0,0,0,0,0,0,-23000,0,0,0,0,23000,-23000,-23000
051237,鴻海元大97購01  ,0,0,0,0,0,0,0,0,0,-23000,0,0,0,113000,136000,-23000,-23000
051218,聯發科元富9B購02,0,0,0,0,0,0,0,0,0,-23000,0,0,0,0,23000,-23000,-23000
051588,聯詠元大95購03  ,0,0,0,0,0,0,0,0,0,-23000,0,0,0,10000,33000,-23000,-23000
051522,玉晶光凱基95購05,0,0,0,0,0,0,0,0,0,-23000,0,0,0,21000,44000,-23000,-23000
05774P,臺股指凱基99售04,0,0,0,0,0,0,0,0,0,-23000,0,0,0,16000,39000,-23000,-23000
06000P,GIS元大96售04   ,0,0,0,0,0,0,0,0,0,-23000,0,0,0,0,23000,-23000,-23000
06064P,台積電台新98售01,0,0,0,0,0,0,0,0,0,-23000,0,0,0,32000,55000,-23000,-23000
2395,研華            ,245000,261000,-16000,0,0,0,1000,0,1000,-8000,1000,9000,-8000,0,0,0,-23000
1453,大將            ,3000,26000,-23000,0,0,0,0,0,0,0,0,0,0,0,0,0,-23000
4956,光鋐            ,14000,35000,-21000,0,0,0,0,0,0,-2000,0,2000,-2000,0,0,0,-23000
5471,松翰            ,28000,50000,-22000,0,0,0,0,0,0,-1000,0,1000,-1000,0,0,0,-23000
8011,台通            ,14000,37000,-23000,0,0,0,0,0,0,0,2000,2000,0,0,0,0,-23000
054729,聯發科日盛97購02,0,0,0,0,0,0,0,0,0,-24000,0,0,0,0,24000,-24000,-24000
054848,群創兆豐98購01  ,0,0,0,0,0,0,0,0,0,-24000,0,0,0,0,24000,-24000,-24000
054081,聯電元富96購01  ,0,0,0,0,0,0,0,0,0,-24000,0,0,0,17000,41000,-24000,-24000
053105,鴻海兆豐97購01  ,0,0,0,0,0,0,0,0,0,-24000,0,0,0,0,24000,-24000,-24000
052677,景碩富邦97購01  ,0,0,0,0,0,0,0,0,0,-24000,0,0,0,117000,141000,-24000,-24000
05291P,鴻海凱基95售16  ,0,0,0,0,0,0,0,0,0,-24000,0,0,0,6000,30000,-24000,-24000
045021,臺股指中信94購02,0,0,0,0,0,0,0,0,0,-24000,0,0,0,0,24000,-24000,-24000
04581P,楠梓電康和94售03,0,0,0,0,0,0,0,0,0,-24000,0,0,0,0,24000,-24000,-24000
048976,華擎元大94購01  ,0,0,0,0,0,0,0,0,0,-24000,0,0,0,13000,37000,-24000,-24000
044839,同欣電元大91購02,0,0,0,0,0,0,0,0,0,-24000,0,0,0,0,24000,-24000,-24000
00733,富邦臺灣中小    ,0,0,0,0,0,0,0,0,0,-24000,0,0,0,199000,223000,-24000,-24000
047806,旺宏凱基93購05  ,0,0,0,0,0,0,0,0,0,-24000,0,0,0,75000,99000,-24000,-24000
047565,美律國票93購02  ,0,0,0,0,0,0,0,0,0,-24000,0,0,0,0,24000,-24000,-24000
047269,同欣電康和93購01,0,0,0,0,0,0,0,0,0,-24000,0,0,0,0,24000,-24000,-24000
047281,超眾永豐93購02  ,0,0,0,0,0,0,0,0,0,-24000,0,0,0,0,24000,-24000,-24000
04698P,臺股指元富94售04,0,0,0,0,0,0,0,0,0,-24000,0,0,0,1000,25000,-24000,-24000
049167,元油2X凱基97購03,0,0,0,0,0,0,0,0,0,-24000,0,0,0,6000,30000,-24000,-24000
045926,康控康和92購01  ,0,0,0,0,0,0,0,0,0,-24000,0,0,0,0,24000,-24000,-24000
05146P,鴻海元大95售10  ,0,0,0,0,0,0,0,0,0,-24000,0,0,0,302000,326000,-24000,-24000
051230,聯詠群益95購01  ,0,0,0,0,0,0,0,0,0,-24000,0,0,0,39000,63000,-24000,-24000
052039,聯詠永昌96購01  ,0,0,0,0,0,0,0,0,0,-24000,0,0,0,29000,53000,-24000,-24000
050805,光寶科日盛95購01,0,0,0,0,0,0,0,0,0,-24000,0,0,0,30000,54000,-24000,-24000
05062P,大立光富邦98售03,0,0,0,0,0,0,0,0,0,-24000,0,0,0,80000,104000,-24000,-24000
3617,碩天            ,14000,37000,-23000,0,0,0,0,0,0,-1000,0,1000,-1000,0,0,0,-24000
3321,同泰            ,55000,31000,24000,0,0,0,0,0,0,-48000,0,48000,-48000,0,0,0,-24000
8464,億豐            ,141000,245000,-104000,0,0,0,82000,0,82000,-2000,0,2000,-2000,0,0,0,-24000
2704,國賓            ,68000,91000,-23000,0,0,0,0,0,0,-1000,0,1000,-1000,0,0,0,-24000
05593P,鴻海國票97售03  ,0,0,0,0,0,0,0,0,0,-24000,0,0,0,0,24000,-24000,-24000
052611,力成元大96購02  ,0,0,0,0,0,0,0,0,0,-25000,0,0,0,13000,38000,-25000,-25000
053074,嘉晶永豐96購02  ,0,0,0,0,0,0,0,0,0,-25000,0,0,0,0,25000,-25000,-25000
053238,麗豐永豐96購01  ,0,0,0,0,0,0,0,0,0,-25000,0,0,0,0,25000,-25000,-25000
053267,華新科群益96購02,0,0,0,0,0,0,0,0,0,-25000,0,0,0,22000,47000,-25000,-25000
054047,富邦金元大97購01,0,0,0,0,0,0,0,0,0,-25000,0,0,0,160000,185000,-25000,-25000
054251,聯發科元大96購21,0,0,0,0,0,0,0,0,0,-25000,0,0,0,43000,68000,-25000,-25000
053679,緯創富邦96購01  ,0,0,0,0,0,0,0,0,0,-25000,0,0,0,0,25000,-25000,-25000
053670,台積電統一96購09,0,0,0,0,0,0,0,0,0,-25000,0,0,0,0,25000,-25000,-25000
054912,群光凱基97購01  ,0,0,0,0,0,0,0,0,0,-25000,0,0,0,0,25000,-25000,-25000
054704,玉晶光第一97購01,0,0,0,0,0,0,0,0,0,-25000,0,0,0,23000,48000,-25000,-25000
054564,玉晶光群益99購01,0,0,0,0,0,0,0,0,0,-25000,0,0,0,100000,125000,-25000,-25000
054527,國巨統一97購03  ,0,0,0,0,0,0,0,0,0,-25000,0,0,0,3000,28000,-25000,-25000
03021P,玉晶光群益02售25,0,0,0,0,0,0,0,0,0,-25000,0,0,0,0,25000,-25000,-25000
03109P,台積電元大01售41,0,0,0,0,0,0,0,0,0,-25000,0,0,0,220000,245000,-25000,-25000
042857,臺指反國票93購01,0,0,0,0,0,0,0,0,0,-25000,0,0,0,0,25000,-25000,-25000
04218P,正文國票93售03  ,0,0,0,0,0,0,0,0,0,-25000,0,0,0,0,25000,-25000,-25000
04395P,台積電群益94售06,0,0,0,0,0,0,0,0,0,-25000,0,0,0,25000,50000,-25000,-25000
044769,智邦元大91購03  ,0,0,0,0,0,0,0,0,0,-25000,0,0,0,0,25000,-25000,-25000
04476P,玉晶光元大94售05,0,0,0,0,0,0,0,0,0,-25000,0,0,0,60000,85000,-25000,-25000
048889,牧德元富94購03  ,0,0,0,0,0,0,0,0,0,-25000,0,0,0,0,25000,-25000,-25000
048926,燿華永豐95購01  ,0,0,0,0,0,0,0,0,0,-25000,0,0,0,18000,43000,-25000,-25000
048595,儒鴻國票96購01  ,0,0,0,0,0,0,0,0,0,-25000,0,0,0,0,25000,-25000,-25000
045327,智伸科永豐92購01,0,0,0,0,0,0,0,0,0,-25000,0,0,0,0,25000,-25000,-25000
048100,貿聯凱基93購02  ,0,0,0,0,0,0,0,0,0,-25000,0,0,0,253000,278000,-25000,-25000
048102,矽力凱基94購01  ,0,0,0,0,0,0,0,0,0,-25000,0,0,0,3000,28000,-25000,-25000
048231,台表科凱基93購06,0,0,0,0,0,0,0,0,0,-25000,0,0,0,5000,30000,-25000,-25000
048816,光寶科凱基94購01,0,0,0,0,0,0,0,0,0,-25000,0,0,0,0,25000,-25000,-25000
048425,聯茂元富96購02  ,0,0,0,0,0,0,0,0,0,-25000,0,0,0,0,25000,-25000,-25000
049139,台積電元大94購06,0,0,0,0,0,0,0,0,0,-25000,0,0,0,66000,91000,-25000,-25000
049562,和大統一94購01  ,0,0,0,0,0,0,0,0,0,-25000,0,0,0,10000,35000,-25000,-25000
045961,宏達電凱基92購03,0,0,0,0,0,0,0,0,0,-25000,0,0,0,0,25000,-25000,-25000
04715P,聯茂元大94售06  ,0,0,0,0,0,0,0,0,0,-25000,0,0,0,0,25000,-25000,-25000
049040,亞光兆豐95購01  ,0,0,0,0,0,0,0,0,0,-25000,0,0,0,0,25000,-25000,-25000
048616,智伸科凱基93購07,0,0,0,0,0,0,0,0,0,-25000,0,0,0,0,25000,-25000,-25000
047954,漢唐永豐93購02  ,0,0,0,0,0,0,0,0,0,-25000,0,0,0,0,25000,-25000,-25000
047533,瑞儀元大93購02  ,0,0,0,0,0,0,0,0,0,-25000,0,0,0,1000,26000,-25000,-25000
04767P,台積電國泰95售04,0,0,0,0,0,0,0,0,0,-25000,0,0,0,0,25000,-25000,-25000
050764,鴻海元大94購27  ,0,0,0,0,0,0,0,0,0,-25000,0,0,0,693000,718000,-25000,-25000
050719,世紀鋼群益96購01,0,0,0,0,0,0,0,0,0,-25000,0,0,0,0,25000,-25000,-25000
05204P,TPK元大95售03   ,0,0,0,0,0,0,0,0,0,-25000,0,0,0,195000,220000,-25000,-25000
052185,奇力新群益95購03,0,0,0,0,0,0,0,0,0,-25000,0,0,0,46000,71000,-25000,-25000
051841,南茂國泰96購01  ,0,0,0,0,0,0,0,0,0,-25000,0,0,0,25000,50000,-25000,-25000
051040,漢唐永豐95購01  ,0,0,0,0,0,0,0,0,0,-25000,0,0,0,0,25000,-25000,-25000
051013,旺宏凱基95購03  ,0,0,0,0,0,0,0,0,0,-25000,0,0,0,0,25000,-25000,-25000
051498,智易群益96購01  ,0,0,0,0,0,0,0,0,0,-25000,0,0,0,0,25000,-25000,-25000
055035,興勤富邦98購01  ,0,0,0,0,0,0,0,0,0,-25000,0,0,0,0,25000,-25000,-25000
055120,南港兆豐97購01  ,0,0,0,0,0,0,0,0,0,-25000,0,0,0,0,25000,-25000,-25000
05819P,臺股指凱基96售16,0,0,0,0,0,0,0,0,0,-25000,0,0,0,0,25000,-25000,-25000
05755P,臺股指中信99售04,0,0,0,0,0,0,0,0,0,-25000,0,0,0,0,25000,-25000,-25000
05695P,台積電凱基96售10,0,0,0,0,0,0,0,0,0,-25000,0,0,0,0,25000,-25000,-25000
3013,晟銘電          ,7000,32000,-25000,0,0,0,0,0,0,0,0,0,0,0,0,0,-25000
1806,冠軍            ,32000,57000,-25000,0,0,0,0,0,0,0,0,0,0,0,0,0,-25000
8404,百和興業-KY     ,58000,61000,-3000,0,0,0,0,0,0,-22000,0,22000,-22000,0,0,0,-25000
5531,鄉林            ,77000,102000,-25000,0,0,0,0,0,0,0,0,0,0,0,0,0,-25000
01002T,土銀國泰R1      ,1988,27000,-25012,0,0,0,0,0,0,0,0,0,0,0,0,0,-25012
054767,日電貿國票98購01,0,0,0,0,0,0,0,0,0,-26000,0,0,0,0,26000,-26000,-26000
053893,京鼎群益97購02  ,0,0,0,0,0,0,0,0,0,-26000,0,0,0,0,26000,-26000,-26000
054168,貿聯凱基97購02  ,0,0,0,0,0,0,0,0,0,-26000,0,0,0,206000,232000,-26000,-26000
053295,奇力新中信96購01,0,0,0,0,0,0,0,0,0,-26000,0,0,0,31000,57000,-26000,-26000
053164,台光電群益96購02,0,0,0,0,0,0,0,0,0,-26000,0,0,0,15000,41000,-26000,-26000
053644,台表科國票97購03,0,0,0,0,0,0,0,0,0,-26000,0,0,0,0,26000,-26000,-26000
052935,康友元大96購03  ,0,0,0,0,0,0,0,0,0,-26000,0,0,0,165000,191000,-26000,-26000
042387,台積電永昌93購02,0,0,0,0,0,0,0,0,0,-26000,0,0,0,86000,112000,-26000,-26000
043511,上銀富邦93購01  ,0,0,0,0,0,0,0,0,0,-26000,0,0,0,104000,130000,-26000,-26000
04584P,楠梓電永豐94售01,0,0,0,0,0,0,0,0,0,-26000,0,0,0,0,26000,-26000,-26000
045138,技嘉兆豐92購01  ,0,0,0,0,0,0,0,0,0,-26000,0,0,0,2000,28000,-26000,-26000
044218,禾伸堂凱基91購01,0,0,0,0,0,0,0,0,0,-26000,0,0,0,30000,56000,-26000,-26000
046433,康友中信92購01  ,0,0,0,0,0,0,0,0,0,-26000,0,0,0,0,26000,-26000,-26000
047466,新光金國泰95購01,0,0,0,0,0,0,0,0,0,-26000,0,0,0,24000,50000,-26000,-26000
048696,台達電國票96購01,0,0,0,0,0,0,0,0,0,-26000,0,0,0,2000,28000,-26000,-26000
047903,滬深2X元大96購01,0,0,0,0,0,0,0,0,0,-26000,0,0,0,0,26000,-26000,-26000
049170,亞德客凱基94購01,0,0,0,0,0,0,0,0,0,-26000,0,0,0,0,26000,-26000,-26000
048422,瑞昱元富96購02  ,0,0,0,0,0,0,0,0,0,-26000,0,0,0,0,26000,-26000,-26000
048394,正崴國票94購01  ,0,0,0,0,0,0,0,0,0,-26000,0,0,0,6000,32000,-26000,-26000
048168,致茂永豐93購02  ,0,0,0,0,0,0,0,0,0,-26000,0,0,0,12000,38000,-26000,-26000
051324,康友國票96購01  ,0,0,0,0,0,0,0,0,0,-26000,0,0,0,0,26000,-26000,-26000
051167,京鼎元大95購01  ,0,0,0,0,0,0,0,0,0,-26000,0,0,0,10000,36000,-26000,-26000
051301,聯發科凱基95購08,0,0,0,0,0,0,0,0,0,-26000,0,0,0,380000,406000,-26000,-26000
051870,台郡凱基95購04  ,0,0,0,0,0,0,0,0,0,-26000,0,0,0,68000,94000,-26000,-26000
052309,健策國泰97購01  ,0,0,0,0,0,0,0,0,0,-26000,0,0,0,440000,466000,-26000,-26000
050713,矽格麥證94購01  ,0,0,0,0,26000,-26000,0,0,0,-26000,0,0,0,0,26000,-26000,-26000
050849,智伸科國票95購01,0,0,0,0,0,0,0,0,0,-26000,0,0,0,0,26000,-26000,-26000
4952,凌通            ,27000,52000,-25000,0,0,0,0,0,0,-1000,0,1000,-1000,0,0,0,-26000
05678P,群創群益97售01  ,0,0,0,0,0,0,0,0,0,-26000,0,0,0,0,26000,-26000,-26000
052987,華新科元大99購01,0,0,0,0,0,0,0,0,0,-27000,0,0,0,4000,31000,-27000,-27000
053505,瑞儀兆豐97購01  ,0,0,0,0,0,0,0,0,0,-27000,0,0,0,93000,120000,-27000,-27000
053148,華邦電元大96購01,0,0,0,0,0,0,0,0,0,-27000,0,0,0,157000,184000,-27000,-27000
053037,國巨凱基96購08  ,0,0,0,0,0,0,0,0,0,-27000,0,0,0,30000,57000,-27000,-27000
054264,超眾元大97購02  ,0,0,0,0,0,0,0,0,0,-27000,0,0,0,0,27000,-27000,-27000
053781,友達元大9B購03  ,0,0,0,0,0,0,0,0,0,-27000,0,0,0,50000,77000,-27000,-27000
054970,帆宣元大97購01  ,0,0,0,0,0,0,0,0,0,-27000,0,0,0,0,27000,-27000,-27000
048874,玉晶光國票96購01,0,0,0,0,0,0,0,0,0,-27000,0,0,0,3000,30000,-27000,-27000
047870,嘉澤永豐93購02  ,0,0,0,0,0,0,0,0,0,-27000,0,0,0,27000,54000,-27000,-27000
043601,亞光元大93購01  ,0,0,0,0,0,0,0,0,0,-27000,0,0,0,16000,43000,-27000,-27000
042527,台灣50永豐94購01,0,0,0,0,0,0,0,0,0,-27000,0,0,0,25000,52000,-27000,-27000
03253P,台灣50國泰03售02,0,0,0,0,0,0,0,0,0,-27000,0,0,0,463000,490000,-27000,-27000
046149,宏達電國票93購01,0,0,0,0,0,0,0,0,0,-27000,0,0,0,40000,67000,-27000,-27000
049829,裕民凱基94購01  ,0,0,0,0,0,0,0,0,0,-27000,0,0,0,0,27000,-27000,-27000
046354,聯詠群益92購02  ,0,0,0,0,0,0,0,0,0,-27000,0,0,0,23000,50000,-27000,-27000
046931,聯詠統一93購01  ,0,0,0,0,0,0,0,0,0,-27000,0,0,0,335000,362000,-27000,-27000
048033,大立光凱基93購28,0,0,0,0,0,0,0,0,0,-27000,0,0,0,48000,75000,-27000,-27000
046458,大立光凱基92購11,0,0,0,0,0,0,0,0,0,-27000,0,0,0,10000,37000,-27000,-27000
050728,新日興國票94購01,0,0,0,0,0,0,0,0,0,-27000,0,0,0,0,27000,-27000,-27000
050451,嘉晶元大95購01  ,0,0,0,0,0,0,0,0,0,-27000,0,0,0,0,27000,-27000,-27000
050389,鴻海統一95購04  ,0,0,0,0,0,0,0,0,0,-27000,0,0,0,370000,397000,-27000,-27000
050239,廣達凱基94購01  ,0,0,0,0,0,0,0,0,0,-27000,0,0,0,30000,57000,-27000,-27000
052290,鴻海元富97購01  ,0,0,0,0,0,0,0,0,0,-27000,0,0,0,0,27000,-27000,-27000
051260,鴻海永昌96購04  ,0,0,0,0,0,0,0,0,0,-27000,0,0,0,2782000,2809000,-27000,-27000
051079,鴻海富邦96購02  ,0,0,0,0,0,0,0,0,0,-27000,0,0,0,3000,30000,-27000,-27000
051072,強茂國票95購02  ,0,0,0,0,0,0,0,0,0,-27000,0,0,0,0,27000,-27000,-27000
05912P,和大元大96售01  ,0,0,0,0,0,0,0,0,0,-27000,0,0,0,75000,102000,-27000,-27000
1558,伸興            ,2000,26000,-24000,0,0,0,0,0,0,-3000,0,3000,-3000,0,0,0,-27000
2912,統一超          ,687000,726000,-39000,0,0,0,22000,10000,12000,0,4000,4000,0,0,0,0,-27000
2636,台驊投控        ,2000,29000,-27000,0,0,0,0,0,0,0,0,0,0,0,0,0,-27000
2852,第一保          ,0,27000,-27000,0,0,0,0,0,0,0,0,0,0,0,0,0,-27000
4564,元翎            ,94000,118000,-24000,0,0,0,0,0,0,-3000,0,0,0,0,3000,-3000,-27000
054733,鴻海凱基98購04  ,0,0,0,0,0,0,0,0,0,-28000,0,0,0,0,28000,-28000,-28000
054796,康普群益98購01  ,0,0,0,0,0,0,0,0,0,-28000,0,0,0,10000,38000,-28000,-28000
053693,欣興元大96購05  ,0,0,0,0,0,0,0,0,0,-28000,0,0,0,109000,137000,-28000,-28000
053940,康友元富96購01  ,0,0,0,0,0,0,0,0,0,-28000,0,0,0,87000,115000,-28000,-28000
053843,訊芯統一96購01  ,0,0,0,0,0,0,0,0,0,-28000,0,0,0,48000,76000,-28000,-28000
052462,上銀統一95購03  ,0,0,0,0,0,0,0,0,0,-28000,0,0,0,25000,53000,-28000,-28000
043047,永冠國泰93購01  ,0,0,0,0,0,0,0,0,0,-28000,0,0,0,62000,90000,-28000,-28000
043037,新光金統一92購01,0,0,0,0,0,0,0,0,0,-28000,0,0,0,0,28000,-28000,-28000
006205,富邦上証        ,0,0,0,0,0,0,0,0,0,-28000,0,135000,-135000,1038000,931000,107000,-28000
041916,大立光中信93購01,0,0,0,0,0,0,0,0,0,-28000,0,0,0,2000,30000,-28000,-28000
042433,元油2X永豐96購01,0,0,0,0,0,0,0,0,0,-28000,0,0,0,0,28000,-28000,-28000
045230,嘉聯益元大93購01,0,0,0,0,0,0,0,0,0,-28000,0,0,0,3000,31000,-28000,-28000
044340,TPK統一93購01   ,0,0,0,0,0,0,0,0,0,-28000,0,0,0,56000,84000,-28000,-28000
046489,大立光永昌92購01,0,0,0,0,0,0,0,0,0,-28000,0,0,0,8000,36000,-28000,-28000
047691,群創第一93購01  ,0,0,0,0,0,0,0,0,0,-28000,0,0,0,0,28000,-28000,-28000
047612,瑞昱群益93購03  ,0,0,0,0,0,0,0,0,0,-28000,0,0,0,22000,50000,-28000,-28000
047550,聯發科凱基93購13,0,0,0,0,0,0,0,0,0,-28000,0,0,0,46000,74000,-28000,-28000
047724,智邦群益93購03  ,0,0,0,0,0,0,0,0,0,-28000,0,0,0,0,28000,-28000,-28000
046357,聯發科台新92購01,0,0,0,0,0,0,0,0,0,-28000,0,0,0,1000,29000,-28000,-28000
04708P,國巨元大94售11  ,0,0,0,0,0,0,0,0,0,-28000,0,0,0,0,28000,-28000,-28000
047897,可成群益94購01  ,0,0,0,0,0,0,0,0,0,-28000,0,0,0,242000,270000,-28000,-28000
049544,台積電群益94購08,0,0,0,0,0,0,0,0,0,-28000,0,0,0,0,28000,-28000,-28000
046158,聯發科群益92購02,0,0,0,0,0,0,0,0,0,-28000,0,0,0,109000,137000,-28000,-28000
048193,旺宏元大94購05  ,0,0,0,0,0,0,0,0,0,-28000,0,0,0,64000,92000,-28000,-28000
048217,亞德客凱基93購06,0,0,0,0,0,0,0,0,0,-28000,0,0,0,4000,32000,-28000,-28000
051412,奇力新國票96購01,0,0,0,0,0,0,0,0,0,-28000,0,0,0,0,28000,-28000,-28000
051409,美律國票96購01  ,0,0,0,0,0,0,0,0,0,-28000,0,0,0,20000,48000,-28000,-28000
051518,富邦金凱基95購01,0,0,0,0,0,0,0,0,0,-28000,0,0,0,2000,30000,-28000,-28000
05181P,健策凱基95售01  ,0,0,0,0,0,0,0,0,0,-28000,0,0,0,17000,45000,-28000,-28000
050006,華擎永豐94購03  ,0,0,0,0,0,0,0,0,0,-28000,0,0,0,95000,123000,-28000,-28000
049325,智邦元富94購02  ,0,0,0,0,0,0,0,0,0,-28000,0,0,0,98000,126000,-28000,-28000
050633,義隆群益96購02  ,0,0,0,0,0,0,0,0,0,-28000,0,0,0,114000,142000,-28000,-28000
3557,嘉威            ,11000,39000,-28000,0,0,0,0,0,0,0,0,0,0,0,0,0,-28000
2850,新產            ,14000,42000,-28000,0,0,0,0,0,0,0,0,0,0,0,0,0,-28000
1319,東陽            ,122000,215000,-93000,0,0,0,78000,0,78000,-13000,1000,8000,-7000,0,6000,-6000,-28000
05784P,臺股指元大96售18,0,0,0,0,0,0,0,0,0,-28000,0,0,0,7000,35000,-28000,-28000
05503P,智邦日盛96售01  ,0,0,0,0,0,0,0,0,0,-28000,0,0,0,36000,64000,-28000,-28000
055042,得力永豐97購01  ,0,0,0,0,0,0,0,0,0,-28000,0,0,0,32000,60000,-28000,-28000
052509,鴻海凱基96購10  ,0,0,0,0,0,0,0,0,0,-29000,0,0,0,1000,30000,-29000,-29000
052738,聯電元大98購02  ,0,0,0,0,0,0,0,0,0,-29000,0,0,0,149000,178000,-29000,-29000
05363P,臺股指富邦95售03,0,0,0,0,0,0,0,0,0,-29000,0,0,0,21000,50000,-29000,-29000
053950,緯穎富邦97購02  ,0,0,0,0,0,0,0,0,0,-29000,0,0,0,1000,30000,-29000,-29000
054221,華新科統一96購05,0,0,0,0,0,0,0,0,0,-29000,0,0,0,3000,32000,-29000,-29000
054522,康友元大96購07  ,0,0,0,0,0,0,0,0,0,-29000,0,0,0,90000,119000,-29000,-29000
044201,群創國票95購01  ,0,0,0,0,0,0,0,0,0,-29000,0,0,0,1326000,1355000,-29000,-29000
044718,宏達電統一93購02,0,0,0,0,0,0,0,0,0,-29000,0,0,0,1000,30000,-29000,-29000
045677,聯發科元大92購10,0,0,0,0,0,0,0,0,0,-29000,0,0,0,1000,30000,-29000,-29000
043759,貿聯元大91購03  ,0,0,0,0,0,0,0,0,0,-29000,0,0,0,75000,104000,-29000,-29000
04507P,台光電元大94售03,0,0,0,0,0,0,0,0,0,-29000,0,0,0,50000,79000,-29000,-29000
043177,致新國泰93購01  ,0,0,0,0,0,0,0,0,0,-29000,0,0,0,0,29000,-29000,-29000
03415B,臺股指元大93熊49,0,0,0,0,0,0,0,0,0,-29000,0,0,0,87000,116000,-29000,-29000
048186,元黃金元大96購01,0,0,0,0,0,0,0,0,0,-29000,0,0,0,9000,38000,-29000,-29000
046294,台勝科統一92購01,0,0,0,0,0,0,0,0,0,-29000,0,0,0,168000,197000,-29000,-29000
049051,滬深2X永豐94購05,0,0,0,0,0,0,0,0,0,-29000,0,0,0,0,29000,-29000,-29000
046904,大毅凱基93購01  ,0,0,0,0,0,0,0,0,0,-29000,0,0,0,0,29000,-29000,-29000
046969,聯發科群益93購05,0,0,0,0,0,0,0,0,0,-29000,0,0,0,28000,57000,-29000,-29000
04694P,TPK台新94售02   ,0,0,0,0,0,0,0,0,0,-29000,0,0,0,0,29000,-29000,-29000
046828,聯發科群益94購01,0,0,0,0,0,0,0,0,0,-29000,0,0,0,2000,31000,-29000,-29000
046848,和大元大93購01  ,0,0,0,0,0,0,0,0,0,-29000,0,0,0,23000,52000,-29000,-29000
050708,臺股指凱基96購06,0,0,0,0,0,0,0,0,0,-29000,0,0,0,228000,257000,-29000,-29000
050433,華新科凱基94購11,0,0,0,0,0,0,0,0,0,-29000,0,0,0,100000,129000,-29000,-29000
050281,台積電日盛94購03,0,0,0,0,0,0,0,0,0,-29000,0,0,0,0,29000,-29000,-29000
050528,瑞儀元大94購02  ,0,0,0,0,0,0,0,0,0,-29000,0,0,0,175000,204000,-29000,-29000
049225,達方國票94購01  ,0,0,0,0,0,0,0,0,0,-29000,0,0,0,0,29000,-29000,-29000
051939,同欣電群益97購01,0,0,0,0,0,0,0,0,0,-29000,0,0,0,96000,125000,-29000,-29000
052275,日月光群益95購01,0,0,0,0,0,0,0,0,0,-29000,0,0,0,0,29000,-29000,-29000
05218P,大立光永昌96售04,0,0,0,0,0,0,0,0,0,-29000,0,0,0,612000,641000,-29000,-29000
051093,聯詠元大95購01  ,0,0,0,0,0,0,0,0,0,-29000,0,0,0,0,29000,-29000,-29000
2642,宅配通          ,4000,33000,-29000,0,0,0,0,0,0,0,0,0,0,0,0,0,-29000
2496,卓越            ,0,29000,-29000,0,0,0,0,0,0,0,0,0,0,0,0,0,-29000
3311,閎暉            ,5000,34000,-29000,0,0,0,0,0,0,0,0,0,0,0,0,0,-29000
5525,順天            ,6000,35000,-29000,0,0,0,0,0,0,0,0,0,0,0,0,0,-29000
054363,世芯凱基97購01  ,0,0,0,0,0,0,0,0,0,-30000,0,0,0,0,30000,-30000,-30000
054406,旺宏國票98購01  ,0,0,0,0,0,0,0,0,0,-30000,0,0,0,0,30000,-30000,-30000
054305,光磊凱基98購01  ,0,0,0,0,0,0,0,0,0,-30000,0,0,0,68000,98000,-30000,-30000
054678,麗豐台新98購02  ,0,0,0,0,0,0,0,0,0,-30000,0,0,0,0,30000,-30000,-30000
054635,台達電中信98購01,0,0,0,0,0,0,0,0,0,-30000,0,0,0,20000,50000,-30000,-30000
055005,晶相光元富97購01,0,0,0,0,0,0,0,0,0,-30000,0,0,0,0,30000,-30000,-30000
054843,中環兆豐97購01  ,0,0,0,0,0,0,0,0,0,-30000,0,0,0,0,30000,-30000,-30000
054833,京鼎中信97購01  ,0,0,0,0,0,0,0,0,0,-30000,0,0,0,0,30000,-30000,-30000
054154,智易國泰97購01  ,0,0,0,0,0,0,0,0,0,-30000,0,0,0,0,30000,-30000,-30000
054155,美律第一96購01  ,0,0,0,0,0,0,0,0,0,-30000,0,0,0,0,30000,-30000,-30000
054202,樺漢富邦97購01  ,0,0,0,0,0,0,0,0,0,-30000,0,0,0,0,30000,-30000,-30000
054092,大立光群益97購01,0,0,0,0,0,0,0,0,0,-30000,0,0,0,0,30000,-30000,-30000
053906,宏達電凱基96購02,0,0,0,0,0,0,0,0,0,-30000,0,0,0,0,30000,-30000,-30000
053669,台積電統一96購08,0,0,0,0,0,0,0,0,0,-30000,0,0,0,10000,40000,-30000,-30000
053789,彩晶元大9C購02  ,0,0,0,0,0,0,0,0,0,-30000,0,0,0,100000,130000,-30000,-30000
053022,欣興國泰98購01  ,0,0,0,0,0,0,0,0,0,-30000,0,0,0,0,30000,-30000,-30000
052725,為升元富96購01  ,0,0,0,0,0,0,0,0,0,-30000,0,0,0,20000,50000,-30000,-30000
052709,光寶科日盛96購01,0,0,0,0,0,0,0,0,0,-30000,0,0,0,0,30000,-30000,-30000
052945,嘉晶國票97購01  ,0,0,0,0,0,0,0,0,0,-30000,0,0,0,8000,38000,-30000,-30000
05288P,寶成元富95售02  ,0,0,0,0,0,0,0,0,0,-30000,0,0,0,0,30000,-30000,-30000
052406,力成凱基95購03  ,0,0,0,0,0,0,0,0,0,-30000,0,0,0,0,30000,-30000,-30000
043148,裕隆統一93購01  ,0,0,0,0,0,0,0,0,0,-30000,0,0,0,0,30000,-30000,-30000
043029,S&P反1統一93購01,0,0,0,0,0,0,0,0,0,-30000,0,0,0,0,30000,-30000,-30000
03912P,臺股指元大93售36,0,0,0,0,0,0,0,0,0,-30000,0,0,0,80000,110000,-30000,-30000
03932P,欣興統一93售01  ,0,0,0,0,0,0,0,0,0,-30000,0,0,0,0,30000,-30000,-30000
00683L,元大美元指數正2 ,0,0,0,0,0,0,0,0,0,-30000,0,0,0,40000,70000,-30000,-30000
03622P,台光電中信92售01,0,0,0,0,0,0,0,0,0,-30000,0,0,0,0,30000,-30000,-30000
03751P,旺宏富邦95售01  ,0,0,0,0,0,0,0,0,0,-30000,0,0,0,0,30000,-30000,-30000
04222P,台積電統一93售08,0,0,0,0,0,0,0,0,0,-30000,0,0,0,20000,50000,-30000,-30000
041976,可成中信92購01  ,0,0,0,0,0,0,0,0,0,-30000,0,0,0,0,30000,-30000,-30000
04354P,華新科永豐94售01,0,0,0,0,0,0,0,0,0,-30000,0,0,0,0,30000,-30000,-30000
040987,上証2X凱基92購01,0,0,0,0,0,0,0,0,0,-30000,0,0,0,0,30000,-30000,-30000
044648,奇鋐群益93購01  ,0,0,0,0,0,0,0,0,0,-30000,0,0,0,0,30000,-30000,-30000
045346,潤泰全凱基92購02,0,0,0,0,0,0,0,0,0,-30000,0,0,0,0,30000,-30000,-30000
045353,聯詠凱基92購03  ,0,0,0,0,0,0,0,0,0,-30000,0,0,0,20000,50000,-30000,-30000
045301,聯發科元大92購05,0,0,0,0,0,0,0,0,0,-30000,0,0,0,0,30000,-30000,-30000
048865,世紀鋼群益94購01,0,0,0,0,0,0,0,0,0,-30000,0,0,0,0,30000,-30000,-30000
048844,訊芯凱基94購02  ,0,0,0,0,0,0,0,0,0,-30000,0,0,0,0,30000,-30000,-30000
045662,華邦電統一94購02,0,0,0,0,0,0,0,0,0,-30000,0,0,0,150000,180000,-30000,-30000
04415P,牧德元富94售05  ,0,0,0,0,0,0,0,0,0,-30000,0,0,0,0,30000,-30000,-30000
044236,瑞昱永豐91購01  ,0,0,0,0,0,0,0,0,0,-30000,0,0,0,10000,40000,-30000,-30000
04492P,元油2X永豐94售03,0,0,0,0,0,0,0,0,0,-30000,0,0,0,0,30000,-30000,-30000
045738,強茂群益92購01  ,0,0,0,0,0,0,0,0,0,-30000,0,0,0,10000,40000,-30000,-30000
045795,瀚宇博兆豐94購01,0,0,0,0,0,0,0,0,0,-30000,0,0,0,7000,37000,-30000,-30000
045780,奇鋐元大94購01  ,0,0,0,0,0,0,0,0,0,-30000,0,0,0,0,30000,-30000,-30000
046886,喬山群益93購01  ,0,0,0,0,0,0,0,0,0,-30000,0,0,0,0,30000,-30000,-30000
046948,聯詠元大93購03  ,0,0,0,0,0,0,0,0,0,-30000,0,0,0,0,30000,-30000,-30000
045931,緯穎永豐93購01  ,0,0,0,0,0,0,0,0,0,-30000,0,0,0,0,30000,-30000,-30000
046016,緯穎元富92購04  ,0,0,0,0,0,0,0,0,0,-30000,0,0,0,10000,40000,-30000,-30000
047026,大毅元大93購02  ,0,0,0,0,0,0,0,0,0,-30000,0,0,0,27000,57000,-30000,-30000
047034,東陽群益93購01  ,0,0,0,0,0,0,0,0,0,-30000,0,0,0,15000,45000,-30000,-30000
047114,全新元大94購01  ,0,0,0,0,0,0,0,0,0,-30000,0,0,0,0,30000,-30000,-30000
047087,亞泥元富93購01  ,0,0,0,0,0,0,0,0,0,-30000,0,0,0,20000,50000,-30000,-30000
047910,全新麥證94購01  ,0,0,0,40000,70000,-30000,0,0,0,-30000,0,0,0,40000,70000,-30000,-30000
047518,儒鴻元大93購07  ,0,0,0,0,0,0,0,0,0,-30000,0,0,0,77000,107000,-30000,-30000
047500,裕隆永豐93購01  ,0,0,0,0,0,0,0,0,0,-30000,0,0,0,0,30000,-30000,-30000
048067,台光電元富93購01,0,0,0,0,0,0,0,0,0,-30000,0,0,0,0,30000,-30000,-30000
048316,可成凱基93購15  ,0,0,0,0,0,0,0,0,0,-30000,0,0,0,0,30000,-30000,-30000
047997,南亞科元大93購03,0,0,0,0,0,0,0,0,0,-30000,0,0,0,15000,45000,-30000,-30000
047249,欣興群益93購03  ,0,0,0,0,0,0,0,0,0,-30000,0,0,0,0,30000,-30000,-30000
047970,鴻海富邦95購01  ,0,0,0,0,0,0,0,0,0,-30000,0,0,0,0,30000,-30000,-30000
047974,新光金兆豐93購01,0,0,0,0,0,0,0,0,0,-30000,0,0,0,0,30000,-30000,-30000
046299,大立光富邦93購04,0,0,0,0,0,0,0,0,0,-30000,0,0,0,10000,40000,-30000,-30000
049106,大立光富邦94購01,0,0,0,0,0,0,0,0,0,-30000,0,0,0,0,30000,-30000,-30000
04980P,臺股指凱基96售08,0,0,0,0,0,0,0,0,0,-30000,0,0,0,0,30000,-30000,-30000
049869,訊芯兆豐94購01  ,0,0,0,0,0,0,0,0,0,-30000,0,0,0,0,30000,-30000,-30000
049880,健策永豐94購02  ,0,0,0,0,0,0,0,0,0,-30000,0,0,0,96000,126000,-30000,-30000
048240,嘉聯益國票94購03,0,0,0,0,0,0,0,0,0,-30000,0,0,0,40000,70000,-30000,-30000
048801,漢唐富邦96購02  ,0,0,0,0,0,0,0,0,0,-30000,0,0,0,10000,40000,-30000,-30000
048129,力成元大93購02  ,0,0,0,0,0,0,0,0,0,-30000,0,0,0,0,30000,-30000,-30000
048098,嘉澤凱基93購04  ,0,0,0,0,0,0,0,0,0,-30000,0,0,0,37000,67000,-30000,-30000
047396,力成元大93購01  ,0,0,0,0,0,0,0,0,0,-30000,0,0,0,0,30000,-30000,-30000
04665P,臺股指國票94售04,0,0,0,0,0,0,0,0,0,-30000,0,0,0,0,30000,-30000,-30000
047348,台光電凱基94購02,0,0,0,0,0,0,0,0,0,-30000,0,0,0,0,30000,-30000,-30000
051160,亞德客元大95購02,0,0,0,0,0,0,0,0,0,-30000,0,0,0,105000,135000,-30000,-30000
051138,訊連永豐95購01  ,0,0,0,0,0,0,0,0,0,-30000,0,0,0,0,30000,-30000,-30000
051070,正崴國票96購01  ,0,0,0,0,0,0,0,0,0,-30000,0,0,0,0,30000,-30000,-30000
051201,台積電麥證95購02,0,0,0,30000,60000,-30000,0,0,0,-30000,0,0,0,30000,60000,-30000,-30000
051404,牧德永豐96購01  ,0,0,0,0,0,0,0,0,0,-30000,0,0,0,3000,33000,-30000,-30000
052057,臺股指凱基95購15,0,0,0,0,0,0,0,0,0,-30000,0,0,0,5000,35000,-30000,-30000
052018,京鼎永豐95購02  ,0,0,0,0,0,0,0,0,0,-30000,0,0,0,250000,280000,-30000,-30000
052254,康友永豐95購03  ,0,0,0,0,0,0,0,0,0,-30000,0,0,0,51000,81000,-30000,-30000
052218,大立光日盛95購01,0,0,0,0,0,0,0,0,0,-30000,0,0,0,0,30000,-30000,-30000
05169P,玉晶光元大95售03,0,0,0,0,0,0,0,0,0,-30000,0,0,0,10000,40000,-30000,-30000
049394,T50反1群益94購01,0,0,0,0,0,0,0,0,0,-30000,0,0,0,0,30000,-30000,-30000
050102,鴻海富邦95購04  ,0,0,0,0,0,0,0,0,0,-30000,0,0,0,2000,32000,-30000,-30000
049967,華新科國票94購07,0,0,0,0,0,0,0,0,0,-30000,0,0,0,29000,59000,-30000,-30000
050467,力成中信94購01  ,0,0,0,0,0,0,0,0,0,-30000,0,0,0,0,30000,-30000,-30000
050618,緯創元大95購01  ,0,0,0,0,0,0,0,0,0,-30000,0,0,0,34000,64000,-30000,-30000
050552,禾伸堂凱基94購05,0,0,0,0,0,0,0,0,0,-30000,0,0,0,88000,118000,-30000,-30000
050686,欣興兆豐96購01  ,0,0,0,0,0,0,0,0,0,-30000,0,0,0,20000,50000,-30000,-30000
050853,南電國票96購01  ,0,0,0,0,0,0,0,0,0,-30000,0,0,0,0,30000,-30000,-30000
050825,嘉澤凱基95購01  ,0,0,0,0,0,0,0,0,0,-30000,0,0,0,30000,60000,-30000,-30000
4960,誠美材          ,0,30000,-30000,0,0,0,0,0,0,0,0,0,0,0,0,0,-30000
3059,華晶科          ,145000,174000,-29000,0,0,0,0,0,0,-1000,0,1000,-1000,0,0,0,-30000
1435,中福            ,0,30000,-30000,0,0,0,0,0,0,0,0,0,0,0,0,0,-30000
055113,大立光凱基98購06,0,0,0,0,0,0,0,0,0,-30000,0,0,0,0,30000,-30000,-30000
05514P,康舒永豐96售01  ,0,0,0,0,0,0,0,0,0,-30000,0,0,0,0,30000,-30000,-30000
05649P,矽創國票97售03  ,0,0,0,0,0,0,0,0,0,-30000,0,0,0,0,30000,-30000,-30000
05899P,臺股指凱基96售30,0,0,0,0,0,0,0,0,0,-30000,0,0,0,2000,32000,-30000,-30000
06151P,華新科元大97售07,0,0,0,0,0,0,0,0,0,-30000,0,0,0,0,30000,-30000,-30000
052450,嘉澤元大95購03  ,0,0,0,0,0,0,0,0,0,-31000,0,0,0,50000,81000,-31000,-31000
054065,樺漢國票97購01  ,0,0,0,0,0,0,0,0,0,-31000,0,0,0,0,31000,-31000,-31000
053984,康友元大96購05  ,0,0,0,0,0,0,0,0,0,-31000,0,0,0,95000,126000,-31000,-31000
054628,可成凱基98購01  ,0,0,0,0,0,0,0,0,0,-31000,0,0,0,173000,204000,-31000,-31000
054323,旺宏台新96購02  ,0,0,0,0,0,0,0,0,0,-31000,0,0,0,70000,101000,-31000,-31000
044930,元黃金富邦93購01,0,0,0,0,0,0,0,0,0,-31000,0,0,0,25000,56000,-31000,-31000
045216,鴻海元大93購02  ,0,0,0,0,0,0,0,0,0,-31000,0,0,0,71000,102000,-31000,-31000
045087,玉晶光元大95購01,0,0,0,0,0,0,0,0,0,-31000,0,0,0,9000,40000,-31000,-31000
045850,嘉澤永豐92購01  ,0,0,0,0,0,0,0,0,0,-31000,0,0,0,18000,49000,-31000,-31000
045830,亞德客群益92購02,0,0,0,0,0,0,0,0,0,-31000,0,0,0,0,31000,-31000,-31000
00715L,街口布蘭特油正2 ,0,0,0,0,0,0,0,0,0,-31000,0,0,0,13000,44000,-31000,-31000
04670P,臺股指國票94售09,0,0,0,0,0,0,0,0,0,-31000,0,0,0,192000,223000,-31000,-31000
046263,智邦凱基92購05  ,0,0,0,0,0,0,0,0,0,-31000,0,0,0,37000,68000,-31000,-31000
049052,台積電永豐94購02,0,0,0,0,0,0,0,0,0,-31000,0,0,0,75000,106000,-31000,-31000
046748,喬山凱基93購01  ,0,0,0,0,0,0,0,0,0,-31000,0,0,0,0,31000,-31000,-31000
050777,臻鼎元大94購05  ,0,0,0,0,0,0,0,0,0,-31000,0,0,0,69000,100000,-31000,-31000
050459,台表科元大94購03,0,0,0,0,0,0,0,0,0,-31000,0,0,0,0,31000,-31000,-31000
049980,奇力新凱基94購04,0,0,0,0,0,0,0,0,0,-31000,0,0,0,31000,62000,-31000,-31000
049289,樺漢兆豐94購01  ,0,0,0,0,0,0,0,0,0,-31000,0,0,0,100000,131000,-31000,-31000
049748,智原永豐94購01  ,0,0,0,0,0,0,0,0,0,-31000,0,0,0,37000,68000,-31000,-31000
049738,神基群益94購01  ,0,0,0,0,0,0,0,0,0,-31000,0,0,0,33000,64000,-31000,-31000
050069,禾伸堂凱基94購04,0,0,0,0,0,0,0,0,0,-31000,0,0,0,191000,222000,-31000,-31000
050072,京鼎凱基94購02  ,0,0,0,0,0,0,0,0,0,-31000,0,0,0,28000,59000,-31000,-31000
051828,微星元大95購03  ,0,0,0,0,0,0,0,0,0,-31000,0,0,0,35000,66000,-31000,-31000
051189,鴻海兆豐96購01  ,0,0,0,0,0,0,0,0,0,-31000,0,0,0,0,31000,-31000,-31000
055108,智邦凱基98購01  ,0,0,0,0,0,0,0,0,0,-31000,0,0,0,0,31000,-31000,-31000
054516,國巨元大97購02  ,0,0,0,0,0,0,0,0,0,-32000,0,0,0,95000,127000,-32000,-32000
053787,健策元大97購02  ,0,0,0,0,0,0,0,0,0,-32000,0,0,0,262000,294000,-32000,-32000
053905,華新科凱基96購10,0,0,0,0,0,0,0,0,0,-32000,0,0,0,306000,338000,-32000,-32000
052377,景碩元大96購02  ,0,0,0,0,0,0,0,0,0,-32000,0,0,0,68000,100000,-32000,-32000
053062,緯穎富邦97購01  ,0,0,0,0,0,0,0,0,0,-32000,0,0,0,43000,75000,-32000,-32000
053533,光罩永豐96購03  ,0,0,0,0,0,0,0,0,0,-32000,0,0,0,0,32000,-32000,-32000
044518,京鼎凱基92購01  ,0,0,0,0,0,0,0,0,0,-32000,0,0,0,0,32000,-32000,-32000
044997,信邦國泰93購01  ,0,0,0,0,0,0,0,0,0,-32000,0,0,0,181000,213000,-32000,-32000
046875,康友元富93購01  ,0,0,0,0,0,0,0,0,0,-32000,0,0,0,30000,62000,-32000,-32000
047952,華通永豐93購03  ,0,0,0,0,0,0,0,0,0,-32000,0,0,0,10000,42000,-32000,-32000
047713,大立光凱基93購24,0,0,0,0,0,0,0,0,0,-32000,0,0,0,0,32000,-32000,-32000
046242,大立光中信93購02,0,0,0,0,0,0,0,0,0,-32000,0,0,0,0,32000,-32000,-32000
049708,滬深2X凱基94購02,0,0,0,0,0,0,0,0,0,-32000,0,0,0,5000,37000,-32000,-32000
049583,台積電元大95購04,0,0,0,0,0,0,0,0,0,-32000,0,0,0,94000,126000,-32000,-32000
051129,GIS群益95購01   ,0,0,0,0,0,0,0,0,0,-32000,0,0,0,0,32000,-32000,-32000
052302,鴻海永豐95購06  ,0,0,0,0,0,0,0,0,0,-32000,0,0,0,68000,100000,-32000,-32000
050092,鴻海永豐94購04  ,0,0,0,0,0,0,0,0,0,-32000,0,0,0,10000,42000,-32000,-32000
05025P,聯發科群益95售02,0,0,0,0,0,0,0,0,0,-32000,0,0,0,13000,45000,-32000,-32000
049974,聯發科日盛94購02,0,0,0,0,0,0,0,0,0,-32000,0,0,0,10000,42000,-32000,-32000
049432,聯詠國票95購01  ,0,0,0,0,0,0,0,0,0,-32000,0,0,0,13000,45000,-32000,-32000
049480,同欣電永豐94購01,0,0,0,0,0,0,0,0,0,-32000,0,0,0,106000,138000,-32000,-32000
050765,鴻海元大96購02  ,0,0,0,0,0,0,0,0,0,-32000,0,0,0,893000,925000,-32000,-32000
055190,華新科元富97購01,0,0,0,0,0,0,0,0,0,-32000,0,0,0,0,32000,-32000,-32000
05521P,創意永豐96售01  ,0,0,0,0,0,0,0,0,0,-32000,0,0,0,42000,74000,-32000,-32000
05696P,南亞科凱基96售01,0,0,0,0,0,0,0,0,0,-32000,0,0,0,28000,60000,-32000,-32000
2329,華泰            ,190000,476000,-286000,0,0,0,0,0,0,254000,0,9000,-9000,272000,9000,263000,-32000
053569,漢唐統一98購01  ,0,0,0,0,0,0,0,0,0,-33000,0,0,0,15000,48000,-33000,-33000
053480,祥碩元大96購02  ,0,0,0,0,0,0,0,0,0,-33000,0,0,0,73000,106000,-33000,-33000
052426,國巨台新96購01  ,0,0,0,0,0,0,0,0,0,-33000,0,0,0,0,33000,-33000,-33000
053788,泰鼎元大97購01  ,0,0,0,0,0,0,0,0,0,-33000,0,0,0,37000,70000,-33000,-33000
053738,群創麥證96購01  ,0,0,0,24000,57000,-33000,0,0,0,-33000,0,0,0,24000,57000,-33000,-33000
05466P,旺宏富邦97售01  ,0,0,0,0,0,0,0,0,0,-33000,0,0,0,7000,40000,-33000,-33000
054872,瀚宇博群益98購01,0,0,0,0,0,0,0,0,0,-33000,0,0,0,0,33000,-33000,-33000
054934,金寶元大97購01  ,0,0,0,0,0,0,0,0,0,-33000,0,0,0,5000,38000,-33000,-33000
043971,友達富邦92購01  ,0,0,0,0,0,0,0,0,0,-33000,0,0,0,7000,40000,-33000,-33000
043895,鴻海群益92購01  ,0,0,0,0,0,0,0,0,0,-33000,0,0,0,11000,44000,-33000,-33000
048935,玉晶光永豐94購04,0,0,0,0,0,0,0,0,0,-33000,0,0,0,177000,210000,-33000,-33000
04131P,裕隆群益93售01  ,0,0,0,0,0,0,0,0,0,-33000,0,0,0,11000,44000,-33000,-33000
03939P,康控元大95售02  ,0,0,0,0,0,0,0,0,0,-33000,0,0,0,0,33000,-33000,-33000
049653,緯穎凱基94購03  ,0,0,0,0,0,0,0,0,0,-33000,0,0,0,1000,34000,-33000,-33000
048823,漢唐凱基94購01  ,0,0,0,0,0,0,0,0,0,-33000,0,0,0,0,33000,-33000,-33000
048185,台郡群益93購04  ,0,0,0,0,0,0,0,0,0,-33000,0,0,0,28000,61000,-33000,-33000
046031,建準元大92購03  ,0,0,0,0,0,0,0,0,0,-33000,0,0,0,55000,88000,-33000,-33000
047010,聯詠統一93購05  ,0,0,0,0,0,0,0,0,0,-33000,0,0,0,381000,414000,-33000,-33000
050841,國巨國票96購02  ,0,0,0,0,0,0,0,0,0,-33000,0,0,0,153000,186000,-33000,-33000
050521,聯發科元大94購15,0,0,0,0,0,0,0,0,0,-33000,0,0,0,24000,57000,-33000,-33000
051499,康控群益95購02  ,0,0,0,0,0,0,0,0,0,-33000,0,0,0,88000,121000,-33000,-33000
1762,中化生          ,60000,93000,-33000,0,0,0,0,0,0,0,0,0,0,0,0,0,-33000
3003,健和興          ,89000,120000,-31000,0,0,0,0,0,0,-2000,0,2000,-2000,0,0,0,-33000
05950P,台積電國票97售04,0,0,0,0,0,0,0,0,0,-33000,0,0,0,0,33000,-33000,-33000
055001,京鼎元富97購01  ,0,0,0,0,0,0,0,0,0,-34000,0,0,0,0,34000,-34000,-34000
054637,智邦中信98購01  ,0,0,0,0,0,0,0,0,0,-34000,0,0,0,70000,104000,-34000,-34000
054345,世芯國票96購02  ,0,0,0,0,0,0,0,0,0,-34000,0,0,0,98000,132000,-34000,-34000
05436P,台積電群益95售07,0,0,0,0,0,0,0,0,0,-34000,0,0,0,20000,54000,-34000,-34000
054382,康控群益96購03  ,0,0,0,0,0,0,0,0,0,-34000,0,0,0,33000,67000,-34000,-34000
053794,燿華亞東96購01  ,0,0,0,0,0,0,0,0,0,-34000,0,0,0,0,34000,-34000,-34000
053107,旺宏兆豐97購01  ,0,0,0,0,0,0,0,0,0,-34000,0,0,0,0,34000,-34000,-34000
053266,全新群益98購01  ,0,0,0,0,0,0,0,0,0,-34000,0,0,0,4000,38000,-34000,-34000
03283P,台灣50群益03售03,0,0,0,0,0,0,0,0,0,-34000,0,0,0,0,34000,-34000,-34000
048911,玉晶光富邦96購01,0,0,0,0,0,0,0,0,0,-34000,0,0,0,30000,64000,-34000,-34000
046421,群創元大92購11  ,0,0,0,0,0,0,0,0,0,-34000,0,0,0,186000,220000,-34000,-34000
046549,康友永豐92購02  ,0,0,0,0,0,0,0,0,0,-34000,0,0,0,35000,69000,-34000,-34000
052073,矽力統一95購03  ,0,0,0,0,0,0,0,0,0,-34000,0,0,0,109000,143000,-34000,-34000
052159,瑞昱永豐95購01  ,0,0,0,0,0,0,0,0,0,-34000,0,0,0,10000,44000,-34000,-34000
05211P,國巨國票96售05  ,0,0,0,0,0,0,0,0,0,-34000,0,0,0,11000,45000,-34000,-34000
050088,禾伸堂台新94購01,0,0,0,0,0,0,0,0,0,-34000,0,0,0,8000,42000,-34000,-34000
05617P,大立光統一97售02,0,0,0,0,0,0,0,0,0,-34000,0,0,0,15000,49000,-34000,-34000
2524,京城            ,24000,58000,-34000,0,0,0,0,0,0,0,0,0,0,0,0,0,-34000
053209,台積電凱基96購07,0,0,0,0,0,0,0,0,0,-35000,0,0,0,5000,40000,-35000,-35000
052393,康友群益95購05  ,0,0,0,0,0,0,0,0,0,-35000,0,0,0,0,35000,-35000,-35000
052433,滬深2X國泰96購02,0,0,0,0,0,0,0,0,0,-35000,0,0,0,0,35000,-35000,-35000
052749,日月光元大96購02,0,0,0,0,0,0,0,0,0,-35000,0,0,0,10000,45000,-35000,-35000
054042,華泰元大96購01  ,0,0,0,0,0,0,0,0,0,-35000,0,0,0,68000,103000,-35000,-35000
054293,健策元大98購02  ,0,0,0,0,0,0,0,0,0,-35000,0,0,0,247000,282000,-35000,-35000
045412,宏達電群益93購01,0,0,0,0,0,0,0,0,0,-35000,0,0,0,0,35000,-35000,-35000
044852,華邦電國泰93購02,0,0,0,0,0,0,0,0,0,-35000,0,0,0,2000,37000,-35000,-35000
044711,台郡元大93購01  ,0,0,0,0,0,0,0,0,0,-35000,0,0,0,10000,45000,-35000,-35000
04473P,國巨元大94售03  ,0,0,0,0,0,0,0,0,0,-35000,0,0,0,65000,100000,-35000,-35000
045640,嘉晶凱基93購01  ,0,0,0,0,0,0,0,0,0,-35000,0,0,0,0,35000,-35000,-35000
044784,華邦電中信96購01,0,0,0,0,0,0,0,0,0,-35000,0,0,0,280000,315000,-35000,-35000
044052,鴻海元大92購04  ,0,0,0,0,0,0,0,0,0,-35000,0,0,0,0,35000,-35000,-35000
044302,智邦兆豐93購02  ,0,0,0,0,0,0,0,0,0,-35000,0,0,0,0,35000,-35000,-35000
044437,台郡元大92購02  ,0,0,0,0,0,0,0,0,0,-35000,0,0,0,1000,36000,-35000,-35000
043391,康控元大94購01  ,0,0,0,0,0,0,0,0,0,-35000,0,0,0,0,35000,-35000,-35000
00753L,中信中國50正2   ,0,0,0,0,0,0,0,0,0,-35000,0,0,0,153000,188000,-35000,-35000
045553,華邦電國票92購02,0,0,0,0,0,0,0,0,0,-35000,0,0,0,0,35000,-35000,-35000
047365,隆達群益93購01  ,0,0,0,0,0,0,0,0,0,-35000,0,0,0,24000,59000,-35000,-35000
049141,旺宏元大95購01  ,0,0,0,0,0,0,0,0,0,-35000,0,0,0,0,35000,-35000,-35000
047242,上銀群益93購04  ,0,0,0,0,0,0,0,0,0,-35000,0,0,0,0,35000,-35000,-35000
047279,日月光永豐93購01,0,0,0,0,0,0,0,0,0,-35000,0,0,0,10000,45000,-35000,-35000
048018,南亞科麥證93購01,0,0,0,0,35000,-35000,0,0,0,-35000,0,0,0,0,35000,-35000,-35000
047529,嘉晶元大94購02  ,0,0,0,0,0,0,0,0,0,-35000,0,0,0,10000,45000,-35000,-35000
048658,鴻海統一93購09  ,0,0,0,0,0,0,0,0,0,-35000,0,0,0,306000,341000,-35000,-35000
05026P,貿聯群益95售01  ,0,0,0,0,0,0,0,0,0,-35000,0,0,0,20000,55000,-35000,-35000
05012P,台積電元大95售07,0,0,0,0,0,0,0,0,0,-35000,0,0,0,50000,85000,-35000,-35000
049284,瑞昱中信94購02  ,0,0,0,0,0,0,0,0,0,-35000,0,0,0,0,35000,-35000,-35000
050309,亞泥兆豐94購01  ,0,0,0,0,0,0,0,0,0,-35000,0,0,0,85000,120000,-35000,-35000
051810,欣興凱基95購03  ,0,0,0,0,0,0,0,0,0,-35000,0,0,0,20000,55000,-35000,-35000
05178P,大立光凱基96售05,0,0,0,0,0,0,0,0,0,-35000,0,0,0,150000,185000,-35000,-35000
051891,智邦元富95購04  ,0,0,0,0,0,0,0,0,0,-35000,0,0,0,0,35000,-35000,-35000
051236,鴻海元大96購05  ,0,0,0,0,0,0,0,0,0,-35000,0,0,0,0,35000,-35000,-35000
2342,茂矽            ,85000,119000,-34000,0,0,0,0,0,0,-1000,1000,2000,-1000,0,0,0,-35000
2702,華園            ,16000,51000,-35000,0,0,0,0,0,0,0,0,0,0,0,0,0,-35000
1321,大洋            ,28000,63000,-35000,0,0,0,0,0,0,0,0,0,0,0,0,0,-35000
1215,卜蜂            ,76000,185000,-109000,0,0,0,0,0,0,74000,90000,0,90000,0,16000,-16000,-35000
055161,貿聯元大98購03  ,0,0,0,0,0,0,0,0,0,-35000,0,0,0,10000,45000,-35000,-35000
9902,台火            ,3000,38000,-35000,0,0,0,0,0,0,0,0,0,0,0,0,0,-35000
054445,技嘉兆豐96購01  ,0,0,0,0,0,0,0,0,0,-36000,0,0,0,26000,62000,-36000,-36000
054459,鈺齊群益96購01  ,0,0,0,0,0,0,0,0,0,-36000,0,0,0,315000,351000,-36000,-36000
054589,聯鈞國泰99購01  ,0,0,0,0,0,0,0,0,0,-36000,0,0,0,49000,85000,-36000,-36000
054086,日月光亞東98購01,0,0,0,0,0,0,0,0,0,-36000,0,0,0,0,36000,-36000,-36000
053743,康控國票97購02  ,0,0,0,0,0,0,0,0,0,-36000,0,0,0,31000,67000,-36000,-36000
053704,國巨群益96購06  ,0,0,0,0,0,0,0,0,0,-36000,0,0,0,68000,104000,-36000,-36000
03892P,元油2X中信95售01,0,0,0,0,0,0,0,0,0,-36000,0,0,0,126000,162000,-36000,-36000
044816,漢唐兆豐93購02  ,0,0,0,0,0,0,0,0,0,-36000,0,0,0,0,36000,-36000,-36000
045213,A50正2元大95購01,0,0,0,0,0,0,0,0,0,-36000,0,0,0,19000,55000,-36000,-36000
048861,牧德群益94購01  ,0,0,0,0,0,0,0,0,0,-36000,0,0,0,64000,100000,-36000,-36000
048670,華新科永豐93購03,0,0,0,0,0,0,0,0,0,-36000,0,0,0,40000,76000,-36000,-36000
049111,元油2X統一94購03,0,0,0,0,0,0,0,0,0,-36000,0,0,0,0,36000,-36000,-36000
047457,旺宏群益95購01  ,0,0,0,0,0,0,0,0,0,-36000,0,0,0,6000,42000,-36000,-36000
048230,瀚宇博凱基93購03,0,0,0,0,0,0,0,0,0,-36000,0,0,0,0,36000,-36000,-36000
051175,國巨凱基95購04  ,0,0,0,0,0,0,0,0,0,-36000,0,0,0,9000,45000,-36000,-36000
051078,力山富邦97購01  ,0,0,0,0,0,0,0,0,0,-36000,0,0,0,0,36000,-36000,-36000
051490,世芯凱基96購01  ,0,0,0,0,0,0,0,0,0,-36000,0,0,0,24000,60000,-36000,-36000
051739,奇力新國票97購01,0,0,0,0,0,0,0,0,0,-36000,0,0,0,50000,86000,-36000,-36000
050308,矽創中信97購01  ,0,0,0,0,0,0,0,0,0,-36000,0,0,0,0,36000,-36000,-36000
050732,台虹國票94購01  ,0,0,0,0,0,0,0,0,0,-36000,0,0,0,5000,41000,-36000,-36000
055084,國巨第一97購01  ,0,0,0,0,0,0,0,0,0,-36000,0,0,0,0,36000,-36000,-36000
1701,中化            ,13000,47000,-34000,0,0,0,0,0,0,-2000,0,2000,-2000,0,0,0,-36000
3033,威健            ,50000,86000,-36000,0,0,0,0,0,0,0,0,0,0,0,0,0,-36000
054447,國泰金兆豐96購01,0,0,0,0,0,0,0,0,0,-37000,0,0,0,3000,40000,-37000,-37000
054761,台光電國票98購02,0,0,0,0,0,0,0,0,0,-37000,0,0,0,0,37000,-37000,-37000
054835,致新中信97購01  ,0,0,0,0,0,0,0,0,0,-37000,0,0,0,0,37000,-37000,-37000
052771,GIS群益96購01   ,0,0,0,0,0,0,0,0,0,-37000,0,0,0,117000,154000,-37000,-37000
053003,國巨永豐96購02  ,0,0,0,0,0,0,0,0,0,-37000,0,0,0,86000,123000,-37000,-37000
049670,鈺齊國泰96購01  ,0,0,0,0,0,0,0,0,0,-37000,0,0,0,25000,62000,-37000,-37000
047908,南亞科元大93購02,0,0,0,0,0,0,0,0,0,-37000,0,0,0,5000,42000,-37000,-37000
047783,聯茂國泰94購02  ,0,0,0,0,0,0,0,0,0,-37000,0,0,0,105000,142000,-37000,-37000
048004,康控元大93購05  ,0,0,0,0,0,0,0,0,0,-37000,0,0,0,94000,131000,-37000,-37000
050974,大成鋼統一95購01,0,0,0,0,0,0,0,0,0,-37000,0,0,0,34000,71000,-37000,-37000
049301,致新群益95購01  ,0,0,0,0,0,0,0,0,0,-37000,0,0,0,0,37000,-37000,-37000
050053,訊芯群益94購03  ,0,0,0,0,0,0,0,0,0,-37000,0,0,0,70000,107000,-37000,-37000
051902,T50反1元大97購01,0,0,0,0,0,0,0,0,0,-37000,0,0,0,0,37000,-37000,-37000
051859,劍麟凱基96購01  ,0,0,0,0,0,0,0,0,0,-37000,0,0,0,0,37000,-37000,-37000
051246,美律元大96購01  ,0,0,0,0,0,0,0,0,0,-37000,0,0,0,0,37000,-37000,-37000
05612P,台積電元大96售13,0,0,0,0,0,0,0,0,0,-37000,0,0,0,18000,55000,-37000,-37000
3356,奇偶            ,7000,40000,-33000,0,0,0,0,0,0,-4000,0,4000,-4000,0,0,0,-37000
053046,智易中信96購01  ,0,0,0,0,0,0,0,0,0,-38000,0,0,0,0,38000,-38000,-38000
053573,臺股指統一99購01,0,0,0,0,0,0,0,0,0,-38000,0,0,0,7000,45000,-38000,-38000
053490,為升兆豐97購01  ,0,0,0,0,0,0,0,0,0,-38000,0,0,0,0,38000,-38000,-38000
054320,國喬台新96購01  ,0,0,0,0,0,0,0,0,0,-38000,0,0,0,33000,71000,-38000,-38000
054375,貿聯中信99購01  ,0,0,0,0,0,0,0,0,0,-38000,0,0,0,152000,190000,-38000,-38000
053687,智邦元大96購02  ,0,0,0,0,0,0,0,0,0,-38000,0,0,0,119000,157000,-38000,-38000
053803,聯發科凱基96購18,0,0,0,0,0,0,0,0,0,-38000,0,0,0,0,38000,-38000,-38000
054127,台積電元大96購21,0,0,0,0,0,0,0,0,0,-38000,0,0,0,97000,135000,-38000,-38000
05402P,台郡永豐95售02  ,0,0,0,0,0,0,0,0,0,-38000,0,0,0,389000,427000,-38000,-38000
054283,元油反元大99購02,0,0,0,0,0,0,0,0,0,-38000,0,0,0,0,38000,-38000,-38000
045174,美律國票92購01  ,0,0,0,0,0,0,0,0,0,-38000,0,0,0,0,38000,-38000,-38000
042997,新光鋼元大94購01,0,0,0,0,0,0,0,0,0,-38000,0,0,0,127000,165000,-38000,-38000
049143,智邦元大94購02  ,0,0,0,0,0,0,0,0,0,-38000,0,0,0,0,38000,-38000,-38000
046532,元石油群益93購01,0,0,0,0,0,0,0,0,0,-38000,0,0,0,0,38000,-38000,-38000
048404,大立光群益93購11,0,0,0,0,0,0,0,0,0,-38000,0,0,0,71000,109000,-38000,-38000
051042,中磊永豐95購01  ,0,0,0,0,0,0,0,0,0,-38000,0,0,0,0,38000,-38000,-38000
052219,大立光日盛95購02,0,0,0,0,0,0,0,0,0,-38000,0,0,0,0,38000,-38000,-38000
050135,禾伸堂兆豐95購01,0,0,0,0,0,0,0,0,0,-38000,0,0,0,45000,83000,-38000,-38000
049434,茂林國票95購01  ,0,0,0,0,0,0,0,0,0,-38000,0,0,0,115000,153000,-38000,-38000
050969,台郡永豐95購01  ,0,0,0,0,0,0,0,0,0,-38000,0,0,0,68000,106000,-38000,-38000
050828,康控凱基95購01  ,0,0,0,0,0,0,0,0,0,-38000,0,0,0,12000,50000,-38000,-38000
050899,旭富元大95購01  ,0,0,0,0,0,0,0,0,0,-38000,0,0,0,62000,100000,-38000,-38000
050615,奇力新元大95購03,0,0,0,0,0,0,0,0,0,-38000,0,0,0,8000,46000,-38000,-38000
2488,漢平            ,1000,38000,-37000,0,0,0,0,0,0,-1000,0,1000,-1000,0,0,0,-38000
1702,南僑            ,87000,123000,-36000,0,0,0,0,0,0,-2000,0,2000,-2000,0,0,0,-38000
1733,五鼎            ,32000,71000,-39000,0,0,0,0,0,0,1000,4000,3000,1000,0,0,0,-38000
054262,瀚宇博元大96購03,0,0,0,0,0,0,0,0,0,-39000,0,0,0,37000,76000,-39000,-39000
054020,技嘉台新97購01  ,0,0,0,0,0,0,0,0,0,-39000,0,0,0,60000,99000,-39000,-39000
054652,裕隆麥證97購01  ,0,0,0,20000,59000,-39000,0,0,0,-39000,0,0,0,20000,59000,-39000,-39000
053130,聯發科麥證96購01,0,0,0,18000,57000,-39000,0,0,0,-39000,0,0,0,18000,57000,-39000,-39000
052396,台積電凱基97購01,0,0,0,0,0,0,0,0,0,-39000,0,0,0,138000,177000,-39000,-39000
04010P,上銀元大93售07  ,0,0,0,0,0,0,0,0,0,-39000,0,0,0,30000,69000,-39000,-39000
045252,國巨凱基93購03  ,0,0,0,0,0,0,0,0,0,-39000,0,0,0,0,39000,-39000,-39000
049585,旺宏元大95購02  ,0,0,0,0,0,0,0,0,0,-39000,0,0,0,139000,178000,-39000,-39000
047267,瀚宇博台新93購01,0,0,0,0,0,0,0,0,0,-39000,0,0,0,0,39000,-39000,-39000
04807P,聯茂元富94售01  ,0,0,0,0,0,0,0,0,0,-39000,0,0,0,61000,100000,-39000,-39000
048690,美律群益94購01  ,0,0,0,0,0,0,0,0,0,-39000,0,0,0,104000,143000,-39000,-39000
047926,可成凱基94購02  ,0,0,0,0,0,0,0,0,0,-39000,0,0,0,173000,212000,-39000,-39000
047054,聯詠國票93購01  ,0,0,0,0,0,0,0,0,0,-39000,0,0,0,1000,40000,-39000,-39000
046896,臻鼎群益94購01  ,0,0,0,0,0,0,0,0,0,-39000,0,0,0,203000,242000,-39000,-39000
050744,健策永豐94購04  ,0,0,0,0,0,0,0,0,0,-39000,0,0,0,347000,386000,-39000,-39000
049279,元油2X國票94購02,0,0,0,0,0,0,0,0,0,-39000,0,0,0,0,39000,-39000,-39000
051030,康友元富95購01  ,0,0,0,0,0,0,0,0,0,-39000,0,0,0,4000,43000,-39000,-39000
051204,正崴麥證95購01  ,0,0,0,4000,43000,-39000,0,0,0,-39000,0,0,0,4000,43000,-39000,-39000
2484,希華            ,118000,156000,-38000,0,0,0,0,0,0,-1000,0,1000,-1000,0,0,0,-39000
2423,固緯            ,6000,43000,-37000,0,0,0,0,0,0,-2000,0,2000,-2000,0,0,0,-39000
052823,創意永豐96購02  ,0,0,0,0,0,0,0,0,0,-40000,0,0,0,20000,60000,-40000,-40000
053060,大立光永昌96購05,0,0,0,0,0,0,0,0,0,-40000,0,0,0,40000,80000,-40000,-40000
053234,奇鋐永豐96購01  ,0,0,0,0,0,0,0,0,0,-40000,0,0,0,0,40000,-40000,-40000
053308,智易凱基96購02  ,0,0,0,0,0,0,0,0,0,-40000,0,0,0,0,40000,-40000,-40000
053575,聯詠元富96購01  ,0,0,0,0,0,0,0,0,0,-40000,0,0,0,10000,50000,-40000,-40000
053647,臺股指國票96購10,0,0,0,0,0,0,0,0,0,-40000,0,0,0,15000,55000,-40000,-40000
05346P,臺股指統一95售06,0,0,0,0,0,0,0,0,0,-40000,0,0,0,0,40000,-40000,-40000
053435,新光金日盛96購01,0,0,0,0,0,0,0,0,0,-40000,0,0,0,0,40000,-40000,-40000
054865,可成群益97購01  ,0,0,0,0,0,0,0,0,0,-40000,0,0,0,0,40000,-40000,-40000
054984,華泰元富97購01  ,0,0,0,0,0,0,0,0,0,-40000,0,0,0,0,40000,-40000,-40000
054973,台郡元大98購02  ,0,0,0,0,0,0,0,0,0,-40000,0,0,0,0,40000,-40000,-40000
054290,奇力新元大96購05,0,0,0,0,0,0,0,0,0,-40000,0,0,0,22000,62000,-40000,-40000
053760,牧德國泰98購01  ,0,0,0,0,0,0,0,0,0,-40000,0,0,0,93000,133000,-40000,-40000
053840,燿華統一96購02  ,0,0,0,0,0,0,0,0,0,-40000,0,0,0,0,40000,-40000,-40000
045172,欣興兆豐94購01  ,0,0,0,0,0,0,0,0,0,-40000,0,0,0,0,40000,-40000,-40000
045376,友訊元大93購01  ,0,0,0,0,0,0,0,0,0,-40000,0,0,0,0,40000,-40000,-40000
045038,臻鼎群益93購01  ,0,0,0,0,0,0,0,0,0,-40000,0,0,0,0,40000,-40000,-40000
04503P,元油2X元富98售09,0,0,0,0,0,0,0,0,0,-40000,0,0,0,20000,60000,-40000,-40000
048839,牧德凱基95購01  ,0,0,0,0,0,0,0,0,0,-40000,0,0,0,1000,41000,-40000,-40000
048845,GIS凱基94購02   ,0,0,0,0,0,0,0,0,0,-40000,0,0,0,0,40000,-40000,-40000
048593,華新科群益93購04,0,0,0,0,0,0,0,0,0,-40000,0,0,0,0,40000,-40000,-40000
048577,GIS國泰94購01   ,0,0,0,0,0,0,0,0,0,-40000,0,0,0,0,40000,-40000,-40000
044773,創意元大93購02  ,0,0,0,0,0,0,0,0,0,-40000,0,0,0,0,40000,-40000,-40000
04417P,光罩國泰95售02  ,0,0,0,0,0,0,0,0,0,-40000,0,0,0,0,40000,-40000,-40000
044175,亞光統一92購01  ,0,0,0,0,0,0,0,0,0,-40000,0,0,0,70000,110000,-40000,-40000
044369,全新永豐91購03  ,0,0,0,0,0,0,0,0,0,-40000,0,0,0,0,40000,-40000,-40000
044400,大立光凱基92購01,0,0,0,0,0,0,0,0,0,-40000,0,0,0,0,40000,-40000,-40000
044211,亞德客凱基91購02,0,0,0,0,0,0,0,0,0,-40000,0,0,0,0,40000,-40000,-40000
044506,智邦凱基91購05  ,0,0,0,0,0,0,0,0,0,-40000,0,0,0,20000,60000,-40000,-40000
04556P,大成鋼群益94售02,0,0,0,0,0,0,0,0,0,-40000,0,0,0,11000,51000,-40000,-40000
042752,台灣50元大96購03,0,0,0,0,0,0,0,0,0,-40000,0,0,0,10000,50000,-40000,-40000
040680,華新科富邦91購01,0,0,0,0,0,0,0,0,0,-40000,0,0,0,0,40000,-40000,-40000
043557,元金2X永豐92購01,0,0,0,0,0,0,0,0,0,-40000,0,0,0,60000,100000,-40000,-40000
03891P,晶技國泰94售02  ,0,0,0,0,0,0,0,0,0,-40000,0,0,0,0,40000,-40000,-40000
03925P,大立光群益93售08,0,0,0,0,0,0,0,0,0,-40000,0,0,0,0,40000,-40000,-40000
03520P,臺股指國票02售09,0,0,0,0,0,0,0,0,0,-40000,0,0,0,10000,50000,-40000,-40000
046891,南亞科群益93購01,0,0,0,0,0,0,0,0,0,-40000,0,0,0,0,40000,-40000,-40000
046826,統一群益94購01  ,0,0,0,0,0,0,0,0,0,-40000,0,0,0,10000,50000,-40000,-40000
046976,國巨永豐93購02  ,0,0,0,0,0,0,0,0,0,-40000,0,0,0,0,40000,-40000,-40000
048617,瀚宇博凱基93購04,0,0,0,0,0,0,0,0,0,-40000,0,0,0,0,40000,-40000,-40000
047165,東陽康和93購01  ,0,0,0,0,0,0,0,0,0,-40000,0,0,0,10000,50000,-40000,-40000
047149,聯鈞群益93購01  ,0,0,0,0,0,0,0,0,0,-40000,0,0,0,30000,70000,-40000,-40000
048680,智邦富邦93購02  ,0,0,0,0,0,0,0,0,0,-40000,0,0,0,0,40000,-40000,-40000
048681,漢唐富邦96購01  ,0,0,0,0,0,0,0,0,0,-40000,0,0,0,0,40000,-40000,-40000
047980,東陽群益93購02  ,0,0,0,0,0,0,0,0,0,-40000,0,0,0,15000,55000,-40000,-40000
046428,矽力元大92購02  ,0,0,0,0,0,0,0,0,0,-40000,0,0,0,25000,65000,-40000,-40000
049579,鴻海元大94購06  ,0,0,0,0,0,0,0,0,0,-40000,0,0,0,0,40000,-40000,-40000
049537,元石油群益97購01,0,0,0,0,0,0,0,0,0,-40000,0,0,0,2000,42000,-40000,-40000
046165,中磊兆豐93購01  ,0,0,0,0,0,0,0,0,0,-40000,0,0,0,0,40000,-40000,-40000
048488,大立光富邦93購05,0,0,0,0,0,0,0,0,0,-40000,0,0,0,0,40000,-40000,-40000
048491,A50元大93購01   ,0,0,0,0,0,0,0,0,0,-40000,0,0,0,0,40000,-40000,-40000
048155,瑞昱兆豐93購01  ,0,0,0,0,0,0,0,0,0,-40000,0,0,0,30000,70000,-40000,-40000
04604P,華新科國票95售01,0,0,0,0,0,0,0,0,0,-40000,0,0,0,50000,90000,-40000,-40000
047381,台化元大93購01  ,0,0,0,0,0,0,0,0,0,-40000,0,0,0,30000,70000,-40000,-40000
046660,宏達電元大93購07,0,0,0,0,0,0,0,0,0,-40000,0,0,0,0,40000,-40000,-40000
051365,瀚宇博國泰97購01,0,0,0,0,0,0,0,0,0,-40000,0,0,0,43000,83000,-40000,-40000
052216,康友元大96購01  ,0,0,0,0,0,0,0,0,0,-40000,0,0,0,15000,55000,-40000,-40000
052252,大立光永豐95購03,0,0,0,0,0,0,0,0,0,-40000,0,0,0,16000,56000,-40000,-40000
052281,全新凱基97購01  ,0,0,0,0,0,0,0,0,0,-40000,0,0,0,0,40000,-40000,-40000
052119,漢唐國票96購01  ,0,0,0,0,0,0,0,0,0,-40000,0,0,0,0,40000,-40000,-40000
052095,彩晶元大97購01  ,0,0,0,0,0,0,0,0,0,-40000,0,0,0,0,40000,-40000,-40000
052096,力成元大95購01  ,0,0,0,0,0,0,0,0,0,-40000,0,0,0,50000,90000,-40000,-40000
052037,全新國泰96購02  ,0,0,0,0,0,0,0,0,0,-40000,0,0,0,20000,60000,-40000,-40000
051897,台光電國泰97購01,0,0,0,0,0,0,0,0,0,-40000,0,0,0,10000,50000,-40000,-40000
051724,康控永豐95購03  ,0,0,0,0,0,0,0,0,0,-40000,0,0,0,68000,108000,-40000,-40000
049318,樺漢凱基94購01  ,0,0,0,0,0,0,0,0,0,-40000,0,0,0,62000,102000,-40000,-40000
049369,義隆元大95購01  ,0,0,0,0,0,0,0,0,0,-40000,0,0,0,10000,50000,-40000,-40000
050189,旭富元大94購01  ,0,0,0,0,0,0,0,0,0,-40000,0,0,0,0,40000,-40000,-40000
050071,明泰凱基94購01  ,0,0,0,0,0,0,0,0,0,-40000,0,0,0,10000,50000,-40000,-40000
049255,旺宏元大97購02  ,0,0,0,0,0,0,0,0,0,-40000,0,0,0,42000,82000,-40000,-40000
050794,大立光富邦96購04,0,2000,-2000,0,0,0,0,0,0,-38000,0,0,0,2000,40000,-38000,-40000
050796,燿華中信95購01  ,0,0,0,0,0,0,0,0,0,-40000,0,0,0,0,40000,-40000,-40000
050525,嘉晶元大95購02  ,0,0,0,0,0,0,0,0,0,-40000,0,0,0,0,40000,-40000,-40000
1339,昭輝            ,102000,142000,-40000,0,0,0,0,0,0,0,0,0,0,0,0,0,-40000
1437,勤益控          ,10000,50000,-40000,0,0,0,0,0,0,0,0,0,0,0,0,0,-40000
05857P,旺宏中信98售02  ,0,0,0,0,0,0,0,0,0,-40000,0,0,0,5000,45000,-40000,-40000
06124P,超眾元大97售03  ,0,0,0,0,0,0,0,0,0,-40000,0,0,0,0,40000,-40000,-40000
3712,永崴投控        ,15000,53000,-38000,0,0,0,0,0,0,-2000,0,2000,-2000,0,0,0,-40000
054129,技嘉元大96購02  ,0,0,0,0,0,0,0,0,0,-41000,0,0,0,1000,42000,-41000,-41000
054380,世芯群益97購02  ,0,0,0,0,0,0,0,0,0,-41000,0,0,0,0,41000,-41000,-41000
054364,智伸科凱基96購01,0,0,0,0,0,0,0,0,0,-41000,0,0,0,29000,70000,-41000,-41000
054602,聯詠台新97購01  ,0,0,0,0,0,0,0,0,0,-41000,0,0,0,139000,180000,-41000,-41000
054900,金寶康和97購01  ,0,0,0,0,0,0,0,0,0,-41000,0,0,0,9000,50000,-41000,-41000
054615,牧德永豐98購01  ,0,0,0,0,0,0,0,0,0,-41000,0,0,0,4000,45000,-41000,-41000
053385,聯詠元大96購02  ,0,0,0,0,0,0,0,0,0,-41000,0,0,0,138000,179000,-41000,-41000
053325,GIS群益96購02   ,0,0,0,0,0,0,0,0,0,-41000,0,0,0,31000,72000,-41000,-41000
053268,日月光群益96購01,0,0,0,0,0,0,0,0,0,-41000,0,0,0,9000,50000,-41000,-41000
053264,南亞科群益96購01,0,0,0,0,0,0,0,0,0,-41000,0,0,0,48000,89000,-41000,-41000
053117,大立光中信9A購02,0,0,0,0,0,0,0,0,0,-41000,0,0,0,2000,43000,-41000,-41000
04053P,聯茂國泰94售01  ,0,0,0,0,0,0,0,0,0,-41000,0,0,0,29000,70000,-41000,-41000
040772,滬深2X元富92購02,0,0,0,0,0,0,0,0,0,-41000,0,0,0,144000,185000,-41000,-41000
044899,智邦凱基91購08  ,0,0,0,0,0,0,0,0,0,-41000,0,0,0,0,41000,-41000,-41000
044887,亞光麥證93購01  ,0,0,0,0,41000,-41000,0,0,0,-41000,0,0,0,0,41000,-41000,-41000
048495,南亞科元大93購04,0,0,0,0,0,0,0,0,0,-41000,0,0,0,1000,42000,-41000,-41000
046547,大立光永豐92購05,0,0,0,0,0,0,0,0,0,-41000,0,0,0,5000,46000,-41000,-41000
048007,明基材元大96購01,0,0,0,0,0,0,0,0,0,-41000,0,0,0,57000,98000,-41000,-41000
048293,聯詠群益93購04  ,0,0,0,0,0,0,0,0,0,-41000,0,0,0,34000,75000,-41000,-41000
048668,奇力新永豐93購04,0,0,0,0,0,0,0,0,0,-41000,0,0,0,36000,77000,-41000,-41000
047931,日月光凱基93購01,0,0,0,0,0,0,0,0,0,-41000,0,0,0,31000,72000,-41000,-41000
050539,鴻海凱基95購07  ,0,0,0,0,0,0,0,0,0,-41000,0,0,0,3000,44000,-41000,-41000
05015P,臺股指元大95售06,0,0,0,0,0,0,0,0,0,-41000,0,0,0,0,41000,-41000,-41000
049951,全新群益94購03  ,0,0,0,0,0,0,0,0,0,-41000,0,0,0,80000,121000,-41000,-41000
051928,大立光中信96購03,0,0,0,0,0,0,0,0,0,-41000,0,0,0,7000,48000,-41000,-41000
051120,南亞科群益95購01,0,0,0,0,0,0,0,0,0,-41000,0,0,0,45000,86000,-41000,-41000
3454,晶睿            ,20000,59000,-39000,0,0,0,0,0,0,-2000,0,2000,-2000,0,0,0,-41000
4976,佳凌            ,52000,91000,-39000,0,0,0,0,0,0,-2000,0,2000,-2000,0,0,0,-41000
3004,豐達科          ,17000,54000,-37000,0,0,0,0,0,0,-4000,0,4000,-4000,0,0,0,-41000
054574,美律元大99購01  ,0,0,0,0,0,0,0,0,0,-42000,0,0,0,0,42000,-42000,-42000
054331,世芯永豐96購03  ,0,0,0,0,0,0,0,0,0,-42000,0,0,0,32000,74000,-42000,-42000
054137,聯詠元大97購02  ,0,0,0,0,0,0,0,0,0,-42000,0,0,0,267000,309000,-42000,-42000
045462,美律元大93購04  ,0,0,0,0,0,0,0,0,0,-42000,0,0,0,70000,112000,-42000,-42000
043231,鴻海中信95購01  ,0,0,0,0,0,0,0,0,0,-42000,0,0,0,10000,52000,-42000,-42000
04327P,台積電國泰95售01,0,0,0,0,0,0,0,0,0,-42000,0,0,0,458000,500000,-42000,-42000
048629,滬深2X元大96購04,0,0,0,0,0,0,0,0,0,-42000,0,0,0,1000,43000,-42000,-42000
046767,南茂凱基93購03  ,0,0,0,0,0,0,0,0,0,-42000,0,0,0,4000,46000,-42000,-42000
048775,智伸科凱基94購01,0,0,0,0,0,0,0,0,0,-42000,0,0,0,0,42000,-42000,-42000
048348,矽力元大93購03  ,0,0,0,0,0,0,0,0,0,-42000,0,0,0,75000,117000,-42000,-42000
048109,旺宏群益94購02  ,0,0,0,0,0,0,0,0,0,-42000,0,0,0,44000,86000,-42000,-42000
049146,南亞科元大94購02,0,0,0,0,0,0,0,0,0,-42000,0,0,0,15000,57000,-42000,-42000
049625,智易群益95購01  ,0,0,0,0,0,0,0,0,0,-42000,0,0,0,11000,53000,-42000,-42000
049596,智伸科元大95購01,0,0,0,0,0,0,0,0,0,-42000,0,0,0,8000,50000,-42000,-42000
049601,矽創元大95購02  ,0,0,0,0,0,0,0,0,0,-42000,0,0,0,131000,173000,-42000,-42000
051087,國巨元大97購01  ,0,0,0,0,0,0,0,0,0,-42000,0,0,0,0,42000,-42000,-42000
052009,群創第一95購01  ,0,0,0,0,0,0,0,0,0,-42000,0,0,0,25000,67000,-42000,-42000
051662,大立光永昌96購03,0,0,0,0,0,0,0,0,0,-42000,0,0,0,181000,223000,-42000,-42000
052152,創意富邦98購01  ,0,0,0,0,0,0,0,0,0,-42000,0,0,0,0,42000,-42000,-42000
052250,光磊永豐95購01  ,0,0,0,0,0,0,0,0,0,-42000,0,0,0,68000,110000,-42000,-42000
049312,亞光凱基94購02  ,0,0,0,0,0,0,0,0,0,-42000,0,0,0,30000,72000,-42000,-42000
06150P,奇力新元大97售06,0,0,0,0,0,0,0,0,0,-42000,0,0,0,0,42000,-42000,-42000
05744P,台表科元大96售04,0,0,0,0,0,0,0,0,0,-42000,0,0,0,47000,89000,-42000,-42000
054214,京鼎國票97購02  ,0,0,0,0,0,0,0,0,0,-43000,0,0,0,0,43000,-43000,-43000
053048,同欣電麥證96購01,0,0,0,51000,99000,-48000,0,0,0,-43000,0,0,0,67000,110000,-43000,-43000
052628,樺漢中信96購01  ,0,0,0,0,0,0,0,0,0,-43000,0,0,0,0,43000,-43000,-43000
052555,漢唐國票97購01  ,0,0,0,0,0,0,0,0,0,-43000,0,0,0,6000,49000,-43000,-43000
03088P,大立光元大01售17,0,0,0,0,0,0,0,0,0,-43000,0,0,0,0,43000,-43000,-43000
045511,同欣電凱基92購02,0,0,0,0,0,0,0,0,0,-43000,0,0,0,1000,44000,-43000,-43000
048850,聯電群益96購01  ,0,0,0,0,0,0,0,0,0,-43000,0,0,0,35000,78000,-43000,-43000
046195,聯詠凱基92購08  ,0,0,0,0,0,0,0,0,0,-43000,0,0,0,139000,182000,-43000,-43000
046239,中石化中信92購02,0,0,0,0,0,0,0,0,0,-43000,0,0,0,0,43000,-43000,-43000
047887,智原富邦97購01  ,0,0,0,0,0,0,0,0,0,-43000,0,0,0,3000,46000,-43000,-43000
049310,台積電凱基94購15,0,0,0,0,0,0,0,0,0,-43000,0,0,0,11000,54000,-43000,-43000
049500,聯茂元大94購04  ,0,0,0,0,0,0,0,0,0,-43000,0,0,0,40000,83000,-43000,-43000
049998,奇力新永豐94購03,0,0,0,0,0,0,0,0,0,-43000,0,0,0,36000,79000,-43000,-43000
052180,緯穎元大96購05  ,0,0,0,0,0,0,0,0,0,-43000,0,0,0,48000,91000,-43000,-43000
051758,瑞昱元大95購01  ,0,0,0,0,0,0,0,0,0,-43000,0,0,0,30000,73000,-43000,-43000
051771,上銀中信95購01  ,0,0,0,0,0,0,0,0,0,-43000,0,0,0,27000,70000,-43000,-43000
051239,國巨元大96購02  ,0,0,0,0,0,0,0,0,0,-43000,0,0,0,85000,128000,-43000,-43000
051592,健策元大96購05  ,0,0,0,0,0,0,0,0,0,-43000,0,0,0,253000,296000,-43000,-43000
2442,新美齊          ,71000,108000,-37000,0,0,0,0,0,0,-6000,0,6000,-6000,0,0,0,-43000
1476,儒鴻            ,190000,252000,-62000,0,0,0,0,20000,-20000,39000,20000,5000,15000,30000,6000,24000,-43000
053366,樺漢國泰98購01  ,0,0,0,0,0,0,0,0,0,-44000,0,0,0,52000,96000,-44000,-44000
053417,上銀永豐96購02  ,0,0,0,0,0,0,0,0,0,-44000,0,0,0,99000,143000,-44000,-44000
054246,國巨元大96購12  ,0,0,0,0,0,0,0,0,0,-44000,0,0,0,30000,74000,-44000,-44000
053815,聯發科群益96購01,0,0,0,0,0,0,0,0,0,-44000,0,0,0,15000,59000,-44000,-44000
054600,中壽台新97購01  ,0,0,0,0,0,0,0,0,0,-44000,0,0,0,84000,128000,-44000,-44000
054558,劍麟群益99購01  ,0,0,0,0,0,0,0,0,0,-44000,0,0,0,40000,84000,-44000,-44000
054768,泰碩國票99購02  ,0,0,0,0,0,0,0,0,0,-44000,0,0,0,22000,66000,-44000,-44000
048581,南亞科富邦93購02,0,0,0,0,0,0,0,0,0,-44000,0,0,0,0,44000,-44000,-44000
045111,亞德客永豐92購01,0,0,0,0,0,0,0,0,0,-44000,0,0,0,10000,54000,-44000,-44000
045246,同欣電群益92購01,0,0,0,0,0,0,0,0,0,-44000,0,0,0,10000,54000,-44000,-44000
048739,華新科統一94購02,0,0,0,0,0,0,0,0,0,-44000,0,0,0,4000,48000,-44000,-44000
049621,美食群益94購02  ,0,0,0,0,0,0,0,0,0,-44000,0,0,0,88000,132000,-44000,-44000
049835,緯穎凱基94購05  ,0,0,0,0,0,0,0,0,0,-44000,0,0,0,11000,55000,-44000,-44000
052016,神基永豐95購01  ,0,0,0,0,0,0,0,0,0,-44000,0,0,0,0,44000,-44000,-44000
4916,事欣科          ,20000,65000,-45000,0,0,0,0,0,0,1000,1000,0,1000,0,0,0,-44000
8482,商億-KY         ,124000,168000,-44000,0,0,0,0,0,0,0,0,0,0,0,0,0,-44000
054315,訊芯凱基98購01  ,0,0,0,0,0,0,0,0,0,-45000,0,0,0,38000,83000,-45000,-45000
053811,國巨群益98購02  ,0,0,0,0,0,0,0,0,0,-45000,0,0,0,78000,123000,-45000,-45000
053257,華通富邦97購01  ,0,0,0,0,0,0,0,0,0,-45000,0,0,0,155000,200000,-45000,-45000
053173,矽格群益97購01  ,0,0,0,0,0,0,0,0,0,-45000,0,0,0,0,45000,-45000,-45000
052551,台積電國票97購03,0,0,0,0,0,0,0,0,0,-45000,0,0,0,6000,51000,-45000,-45000
052371,元金2X元大95購01,0,0,0,0,0,0,0,0,0,-45000,0,0,0,23000,68000,-45000,-45000
045870,元油2X元富96購02,0,0,0,0,0,0,0,0,0,-45000,0,0,0,0,45000,-45000,-45000
047066,力成凱基93購04  ,0,0,0,0,0,0,0,0,0,-45000,0,0,0,10000,55000,-45000,-45000
044125,美律凱基93購01  ,0,0,0,0,0,0,0,0,0,-45000,0,0,0,5000,50000,-45000,-45000
045682,致伸元大92購01  ,0,0,0,0,0,0,0,0,0,-45000,0,0,0,73000,118000,-45000,-45000
049705,緯穎元大94購05  ,0,0,0,0,0,0,0,0,0,-45000,0,0,0,80000,125000,-45000,-45000
048142,聯電統一93購01  ,0,0,0,0,0,0,0,0,0,-45000,0,0,0,4000,49000,-45000,-45000
047454,滬深2X群益96購03,0,0,0,0,0,0,0,0,0,-45000,0,0,0,5000,50000,-45000,-45000
048389,國巨國票94購01  ,0,0,0,0,0,0,0,0,0,-45000,0,0,0,10000,55000,-45000,-45000
048527,鴻海國票94購02  ,0,0,0,0,0,0,0,0,0,-45000,0,0,0,35000,80000,-45000,-45000
048204,訊芯元大93購06  ,0,0,0,0,0,0,0,0,0,-45000,0,0,0,0,45000,-45000,-45000
048330,大立光永昌93購07,0,0,0,0,0,0,0,0,0,-45000,0,0,0,0,45000,-45000,-45000
047773,超眾元大96購01  ,0,0,0,0,0,0,0,0,0,-45000,0,0,0,48000,93000,-45000,-45000
047596,元油反元富97購01,0,0,0,0,0,0,0,0,0,-45000,0,0,0,0,45000,-45000,-45000
047945,滬深2X統一94購01,0,0,0,0,0,0,0,0,0,-45000,0,0,0,40000,85000,-45000,-45000
046737,鴻海群益93購04  ,0,0,0,0,0,0,0,0,0,-45000,0,0,0,53000,98000,-45000,-45000
047055,旭富國票93購01  ,0,0,0,0,0,0,0,0,0,-45000,0,0,0,0,45000,-45000,-45000
046942,友達元大99購01  ,0,0,0,0,0,0,0,0,0,-45000,0,0,0,14000,59000,-45000,-45000
050176,正崴元大94購03  ,0,0,0,0,0,0,0,0,0,-45000,0,0,0,7000,52000,-45000,-45000
050207,百和群益95購01  ,0,0,0,0,0,0,0,0,0,-45000,0,0,0,23000,68000,-45000,-45000
049986,嘉澤凱基94購02  ,0,0,0,0,0,0,0,0,0,-45000,0,0,0,43000,88000,-45000,-45000
050490,上証2X國泰95購01,0,0,0,0,0,0,0,0,0,-45000,0,0,0,5000,50000,-45000,-45000
05550P,臺股指元大96售07,0,0,0,0,0,0,0,0,0,-45000,0,0,0,0,45000,-45000,-45000
055157,晶豪科元大97購01,0,0,0,0,0,0,0,0,0,-45000,0,0,0,0,45000,-45000,-45000
06035P,同欣電凱基96售03,0,0,0,0,0,0,0,0,0,-45000,0,0,0,5000,50000,-45000,-45000
05918P,大立光元大96售11,0,0,0,0,0,0,0,0,0,-45000,0,0,0,25000,70000,-45000,-45000
052820,宏達電永豐96購01,0,0,0,0,0,0,0,0,0,-46000,0,0,0,12000,58000,-46000,-46000
053688,燿華元大96購05  ,0,0,0,0,0,0,0,0,0,-46000,0,0,0,19000,65000,-46000,-46000
054717,亞德客永豐97購01,0,0,0,0,0,0,0,0,0,-46000,0,0,0,0,46000,-46000,-46000
054951,大毅元大97購01  ,0,0,0,0,0,0,0,0,0,-46000,0,0,0,0,46000,-46000,-46000
044433,華新科元大92購06,0,0,0,0,0,0,0,0,0,-46000,0,0,0,0,46000,-46000,-46000
044411,A50正2統一93購01,0,0,0,0,0,0,0,0,0,-46000,0,0,0,0,46000,-46000,-46000
045484,聯電亞東94購01  ,0,0,0,0,0,0,0,0,0,-46000,0,0,0,0,46000,-46000,-46000
049681,旺宏統一94購04  ,0,0,0,0,0,0,0,0,0,-46000,0,0,0,6000,52000,-46000,-46000
046104,智伸科永豐92購02,0,0,0,0,0,0,0,0,0,-46000,0,0,0,0,46000,-46000,-46000
049073,光罩凱基94購01  ,0,0,0,0,0,0,0,0,0,-46000,0,0,0,0,46000,-46000,-46000
04930P,國巨統一94售08  ,0,0,0,0,0,0,0,0,0,-46000,0,0,0,106000,152000,-46000,-46000
049427,瑞昱兆豐94購01  ,0,0,0,0,0,0,0,0,0,-46000,0,0,0,0,46000,-46000,-46000
052306,鴻海國泰97購05  ,0,0,0,0,0,0,0,0,0,-46000,0,0,0,408000,454000,-46000,-46000
05158P,華通永豐95售01  ,0,0,0,0,0,0,0,0,0,-46000,0,0,0,40000,86000,-46000,-46000
05908P,大立光元富96售05,0,0,0,0,0,0,0,0,0,-46000,0,0,0,31000,77000,-46000,-46000
05699P,茂林凱基96售05  ,0,0,0,0,0,0,0,0,0,-46000,0,0,0,0,46000,-46000,-46000
2545,皇翔            ,48000,94000,-46000,0,0,0,0,0,0,0,0,0,0,0,0,0,-46000
2536,宏普            ,74000,118000,-44000,0,0,0,0,0,0,-2000,1000,3000,-2000,0,0,0,-46000
4566,時碩工業        ,13000,59000,-46000,0,0,0,0,0,0,0,0,0,0,0,0,0,-46000
054874,帆宣群益99購02  ,0,0,0,0,0,0,0,0,0,-47000,0,0,0,0,47000,-47000,-47000
052739,國巨元大96購04  ,0,0,0,0,0,0,0,0,0,-47000,0,0,0,11000,58000,-47000,-47000
053199,旺宏日盛96購01  ,0,0,0,0,0,0,0,0,0,-47000,0,0,0,94000,141000,-47000,-47000
053027,玉晶光富邦98購01,0,0,0,0,0,0,0,0,0,-47000,0,0,0,3000,50000,-47000,-47000
053447,京鼎凱基96購03  ,0,0,0,0,0,0,0,0,0,-47000,0,0,0,0,47000,-47000,-47000
04214P,美利達凱基93售04,0,0,0,0,0,0,0,0,0,-47000,0,0,0,0,47000,-47000,-47000
03118P,台積電國票01售07,0,0,0,0,0,0,0,0,0,-47000,0,0,0,5000,52000,-47000,-47000
00766L,台新MSCI中國正2 ,0,0,0,0,0,0,0,0,0,-47000,0,0,0,116000,163000,-47000,-47000
049372,華新科元大95購04,0,0,0,0,0,0,0,0,0,-47000,0,0,0,63000,110000,-47000,-47000
046964,祥碩中信93購01  ,0,0,0,0,0,0,0,0,0,-47000,0,0,0,0,47000,-47000,-47000
047673,瑞昱元富96購01  ,0,0,0,0,0,0,0,0,0,-47000,0,0,0,31000,78000,-47000,-47000
047571,滬深2X群益99購01,0,0,0,0,0,0,0,0,0,-47000,0,0,0,20000,67000,-47000,-47000
048269,瀚宇博國泰95購01,0,0,0,0,0,0,0,0,0,-47000,0,0,0,523000,570000,-47000,-47000
051602,南茂兆豐96購01  ,0,0,0,0,0,0,0,0,0,-47000,0,0,0,70000,117000,-47000,-47000
051823,矽力元富95購02  ,0,0,0,0,0,0,0,0,0,-47000,0,0,0,17000,64000,-47000,-47000
050404,元大金麥證94購01,4000,0,4000,0,51000,-51000,0,0,0,-51000,0,0,0,0,51000,-51000,-47000
050778,瑞儀元大96購01  ,0,0,0,0,0,0,0,0,0,-47000,0,0,0,151000,198000,-47000,-47000
050740,旺宏永豐94購03  ,0,0,0,0,0,0,0,0,0,-47000,0,0,0,142000,189000,-47000,-47000
2351,順德            ,55000,82000,-27000,0,0,0,0,18000,-18000,-2000,0,2000,-2000,0,0,0,-47000
1808,潤隆            ,35000,79000,-44000,0,0,0,0,0,0,-3000,0,3000,-3000,0,0,0,-47000
1598,岱宇            ,32000,79000,-47000,0,0,0,0,0,0,0,0,0,0,0,0,0,-47000
055041,致新富邦97購01  ,0,0,0,0,0,0,0,0,0,-47000,0,0,0,0,47000,-47000,-47000
053454,創意統一96購02  ,0,0,0,0,0,0,0,0,0,-48000,0,0,0,0,48000,-48000,-48000
052472,和碩亞東95購01  ,0,0,0,0,0,0,0,0,0,-48000,0,0,0,0,48000,-48000,-48000
052527,泰鼎元大96購02  ,0,0,0,0,0,0,0,0,0,-48000,0,0,0,1000,49000,-48000,-48000
054189,貿聯永豐96購03  ,0,0,0,0,0,0,0,0,0,-48000,0,0,0,138000,186000,-48000,-48000
03655P,臺股指元大92售17,0,0,0,0,0,0,0,0,0,-48000,0,0,0,2000,50000,-48000,-48000
04162P,南亞科統一94售02,0,0,0,0,0,0,0,0,0,-48000,0,0,0,192000,240000,-48000,-48000
04482P,臺股指日盛94售01,0,0,0,0,0,0,0,0,0,-48000,0,0,0,0,48000,-48000,-48000
045160,致新凱基92購01  ,0,0,0,0,0,0,0,0,0,-48000,0,0,0,10000,58000,-48000,-48000
04644P,全新凱基94售01  ,0,0,0,0,0,0,0,0,0,-48000,0,0,0,48000,96000,-48000,-48000
046898,南茂麥證93購01  ,0,0,0,28000,76000,-48000,0,0,0,-48000,0,0,0,28000,76000,-48000,-48000
046731,嘉聯益元大93購03,0,0,0,0,0,0,0,0,0,-48000,0,0,0,223000,271000,-48000,-48000
046382,明泰凱基93購01  ,0,0,0,0,0,0,0,0,0,-48000,0,0,0,20000,68000,-48000,-48000
050773,京鼎元大94購02  ,0,0,0,0,0,0,0,0,0,-48000,0,0,0,15000,63000,-48000,-48000
050592,矽格永豐94購02  ,0,0,0,0,0,0,0,0,0,-48000,0,0,0,0,48000,-48000,-48000
049412,為升凱基94購01  ,0,0,0,0,0,0,0,0,0,-48000,0,0,0,20000,68000,-48000,-48000
049268,聯茂元大94購03  ,0,0,0,0,0,0,0,0,0,-48000,0,0,0,9000,57000,-48000,-48000
052267,可成亞東95購02  ,0,0,0,0,0,0,0,0,0,-48000,0,0,0,0,48000,-48000,-48000
052262,華新亞東95購02  ,0,0,0,0,0,0,0,0,0,-48000,0,0,0,0,48000,-48000,-48000
052263,聯電亞東95購01  ,0,0,0,0,0,0,0,0,0,-48000,0,0,0,0,48000,-48000,-48000
052160,美律永豐95購03  ,0,0,0,0,0,0,0,0,0,-48000,0,0,0,2000,50000,-48000,-48000
051112,台郡統一95購01  ,0,0,0,0,0,0,0,0,0,-48000,0,0,0,11000,59000,-48000,-48000
051023,S&P反1統一95購02,0,0,0,0,0,0,0,0,0,-48000,0,0,0,2000,50000,-48000,-48000
05563P,台積電元大97售07,0,0,0,0,0,0,0,0,0,-48000,0,0,0,220000,268000,-48000,-48000
5203,訊連            ,35000,76000,-41000,0,0,0,0,0,0,-7000,1000,1000,0,0,7000,-7000,-48000
8261,富鼎            ,11000,58000,-47000,0,0,0,0,0,0,-1000,0,1000,-1000,0,0,0,-48000
8422,可寧衛          ,17100,66000,-48900,0,0,0,0,0,0,0,0,0,0,0,0,0,-48900
05474P,智邦亞東95售01  ,0,0,0,0,0,0,0,0,0,-49000,0,0,0,1000,50000,-49000,-49000
054791,泰碩群益99購02  ,0,0,0,0,0,0,0,0,0,-49000,0,0,0,20000,69000,-49000,-49000
054322,國巨台新96購02  ,0,0,0,0,0,0,0,0,0,-49000,0,0,0,10000,59000,-49000,-49000
054569,GIS群益98購01   ,0,0,0,0,0,0,0,0,0,-49000,0,0,0,10000,59000,-49000,-49000
053378,台積電元大98購02,0,0,0,0,0,0,0,0,0,-49000,0,0,0,328000,377000,-49000,-49000
053110,大立光兆豐97購01,0,0,0,0,0,0,0,0,0,-49000,0,0,0,0,49000,-49000,-49000
053174,同欣電群益98購02,0,0,0,0,0,0,0,0,0,-49000,0,0,0,72000,121000,-49000,-49000
048968,可成元大94購02  ,0,0,0,0,0,0,0,0,0,-49000,0,0,0,0,49000,-49000,-49000
048957,玉晶光康和94購01,0,0,0,0,0,0,0,0,0,-49000,0,0,0,0,49000,-49000,-49000
045680,創意元大92購06  ,0,0,0,0,0,0,0,0,0,-49000,0,0,0,0,49000,-49000,-49000
044105,聯詠中信95購01  ,0,0,0,0,0,0,0,0,0,-49000,0,0,0,26000,75000,-49000,-49000
044552,元油2X永豐91購02,0,0,0,0,0,0,0,0,0,-49000,0,0,0,1000,50000,-49000,-49000
043654,臻鼎國泰92購01  ,0,0,0,0,0,0,0,0,0,-49000,0,0,0,0,49000,-49000,-49000
03777P,華通中信95售01  ,0,0,0,0,0,0,0,0,0,-49000,0,0,0,11000,60000,-49000,-49000
045930,康控永豐92購01  ,0,0,0,0,0,0,0,0,0,-49000,0,0,0,170000,219000,-49000,-49000
047005,南亞科統一93購03,0,0,0,0,0,0,0,0,0,-49000,0,0,0,0,49000,-49000,-49000
049915,瑞昱元大94購07  ,0,0,0,0,0,0,0,0,0,-49000,0,0,0,1000,50000,-49000,-49000
048114,景碩群益93購02  ,0,0,0,0,0,0,0,0,0,-49000,0,0,0,12000,61000,-49000,-49000
051118,台塑群益95購01  ,0,0,0,0,0,0,0,0,0,-49000,0,0,0,10000,59000,-49000,-49000
052312,美律富邦96購02  ,0,0,0,0,0,0,0,0,0,-49000,0,0,0,1000,50000,-49000,-49000
051849,旺宏中信98購01  ,0,0,0,0,0,0,0,0,0,-49000,0,0,0,16000,65000,-49000,-49000
049176,漢唐凱基94購02  ,0,0,0,0,0,0,0,0,0,-49000,0,0,0,0,49000,-49000,-49000
9911,櫻花            ,110000,159000,-49000,0,0,0,0,0,0,0,0,0,0,0,0,0,-49000
6189,豐藝            ,9000,58000,-49000,0,0,0,0,0,0,0,0,0,0,0,0,0,-49000
05749P,臺股指群益99售03,0,0,0,0,0,0,0,0,0,-49000,0,0,0,0,49000,-49000,-49000
1737,臺鹽            ,18000,13000,5000,0,0,0,0,0,0,-54000,0,54000,-54000,0,0,0,-49000
1730,花仙子          ,1000,50000,-49000,0,0,0,0,0,0,0,0,0,0,0,0,0,-49000
1338,廣華-KY         ,24000,84000,-60000,0,0,0,0,0,0,11000,11000,0,11000,0,0,0,-49000
053290,元油反中信97購01,0,0,0,0,0,0,0,0,0,-50000,0,0,0,0,50000,-50000,-50000
05345P,臺股指統一95售05,0,0,0,0,0,0,0,0,0,-50000,0,0,0,0,50000,-50000,-50000
052568,漢唐凱基96購02  ,0,0,0,0,0,0,0,0,0,-50000,0,0,0,0,50000,-50000,-50000
052670,茂林群益96購02  ,0,0,0,0,0,0,0,0,0,-50000,0,0,0,550000,600000,-50000,-50000
052451,旭富元大95購02  ,0,0,0,0,0,0,0,0,0,-50000,0,0,0,0,50000,-50000,-50000
052486,元油反國票96購01,0,0,0,0,0,0,0,0,0,-50000,0,0,0,0,50000,-50000,-50000
052348,台光電富邦95購01,0,0,0,0,0,0,0,0,0,-50000,0,0,0,10000,60000,-50000,-50000
052840,友達富邦96購01  ,0,0,0,0,0,0,0,0,0,-50000,0,0,0,0,50000,-50000,-50000
052896,宏達電群益96購01,0,0,0,0,0,0,0,0,0,-50000,0,0,0,14000,64000,-50000,-50000
054478,可成中信97購01  ,0,0,0,0,0,0,0,0,0,-50000,0,0,0,0,50000,-50000,-50000
054349,同欣電國票97購02,0,0,0,0,0,0,0,0,0,-50000,0,0,0,38000,88000,-50000,-50000
054393,漢唐永豐96購01  ,0,0,0,0,0,0,0,0,0,-50000,0,0,0,0,50000,-50000,-50000
054411,光磊元大97購02  ,0,0,0,0,0,0,0,0,0,-50000,0,0,0,0,50000,-50000,-50000
054788,華新科群益98購02,0,0,0,0,0,0,0,0,0,-50000,0,0,0,31000,81000,-50000,-50000
054680,華新科康和97購02,0,0,0,0,0,0,0,0,0,-50000,0,0,0,0,50000,-50000,-50000
054830,世芯國泰99購01  ,0,0,0,0,0,0,0,0,0,-50000,0,0,0,0,50000,-50000,-50000
054946,億光元大97購01  ,0,0,0,0,0,0,0,0,0,-50000,0,0,0,20000,70000,-50000,-50000
054957,興富發元大97購01,0,0,0,0,0,0,0,0,0,-50000,0,0,0,0,50000,-50000,-50000
054160,華泰凱基98購01  ,0,0,0,0,0,0,0,0,0,-50000,0,0,0,0,50000,-50000,-50000
03764P,大立光元富93售01,0,0,0,0,0,0,0,0,0,-50000,0,0,0,0,50000,-50000,-50000
043346,TPK富邦93購01   ,0,0,0,0,0,0,0,0,0,-50000,0,0,0,60000,110000,-50000,-50000
043282,美律元大92購02  ,0,0,0,0,0,0,0,0,0,-50000,0,0,0,0,50000,-50000,-50000
03321P,智邦凱基03售01  ,0,0,0,0,0,0,0,0,0,-50000,0,0,0,0,50000,-50000,-50000
043655,微星富邦93購01  ,0,0,0,0,0,0,0,0,0,-50000,0,0,0,10000,60000,-50000,-50000
04200P,奇力新群益93售07,0,0,0,0,0,0,0,0,0,-50000,0,0,0,50000,100000,-50000,-50000
043523,奇鋐元大93購01  ,0,0,0,0,0,0,0,0,0,-50000,0,0,0,0,50000,-50000,-50000
042234,S&P反1國泰92購01,0,0,0,0,0,0,0,0,0,-50000,0,0,0,0,50000,-50000,-50000
04221P,大立光兆豐93售05,0,0,0,0,0,0,0,0,0,-50000,0,0,0,0,50000,-50000,-50000
03957P,創意統一94售02  ,0,0,0,0,0,0,0,0,0,-50000,0,0,0,50000,100000,-50000,-50000
044536,深中小群益92購01,0,0,0,0,0,0,0,0,0,-50000,0,0,0,10000,60000,-50000,-50000
04117P,聯發科元大93售21,0,0,0,0,0,0,0,0,0,-50000,0,0,0,0,50000,-50000,-50000
045586,創意元大93購03  ,0,0,0,0,0,0,0,0,0,-50000,0,0,0,0,50000,-50000,-50000
044610,A50正2兆豐93購01,0,0,0,0,0,0,0,0,0,-50000,0,0,0,0,50000,-50000,-50000
043961,道瓊反國泰94購01,0,0,0,0,0,0,0,0,0,-50000,0,0,0,0,50000,-50000,-50000
045688,祥碩元大92購01  ,0,0,0,0,0,0,0,0,0,-50000,0,0,0,253000,303000,-50000,-50000
045717,微星凱基92購03  ,0,0,0,0,0,0,0,0,0,-50000,0,0,0,0,50000,-50000,-50000
044248,臻鼎元富91購01  ,0,0,0,0,0,0,0,0,0,-50000,0,0,0,0,50000,-50000,-50000
044034,美律群益92購04  ,0,0,0,0,0,0,0,0,0,-50000,0,0,0,15000,65000,-50000,-50000
048903,華通富邦95購01  ,0,0,0,0,0,0,0,0,0,-50000,0,0,0,0,50000,-50000,-50000
049002,光寶科中信94購01,0,0,0,0,0,0,0,0,0,-50000,0,0,0,0,50000,-50000,-50000
045175,康控國票92購01  ,0,0,0,0,0,0,0,0,0,-50000,0,0,0,0,50000,-50000,-50000
045129,智邦統一92購01  ,0,0,0,0,0,0,0,0,0,-50000,0,0,0,0,50000,-50000,-50000
045829,滬深2X群益95購02,0,0,0,0,0,0,0,0,0,-50000,0,0,0,0,50000,-50000,-50000
045096,達方元大92購01  ,0,0,0,0,0,0,0,0,0,-50000,0,0,0,448000,498000,-50000,-50000
045399,康控富邦93購02  ,0,0,0,0,0,0,0,0,0,-50000,0,0,0,0,50000,-50000,-50000
046633,健策元富93購01  ,0,0,0,0,0,0,0,0,0,-50000,0,0,0,0,50000,-50000,-50000
046623,臻鼎凱基93購02  ,0,0,0,0,0,0,0,0,0,-50000,0,0,0,20000,70000,-50000,-50000
04660P,臺股指富邦94售03,0,0,0,0,0,0,0,0,0,-50000,0,0,0,0,50000,-50000,-50000
045899,臻鼎元大92購03  ,0,0,0,0,0,0,0,0,0,-50000,0,0,0,50000,100000,-50000,-50000
048771,嘉澤凱基94購01  ,0,0,0,0,0,0,0,0,0,-50000,0,0,0,0,50000,-50000,-50000
046529,臻鼎中信92購01  ,0,0,0,0,0,0,0,0,0,-50000,0,0,0,100000,150000,-50000,-50000
048500,樺漢元大93購03  ,0,0,0,0,0,0,0,0,0,-50000,0,0,0,0,50000,-50000,-50000
048469,微星永豐93購03  ,0,0,0,0,0,0,0,0,0,-50000,0,0,0,0,50000,-50000,-50000
048384,遠東新國票94購01,0,0,0,0,0,0,0,0,0,-50000,0,0,0,150000,200000,-50000,-50000
049825,台積電凱基94購26,0,0,0,0,0,0,0,0,0,-50000,0,0,0,33000,83000,-50000,-50000
049554,禾伸堂富邦96購01,0,0,0,0,0,0,0,0,0,-50000,0,0,0,10000,60000,-50000,-50000
045993,美律富邦93購01  ,0,0,0,0,0,0,0,0,0,-50000,0,0,0,0,50000,-50000,-50000
04600P,可成凱基94售07  ,0,0,0,0,0,0,0,0,0,-50000,0,0,0,25000,75000,-50000,-50000
047101,南亞科富邦93購01,0,0,0,0,0,0,0,0,0,-50000,0,0,0,0,50000,-50000,-50000
046444,矽力日盛92購01  ,0,0,0,0,0,0,0,0,0,-50000,0,0,0,20000,70000,-50000,-50000
04754P,宏達電元富94售02,0,0,0,0,0,0,0,0,0,-50000,0,0,0,0,50000,-50000,-50000
047541,深中小凱基94購01,0,0,0,0,0,0,0,0,0,-50000,0,0,0,10000,60000,-50000,-50000
04800P,聯茂元大94售08  ,0,0,0,0,0,0,0,0,0,-50000,0,0,0,0,50000,-50000,-50000
048022,儒鴻凱基93購04  ,0,0,0,0,0,0,0,0,0,-50000,0,0,0,0,50000,-50000,-50000
047696,聯發科國票94購02,0,0,0,0,0,0,0,0,0,-50000,0,0,0,180000,230000,-50000,-50000
047684,景碩國泰94購01  ,0,0,0,0,0,0,0,0,0,-50000,0,0,0,0,50000,-50000,-50000
047618,義隆凱基94購02  ,0,0,0,0,0,0,0,0,0,-50000,0,0,0,0,50000,-50000,-50000
048743,美利達統一94購01,0,0,0,0,0,0,0,0,0,-50000,0,0,0,4000,54000,-50000,-50000
047734,欣興兆豐94購02  ,0,0,0,0,0,0,0,0,0,-50000,0,0,0,0,50000,-50000,-50000
04940P,台積電國票95售02,0,0,0,0,0,0,0,0,0,-50000,0,0,0,0,50000,-50000,-50000
049393,世紀鋼第一94購01,0,0,0,0,0,0,0,0,0,-50000,0,0,0,0,50000,-50000,-50000
050015,友達富邦95購01  ,0,0,0,0,0,0,0,0,0,-50000,0,0,0,0,50000,-50000,-50000
050600,瑞儀國泰95購01  ,0,0,0,0,0,0,0,0,0,-50000,0,0,0,10000,60000,-50000,-50000
050298,智伸科凱基94購02,0,0,0,0,0,0,0,0,0,-50000,0,0,0,0,50000,-50000,-50000
050702,崇越凱基94購01  ,0,0,0,0,0,0,0,0,0,-50000,0,0,0,0,50000,-50000,-50000
050879,樺漢統一95購02  ,0,0,0,0,0,0,0,0,0,-50000,0,0,0,70000,120000,-50000,-50000
051930,國泰金兆豐97購01,0,0,0,0,0,0,0,0,0,-50000,0,0,0,0,50000,-50000,-50000
051987,廣達元大95購01  ,0,0,0,0,0,0,0,0,0,-50000,0,0,0,0,50000,-50000,-50000
051769,矽力元大95購01  ,0,0,0,0,0,0,0,0,0,-50000,0,0,0,66000,116000,-50000,-50000
051762,國泰金元大95購01,0,0,0,0,0,0,0,0,0,-50000,0,0,0,0,50000,-50000,-50000
052256,台泥國泰96購01  ,0,0,0,0,0,0,0,0,0,-50000,0,0,0,30000,80000,-50000,-50000
051019,大立光凱基95購08,0,0,0,0,0,0,0,0,0,-50000,0,0,0,0,50000,-50000,-50000
051014,智邦凱基95購01  ,0,0,0,0,0,0,0,0,0,-50000,0,0,0,0,50000,-50000,-50000
051265,鴻海富邦96購04  ,0,0,0,0,0,0,0,0,0,-50000,0,0,0,0,50000,-50000,-50000
051270,百和富邦95購01  ,0,0,0,0,0,0,0,0,0,-50000,0,0,0,40000,90000,-50000,-50000
051317,亞德客國票96購01,0,0,0,0,0,0,0,0,0,-50000,0,0,0,0,50000,-50000,-50000
051623,和碩凱基96購02  ,0,0,0,0,0,0,0,0,0,-50000,0,0,0,0,50000,-50000,-50000
08672P,聯發科統一01售09,0,0,0,0,0,0,0,0,0,-50000,0,0,0,0,50000,-50000,-50000
2362,藍天            ,215000,255000,-40000,0,0,0,0,0,0,-10000,0,10000,-10000,0,0,0,-50000
2374,佳能            ,67000,113000,-46000,0,0,0,0,0,0,-4000,0,4000,-4000,0,0,0,-50000
05743P,創意元大96售01  ,0,0,0,0,0,0,0,0,0,-50000,0,0,0,0,50000,-50000,-50000
055163,訊芯元大98購01  ,0,0,0,0,0,0,0,0,0,-50000,0,0,0,0,50000,-50000,-50000
06034P,世芯凱基96售03  ,0,0,0,0,0,0,0,0,0,-50000,0,0,0,5000,55000,-50000,-50000
08525P,台灣50凱基96售02,0,0,0,0,0,0,0,0,0,-50000,0,0,0,0,50000,-50000,-50000
054206,鴻海國票99購01  ,0,0,0,0,0,0,0,0,0,-51000,0,0,0,42000,93000,-51000,-51000
052829,上銀群益96購01  ,0,0,0,0,0,0,0,0,0,-51000,0,0,0,36000,87000,-51000,-51000
05251P,喬山台新95售02  ,0,0,0,0,0,0,0,0,0,-51000,0,0,0,0,51000,-51000,-51000
053635,技嘉永豐96購01  ,0,0,0,0,0,0,0,0,0,-51000,0,0,0,2000,53000,-51000,-51000
044934,玉晶光元大93購01,0,0,0,0,0,0,0,0,0,-51000,0,0,0,0,51000,-51000,-51000
044777,超眾元大93購01  ,0,0,0,0,0,0,0,0,0,-51000,0,0,0,0,51000,-51000,-51000
041233,智易元大91購01  ,0,0,0,0,0,0,0,0,0,-51000,0,0,0,0,51000,-51000,-51000
044499,中磊元大91購02  ,0,0,0,0,0,0,0,0,0,-51000,0,0,0,0,51000,-51000,-51000
047694,SP黃豆國票9B購01,0,0,0,0,0,0,0,0,0,-51000,0,0,0,0,51000,-51000,-51000
04765P,宏達電永豐94售02,0,0,0,0,0,0,0,0,0,-51000,0,0,0,108000,159000,-51000,-51000
046945,大毅元大93購01  ,0,0,0,0,0,0,0,0,0,-51000,0,0,0,0,51000,-51000,-51000
046811,和大凱基93購01  ,0,0,0,0,0,0,0,0,0,-51000,0,0,0,1000,52000,-51000,-51000
049851,致伸群益94購03  ,0,0,0,0,0,0,0,0,0,-51000,0,0,0,150000,201000,-51000,-51000
049149,華新科元大95購03,0,0,0,0,0,0,0,0,0,-51000,0,0,0,68000,119000,-51000,-51000
047325,材料元大93購01  ,0,0,0,0,0,0,0,0,0,-51000,0,0,0,40000,91000,-51000,-51000
04811P,上銀元大94售02  ,0,0,0,0,0,0,0,0,0,-51000,0,0,0,0,51000,-51000,-51000
048134,祥碩國票93購02  ,0,0,0,0,0,0,0,0,0,-51000,0,0,0,12000,63000,-51000,-51000
052235,聯發科國票96購02,0,0,0,0,0,0,0,0,0,-51000,0,0,0,0,51000,-51000,-51000
050381,鴻海兆豐94購01  ,0,0,0,0,0,0,0,0,0,-51000,0,0,0,10000,61000,-51000,-51000
05946P,和碩中信96售01  ,0,0,0,0,0,0,0,0,0,-51000,0,0,0,0,51000,-51000,-51000
1608,華榮            ,24000,75000,-51000,0,0,0,0,0,0,0,0,0,0,0,0,0,-51000
6202,盛群            ,51000,100000,-49000,0,0,0,0,0,0,-2000,0,2000,-2000,0,0,0,-51000
6285,啟碁            ,153000,240000,-87000,0,0,0,1000,1000,0,36000,40000,4000,36000,36000,36000,0,-51000
8341,日友            ,5000,62000,-57000,0,0,0,0,0,0,6000,6000,0,6000,0,0,0,-51000
052830,台光電群益96購01,0,0,0,0,0,0,0,0,0,-52000,0,0,0,33000,85000,-52000,-52000
054123,易華電永豐96購03,0,0,0,0,0,0,0,0,0,-52000,0,0,0,22000,74000,-52000,-52000
054000,訊芯群益96購02  ,0,0,0,0,0,0,0,0,0,-52000,0,0,0,33000,85000,-52000,-52000
055003,群創元富99購05  ,0,0,0,0,0,0,0,0,0,-52000,0,0,0,143000,195000,-52000,-52000
054927,帆宣凱基97購01  ,0,0,0,0,0,0,0,0,0,-52000,0,0,0,0,52000,-52000,-52000
054742,京鼎凱基99購01  ,0,0,0,0,0,0,0,0,0,-52000,0,0,0,0,52000,-52000,-52000
054545,奇力新中信98購01,0,0,0,0,0,0,0,0,0,-52000,0,0,0,73000,125000,-52000,-52000
044671,台積電兆豐93購01,0,0,0,0,0,0,0,0,0,-52000,0,0,0,3000,55000,-52000,-52000
042346,創意富邦92購01  ,0,0,0,0,0,0,0,0,0,-52000,0,0,0,0,52000,-52000,-52000
03564P,為升群益02售02  ,0,0,0,0,0,0,0,0,0,-52000,0,0,0,12000,64000,-52000,-52000
03583P,微星元大02售03  ,0,0,0,0,0,0,0,0,0,-52000,0,0,0,3000,55000,-52000,-52000
045361,鈺齊凱基93購01  ,0,0,0,0,0,0,0,0,0,-52000,0,0,0,0,52000,-52000,-52000
047047,旺宏國票95購01  ,0,0,0,0,0,0,0,0,0,-52000,0,0,0,37000,89000,-52000,-52000
049043,新唐兆豐94購01  ,0,0,0,0,0,0,0,0,0,-52000,0,0,0,0,52000,-52000,-52000
04756P,大立光元富94售08,0,0,0,0,0,0,0,0,0,-52000,0,0,0,0,52000,-52000,-52000
047777,寶成元大93購01  ,0,0,0,0,0,0,0,0,0,-52000,0,0,0,87000,139000,-52000,-52000
050332,鴻海國泰96購05  ,0,0,0,0,0,0,0,0,0,-52000,0,0,0,0,52000,-52000,-52000
050632,國巨群益94購07  ,0,0,0,0,0,0,0,0,0,-52000,0,0,0,101000,153000,-52000,-52000
049490,京元電元大95購02,0,0,0,0,0,0,0,0,0,-52000,0,0,0,171000,223000,-52000,-52000
051756,台積電元大97購04,0,0,0,0,0,0,0,0,0,-52000,0,0,0,151000,203000,-52000,-52000
051932,康控國票96購02  ,0,0,0,0,0,0,0,0,0,-52000,0,0,0,0,52000,-52000,-52000
051494,中環兆豐95購01  ,0,0,0,0,0,0,0,0,0,-52000,0,0,0,31000,83000,-52000,-52000
051551,新日興永豐95購01,0,0,0,0,0,0,0,0,0,-52000,0,0,0,0,52000,-52000,-52000
051334,宏達電永豐95購01,0,0,0,0,0,0,0,0,0,-52000,0,0,0,12000,64000,-52000,-52000
051074,矽力國票96購01  ,0,0,0,0,0,0,0,0,0,-52000,0,0,0,19000,71000,-52000,-52000
6152,百一            ,13000,64000,-51000,0,0,0,0,0,0,-1000,0,1000,-1000,0,0,0,-52000
2420,新巨            ,11000,63000,-52000,0,0,0,0,0,0,0,0,0,0,0,0,0,-52000
054599,正崴台新97購01  ,0,0,0,0,0,0,0,0,0,-53000,0,0,0,0,53000,-53000,-53000
05467P,聯電元大95售02  ,0,0,0,0,0,0,0,0,0,-53000,0,0,0,15000,68000,-53000,-53000
05488P,臺股指凱基95售21,0,0,0,0,0,0,0,0,0,-53000,0,0,0,18000,71000,-53000,-53000
054851,樺漢兆豐97購01  ,0,0,0,0,0,0,0,0,0,-53000,0,0,0,0,53000,-53000,-53000
054254,晶豪科元大96購02,0,0,0,0,0,0,0,0,0,-53000,0,0,0,172000,225000,-53000,-53000
053797,台積電中信98購01,0,0,0,0,0,0,0,0,0,-53000,0,0,0,72000,125000,-53000,-53000
052726,鴻海元富96購03  ,0,0,0,0,0,0,0,0,0,-53000,0,0,0,276000,329000,-53000,-53000
052998,拓凱康和96購01  ,0,0,0,0,0,0,0,0,0,-53000,0,0,0,0,53000,-53000,-53000
053429,彩晶永豐96購01  ,0,0,0,0,0,0,0,0,0,-53000,0,0,0,55000,108000,-53000,-53000
049017,旺宏群益96購03  ,0,0,0,0,0,0,0,0,0,-53000,0,0,0,16000,69000,-53000,-53000
048555,技嘉元大93購02  ,0,0,0,0,0,0,0,0,0,-53000,0,0,0,1000,54000,-53000,-53000
048591,台郡兆豐94購01  ,0,0,0,0,0,0,0,0,0,-53000,0,0,0,10000,63000,-53000,-53000
044312,A50正2永豐92購01,0,0,0,0,0,0,0,0,0,-53000,0,0,0,300000,353000,-53000,-53000
04716P,中石化凱基94售01,0,0,0,0,0,0,0,0,0,-53000,0,0,0,0,53000,-53000,-53000
048667,旺宏永豐94購02  ,0,0,0,0,0,0,0,0,0,-53000,0,0,0,15000,68000,-53000,-53000
048423,聯發科元富93購02,0,0,0,0,0,0,0,0,0,-53000,0,0,0,68000,121000,-53000,-53000
052163,康舒永豐95購02  ,0,0,0,0,0,0,0,0,0,-53000,0,0,0,150000,203000,-53000,-53000
049459,全新元富95購02  ,0,0,0,0,0,0,0,0,0,-53000,0,0,0,0,53000,-53000,-53000
049404,訊芯群益94購02  ,0,0,0,0,0,0,0,0,0,-53000,0,0,0,2000,55000,-53000,-53000
050564,臻鼎元富94購08  ,0,0,0,0,0,0,0,0,0,-53000,0,0,0,98000,151000,-53000,-53000
2107,厚生            ,26000,78000,-52000,0,0,0,0,0,0,-1000,0,1000,-1000,0,0,0,-53000
2022,聚亨            ,30000,83000,-53000,0,0,0,0,0,0,0,0,0,0,0,0,0,-53000
05775P,台積電國泰98售02,0,0,0,0,0,0,0,0,0,-53000,0,0,0,8000,61000,-53000,-53000
4994,傳奇            ,29000,78000,-49000,0,0,0,0,0,0,-4000,0,1000,-1000,0,3000,-3000,-53000
053096,康控統一96購01  ,0,0,0,0,0,0,0,0,0,-54000,0,0,0,134000,188000,-54000,-54000
044296,嘉聯益凱基93購01,0,0,0,0,0,0,0,0,0,-54000,0,0,0,21000,75000,-54000,-54000
048924,光罩永豐94購01  ,0,0,0,0,0,0,0,0,0,-54000,0,0,0,5000,59000,-54000,-54000
03680P,矽創元大92售05  ,0,0,0,0,0,0,0,0,0,-54000,0,0,0,0,54000,-54000,-54000
048480,FB上証中信94購01,0,0,0,0,0,0,0,0,0,-54000,0,0,0,0,54000,-54000,-54000
049156,緯穎元大96購01  ,0,0,0,0,0,0,0,0,0,-54000,0,0,0,111000,165000,-54000,-54000
046080,同欣電凱基92購03,0,0,0,0,0,0,0,0,0,-54000,0,0,0,23000,77000,-54000,-54000
051209,百和麥證95購01  ,0,0,0,230000,284000,-54000,0,0,0,-54000,0,0,0,230000,284000,-54000,-54000
4725,信昌化          ,12000,66000,-54000,0,0,0,0,0,0,0,0,0,0,0,0,0,-54000
053529,國巨麥證96購01  ,0,0,0,12000,67000,-55000,0,0,0,-55000,0,0,0,12000,67000,-55000,-55000
052986,聯發科元大97購05,0,0,0,0,0,0,0,0,0,-55000,0,0,0,993000,1048000,-55000,-55000
053898,康友群益97購01  ,0,0,0,0,0,0,0,0,0,-55000,0,0,0,11000,66000,-55000,-55000
054823,祥碩元大97購02  ,0,0,0,0,0,0,0,0,0,-55000,0,0,0,63000,118000,-55000,-55000
054671,國巨國泰98購01  ,0,0,0,0,0,0,0,0,0,-55000,0,0,0,6000,61000,-55000,-55000
00686R,群益臺灣加權反1 ,0,0,0,0,0,0,0,0,0,-55000,0,0,0,9000,64000,-55000,-55000
045181,華邦電統一92購01,0,0,0,0,0,0,0,0,0,-55000,0,0,0,78000,133000,-55000,-55000
045185,致伸統一94購01  ,0,0,0,0,0,0,0,0,0,-55000,0,0,0,0,55000,-55000,-55000
045749,智邦富邦93購01  ,0,0,0,0,0,0,0,0,0,-55000,0,0,0,0,55000,-55000,-55000
044722,滬深2X永豐93購01,0,0,0,0,0,0,0,0,0,-55000,0,0,0,0,55000,-55000,-55000
046259,和大凱基92購02  ,0,0,0,0,0,0,0,0,0,-55000,0,0,0,13000,68000,-55000,-55000
049142,智邦元大94購01  ,0,0,0,0,0,0,0,0,0,-55000,0,0,0,59000,114000,-55000,-55000
046306,瑞昱元大92購02  ,0,0,0,0,0,0,0,0,0,-55000,0,0,0,0,55000,-55000,-55000
049890,嘉澤國泰95購01  ,0,0,0,0,0,0,0,0,0,-55000,0,0,0,5000,60000,-55000,-55000
048787,義隆元大94購02  ,0,0,0,0,0,0,0,0,0,-55000,0,0,0,13000,68000,-55000,-55000
04590P,元石油元大97售01,0,0,0,0,0,0,0,0,0,-55000,0,0,0,60000,115000,-55000,-55000
046656,華邦電元大93購02,0,0,0,0,0,0,0,0,0,-55000,0,0,0,0,55000,-55000,-55000
048720,智易永豐94購02  ,0,0,0,0,0,0,0,0,0,-55000,0,0,0,0,55000,-55000,-55000
048012,嘉晶國票94購01  ,0,0,0,0,0,0,0,0,0,-55000,0,0,0,0,55000,-55000,-55000
046460,聯鈞凱基93購02  ,0,0,0,0,0,0,0,0,0,-55000,0,0,0,50000,105000,-55000,-55000
051240,台積電元大95購12,0,0,0,0,0,0,0,0,0,-55000,0,0,0,217000,272000,-55000,-55000
051244,正崴元大95購01  ,0,0,0,0,0,0,0,0,0,-55000,0,0,0,25000,80000,-55000,-55000
051438,喬山元大95購03  ,0,0,0,0,0,0,0,0,0,-55000,0,0,0,0,55000,-55000,-55000
051582,聯發科元大97購02,0,0,0,0,0,0,0,0,0,-55000,0,0,0,66000,121000,-55000,-55000
051753,華通元大96購03  ,0,0,0,0,0,0,0,0,0,-55000,0,0,0,11000,66000,-55000,-55000
050344,鴻海元富96購01  ,0,0,0,0,0,0,0,0,0,-55000,0,0,0,0,55000,-55000,-55000
05068P,鴻海統一95售06  ,0,0,0,0,0,0,0,0,0,-55000,0,0,0,378000,433000,-55000,-55000
3437,榮創            ,43000,95000,-52000,0,0,0,0,0,0,-3000,0,3000,-3000,0,0,0,-55000
05790P,臺股指永昌96售07,0,0,0,0,0,0,0,0,0,-55000,26000,0,26000,85000,166000,-81000,-55000
2535,達欣工          ,22000,77000,-55000,0,0,0,0,0,0,0,0,0,0,0,0,0,-55000
054616,智伸科永豐97購01,0,0,0,0,0,0,0,0,0,-56000,0,0,0,0,56000,-56000,-56000
052362,瑞昱國票96購02  ,0,0,0,0,0,0,0,0,0,-56000,0,0,0,34000,90000,-56000,-56000
052369,矽力國票96購02  ,0,0,0,0,0,0,0,0,0,-56000,0,0,0,2000,58000,-56000,-56000
045637,可成凱基92購08  ,0,0,0,0,0,0,0,0,0,-56000,0,0,0,0,56000,-56000,-56000
044357,貿聯元大92購02  ,0,0,0,0,0,0,0,0,0,-56000,0,0,0,0,56000,-56000,-56000
04505P,佳世達元富96售03,0,0,0,0,0,0,0,0,0,-56000,0,0,0,11000,67000,-56000,-56000
035274,華新台新97購01  ,0,0,0,0,0,0,0,0,0,-56000,0,0,0,0,56000,-56000,-56000
04323P,強茂元大93售02  ,0,0,0,0,0,0,0,0,0,-56000,0,0,0,2000,58000,-56000,-56000
04314P,聯茂元富93售01  ,0,0,0,0,0,0,0,0,0,-56000,0,0,0,54000,110000,-56000,-56000
050822,亞光凱基95購01  ,0,0,0,0,0,0,0,0,0,-56000,0,0,0,0,56000,-56000,-56000
050346,康友元富94購03  ,0,0,0,0,0,0,0,0,0,-56000,0,0,0,0,56000,-56000,-56000
050324,訊芯台新94購01  ,0,0,0,0,0,0,0,0,0,-56000,0,0,0,0,56000,-56000,-56000
050511,元油2X元大94購11,0,0,0,0,0,0,0,0,0,-56000,0,0,0,250000,306000,-56000,-56000
051660,緯穎國泰96購02  ,0,0,0,0,0,0,0,0,0,-56000,0,0,0,0,56000,-56000,-56000
08653P,台灣50凱基96售07,0,0,0,0,0,0,0,0,0,-56000,0,0,0,0,56000,-56000,-56000
05637P,聯電元大96售04  ,0,0,0,0,0,0,0,0,0,-56000,0,0,0,51000,107000,-56000,-56000
6698,旭暉應材        ,20000,79000,-59000,0,0,0,0,0,0,3000,3000,0,3000,0,0,0,-56000
052508,矽力日盛95購02  ,0,0,0,0,0,0,0,0,0,-57000,0,0,0,15000,72000,-57000,-57000
052911,友達統一97購02  ,0,0,0,0,0,0,0,0,0,-57000,0,0,0,30000,87000,-57000,-57000
054793,牧德群益9A購01  ,0,0,0,0,0,0,0,0,0,-57000,0,0,0,4000,61000,-57000,-57000
054591,GIS國泰98購01   ,0,0,0,0,0,0,0,0,0,-57000,0,0,0,0,57000,-57000,-57000
042283,南電富邦92購01  ,0,0,0,0,0,0,0,0,0,-57000,0,0,0,13000,70000,-57000,-57000
045529,大立光永豐92購03,0,0,0,0,0,0,0,0,0,-57000,0,0,0,6000,63000,-57000,-57000
039900,上証2X國泰92購01,0,0,0,0,0,0,0,0,0,-57000,0,0,0,38000,95000,-57000,-57000
04148P,GIS凱基93售05   ,0,0,0,0,0,0,0,0,0,-57000,0,0,0,163000,220000,-57000,-57000
046775,聯發科台新93購01,0,0,0,0,0,0,0,0,0,-57000,0,0,0,30000,87000,-57000,-57000
047318,聯詠元大93購07  ,0,0,0,0,0,0,0,0,0,-57000,0,0,0,0,57000,-57000,-57000
046568,臻鼎元富95購01  ,0,0,0,0,0,0,0,0,0,-57000,0,0,0,273000,330000,-57000,-57000
049914,瑞昱元大94購06  ,0,0,0,0,0,0,0,0,0,-57000,0,0,0,0,57000,-57000,-57000
051584,可成元大95購08  ,0,0,0,0,0,0,0,0,0,-57000,0,0,0,0,57000,-57000,-57000
051550,日電貿永豐95購01,0,0,0,0,0,0,0,0,0,-57000,0,0,0,0,57000,-57000,-57000
051506,台積電元富95購06,0,0,0,0,0,0,0,0,0,-57000,0,0,0,265000,322000,-57000,-57000
051383,京鼎群益96購02  ,0,0,0,0,0,0,0,0,0,-57000,0,0,0,37000,94000,-57000,-57000
050496,鴻海富邦96購01  ,0,0,0,0,0,0,0,0,0,-57000,0,0,0,380000,437000,-57000,-57000
050797,聯發科中信99購01,0,0,0,0,0,0,0,0,0,-57000,0,0,0,5000,62000,-57000,-57000
049418,大立光凱基94購05,0,0,0,0,0,0,0,0,0,-57000,0,0,0,8000,65000,-57000,-57000
3419,譁裕            ,23000,77000,-54000,0,0,0,0,0,0,-3000,0,3000,-3000,0,0,0,-57000
054397,創意永豐96購05  ,0,0,0,0,0,0,0,0,0,-58000,0,0,0,0,58000,-58000,-58000
054822,祥碩元大97購01  ,0,0,0,0,0,0,0,0,0,-58000,0,0,0,3000,61000,-58000,-58000
053890,華新科群益98購01,0,0,0,0,0,0,0,0,0,-58000,0,0,0,183000,241000,-58000,-58000
053733,華邦電中信98購01,0,0,0,0,0,0,0,0,0,-58000,0,0,0,0,58000,-58000,-58000
054111,緯穎凱基97購01  ,0,0,0,0,0,0,0,0,0,-58000,0,0,0,10000,68000,-58000,-58000
052731,宏達電國泰98購01,0,0,0,0,0,0,0,0,0,-58000,0,0,0,40000,98000,-58000,-58000
053373,台泥元大96購01  ,0,0,0,0,0,0,0,0,0,-58000,0,0,0,2000,60000,-58000,-58000
053317,友達群益9A購02  ,0,0,0,0,0,0,0,0,0,-58000,0,0,0,23000,81000,-58000,-58000
043281,漢唐元大92購02  ,0,0,0,0,0,0,0,0,0,-58000,0,0,0,5000,63000,-58000,-58000
043051,天鈺國泰93購01  ,0,0,0,0,0,0,0,0,0,-58000,0,0,0,20000,78000,-58000,-58000
03247P,聯電元富03售02  ,0,0,0,0,0,0,0,0,0,-58000,0,0,0,0,58000,-58000,-58000
046281,正崴永豐92購01  ,0,0,0,0,0,0,0,0,0,-58000,0,0,0,45000,103000,-58000,-58000
046585,潤泰全元大92購03,0,0,0,0,0,0,0,0,0,-58000,0,0,0,10000,68000,-58000,-58000
047354,訊芯凱基94購01  ,0,0,0,0,0,0,0,0,0,-58000,0,0,0,10000,68000,-58000,-58000
047615,為升凱基93購05  ,0,0,0,0,0,0,0,0,0,-58000,0,0,0,10000,68000,-58000,-58000
048682,奇力新富邦96購01,0,0,0,0,0,0,0,0,0,-58000,0,0,0,0,58000,-58000,-58000
047738,美律永豐93購02  ,0,0,0,0,0,0,0,0,0,-58000,0,0,0,10000,68000,-58000,-58000
047907,燿華元大93購05  ,0,0,0,0,0,0,0,0,0,-58000,0,0,0,10000,68000,-58000,-58000
05014P,臺股指元大95售05,0,0,0,0,0,0,0,0,0,-58000,0,0,0,0,58000,-58000,-58000
051053,台光電群益95購01,0,0,0,0,0,0,0,0,0,-58000,0,0,0,179000,237000,-58000,-58000
051865,聯發科凱基96購04,0,0,0,0,0,0,0,0,0,-58000,0,0,0,10000,68000,-58000,-58000
6155,鈞寶            ,153000,210000,-57000,0,0,0,0,0,0,-1000,0,1000,-1000,0,0,0,-58000
05729P,臺股指凱基97售02,0,0,0,0,0,0,0,0,0,-58000,0,0,0,164000,222000,-58000,-58000
1707,葡萄王          ,31000,87000,-56000,0,0,0,0,0,0,-2000,0,1000,-1000,0,1000,-1000,-58000
053323,群創群益98購07  ,0,0,0,0,0,0,0,0,0,-59000,0,0,0,559000,618000,-59000,-59000
052706,台虹國票97購01  ,0,0,0,0,0,0,0,0,0,-59000,0,0,0,0,59000,-59000,-59000
052964,台表科凱基96購03,0,0,0,0,0,0,0,0,0,-59000,0,0,0,25000,84000,-59000,-59000
053972,華新科元大96購06,0,0,0,0,0,0,0,0,0,-59000,0,0,0,49000,108000,-59000,-59000
045888,宏達電元大92購04,0,0,0,0,0,0,0,0,0,-59000,0,0,0,0,59000,-59000,-59000
048346,智易元大95購01  ,0,0,0,0,0,0,0,0,0,-59000,0,0,0,0,59000,-59000,-59000
049843,康友中信95購01  ,0,0,0,0,0,0,0,0,0,-59000,0,0,0,103000,162000,-59000,-59000
051686,宏達電凱基95購04,0,0,0,0,0,0,0,0,0,-59000,0,0,0,0,59000,-59000,-59000
049298,矽格群益95購01  ,0,0,0,0,0,0,0,0,0,-59000,0,0,0,0,59000,-59000,-59000
049736,宏達電群益95購03,0,0,0,0,0,0,0,0,0,-59000,0,0,0,91000,150000,-59000,-59000
053973,晶豪科元大96購01,0,0,0,0,0,0,0,0,0,-60000,0,0,0,40000,100000,-60000,-60000
053970,聯發科元大97購08,0,0,0,0,0,0,0,0,0,-60000,0,0,0,0,60000,-60000,-60000
054195,亞泥國泰98購01  ,0,0,0,0,0,0,0,0,0,-60000,0,0,0,50000,110000,-60000,-60000
053722,新光金凱基9C購01,0,0,0,0,0,0,0,0,0,-60000,0,0,0,0,60000,-60000,-60000
053880,智邦中信96購01  ,0,0,0,0,0,0,0,0,0,-60000,0,0,0,0,60000,-60000,-60000
054701,宏全永豐97購01  ,0,0,0,0,0,0,0,0,0,-60000,0,0,0,0,60000,-60000,-60000
054310,牧德凱基98購01  ,0,0,0,0,0,0,0,0,0,-60000,0,0,0,1000,61000,-60000,-60000
054493,同欣電台新96購01,0,0,0,0,0,0,0,0,0,-60000,0,0,0,0,60000,-60000,-60000
052414,聯電麥證95購01  ,0,0,0,20000,80000,-60000,0,0,0,-60000,0,0,0,20000,80000,-60000,-60000
053404,致新群益96購01  ,0,0,0,0,0,0,0,0,0,-60000,0,0,0,55000,115000,-60000,-60000
053084,國巨元大98購01  ,0,0,0,0,0,0,0,0,0,-60000,0,0,0,5000,65000,-60000,-60000
03818P,智易永豐93售01  ,0,0,0,0,0,0,0,0,0,-60000,0,0,0,0,60000,-60000,-60000
045522,滬深2X永豐94購01,0,0,0,0,0,0,0,0,0,-60000,0,0,0,40000,100000,-60000,-60000
043641,深中小國票94購01,0,0,0,0,0,0,0,0,0,-60000,0,0,0,0,60000,-60000,-60000
043750,美律元大93購01  ,0,0,0,0,0,0,0,0,0,-60000,0,0,0,3000,63000,-60000,-60000
045274,華邦電統一92購03,0,0,0,0,0,0,0,0,0,-60000,0,0,0,56000,116000,-60000,-60000
048847,A50群益98購01   ,0,0,0,0,0,0,0,0,0,-60000,0,0,0,5000,65000,-60000,-60000
044480,瀚宇博統一91購01,0,0,0,0,0,0,0,0,0,-60000,0,0,0,0,60000,-60000,-60000
049535,臻鼎永豐94購01  ,0,0,0,0,0,0,0,0,0,-60000,0,0,0,0,60000,-60000,-60000
049644,台積電凱基94購21,0,0,0,0,0,0,0,0,0,-60000,0,0,0,39000,99000,-60000,-60000
046142,康舒統一93購01  ,0,0,0,0,0,0,0,0,0,-60000,0,0,0,40000,100000,-60000,-60000
049132,大成鋼元大94購01,0,0,0,0,0,0,0,0,0,-60000,0,0,0,0,60000,-60000,-60000
048332,台積電富邦94購02,0,0,0,0,0,0,0,0,0,-60000,0,0,0,0,60000,-60000,-60000
048183,上海銀群益94購01,0,0,0,0,0,0,0,0,0,-60000,0,0,0,0,60000,-60000,-60000
046653,鴻海元大93購05  ,0,0,0,0,0,0,0,0,0,-60000,0,0,0,0,60000,-60000,-60000
046608,超眾兆豐93購02  ,0,0,0,0,0,0,0,0,0,-60000,0,0,0,0,60000,-60000,-60000
047450,南茂元大93購05  ,0,0,0,0,0,0,0,0,0,-60000,0,0,0,33000,93000,-60000,-60000
047210,漢唐富邦95購01  ,0,0,0,0,0,0,0,0,0,-60000,0,0,0,0,60000,-60000,-60000
047136,潤泰全凱基94購01,0,0,0,0,0,0,0,0,0,-60000,0,0,0,0,60000,-60000,-60000
047099,華通富邦94購01  ,0,0,0,0,0,0,0,0,0,-60000,0,0,0,0,60000,-60000,-60000
046722,智邦元大93購02  ,0,0,0,0,0,0,0,0,0,-60000,0,0,0,1000,61000,-60000,-60000
045996,南電富邦94購01  ,0,0,0,0,0,0,0,0,0,-60000,0,0,0,0,60000,-60000,-60000
046457,可成凱基92購09  ,0,0,0,0,0,0,0,0,0,-60000,0,0,0,0,60000,-60000,-60000
049756,瀚宇博永豐94購01,0,0,0,0,0,0,0,0,0,-60000,0,0,0,25000,85000,-60000,-60000
049924,欣興元大95購04  ,0,0,0,0,0,0,0,0,0,-60000,0,0,0,0,60000,-60000,-60000
049364,燿華元大94購02  ,0,0,0,0,0,0,0,0,0,-60000,0,0,0,0,60000,-60000,-60000
049466,創意台新94購01  ,0,0,0,0,0,0,0,0,0,-60000,0,0,0,0,60000,-60000,-60000
050132,日電貿凱基94購02,0,0,0,0,0,0,0,0,0,-60000,0,0,0,20000,80000,-60000,-60000
050120,GIS元大95購02   ,0,0,0,0,0,0,0,0,0,-60000,0,0,0,0,60000,-60000,-60000
050576,南亞科國票95購01,0,0,0,0,0,0,0,0,0,-60000,0,0,0,0,60000,-60000,-60000
050640,致新國票94購01  ,0,0,0,0,0,0,0,0,0,-60000,0,0,0,0,60000,-60000,-60000
051968,勤誠永豐95購01  ,0,0,0,0,0,0,0,0,0,-60000,0,0,0,67000,127000,-60000,-60000
052148,康友群益95購03  ,0,0,0,0,0,0,0,0,0,-60000,0,0,0,0,60000,-60000,-60000
052284,日月光凱基96購01,0,0,0,0,0,0,0,0,0,-60000,0,0,0,0,60000,-60000,-60000
051101,台表科元大96購02,0,0,0,0,0,0,0,0,0,-60000,0,0,0,86000,146000,-60000,-60000
051257,光寶科國泰96購01,0,0,0,0,0,0,0,0,0,-60000,0,0,0,10000,70000,-60000,-60000
051173,元油2X凱基98購01,0,0,0,0,0,0,0,0,0,-60000,0,0,0,96000,156000,-60000,-60000
051628,瀚宇博麥證95購01,0,0,0,0,60000,-60000,0,0,0,-60000,0,0,0,0,60000,-60000,-60000
2034,允強            ,20000,80000,-60000,0,0,0,0,0,0,0,0,0,0,0,0,0,-60000
05607P,華通日盛96售01  ,0,0,0,0,0,0,0,0,0,-60000,0,0,0,5000,65000,-60000,-60000
6177,達麗            ,12000,71000,-59000,0,0,0,0,0,0,-1000,0,1000,-1000,0,0,0,-60000
053198,亞德客日盛96購01,0,0,0,0,0,0,0,0,0,-61000,0,0,0,0,61000,-61000,-61000
053507,百和兆豐96購01  ,0,0,0,0,0,0,0,0,0,-61000,0,0,0,0,61000,-61000,-61000
052621,台郡富邦97購01  ,0,0,0,0,0,0,0,0,0,-61000,0,0,0,121000,182000,-61000,-61000
052703,貿聯國票97購01  ,0,0,0,0,0,0,0,0,0,-61000,0,0,0,10000,71000,-61000,-61000
053659,智原凱基97購01  ,0,0,0,0,0,0,0,0,0,-61000,0,0,0,10000,71000,-61000,-61000
053761,健策國泰98購01  ,0,0,0,0,0,0,0,0,0,-61000,0,0,0,256000,317000,-61000,-61000
053737,華新科麥證96購01,0,0,0,15000,76000,-61000,0,0,0,-61000,0,0,0,15000,76000,-61000,-61000
04438P,微星群益94售01  ,0,0,0,0,0,0,0,0,0,-61000,0,0,0,0,61000,-61000,-61000
048711,台郡台新94購01  ,0,0,0,0,0,0,0,0,0,-61000,0,0,0,0,61000,-61000,-61000
048295,泰鼎群益93購01  ,0,0,0,0,0,0,0,0,0,-61000,0,0,0,0,61000,-61000,-61000
046343,和鑫國票93購02  ,0,0,0,0,0,0,0,0,0,-61000,0,0,0,0,61000,-61000,-61000
049900,台積電元富94購06,0,0,0,0,0,0,0,0,0,-61000,0,0,0,41000,102000,-61000,-61000
051401,華新科永豐95購01,0,0,0,0,0,0,0,0,0,-61000,0,0,0,10000,71000,-61000,-61000
052324,康友元大96購02  ,0,0,0,0,0,0,0,0,0,-61000,0,0,0,94000,155000,-61000,-61000
052943,奇力新國票96購02,0,0,0,0,0,0,0,0,0,-62000,0,0,0,0,62000,-62000,-62000
053616,奇力新群益97購01,0,0,0,0,0,0,0,0,0,-62000,0,0,0,43000,105000,-62000,-62000
03861P,群創元富99售01  ,0,0,0,0,0,0,0,0,0,-62000,0,0,0,0,62000,-62000,-62000
048062,南亞科統一93購05,0,0,0,0,0,0,0,0,0,-62000,0,0,0,30000,92000,-62000,-62000
051863,技嘉凱基95購01  ,0,0,0,0,0,0,0,0,0,-62000,0,0,0,10000,72000,-62000,-62000
051400,國巨永豐95購01  ,0,0,0,0,0,0,0,0,0,-62000,0,0,0,3000,65000,-62000,-62000
051344,鴻海元大95購08  ,0,0,0,0,0,0,0,0,0,-62000,0,0,0,417000,479000,-62000,-62000
050335,正崴國泰96購01  ,0,0,0,0,0,0,0,0,0,-62000,0,0,0,30000,92000,-62000,-62000
050307,欣興中信95購01  ,0,0,0,0,0,0,0,0,0,-62000,0,0,0,0,62000,-62000,-62000
050757,聯發科元富94購03,0,0,0,0,0,0,0,0,0,-62000,0,0,0,130000,192000,-62000,-62000
5258,虹堡            ,8000,70000,-62000,0,0,0,0,0,0,0,0,0,0,0,0,0,-62000
053011,鴻海統一98購01  ,0,0,0,0,0,0,0,0,0,-63000,0,0,0,0,63000,-63000,-63000
05286P,矽力統一95售02  ,0,0,0,0,0,0,0,0,0,-63000,0,0,0,40000,103000,-63000,-63000
052845,旺宏統一97購01  ,0,0,0,0,0,0,0,0,0,-63000,0,0,0,10000,73000,-63000,-63000
054215,創意國票97購02  ,0,0,0,0,0,0,0,0,0,-63000,0,0,0,20000,83000,-63000,-63000
054421,臺股指元大99購03,0,0,0,0,0,0,0,0,0,-63000,0,0,0,0,63000,-63000,-63000
054919,興富發凱基97購01,0,0,0,0,0,0,0,0,0,-63000,0,0,0,0,63000,-63000,-63000
049161,聯發科亞東94購01,0,0,0,0,0,0,0,0,0,-63000,0,0,0,0,63000,-63000,-63000
051217,聯發科元富95購01,0,0,0,0,0,0,0,0,0,-63000,0,0,0,2000,65000,-63000,-63000
052098,臺股指富邦95購01,0,0,0,0,0,0,0,0,0,-63000,0,0,0,38000,101000,-63000,-63000
6214,精誠            ,23000,80000,-57000,0,0,0,0,0,0,-6000,0,6000,-6000,0,0,0,-63000
05873P,華通群益97售02  ,0,0,0,0,0,0,0,0,0,-63000,0,0,0,0,63000,-63000,-63000
1722,台肥            ,506000,576000,-70000,0,0,0,0,0,0,7000,17000,6000,11000,2000,6000,-4000,-63000
053001,力山永豐96購01  ,0,0,0,0,0,0,0,0,0,-64000,0,0,0,0,64000,-64000,-64000
05359P,嘉澤元大95售02  ,0,0,0,0,0,0,0,0,0,-64000,0,0,0,12000,76000,-64000,-64000
04173P,上海銀凱基93售02,0,0,0,0,0,0,0,0,0,-64000,0,0,0,0,64000,-64000,-64000
044717,旺宏統一94購01  ,0,0,0,0,0,0,0,0,0,-64000,0,0,0,821000,885000,-64000,-64000
049703,訊芯元大95購01  ,0,0,0,0,0,0,0,0,0,-64000,0,0,0,0,64000,-64000,-64000
047574,和大群益93購03  ,0,0,0,0,0,0,0,0,0,-64000,0,0,0,165000,229000,-64000,-64000
047197,美律統一94購01  ,0,0,0,0,0,0,0,0,0,-64000,0,0,0,60000,124000,-64000,-64000
047940,台光電國票93購01,0,0,0,0,0,0,0,0,0,-64000,0,0,0,49000,113000,-64000,-64000
052345,矽力凱基95購01  ,0,0,0,0,0,0,0,0,0,-64000,0,0,0,0,64000,-64000,-64000
049933,GIS元大95購01   ,0,0,0,0,0,0,0,0,0,-64000,0,0,0,187000,251000,-64000,-64000
049744,亞德客永豐94購01,0,0,0,0,0,0,0,0,0,-64000,0,0,0,0,64000,-64000,-64000
9955,佳龍            ,157000,220000,-63000,0,0,0,0,0,0,-1000,0,1000,-1000,0,0,0,-64000
053637,強茂永豐96購01  ,0,0,0,0,0,0,0,0,0,-65000,0,0,0,8000,73000,-65000,-65000
054579,聯茂元大97購01  ,0,0,0,0,0,0,0,0,0,-65000,0,0,0,96000,161000,-65000,-65000
054255,亞光元大96購05  ,0,0,0,0,0,0,0,0,0,-65000,0,0,0,100000,165000,-65000,-65000
054159,T50正2凱基99購01,0,0,0,0,0,0,0,0,0,-65000,0,0,0,0,65000,-65000,-65000
05393P,鴻海統一95售14  ,0,0,0,0,0,0,0,0,0,-65000,0,0,0,183000,248000,-65000,-65000
044532,康控富邦93購01  ,0,0,0,0,0,0,0,0,0,-65000,0,0,0,0,65000,-65000,-65000
047084,嘉聯益永豐93購02,0,0,0,0,0,0,0,0,0,-65000,0,0,0,35000,100000,-65000,-65000
047663,亞德客永豐93購03,0,0,0,0,0,0,0,0,0,-65000,0,0,0,12000,77000,-65000,-65000
048281,矽力永豐93購02  ,0,0,0,0,0,0,0,0,0,-65000,0,0,0,26000,91000,-65000,-65000
049849,欣興群益94購04  ,0,0,0,0,0,0,0,0,0,-65000,0,0,0,0,65000,-65000,-65000
046289,群創兆豐92購03  ,0,0,0,0,0,0,0,0,0,-65000,0,0,0,134000,199000,-65000,-65000
048767,欣興凱基94購01  ,0,0,0,0,0,0,0,0,0,-65000,0,0,0,0,65000,-65000,-65000
051349,國巨元大95購08  ,0,0,0,0,0,0,0,0,0,-65000,0,0,0,1000,66000,-65000,-65000
9924,福興            ,11000,76000,-65000,0,0,0,0,0,0,0,0,0,0,0,0,0,-65000
3532,台勝科          ,97200,248000,-150800,0,0,0,0,0,0,85000,0,9000,-9000,100000,6000,94000,-65800
053770,元金2X元大98購01,0,0,0,0,0,0,0,0,0,-66000,0,0,0,173000,239000,-66000,-66000
053571,奇鋐統一96購02  ,0,0,0,0,0,0,0,0,0,-66000,0,0,0,0,66000,-66000,-66000
052966,光磊群益96購01  ,0,0,0,0,0,0,0,0,0,-66000,0,0,0,0,66000,-66000,-66000
052864,奇力新凱基96購02,0,0,0,0,0,0,0,0,0,-66000,0,0,0,22000,88000,-66000,-66000
052430,泰碩永豐95購02  ,0,0,0,0,0,0,0,0,0,-66000,0,0,0,56000,122000,-66000,-66000
052347,GIS凱基95購05   ,0,0,0,0,0,0,0,0,0,-66000,0,0,0,89000,155000,-66000,-66000
04019P,聯茂永豐93售01  ,0,0,0,0,0,0,0,0,0,-66000,0,0,0,77000,143000,-66000,-66000
042754,元黃金元大93購01,0,0,0,0,0,0,0,0,0,-66000,0,0,0,160000,226000,-66000,-66000
042317,台灣50永豐96購01,0,0,0,0,0,0,0,0,0,-66000,0,0,0,0,66000,-66000,-66000
045703,技嘉日盛92購01  ,0,0,0,0,0,0,0,0,0,-66000,0,0,0,0,66000,-66000,-66000
045751,智邦國泰93購01  ,0,0,0,0,0,0,0,0,0,-66000,0,0,0,10000,76000,-66000,-66000
048474,嘉聯益永豐93購03,0,0,0,0,0,0,0,0,0,-66000,0,0,0,15000,81000,-66000,-66000
046466,台虹凱基92購01  ,0,0,0,0,0,0,0,0,0,-66000,0,0,0,43000,109000,-66000,-66000
046771,聯發科國泰94購02,0,0,0,0,0,0,0,0,0,-66000,0,0,0,56000,122000,-66000,-66000
051712,嘉聯益群益95購01,0,0,0,0,0,0,0,0,0,-66000,0,0,0,72000,138000,-66000,-66000
049714,國巨凱基94購02  ,0,0,0,0,0,0,0,0,0,-66000,0,0,0,0,66000,-66000,-66000
050984,大立光國泰97購01,0,0,0,0,0,0,0,0,0,-66000,0,0,0,190000,256000,-66000,-66000
6541,泰福-KY         ,31000,97000,-66000,0,0,0,0,0,0,0,0,0,0,0,0,0,-66000
2727,王品            ,30000,96000,-66000,0,0,0,0,0,0,0,0,0,0,0,0,0,-66000
055072,康友永豐97購02  ,0,0,0,0,0,0,0,0,0,-66000,0,0,0,9000,75000,-66000,-66000
053354,康控兆豐97購02  ,0,0,0,0,0,0,0,0,0,-67000,0,0,0,9000,76000,-67000,-67000
053734,友達中信98購02  ,0,0,0,0,0,0,0,0,0,-67000,0,0,0,100000,167000,-67000,-67000
053841,美律統一96購01  ,0,0,0,0,0,0,0,0,0,-67000,0,0,0,100000,167000,-67000,-67000
054913,億光凱基97購01  ,0,0,0,0,0,0,0,0,0,-67000,0,0,0,0,67000,-67000,-67000
054914,億光凱基98購01  ,0,0,0,0,0,0,0,0,0,-67000,0,0,0,0,67000,-67000,-67000
046101,大立光永豐92購04,0,0,0,0,0,0,0,0,0,-67000,0,0,0,0,67000,-67000,-67000
049326,聯發科元富94購01,0,0,0,0,0,0,0,0,0,-67000,0,0,0,60000,127000,-67000,-67000
051348,國巨元大95購07  ,0,0,0,0,0,0,0,0,0,-67000,0,0,0,8000,75000,-67000,-67000
05575P,玉晶光元富96售01,0,0,0,0,0,0,0,0,0,-67000,0,0,0,3000,70000,-67000,-67000
3010,華立            ,33000,98000,-65000,0,0,0,0,0,0,-2000,0,2000,-2000,0,0,0,-67000
6165,捷泰            ,10000,77000,-67000,0,0,0,0,0,0,0,0,0,0,0,0,0,-67000
054499,台光電永豐96購02,0,0,0,0,0,0,0,0,0,-68000,0,0,0,0,68000,-68000,-68000
054521,TPK元大96購03   ,0,0,0,0,0,0,0,0,0,-68000,0,0,0,15000,83000,-68000,-68000
054396,日電貿永豐96購02,0,0,0,0,0,0,0,0,0,-68000,0,0,0,55000,123000,-68000,-68000
054335,緯穎永豐96購02  ,0,0,0,0,0,0,0,0,0,-68000,0,0,0,0,68000,-68000,-68000
053885,全新兆豐96購01  ,0,0,0,0,0,0,0,0,0,-68000,0,0,0,0,68000,-68000,-68000
053750,致伸永豐96購02  ,0,0,0,0,0,0,0,0,0,-68000,0,0,0,0,68000,-68000,-68000
054250,漢唐元大96購04  ,0,0,0,0,0,0,0,0,0,-68000,0,0,0,0,68000,-68000,-68000
054267,上銀第一96購01  ,0,0,0,0,0,0,0,0,0,-68000,0,0,0,11000,79000,-68000,-68000
053419,光罩永豐96購01  ,0,0,0,0,0,0,0,0,0,-68000,0,0,0,0,68000,-68000,-68000
053445,可成凱基96購04  ,0,0,0,0,0,0,0,0,0,-68000,0,0,0,0,68000,-68000,-68000
053426,創意永豐96購04  ,0,0,0,0,0,0,0,0,0,-68000,0,0,0,0,68000,-68000,-68000
053636,全新永豐96購02  ,0,0,0,0,0,0,0,0,0,-68000,0,0,0,0,68000,-68000,-68000
053642,瀚宇博永豐96購01,0,0,0,0,0,0,0,0,0,-68000,0,0,0,0,68000,-68000,-68000
053065,大立光群益96購01,0,0,0,0,0,0,0,0,0,-68000,0,0,0,3000,71000,-68000,-68000
052386,鴻海群益96購02  ,0,0,0,0,0,0,0,0,0,-68000,0,0,0,20000,88000,-68000,-68000
053005,微星永豐96購01  ,0,0,0,0,0,0,0,0,0,-68000,0,0,0,0,68000,-68000,-68000
052812,致伸康和96購01  ,0,0,0,0,0,0,0,0,0,-68000,0,0,0,0,68000,-68000,-68000
044358,TPK元大92購02   ,0,0,0,0,0,0,0,0,0,-68000,0,0,0,0,68000,-68000,-68000
044352,南亞科元大91購11,0,0,0,0,0,0,0,0,0,-68000,0,0,0,0,68000,-68000,-68000
04379P,大立光元大94售06,0,0,0,0,0,0,0,0,0,-68000,0,0,0,2000,70000,-68000,-68000
048875,晶相光國票94購01,0,0,0,0,0,0,0,0,0,-68000,0,0,0,119000,187000,-68000,-68000
048967,凌陽元大95購01  ,0,0,0,0,0,0,0,0,0,-68000,0,0,0,0,68000,-68000,-68000
044524,瑞儀凱基93購02  ,0,0,0,0,0,0,0,0,0,-68000,0,0,0,1000,69000,-68000,-68000
045573,喬山元大92購01  ,0,0,0,0,0,0,0,0,0,-68000,0,0,0,0,68000,-68000,-68000
045575,智邦元大92購06  ,0,0,0,0,0,0,0,0,0,-68000,0,0,0,0,68000,-68000,-68000
04336P,台達電元大93售04,0,0,0,0,0,0,0,0,0,-68000,0,0,0,1000,69000,-68000,-68000
049826,光磊凱基94購02  ,0,0,0,0,0,0,0,0,0,-68000,0,0,0,0,68000,-68000,-68000
049823,為升凱基94購04  ,0,0,0,0,0,0,0,0,0,-68000,0,0,0,0,68000,-68000,-68000
049888,智邦國泰96購01  ,0,0,0,0,0,0,0,0,0,-68000,0,0,0,10000,78000,-68000,-68000
048219,為升凱基93購06  ,0,0,0,0,0,0,0,0,0,-68000,0,0,0,0,68000,-68000,-68000
047328,瀚宇博元大93購04,0,0,0,0,0,0,0,0,0,-68000,0,0,0,0,68000,-68000,-68000
047764,燿華元大93購03  ,0,0,0,0,0,0,0,0,0,-68000,0,0,0,0,68000,-68000,-68000
047818,台郡凱基93購04  ,0,0,0,0,0,0,0,0,0,-68000,0,0,0,0,68000,-68000,-68000
048673,智伸科永豐93購02,0,0,0,0,0,0,0,0,0,-68000,0,0,0,0,68000,-68000,-68000
047229,大立光凱基93購18,0,0,0,0,0,0,0,0,0,-68000,0,0,0,0,68000,-68000,-68000
046728,明泰元大93購01  ,0,0,0,0,0,0,0,0,0,-68000,0,0,0,0,68000,-68000,-68000
046825,瀚宇博凱基93購02,0,0,0,0,0,0,0,0,0,-68000,0,0,0,0,68000,-68000,-68000
046952,南茂元大93購02  ,0,0,0,0,0,0,0,0,0,-68000,0,0,0,0,68000,-68000,-68000
051090,光磊元大96購01  ,0,0,0,0,0,0,0,0,0,-68000,0,0,0,0,68000,-68000,-68000
051044,GIS永豐95購01   ,0,0,0,0,0,0,0,0,0,-68000,0,0,0,0,68000,-68000,-68000
051723,嘉澤永豐95購01  ,0,0,0,0,0,0,0,0,0,-68000,0,0,0,0,68000,-68000,-68000
051697,康友中信95購02  ,0,0,0,0,0,0,0,0,0,-68000,0,0,0,20000,88000,-68000,-68000
051767,臻鼎元大95購03  ,0,0,0,0,0,0,0,0,0,-68000,0,0,0,0,68000,-68000,-68000
051986,燿華元大96購04  ,0,0,0,0,0,0,0,0,0,-68000,0,0,0,0,68000,-68000,-68000
052268,新光金亞東96購01,0,0,0,0,0,0,0,0,0,-68000,0,0,0,0,68000,-68000,-68000
052055,緯穎凱基95購03  ,0,0,0,0,0,0,0,0,0,-68000,0,0,0,0,68000,-68000,-68000
052136,瑞儀凱基95購01  ,0,0,0,0,0,0,0,0,0,-68000,0,0,0,1000,69000,-68000,-68000
052162,智伸科永豐95購01,0,0,0,0,0,0,0,0,0,-68000,0,0,0,0,68000,-68000,-68000
049481,為升元大94購03  ,0,0,0,0,0,0,0,0,0,-68000,0,0,0,0,68000,-68000,-68000
050183,奇鋐元大96購01  ,0,0,0,0,0,0,0,0,0,-68000,0,0,0,114000,182000,-68000,-68000
050249,瑞儀凱基94購01  ,0,0,0,0,0,0,0,0,0,-68000,0,0,0,1000,69000,-68000,-68000
050783,旺宏國泰96購02  ,0,0,0,0,0,0,0,0,0,-68000,0,0,0,99000,167000,-68000,-68000
050666,道瓊銀永豐94購01,0,0,0,0,0,0,0,0,0,-68000,0,0,0,14000,82000,-68000,-68000
050619,TPK元大95購02   ,0,0,0,0,0,0,0,0,0,-68000,0,0,0,0,68000,-68000,-68000
050498,為升凱基94購07  ,0,0,0,0,0,0,0,0,0,-68000,0,0,0,0,68000,-68000,-68000
050505,可成凱基94購12  ,0,0,0,0,0,0,0,0,0,-68000,0,0,0,0,68000,-68000,-68000
2467,志聖            ,6000,72000,-66000,0,0,0,0,0,0,-2000,0,2000,-2000,0,0,0,-68000
05706P,TPK永豐96售02   ,0,0,0,0,0,0,0,0,0,-68000,0,0,0,36000,104000,-68000,-68000
05995P,T50正2中信9C售01,0,0,0,0,0,0,0,0,0,-68000,0,0,0,46000,114000,-68000,-68000
052961,國巨凱基97購02  ,0,0,0,0,0,0,0,0,0,-69000,0,0,0,0,69000,-69000,-69000
053127,貿聯凱基97購01  ,0,0,0,0,0,0,0,0,0,-69000,0,0,0,0,69000,-69000,-69000
053252,華邦電國泰98購01,0,0,0,0,0,0,0,0,0,-69000,0,0,0,2000,71000,-69000,-69000
053765,智邦富邦96購01  ,0,0,0,0,0,0,0,0,0,-69000,0,0,0,110000,179000,-69000,-69000
054416,禾伸堂元大97購01,0,0,0,0,0,0,0,0,0,-69000,0,0,0,1000,70000,-69000,-69000
054518,亞光元大97購01  ,0,0,0,0,0,0,0,0,0,-69000,0,0,0,111000,180000,-69000,-69000
054504,聯鈞永豐96購01  ,0,0,0,0,0,0,0,0,0,-69000,0,0,0,2000,71000,-69000,-69000
048879,瀚宇博國票95購01,0,0,0,0,0,0,0,0,0,-69000,0,0,0,0,69000,-69000,-69000
047871,健策永豐93購02  ,0,0,0,0,0,0,0,0,0,-69000,0,0,0,36000,105000,-69000,-69000
043753,聯發科元大92購02,0,0,0,0,0,0,0,0,0,-69000,0,0,0,50000,119000,-69000,-69000
04719P,台達電凱基94售09,0,0,0,0,0,0,0,0,0,-69000,0,0,0,0,69000,-69000,-69000
050869,健策永豐95購01  ,0,0,0,0,0,0,0,0,0,-69000,0,0,0,52000,121000,-69000,-69000
051725,緯穎永豐95購02  ,0,0,0,0,0,0,0,0,0,-69000,0,0,0,8000,77000,-69000,-69000
05139P,臺股指凱基95售06,0,0,0,0,0,0,0,0,0,-69000,0,0,0,20000,89000,-69000,-69000
08794P,台積電兆豐01售03,0,0,0,0,0,0,0,0,0,-69000,0,0,0,0,69000,-69000,-69000
2402,毅嘉            ,61000,129000,-68000,0,0,0,0,0,0,-1000,0,1000,-1000,0,0,0,-69000
054405,樺漢康和96購01  ,0,0,0,0,0,0,0,0,0,-70000,0,0,0,0,70000,-70000,-70000
054289,聯發科元大97購11,0,0,0,0,0,0,0,0,0,-70000,0,0,0,20000,90000,-70000,-70000
054883,億光統一97購01  ,0,0,0,0,0,0,0,0,0,-70000,0,0,0,0,70000,-70000,-70000
054861,智邦群益97購01  ,0,0,0,0,0,0,0,0,0,-70000,0,0,0,0,70000,-70000,-70000
054845,智邦兆豐98購01  ,0,0,0,0,0,0,0,0,0,-70000,0,0,0,0,70000,-70000,-70000
055010,佐登元富97購01  ,0,0,0,0,0,0,0,0,0,-70000,0,0,0,0,70000,-70000,-70000
055013,訊連元富97購01  ,0,0,0,0,0,0,0,0,0,-70000,0,0,0,0,70000,-70000,-70000
053849,聯發科元富96購04,0,0,0,0,0,0,0,0,0,-70000,0,0,0,47000,117000,-70000,-70000
054249,技嘉元大96購03  ,0,0,0,0,0,0,0,0,0,-70000,0,0,0,0,70000,-70000,-70000
053966,旺宏元大96購08  ,0,0,0,0,0,0,0,0,0,-70000,0,0,0,340000,410000,-70000,-70000
053559,台積電國泰98購01,0,0,0,0,0,0,0,0,0,-70000,0,0,0,218000,288000,-70000,-70000
053556,康控凱基97購02  ,0,0,0,0,0,0,0,0,0,-70000,0,0,0,0,70000,-70000,-70000
052980,上銀元大96購03  ,0,0,0,0,0,0,0,0,0,-70000,0,0,0,43000,113000,-70000,-70000
052795,健策兆豐97購01  ,0,0,0,0,0,0,0,0,0,-70000,0,0,0,0,70000,-70000,-70000
052522,聯發科元大96購05,0,0,0,0,0,0,0,0,0,-70000,0,0,0,15000,85000,-70000,-70000
045698,致伸兆豐93購01  ,0,0,0,0,0,0,0,0,0,-70000,0,0,0,0,70000,-70000,-70000
048545,嘉澤永豐93購03  ,0,0,0,0,0,0,0,0,0,-70000,0,0,0,0,70000,-70000,-70000
048947,凌華永豐94購01  ,0,0,0,0,0,0,0,0,0,-70000,0,0,0,0,70000,-70000,-70000
045227,致伸元大93購01  ,0,0,0,0,0,0,0,0,0,-70000,0,0,0,9000,79000,-70000,-70000
045423,技嘉凱基92購01  ,0,0,0,0,0,0,0,0,0,-70000,0,0,0,0,70000,-70000,-70000
03400P,滬深2X凱基05售01,0,0,0,0,0,0,0,0,0,-70000,0,0,0,0,70000,-70000,-70000
03347P,欣興台新02售01  ,0,0,0,0,0,0,0,0,0,-70000,0,0,0,0,70000,-70000,-70000
047947,欣興統一93購04  ,0,0,0,0,0,0,0,0,0,-70000,0,0,0,0,70000,-70000,-70000
048613,智原凱基93購03  ,0,0,0,0,0,0,0,0,0,-70000,0,0,0,0,70000,-70000,-70000
047955,南亞科永豐93購01,0,0,0,0,0,0,0,0,0,-70000,0,0,0,0,70000,-70000,-70000
047637,旺宏元大94購03  ,0,0,0,0,0,0,0,0,0,-70000,0,0,0,98000,168000,-70000,-70000
048805,瀚宇博富邦95購01,0,0,0,0,0,0,0,0,0,-70000,0,0,0,0,70000,-70000,-70000
048342,強茂元大93購01  ,0,0,0,0,0,0,0,0,0,-70000,0,0,0,0,70000,-70000,-70000
049384,致伸元大94購02  ,0,0,0,0,0,0,0,0,0,-70000,0,0,0,15000,85000,-70000,-70000
049640,大成鋼凱基94購02,0,0,0,0,0,0,0,0,0,-70000,0,0,0,0,70000,-70000,-70000
051791,智伸科國票96購01,0,0,0,0,0,0,0,0,0,-70000,0,0,0,8000,78000,-70000,-70000
051981,南茂凱基96購01  ,0,0,0,0,0,0,0,0,0,-70000,0,0,0,0,70000,-70000,-70000
050871,麗豐永豐95購01  ,0,0,0,0,0,0,0,0,0,-70000,0,0,0,0,70000,-70000,-70000
050662,智易元大96購01  ,0,0,0,0,0,0,0,0,0,-70000,0,0,0,0,70000,-70000,-70000
050676,道瓊銀統一96購02,0,0,0,0,0,0,0,0,0,-70000,0,0,0,20000,90000,-70000,-70000
050748,道瓊銀統一94購04,0,0,0,0,0,0,0,0,0,-70000,0,0,0,0,70000,-70000,-70000
050294,宏達電凱基94購04,0,0,0,0,0,0,0,0,0,-70000,0,0,0,0,70000,-70000,-70000
049488,智邦元大95購01  ,0,0,0,0,0,0,0,0,0,-70000,0,0,0,70000,140000,-70000,-70000
049788,智伸科兆豐95購01,0,0,0,0,0,0,0,0,0,-70000,0,0,0,0,70000,-70000,-70000
1809,中釉            ,28000,93000,-65000,0,0,0,0,0,0,-5000,0,5000,-5000,0,0,0,-70000
08164P,滬深2X中信95售04,0,0,0,0,0,0,0,0,0,-70000,0,0,0,0,70000,-70000,-70000
05999P,世芯元大96售01  ,0,0,0,0,0,0,0,0,0,-70000,0,0,0,88000,158000,-70000,-70000
06059P,泰碩元大97售02  ,0,0,0,0,0,0,0,0,0,-70000,0,0,0,0,70000,-70000,-70000
06044P,同欣電永豐96售03,0,0,0,0,0,0,0,0,0,-70000,0,0,0,0,70000,-70000,-70000
05686P,臺股指元大96售11,0,0,0,0,0,0,0,0,0,-70000,0,0,0,10000,80000,-70000,-70000
8114,振樺電          ,58000,129085,-71085,0,0,0,0,0,0,1000,3000,2000,1000,0,0,0,-70085
05248P,矽創群益96售01  ,0,0,0,0,0,0,0,0,0,-71000,0,0,0,0,71000,-71000,-71000
052765,新日興群益97購01,0,0,0,0,0,0,0,0,0,-71000,0,0,0,65000,136000,-71000,-71000
053438,玉晶光麥證97購02,0,0,0,52000,123000,-71000,0,0,0,-71000,0,0,0,52000,123000,-71000,-71000
054276,國巨群益96購07  ,0,0,0,0,0,0,0,0,0,-71000,0,0,0,22000,93000,-71000,-71000
054715,中橡康和97購01  ,0,0,0,0,0,0,0,0,0,-71000,0,0,0,160000,231000,-71000,-71000
05448P,臺股指元大95售25,0,0,0,0,0,0,0,0,0,-71000,0,0,0,15000,86000,-71000,-71000
045854,貿聯富邦93購01  ,0,0,0,0,0,0,0,0,0,-71000,0,0,0,520000,591000,-71000,-71000
049003,智邦中信95購01  ,0,0,0,0,0,0,0,0,0,-71000,0,0,0,0,71000,-71000,-71000
049155,同欣電元大94購01,0,0,0,0,0,0,0,0,0,-71000,0,0,0,0,71000,-71000,-71000
048464,康控台新94購01  ,0,0,0,0,0,0,0,0,0,-71000,0,0,0,60000,131000,-71000,-71000
047643,新光金元大95購02,0,0,0,0,0,0,0,0,0,-71000,0,0,0,0,71000,-71000,-71000
050973,S&P反1統一95購01,0,0,0,0,0,0,0,0,0,-71000,0,0,0,50000,121000,-71000,-71000
052141,百和凱基95購02  ,0,0,0,0,0,0,0,0,0,-71000,0,0,0,29000,100000,-71000,-71000
051026,健策統一96購01  ,0,0,0,0,0,0,0,0,0,-71000,0,0,0,1000,72000,-71000,-71000
051320,燿華國票96購01  ,0,0,0,0,0,0,0,0,0,-71000,0,0,0,0,71000,-71000,-71000
05997P,嘉聯益群益96售02,0,0,0,0,0,0,0,0,0,-71000,0,0,0,0,71000,-71000,-71000
2369,菱生            ,358000,423000,-65000,0,0,0,0,0,0,-6000,0,6000,-6000,0,0,0,-71000
054772,康控國票98購02  ,0,0,0,0,0,0,0,0,0,-72000,0,0,0,0,72000,-72000,-72000
054958,亞光元大97購03  ,0,0,0,0,0,0,0,0,0,-72000,0,0,0,7000,79000,-72000,-72000
053246,聯詠國票97購02  ,0,0,0,0,0,0,0,0,0,-72000,0,0,0,5000,77000,-72000,-72000
052688,新日興元大96購01,0,0,0,0,0,0,0,0,0,-72000,0,0,0,5000,77000,-72000,-72000
048978,晶相光元大94購02,0,0,0,0,0,0,0,0,0,-72000,0,0,0,50000,122000,-72000,-72000
046718,群創富邦93購02  ,0,0,0,0,0,0,0,0,0,-72000,0,0,0,21000,93000,-72000,-72000
047000,和大統一93購01  ,0,0,0,0,0,0,0,0,0,-72000,0,0,0,182000,254000,-72000,-72000
046930,亞光統一93購01  ,0,0,0,0,0,0,0,0,0,-72000,0,0,0,38000,110000,-72000,-72000
047110,智邦元大93購05  ,0,0,0,0,0,0,0,0,0,-72000,0,0,0,0,72000,-72000,-72000
046398,群創富邦93購01  ,0,0,0,0,0,0,0,0,0,-72000,0,0,0,25000,97000,-72000,-72000
04835P,鴻海元大94售18  ,0,0,0,0,0,0,0,0,0,-72000,0,0,0,10000,82000,-72000,-72000
046628,大立光統一98購01,0,0,0,0,0,0,0,0,0,-72000,0,0,0,84000,156000,-72000,-72000
048146,大立光統一93購11,0,0,0,0,0,0,0,0,0,-72000,0,0,0,3000,75000,-72000,-72000
051315,同欣電麥證95購01,0,0,0,50000,121000,-71000,0,0,0,-72000,0,0,0,59000,131000,-72000,-72000
051286,國巨統一97購01  ,0,0,0,0,0,0,0,0,0,-72000,0,0,0,3000,75000,-72000,-72000
052229,奇力新凱基96購01,0,0,0,0,0,0,0,0,0,-72000,0,0,0,2000,74000,-72000,-72000
050980,欣興元富95購02  ,0,0,0,0,0,0,0,0,0,-72000,0,0,0,18000,90000,-72000,-72000
05831P,臺股指元富96售03,0,0,0,0,0,0,0,0,0,-72000,0,0,0,0,72000,-72000,-72000
4919,新唐            ,90000,138000,-48000,0,0,0,0,0,0,-24000,0,3000,-3000,11000,32000,-21000,-72000
052466,聯詠統一95購03  ,0,0,0,0,0,0,0,0,0,-73000,0,0,0,418000,491000,-73000,-73000
053608,彩晶第一96購01  ,0,0,0,0,0,0,0,0,0,-73000,0,0,0,62000,135000,-73000,-73000
054642,訊芯中信9A購01  ,0,0,0,0,0,0,0,0,0,-73000,0,0,0,10000,83000,-73000,-73000
053915,光罩國票96購02  ,0,0,0,0,0,0,0,0,0,-73000,0,0,0,0,73000,-73000,-73000
044735,光磊國泰93購01  ,0,0,0,0,0,0,0,0,0,-73000,0,0,0,0,73000,-73000,-73000
044094,南亞科統一92購01,0,0,0,0,0,0,0,0,0,-73000,0,0,0,22000,95000,-73000,-73000
049892,國巨富邦96購01  ,0,0,0,0,0,0,0,0,0,-73000,0,0,0,73000,146000,-73000,-73000
047683,亞德客國泰95購01,0,0,0,0,0,0,0,0,0,-73000,0,0,0,0,73000,-73000,-73000
047255,訊芯群益93購01  ,0,0,0,0,0,0,0,0,0,-73000,0,0,0,0,73000,-73000,-73000
050111,全新元大95購02  ,0,0,0,0,0,0,0,0,0,-73000,0,0,0,134000,207000,-73000,-73000
050089,臻鼎台新94購01  ,0,0,0,0,0,0,0,0,0,-73000,0,0,0,57000,130000,-73000,-73000
052080,康友元富98購02  ,0,0,0,0,0,0,0,0,0,-73000,0,0,0,20000,93000,-73000,-73000
051213,華新科統一95購01,0,0,0,0,0,0,0,0,0,-73000,0,0,0,61000,134000,-73000,-73000
054563,泰碩群益99購01  ,0,0,0,0,0,0,0,0,0,-74000,0,0,0,43000,117000,-74000,-74000
052388,旺宏群益96購05  ,0,0,0,0,0,0,0,0,0,-74000,0,0,0,4000,78000,-74000,-74000
044449,元油2X永豐91購01,0,0,0,0,0,0,0,0,0,-74000,0,0,0,2000,76000,-74000,-74000
048860,玉晶光群益96購03,0,0,0,0,0,0,0,0,0,-74000,0,0,0,40000,114000,-74000,-74000
00675L,富邦臺灣加權正2 ,0,0,0,0,0,0,0,0,0,-74000,0,0,0,16000,90000,-74000,-74000
047689,瑞昱富邦97購01  ,0,0,0,0,0,0,0,0,0,-74000,0,0,0,27000,101000,-74000,-74000
046983,南茂兆豐94購01  ,0,0,0,0,0,0,0,0,0,-74000,0,0,0,0,74000,-74000,-74000
049108,玉晶光富邦96購02,0,0,0,0,0,0,0,0,0,-74000,0,0,0,61000,135000,-74000,-74000
049775,旺宏統一95購02  ,0,0,0,0,0,0,0,0,0,-74000,0,0,0,30000,104000,-74000,-74000
049457,彩晶統一94購02  ,0,0,0,0,0,0,0,0,0,-74000,0,0,0,38000,112000,-74000,-74000
050893,鴻海元大96購03  ,0,0,0,0,0,0,0,0,0,-74000,0,0,0,50000,124000,-74000,-74000
050804,和大日盛95購01  ,0,0,0,0,0,0,0,0,0,-74000,0,0,0,262000,336000,-74000,-74000
05053P,新日興群益95售01,0,0,0,0,0,0,0,0,0,-74000,0,0,0,10000,84000,-74000,-74000
053576,智原元富96購01  ,0,0,0,0,0,0,0,0,0,-75000,0,0,0,60000,135000,-75000,-75000
053483,嘉澤第一96購01  ,0,0,0,0,0,0,0,0,0,-75000,0,0,0,0,75000,-75000,-75000
054357,可成兆豐97購02  ,0,0,0,0,0,0,0,0,0,-75000,0,0,0,0,75000,-75000,-75000
054647,禾伸堂群益99購01,0,0,0,0,0,0,0,0,0,-75000,0,0,0,40000,115000,-75000,-75000
053751,康控永豐96購02  ,0,0,0,0,0,0,0,0,0,-75000,0,0,0,88000,163000,-75000,-75000
04396P,玉晶光群益94售02,0,0,0,0,0,0,0,0,0,-75000,0,0,0,0,75000,-75000,-75000
046932,聯詠統一93購02  ,0,0,0,0,0,0,0,0,0,-75000,0,0,0,84000,159000,-75000,-75000
047002,鴻海統一93購04  ,0,0,0,0,0,0,0,0,0,-75000,0,0,0,48000,123000,-75000,-75000
050214,嘉晶台新94購01  ,0,0,0,0,0,0,0,0,0,-75000,0,0,0,0,75000,-75000,-75000
051322,國泰金國票96購01,0,0,0,0,0,0,0,0,0,-75000,0,0,0,20000,95000,-75000,-75000
051328,力山永豐95購01  ,0,0,0,0,0,0,0,0,0,-75000,0,0,0,0,75000,-75000,-75000
051650,矽力永豐95購01  ,0,0,0,0,0,0,0,0,0,-75000,0,0,0,37000,112000,-75000,-75000
9940,信義            ,29000,120000,-91000,0,0,0,0,0,0,16000,20000,4000,16000,0,0,0,-75000
06152P,玉晶光元大98售06,0,0,0,0,0,0,0,0,0,-75000,0,0,0,0,75000,-75000,-75000
2453,凌群            ,7000,81000,-74000,0,0,0,0,0,0,-1000,0,1000,-1000,0,0,0,-75000
053795,群創亞東96購01  ,0,0,0,0,0,0,0,0,0,-76000,0,0,0,189000,265000,-76000,-76000
054187,亞光永豐96購03  ,0,0,0,0,0,0,0,0,0,-76000,0,0,0,2000,78000,-76000,-76000
054831,緯穎國泰98購01  ,0,0,0,0,0,0,0,0,0,-76000,0,0,0,41000,117000,-76000,-76000
053465,聯電元大96購05  ,0,0,0,0,0,0,0,0,0,-76000,0,0,0,15000,91000,-76000,-76000
053291,旺宏中信9A購01  ,0,0,0,0,0,0,0,0,0,-76000,0,0,0,30000,106000,-76000,-76000
052350,鴻海統一96購06  ,0,0,0,0,0,0,0,0,0,-76000,0,0,0,6000,82000,-76000,-76000
052356,聯詠永豐95購03  ,0,0,0,0,0,0,0,0,0,-76000,0,0,0,23000,99000,-76000,-76000
052963,智邦凱基96購02  ,0,0,0,0,0,0,0,0,0,-76000,0,0,0,2000,78000,-76000,-76000
03888P,大立光元富93售03,0,0,0,0,0,0,0,0,0,-76000,0,0,0,0,76000,-76000,-76000
04672P,台積電統一94售09,0,0,0,0,0,0,0,0,0,-76000,0,0,0,32000,108000,-76000,-76000
047688,亞德客富邦95購01,0,0,0,0,0,0,0,0,0,-76000,0,0,0,538000,614000,-76000,-76000
047967,南亞科國泰95購01,0,0,0,0,0,0,0,0,0,-76000,0,0,0,106000,182000,-76000,-76000
046440,義隆亞東93購01  ,0,0,0,0,0,0,0,0,0,-76000,0,0,0,0,76000,-76000,-76000
046336,致新元大92購02  ,0,0,0,0,0,0,0,0,0,-76000,0,0,0,0,76000,-76000,-76000
048777,瀚宇博凱基94購02,0,0,0,0,0,0,0,0,0,-76000,0,0,0,0,76000,-76000,-76000
050862,燿華永豐95購04  ,0,0,0,0,0,0,0,0,0,-76000,0,0,0,0,76000,-76000,-76000
2897,王道銀行        ,140000,194000,-54000,0,0,0,0,0,0,-22000,0,22000,-22000,0,0,0,-76000
1626,艾美特-KY       ,10000,86000,-76000,0,0,0,0,0,0,0,0,0,0,0,0,0,-76000
3533,嘉澤            ,265000,141000,124000,0,0,0,0,175000,-175000,-25000,8000,37000,-29000,5000,1000,4000,-76000
052747,京鼎元大97購01  ,0,0,0,0,0,0,0,0,0,-77000,0,0,0,64000,141000,-77000,-77000
053057,聯電國泰97購02  ,0,0,0,0,0,0,0,0,0,-77000,0,0,0,49000,126000,-77000,-77000
054785,建準群益98購01  ,0,0,0,0,0,0,0,0,0,-77000,0,0,0,0,77000,-77000,-77000
054001,康友群益96購02  ,0,0,0,0,0,0,0,0,0,-77000,0,0,0,35000,112000,-77000,-77000
053767,臻鼎富邦97購02  ,0,0,0,0,0,0,0,0,0,-77000,0,0,0,0,77000,-77000,-77000
03645C,臺股指凱基96牛27,0,0,0,0,0,0,0,0,0,-77000,0,0,0,0,77000,-77000,-77000
048727,大成鋼麥證94購01,0,0,0,0,77000,-77000,0,0,0,-77000,0,0,0,0,77000,-77000,-77000
046962,群創中信95購03  ,0,0,0,0,0,0,0,0,0,-77000,0,0,0,80000,157000,-77000,-77000
050002,智原永豐94購02  ,0,0,0,0,0,0,0,0,0,-77000,0,0,0,0,77000,-77000,-77000
051332,奇力新永豐95購01,0,0,0,0,0,0,0,0,0,-77000,0,0,0,65000,142000,-77000,-77000
052165,訊芯永豐95購03  ,0,0,0,0,0,0,0,0,0,-77000,0,0,0,0,77000,-77000,-77000
6449,鈺邦            ,58000,135000,-77000,0,0,0,0,0,0,0,3000,3000,0,0,0,0,-77000
05949P,台積電國票96售09,0,0,0,0,0,0,0,0,0,-77000,0,0,0,87000,164000,-77000,-77000
05726P,易華電永豐96售02,0,0,0,0,0,0,0,0,0,-77000,0,0,0,48000,125000,-77000,-77000
053895,智易群益96購02  ,0,0,0,0,0,0,0,0,0,-78000,0,0,0,0,78000,-78000,-78000
054673,京鼎國泰98購01  ,0,0,0,0,0,0,0,0,0,-78000,0,0,0,125000,203000,-78000,-78000
053232,友達永豐97購02  ,0,0,0,0,0,0,0,0,0,-78000,0,0,0,30000,108000,-78000,-78000
053425,京鼎永豐96購01  ,0,0,0,0,0,0,0,0,0,-78000,0,0,0,0,78000,-78000,-78000
052349,鴻海統一95購15  ,0,0,0,0,0,0,0,0,0,-78000,0,0,0,22000,100000,-78000,-78000
045845,台塑康和92購01  ,0,0,0,0,0,0,0,0,0,-78000,0,0,0,19000,97000,-78000,-78000
049715,華泰凱基94購02  ,0,0,0,0,0,0,0,0,0,-78000,0,0,0,0,78000,-78000,-78000
052253,康控永豐95購04  ,0,0,0,0,0,0,0,0,0,-78000,0,0,0,144000,222000,-78000,-78000
051476,聯發科凱基95購09,0,0,0,0,0,0,0,0,0,-78000,0,0,0,6000,84000,-78000,-78000
049413,台達電凱基94購06,0,0,0,0,0,0,0,0,0,-78000,0,0,0,33000,111000,-78000,-78000
050495,大立光永昌96購01,0,0,0,0,0,0,0,0,0,-78000,0,0,0,125000,203000,-78000,-78000
2609,陽明            ,118000,196000,-78000,0,0,0,0,0,0,0,0,0,0,0,0,0,-78000
6226,光鼎            ,13000,90000,-77000,0,0,0,0,0,0,-1000,0,1000,-1000,0,0,0,-78000
052772,台虹群益96購01  ,0,0,0,0,0,0,0,0,0,-79000,0,0,0,1000,80000,-79000,-79000
053261,國巨群益96購05  ,0,0,0,0,0,0,0,0,0,-79000,0,0,0,58000,137000,-79000,-79000
053138,華邦電富邦96購01,0,0,0,0,0,0,0,0,0,-79000,0,0,0,14000,93000,-79000,-79000
053142,緯穎永豐96購01  ,0,0,0,0,0,0,0,0,0,-79000,0,0,0,0,79000,-79000,-79000
054945,正崴元大97購01  ,0,0,0,0,0,0,0,0,0,-79000,0,0,0,17000,96000,-79000,-79000
054311,世芯凱基96購02  ,0,0,0,0,0,0,0,0,0,-79000,0,0,0,0,79000,-79000,-79000
054572,國巨元大98購03  ,0,0,0,0,0,0,0,0,0,-79000,0,0,0,108000,187000,-79000,-79000
047833,全新元大94購02  ,0,0,0,0,0,0,0,0,0,-79000,0,0,0,10000,89000,-79000,-79000
048989,矽格元大94購02  ,0,0,0,0,0,0,0,0,0,-79000,0,0,0,26000,105000,-79000,-79000
043784,鴻海凱基94購01  ,0,0,0,0,0,0,0,0,0,-79000,0,0,0,0,79000,-79000,-79000
00710B,FH彭博高收益債  ,0,0,0,0,0,0,0,0,0,-79000,0,0,0,101000,180000,-79000,-79000
044534,南亞科麥證92購01,0,0,0,28000,111000,-83000,0,0,0,-79000,0,0,0,32000,111000,-79000,-79000
049798,台積電元大94購18,0,0,0,0,0,0,0,0,0,-79000,0,0,0,1751000,1830000,-79000,-79000
048391,友訊國票94購01  ,0,0,0,0,0,0,0,0,0,-79000,0,0,0,0,79000,-79000,-79000
048704,台表科國票95購01,0,0,0,0,0,0,0,0,0,-79000,0,0,0,5000,84000,-79000,-79000
051645,光寶科永豐95購01,0,0,0,0,0,0,0,0,0,-79000,0,0,0,0,79000,-79000,-79000
051749,矽力國泰97購01  ,0,0,0,0,0,0,0,0,0,-79000,0,0,0,213000,292000,-79000,-79000
4942,嘉彰            ,63000,136000,-73000,0,0,0,0,0,0,-6000,0,6000,-6000,0,0,0,-79000
054630,聯鈞凱基98購01  ,0,0,0,0,0,0,0,0,0,-80000,0,0,0,0,80000,-80000,-80000
053949,康控富邦9A購01  ,0,0,0,0,0,0,0,0,0,-80000,0,0,0,0,80000,-80000,-80000
053714,南亞科凱基96購03,0,0,0,0,0,0,0,0,0,-80000,0,0,0,20000,100000,-80000,-80000
052697,滬深2X國票98購01,0,0,0,0,0,0,0,0,0,-80000,0,0,0,0,80000,-80000,-80000
044608,奇力新富邦93購01,0,0,0,0,0,0,0,0,0,-80000,0,0,0,0,80000,-80000,-80000
042347,康控富邦91購01  ,0,0,0,0,0,0,0,0,0,-80000,0,0,0,0,80000,-80000,-80000
03922P,中磊凱基93售01  ,0,0,0,0,0,0,0,0,0,-80000,0,0,0,0,80000,-80000,-80000
043390,康控元大93購01  ,0,0,0,0,0,0,0,0,0,-80000,0,0,0,0,80000,-80000,-80000
044173,矽創元大92購02  ,0,0,0,0,0,0,0,0,0,-80000,0,0,0,21000,101000,-80000,-80000
044281,滬深2X凱基91購02,0,0,0,0,0,0,0,0,0,-80000,0,0,0,0,80000,-80000,-80000
047782,燿華國泰95購01  ,0,0,0,0,0,0,0,0,0,-80000,0,0,0,24000,104000,-80000,-80000
046448,亞德客凱基92購03,0,0,0,0,0,0,0,0,0,-80000,0,0,0,22000,102000,-80000,-80000
047540,技嘉麥證93購01  ,0,0,0,0,80000,-80000,0,0,0,-80000,0,0,0,0,80000,-80000,-80000
04697P,臺股指元富94售03,0,0,0,0,0,0,0,0,0,-80000,0,0,0,40000,120000,-80000,-80000
045994,康控富邦94購01  ,0,0,0,0,0,0,0,0,0,-80000,0,0,0,0,80000,-80000,-80000
047906,中石化元大94購01,0,0,0,0,0,0,0,0,0,-80000,0,0,0,10000,90000,-80000,-80000
046671,彩晶元大93購03  ,0,0,0,0,0,0,0,0,0,-80000,0,0,0,0,80000,-80000,-80000
046300,嘉聯益富邦94購01,0,0,0,0,0,0,0,0,0,-80000,0,0,0,43000,123000,-80000,-80000
046135,南亞科富邦92購01,0,0,0,0,0,0,0,0,0,-80000,0,0,0,0,80000,-80000,-80000
051988,台光電元大95購01,0,0,0,0,0,0,0,0,0,-80000,0,0,0,58000,138000,-80000,-80000
051947,矽力統一95購01  ,0,0,0,0,0,0,0,0,0,-80000,0,0,0,0,80000,-80000,-80000
052200,台光電統一95購02,0,0,0,0,0,0,0,0,0,-80000,0,0,0,10000,90000,-80000,-80000
052285,康控凱基95購02  ,0,0,0,0,0,0,0,0,0,-80000,0,0,0,40000,120000,-80000,-80000
051568,智邦富邦95購01  ,0,0,0,0,0,0,0,0,0,-80000,0,0,0,20000,100000,-80000,-80000
051345,鴻海元大95購09  ,0,0,0,0,0,0,0,0,0,-80000,0,0,0,445000,525000,-80000,-80000
050890,南電富邦99購01  ,0,0,0,0,0,0,0,0,0,-80000,0,0,0,0,80000,-80000,-80000
050657,宏達電麥證94購01,0,0,0,40000,120000,-80000,0,0,0,-80000,0,0,0,40000,120000,-80000,-80000
049371,可成元大94購04  ,0,0,0,0,0,0,0,0,0,-80000,0,0,0,0,80000,-80000,-80000
8926,台汽電          ,28000,97000,-69000,0,0,0,0,0,0,-11000,0,11000,-11000,0,0,0,-80000
055134,元油反國泰99購01,0,0,0,0,0,0,0,0,0,-80000,0,0,0,0,80000,-80000,-80000
05877P,大立光群益96售06,0,0,0,0,0,0,0,0,0,-80000,0,0,0,0,80000,-80000,-80000
06010P,國泰金元富96售01,0,0,0,0,0,0,0,0,0,-80000,0,0,0,0,80000,-80000,-80000
052981,鴻海元大97購05  ,0,0,0,0,0,0,0,0,0,-81000,0,0,0,90000,171000,-81000,-81000
052919,鈺齊富邦98購01  ,0,0,0,0,0,0,0,0,0,-81000,0,0,0,142000,223000,-81000,-81000
053276,友達元大9C購01  ,0,0,0,0,0,0,0,0,0,-81000,0,0,0,150000,231000,-81000,-81000
049706,世紀鋼元大95購02,0,0,0,0,0,0,0,0,0,-81000,0,0,0,19000,100000,-81000,-81000
048336,光磊元大93購02  ,0,0,0,0,0,0,0,0,0,-81000,0,0,0,362000,443000,-81000,-81000
05782P,聯詠元富96售02  ,0,0,0,0,0,0,0,0,0,-81000,0,0,0,0,81000,-81000,-81000
053215,禾伸堂凱基96購01,0,0,0,0,0,0,0,0,0,-82000,0,0,0,81000,163000,-82000,-82000
053339,友達國票97購02  ,0,0,0,0,0,0,0,0,0,-82000,0,0,0,54000,136000,-82000,-82000
054783,國巨群益98購04  ,0,0,0,0,0,0,0,0,0,-82000,0,0,0,28000,110000,-82000,-82000
054566,貿聯群益97購02  ,0,0,0,0,0,0,0,0,0,-82000,0,0,0,789000,871000,-82000,-82000
043970,為升富邦94購01  ,0,0,0,0,0,0,0,0,0,-82000,0,0,0,18000,100000,-82000,-82000
049597,泰鼎元大96購01  ,0,0,0,0,0,0,0,0,0,-82000,0,0,0,11000,93000,-82000,-82000
049110,臻鼎富邦94購01  ,0,0,0,0,0,0,0,0,0,-82000,0,0,0,0,82000,-82000,-82000
047591,訊芯永豐93購02  ,0,0,0,0,0,0,0,0,0,-82000,0,0,0,175000,257000,-82000,-82000
049246,大成鋼元大94購02,0,0,0,0,0,0,0,0,0,-82000,0,0,0,40000,122000,-82000,-82000
050226,華新科中信94購01,0,0,0,0,0,0,0,0,0,-82000,0,0,0,52000,134000,-82000,-82000
050565,矽格元富94購01  ,0,0,0,0,0,0,0,0,0,-82000,0,0,0,20000,102000,-82000,-82000
051222,世紀鋼元富95購01,0,0,0,0,0,0,0,0,0,-82000,0,0,0,165000,247000,-82000,-82000
6531,愛普            ,77000,153000,-76000,0,0,0,0,0,0,-6000,1000,7000,-6000,0,0,0,-82000
054617,超眾永豐97購01  ,0,0,0,0,0,0,0,0,0,-83000,0,0,0,0,83000,-83000,-83000
054950,奇力新元大98購02,0,0,0,0,0,0,0,0,0,-83000,0,0,0,74000,157000,-83000,-83000
053586,建準元大96購01  ,0,0,0,0,0,0,0,0,0,-83000,0,0,0,37000,120000,-83000,-83000
052833,康控群益96購01  ,0,0,0,0,0,0,0,0,0,-83000,0,0,0,30000,113000,-83000,-83000
03155P,玉晶光群益01售08,0,0,0,0,0,0,0,0,0,-83000,0,0,0,0,83000,-83000,-83000
04914P,國巨國泰95售06  ,0,0,0,0,0,0,0,0,0,-83000,0,0,0,100000,183000,-83000,-83000
046645,技嘉國泰94購01  ,0,0,0,0,0,0,0,0,0,-83000,0,0,0,1000,84000,-83000,-83000
051463,世芯國泰97購02  ,0,4000,-4000,0,0,0,0,0,0,-79000,0,0,0,28000,107000,-79000,-83000
050356,緯穎群益94購05  ,0,0,0,0,0,0,0,0,0,-83000,0,0,0,63000,146000,-83000,-83000
050103,群創富邦94購01  ,0,0,0,0,0,0,0,0,0,-83000,0,0,0,48000,131000,-83000,-83000
04974P,聯發科凱基96售02,0,0,0,0,0,0,0,0,0,-83000,0,0,0,566000,649000,-83000,-83000
3535,晶彩科          ,52000,134000,-82000,0,0,0,0,0,0,-1000,0,1000,-1000,0,0,0,-83000
05897P,國巨凱基96售12  ,0,0,0,0,0,0,0,0,0,-83000,0,0,0,142000,225000,-83000,-83000
054005,旺宏統一97購04  ,0,0,0,0,0,0,0,0,0,-84000,0,0,0,25000,109000,-84000,-84000
048912,牧德富邦94購01  ,0,0,0,0,0,0,0,0,0,-84000,0,0,0,5000,89000,-84000,-84000
046217,康友富邦94購01  ,0,0,0,0,0,0,0,0,0,-84000,0,0,0,16000,100000,-84000,-84000
047492,儒鴻元富93購01  ,0,0,0,0,0,0,0,0,0,-84000,0,0,0,103000,187000,-84000,-84000
047498,力成康和93購01  ,0,0,0,0,0,0,0,0,0,-84000,0,0,0,22000,106000,-84000,-84000
050939,健鼎國票96購01  ,0,0,0,0,0,0,0,0,0,-84000,0,0,0,0,84000,-84000,-84000
6112,聚碩            ,31000,115500,-84500,0,0,0,0,0,0,0,0,0,0,0,0,0,-84500
054064,台郡國票97購04  ,0,0,0,0,0,0,0,0,0,-85000,0,0,0,5000,90000,-85000,-85000
053951,T50反1台新06購02,0,0,0,0,0,0,0,0,0,-85000,0,0,0,10000,95000,-85000,-85000
054884,友達統一99購01  ,0,0,0,0,0,0,0,0,0,-85000,0,0,0,10000,95000,-85000,-85000
052540,華新科統一95購03,0,0,0,0,0,0,0,0,0,-85000,0,0,0,17000,102000,-85000,-85000
044126,奇力新凱基93購01,0,0,0,0,0,0,0,0,0,-85000,0,0,0,68000,153000,-85000,-85000
043862,和大元大92購01  ,0,0,0,0,0,0,0,0,0,-85000,0,0,0,114000,199000,-85000,-85000
03840P,台積電統一99售02,0,0,0,0,0,0,0,0,0,-85000,0,0,0,31000,116000,-85000,-85000
03890P,聯詠國泰94售02  ,0,0,0,0,0,0,0,0,0,-85000,0,0,0,0,85000,-85000,-85000
047513,嘉晶國票93購03  ,0,0,0,0,0,0,0,0,0,-85000,0,0,0,20000,105000,-85000,-85000
050806,華新科日盛95購01,0,0,0,0,0,0,0,0,0,-85000,0,0,0,61000,146000,-85000,-85000
050752,美律統一94購05  ,0,0,0,0,0,0,0,0,0,-85000,0,0,0,93000,178000,-85000,-85000
049502,訊芯元大94購01  ,0,0,0,0,0,0,0,0,0,-85000,0,0,0,0,85000,-85000,-85000
049401,可成群益94購04  ,0,0,0,0,0,0,0,0,0,-85000,0,0,0,0,85000,-85000,-85000
052087,鴻海元大96購09  ,0,0,0,0,0,0,0,0,0,-85000,0,0,0,57000,142000,-85000,-85000
051884,樺漢永豐95購01  ,0,0,0,0,0,0,0,0,0,-85000,0,0,0,2000,87000,-85000,-85000
051903,T50反1元大97購02,0,0,0,0,0,0,0,0,0,-85000,0,0,0,15000,100000,-85000,-85000
06060P,玉晶光元大97售03,0,0,0,0,0,0,0,0,0,-85000,0,0,0,0,85000,-85000,-85000
053253,友達國泰97購02  ,0,0,0,0,0,0,0,0,0,-86000,0,0,0,97000,183000,-86000,-86000
054653,聯發科麥證97購02,0,0,0,20000,106000,-86000,0,0,0,-86000,0,0,0,20000,106000,-86000,-86000
053821,群創群益98購08  ,0,0,0,0,0,0,0,0,0,-86000,0,0,0,71000,157000,-86000,-86000
046821,奇鋐凱基93購02  ,0,0,0,0,0,0,0,0,0,-86000,0,0,0,38000,124000,-86000,-86000
051864,聯發科凱基96購03,0,0,0,0,0,0,0,0,0,-86000,0,0,0,123000,209000,-86000,-86000
2614,東森            ,105000,190000,-85000,0,0,0,0,0,0,-1000,0,1000,-1000,0,0,0,-86000
053810,台達電群益96購01,0,0,0,0,0,0,0,0,0,-87000,0,0,0,11000,98000,-87000,-87000
054337,智邦統一96購01  ,0,0,0,0,0,0,0,0,0,-87000,0,0,0,121000,208000,-87000,-87000
047504,滬深2X國票9A購01,0,0,0,0,0,0,0,0,0,-87000,0,0,0,25000,112000,-87000,-87000
048692,致伸群益94購01  ,0,0,0,0,0,0,0,0,0,-87000,0,0,0,11000,98000,-87000,-87000
047674,群創元富96購02  ,0,0,0,0,0,0,0,0,0,-87000,0,0,0,117000,204000,-87000,-87000
050026,友達元大96購01  ,0,0,0,0,0,0,0,0,0,-87000,0,0,0,142000,229000,-87000,-87000
049507,和大凱基94購01  ,0,0,0,0,0,0,0,0,0,-87000,0,0,0,14000,101000,-87000,-87000
049922,禾伸堂元大95購01,0,0,0,0,0,0,0,0,0,-87000,0,0,0,145000,232000,-87000,-87000
055160,玉晶光元大99購03,0,0,0,0,0,0,0,0,0,-87000,0,0,0,0,87000,-87000,-87000
054533,泰碩國泰98購01  ,0,0,0,0,0,0,0,0,0,-88000,0,0,0,62000,150000,-88000,-88000
05493P,華新科富邦99售02,0,0,0,0,0,0,0,0,0,-88000,0,0,0,20000,108000,-88000,-88000
054971,帆宣元大97購02  ,0,0,0,0,0,0,0,0,0,-88000,0,0,0,0,88000,-88000,-88000
054171,台郡凱基97購01  ,0,0,0,0,0,0,0,0,0,-88000,0,0,0,0,88000,-88000,-88000
052404,臻鼎凱基95購05  ,0,0,0,0,0,0,0,0,0,-88000,0,0,0,30000,118000,-88000,-88000
052436,正崴富邦95購01  ,0,0,0,0,0,0,0,0,0,-88000,0,0,0,2000,90000,-88000,-88000
04345P,景碩國泰94售02  ,0,0,0,0,0,0,0,0,0,-88000,0,0,0,0,88000,-88000,-88000
049874,全新康和94購01  ,0,0,0,0,0,0,0,0,0,-88000,0,0,0,80000,168000,-88000,-88000
048442,友訊凱基94購01  ,0,0,0,0,0,0,0,0,0,-88000,0,0,0,62000,150000,-88000,-88000
050083,旺宏元富94購01  ,0,0,0,0,0,0,0,0,0,-88000,0,0,0,19000,107000,-88000,-88000
052195,健策元富95購01  ,0,0,0,0,0,0,0,0,0,-88000,0,0,0,0,88000,-88000,-88000
052240,臻鼎國票96購03  ,0,0,0,0,0,0,0,0,0,-88000,0,0,0,0,88000,-88000,-88000
051443,聯發科元大95購10,0,0,0,0,0,0,0,0,0,-88000,0,0,0,9000,97000,-88000,-88000
051356,全新元大96購04  ,0,0,0,0,0,0,0,0,0,-88000,0,0,0,0,88000,-88000,-88000
05960P,欣興統一96售01  ,1000,0,1000,0,0,0,0,0,0,-89000,0,0,0,0,89000,-89000,-88000
1451,年興            ,9000,97000,-88000,0,0,0,0,0,0,0,0,0,0,0,0,0,-88000
052434,茂林國泰97購01  ,0,0,0,0,0,0,0,0,0,-89000,0,0,0,10000,99000,-89000,-89000
053124,聯發科凱基96購12,0,0,0,0,0,0,0,0,0,-89000,0,0,0,105000,194000,-89000,-89000
045593,GIS元大92購04   ,0,0,0,0,0,0,0,0,0,-89000,0,0,0,10000,99000,-89000,-89000
03856P,易華電永豐93售01,0,0,0,0,0,0,0,0,0,-89000,0,0,0,80000,169000,-89000,-89000
00713,元大台灣高息低波,0,0,0,0,0,0,0,0,0,-89000,0,0,0,2000,91000,-89000,-89000
048855,華新科群益94購02,0,0,0,0,0,0,0,0,0,-89000,0,0,0,17000,106000,-89000,-89000
045855,緯穎富邦93購01  ,0,0,0,0,0,0,0,0,0,-89000,0,0,0,32000,121000,-89000,-89000
045076,富邦金元大92購01,0,0,0,0,0,0,0,0,0,-89000,0,0,0,0,89000,-89000,-89000
045165,台虹國泰93購01  ,0,0,0,0,0,0,0,0,0,-89000,0,0,0,111000,200000,-89000,-89000
046506,全新元大92購05  ,0,0,0,0,0,0,0,0,0,-89000,0,0,0,10000,99000,-89000,-89000
049842,道瓊反中信98購01,0,0,0,0,0,0,0,0,0,-89000,0,0,0,37000,126000,-89000,-89000
046155,道瓊反群益94購01,0,0,0,0,0,0,0,0,0,-89000,0,0,0,0,89000,-89000,-89000
047765,瑞昱元大93購12  ,0,0,0,0,0,0,0,0,0,-89000,0,0,0,210000,299000,-89000,-89000
046789,祥碩永豐93購01  ,0,0,0,0,0,0,0,0,0,-89000,0,0,0,2000,91000,-89000,-89000
051432,群創元富99購03  ,0,0,0,0,0,0,0,0,0,-89000,0,0,0,117000,206000,-89000,-89000
05820P,臺股指凱基96售17,0,0,0,0,0,0,0,0,0,-89000,0,0,0,0,89000,-89000,-89000
052398,瑞昱凱基95購06  ,0,0,0,0,0,0,0,0,0,-90000,0,0,0,10000,100000,-90000,-90000
045807,上緯控國票93購01,0,0,0,0,0,0,0,0,0,-90000,0,0,0,13000,103000,-90000,-90000
045014,和鑫元大93購02  ,0,0,0,0,0,0,0,0,0,-90000,0,0,0,0,90000,-90000,-90000
03148P,聯電群益03售04  ,0,0,0,0,0,0,0,0,0,-90000,0,0,0,10000,100000,-90000,-90000
038111,新光金中信91購01,0,0,0,0,0,0,0,0,0,-90000,0,0,0,0,90000,-90000,-90000
03636C,元油2X元富04牛01,0,0,0,0,0,0,0,0,0,-90000,0,0,0,0,90000,-90000,-90000
03763P,聯發科元富96售01,0,0,0,0,0,0,0,0,0,-90000,0,0,0,60000,150000,-90000,-90000
03744P,致茂凱基93售01  ,0,0,0,0,0,0,0,0,0,-90000,0,0,0,5000,95000,-90000,-90000
043571,義隆富邦91購01  ,0,0,0,0,0,0,0,0,0,-90000,0,0,0,0,90000,-90000,-90000
04239P,上銀凱基93售08  ,0,0,0,0,0,0,0,0,0,-90000,0,0,0,0,90000,-90000,-90000
043693,為升兆豐93購01  ,0,0,0,0,0,0,0,0,0,-90000,0,0,0,10000,100000,-90000,-90000
048283,亞德客中信94購01,0,0,0,0,0,0,0,0,0,-90000,0,0,0,20000,110000,-90000,-90000
046291,友達統一94購01  ,0,0,0,0,0,0,0,0,0,-90000,0,0,0,1000,91000,-90000,-90000
051347,國巨元大95購06  ,0,0,0,0,0,0,0,0,0,-90000,0,0,0,8000,98000,-90000,-90000
051208,GIS麥證95購01   ,0,0,0,10000,100000,-90000,0,0,0,-90000,0,0,0,10000,100000,-90000,-90000
05103P,臺股指凱基96售10,0,0,0,0,0,0,0,0,0,-90000,0,0,0,15000,105000,-90000,-90000
051883,智原永豐95購03  ,0,0,0,0,0,0,0,0,0,-90000,0,0,0,68000,158000,-90000,-90000
049286,美律兆豐94購01  ,0,0,0,0,0,0,0,0,0,-90000,0,0,0,10000,100000,-90000,-90000
049357,微星富邦94購01  ,0,0,0,0,0,0,0,0,0,-90000,0,0,0,0,90000,-90000,-90000
050358,致新群益94購01  ,0,0,0,0,0,0,0,0,0,-90000,0,0,0,16000,106000,-90000,-90000
1218,泰山            ,35000,125000,-90000,0,0,0,0,0,0,0,0,0,0,0,0,0,-90000
052446,聯發科元大96購03,0,0,0,0,0,0,0,0,0,-91000,0,0,0,297000,388000,-91000,-91000
053382,友達元大9C購02  ,0,0,0,0,0,0,0,0,0,-91000,0,0,0,0,91000,-91000,-91000
054131,南亞科元大96購04,0,0,0,0,0,0,0,0,0,-91000,0,0,0,23000,114000,-91000,-91000
05374P,台積電國票96售07,0,0,0,0,0,0,0,0,0,-91000,0,0,0,450000,541000,-91000,-91000
053945,國巨富邦98購02  ,0,0,0,0,0,0,0,0,0,-91000,0,0,0,760000,851000,-91000,-91000
053926,晶相光國票97購01,0,0,0,0,0,0,0,0,0,-91000,0,0,0,72000,163000,-91000,-91000
03942P,電子類元大93售02,0,0,0,0,0,0,0,0,0,-91000,0,0,0,9000,100000,-91000,-91000
00665L,富邦恒生國企正2 ,0,0,0,0,0,0,0,0,0,-91000,0,0,0,50000,141000,-91000,-91000
044430,上銀元大92購03  ,0,0,0,0,0,0,0,0,0,-91000,0,0,0,5000,96000,-91000,-91000
049833,正文凱基94購05  ,0,0,0,0,0,0,0,0,0,-91000,0,0,0,10000,101000,-91000,-91000
049807,新光金元大96購02,0,0,0,0,0,0,0,0,0,-91000,0,0,0,40000,131000,-91000,-91000
050393,樺漢統一94購01  ,0,0,0,0,0,0,0,0,0,-91000,0,0,0,171000,262000,-91000,-91000
051805,元黃金凱基97購02,0,0,0,0,0,0,0,0,0,-91000,0,0,0,52000,143000,-91000,-91000
051099,台郡元大95購03  ,0,0,0,0,0,0,0,0,0,-91000,0,0,0,97000,188000,-91000,-91000
051664,鴻海元大96購07  ,0,0,0,0,0,0,0,0,0,-91000,0,0,0,211000,302000,-91000,-91000
05727P,新光金日盛96售02,0,0,0,0,0,0,0,0,0,-91000,0,0,0,0,91000,-91000,-91000
3645,達邁            ,94000,185000,-91000,0,0,0,0,0,0,0,25000,11000,14000,0,14000,-14000,-91000
054069,亞光國泰98購01  ,0,0,0,0,0,0,0,0,0,-92000,0,0,0,843000,935000,-92000,-92000
054815,台積電元大97購14,0,0,0,0,0,0,0,0,0,-92000,0,0,0,229000,321000,-92000,-92000
054474,鴻海中信96購03  ,0,0,0,0,0,0,0,0,0,-92000,0,0,0,3000,95000,-92000,-92000
052363,廣達國票96購01  ,0,0,0,0,0,0,0,0,0,-92000,0,0,0,52000,144000,-92000,-92000
052533,聯發科國泰96購03,0,0,0,0,0,0,0,0,0,-92000,0,0,0,194000,286000,-92000,-92000
052602,聯電元大97購01  ,0,0,0,0,0,0,0,0,0,-92000,0,0,0,8000,100000,-92000,-92000
046298,聯發科富邦94購01,0,0,0,0,0,0,0,0,0,-92000,0,0,0,27000,119000,-92000,-92000
046790,康友永豐93購01  ,0,0,0,0,0,0,0,0,0,-92000,0,0,0,77000,169000,-92000,-92000
051802,同欣電永豐95購02,0,0,0,0,0,0,0,0,0,-92000,0,0,0,82000,174000,-92000,-92000
051871,同欣電凱基95購02,0,0,0,0,0,0,0,0,0,-92000,0,0,0,307000,399000,-92000,-92000
050380,台積電亞東94購02,0,0,0,0,0,0,0,0,0,-92000,0,0,0,0,92000,-92000,-92000
03290P,亞德客元大02售01,0,0,0,0,0,0,0,0,0,-93000,0,0,0,1000,94000,-93000,-93000
047313,華新科元大93購08,0,0,0,0,0,0,0,0,0,-93000,0,0,0,10000,103000,-93000,-93000
050936,國巨國票95購04  ,0,0,0,0,0,0,0,0,0,-93000,0,0,0,17000,110000,-93000,-93000
050236,旺宏凱基94購06  ,0,0,0,0,0,0,0,0,0,-93000,0,0,0,35000,128000,-93000,-93000
3698,隆達            ,89000,221000,-132000,0,0,0,0,0,0,39000,46000,4000,42000,0,3000,-3000,-93000
1711,永光            ,17000,110000,-93000,0,0,0,0,0,0,0,0,0,0,0,0,0,-93000
052876,GIS凱基96購03   ,0,0,0,0,0,0,0,0,0,-94000,0,0,0,0,94000,-94000,-94000
053441,旺宏凱基98購01  ,0,0,0,0,0,0,0,0,0,-94000,0,0,0,161000,255000,-94000,-94000
054330,世芯永豐96購02  ,0,0,0,0,0,0,0,0,0,-94000,0,0,0,14000,108000,-94000,-94000
054928,帆宣凱基98購01  ,0,0,0,0,0,0,0,0,0,-94000,0,0,0,0,94000,-94000,-94000
054873,帆宣群益99購01  ,0,0,0,0,0,0,0,0,0,-94000,0,0,0,0,94000,-94000,-94000
053677,同欣電國泰97購01,0,0,0,0,0,0,0,0,0,-94000,0,0,0,263000,357000,-94000,-94000
043947,致伸兆豐91購01  ,0,0,0,0,0,0,0,0,0,-94000,0,0,0,0,94000,-94000,-94000
048878,康控國票95購02  ,0,0,0,0,0,0,0,0,0,-94000,0,0,0,4000,98000,-94000,-94000
046033,義隆元大92購03  ,0,0,0,0,0,0,0,0,0,-94000,0,0,0,0,94000,-94000,-94000
046987,智邦凱基93購04  ,0,0,0,0,0,0,0,0,0,-94000,0,0,0,0,94000,-94000,-94000
047497,聯發科康和93購01,0,0,0,0,0,0,0,0,0,-94000,0,0,0,0,94000,-94000,-94000
053868,群創元大99購02  ,0,0,0,0,0,0,0,0,0,-95000,0,0,0,350000,445000,-95000,-95000
05407P,超眾凱基95售04  ,0,0,0,0,0,0,0,0,0,-95000,0,0,0,55000,150000,-95000,-95000
045203,同欣電凱基92購01,0,0,0,0,0,0,0,0,0,-95000,0,0,0,20000,115000,-95000,-95000
045741,嘉晶群益92購01  ,0,0,0,0,0,0,0,0,0,-95000,0,0,0,20000,115000,-95000,-95000
043538,元石油國票97購01,0,0,0,0,0,0,0,0,0,-95000,0,0,0,20000,115000,-95000,-95000
044683,聯鈞凱基93購01  ,0,0,0,0,0,0,0,0,0,-95000,0,0,0,120000,215000,-95000,-95000
046951,GIS元大93購08   ,0,0,0,0,0,0,0,0,0,-95000,0,0,0,5000,100000,-95000,-95000
047389,義隆元大94購01  ,0,0,0,0,0,0,0,0,0,-95000,0,0,0,5000,100000,-95000,-95000
045891,健鼎元大92購01  ,0,0,0,0,0,0,0,0,0,-95000,0,0,0,6000,101000,-95000,-95000
04853P,易華電永豐94售03,0,0,0,0,0,0,0,0,0,-95000,0,0,0,69000,164000,-95000,-95000
050023,國巨元大94購12  ,0,0,0,0,0,0,0,0,0,-95000,0,0,0,70000,165000,-95000,-95000
049242,佳世達元富96購01,0,0,0,0,0,0,0,0,0,-95000,0,0,0,10000,105000,-95000,-95000
054150,國巨國泰97購05  ,0,0,0,0,0,0,0,0,0,-96000,0,0,0,270000,366000,-96000,-96000
053440,台積電凱基96購12,0,0,0,0,0,0,0,0,0,-96000,0,0,0,25000,121000,-96000,-96000
043453,上銀元大92購01  ,0,0,0,0,0,0,0,0,0,-96000,0,0,0,0,96000,-96000,-96000
044457,滬深2X國票97購01,0,0,0,0,0,0,0,0,0,-96000,0,0,0,20000,116000,-96000,-96000
048909,聯詠富邦94購01  ,0,0,0,0,0,0,0,0,0,-96000,0,0,0,0,96000,-96000,-96000
048484,大立光國泰95購02,0,0,0,0,0,0,0,0,0,-96000,0,0,0,48000,144000,-96000,-96000
04820P,聯茂永豐94售02  ,0,0,0,0,0,0,0,0,0,-96000,0,0,0,79000,175000,-96000,-96000
046919,大毅永豐93購01  ,0,0,0,0,0,0,0,0,0,-96000,0,0,0,411000,507000,-96000,-96000
046878,康友國泰94購01  ,0,0,0,0,0,0,0,0,0,-96000,0,0,0,0,96000,-96000,-96000
047515,智易國票94購01  ,0,0,0,0,0,0,0,0,0,-96000,0,0,0,0,96000,-96000,-96000
053585,友達元大9C購03  ,0,0,0,0,0,0,0,0,0,-97000,0,0,0,111000,208000,-97000,-97000
052586,晶豪科永豐96購01,0,0,0,0,0,0,0,0,0,-97000,0,0,0,47000,144000,-97000,-97000
054886,大毅統一97購01  ,0,0,0,0,0,0,0,0,0,-97000,0,0,0,24000,121000,-97000,-97000
054325,奇力新台新97購03,0,0,0,0,0,0,0,0,0,-97000,0,0,0,0,97000,-97000,-97000
046972,同欣電群益93購01,0,0,0,0,0,0,0,0,0,-97000,0,0,0,25000,122000,-97000,-97000
049244,亞光元富94購01  ,0,0,0,0,0,0,0,0,0,-97000,0,0,0,3000,100000,-97000,-97000
049463,華新科富邦97購01,0,0,0,0,0,0,0,0,0,-97000,0,0,0,91000,188000,-97000,-97000
05119P,聯發科國泰96售02,0,0,0,0,0,0,0,0,0,-97000,0,0,0,346000,443000,-97000,-97000
05917P,宏達電元大96售02,0,0,0,0,0,0,0,0,0,-97000,0,0,0,132000,229000,-97000,-97000
054525,奇鋐元富96購01  ,0,0,0,0,0,0,0,0,0,-98000,0,0,0,0,98000,-98000,-98000
053187,國巨統一96購05  ,0,0,0,0,0,0,0,0,0,-98000,0,0,0,150000,248000,-98000,-98000
047103,台苯元大93購01  ,0,0,0,0,0,0,0,0,0,-98000,0,0,0,100000,198000,-98000,-98000
048237,致茂國票94購01  ,0,0,0,0,0,0,0,0,0,-98000,0,0,0,0,98000,-98000,-98000
047410,上銀元富96購01  ,0,0,0,0,0,0,0,0,0,-98000,0,0,0,20000,118000,-98000,-98000
049627,嘉聯益群益94購02,0,0,0,0,0,0,0,0,0,-98000,0,0,0,0,98000,-98000,-98000
051113,聯電元富95購01  ,0,0,0,0,0,0,0,0,0,-98000,0,0,0,124000,222000,-98000,-98000
051369,新光金富邦9A購01,0,0,0,0,0,0,0,0,0,-98000,0,0,0,0,98000,-98000,-98000
049762,華邦電國泰95購01,0,0,0,0,0,0,0,0,0,-98000,0,0,0,84000,182000,-98000,-98000
06097P,茂林永豐97售01  ,0,0,0,0,0,0,0,0,0,-98000,0,0,0,52000,150000,-98000,-98000
2023,燁輝            ,197000,293000,-96000,0,0,0,0,0,0,-2000,0,2000,-2000,0,0,0,-98000
08820P,台積電凱基01售10,0,0,0,0,0,0,0,0,0,-98000,0,0,0,0,98000,-98000,-98000
053226,國巨台新97購02  ,0,0,0,0,0,0,0,0,0,-99000,0,0,0,168000,267000,-99000,-99000
053079,世紀鋼永豐96購01,0,0,0,0,0,0,0,0,0,-99000,0,0,0,0,99000,-99000,-99000
052536,聯茂國泰97購01  ,0,0,0,0,0,0,0,0,0,-99000,0,0,0,119000,218000,-99000,-99000
052650,台郡永豐96購01  ,0,0,0,0,0,0,0,0,0,-99000,0,0,0,61000,160000,-99000,-99000
054581,訊芯元大97購02  ,0,0,0,0,0,0,0,0,0,-99000,0,0,0,183000,282000,-99000,-99000
054045,奇力新元大97購03,0,0,0,0,0,0,0,0,0,-99000,0,0,0,57000,156000,-99000,-99000
045304,潤泰全元大92購01,0,0,0,0,0,0,0,0,0,-99000,0,0,0,0,99000,-99000,-99000
04431P,牧德元大94售03  ,0,0,0,0,0,0,0,0,0,-99000,0,0,0,1000,100000,-99000,-99000
045691,南茂元大92購03  ,0,0,0,0,0,0,0,0,0,-99000,0,0,0,13000,112000,-99000,-99000
045630,技嘉凱基93購02  ,0,0,0,0,0,0,0,0,0,-99000,0,0,0,5000,104000,-99000,-99000
04121P,宏碁凱基93售02  ,0,0,0,0,0,0,0,0,0,-99000,0,0,0,1000,100000,-99000,-99000
03796P,宏碁元大93售01  ,0,0,0,0,0,0,0,0,0,-99000,0,0,0,1000,100000,-99000,-99000
046042,台勝科元大92購03,0,0,0,0,0,0,0,0,0,-99000,0,0,0,0,99000,-99000,-99000
049241,智邦元富94購01  ,0,0,0,0,0,0,0,0,0,-99000,0,0,0,11000,110000,-99000,-99000
050118,臻鼎元大94購01  ,0,0,0,0,0,0,0,0,0,-99000,0,0,0,1000,100000,-99000,-99000
050155,華新科群益95購01,0,0,0,0,0,0,0,0,0,-99000,0,0,0,20000,119000,-99000,-99000
050888,群創富邦95購01  ,0,0,0,0,0,0,0,0,0,-99000,0,0,0,39000,138000,-99000,-99000
050361,T50反1元大94購07,0,0,0,0,0,0,0,0,0,-99000,0,0,0,200000,299000,-99000,-99000
05038P,牧德元大95售03  ,0,0,0,0,0,0,0,0,0,-99000,0,0,0,1000,100000,-99000,-99000
050319,康控國票95購04  ,0,0,0,0,0,0,0,0,0,-99000,0,0,0,0,99000,-99000,-99000
050555,道瓊銀統一94購01,0,0,0,0,0,0,0,0,0,-99000,0,0,0,1000,100000,-99000,-99000
05961P,鴻海群益97售01  ,0,0,0,0,0,0,0,0,0,-99000,0,0,0,61000,160000,-99000,-99000
054050,創意元大96購06  ,0,0,0,0,0,0,0,0,0,-100000,0,0,0,14000,114000,-100000,-100000
053983,樺漢元大97購02  ,0,0,0,0,0,0,0,0,0,-100000,0,0,0,0,100000,-100000,-100000
054520,健鼎元大96購02  ,0,0,0,0,0,0,0,0,0,-100000,0,0,0,0,100000,-100000,-100000
054324,美律台新97購01  ,0,0,0,0,0,0,0,0,0,-100000,0,0,0,148000,248000,-100000,-100000
054981,國巨元富97購02  ,0,0,0,0,0,0,0,0,0,-100000,0,0,0,0,100000,-100000,-100000
055023,億光國泰98購01  ,0,0,0,0,0,0,0,0,0,-100000,0,0,0,18000,118000,-100000,-100000
054670,康友元富97購01  ,0,0,0,0,0,0,0,0,0,-100000,0,0,0,50000,150000,-100000,-100000
052900,大成鋼國票97購01,0,0,0,0,0,0,0,0,0,-100000,0,0,0,10000,110000,-100000,-100000
052704,TPK國票97購01   ,0,0,0,0,0,0,0,0,0,-100000,0,0,0,0,100000,-100000,-100000
052717,正文凱基96購01  ,0,0,0,0,0,0,0,0,0,-100000,0,0,0,50000,150000,-100000,-100000
053158,茂林元大96購01  ,0,0,0,0,0,0,0,0,0,-100000,0,0,0,0,100000,-100000,-100000
05326P,臺股指凱基95售10,0,0,0,0,0,0,0,0,0,-100000,0,0,0,0,100000,-100000,-100000
03772P,聯茂元大93售02  ,0,0,0,0,0,0,0,0,0,-100000,0,0,0,0,100000,-100000,-100000
03732P,大立光元大93售16,0,0,0,0,0,0,0,0,0,-100000,0,0,0,0,100000,-100000,-100000
03304P,欣興元富02售02  ,0,0,0,0,0,0,0,0,0,-100000,0,0,0,40000,140000,-100000,-100000
042819,聯茂中信92購01  ,0,0,0,0,0,0,0,0,0,-100000,0,0,0,0,100000,-100000,-100000
044614,聯茂兆豐92購02  ,0,0,0,0,0,0,0,0,0,-100000,0,0,0,0,100000,-100000,-100000
045478,世紀鋼元大93購02,0,0,0,0,0,0,0,0,0,-100000,0,0,0,0,100000,-100000,-100000
043726,T50反1國泰93購01,0,0,0,0,0,0,0,0,0,-100000,0,0,0,10000,110000,-100000,-100000
042593,S&P反1統一92購01,0,0,0,0,0,0,0,0,0,-100000,0,0,0,0,100000,-100000,-100000
04046P,台積電元大93售24,0,0,0,0,0,0,0,0,0,-100000,0,0,0,100000,200000,-100000,-100000
044739,美利達國泰93購01,0,0,0,0,0,0,0,0,0,-100000,0,0,0,100000,200000,-100000,-100000
04381P,世紀鋼元大94售01,0,0,0,0,0,0,0,0,0,-100000,0,0,0,0,100000,-100000,-100000
043856,GIS富邦92購01   ,0,0,0,0,0,0,0,0,0,-100000,0,0,0,0,100000,-100000,-100000
04436P,聯發科中信96售02,0,0,0,0,0,0,0,0,0,-100000,0,0,0,0,100000,-100000,-100000
044937,瀚宇博元大91購02,0,0,0,0,0,0,0,0,0,-100000,0,0,0,0,100000,-100000,-100000
045142,聯茂兆豐93購02  ,0,0,0,0,0,0,0,0,0,-100000,0,0,0,0,100000,-100000,-100000
045415,聯茂群益92購02  ,0,0,0,0,0,0,0,0,0,-100000,0,0,0,0,100000,-100000,-100000
04893P,創意元大94售03  ,0,0,0,0,0,0,0,0,0,-100000,0,0,0,100000,200000,-100000,-100000
04858P,健策元富94售01  ,0,0,0,0,0,0,0,0,0,-100000,0,0,0,0,100000,-100000,-100000
047375,GIS國票93購02   ,0,0,0,0,0,0,0,0,0,-100000,0,0,0,0,100000,-100000,-100000
047370,聯發科國票93購03,0,0,0,0,0,0,0,0,0,-100000,0,0,0,33000,133000,-100000,-100000
048800,瑞昱富邦94購01  ,0,0,0,0,0,0,0,0,0,-100000,0,0,0,0,100000,-100000,-100000
048453,嘉澤凱基93購05  ,0,0,0,0,0,0,0,0,0,-100000,0,0,0,18000,118000,-100000,-100000
049695,新光金元大9A購01,0,0,0,0,0,0,0,0,0,-100000,0,0,0,0,100000,-100000,-100000
046233,臻鼎元大92購08  ,0,0,0,0,0,0,0,0,0,-100000,0,0,0,0,100000,-100000,-100000
046388,GIS凱基92購02   ,0,0,0,0,0,0,0,0,0,-100000,0,0,0,0,100000,-100000,-100000
048632,大成鋼元大93購02,0,0,0,0,0,0,0,0,0,-100000,0,0,0,0,100000,-100000,-100000
047693,T50反1國票95購01,0,0,0,0,0,0,0,0,0,-100000,0,0,0,0,100000,-100000,-100000
047584,元金2X永豐95購01,0,0,0,0,0,0,0,0,0,-100000,0,0,0,80000,180000,-100000,-100000
049191,元油2X永豐95購01,0,0,0,0,0,0,0,0,0,-100000,0,0,0,0,100000,-100000,-100000
049470,楠梓電永豐94購03,0,0,0,0,0,0,0,0,0,-100000,0,0,0,0,100000,-100000,-100000
051358,台新金元大95購01,0,0,0,0,0,0,0,0,0,-100000,0,0,0,0,100000,-100000,-100000
052215,樺漢元大96購02  ,0,0,0,0,0,0,0,0,0,-100000,0,0,0,12000,112000,-100000,-100000
1447,力鵬            ,51000,151000,-100000,0,0,0,0,0,0,0,0,0,0,0,0,0,-100000
045861,智邦統一93購02  ,0,0,0,0,0,0,0,0,0,-101000,0,0,0,113000,214000,-101000,-101000
043854,華新科富邦93購01,0,0,0,0,0,0,0,0,0,-101000,0,0,0,15000,116000,-101000,-101000
044898,旺宏凱基93購01  ,0,0,0,0,0,0,0,0,0,-101000,0,0,0,42000,143000,-101000,-101000
04394P,臻鼎凱基94售01  ,0,0,0,0,0,0,0,0,0,-101000,0,0,0,0,101000,-101000,-101000
03926P,麗豐元大93售02  ,0,0,0,0,0,0,0,0,0,-101000,0,0,0,0,101000,-101000,-101000
03827P,矽創國票94售01  ,0,0,0,0,0,0,0,0,0,-101000,0,0,0,0,101000,-101000,-101000
047614,台郡群益93購02  ,0,0,0,0,0,0,0,0,0,-101000,0,0,0,66000,167000,-101000,-101000
046499,技嘉元大92購02  ,0,0,0,0,0,0,0,0,0,-101000,0,0,0,2000,103000,-101000,-101000
048339,友達元大95購01  ,0,0,0,0,0,0,0,0,0,-101000,0,0,0,111000,212000,-101000,-101000
048157,美律兆豐93購01  ,0,0,0,0,0,0,0,0,0,-101000,0,0,0,60000,161000,-101000,-101000
052292,緯穎元富95購02  ,0,0,0,0,0,0,0,0,0,-101000,0,0,0,9000,110000,-101000,-101000
1217,愛之味          ,19000,120000,-101000,0,0,0,0,0,0,0,0,0,0,0,0,0,-101000
05866P,致伸元大96售01  ,0,0,0,0,0,0,0,0,0,-101000,0,0,0,0,101000,-101000,-101000
05490P,鴻海元大95售23  ,0,0,0,0,0,0,0,0,0,-102000,0,0,0,10000,112000,-102000,-102000
053872,臻鼎元大96購04  ,0,0,0,0,0,0,0,0,0,-102000,0,0,0,30000,132000,-102000,-102000
006208,富邦台50        ,0,1000,-1000,0,0,0,0,0,0,-101000,0,0,0,688000,789000,-101000,-102000
03183P,鴻海元大01售28  ,0,0,0,0,0,0,0,0,0,-102000,0,0,0,2000,104000,-102000,-102000
04784P,超眾元富94售01  ,0,0,0,0,0,0,0,0,0,-102000,0,0,0,98000,200000,-102000,-102000
048965,佳世達元大94購01,0,0,0,0,0,0,0,0,0,-102000,0,0,0,33000,135000,-102000,-102000
04743P,台積電元富94售07,0,0,0,0,0,0,0,0,0,-102000,0,0,0,0,102000,-102000,-102000
046225,南亞科元大92購05,0,0,0,0,0,0,0,0,0,-102000,0,0,0,0,102000,-102000,-102000
049515,同欣電凱基94購01,0,0,0,0,0,0,0,0,0,-102000,0,0,0,3000,105000,-102000,-102000
049529,華新科中信95購01,0,0,0,0,0,0,0,0,0,-102000,0,0,0,171000,273000,-102000,-102000
04707P,喬山元大94售01  ,0,0,0,0,0,0,0,0,0,-102000,0,0,0,38000,140000,-102000,-102000
052311,台積電富邦95購09,0,0,0,0,0,0,0,0,0,-102000,0,0,0,0,102000,-102000,-102000
049740,禾伸堂群益94購01,0,0,0,0,0,0,0,0,0,-102000,0,0,0,30000,132000,-102000,-102000
049721,晶技凱基94購02  ,0,0,0,0,0,0,0,0,0,-102000,0,0,0,0,102000,-102000,-102000
05060P,台達電富邦97售02,0,0,0,0,0,0,0,0,0,-102000,0,0,0,1000,103000,-102000,-102000
050791,聯發科富邦96購01,0,0,0,0,0,0,0,0,0,-102000,0,0,0,7000,109000,-102000,-102000
3038,全台            ,59000,160000,-101000,0,0,0,0,0,0,-1000,0,1000,-1000,0,0,0,-102000
2390,云辰            ,16000,117000,-101000,0,0,0,0,0,0,-1000,0,1000,-1000,0,0,0,-102000
4426,利勤            ,25000,127000,-102000,0,0,0,0,0,0,0,1000,1000,0,0,0,0,-102000
054494,訊芯台新96購01  ,0,0,0,0,0,0,0,0,0,-103000,0,0,0,3000,106000,-103000,-103000
044698,奇力新元大93購01,0,0,0,0,0,0,0,0,0,-103000,0,0,0,10000,113000,-103000,-103000
052090,聯發科元大97購03,0,0,0,0,0,0,0,0,0,-103000,0,0,0,63000,166000,-103000,-103000
051543,鈺齊國票96購01  ,0,0,0,0,0,0,0,0,0,-103000,0,0,0,43000,146000,-103000,-103000
051501,康友群益95購02  ,0,0,0,0,0,0,0,0,0,-103000,0,0,0,10000,113000,-103000,-103000
053884,緯穎第一96購01  ,0,0,0,0,0,0,0,0,0,-104000,0,0,0,6000,110000,-104000,-104000
045873,元油2X元富98購04,0,0,0,0,0,0,0,0,0,-104000,0,0,0,10000,114000,-104000,-104000
049669,訊芯國泰95購01  ,0,0,0,0,0,0,0,0,0,-104000,0,0,0,29000,133000,-104000,-104000
051181,鴻海永豐95購03  ,0,0,0,0,0,0,0,0,0,-104000,0,0,0,40000,144000,-104000,-104000
051752,緯穎富邦96購01  ,0,0,0,0,0,0,0,0,0,-104000,0,0,0,96000,200000,-104000,-104000
049995,GIS台新94購01   ,0,0,0,0,0,0,0,0,0,-104000,0,0,0,60000,164000,-104000,-104000
1460,宏遠            ,27000,131000,-104000,0,0,0,0,0,0,0,0,0,0,0,0,0,-104000
054498,燿華永豐96購06  ,0,0,0,0,0,0,0,0,0,-105000,0,0,0,1000,106000,-105000,-105000
054529,T50反1國泰97購02,0,0,0,0,0,0,0,0,0,-105000,0,0,0,21000,126000,-105000,-105000
053279,景碩元大97購01  ,0,0,0,0,0,0,0,0,0,-105000,0,0,0,15000,120000,-105000,-105000
052605,聯發科元大96購06,0,0,0,0,0,0,0,0,0,-105000,0,0,0,602000,707000,-105000,-105000
052476,台光電群益98購01,0,0,0,0,0,0,0,0,0,-105000,0,0,0,27000,132000,-105000,-105000
04886P,臺股指凱基94售20,0,0,0,0,0,0,0,0,0,-105000,0,0,0,305000,410000,-105000,-105000
044636,創意統一94購01  ,0,0,0,0,0,0,0,0,0,-105000,0,0,0,100000,205000,-105000,-105000
043671,GIS元大93購03   ,0,0,0,0,0,0,0,0,0,-105000,0,0,0,0,105000,-105000,-105000
04979P,臺股指凱基96售07,0,0,0,0,0,0,0,0,0,-105000,0,0,0,0,105000,-105000,-105000
04610P,世紀鋼永豐94售03,0,0,0,0,0,0,0,0,0,-105000,0,0,0,166000,271000,-105000,-105000
046064,中工凱基94購01  ,0,0,0,0,0,0,0,0,0,-105000,0,0,0,10000,115000,-105000,-105000
048405,嘉晶群益93購03  ,0,0,0,0,0,0,0,0,0,-105000,0,0,0,0,105000,-105000,-105000
046998,同欣電國泰94購01,0,0,0,0,0,0,0,0,0,-105000,0,0,0,210000,315000,-105000,-105000
050204,華新科群益94購05,0,0,0,0,0,0,0,0,0,-105000,0,0,0,12000,117000,-105000,-105000
050729,聯鈞國票94購01  ,0,0,0,0,0,0,0,0,0,-105000,0,0,0,0,105000,-105000,-105000
051996,康友元大95購01  ,0,0,0,0,0,0,0,0,0,-105000,0,0,0,26000,131000,-105000,-105000
051336,智原永豐95購01  ,0,0,0,0,0,0,0,0,0,-105000,0,0,0,20000,125000,-105000,-105000
2612,中航            ,22000,127000,-105000,0,0,0,0,0,0,0,0,0,0,0,0,0,-105000
2617,台航            ,15000,120000,-105000,0,0,0,0,0,0,0,0,0,0,0,0,0,-105000
05948P,茂林元大96售03  ,0,0,0,0,0,0,0,0,0,-105000,0,0,0,15000,120000,-105000,-105000
055106,台積電凱基98購05,0,0,0,0,0,0,0,0,0,-105000,0,0,0,0,105000,-105000,-105000
053073,技嘉康和96購01  ,0,0,0,0,0,0,0,0,0,-106000,0,0,0,2000,108000,-106000,-106000
054287,台積電元大97購11,0,0,0,0,0,0,0,0,0,-106000,0,0,0,173000,279000,-106000,-106000
054122,康友永豐96購01  ,0,0,0,0,0,0,0,0,0,-106000,0,0,0,75000,181000,-106000,-106000
045646,瑞儀凱基93購05  ,0,0,0,0,0,0,0,0,0,-106000,0,0,0,1000,107000,-106000,-106000
052131,台積電凱基96購01,0,0,0,0,0,0,0,0,0,-106000,0,0,0,277000,383000,-106000,-106000
049494,華新科元大95購05,0,0,0,0,0,0,0,0,0,-106000,0,0,0,28000,134000,-106000,-106000
05936P,台積電凱基96售20,0,0,0,0,0,0,0,0,0,-106000,0,0,0,69000,175000,-106000,-106000
3504,揚明光          ,43000,149000,-106000,0,0,0,0,0,0,0,0,1000,-1000,2000,1000,1000,-106000
054385,矽創群益98購01  ,0,0,0,0,0,0,0,0,0,-107000,0,0,0,83000,190000,-107000,-107000
03996P,旺宏國泰95售01  ,0,0,0,0,0,0,0,0,0,-107000,0,0,0,61000,168000,-107000,-107000
049885,緯穎永豐94購01  ,0,0,0,0,0,0,0,0,0,-107000,0,0,0,0,107000,-107000,-107000
050784,美律國泰96購01  ,0,0,0,0,0,0,0,0,0,-107000,0,0,0,77000,184000,-107000,-107000
050470,智邦台新94購01  ,0,0,0,0,0,0,0,0,0,-107000,0,0,0,0,107000,-107000,-107000
051632,全新國票96購01  ,0,0,0,0,0,0,0,0,0,-107000,0,0,0,0,107000,-107000,-107000
054693,神基永豐97購01  ,0,0,0,0,0,0,0,0,0,-108000,0,0,0,0,108000,-108000,-108000
053089,貿聯元大97購02  ,0,0,0,0,0,0,0,0,0,-108000,0,0,0,221000,329000,-108000,-108000
053322,京鼎群益97購01  ,0,0,0,0,0,0,0,0,0,-108000,0,0,0,24000,132000,-108000,-108000
05245P,台積電元大95售18,0,0,0,0,0,0,0,0,0,-108000,0,0,0,305000,413000,-108000,-108000
052585,友達永豐97購01  ,0,0,0,0,0,0,0,0,0,-108000,0,0,0,30000,138000,-108000,-108000
052809,訊芯元大97購01  ,0,0,0,0,0,0,0,0,0,-108000,0,0,0,4000,112000,-108000,-108000
042618,台灣50群益92購04,0,0,0,0,0,0,0,0,0,-108000,0,0,0,8000,116000,-108000,-108000
044093,南亞科統一91購06,0,0,0,0,0,0,0,0,0,-108000,0,0,0,0,108000,-108000,-108000
048836,牧德凱基94購03  ,0,0,0,0,0,0,0,0,0,-108000,0,0,0,3000,111000,-108000,-108000
049115,創意統一94購03  ,0,0,0,0,0,0,0,0,0,-108000,0,0,0,0,108000,-108000,-108000
048368,燿華統一93購01  ,0,0,0,0,0,0,0,0,0,-108000,0,0,0,0,108000,-108000,-108000
046000,台光電統一92購06,0,0,0,0,0,0,0,0,0,-108000,0,0,0,0,108000,-108000,-108000
052030,GIS群益95購04   ,0,0,0,0,0,0,0,0,0,-108000,0,0,0,29000,137000,-108000,-108000
050197,矽格元大94購04  ,0,0,0,0,0,0,0,0,0,-108000,0,0,0,112000,220000,-108000,-108000
2436,偉詮電          ,48000,155000,-107000,0,0,0,0,0,0,-1000,0,1000,-1000,0,0,0,-108000
052375,奇力新元大96購02,0,0,0,0,0,0,0,0,0,-109000,0,0,0,36000,145000,-109000,-109000
054369,鴻海中信9C購01  ,0,0,0,0,0,0,0,0,0,-109000,0,0,0,0,109000,-109000,-109000
045137,鴻海兆豐92購02  ,0,0,0,0,0,0,0,0,0,-109000,0,0,0,169000,278000,-109000,-109000
04575P,新日興統一94售02,0,0,0,0,0,0,0,0,0,-109000,0,0,0,156000,265000,-109000,-109000
042037,台灣50群益93購03,0,0,0,0,0,0,0,0,0,-109000,0,0,0,20000,129000,-109000,-109000
045975,祥碩凱基93購04  ,0,0,0,0,0,0,0,0,0,-109000,0,0,0,3000,112000,-109000,-109000
050240,聯發科凱基94購13,0,0,0,0,0,0,0,0,0,-109000,0,0,0,116000,225000,-109000,-109000
050993,聯發科元大95購05,0,0,0,0,0,0,0,0,0,-109000,0,0,0,104000,213000,-109000,-109000
1455,集盛            ,29000,138000,-109000,0,0,0,0,0,0,0,0,0,0,0,0,0,-109000
054586,健鼎國泰99購01  ,0,0,0,0,0,0,0,0,0,-110000,0,0,0,0,110000,-110000,-110000
054058,晶豪科國票98購01,0,0,0,0,0,0,0,0,0,-110000,0,0,0,1000,111000,-110000,-110000
04337P,台積電元大93售25,0,0,0,0,0,0,0,0,0,-110000,0,0,0,0,110000,-110000,-110000
03823P,嘉澤元富93售01  ,0,0,0,0,0,0,0,0,0,-110000,0,0,0,0,110000,-110000,-110000
046881,智原富邦99購01  ,0,0,0,0,0,0,0,0,0,-110000,0,0,0,23000,133000,-110000,-110000
047142,中磊兆豐93購02  ,0,0,0,0,0,0,0,0,0,-110000,0,0,0,0,110000,-110000,-110000
046426,臻鼎元大92購13  ,0,0,0,0,0,0,0,0,0,-110000,0,0,0,0,110000,-110000,-110000
047246,華新科群益93購01,0,0,0,0,0,0,0,0,0,-110000,0,0,0,37000,147000,-110000,-110000
048459,嘉聯益凱基93購04,0,0,0,0,0,0,0,0,0,-110000,0,0,0,0,110000,-110000,-110000
048470,神基永豐93購01  ,0,0,0,0,0,0,0,0,0,-110000,0,0,0,0,110000,-110000,-110000
047359,台達電群益93購01,0,0,0,0,0,0,0,0,0,-110000,0,0,0,0,110000,-110000,-110000
049623,創意群益94購01  ,0,0,0,0,0,0,0,0,0,-110000,0,0,0,0,110000,-110000,-110000
050829,臻鼎凱基96購01  ,0,0,0,0,0,0,0,0,0,-110000,0,0,0,0,110000,-110000,-110000
050603,致新國泰96購01  ,0,0,0,0,0,0,0,0,0,-110000,0,0,0,31000,141000,-110000,-110000
050562,瑞昱元富94購02  ,0,0,0,0,0,0,0,0,0,-110000,0,0,0,0,110000,-110000,-110000
06056P,台積電凱基98售02,0,0,0,0,0,0,0,0,0,-110000,0,0,0,0,110000,-110000,-110000
3588,通嘉            ,7000,117000,-110000,0,0,0,0,0,0,0,0,0,0,0,0,0,-110000
052836,旺宏國泰98購01  ,0,0,0,0,0,0,0,0,0,-111000,0,0,0,132000,243000,-111000,-111000
04958P,和大凱基94售04  ,0,0,0,0,0,0,0,0,0,-111000,0,0,0,0,111000,-111000,-111000
049742,日月光群益94購02,0,0,0,0,0,0,0,0,0,-111000,0,0,0,11000,122000,-111000,-111000
052025,國巨群益96購01  ,0,0,0,0,0,0,0,0,0,-111000,0,0,0,22000,133000,-111000,-111000
051035,百和兆豐95購01  ,0,0,0,0,0,0,0,0,0,-111000,0,0,0,0,111000,-111000,-111000
052941,康控兆豐97購01  ,0,0,0,0,0,0,0,0,0,-112000,0,0,0,0,112000,-112000,-112000
053327,彩晶台新97購01  ,0,0,0,0,0,0,0,0,0,-112000,0,0,0,15000,127000,-112000,-112000
053313,世紀鋼凱基96購01,0,0,0,0,0,0,0,0,0,-112000,0,0,0,100000,212000,-112000,-112000
053610,矽力中信98購01  ,0,0,0,0,0,0,0,0,0,-112000,0,0,0,40000,152000,-112000,-112000
03276P,聯發科台新02售01,0,0,0,0,0,0,0,0,0,-112000,0,0,0,0,112000,-112000,-112000
045765,康控統一92購01  ,0,0,0,0,0,0,0,0,0,-112000,0,0,0,10000,122000,-112000,-112000
04953P,台積電群益94售13,0,0,0,0,0,0,0,0,0,-112000,0,0,0,0,112000,-112000,-112000
046668,嘉澤元大93購01  ,0,0,0,0,0,0,0,0,0,-112000,0,0,0,15000,127000,-112000,-112000
047001,大成鋼統一93購01,0,0,0,0,0,0,0,0,0,-112000,0,0,0,0,112000,-112000,-112000
050678,美律統一94購04  ,0,0,0,0,0,0,0,0,0,-112000,0,0,0,60000,172000,-112000,-112000
1305,華夏            ,97000,293000,-196000,0,0,0,0,0,0,84000,62000,4000,58000,26000,0,26000,-112000
08801P,聯發科元大01售13,0,0,0,0,0,0,0,0,0,-112000,0,0,0,0,112000,-112000,-112000
053414,臻鼎國票97購01  ,0,0,0,0,0,0,0,0,0,-113000,0,0,0,160000,273000,-113000,-113000
054556,世芯凱基99購01  ,0,0,0,0,0,0,0,0,0,-113000,0,0,0,0,113000,-113000,-113000
054645,奇力新群益97購04,0,0,0,0,0,0,0,0,0,-113000,0,0,0,126000,239000,-113000,-113000
051228,聯發科群益95購03,0,0,0,0,0,0,0,0,0,-113000,0,0,0,54000,167000,-113000,-113000
051510,新光金中信97購01,0,0,0,0,0,0,0,0,0,-113000,0,0,0,0,113000,-113000,-113000
054415,奇力新元大96購06,0,0,0,0,0,0,0,0,0,-114000,0,0,0,53000,167000,-114000,-114000
054338,全新統一96購01  ,0,0,0,0,0,0,0,0,0,-114000,0,0,0,148000,262000,-114000,-114000
053069,同欣電群益98購01,0,0,0,0,0,0,0,0,0,-114000,0,0,0,22000,136000,-114000,-114000
052684,旺宏元大98購01  ,0,0,0,0,0,0,0,0,0,-114000,0,0,0,440000,554000,-114000,-114000
03444P,道瓊銀群益02售04,0,0,0,0,0,0,0,0,0,-114000,0,0,0,88000,202000,-114000,-114000
03605P,美利達統一92售01,0,0,0,0,0,0,0,0,0,-114000,0,0,0,59000,173000,-114000,-114000
046675,GIS元大93購06   ,0,0,0,0,0,0,0,0,0,-114000,0,0,0,5000,119000,-114000,-114000
051868,貿聯凱基96購01  ,0,0,0,0,0,0,0,0,0,-114000,0,0,0,23000,137000,-114000,-114000
050917,瀚宇博兆豐96購01,0,0,0,0,0,0,0,0,0,-114000,0,0,0,1000,115000,-114000,-114000
052633,國巨凱基96購05  ,0,0,0,0,0,0,0,0,0,-115000,0,0,0,33000,148000,-115000,-115000
042389,台灣50富邦92購02,0,0,0,0,0,0,0,0,0,-115000,0,0,0,0,115000,-115000,-115000
050989,台表科富邦95購01,0,0,0,0,0,0,0,0,0,-115000,0,0,0,15000,130000,-115000,-115000
050724,國巨國票96購01  ,0,0,0,0,0,0,0,0,0,-115000,0,0,0,1000,116000,-115000,-115000
050456,聯茂元大94購09  ,0,0,0,0,0,0,0,0,0,-115000,0,0,0,104000,219000,-115000,-115000
049188,可成台新94購01  ,0,0,0,0,0,0,0,0,0,-115000,0,0,0,82000,197000,-115000,-115000
051945,智邦統一95購03  ,0,0,0,0,0,0,0,0,0,-115000,0,0,0,40000,155000,-115000,-115000
3338,泰碩            ,203000,211000,-8000,0,0,0,0,104000,-104000,-3000,23000,9000,14000,20000,37000,-17000,-115000
9907,統一實          ,75000,190000,-115000,0,0,0,0,0,0,0,0,0,0,0,0,0,-115000
052662,華新科國票97購01,0,0,0,0,0,0,0,0,0,-116000,0,0,0,1000,117000,-116000,-116000
052528,茂林元大95購05  ,0,0,0,0,0,0,0,0,0,-116000,0,0,0,0,116000,-116000,-116000
052715,可成凱基96購01  ,0,0,0,0,0,0,0,0,0,-116000,0,0,0,0,116000,-116000,-116000
053154,聯詠元大96購01  ,0,0,0,0,0,0,0,0,0,-116000,0,0,0,533000,649000,-116000,-116000
053864,義隆元大96購01  ,0,0,0,0,0,0,0,0,0,-116000,0,0,0,142000,258000,-116000,-116000
03881P,易華電永豐93售02,0,0,0,0,0,0,0,0,0,-116000,0,0,0,74000,190000,-116000,-116000
046569,同欣電元富92購02,0,0,0,0,0,0,0,0,0,-116000,0,0,0,56000,172000,-116000,-116000
048786,瑞昱元大94購02  ,0,0,0,0,0,0,0,0,0,-116000,0,0,0,4000,120000,-116000,-116000
051815,百和凱基96購01  ,0,0,0,0,0,0,0,0,0,-116000,0,0,0,0,116000,-116000,-116000
051098,矽格元大95購01  ,0,0,0,0,0,0,0,0,0,-116000,0,0,0,45000,161000,-116000,-116000
051142,臺股指永豐95購02,0,0,0,0,0,0,0,0,0,-116000,0,0,0,0,116000,-116000,-116000
050636,上証2X國票94購01,0,0,0,0,0,0,0,0,0,-116000,0,0,0,10000,126000,-116000,-116000
046302,亞德客元大92購02,0,0,0,0,0,0,0,0,0,-117000,0,0,0,0,117000,-117000,-117000
049761,亞德客國泰95購03,0,0,0,0,0,0,0,0,0,-117000,0,0,0,31000,148000,-117000,-117000
1231,聯華食          ,10000,127000,-117000,0,0,0,0,0,0,0,0,0,0,0,0,0,-117000
1712,興農            ,14000,161000,-147000,0,0,0,0,0,0,30000,30000,0,30000,0,0,0,-117000
2444,兆勁            ,115000,230000,-115000,0,0,0,0,0,0,-2000,0,2000,-2000,0,0,0,-117000
06036P,台表科凱基96售04,0,0,0,0,0,0,0,0,0,-117000,0,0,0,10000,127000,-117000,-117000
053725,晶相光凱基96購01,0,0,0,0,0,0,0,0,0,-118000,0,0,0,0,118000,-118000,-118000
054252,奇力新元大96購04,0,0,0,0,0,0,0,0,0,-118000,0,0,0,22000,140000,-118000,-118000
054824,同欣電元大97購04,0,0,0,0,0,0,0,0,0,-118000,0,0,0,1000,119000,-118000,-118000
053511,鴻海群益96購04  ,0,0,0,0,0,0,0,0,0,-118000,0,0,0,4000,122000,-118000,-118000
052629,訊芯中信99購01  ,0,0,0,0,0,0,0,0,0,-118000,0,0,0,481000,599000,-118000,-118000
049031,矽格群益94購01  ,0,0,0,0,0,0,0,0,0,-118000,0,0,0,21000,139000,-118000,-118000
047802,滬深2X凱基95購03,0,0,0,0,0,0,0,0,0,-118000,0,0,0,490000,608000,-118000,-118000
051575,國巨元大96購03  ,0,0,0,0,0,0,0,0,0,-118000,0,0,0,127000,245000,-118000,-118000
051394,奇鋐兆豐95購01  ,0,0,0,0,0,0,0,0,0,-118000,0,0,0,0,118000,-118000,-118000
1308,亞聚            ,23000,141000,-118000,0,0,0,0,0,0,0,0,0,0,0,0,0,-118000
053540,健策永豐96購01  ,0,0,0,0,0,0,0,0,0,-119000,0,0,0,76000,195000,-119000,-119000
053103,瀚宇博元富96購01,0,0,0,0,0,0,0,0,0,-119000,0,0,0,10000,129000,-119000,-119000
045210,鴻海富邦93購02  ,0,0,0,0,0,0,0,0,0,-119000,0,0,0,1000,120000,-119000,-119000
049074,光罩凱基94購02  ,0,5000,-5000,0,0,0,0,0,0,-114000,0,0,0,20000,134000,-114000,-119000
053145,元黃金元大96購02,0,0,0,0,0,0,0,0,0,-120000,0,0,0,20000,140000,-120000,-120000
048979,晶相光元大94購03,0,0,0,0,0,0,0,0,0,-120000,0,0,0,68000,188000,-120000,-120000
03551P,致新凱基02售01  ,0,0,0,0,0,0,0,0,0,-120000,0,0,0,0,120000,-120000,-120000
04666P,臺股指國票94售05,0,0,0,0,0,0,0,0,0,-120000,0,0,0,0,120000,-120000,-120000
047419,聯發科富邦95購01,0,0,0,0,0,0,0,0,0,-120000,0,0,0,4000,124000,-120000,-120000
047603,瑞昱國泰94購01  ,0,0,0,0,0,0,0,0,0,-120000,0,0,0,27000,147000,-120000,-120000
047699,亞德客凱基93購04,0,0,0,0,0,0,0,0,0,-120000,0,0,0,10000,130000,-120000,-120000
047581,康控台新93購01  ,0,0,0,0,0,0,0,0,0,-120000,0,0,0,0,120000,-120000,-120000
051850,臻鼎中信96購01  ,0,0,0,0,0,0,0,0,0,-120000,0,0,0,40000,160000,-120000,-120000
052158,華泰永豐95購01  ,0,0,0,0,0,0,0,0,0,-120000,0,0,0,0,120000,-120000,-120000
049923,智原元大95購02  ,0,0,0,0,0,0,0,0,0,-120000,0,0,0,0,120000,-120000,-120000
049462,康友元富94購01  ,0,0,0,0,0,0,0,0,0,-120000,0,0,0,9000,129000,-120000,-120000
050405,新光金麥證94購01,0,0,0,30000,150000,-120000,0,0,0,-120000,0,0,0,30000,150000,-120000,-120000
050683,智原元富94購02  ,0,0,0,0,0,0,0,0,0,-120000,0,0,0,5000,125000,-120000,-120000
06067P,華新科康和97售01,0,0,0,0,0,0,0,0,0,-120000,0,0,0,26000,146000,-120000,-120000
06112P,台積電兆豐97售01,0,0,0,0,0,0,0,0,0,-120000,0,0,0,0,120000,-120000,-120000
053460,緯穎國泰97購01  ,0,0,0,0,0,0,0,0,0,-121000,0,0,0,52000,173000,-121000,-121000
04301P,微星中信93售01  ,0,0,0,0,0,0,0,0,0,-121000,0,0,0,18000,139000,-121000,-121000
04557P,茂林群益94售03  ,0,0,0,0,0,0,0,0,0,-121000,0,0,0,25000,146000,-121000,-121000
047946,南亞科統一93購04,0,0,0,0,0,0,0,0,0,-121000,0,0,0,50000,171000,-121000,-121000
046999,康控富邦99購01  ,0,0,0,0,0,0,0,0,0,-121000,0,0,0,3000,124000,-121000,-121000
052336,矽力日盛95購01  ,0,0,0,0,0,0,0,0,0,-121000,0,0,0,0,121000,-121000,-121000
053008,達方永豐96購01  ,0,0,0,0,0,0,0,0,0,-122000,0,0,0,0,122000,-122000,-122000
053946,全新富邦97購02  ,0,0,0,0,0,0,0,0,0,-122000,0,0,0,0,122000,-122000,-122000
046794,智伸科元富93購01,0,0,0,0,0,0,0,0,0,-122000,0,0,0,0,122000,-122000,-122000
048487,華邦電富邦93購02,0,0,0,0,0,0,0,0,0,-122000,0,0,0,0,122000,-122000,-122000
051455,樺漢元大96購01  ,0,0,0,0,0,0,0,0,0,-122000,0,0,0,0,122000,-122000,-122000
050412,全新永豐94購04  ,0,0,0,0,0,0,0,0,0,-122000,0,0,0,0,122000,-122000,-122000
05375P,健策國票96售02  ,0,0,0,0,0,0,0,0,0,-123000,0,0,0,203000,326000,-123000,-123000
05445P,聯詠元大95售05  ,0,0,0,0,0,0,0,0,0,-123000,0,0,0,0,123000,-123000,-123000
053280,群創元大9C購01  ,0,0,0,0,0,0,0,0,0,-123000,0,0,0,873000,996000,-123000,-123000
047042,佐登群益93購01  ,0,0,0,0,0,0,0,0,0,-123000,0,0,0,208000,331000,-123000,-123000
2605,新興            ,272000,445000,-173000,0,0,0,0,0,0,50000,50000,0,50000,0,0,0,-123000
053161,康友元大96購04  ,0,0,0,0,0,0,0,0,0,-124000,0,0,0,80000,204000,-124000,-124000
053072,國巨台新97購01  ,0,0,0,0,0,0,0,0,0,-124000,0,0,0,2000,126000,-124000,-124000
052367,聯茂國票96購02  ,0,0,0,0,0,0,0,0,0,-124000,0,0,0,15000,139000,-124000,-124000
054073,群創富邦96購03  ,0,0,0,0,0,0,0,0,0,-124000,0,0,0,264000,388000,-124000,-124000
03025P,國巨元大01售12  ,0,0,0,0,0,0,0,0,0,-124000,0,0,0,190000,314000,-124000,-124000
046975,元金2X永豐93購01,0,0,0,0,0,0,0,0,0,-124000,0,0,0,55000,179000,-124000,-124000
051427,聯發科統一95購04,0,0,0,0,0,0,0,0,0,-124000,0,0,0,86000,210000,-124000,-124000
054360,智邦凱基96購03  ,0,0,0,0,0,0,0,0,0,-125000,0,0,0,47000,172000,-125000,-125000
05274P,嘉聯益亞東95售01,0,0,0,0,0,0,0,0,0,-125000,0,0,0,0,125000,-125000,-125000
04025P,宏達電國泰94售01,0,0,0,0,0,0,0,0,0,-125000,0,0,0,25000,150000,-125000,-125000
051075,智邦國泰97購01  ,0,0,0,0,0,0,0,0,0,-125000,0,0,0,29000,154000,-125000,-125000
2538,基泰            ,19000,143000,-124000,0,0,0,0,0,0,-1000,0,1000,-1000,0,0,0,-125000
2505,國揚            ,60000,179000,-119000,0,0,0,0,0,0,-6000,0,6000,-6000,0,0,0,-125000
2206,三陽工業        ,46000,171000,-125000,0,0,0,0,0,0,0,0,0,0,0,0,0,-125000
053357,可成統一96購02  ,0,0,0,0,0,0,0,0,0,-126000,0,0,0,214000,340000,-126000,-126000
044834,旺宏元大93購02  ,0,0,0,0,0,0,0,0,0,-126000,0,0,0,65000,191000,-126000,-126000
045995,台表科富邦93購01,0,0,0,0,0,0,0,0,0,-126000,0,0,0,0,126000,-126000,-126000
046603,貿聯群益93購01  ,0,0,0,0,0,0,0,0,0,-126000,0,0,0,150000,276000,-126000,-126000
051985,智邦元大95購05  ,0,0,0,0,0,0,0,0,0,-126000,0,0,0,10000,136000,-126000,-126000
05901P,臺股指凱基9C售01,0,0,0,0,0,0,0,0,0,-126000,0,0,0,0,126000,-126000,-126000
053601,台表科元大98購01,0,0,0,0,0,0,0,0,0,-127000,0,0,0,79000,206000,-127000,-127000
052846,智邦統一97購01  ,0,0,0,0,0,0,0,0,0,-127000,0,0,0,58000,185000,-127000,-127000
052468,超眾統一96購02  ,0,0,0,0,0,0,0,0,0,-127000,0,0,0,72000,199000,-127000,-127000
05434P,世紀鋼元富95售02,0,0,0,0,0,0,0,0,0,-127000,0,0,0,56000,183000,-127000,-127000
054918,華新科凱基98購02,0,0,0,0,0,0,0,0,0,-127000,0,0,0,32000,159000,-127000,-127000
048370,可成統一93購04  ,0,0,0,0,0,0,0,0,0,-127000,0,0,0,40000,167000,-127000,-127000
049148,全新元大95購01  ,0,0,0,0,0,0,0,0,0,-127000,0,0,0,30000,157000,-127000,-127000
050923,南亞科凱基95購03,0,0,0,0,0,0,0,0,0,-127000,0,0,0,0,127000,-127000,-127000
050157,臻鼎群益94購02  ,0,0,0,0,0,0,0,0,0,-127000,0,0,0,97000,224000,-127000,-127000
3312,弘憶股          ,28000,151000,-123000,0,0,0,0,0,0,-4000,0,4000,-4000,0,0,0,-127000
054744,晶相光凱基99購01,0,0,0,0,0,0,0,0,0,-128000,0,0,0,0,128000,-128000,-128000
054032,上銀中信96購01  ,0,0,0,0,0,0,0,0,0,-128000,0,0,0,0,128000,-128000,-128000
044850,南亞科統一94購01,0,0,0,0,0,0,0,0,0,-128000,0,0,0,48000,176000,-128000,-128000
048901,矽格國泰95購01  ,0,0,0,0,0,0,0,0,0,-128000,0,0,0,127000,255000,-128000,-128000
046108,A50正2元大95購02,0,0,0,0,0,0,0,0,0,-128000,0,0,0,2000,130000,-128000,-128000
046134,致新國泰93購02  ,0,0,0,0,0,0,0,0,0,-128000,0,0,0,129000,257000,-128000,-128000
048066,樺漢統一93購01  ,0,0,0,0,0,0,0,0,0,-128000,0,0,0,94000,222000,-128000,-128000
052322,力成元大96購01  ,0,0,0,0,0,0,0,0,0,-128000,0,0,0,10000,138000,-128000,-128000
051269,康友富邦97購01  ,0,0,0,0,0,0,0,0,0,-128000,0,0,0,74000,202000,-128000,-128000
051395,聯詠兆豐95購01  ,0,0,0,0,0,0,0,0,0,-128000,0,0,0,344000,472000,-128000,-128000
06012P,世芯國票96售01  ,0,0,0,0,0,0,0,0,0,-128000,0,0,0,6000,134000,-128000,-128000
053953,群創台新97購01  ,0,0,0,0,0,0,0,0,0,-129000,0,0,0,60000,189000,-129000,-129000
049861,正崴兆豐94購01  ,0,0,0,0,0,0,0,0,0,-129000,0,0,0,0,129000,-129000,-129000
051814,鈺齊凱基95購01  ,0,0,0,0,0,0,0,0,0,-129000,0,0,0,2000,131000,-129000,-129000
3050,鈺德            ,15000,141000,-126000,0,0,0,0,0,0,-3000,0,3000,-3000,0,0,0,-129000
6451,訊芯-KY         ,505000,691000,-186000,0,0,0,0,0,0,57000,34000,10000,24000,42000,9000,33000,-129000
4958,臻鼎-KY         ,2453000,2648452,-195452,0,0,0,720000,454000,266000,-200000,150000,385000,-235000,73000,38000,35000,-129452
052982,鴻海元大97購06  ,0,0,0,0,0,0,0,0,0,-130000,0,0,0,0,130000,-130000,-130000
053102,祥碩元富96購01  ,0,0,0,0,0,0,0,0,0,-130000,0,0,0,10000,140000,-130000,-130000
053298,SP黃豆凱基99購01,0,0,0,0,0,0,0,0,0,-130000,0,0,0,0,130000,-130000,-130000
045660,欣興富邦93購03  ,0,0,0,0,0,0,0,0,0,-130000,0,0,0,0,130000,-130000,-130000
043599,宏達電元大93購03,0,0,0,0,0,0,0,0,0,-130000,0,0,0,105000,235000,-130000,-130000
042942,永冠國票94購01  ,0,0,0,0,0,0,0,0,0,-130000,0,0,0,600000,730000,-130000,-130000
048161,旺宏麥證94購01  ,0,0,0,0,130000,-130000,0,0,0,-130000,0,0,0,0,130000,-130000,-130000
051223,台化群益95購01  ,0,0,0,0,0,0,0,0,0,-130000,0,0,0,0,130000,-130000,-130000
049341,旺宏統一95購01  ,0,0,0,0,0,0,0,0,0,-130000,0,0,0,60000,190000,-130000,-130000
050770,全新元大94購04  ,0,0,0,0,0,0,0,0,0,-130000,0,0,0,100000,230000,-130000,-130000
050274,GIS元大94購05   ,0,0,0,0,0,0,0,0,0,-130000,0,0,0,0,130000,-130000,-130000
05622P,台積電中信96售02,0,0,0,0,0,0,0,0,0,-130000,0,0,0,0,130000,-130000,-130000
053369,T50反1元大96購06,0,0,0,0,0,0,0,0,0,-131000,0,0,0,0,131000,-131000,-131000
053464,喬山元大96購01  ,0,0,0,0,0,0,0,0,0,-131000,0,0,0,19000,150000,-131000,-131000
052914,奇力新元富96購01,0,0,0,0,0,0,0,0,0,-131000,0,0,0,38000,169000,-131000,-131000
053852,南亞科國泰98購01,0,0,0,0,0,0,0,0,0,-131000,0,0,0,45000,176000,-131000,-131000
054285,國巨元大98購02  ,0,0,0,0,0,0,0,0,0,-131000,0,0,0,19000,150000,-131000,-131000
044307,GIS兆豐93購01   ,0,0,0,0,0,0,0,0,0,-131000,0,0,0,199000,330000,-131000,-131000
046798,元油2X元大96購01,0,0,0,0,0,0,0,0,0,-131000,0,0,0,253000,384000,-131000,-131000
051618,智邦凱基95購06  ,0,0,0,0,0,0,0,0,0,-131000,0,0,0,121000,252000,-131000,-131000
5243,乙盛-KY         ,50000,180000,-130000,0,0,0,0,0,0,-1000,0,1000,-1000,0,0,0,-131000
05478P,智伸科國票96售02,0,0,0,0,0,0,0,0,0,-132000,0,0,0,0,132000,-132000,-132000
053828,貿聯麥證96購01  ,0,0,0,83000,280000,-197000,0,0,0,-132000,0,0,0,148000,280000,-132000,-132000
051617,台積電凱基95購14,0,0,0,0,0,0,0,0,0,-132000,0,0,0,114000,246000,-132000,-132000
051102,訊芯元大96購01  ,0,0,0,0,0,0,0,0,0,-132000,0,0,0,50000,182000,-132000,-132000
051806,華通凱基96購02  ,0,0,0,0,0,0,0,0,0,-132000,0,0,0,10000,142000,-132000,-132000
05000P,臺股指永豐95售01,0,0,0,0,0,0,0,0,0,-132000,0,0,0,0,132000,-132000,-132000
1519,華城            ,32000,171000,-139000,0,0,0,0,0,0,7000,10000,3000,7000,0,0,0,-132000
054933,南港元大97購01  ,0,0,0,0,0,0,0,0,0,-133000,0,0,0,0,133000,-133000,-133000
052690,台表科元大97購01,0,0,0,0,0,0,0,0,0,-133000,0,0,0,5000,138000,-133000,-133000
044337,大立光統一91購10,0,0,0,0,0,0,0,0,0,-133000,0,0,0,26000,159000,-133000,-133000
048476,同欣電永豐93購01,0,0,0,0,0,0,0,0,0,-133000,0,0,0,71000,204000,-133000,-133000
051141,鈺齊永豐95購01  ,0,0,0,0,0,0,0,0,0,-133000,0,0,0,360000,493000,-133000,-133000
051187,晶相光永豐95購01,0,0,0,0,0,0,0,0,0,-133000,0,0,0,295000,428000,-133000,-133000
4137,麗豐-KY         ,21000,132000,-111000,0,0,0,0,22000,-22000,0,1000,0,1000,4000,5000,-1000,-133000
5285,界霖            ,71000,204000,-133000,0,0,0,0,0,0,0,0,0,0,0,0,0,-133000
053159,同欣電元大96購02,0,0,0,0,0,0,0,0,0,-134000,0,0,0,10000,144000,-134000,-134000
048666,康控統一93購01  ,0,0,0,0,0,0,0,0,0,-134000,0,0,0,10000,144000,-134000,-134000
05815P,台積電凱基97售06,0,0,0,0,0,0,0,0,0,-134000,0,0,0,30000,164000,-134000,-134000
052894,國巨群益96購03  ,0,0,0,0,0,0,0,0,0,-135000,0,0,0,52000,187000,-135000,-135000
05447P,臺股指元大95售24,0,0,0,0,0,0,0,0,0,-135000,0,0,0,58000,193000,-135000,-135000
054240,訊芯群益96購03  ,0,0,0,0,0,0,0,0,0,-135000,0,0,0,20000,155000,-135000,-135000
00852L,國泰美國道瓊正2 ,0,0,0,0,0,0,0,0,0,-135000,0,0,0,40000,175000,-135000,-135000
04206P,臺股指元大93售46,0,0,0,0,0,0,0,0,0,-135000,0,0,0,15000,150000,-135000,-135000
048059,欣興國泰95購01  ,0,0,0,0,0,0,0,0,0,-135000,0,0,0,10000,145000,-135000,-135000
048148,欣興元富93購02  ,0,0,0,0,0,0,0,0,0,-135000,0,0,0,0,135000,-135000,-135000
046146,南亞科第一92購01,0,0,0,0,0,0,0,0,0,-135000,0,0,0,0,135000,-135000,-135000
05546P,全新元大97售01  ,0,0,0,0,0,0,0,0,0,-135000,0,0,0,315000,450000,-135000,-135000
054015,晶豪科永豐96購03,0,0,0,0,0,0,0,0,0,-136000,0,0,0,109000,245000,-136000,-136000
053879,元油反中信98購02,0,0,0,0,0,0,0,0,0,-136000,0,0,0,0,136000,-136000,-136000
052590,祥碩永豐96購01  ,0,0,0,0,0,0,0,0,0,-136000,0,0,0,9000,145000,-136000,-136000
053283,同欣電元大96購03,0,0,0,0,0,0,0,0,0,-136000,0,0,0,52000,188000,-136000,-136000
053638,信邦永豐96購01  ,0,0,0,0,0,0,0,0,0,-136000,0,0,0,0,136000,-136000,-136000
053561,玉晶光國泰98購01,0,0,0,0,0,0,0,0,0,-136000,0,0,0,217000,353000,-136000,-136000
045900,臻鼎元大92購05  ,0,0,0,0,0,0,0,0,0,-136000,0,0,0,5000,141000,-136000,-136000
045881,同欣電元富92購01,0,0,0,0,0,0,0,0,0,-136000,0,0,0,85000,221000,-136000,-136000
051691,台表科凱基95購01,0,0,0,0,0,0,0,0,0,-136000,0,0,0,0,136000,-136000,-136000
04978P,台表科凱基94售02,0,0,0,0,0,0,0,0,0,-136000,0,0,0,0,136000,-136000,-136000
06147P,國巨元大97售05  ,0,0,0,0,0,0,0,0,0,-136000,0,0,0,100000,236000,-136000,-136000
052685,技嘉元大96購01  ,0,0,0,0,0,0,0,0,0,-137000,0,0,0,54000,191000,-137000,-137000
055155,奇力新元大99購01,0,0,0,0,0,0,0,0,0,-137000,0,0,0,23000,160000,-137000,-137000
1316,上曜            ,21000,158000,-137000,0,0,0,0,0,0,0,0,0,0,0,0,0,-137000
04294P,台積電元大95售01,0,0,0,0,0,0,0,0,0,-138000,0,0,0,118000,256000,-138000,-138000
046349,康控兆豐93購02  ,0,0,0,0,0,0,0,0,0,-138000,0,0,0,0,138000,-138000,-138000
047141,宏達電兆豐94購01,0,0,0,0,0,0,0,0,0,-138000,0,0,0,158000,296000,-138000,-138000
052680,T50反1元大96購04,0,0,0,0,0,0,0,0,0,-139000,0,0,0,1000,140000,-139000,-139000
052652,台虹永豐96購01  ,0,0,0,0,0,0,0,0,0,-139000,0,0,0,75000,214000,-139000,-139000
052401,智原凱基95購01  ,0,0,0,0,0,0,0,0,0,-139000,0,0,0,0,139000,-139000,-139000
054118,國巨永豐96購04  ,0,0,0,0,0,0,0,0,0,-139000,0,0,0,35000,174000,-139000,-139000
044264,大立光富邦93購03,0,0,0,0,0,0,0,0,0,-139000,0,0,0,73000,212000,-139000,-139000
052178,台郡元大96購03  ,0,0,0,0,0,0,0,0,0,-139000,0,0,0,1000,140000,-139000,-139000
051139,康友永豐95購01  ,0,0,0,0,0,0,0,0,0,-139000,0,0,0,74000,213000,-139000,-139000
1532,勤美            ,18000,157000,-139000,0,0,0,0,0,0,0,0,0,0,0,0,0,-139000
054938,國巨元大97購04  ,0,0,0,0,0,0,0,0,0,-140000,0,0,0,34000,174000,-140000,-140000
053312,緯穎凱基96購02  ,0,0,0,0,0,0,0,0,0,-140000,0,0,0,62000,202000,-140000,-140000
042919,GIS元大93購01   ,0,0,0,0,0,0,0,0,0,-140000,0,0,0,0,140000,-140000,-140000
03305P,台達電台新02售01,0,0,0,0,0,0,0,0,0,-140000,0,0,0,0,140000,-140000,-140000
03689P,TPK元富93售01   ,0,0,0,0,0,0,0,0,0,-140000,0,0,0,20000,160000,-140000,-140000
04003P,麗豐凱基94售03  ,0,0,0,0,0,0,0,0,0,-140000,0,0,0,100000,240000,-140000,-140000
045491,東陽凱基92購01  ,0,0,0,0,0,0,0,0,0,-140000,0,0,0,25000,165000,-140000,-140000
046842,喬山永豐93購01  ,0,0,0,0,0,0,0,0,0,-140000,0,0,0,0,140000,-140000,-140000
047014,元油反元大99購01,0,0,0,0,0,0,0,0,0,-140000,0,0,0,60000,200000,-140000,-140000
047560,超眾凱基94購01  ,0,0,0,0,0,0,0,0,0,-140000,0,0,0,0,140000,-140000,-140000
049532,同欣電台新94購01,0,0,0,0,0,0,0,0,0,-140000,0,0,0,30000,170000,-140000,-140000
051103,緯穎元大96購03  ,0,0,0,0,0,0,0,0,0,-140000,0,0,0,0,140000,-140000,-140000
050700,健策凱基96購01  ,0,0,0,0,0,0,0,0,0,-140000,0,0,0,21000,161000,-140000,-140000
050834,啟碁凱基95購01  ,0,0,0,0,0,0,0,0,0,-140000,0,0,0,213000,353000,-140000,-140000
6552,易華電          ,25000,121000,-96000,0,0,0,0,0,0,-44000,0,26000,-26000,4000,22000,-18000,-140000
8028,昇陽半導體      ,130000,192000,-62000,0,0,0,0,55000,-55000,-23000,2000,2000,0,0,23000,-23000,-140000
052924,旺宏永豐96購01  ,0,0,0,0,0,0,0,0,0,-141000,0,0,0,87000,228000,-141000,-141000
05416P,喬山永豐95售04  ,0,0,0,0,0,0,0,0,0,-141000,0,0,0,0,141000,-141000,-141000
04049P,大立光元大95售02,0,0,0,0,0,0,0,0,0,-141000,0,0,0,15000,156000,-141000,-141000
045893,貿聯元大92購04  ,0,0,0,0,0,0,0,0,0,-141000,0,0,0,237000,378000,-141000,-141000
047361,致茂群益93購01  ,0,0,0,0,0,0,0,0,0,-141000,0,0,0,11000,152000,-141000,-141000
9919,康那香          ,4000,145000,-141000,0,0,0,0,0,0,0,0,0,0,0,0,0,-141000
053947,義隆富邦97購01  ,0,0,0,0,0,0,0,0,0,-142000,0,0,0,0,142000,-142000,-142000
054818,奇力新元大97購05,0,0,0,0,0,0,0,0,0,-142000,0,0,0,141000,283000,-142000,-142000
03014P,玉晶光永豐01售05,0,0,0,0,0,0,0,0,0,-142000,0,0,0,0,142000,-142000,-142000
048750,智原元富94購01  ,0,0,0,0,0,0,0,0,0,-142000,0,0,0,1000,143000,-142000,-142000
049651,訊芯凱基94購04  ,0,0,0,0,0,0,0,0,0,-142000,0,0,0,10000,152000,-142000,-142000
050659,宏達電元大96購01,0,0,0,0,0,0,0,0,0,-142000,0,0,0,0,142000,-142000,-142000
051073,同欣電國票96購01,0,0,0,0,0,0,0,0,0,-142000,0,0,0,0,142000,-142000,-142000
2836,高雄銀          ,10000,143000,-133000,0,0,0,0,0,0,-9000,1000,10000,-9000,0,0,0,-142000
053082,聯電元大98購03  ,0,0,0,0,0,0,0,0,0,-143000,0,0,0,22000,165000,-143000,-143000
046333,康友元大92購05  ,0,0,0,0,0,0,0,0,0,-143000,0,0,0,47000,190000,-143000,-143000
048793,超眾元大95購02  ,0,0,0,0,0,0,0,0,0,-143000,0,0,0,18000,161000,-143000,-143000
048019,GIS麥證94購01   ,0,0,0,0,143000,-143000,0,0,0,-143000,0,0,0,0,143000,-143000,-143000
052079,康友元富98購01  ,0,0,0,0,0,0,0,0,0,-143000,0,0,0,0,143000,-143000,-143000
050192,康控元大97購01  ,0,0,0,0,0,0,0,0,0,-143000,0,0,0,151000,294000,-143000,-143000
3005,神基            ,61000,376000,-315000,0,0,0,1000,0,1000,171000,0,5000,-5000,177000,1000,176000,-143000
052538,和大統一95購02  ,0,0,0,0,0,0,0,0,0,-144000,0,0,0,165000,309000,-144000,-144000
054698,同欣電永豐97購01,0,0,0,0,0,0,0,0,0,-144000,0,0,0,30000,174000,-144000,-144000
046888,鴻海群益93購05  ,0,0,0,0,0,0,0,0,0,-144000,0,0,0,77000,221000,-144000,-144000
3530,晶相光          ,238000,406000,-168000,0,0,0,0,0,0,24000,0,9000,-9000,68000,35000,33000,-144000
053833,彩晶台新97購02  ,0,0,0,0,0,0,0,0,0,-145000,0,0,0,49000,194000,-145000,-145000
054084,旺宏統一97購05  ,0,0,0,0,0,0,0,0,0,-145000,0,0,0,0,145000,-145000,-145000
053584,友達元大9B購02  ,0,0,0,0,0,0,0,0,0,-145000,0,0,0,100000,245000,-145000,-145000
048556,技嘉元大93購03  ,0,0,0,0,0,0,0,0,0,-145000,0,0,0,25000,170000,-145000,-145000
047013,超眾元富96購01  ,0,0,0,0,0,0,0,0,0,-145000,0,0,0,32000,177000,-145000,-145000
046074,佐登凱基92購01  ,0,0,0,0,0,0,0,0,0,-145000,0,0,0,50000,195000,-145000,-145000
050583,瑞儀國票94購01  ,0,0,0,0,0,0,0,0,0,-145000,0,0,0,0,145000,-145000,-145000
052100,滬深2X永昌96購01,0,0,0,0,0,0,0,0,0,-145000,0,0,0,5000,150000,-145000,-145000
052328,台表科中信99購01,0,0,0,0,0,0,0,0,0,-145000,0,0,0,102000,247000,-145000,-145000
051777,聯發科群益95購04,0,0,0,0,0,0,0,0,0,-145000,0,0,0,85000,230000,-145000,-145000
052922,國巨永豐96購01  ,5000,10000,-5000,0,0,0,0,0,0,-141000,0,0,0,9000,150000,-141000,-146000
053791,同欣電元大96購05,0,0,0,0,0,0,0,0,0,-146000,0,0,0,15000,161000,-146000,-146000
054469,同欣電凱基97購01,0,0,0,0,0,0,0,0,0,-146000,0,0,0,1000,147000,-146000,-146000
050882,華泰國泰96購01  ,0,0,0,0,0,0,0,0,0,-146000,0,0,0,30000,176000,-146000,-146000
050252,聯發科國泰95購01,0,0,0,0,0,0,0,0,0,-146000,0,0,0,13000,159000,-146000,-146000
2913,農林            ,70000,210000,-140000,0,0,0,0,0,0,-6000,0,6000,-6000,0,0,0,-146000
054629,華新科凱基98購01,0,0,0,0,0,0,0,0,0,-147000,0,0,0,6000,153000,-147000,-147000
049615,香港2X群益98購01,0,0,0,0,0,0,0,0,0,-147000,0,0,0,3000,150000,-147000,-147000
052321,華擎元大95購01  ,0,0,0,0,0,0,0,0,0,-147000,0,0,0,25000,172000,-147000,-147000
052202,矽力統一96購01  ,0,0,0,0,0,0,0,0,0,-147000,0,0,0,48000,195000,-147000,-147000
6141,柏承            ,47000,193000,-146000,0,0,0,0,0,0,-1000,0,1000,-1000,0,0,0,-147000
052542,友達元富98購01  ,0,0,0,0,0,0,0,0,0,-148000,0,0,0,0,148000,-148000,-148000
043771,鴻海兆豐92購01  ,0,0,0,0,0,0,0,0,0,-148000,0,0,0,185000,333000,-148000,-148000
046127,臻鼎元大92購07  ,0,0,0,0,0,0,0,0,0,-148000,0,0,0,177000,325000,-148000,-148000
051193,新日興兆豐96購01,0,0,0,0,0,0,0,0,0,-148000,0,0,0,62000,210000,-148000,-148000
050311,上銀兆豐95購01  ,0,0,0,0,0,0,0,0,0,-148000,0,0,0,0,148000,-148000,-148000
2204,中華            ,68000,212000,-144000,0,0,0,0,0,0,-4000,0,4000,-4000,0,0,0,-148000
053113,瀚宇博兆豐97購01,0,0,0,0,0,0,0,0,0,-149000,0,0,0,0,149000,-149000,-149000
054448,矽力兆豐96購01  ,0,0,0,0,0,0,0,0,0,-149000,0,0,0,194000,343000,-149000,-149000
053817,華新科群益97購02,0,0,0,0,0,0,0,0,0,-149000,0,0,0,1000,150000,-149000,-149000
047191,同欣電元大93購02,0,0,0,0,0,0,0,0,0,-149000,0,0,0,0,149000,-149000,-149000
2606,裕民            ,326000,457000,-131000,0,0,0,0,0,0,-18000,2000,19000,-17000,0,1000,-1000,-149000
053936,旺宏元富96購04  ,0,0,0,0,0,0,0,0,0,-150000,0,0,0,110000,260000,-150000,-150000
054641,祥碩中信98購01  ,0,0,0,0,0,0,0,0,0,-150000,0,0,0,0,150000,-150000,-150000
044864,道瓊反國票96購01,0,0,0,0,0,0,0,0,0,-150000,0,0,0,0,150000,-150000,-150000
048934,日電貿永豐94購01,0,0,0,0,0,0,0,0,0,-150000,0,0,0,0,150000,-150000,-150000
045075,長榮航元大92購01,0,0,0,0,0,0,0,0,0,-150000,0,0,0,0,150000,-150000,-150000
042943,金寶國票92購01  ,0,0,0,0,0,0,0,0,0,-150000,0,0,0,0,150000,-150000,-150000
047904,臺指反元大96購01,0,0,0,0,0,0,0,0,0,-150000,0,0,0,0,150000,-150000,-150000
049131,元油2X元大94購02,0,0,0,0,0,0,0,0,0,-150000,0,0,0,0,150000,-150000,-150000
049709,力山凱基94購04  ,0,0,0,0,0,0,0,0,0,-150000,0,0,0,0,150000,-150000,-150000
048395,南亞科國票93購02,0,0,0,0,0,0,0,0,0,-150000,0,0,0,301000,451000,-150000,-150000
050605,上証2X元大97購02,0,0,0,0,0,0,0,0,0,-150000,0,0,0,0,150000,-150000,-150000
051371,超眾富邦95購01  ,0,0,0,0,0,0,0,0,0,-150000,0,0,0,0,150000,-150000,-150000
2355,敬鵬            ,148000,295000,-147000,0,0,0,0,0,0,-3000,2000,5000,-3000,0,0,0,-150000
052722,群創統一97購02  ,0,0,0,0,0,0,0,0,0,-151000,0,0,0,261000,412000,-151000,-151000
052807,貿聯元大98購01  ,0,0,0,0,0,0,0,0,0,-151000,0,0,0,1181000,1332000,-151000,-151000
051163,鴻海元大95購04  ,0,0,0,0,0,0,0,0,0,-151000,0,0,0,486000,637000,-151000,-151000
050439,新日興凱基94購01,0,0,0,0,0,0,0,0,0,-151000,0,0,0,0,151000,-151000,-151000
2103,台橡            ,249000,445000,-196000,0,0,0,0,0,0,45000,50000,5000,45000,0,0,0,-151000
052951,GIS國票97購02   ,0,0,0,0,0,0,0,0,0,-152000,0,0,0,0,152000,-152000,-152000
052679,致伸富邦98購01  ,0,0,0,0,0,0,0,0,0,-152000,0,0,0,28000,180000,-152000,-152000
053625,國巨兆豐96購03  ,0,0,0,0,0,0,0,0,0,-152000,0,0,0,211000,363000,-152000,-152000
053562,玉晶光國泰98購02,0,0,0,0,0,0,0,0,0,-152000,0,0,0,205000,357000,-152000,-152000
044693,滬深2X元大94購01,0,0,0,0,0,0,0,0,0,-152000,0,0,0,545000,697000,-152000,-152000
043775,友達兆豐92購01  ,0,0,0,0,0,0,0,0,0,-152000,0,0,0,23000,175000,-152000,-152000
050460,GIS元大95購03   ,0,0,0,0,0,0,0,0,0,-152000,0,0,0,150000,302000,-152000,-152000
050642,和大凱基94購03  ,0,0,0,0,0,0,0,0,0,-152000,0,0,0,26000,178000,-152000,-152000
054683,川湖永豐97購01  ,0,0,0,0,0,0,0,0,0,-153000,0,0,0,0,153000,-153000,-153000
048483,可成國泰95購01  ,0,0,0,0,0,0,0,0,0,-153000,0,0,0,239000,392000,-153000,-153000
049154,玉晶光元大95購02,0,0,0,0,0,0,0,0,0,-153000,0,0,0,46000,199000,-153000,-153000
047899,貿聯群益93購03  ,0,0,0,0,0,0,0,0,0,-153000,0,0,0,177000,330000,-153000,-153000
048745,儒鴻元富97購02  ,0,0,0,0,0,0,0,0,0,-153000,0,0,0,114000,267000,-153000,-153000
1522,堤維西          ,51000,203000,-152000,0,0,0,0,0,0,-1000,0,1000,-1000,0,0,0,-153000
05986P,大立光統一97售03,0,0,0,0,0,0,0,0,0,-153000,0,0,0,0,153000,-153000,-153000
053759,晶相光國泰98購01,0,0,0,0,0,0,0,0,0,-154000,0,0,0,262000,416000,-154000,-154000
044200,群創國票93購01  ,0,0,0,0,0,0,0,0,0,-154000,0,0,0,20000,174000,-154000,-154000
04923P,GIS凱基94售06   ,0,0,0,0,0,0,0,0,0,-154000,0,0,0,0,154000,-154000,-154000
051657,台郡元富98購01  ,0,0,0,0,0,0,0,0,0,-154000,0,0,0,27000,181000,-154000,-154000
051958,貿聯台新95購01  ,0,0,0,0,0,0,0,0,0,-154000,0,0,0,320000,474000,-154000,-154000
054578,世芯元大99購01  ,0,0,0,0,0,0,0,0,0,-155000,0,0,0,40000,195000,-155000,-155000
053188,旺宏統一97購03  ,0,0,0,0,0,0,0,0,0,-155000,0,0,0,250000,405000,-155000,-155000
052759,京元電群益96購01,0,0,0,0,0,0,0,0,0,-155000,0,0,0,106000,261000,-155000,-155000
048898,晶相光國泰96購01,0,0,0,0,0,0,0,0,0,-155000,0,0,0,568000,723000,-155000,-155000
049159,同欣電中信96購01,0,0,0,0,0,0,0,0,0,-155000,0,0,0,111000,266000,-155000,-155000
05957P,友達國票97售04  ,0,0,0,0,0,0,0,0,0,-155000,0,0,0,45000,200000,-155000,-155000
053216,京鼎凱基96購02  ,0,0,0,0,0,0,0,0,0,-156000,0,0,0,135000,291000,-156000,-156000
051466,玉晶光富邦97購01,0,0,0,0,0,0,0,0,0,-156000,0,0,0,12000,168000,-156000,-156000
05971P,世紀鋼永豐96售04,0,0,0,0,0,0,0,0,0,-156000,0,0,0,139000,295000,-156000,-156000
1789,神隆            ,92000,248000,-156000,0,0,0,0,0,0,0,0,0,0,0,0,0,-156000
5215,科嘉-KY         ,76000,232000,-156000,0,0,0,0,0,0,0,7000,7000,0,0,0,0,-156000
055004,群創元富99購06  ,0,0,0,0,0,0,0,0,0,-157000,0,0,0,51000,208000,-157000,-157000
048597,台達電國票93購02,0,0,0,0,0,0,0,0,0,-157000,0,0,0,3000,160000,-157000,-157000
051523,牧德凱基95購02  ,0,0,0,0,0,0,0,0,0,-157000,0,0,0,22000,179000,-157000,-157000
050036,矽格元大94購03  ,0,0,0,0,0,0,0,0,0,-157000,0,0,0,44000,201000,-157000,-157000
053963,百和永豐96購01  ,0,0,0,0,0,0,0,0,0,-158000,0,0,0,96000,254000,-158000,-158000
046858,群創元大94購02  ,0,0,0,0,0,0,0,0,0,-158000,0,0,0,802000,960000,-158000,-158000
9921,巨大            ,362000,517000,-155000,0,0,0,0,0,0,-3000,0,2000,-2000,1000,2000,-1000,-158000
05650P,台積電富邦96售01,0,0,0,0,0,0,0,0,0,-158000,0,0,0,579000,737000,-158000,-158000
047675,群創元富96購03  ,0,0,0,0,0,0,0,0,0,-159000,0,0,0,91000,250000,-159000,-159000
051567,台積電富邦95購06,20000,0,20000,0,0,0,0,0,0,-179000,0,0,0,18000,197000,-179000,-159000
051927,國巨中信96購01  ,0,0,0,0,0,0,0,0,0,-159000,0,0,0,61000,220000,-159000,-159000
05825P,臺股指凱基96售22,0,0,0,0,0,0,0,0,0,-159000,0,0,0,20000,179000,-159000,-159000
053855,康友國泰98購01  ,0,0,0,0,0,0,0,0,0,-160000,0,0,0,313000,473000,-160000,-160000
054460,和大凱基97購01  ,0,0,0,0,0,0,0,0,0,-160000,0,0,0,53000,213000,-160000,-160000
048962,宏全康和94購01  ,0,0,0,0,0,0,0,0,0,-160000,0,0,0,0,160000,-160000,-160000
04589P,祥碩永豐94售01  ,0,0,0,0,0,0,0,0,0,-160000,0,0,0,110000,270000,-160000,-160000
051235,鴻海元大95購06  ,0,0,0,0,0,0,0,0,0,-160000,0,0,0,51000,211000,-160000,-160000
050795,超眾富邦94購01  ,0,0,0,0,0,0,0,0,0,-160000,0,0,0,0,160000,-160000,-160000
5871,中租-KY         ,2309000,2455500,-146500,0,0,0,1000,0,1000,-15000,0,15000,-15000,0,0,0,-160500
047867,旺宏永豐93購02  ,0,0,0,0,0,0,0,0,0,-161000,0,0,0,138000,299000,-161000,-161000
046467,台虹凱基92購02  ,0,0,0,0,0,0,0,0,0,-161000,0,0,0,21000,182000,-161000,-161000
050699,京鼎凱基96購01  ,0,0,0,0,0,0,0,0,0,-161000,0,0,0,10000,171000,-161000,-161000
6108,競國            ,11000,172000,-161000,0,0,0,0,0,0,0,0,0,0,0,0,0,-161000
8210,勤誠            ,50000,260000,-210000,0,0,0,0,0,0,49000,50000,1000,49000,8000,8000,0,-161000
2499,東貝            ,102000,259000,-157000,0,0,0,0,0,0,-4000,0,4000,-4000,0,0,0,-161000
04812P,國巨元大95售03  ,0,0,0,0,0,0,0,0,0,-162000,0,0,0,100000,262000,-162000,-162000
050468,矽格中信94購01  ,0,0,0,0,0,0,0,0,0,-162000,0,0,0,0,162000,-162000,-162000
051164,鴻海元大95購05  ,0,0,0,0,0,0,0,0,0,-162000,0,0,0,383000,545000,-162000,-162000
054770,健策國票98購01  ,0,0,0,0,0,0,0,0,0,-163000,0,0,0,6000,169000,-163000,-163000
053311,同欣電凱基96購01,0,0,0,0,0,0,0,0,0,-163000,0,0,0,101000,264000,-163000,-163000
052531,台積電國泰96購06,0,0,0,0,0,0,0,0,0,-163000,0,0,0,241000,404000,-163000,-163000
048937,玉晶光永豐95購01,0,0,0,0,0,0,0,0,0,-163000,0,0,0,82000,245000,-163000,-163000
051610,GIS群益95購02   ,0,0,0,0,0,0,0,0,0,-163000,0,0,0,0,163000,-163000,-163000
050913,全新中信97購01  ,0,0,0,0,0,0,0,0,0,-163000,0,0,0,30000,193000,-163000,-163000
050014,國巨富邦98購01  ,0,0,0,0,0,0,0,0,0,-163000,0,0,0,50000,213000,-163000,-163000
2464,盟立            ,16000,178000,-162000,0,0,0,0,0,0,-1000,0,1000,-1000,0,0,0,-163000
054200,美律富邦97購02  ,0,0,0,0,0,0,0,0,0,-164000,0,0,0,0,164000,-164000,-164000
041308,群創群益92購01  ,0,0,0,0,0,0,0,0,0,-164000,0,0,0,243000,407000,-164000,-164000
03769P,聯發科元大93售04,0,0,0,0,0,0,0,0,0,-164000,0,0,0,900000,1064000,-164000,-164000
04834P,鴻海元大94售17  ,0,0,0,0,0,0,0,0,0,-164000,0,0,0,20000,184000,-164000,-164000
049212,T50反1國票94購04,0,0,0,0,0,0,0,0,0,-164000,0,0,0,835000,999000,-164000,-164000
050296,亞光凱基94購03  ,0,0,0,0,0,0,0,0,0,-164000,0,0,0,30000,194000,-164000,-164000
2485,兆赫            ,62000,262000,-200000,0,0,0,0,0,0,36000,0,7000,-7000,43000,0,43000,-164000
2208,台船            ,92000,256000,-164000,0,0,0,0,0,0,0,0,0,0,0,0,0,-164000
2314,台揚            ,31000,215000,-184000,0,0,0,0,0,0,20000,1000,7000,-6000,26000,0,26000,-164000
1103,嘉泥            ,208000,484000,-276000,0,0,0,0,0,0,112000,0,2000,-2000,114000,0,114000,-164000
06123P,玉晶光元大97售04,0,0,0,0,0,0,0,0,0,-164000,0,0,0,93000,257000,-164000,-164000
055063,玉晶光永豐99購01,0,0,0,0,0,0,0,0,0,-164000,0,0,0,3000,167000,-164000,-164000
053813,友達群益9A購03  ,0,0,0,0,0,0,0,0,0,-165000,0,0,0,103000,268000,-165000,-165000
052614,聯電國泰97購01  ,0,0,0,0,0,0,0,0,0,-165000,0,0,0,45000,210000,-165000,-165000
053415,聯茂國票97購01  ,0,0,0,0,0,0,0,0,0,-165000,0,0,0,57000,222000,-165000,-165000
03111P,元油2X富邦97售01,0,0,0,0,0,0,0,0,0,-165000,0,0,0,0,165000,-165000,-165000
051886,道瓊反統一95購03,0,0,0,0,0,0,0,0,0,-165000,0,0,0,0,165000,-165000,-165000
06001P,樺漢台新96售01  ,0,0,0,0,0,0,0,0,0,-165000,0,0,0,34000,199000,-165000,-165000
9917,中保科          ,104000,266000,-162000,0,0,0,0,0,0,-3000,0,3000,-3000,0,0,0,-165000
045183,台光電統一92購02,0,0,0,0,0,0,0,0,0,-166000,0,0,0,158000,324000,-166000,-166000
047586,聯發科永豐94購01,0,0,0,0,0,0,0,0,0,-166000,0,0,0,770000,936000,-166000,-166000
05216P,國巨永豐95售02  ,0,0,0,0,0,0,0,0,0,-166000,0,0,0,0,166000,-166000,-166000
051393,新光金兆豐96購01,0,0,0,0,0,0,0,0,0,-166000,0,0,0,0,166000,-166000,-166000
2820,華票            ,68000,217000,-149000,0,0,0,0,0,0,-17000,0,17000,-17000,0,0,0,-166000
053924,京鼎國票97購01  ,0,0,0,0,0,0,0,0,0,-167000,0,0,0,0,167000,-167000,-167000
2228,劍麟            ,122000,289000,-167000,0,0,0,0,0,0,0,0,0,0,0,0,0,-167000
054519,禾伸堂元大97購02,0,0,0,0,0,0,0,0,0,-168000,0,0,0,27000,195000,-168000,-168000
047534,聯茂元大93購05  ,0,0,0,0,0,0,0,0,0,-168000,0,0,0,100000,268000,-168000,-168000
050261,國巨元大95購04  ,0,0,0,0,0,0,0,0,0,-168000,0,0,0,78000,246000,-168000,-168000
049117,矽格統一96購01  ,0,0,0,0,0,0,0,0,0,-169000,0,0,0,78000,247000,-169000,-169000
3703,欣陸            ,53000,222000,-169000,0,0,0,0,0,0,0,0,0,0,0,0,0,-169000
054439,健策台新96購03  ,0,0,0,0,0,0,0,0,0,-170000,0,0,0,0,170000,-170000,-170000
03492P,創意元大02售03  ,0,0,0,0,0,0,0,0,0,-170000,0,0,0,0,170000,-170000,-170000
055184,群創統一98購02  ,0,0,0,0,0,0,0,0,0,-170000,0,0,0,0,170000,-170000,-170000
054774,同欣電國票98購01,0,0,0,0,0,0,0,0,0,-171000,0,0,0,15000,186000,-171000,-171000
054165,亞光凱基96購02  ,0,0,0,0,0,0,0,0,0,-171000,0,0,0,54000,225000,-171000,-171000
053137,旺宏富邦98購01  ,0,0,0,0,0,0,0,0,0,-171000,0,0,0,140000,311000,-171000,-171000
020000,富邦特選蘋果N   ,0,0,0,0,0,0,0,0,0,-171000,0,0,0,72000,243000,-171000,-171000
046332,同欣電元大92購01,0,0,0,0,0,0,0,0,0,-171000,0,0,0,5000,176000,-171000,-171000
049534,華擎永豐94購02  ,0,0,0,0,0,0,0,0,0,-171000,0,0,0,10000,181000,-171000,-171000
049408,旺宏日盛94購01  ,0,0,0,0,0,0,0,0,0,-171000,0,0,0,15000,186000,-171000,-171000
05084P,嘉聯益永豐95售02,0,0,0,0,0,0,0,0,0,-171000,0,0,0,27000,198000,-171000,-171000
051763,新光金元大98購01,0,0,0,0,0,0,0,0,0,-171000,0,0,0,0,171000,-171000,-171000
053478,京鼎元大96購01  ,0,0,0,0,0,0,0,0,0,-172000,0,0,0,3000,175000,-172000,-172000
053995,奇力新群益97購02,0,0,0,0,0,0,0,0,0,-172000,0,0,0,70000,242000,-172000,-172000
04168P,元金2X凱基99售01,0,0,0,0,0,0,0,0,0,-172000,0,0,0,0,172000,-172000,-172000
049478,祥碩永豐94購02  ,0,0,0,0,0,0,0,0,0,-172000,0,0,0,23000,195000,-172000,-172000
6166,凌華            ,52000,221000,-169000,0,0,0,0,0,0,-3000,0,2000,-2000,0,1000,-1000,-172000
052089,聯發科元大96購02,0,0,0,0,0,0,0,0,0,-173000,0,0,0,91000,264000,-173000,-173000
051366,康友國泰97購01  ,0,0,0,0,0,0,0,0,0,-173000,0,0,0,605000,778000,-173000,-173000
5264,鎧勝-KY         ,162000,330000,-168000,0,0,0,0,0,0,-5000,0,5000,-5000,0,0,0,-173000
05776P,鴻海統一98售02  ,0,0,0,0,0,0,0,0,0,-173000,0,0,0,1000,174000,-173000,-173000
1714,和桐            ,72000,243000,-171000,0,0,0,0,0,0,-2000,1000,3000,-2000,0,0,0,-173000
053664,臺股指凱基96購25,0,0,0,0,0,0,0,0,0,-174000,0,0,0,0,174000,-174000,-174000
054828,正崴國泰99購01  ,0,0,0,0,0,0,0,0,0,-174000,0,0,0,18000,192000,-174000,-174000
053273,國巨元大96購08  ,0,0,0,0,0,0,0,0,0,-174000,0,0,0,24000,198000,-174000,-174000
039828,鴻海統一91購01  ,0,0,0,0,0,0,0,0,0,-174000,0,0,0,224000,398000,-174000,-174000
051481,聯詠凱基95購02  ,0,0,0,0,0,0,0,0,0,-174000,0,0,0,3000,177000,-174000,-174000
051149,可成凱基95購04  ,0,0,0,0,0,0,0,0,0,-174000,0,0,0,13000,187000,-174000,-174000
049970,康控國票95購03  ,0,0,0,0,0,0,0,0,0,-174000,0,0,0,0,174000,-174000,-174000
054535,旺宏富邦97購02  ,0,0,0,0,0,0,0,0,0,-175000,0,0,0,472000,647000,-175000,-175000
054113,奇力新台新97購01,0,0,0,0,0,0,0,0,0,-175000,0,0,0,11000,186000,-175000,-175000
049256,瑞昱元大94購04  ,0,0,0,0,0,0,0,0,0,-175000,0,0,0,3000,178000,-175000,-175000
051507,彩晶元富95購01  ,0,0,0,0,0,0,0,0,0,-175000,0,0,0,50000,225000,-175000,-175000
05786P,臺股指永昌96售03,0,0,0,0,0,0,0,0,0,-175000,503000,0,503000,251000,929000,-678000,-175000
044425,友達國泰92購01  ,0,0,0,0,0,0,0,0,0,-176000,0,0,0,194000,370000,-176000,-176000
054023,和大康和96購01  ,0,0,0,0,0,0,0,0,0,-177000,0,0,0,102000,279000,-177000,-177000
054588,玉晶光國泰99購02,0,0,0,0,0,0,0,0,0,-177000,0,0,0,187000,364000,-177000,-177000
04458P,世紀鋼統一96售01,0,0,0,0,0,0,0,0,0,-177000,0,0,0,223000,400000,-177000,-177000
049086,晶相光凱基94購01,0,0,0,0,0,0,0,0,0,-177000,0,0,0,0,177000,-177000,-177000
050005,京鼎永豐94購01  ,0,0,0,0,0,0,0,0,0,-177000,0,0,0,61000,238000,-177000,-177000
054528,台光電統一96購02,0,0,0,0,0,0,0,0,0,-178000,0,0,0,0,178000,-178000,-178000
052748,群創元大9A購02  ,0,0,0,0,0,0,0,0,0,-178000,0,0,0,317000,495000,-178000,-178000
048936,玉晶光永豐94購05,0,0,0,0,0,0,0,0,0,-178000,0,0,0,176000,354000,-178000,-178000
052182,鴻海群益96購01  ,0,0,0,0,0,0,0,0,0,-178000,0,0,0,0,178000,-178000,-178000
9946,三發地產        ,177000,353000,-176000,0,0,0,0,0,0,-2000,0,2000,-2000,0,0,0,-178000
052719,致新凱基96購01  ,0,0,0,0,0,0,0,0,0,-179000,0,0,0,33000,212000,-179000,-179000
054490,臻鼎台新96購02  ,0,0,0,0,0,0,0,0,0,-179000,0,0,0,70000,249000,-179000,-179000
054055,全新國票99購02  ,0,0,0,0,0,0,0,0,0,-179000,0,0,0,10000,189000,-179000,-179000
03149P,鴻海群益01售12  ,0,0,0,0,0,0,0,0,0,-179000,0,0,0,56000,235000,-179000,-179000
047972,康控富邦95購01  ,0,0,0,0,0,0,0,0,0,-179000,0,0,0,46000,225000,-179000,-179000
049831,日月光凱基94購01,0,0,0,0,0,0,0,0,0,-180000,0,0,0,1000,181000,-180000,-180000
047360,鴻海群益95購02  ,0,0,0,0,0,0,0,0,0,-180000,0,0,0,100000,280000,-180000,-180000
050531,訊芯元大95購02  ,0,0,0,0,0,0,0,0,0,-180000,0,0,0,1000,181000,-180000,-180000
03759P,世紀鋼永豐93售01,0,0,0,0,0,0,0,0,0,-182000,0,0,0,0,182000,-182000,-182000
04894P,世紀鋼元大94售02,0,0,0,0,0,0,0,0,0,-182000,0,0,0,100000,282000,-182000,-182000
049438,嘉晶國泰96購01  ,0,0,0,0,0,0,0,0,0,-182000,0,0,0,101000,283000,-182000,-182000
6672,騰輝電子-KY     ,36000,217000,-181000,0,0,0,0,0,0,-1000,0,1000,-1000,0,0,0,-182000
053231,奇力新康和96購01,0,0,0,0,0,0,0,0,0,-183000,0,0,0,31000,214000,-183000,-183000
05953P,台積電國票98售02,0,0,0,0,0,0,0,0,0,-183000,0,0,0,68000,251000,-183000,-183000
053014,旺宏統一97購02  ,0,0,0,0,0,0,0,0,0,-184000,0,0,0,41000,225000,-184000,-184000
054801,康友群益97購02  ,0,0,0,0,0,0,0,0,0,-184000,0,0,0,20000,204000,-184000,-184000
044971,元油2X國票92購02,0,0,0,0,0,0,0,0,0,-184000,0,0,0,0,184000,-184000,-184000
052674,智邦國泰98購01  ,0,0,0,0,0,0,0,0,0,-185000,0,0,0,205000,390000,-185000,-185000
04154P,南亞科永豐93售02,0,0,0,0,0,0,0,0,0,-185000,0,0,0,0,185000,-185000,-185000
052130,國巨凱基9B購01  ,0,0,0,0,0,0,0,0,0,-185000,0,0,0,82000,267000,-185000,-185000
05824P,臺股指凱基96售21,0,0,0,0,0,0,0,0,0,-185000,0,0,0,60000,245000,-185000,-185000
4141,龍燈-KY         ,9000,194000,-185000,0,0,0,0,0,0,0,0,0,0,0,0,0,-185000
053744,台郡國票97購03  ,0,0,0,0,0,0,0,0,0,-186000,0,0,0,0,186000,-186000,-186000
047022,聯發科元大93購07,0,0,0,0,0,0,0,0,0,-186000,0,0,0,0,186000,-186000,-186000
05823P,臺股指凱基96售20,0,0,0,0,0,0,0,0,0,-186000,0,0,0,0,186000,-186000,-186000
054787,華新科群益97購04,0,0,0,0,0,0,0,0,0,-187000,0,0,0,236000,423000,-187000,-187000
053091,同欣電元大96購01,0,0,0,0,0,0,0,0,0,-187000,0,0,0,15000,202000,-187000,-187000
048499,達運元大96購01  ,0,0,0,0,0,0,0,0,0,-187000,0,0,0,10000,197000,-187000,-187000
052177,京鼎元大95購02  ,0,0,0,0,0,0,0,0,0,-187000,0,0,0,163000,350000,-187000,-187000
046105,同欣電永豐92購02,0,0,0,0,0,0,0,0,0,-188000,0,0,0,80000,268000,-188000,-188000
049316,茂林凱基94購02  ,0,0,0,0,0,0,0,0,0,-188000,0,0,0,22000,210000,-188000,-188000
050136,柏文兆豐94購01  ,0,0,0,0,0,0,0,0,0,-188000,0,0,0,0,188000,-188000,-188000
053045,國巨中信97購01  ,0,0,0,0,0,0,0,0,0,-189000,0,0,0,26000,215000,-189000,-189000
054485,華邦電台新96購01,0,0,0,0,0,0,0,0,0,-189000,0,0,0,0,189000,-189000,-189000
049046,同欣電兆豐94購01,0,0,0,0,0,0,0,0,0,-189000,0,0,0,30000,219000,-189000,-189000
046425,臻鼎元大92購12  ,0,0,0,0,0,0,0,0,0,-189000,0,0,0,10000,199000,-189000,-189000
052134,智邦凱基95購09  ,0,0,0,0,0,0,0,0,0,-189000,0,0,0,40000,229000,-189000,-189000
054456,華泰群益99購01  ,0,0,0,0,0,0,0,0,0,-190000,0,0,0,0,190000,-190000,-190000
054741,亞光凱基99購01  ,0,0,0,0,0,0,0,0,0,-190000,0,0,0,10000,200000,-190000,-190000
053779,台光電元大96購02,0,0,0,0,0,0,0,0,0,-190000,0,0,0,35000,225000,-190000,-190000
043018,新光金元大93購01,0,0,0,0,0,0,0,0,0,-190000,0,0,0,0,190000,-190000,-190000
04770P,鴻海元大94售09  ,0,0,0,0,0,0,0,0,0,-190000,0,0,0,10000,200000,-190000,-190000
05149P,緯穎國泰96售01  ,0,0,0,0,0,0,0,0,0,-190000,0,0,0,283000,473000,-190000,-190000
08602P,台灣50凱基96售04,0,0,0,0,0,0,0,0,0,-190000,0,0,0,18000,208000,-190000,-190000
2480,敦陽科          ,4000,192000,-188000,0,0,0,0,0,0,-2000,1000,3000,-2000,0,0,0,-190000
05489P,臺股指凱基95售22,0,0,0,0,0,0,0,0,0,-191000,0,0,0,0,191000,-191000,-191000
045280,儒鴻富邦94購01  ,0,0,0,0,0,0,0,0,0,-191000,0,0,0,73000,264000,-191000,-191000
047196,上銀統一97購01  ,0,0,0,0,0,0,0,0,0,-191000,0,0,0,193000,384000,-191000,-191000
4306,炎洲            ,62000,252000,-190000,0,0,0,0,0,0,-1000,0,1000,-1000,0,0,0,-191000
054089,台積電群益96購11,0,0,0,0,0,0,0,0,0,-192000,0,0,0,155000,347000,-192000,-192000
2102,泰豐            ,68000,254000,-186000,0,0,0,0,0,0,-6000,1000,7000,-6000,0,0,0,-192000
054435,華新科台新97購02,0,0,0,0,0,0,0,0,0,-193000,0,0,0,36000,229000,-193000,-193000
045043,台達電凱基93購01,0,0,0,0,0,0,0,0,0,-193000,0,0,0,10000,203000,-193000,-193000
046795,瀚宇博元富93購01,0,0,0,0,0,0,0,0,0,-193000,0,0,0,0,193000,-193000,-193000
05740P,宏達電元富96售01,0,0,0,0,0,0,0,0,0,-193000,0,0,0,1000,194000,-193000,-193000
054546,玉晶光中信9B購01,0,0,0,0,0,0,0,0,0,-194000,0,0,0,666000,860000,-194000,-194000
046864,和大統一97購01  ,0,0,0,0,0,0,0,0,0,-194000,0,0,0,1060000,1254000,-194000,-194000
04799P,健策元大94售03  ,0,0,0,0,0,0,0,0,0,-194000,0,0,0,21000,215000,-194000,-194000
049121,元油2X元富94購06,0,0,0,0,0,0,0,0,0,-194000,0,0,0,0,194000,-194000,-194000
051938,旭富群益95購01  ,0,0,0,0,0,0,0,0,0,-194000,0,0,0,11000,205000,-194000,-194000
050717,京鼎群益96購01  ,0,0,0,0,0,0,0,0,0,-194000,0,0,0,40000,234000,-194000,-194000
054700,致新永豐97購01  ,0,0,0,0,0,0,0,0,0,-195000,0,0,0,0,195000,-195000,-195000
03993P,滬深2X中信94售03,0,0,0,0,0,0,0,0,0,-195000,0,0,0,105000,300000,-195000,-195000
04588P,茂林永豐94售04  ,0,0,0,0,0,0,0,0,0,-195000,0,0,0,5000,200000,-195000,-195000
05174P,元金2X富邦9B售01,0,0,0,0,0,0,0,0,0,-195000,0,0,0,50000,245000,-195000,-195000
3041,揚智            ,182000,377000,-195000,0,0,0,0,0,0,0,0,0,0,0,0,0,-195000
048977,晶相光元大94購01,0,0,0,0,0,0,0,0,0,-196000,0,0,0,30000,226000,-196000,-196000
047646,貿聯元大94購01  ,0,0,0,0,0,0,0,0,0,-196000,0,0,0,225000,421000,-196000,-196000
051340,健策永豐95購03  ,0,0,0,0,0,0,0,0,0,-196000,0,0,0,88000,284000,-196000,-196000
046612,群創麥證93購01  ,0,0,0,161000,370000,-209000,0,0,0,-197000,0,0,0,173000,370000,-197000,-197000
051156,鴻海富邦97購01  ,0,0,0,0,0,0,0,0,0,-197000,0,0,0,173000,370000,-197000,-197000
045663,元油2X元富94購01,0,0,0,0,0,0,0,0,0,-198000,0,0,0,150000,348000,-198000,-198000
04416P,牧德元富94售06  ,0,0,0,0,0,0,0,0,0,-198000,0,0,0,2000,200000,-198000,-198000
046369,同欣電日盛92購01,0,0,0,0,0,0,0,0,0,-198000,0,0,0,94000,292000,-198000,-198000
052176,景碩元大96購01  ,0,0,0,0,0,0,0,0,0,-198000,0,0,0,0,198000,-198000,-198000
03453P,儒鴻康和02售01  ,0,0,0,0,0,0,0,0,0,-199000,0,0,0,0,199000,-199000,-199000
03250P,日月光元富07售02,0,0,0,0,0,0,0,0,0,-199000,0,0,0,0,199000,-199000,-199000
051970,元黃金凱基98購01,0,0,0,0,0,0,0,0,0,-199000,0,0,0,17000,216000,-199000,-199000
050152,聯發科群益94購07,0,0,0,0,0,0,0,0,0,-199000,0,0,0,75000,274000,-199000,-199000
050172,臺指反元大98購02,0,0,0,0,0,0,0,0,0,-199000,0,0,0,1000,200000,-199000,-199000
1417,嘉裕            ,29000,228000,-199000,0,0,0,0,0,0,0,0,0,0,0,0,0,-199000
05843P,台積電元大96售16,0,0,0,0,0,0,0,0,0,-199000,0,0,0,1000,200000,-199000,-199000
054656,深中小元大97購01,0,0,0,0,0,0,0,0,0,-200000,0,0,0,0,200000,-200000,-200000
054003,鴻海統一96購13  ,0,0,0,0,0,0,0,0,0,-200000,0,0,0,0,200000,-200000,-200000
053580,國巨元大96購10  ,0,0,0,0,0,0,0,0,0,-200000,0,0,0,25000,225000,-200000,-200000
052421,元油反國票9B購01,0,0,0,0,0,0,0,0,0,-200000,0,0,0,0,200000,-200000,-200000
03266P,寶成國票04售01  ,0,0,0,0,0,0,0,0,0,-200000,0,0,0,0,200000,-200000,-200000
043049,奇鋐國泰93購01  ,0,0,0,0,0,0,0,0,0,-200000,0,0,0,0,200000,-200000,-200000
04316P,華新科國票94售05,0,0,0,0,0,0,0,0,0,-200000,0,0,0,90000,290000,-200000,-200000
03898P,新日興凱基93售02,0,0,0,0,0,0,0,0,0,-200000,0,0,0,0,200000,-200000,-200000
045061,聯茂台新93購01  ,0,0,0,0,0,0,0,0,0,-200000,0,0,0,0,200000,-200000,-200000
047892,康控兆豐94購01  ,0,0,0,0,0,0,0,0,0,-200000,0,0,0,0,200000,-200000,-200000
046877,燿華國泰94購01  ,0,0,0,0,0,0,0,0,0,-200000,0,0,0,60000,260000,-200000,-200000
047629,深中小元大96購01,0,0,0,0,0,0,0,0,0,-200000,0,0,0,0,200000,-200000,-200000
046610,義隆國票93購01  ,0,0,0,0,0,0,0,0,0,-200000,0,0,0,300000,500000,-200000,-200000
047302,為升富邦97購01  ,0,0,0,0,0,0,0,0,0,-200000,0,0,0,0,200000,-200000,-200000
046330,祥碩元大92購02  ,0,0,0,0,0,0,0,0,0,-200000,0,0,0,3000,203000,-200000,-200000
049776,全新統一95購02  ,0,0,0,0,0,0,0,0,0,-200000,0,0,0,231000,431000,-200000,-200000
050323,嘉聯益台新94購01,0,0,0,0,0,0,0,0,0,-200000,0,0,0,0,200000,-200000,-200000
052144,鴻海群益95購10  ,0,0,0,0,0,0,0,0,0,-200000,0,0,0,0,200000,-200000,-200000
052209,深中小元大95購02,0,0,0,0,0,0,0,0,0,-200000,0,0,0,0,200000,-200000,-200000
051125,TPK群益95購01   ,0,0,0,0,0,0,0,0,0,-200000,0,0,0,0,200000,-200000,-200000
051545,裕隆康和95購01  ,0,0,0,0,0,0,0,0,0,-200000,0,0,0,0,200000,-200000,-200000
06078P,臺股指凱基9A售01,0,0,0,0,0,0,0,0,0,-200000,0,0,0,0,200000,-200000,-200000
06081P,深中小元大97售02,0,0,0,0,0,0,0,0,0,-200000,0,0,0,0,200000,-200000,-200000
055032,億光富邦99購01  ,0,0,0,0,0,0,0,0,0,-200000,0,0,0,0,200000,-200000,-200000
055040,台虹富邦99購01  ,0,0,0,0,0,0,0,0,0,-200000,0,0,0,0,200000,-200000,-200000
043973,元金2X元大94購02,0,0,0,0,0,0,0,0,0,-201000,0,0,0,41000,242000,-201000,-201000
03946P,麗豐群益93售02  ,0,0,0,0,0,0,0,0,0,-201000,0,0,0,0,201000,-201000,-201000
05974P,國巨富邦97售03  ,0,0,0,0,0,0,0,0,0,-201000,0,0,0,312000,513000,-201000,-201000
2501,國建            ,66000,257000,-191000,0,0,0,0,0,0,-10000,4000,14000,-10000,0,0,0,-201000
052818,智邦永豐96購01  ,0,0,0,0,0,0,0,0,0,-202000,0,0,0,68000,270000,-202000,-202000
054953,華新科元大97購05,0,0,0,0,0,0,0,0,0,-202000,0,0,0,0,202000,-202000,-202000
045817,滬深2X凱基95購02,0,0,0,0,0,0,0,0,0,-202000,0,0,0,2000,204000,-202000,-202000
052343,同欣電凱基95購03,0,0,0,0,0,0,0,0,0,-202000,0,0,0,68000,270000,-202000,-202000
049399,台光電群益94購02,0,0,0,0,0,0,0,0,0,-202000,0,0,0,21000,223000,-202000,-202000
052683,鴻海元大97購03  ,0,0,0,0,0,0,0,0,0,-203000,0,0,0,224000,427000,-203000,-203000
053318,全新群益99購01  ,0,0,0,0,0,0,0,0,0,-203000,0,0,0,51000,254000,-203000,-203000
053012,國巨統一96購03  ,0,0,0,0,0,0,0,0,0,-204000,0,0,0,530000,734000,-204000,-204000
054963,牧德元大97購02  ,0,0,0,0,0,0,0,0,0,-204000,0,0,0,0,204000,-204000,-204000
054623,華新科第一97購01,0,0,0,0,0,0,0,0,0,-204000,0,0,0,799000,1003000,-204000,-204000
054587,玉晶光國泰99購01,0,0,0,0,0,0,0,0,0,-204000,0,0,0,10000,214000,-204000,-204000
00631L,元大台灣50正2   ,0,20000,-20000,0,0,0,0,0,0,-184000,0,0,0,374000,558000,-184000,-204000
054464,奇力新凱基98購02,0,0,0,0,0,0,0,0,0,-205000,0,0,0,82000,287000,-205000,-205000
054954,華新科元大97購06,0,0,0,0,0,0,0,0,0,-206000,0,0,0,12000,218000,-206000,-206000
053991,鴻海群益96購05  ,0,0,0,0,0,0,0,0,0,-206000,0,0,0,0,206000,-206000,-206000
042724,群創群益93購01  ,0,0,0,0,0,0,0,0,0,-206000,0,0,0,740000,946000,-206000,-206000
050031,嘉澤元大95購01  ,0,0,0,0,0,0,0,0,0,-206000,0,0,0,7000,213000,-206000,-206000
053634,劍麟永豐96購01  ,0,0,0,0,0,0,0,0,0,-207000,0,0,0,0,207000,-207000,-207000
048672,日電貿永豐93購02,0,0,0,0,0,0,0,0,0,-208000,0,0,0,10000,218000,-208000,-208000
050223,聯茂元富94購02  ,0,0,0,0,0,0,0,0,0,-208000,0,0,0,5000,213000,-208000,-208000
050927,聯詠凱基95購01  ,0,0,0,0,0,0,0,0,0,-208000,0,0,0,43000,251000,-208000,-208000
1464,得力            ,45000,242000,-197000,0,0,0,0,0,0,-11000,0,0,0,0,11000,-11000,-208000
053334,訊芯永豐96購01  ,0,0,0,0,0,0,0,0,0,-209000,0,0,0,73000,282000,-209000,-209000
05069P,鴻海統一96售03  ,0,0,0,0,0,0,0,0,0,-209000,0,0,0,92000,301000,-209000,-209000
1515,力山            ,129000,358000,-229000,0,0,0,0,0,0,20000,0,0,0,21000,1000,20000,-209000
053028,康控富邦98購01  ,0,0,0,0,0,0,0,0,0,-210000,0,0,0,0,210000,-210000,-210000
052622,貿聯兆豐97購01  ,0,0,0,0,0,0,0,0,0,-210000,0,0,0,210000,420000,-210000,-210000
054085,華新科統一96購04,0,0,0,0,0,0,0,0,0,-210000,0,0,0,162000,372000,-210000,-210000
03005P,旭富群益01售05  ,0,0,0,0,0,0,0,0,0,-210000,0,0,0,0,210000,-210000,-210000
03857P,聯發科元富99售02,0,0,0,0,0,0,0,0,0,-210000,0,0,0,0,210000,-210000,-210000
048587,康控中信93購01  ,0,0,0,0,0,0,0,0,0,-210000,0,0,0,0,210000,-210000,-210000
046381,緯創凱基93購03  ,0,0,0,0,0,0,0,0,0,-210000,0,0,0,0,210000,-210000,-210000
2301,光寶科          ,2807000,3155000,-348000,0,0,0,0,0,0,138000,26000,38000,-12000,154000,4000,150000,-210000
052132,旺宏凱基9B購01  ,0,0,0,0,0,0,0,0,0,-211000,0,0,0,18000,229000,-211000,-211000
1210,大成            ,434000,619000,-185000,0,0,0,0,0,0,-26000,11000,37000,-26000,0,0,0,-211000
3036,文曄            ,467000,783000,-316000,0,0,0,0,0,0,105000,383000,278000,105000,0,0,0,-211000
054663,同欣電元大97購03,0,0,0,0,0,0,0,0,0,-212000,0,0,0,0,212000,-212000,-212000
044291,群創凱基93購06  ,0,0,0,0,0,0,0,0,0,-213000,0,0,0,2455000,2668000,-213000,-213000
04369P,台光電凱基94售04,0,0,0,0,0,0,0,0,0,-213000,0,0,0,0,213000,-213000,-213000
04640P,上銀凱基94售05  ,0,0,0,0,0,0,0,0,0,-213000,0,0,0,0,213000,-213000,-213000
046480,群創元富96購01  ,0,0,0,0,0,0,0,0,0,-214000,0,0,0,489000,703000,-214000,-214000
052305,GIS永豐95購03   ,0,0,0,0,0,0,0,0,0,-214000,0,0,0,0,214000,-214000,-214000
050272,訊芯元大94購03  ,0,0,0,0,0,0,0,0,0,-214000,0,0,0,142000,356000,-214000,-214000
042927,道瓊反中信94購01,0,0,0,0,0,0,0,0,0,-215000,0,0,0,0,215000,-215000,-215000
3029,零壹            ,28000,242000,-214000,0,0,0,0,0,0,-1000,0,1000,-1000,0,0,0,-215000
2101,南港            ,333000,572000,-239000,0,0,0,0,0,0,24000,2000,4000,-2000,26000,0,26000,-215000
053594,京鼎元大96購02  ,0,0,0,0,0,0,0,0,0,-216000,0,0,0,93000,309000,-216000,-216000
047780,友達中信96購01  ,0,0,0,0,0,0,0,0,0,-216000,0,0,0,21000,237000,-216000,-216000
049068,元油2X凱基95購03,0,0,0,0,0,0,0,0,0,-216000,0,0,0,2000,218000,-216000,-216000
052635,奇力新凱基98購01,0,0,0,0,0,0,0,0,0,-218000,0,0,0,115000,333000,-218000,-218000
053784,奇力新元大97購02,0,0,0,0,0,0,0,0,0,-218000,0,0,0,76000,294000,-218000,-218000
043010,友達元大92購01  ,0,0,0,0,0,0,0,0,0,-218000,0,0,0,135000,353000,-218000,-218000
053996,晶相光群益97購01,0,0,0,0,0,0,0,0,0,-219000,0,0,0,144000,363000,-219000,-219000
04201P,智原群益93售01  ,0,0,0,0,0,0,0,0,0,-220000,0,0,0,1000,221000,-220000,-220000
046554,S&P反1凱基92購01,0,0,0,0,0,0,0,0,0,-220000,0,0,0,0,220000,-220000,-220000
04805P,創意元富94售01  ,0,0,0,0,0,0,0,0,0,-220000,0,0,0,255000,475000,-220000,-220000
051983,道瓊反元大95購01,0,0,0,0,0,0,0,0,0,-220000,0,0,0,0,220000,-220000,-220000
00692,富邦公司治理    ,1000,0,1000,0,0,0,0,0,0,-222000,0,0,0,2475000,2697000,-222000,-221000
051447,新光金元大97購01,0,0,0,0,0,0,0,0,0,-221000,0,0,0,41000,262000,-221000,-221000
8016,矽創            ,716000,717000,-1000,0,0,0,0,173000,-173000,-47000,0,1000,-1000,2000,48000,-46000,-221000
053281,茂林元大96購02  ,0,0,0,0,0,0,0,0,0,-222000,0,0,0,272000,494000,-222000,-222000
042793,台積電台新9C購01,0,0,0,0,0,0,0,0,0,-222000,0,0,0,0,222000,-222000,-222000
046928,奇鋐富邦97購01  ,0,0,0,0,0,0,0,0,0,-222000,0,0,0,130000,352000,-222000,-222000
052669,群創群益98購06  ,0,0,0,0,0,0,0,0,0,-223000,0,0,0,297000,520000,-223000,-223000
046844,旺宏永豐93購01  ,0,0,0,0,0,0,0,0,0,-224000,0,0,0,170000,394000,-224000,-224000
049796,國巨元大94購10  ,0,0,0,0,0,0,0,0,0,-224000,0,0,0,2000,226000,-224000,-224000
048939,華擎永豐94購01  ,0,0,0,0,0,0,0,0,0,-225000,0,0,0,90000,315000,-225000,-225000
04703P,樺漢統一95售01  ,0,0,0,0,0,0,0,0,0,-225000,0,0,0,74000,299000,-225000,-225000
051915,日月光元大96購01,0,0,0,0,0,0,0,0,0,-225000,0,0,0,203000,428000,-225000,-225000
048742,瀚宇博統一94購01,0,0,0,0,0,0,0,0,0,-226000,0,0,0,0,226000,-226000,-226000
049091,訊連凱基94購01  ,0,0,0,0,0,0,0,0,0,-226000,0,0,0,9000,235000,-226000,-226000
053649,台積電凱基97購05,0,0,0,0,0,0,0,0,0,-227000,0,0,0,38000,265000,-227000,-227000
4935,茂林-KY         ,118000,147000,-29000,0,0,0,171000,281000,-110000,-88000,31000,154000,-123000,66000,31000,35000,-227000
053025,燿華富邦98購02  ,0,0,0,0,0,0,0,0,0,-228000,0,0,0,22000,250000,-228000,-228000
048928,華新科永豐94購02,0,0,0,0,0,0,0,0,0,-228000,0,0,0,107000,335000,-228000,-228000
00653L,富邦印度正2     ,1000,159000,-158000,0,0,0,0,0,0,-70000,0,0,0,164000,234000,-70000,-228000
050017,百和富邦94購01  ,0,0,0,0,0,0,0,0,0,-228000,0,0,0,0,228000,-228000,-228000
05042P,GIS凱基95售03   ,0,0,0,0,0,0,0,0,0,-228000,0,0,0,80000,308000,-228000,-228000
2399,映泰            ,186000,412000,-226000,0,0,0,0,0,0,-2000,1000,3000,-2000,0,0,0,-228000
053030,南亞科第一96購01,0,0,0,0,0,0,0,0,0,-229000,0,0,0,130000,359000,-229000,-229000
046571,瑞昱國泰93購01  ,0,0,0,0,0,0,0,0,0,-229000,0,0,0,6000,235000,-229000,-229000
05529P,臺股指群益96售02,0,0,0,0,0,0,0,0,0,-229000,0,0,0,0,229000,-229000,-229000
053439,台積電凱基96購11,0,0,0,0,0,0,0,0,0,-230000,0,0,0,166000,396000,-230000,-230000
052990,超眾元大97購01  ,0,0,0,0,0,0,0,0,0,-230000,0,0,0,54000,284000,-230000,-230000
2108,南帝            ,47000,274919,-227919,0,0,0,0,0,0,-3000,0,3000,-3000,0,0,0,-230919
044184,南亞科國泰93購01,0,0,0,0,0,0,0,0,0,-231000,0,0,0,5000,236000,-231000,-231000
047357,欣興麥證93購01  ,0,0,0,430000,661000,-231000,0,0,0,-231000,0,0,0,430000,661000,-231000,-231000
052296,TPK國票96購01   ,0,0,0,0,0,0,0,0,0,-232000,0,0,0,88000,320000,-232000,-232000
9933,中鼎            ,332000,560000,-228000,0,0,0,0,0,0,-4000,0,4000,-4000,0,0,0,-232000
053942,超眾國泰96購02  ,0,0,0,0,0,0,0,0,0,-233000,0,0,0,105000,338000,-233000,-233000
044817,可成兆豐93購01  ,0,0,0,0,0,0,0,0,0,-233000,0,0,0,0,233000,-233000,-233000
051384,康友群益95購01  ,0,0,0,0,0,0,0,0,0,-233000,0,0,0,20000,253000,-233000,-233000
050218,世紀鋼統一94購02,0,0,0,0,0,0,0,0,0,-233000,0,0,0,114000,347000,-233000,-233000
054662,同欣電元大97購02,0,0,0,0,0,0,0,0,0,-234000,0,0,0,0,234000,-234000,-234000
054949,奇力新元大98購01,0,0,0,0,0,0,0,0,0,-234000,0,0,0,64000,298000,-234000,-234000
04875P,台積電中信94售04,0,0,0,0,0,0,0,0,0,-234000,0,0,0,0,234000,-234000,-234000
049875,台積電永豐94購04,0,0,0,0,0,0,0,0,0,-234000,0,0,0,1500000,1734000,-234000,-234000
050529,矽格元大94購05  ,0,0,0,0,0,0,0,0,0,-234000,0,0,0,0,234000,-234000,-234000
04854P,鴻海國泰96售04  ,0,0,0,0,0,0,0,0,0,-235000,0,0,0,221000,456000,-235000,-235000
049520,TPK國票95購01   ,0,0,0,0,0,0,0,0,0,-235000,0,0,0,81000,316000,-235000,-235000
055122,國巨兆豐98購01  ,0,0,0,0,0,0,0,0,0,-235000,0,0,0,0,235000,-235000,-235000
05635P,健策台新96售02  ,0,0,0,0,0,0,0,0,0,-235000,0,0,0,0,235000,-235000,-235000
052735,燿華富邦98購01  ,0,0,0,0,0,0,0,0,0,-237000,0,0,0,3000,240000,-237000,-237000
051953,矽力元富95購03  ,0,0,0,0,0,0,0,0,0,-237000,0,0,0,47000,284000,-237000,-237000
06110P,國巨國泰98售02  ,0,0,0,0,0,0,0,0,0,-237000,0,0,0,568000,805000,-237000,-237000
1710,東聯            ,166000,397000,-231000,0,0,0,0,0,0,-6000,0,6000,-6000,0,0,0,-237000
2357,華碩            ,456000,730000,-274000,0,0,0,2000,0,2000,35000,14000,10000,4000,32000,1000,31000,-237000
045337,滬深2X凱基95購01,0,0,0,0,0,0,0,0,0,-238000,0,0,0,0,238000,-238000,-238000
045001,旺宏富邦94購01  ,0,0,0,0,0,0,0,0,0,-238000,0,0,0,52000,290000,-238000,-238000
047261,聯詠國票93購02  ,0,0,0,0,0,0,0,0,0,-238000,0,0,0,11000,249000,-238000,-238000
1604,聲寶            ,21000,256000,-235000,0,0,0,0,0,0,-3000,0,3000,-3000,0,0,0,-238000
1560,中砂            ,111000,194000,-83000,0,0,0,0,150000,-150000,-5000,20000,25000,-5000,0,0,0,-238000
9188,精熙-DR         ,0,238000,-238000,0,0,0,0,0,0,0,0,0,0,0,0,0,-238000
053482,矽力元大96購03  ,0,0,0,0,0,0,0,0,0,-239000,0,0,0,770000,1009000,-239000,-239000
053180,同欣電統一96購01,0,0,0,0,0,0,0,0,0,-239000,0,0,0,70000,309000,-239000,-239000
045127,鴻海統一92購01  ,0,0,0,0,0,0,0,0,0,-239000,0,0,0,35000,274000,-239000,-239000
046188,京元電凱基92購06,0,0,0,0,0,0,0,0,0,-239000,0,0,0,61000,300000,-239000,-239000
054192,國巨中信98購01  ,0,0,0,0,0,0,0,0,0,-240000,0,0,0,150000,390000,-240000,-240000
045163,瀚宇博國泰93購01,0,0,0,0,0,0,0,0,0,-240000,0,0,0,0,240000,-240000,-240000
048147,元油反元富95購01,0,0,0,0,0,0,0,0,0,-240000,0,0,0,0,240000,-240000,-240000
05501P,健策國票97售01  ,0,0,0,0,0,0,0,0,0,-241000,0,0,0,341000,582000,-241000,-241000
054534,台積電富邦98購03,0,0,0,0,0,0,0,0,0,-241000,0,0,0,550000,791000,-241000,-241000
046419,聯鈞元大92購01  ,0,0,0,0,0,0,0,0,0,-241000,0,0,0,101000,342000,-241000,-241000
05401P,聯茂永豐95售03  ,0,0,0,0,0,0,0,0,0,-242000,0,0,0,9000,251000,-242000,-242000
04471P,華通元大95售03  ,0,0,0,0,0,0,0,0,0,-242000,0,0,0,24000,266000,-242000,-242000
051794,臻鼎國票96購02  ,0,0,0,0,0,0,0,0,0,-242000,0,0,0,0,242000,-242000,-242000
06021P,世紀鋼元富96售03,0,0,0,0,0,0,0,0,0,-242000,0,0,0,0,242000,-242000,-242000
052983,國巨元大96購07  ,0,0,0,0,0,0,0,0,0,-243000,0,0,0,108000,351000,-243000,-243000
1477,聚陽            ,41000,219950,-178950,0,0,0,0,60000,-60000,-5000,0,5000,-5000,0,0,0,-243950
054095,同欣電群益98購03,0,0,0,0,0,0,0,0,0,-244000,0,0,0,14000,258000,-244000,-244000
1409,新纖            ,257000,480000,-223000,0,0,0,0,0,0,-21000,0,21000,-21000,0,0,0,-244000
043765,GIS元大93購04   ,0,0,0,0,0,0,0,0,0,-245000,0,0,0,0,245000,-245000,-245000
03418B,臺股指元大95熊20,0,0,0,0,0,0,0,0,0,-245000,0,0,0,20000,265000,-245000,-245000
04080P,可成元大93售11  ,0,0,0,0,0,0,0,0,0,-245000,0,0,0,10000,255000,-245000,-245000
1795,美時            ,157000,229000,-72000,0,0,0,0,28000,-28000,-145000,3000,148000,-145000,0,0,0,-245000
045101,玉晶光中信94購01,0,0,0,0,0,0,0,0,0,-246000,0,0,0,550000,796000,-246000,-246000
2511,太子            ,69000,315000,-246000,0,0,0,0,0,0,0,0,0,0,0,0,0,-246000
2498,宏達電          ,444000,614000,-170000,0,0,0,3000,0,3000,-79000,34000,15000,19000,73000,171000,-98000,-246000
054329,華新科永豐96購02,0,0,0,0,0,0,0,0,0,-247000,0,0,0,40000,287000,-247000,-247000
05224P,華通統一95售03  ,0,0,0,0,0,0,0,0,0,-247000,0,0,0,51000,298000,-247000,-247000
05066P,康控元大95售03  ,0,0,0,0,0,0,0,0,0,-247000,0,0,0,28000,275000,-247000,-247000
2332,友訊            ,314000,1204000,-890000,0,0,0,0,0,0,643000,289000,3000,286000,357000,0,357000,-247000
3047,訊舟            ,13000,256000,-243000,0,0,0,0,0,0,-4000,0,4000,-4000,0,0,0,-247000
053650,華邦電凱基98購01,0,0,0,0,0,0,0,0,0,-248000,0,0,0,150000,398000,-248000,-248000
052794,群創兆豐97購01  ,0,0,0,0,0,0,0,0,0,-250000,0,0,0,389000,639000,-250000,-250000
04358P,TPK永豐94售01   ,0,0,0,0,0,0,0,0,0,-250000,0,0,0,10000,260000,-250000,-250000
046204,致新凱基93購01  ,0,0,0,0,0,0,0,0,0,-250000,0,0,0,0,250000,-250000,-250000
049824,鴻海凱基94購18  ,0,0,0,0,0,0,0,0,0,-250000,0,0,0,292000,542000,-250000,-250000
05722P,玉晶光國票97售03,0,0,0,0,0,0,0,0,0,-250000,0,0,0,613000,863000,-250000,-250000
2360,致茂            ,165152,253000,-87848,0,0,0,0,2000,-2000,-161000,10000,161000,-151000,0,10000,-10000,-250848
044255,群創元大93購01  ,0,0,0,0,0,0,0,0,0,-251000,0,0,0,276000,527000,-251000,-251000
054961,玉晶光元大99購01,0,0,0,0,0,0,0,0,0,-252000,0,0,0,123000,375000,-252000,-252000
053888,和大群益97購01  ,0,0,0,0,0,0,0,0,0,-252000,0,0,0,54000,306000,-252000,-252000
052005,矽力國泰97購02  ,0,0,0,0,0,0,0,0,0,-252000,0,0,0,488000,740000,-252000,-252000
052787,國巨中信96購02  ,0,0,0,0,0,0,0,0,0,-253000,0,0,0,16000,269000,-253000,-253000
048905,旺宏富邦96購01  ,0,0,0,0,0,0,0,0,0,-254000,0,0,0,69000,323000,-254000,-254000
05370P,矽創元富95售01  ,0,0,0,0,0,0,0,0,0,-255000,0,0,0,5000,260000,-255000,-255000
05725P,嘉聯益永豐96售02,0,0,0,0,0,0,0,0,0,-255000,0,0,0,30000,285000,-255000,-255000
052687,國泰金元大96購03,0,0,0,0,0,0,0,0,0,-256000,0,0,0,16000,272000,-256000,-256000
053484,國巨國票97購03  ,0,0,0,0,0,0,0,0,0,-256000,0,0,0,45000,301000,-256000,-256000
047285,鴻海統一95購02  ,0,0,0,0,0,0,0,0,0,-256000,0,0,0,229000,485000,-256000,-256000
052797,樺漢兆豐96購01  ,0,0,0,0,0,0,0,0,0,-257000,0,0,0,161000,418000,-257000,-257000
2489,瑞軒            ,113000,362000,-249000,0,0,0,0,0,0,-8000,4000,12000,-8000,0,0,0,-257000
048590,貿聯兆豐94購02  ,0,0,0,0,0,0,0,0,0,-260000,0,0,0,464000,724000,-260000,-260000
03388P,元油2X元富98售02,0,0,0,0,0,0,0,0,0,-260000,0,0,0,20000,280000,-260000,-260000
051844,宏達電富邦96購01,0,0,0,0,0,0,0,0,0,-260000,0,0,0,232000,492000,-260000,-260000
1590,亞德客-KY       ,604038,866000,-261962,0,0,0,0,2000,-2000,3000,15000,24000,-9000,15000,3000,12000,-260962
054937,國巨元大97購03  ,0,0,0,0,0,0,0,0,0,-261000,0,0,0,0,261000,-261000,-261000
1905,華紙            ,43000,304000,-261000,0,0,0,0,0,0,0,0,0,0,0,0,0,-261000
050585,矽格國票94購01  ,0,0,0,0,0,0,0,0,0,-263000,0,0,0,0,263000,-263000,-263000
2353,宏碁            ,4029000,4198000,-169000,0,0,0,9000,0,9000,-103000,0,40000,-40000,13000,76000,-63000,-263000
052994,群創台新99購01  ,0,0,0,0,0,0,0,0,0,-264000,0,0,0,135000,399000,-264000,-264000
044995,大立光國泰94購01,0,0,0,0,0,0,0,0,0,-264000,0,0,0,57000,321000,-264000,-264000
048797,美律國泰95購02  ,0,0,0,0,0,0,0,0,0,-264000,0,0,0,129000,393000,-264000,-264000
3231,緯創            ,4240000,5048000,-808000,0,0,0,519000,0,519000,25000,0,32000,-32000,223000,166000,57000,-264000
044974,鴻海國票94購01  ,0,0,0,0,0,0,0,0,0,-265000,0,0,0,2201000,2466000,-265000,-265000
044108,華新科國票91購03,0,0,0,0,0,0,0,0,0,-267000,0,0,0,222000,489000,-267000,-267000
050935,劍麟國票96購01  ,0,0,0,0,0,0,0,0,0,-267000,0,0,0,0,267000,-267000,-267000
8105,凌巨            ,60000,323000,-263000,0,0,0,0,0,0,-4000,0,4000,-4000,0,0,0,-267000
052822,泰碩永豐97購01  ,0,0,0,0,0,0,0,0,0,-268000,0,0,0,97000,365000,-268000,-268000
051861,鴻海凱基98購01  ,0,0,0,0,0,0,0,0,0,-268000,0,0,0,30000,298000,-268000,-268000
05673P,台積電群益96售05,0,0,0,0,0,0,0,0,0,-268000,0,0,0,782000,1050000,-268000,-268000
03722P,華通元大93售04  ,0,0,0,0,0,0,0,0,0,-270000,0,0,0,0,270000,-270000,-270000
05175P,TPK富邦99售01   ,0,0,0,0,0,0,0,0,0,-270000,0,0,0,207000,477000,-270000,-270000
1440,南紡            ,97000,367000,-270000,0,0,0,0,0,0,0,0,0,0,0,0,0,-270000
044602,大立光國泰93購01,0,0,0,0,0,0,0,0,0,-271000,0,0,0,40000,311000,-271000,-271000
052744,聯詠元大97購01  ,0,0,0,0,0,0,0,0,0,-272000,0,0,0,808000,1080000,-272000,-272000
053602,台虹元大96購01  ,0,0,0,0,0,0,0,0,0,-272000,0,0,0,274000,546000,-272000,-272000
053052,旺宏國票97購02  ,0,0,0,0,0,0,0,0,0,-272000,0,0,0,8000,280000,-272000,-272000
05660P,玉晶光第一96售01,0,0,0,0,0,0,0,0,0,-272000,0,0,0,128000,400000,-272000,-272000
043236,台灣50兆豐93購02,12000,0,12000,0,0,0,0,0,0,-285000,0,0,0,40000,325000,-285000,-273000
3708,上緯投控        ,19000,138000,-119000,0,0,0,0,150000,-150000,-4000,0,3000,-3000,21000,22000,-1000,-273000
051768,臻鼎元大95購04  ,0,0,0,0,0,0,0,0,0,-274000,0,0,0,70000,344000,-274000,-274000
2387,精元            ,173000,346000,-173000,0,0,0,0,100000,-100000,-1000,0,1000,-1000,0,0,0,-274000
043026,康友元大92購01  ,0,0,0,0,0,0,0,0,0,-275000,0,0,0,0,275000,-275000,-275000
2401,凌陽            ,135000,361000,-226000,0,0,0,0,0,0,-49000,0,34000,-34000,0,15000,-15000,-275000
1104,環泥            ,3000,278000,-275000,0,0,0,0,0,0,0,0,0,0,0,0,0,-275000
04760P,旺宏凱基94售02  ,0,0,0,0,0,0,0,0,0,-276000,0,0,0,48000,324000,-276000,-276000
052211,台積電元大95購22,0,0,0,0,0,0,0,0,0,-276000,0,0,0,712000,988000,-276000,-276000
050360,T50反1元大94購06,0,0,0,0,0,0,0,0,0,-276000,0,0,0,28000,304000,-276000,-276000
050143,臻鼎元富94購05  ,0,0,0,0,0,0,0,0,0,-276000,0,0,0,5000,281000,-276000,-276000
052618,群創國泰98購01  ,0,0,0,0,0,0,0,0,0,-277000,0,0,0,321000,598000,-277000,-277000
049860,亞德客兆豐94購01,0,0,0,0,0,0,0,0,0,-277000,0,0,0,23000,300000,-277000,-277000
05041P,大立光凱基95售09,0,0,0,0,0,0,0,0,0,-277000,0,0,0,5000,282000,-277000,-277000
050093,國巨永豐94購05  ,0,0,0,0,0,0,0,0,0,-278000,0,0,0,13000,291000,-278000,-278000
1802,台玻            ,127000,388000,-261000,0,0,0,0,0,0,-17000,0,17000,-17000,0,0,0,-278000
05826P,臺股指凱基96售23,0,0,0,0,0,0,0,0,0,-279000,0,0,0,60000,339000,-279000,-279000
053208,鴻海凱基96購13  ,0,0,0,0,0,0,0,0,0,-280000,0,0,0,0,280000,-280000,-280000
047152,旺宏國票93購02  ,0,0,0,0,0,0,0,0,0,-280000,0,0,0,0,280000,-280000,-280000
05049P,矽創永豐95售01  ,0,0,0,0,0,0,0,0,0,-280000,0,0,0,20000,300000,-280000,-280000
052448,新光金元大96購03,0,0,0,0,0,0,0,0,0,-281000,0,0,0,0,281000,-281000,-281000
054614,玉晶光永豐97購03,0,0,0,0,0,0,0,0,0,-281000,0,0,0,330000,611000,-281000,-281000
054332,世芯永豐97購01  ,0,0,0,0,0,0,0,0,0,-281000,0,0,0,37000,318000,-281000,-281000
054231,國巨群益98購03  ,0,0,0,0,0,0,0,0,0,-282000,0,0,0,36000,318000,-282000,-282000
2455,全新            ,394000,731000,-337000,0,0,0,118000,40000,78000,-23000,127000,79000,48000,33000,104000,-71000,-282000
03754P,致茂永豐93售01  ,0,0,0,0,0,0,0,0,0,-283000,0,0,0,1000,284000,-283000,-283000
042679,群創元大92購02  ,0,0,0,0,0,0,0,0,0,-283000,0,0,0,115000,398000,-283000,-283000
052168,鴻海元大96購10  ,0,0,0,0,0,0,0,0,0,-283000,0,0,0,287000,570000,-283000,-283000
049272,世紀鋼元大96購02,0,0,0,0,0,0,0,0,0,-285000,0,0,0,160000,445000,-285000,-285000
054503,京鼎永豐96購04  ,0,0,0,0,0,0,0,0,0,-286000,0,0,0,0,286000,-286000,-286000
052161,義隆永豐95購03  ,0,0,0,0,0,0,0,0,0,-287000,0,0,0,139000,426000,-287000,-287000
5388,中磊            ,134000,402000,-268000,0,0,0,0,2000,-2000,-17000,0,47000,-47000,30000,0,30000,-287000
054409,亞光國票97購02  ,0,0,0,0,0,0,0,0,0,-288000,0,0,0,28000,316000,-288000,-288000
043861,和大元大91購01  ,0,0,0,0,0,0,0,0,0,-288000,0,0,0,110000,398000,-288000,-288000
06089P,矽創永豐97售01  ,0,0,0,0,0,0,0,0,0,-288000,0,0,0,0,288000,-288000,-288000
047041,貿聯群益93購02  ,0,0,0,0,0,0,0,0,0,-289000,0,0,0,4000,293000,-289000,-289000
053098,國巨元富96購04  ,0,0,0,0,0,0,0,0,0,-290000,0,0,0,62000,352000,-290000,-290000
04790P,台積電元大94售19,0,0,0,0,0,0,0,0,0,-290000,0,0,0,0,290000,-290000,-290000
05214P,台積電國票97售02,0,0,0,0,0,0,0,0,0,-290000,0,0,0,0,290000,-290000,-290000
04935P,鴻海中信96售01  ,0,0,0,0,0,0,0,0,0,-290000,0,0,0,20000,310000,-290000,-290000
06113P,台積電群益97售01,0,0,0,0,0,0,0,0,0,-290000,0,0,0,0,290000,-290000,-290000
1304,台聚            ,180000,469000,-289000,0,0,0,0,0,0,-1000,2000,3000,-1000,0,0,0,-290000
051127,同欣電群益95購01,0,0,0,0,0,0,0,0,0,-292000,0,0,0,7000,299000,-292000,-292000
2105,正新            ,735000,1013000,-278000,0,0,0,0,0,0,-14000,1000,15000,-14000,0,0,0,-292000
048036,隆達凱基93購01  ,0,0,0,0,0,0,0,0,0,-293000,0,0,0,50000,343000,-293000,-293000
053969,瑞昱元大97購01  ,0,0,0,0,0,0,0,0,0,-294000,0,0,0,12000,306000,-294000,-294000
051266,國巨富邦99購01  ,0,0,0,0,0,0,0,0,0,-294000,0,0,0,137000,431000,-294000,-294000
05904P,大立光統一96售07,0,0,0,0,0,0,0,0,0,-295000,0,0,0,5000,300000,-295000,-295000
052193,國巨元富95購06  ,0,0,0,0,0,0,0,0,0,-296000,0,0,0,247000,543000,-296000,-296000
08897P,國巨群益01售10  ,0,0,0,0,0,0,0,0,0,-296000,0,0,0,0,296000,-296000,-296000
6230,超眾            ,589000,863000,-274000,0,0,0,2000,2000,0,-22000,30000,34000,-4000,31000,49000,-18000,-296000
050123,群臺反凱基96購01,0,0,0,0,0,0,0,0,0,-299000,0,0,0,0,299000,-299000,-299000
050674,瑞昱富邦94購02  ,0,0,0,0,0,0,0,0,0,-299000,0,0,0,53000,352000,-299000,-299000
055027,牧德國泰99購01  ,0,0,0,0,0,0,0,0,0,-300000,0,0,0,1000,301000,-300000,-300000
043835,宏達電國票92購01,0,0,0,0,0,0,0,0,0,-300000,0,0,0,0,300000,-300000,-300000
04261P,大立光群益93售12,0,0,0,0,0,0,0,0,0,-300000,0,0,0,0,300000,-300000,-300000
04051P,友達中信94售02  ,0,0,0,0,0,0,0,0,0,-300000,0,0,0,200000,500000,-300000,-300000
03958P,嘉聯益統一93售01,0,0,0,0,0,0,0,0,0,-300000,0,0,0,50000,350000,-300000,-300000
03811P,鴻海群益93售06  ,0,0,0,0,0,0,0,0,0,-300000,0,0,0,0,300000,-300000,-300000
03842P,鴻海元富93售02  ,0,0,0,0,0,0,0,0,0,-300000,0,0,0,100000,400000,-300000,-300000
046561,可成凱基92購11  ,0,0,0,0,0,0,0,0,0,-300000,0,0,0,0,300000,-300000,-300000
049420,日電貿凱基94購01,0,0,0,0,0,0,0,0,0,-300000,0,0,0,0,300000,-300000,-300000
04408P,台積電統一94售06,0,0,0,0,0,0,0,0,0,-301000,0,0,0,0,301000,-301000,-301000
047052,大毅國票93購01  ,0,0,0,0,0,0,0,0,0,-301000,0,0,0,25000,326000,-301000,-301000
051157,華新科富邦98購01,0,0,0,0,0,0,0,0,0,-301000,0,0,0,181000,482000,-301000,-301000
054794,貿聯群益98購01  ,0,0,0,0,0,0,0,0,0,-302000,0,0,0,210000,512000,-302000,-302000
053024,國巨富邦97購02  ,0,2000,-2000,0,0,0,0,0,0,-302000,0,0,0,209000,511000,-302000,-304000
049367,全新元大96購01  ,0,0,0,0,0,0,0,0,0,-304000,0,0,0,6000,310000,-304000,-304000
045371,元石油元大95購01,0,0,0,0,0,0,0,0,0,-305000,0,0,0,6000,311000,-305000,-305000
051293,鴻海元富95購05  ,0,0,0,0,0,0,0,0,0,-305000,0,0,0,325000,630000,-305000,-305000
2607,榮運            ,61000,366000,-305000,0,0,0,0,0,0,-1000,0,1000,-1000,0,0,0,-306000
048900,精成科國泰95購01,0,0,0,0,0,0,0,0,0,-307000,0,0,0,83000,390000,-307000,-307000
052917,大立光富邦99購02,0,0,0,0,0,0,0,0,0,-308000,0,0,0,88000,396000,-308000,-308000
04595P,臺股指元大94售13,0,0,0,0,0,0,0,0,0,-308000,0,0,0,0,308000,-308000,-308000
053077,同欣電永豐96購01,0,0,0,0,0,0,0,0,0,-309000,0,0,0,0,309000,-309000,-309000
03756P,創意永豐93售01  ,0,0,0,0,0,0,0,0,0,-309000,0,0,0,133000,442000,-309000,-309000
054403,同欣電永豐96購02,0,0,0,0,0,0,0,0,0,-310000,0,0,0,0,310000,-310000,-310000
050321,GIS國票95購02   ,0,0,0,0,0,0,0,0,0,-310000,0,0,0,0,310000,-310000,-310000
2520,冠德            ,602000,587000,15000,0,0,0,0,0,0,-326000,0,8000,-8000,10000,328000,-318000,-311000
05684P,臺股指元大96售09,0,0,0,0,0,0,0,0,0,-311000,0,0,0,173000,484000,-311000,-311000
03535P,臺股指凱基02售14,0,0,0,0,0,0,0,0,0,-313000,0,0,0,0,313000,-313000,-313000
05687P,臺股指元大96售12,0,0,0,0,0,0,0,0,0,-313000,0,0,0,15000,328000,-313000,-313000
5534,長虹            ,46000,336000,-290000,0,0,0,0,0,0,-24000,4000,28000,-24000,0,0,0,-314000
05479P,華新科台新96售01,0,0,0,0,0,0,0,0,0,-315000,0,0,0,285000,600000,-315000,-315000
046476,鴻海統一96購01  ,0,0,0,0,0,0,0,0,0,-315000,0,0,0,17000,332000,-315000,-315000
05051P,鴻海群益95售05  ,0,0,0,0,0,0,0,0,0,-315000,0,0,0,10000,325000,-315000,-315000
049479,矽格永豐94購01  ,0,0,0,0,0,0,0,0,0,-315000,0,0,0,0,315000,-315000,-315000
051944,智邦統一95購02  ,0,0,0,0,0,0,0,0,0,-315000,0,0,0,0,315000,-315000,-315000
042941,永冠國票93購01  ,0,0,0,0,0,0,0,0,0,-316000,0,0,0,0,316000,-316000,-316000
046804,群創元大94購01  ,0,0,0,0,0,0,0,0,0,-316000,0,0,0,686000,1002000,-316000,-316000
051283,亞德客統一95購01,0,0,0,0,0,0,0,0,0,-317000,0,0,0,105000,422000,-317000,-317000
9934,成霖            ,34000,351000,-317000,0,0,0,0,0,0,0,0,0,0,0,0,0,-317000
05409P,京元電元富95售05,0,0,0,0,0,0,0,0,0,-318000,0,0,0,215000,533000,-318000,-318000
047981,南亞科群益93購02,0,0,0,0,0,0,0,0,0,-318000,0,0,0,16000,334000,-318000,-318000
04402P,TPK兆豐95售01   ,0,0,0,0,0,0,0,0,0,-319000,0,0,0,0,319000,-319000,-319000
052272,T50反1群益95購03,0,0,0,0,0,0,0,0,0,-319000,0,0,0,0,319000,-319000,-319000
03808P,旺宏國泰94售02  ,0,0,0,0,0,0,0,0,0,-320000,0,0,0,0,320000,-320000,-320000
036805,國巨元富93購02  ,0,0,0,0,0,0,0,0,0,-322000,0,0,0,716000,1038000,-322000,-322000
048131,全新國票94購02  ,0,0,0,0,0,0,0,0,0,-322000,0,0,0,14000,336000,-322000,-322000
051000,台郡元大96購01  ,0,0,0,0,0,0,0,0,0,-322000,0,0,0,78000,400000,-322000,-322000
053993,旺宏群益98購02  ,0,0,0,0,0,0,0,0,0,-323000,0,0,0,52000,375000,-323000,-323000
054410,國巨元大96購14  ,0,0,0,0,0,0,0,0,0,-323000,0,0,0,47000,370000,-323000,-323000
051790,貿聯國票95購03  ,0,0,0,0,0,0,0,0,0,-323000,0,0,0,147000,470000,-323000,-323000
049025,華擎群益94購01  ,0,0,0,0,0,0,0,0,0,-324000,0,0,0,26000,350000,-324000,-324000
050874,康控永豐95購01  ,0,0,0,0,0,0,0,0,0,-324000,0,0,0,0,324000,-324000,-324000
08637P,台灣50中信96售03,0,0,0,0,0,0,0,0,0,-324000,0,0,0,859000,1183000,-324000,-324000
04966P,台表科元大94售04,0,0,0,0,0,0,0,0,0,-325000,0,0,0,10000,335000,-325000,-325000
051548,鈺齊康和95購01  ,0,0,0,0,0,0,0,0,0,-325000,0,0,0,0,325000,-325000,-325000
046822,亞光凱基93購04  ,0,0,0,0,0,0,0,0,0,-326000,0,0,0,12000,338000,-326000,-326000
053674,臺股指元富96購01,0,0,0,0,0,0,0,0,0,-327000,0,0,0,0,327000,-327000,-327000
04616P,臺股指群益95售02,0,0,0,0,0,0,0,0,0,-327000,0,0,0,71000,398000,-327000,-327000
052041,鴻海日盛95購02  ,0,0,0,0,0,0,0,0,0,-328000,0,0,0,135000,463000,-328000,-328000
044104,鴻海中信95購03  ,0,0,0,0,0,0,0,0,0,-329000,0,0,0,16000,345000,-329000,-329000
2637,慧洋-KY         ,269000,591000,-322000,0,0,0,0,0,0,-8000,0,5000,-5000,0,3000,-3000,-330000
3596,智易            ,366000,739000,-373000,0,0,0,0,0,0,42000,42000,15000,27000,65000,50000,15000,-331000
053361,友達元富99購01  ,0,0,0,0,0,0,0,0,0,-333000,0,0,0,0,333000,-333000,-333000
05306P,泰碩國泰97售01  ,0,0,0,0,0,0,0,0,0,-336000,0,0,0,103000,439000,-336000,-336000
052589,群創永豐97購01  ,0,0,0,0,0,0,0,0,0,-336000,0,0,0,364000,700000,-336000,-336000
054284,和大元大96購03  ,0,0,0,0,0,0,0,0,0,-337000,0,0,0,45000,382000,-337000,-337000
05698P,群創凱基96售01  ,0,0,0,0,0,0,0,0,0,-337000,0,0,0,0,337000,-337000,-337000
04700P,臺股指元富94售06,0,0,0,0,0,0,0,0,0,-338000,0,0,0,0,338000,-338000,-338000
04748P,臺股指元大94售23,0,0,0,0,0,0,0,0,0,-338000,0,0,0,1000,339000,-338000,-338000
055156,華新科元大99購02,0,0,0,0,0,0,0,0,0,-338000,0,0,0,0,338000,-338000,-338000
050368,國巨元大94購14  ,0,0,0,0,0,0,0,0,0,-340000,0,0,0,18000,358000,-340000,-340000
04946P,華通元大94售04  ,0,0,0,0,0,0,0,0,0,-340000,0,0,0,183000,523000,-340000,-340000
05351P,臺股指元富95售05,0,0,0,0,0,0,0,0,0,-341000,0,0,0,361000,702000,-341000,-341000
05584P,臺股指凱基96售13,0,0,0,0,0,0,0,0,0,-341000,0,0,0,10000,351000,-341000,-341000
05832P,臺股指元富96售04,0,0,0,0,0,0,0,0,0,-341000,0,0,0,0,341000,-341000,-341000
050491,旺宏國泰96購01  ,0,0,0,0,0,0,0,0,0,-342000,0,0,0,75000,417000,-342000,-342000
053470,華邦電元大96購02,0,0,0,0,0,0,0,0,0,-343000,0,0,0,22000,365000,-343000,-343000
051827,智邦元大95購04  ,0,0,0,0,0,0,0,0,0,-345000,0,0,0,80000,425000,-345000,-345000
2472,立隆電          ,67000,375000,-308000,0,0,0,0,0,0,-38000,21000,59000,-38000,0,0,0,-346000
052675,新光金國泰98購01,0,0,0,0,0,0,0,0,0,-347000,0,0,0,6000,353000,-347000,-347000
054889,京鼎統一99購01  ,0,0,0,0,0,0,0,0,0,-347000,0,0,0,0,347000,-347000,-347000
048868,劍麟國票94購01  ,0,0,0,0,0,0,0,0,0,-349000,0,0,0,27000,376000,-349000,-349000
052925,日電貿永豐96購01,0,0,0,0,0,0,0,0,0,-350000,0,0,0,47000,397000,-350000,-350000
053056,同欣電國票97購01,0,0,0,0,0,0,0,0,0,-350000,0,0,0,0,350000,-350000,-350000
00674R,元大S&P黃金反1  ,0,4000,-4000,0,0,0,0,0,0,-346000,0,0,0,27000,373000,-346000,-350000
048270,T50反1富邦99購01,0,0,0,0,0,0,0,0,0,-350000,0,0,0,0,350000,-350000,-350000
048382,T50反1國票96購01,0,0,0,0,0,0,0,0,0,-350000,0,0,0,0,350000,-350000,-350000
06045P,臺股指永豐96售03,0,0,0,0,0,0,0,0,0,-350000,0,0,0,2000,352000,-350000,-350000
054173,奇力新台新97購02,0,0,0,0,0,0,0,0,0,-351000,0,0,0,30000,381000,-351000,-351000
053675,臺股指元富96購02,0,0,0,0,0,0,0,0,0,-352000,0,0,0,0,352000,-352000,-352000
049055,聯詠永豐94購01  ,0,0,0,0,0,0,0,0,0,-355000,0,0,0,186000,541000,-355000,-355000
05091P,台積電元大95售11,0,0,0,0,0,0,0,0,0,-355000,0,0,0,280000,635000,-355000,-355000
05683P,矽創元大96售01  ,0,0,0,0,0,0,0,0,0,-355000,0,0,0,0,355000,-355000,-355000
03481P,欣興群益02售08  ,0,0,0,0,0,0,0,0,0,-356000,0,0,0,116000,472000,-356000,-356000
054821,貿聯元大9A購01  ,0,0,0,0,0,0,0,0,0,-358000,0,0,0,144000,502000,-358000,-358000
053481,同欣電元大97購01,0,0,0,0,0,0,0,0,0,-358000,0,0,0,35000,393000,-358000,-358000
05294P,亞光凱基95售02  ,0,0,0,0,0,0,0,0,0,-359000,0,0,0,151000,510000,-359000,-359000
051893,瀚宇博元富95購01,0,0,0,0,0,0,0,0,0,-359000,0,0,0,0,359000,-359000,-359000
053451,致新凱基96購02  ,0,0,0,0,0,0,0,0,0,-362000,0,0,0,0,362000,-362000,-362000
046073,日月光凱基92購03,0,0,0,0,0,0,0,0,0,-363000,0,0,0,40000,403000,-363000,-363000
048435,致新國票93購01  ,0,0,0,0,0,0,0,0,0,-365000,0,0,0,0,365000,-365000,-365000
03644C,臺股指元大94牛28,0,0,0,0,0,0,0,0,0,-367000,0,0,0,20000,387000,-367000,-367000
049570,華新科統一94購04,0,0,0,0,0,0,0,0,0,-369000,0,0,0,45000,414000,-369000,-369000
051370,聯詠富邦97購01  ,0,0,0,0,0,0,0,0,0,-369000,0,0,0,567000,936000,-369000,-369000
3380,明泰            ,187000,491000,-304000,0,0,0,0,0,0,-65000,30000,23000,7000,10000,82000,-72000,-369000
05871P,全新凱基96售04  ,0,0,0,0,0,0,0,0,0,-370000,0,0,0,0,370000,-370000,-370000
048897,日電貿國泰95購01,0,0,0,0,0,0,0,0,0,-371000,0,0,0,25000,396000,-371000,-371000
9935,慶豐富          ,259000,633913,-374913,0,0,0,0,0,0,0,0,0,0,0,0,0,-374913
4142,國光生          ,56000,431000,-375000,0,0,0,0,0,0,0,0,0,0,0,0,0,-375000
1514,亞力            ,110000,486000,-376000,0,0,0,0,0,0,0,0,0,0,0,0,0,-376000
052758,友達群益99購01  ,0,0,0,0,0,0,0,0,0,-379000,0,0,0,10000,389000,-379000,-379000
045053,聯發科元富98購01,0,0,0,0,0,0,0,0,0,-381000,0,0,0,283000,664000,-381000,-381000
048381,T50反1國票94購03,0,0,0,0,0,0,0,0,0,-381000,0,0,0,20000,401000,-381000,-381000
045569,元油2X元大92購01,0,0,0,0,0,0,0,0,0,-382000,0,0,0,0,382000,-382000,-382000
054207,國巨國票98購01  ,0,0,0,0,0,0,0,0,0,-389000,0,0,0,21000,410000,-389000,-389000
051263,深中小富邦96購01,0,0,0,0,0,0,0,0,0,-389000,0,0,0,110000,499000,-389000,-389000
044186,宏達電國泰92購01,0,0,0,0,0,0,0,0,0,-390000,0,0,0,0,390000,-390000,-390000
048402,聯茂兆豐95購01  ,0,0,0,0,0,0,0,0,0,-390000,0,0,0,0,390000,-390000,-390000
2548,華固            ,147000,517000,-370000,0,0,0,4000,0,4000,-25000,3000,5000,-2000,0,23000,-23000,-391000
054506,矽格永豐96購01  ,0,0,0,0,0,0,0,0,0,-393000,0,0,0,17000,410000,-393000,-393000
045887,台光電元大92購07,0,0,0,0,0,0,0,0,0,-393000,0,0,0,155000,548000,-393000,-393000
053766,友達富邦97購01  ,0,0,0,0,0,0,0,0,0,-394000,0,0,0,113000,507000,-394000,-394000
044798,鴻海凱基93購09  ,0,0,0,0,0,0,0,0,0,-395000,0,0,0,0,395000,-395000,-395000
045311,GIS元大94購01   ,0,0,0,0,0,0,0,0,0,-395000,0,0,0,11000,406000,-395000,-395000
045914,超眾國票93購01  ,0,0,0,0,0,0,0,0,0,-396000,0,0,0,0,396000,-396000,-396000
054725,國巨日盛97購01  ,0,0,0,0,0,0,0,0,0,-399000,0,0,0,387000,786000,-399000,-399000
051295,國巨元富95購04  ,0,0,0,0,0,0,0,0,0,-399000,0,0,0,127000,526000,-399000,-399000
2375,凱美            ,485000,882000,-397000,0,0,0,0,0,0,-2000,0,2000,-2000,0,0,0,-399000
05507P,聯茂凱基96售02  ,0,0,0,0,0,0,0,0,0,-399000,0,0,0,0,399000,-399000,-399000
053667,鴻海統一96購12  ,0,0,0,0,0,0,0,0,0,-400000,0,0,0,0,400000,-400000,-400000
05397P,大立光凱基96售08,0,0,0,0,0,0,0,0,0,-400000,0,0,0,11000,411000,-400000,-400000
045315,矽創國票92購01  ,0,0,0,0,0,0,0,0,0,-400000,0,0,0,0,400000,-400000,-400000
045282,元油2X永豐92購01,0,0,0,0,0,0,0,0,0,-400000,0,0,0,0,400000,-400000,-400000
045070,全新元大93購02  ,0,0,0,0,0,0,0,0,0,-400000,0,0,0,0,400000,-400000,-400000
045467,智易元大93購03  ,0,0,0,0,0,0,0,0,0,-400000,0,0,0,0,400000,-400000,-400000
050743,京鼎永豐94購02  ,0,0,0,0,0,0,0,0,0,-400000,0,0,0,607000,1007000,-400000,-400000
046575,GIS國泰93購01   ,0,0,0,0,0,0,0,0,0,-402000,0,0,0,0,402000,-402000,-402000
052653,臺股指永豐97購01,0,0,0,0,0,0,0,0,0,-403000,0,0,0,32000,435000,-403000,-403000
045271,元油2X統一93購01,0,0,0,0,0,0,0,0,0,-404000,0,0,0,42000,446000,-404000,-404000
00671R,富邦NASDAQ反1   ,4000,1000,3000,0,0,0,0,0,0,-408000,0,0,0,317000,725000,-408000,-405000
048127,麗豐元大94購01  ,0,0,0,0,0,0,0,0,0,-405000,0,0,0,0,405000,-405000,-405000
053600,同欣電元大96購04,0,0,0,0,0,0,0,0,0,-407000,0,0,0,0,407000,-407000,-407000
046949,群創元大99購01  ,0,0,0,0,0,0,0,0,0,-408000,0,0,0,881000,1289000,-408000,-408000
05322P,台積電凱基95售17,0,0,0,0,0,0,0,0,0,-410000,0,0,0,300000,710000,-410000,-410000
03720P,元油2X富邦95售01,0,0,0,0,0,0,0,0,0,-410000,0,0,0,3000,413000,-410000,-410000
047078,上海銀兆豐93購01,0,0,0,0,0,0,0,0,0,-410000,0,0,0,58000,468000,-410000,-410000
2884,玉山金          ,5665290,6199362,-534072,0,0,0,220000,0,220000,-96000,101000,54000,47000,4000,147000,-143000,-410072
049027,智易群益94購02  ,0,0,0,0,0,0,0,0,0,-411000,0,0,0,0,411000,-411000,-411000
6209,今國光          ,77000,486000,-409000,0,0,0,0,0,0,-3000,0,3000,-3000,0,0,0,-412000
051259,鴻海永昌96購03  ,0,0,0,0,0,0,0,0,0,-415000,0,0,0,4300000,4715000,-415000,-415000
053444,奇力新凱基96購03,0,0,0,0,0,0,0,0,0,-417000,0,0,0,391000,808000,-417000,-417000
5522,遠雄            ,138000,605000,-467000,0,0,0,0,0,0,50000,65000,15000,50000,0,0,0,-417000
3376,新日興          ,97000,351000,-254000,0,0,0,0,150000,-150000,-13000,109000,120000,-11000,12000,14000,-2000,-417000
044493,京元電元大92購02,0,0,0,0,0,0,0,0,0,-418000,0,0,0,0,418000,-418000,-418000
2841,台開            ,282000,700000,-418000,0,0,0,0,0,0,0,1000,1000,0,0,0,0,-418000
053736,友達麥證96購01  ,0,0,0,20000,439000,-419000,0,0,0,-419000,0,0,0,20000,439000,-419000,-419000
00640L,富邦日本正2     ,0,0,0,0,0,0,0,0,0,-419000,0,0,0,464000,883000,-419000,-419000
054966,貿聯元大98購02  ,0,0,0,0,0,0,0,0,0,-420000,0,0,0,135000,555000,-420000,-420000
04032P,聯茂凱基94售02  ,0,0,0,0,0,0,0,0,0,-420000,0,0,0,73000,493000,-420000,-420000
048031,全新凱基93購02  ,0,0,0,0,0,0,0,0,0,-420000,0,0,0,0,420000,-420000,-420000
051999,勤誠元大95購01  ,0,0,0,0,0,0,0,0,0,-420000,0,0,0,210000,630000,-420000,-420000
2915,潤泰全          ,162000,686000,-524000,0,0,0,0,0,0,103000,6000,3000,3000,115000,15000,100000,-421000
053236,群創永豐97購02  ,0,0,0,0,0,0,0,0,0,-422000,0,0,0,250000,672000,-422000,-422000
047576,技嘉群益94購01  ,0,0,0,0,0,0,0,0,0,-422000,0,0,0,0,422000,-422000,-422000
052288,敦南統一95購01  ,0,0,0,0,0,0,0,0,0,-422000,0,0,0,108000,530000,-422000,-422000
054983,國巨元富97購04  ,0,0,0,0,0,0,0,0,0,-423000,0,0,0,51000,474000,-423000,-423000
6257,矽格            ,325000,436075,-111075,0,0,0,0,310000,-310000,-3000,56000,229000,-173000,180000,10000,170000,-424075
3062,建漢            ,51000,474000,-423000,0,0,0,0,0,0,-2000,1000,3000,-2000,0,0,0,-425000
05564P,玉晶光元大97售02,0,0,0,0,0,0,0,0,0,-425000,0,0,0,105000,530000,-425000,-425000
043457,鴻海元大93購01  ,0,0,0,0,0,0,0,0,0,-426000,0,0,0,10000,436000,-426000,-426000
2547,日勝生          ,145000,571000,-426000,0,0,0,0,0,0,0,0,0,0,0,0,0,-426000
4968,立積            ,460000,622000,-162000,0,0,0,0,242000,-242000,-22000,1000,23000,-22000,0,0,0,-426000
054117,宏全康和96購01  ,0,0,0,0,0,0,0,0,0,-427000,0,0,0,68000,495000,-427000,-427000
044247,道瓊反元富97購01,0,0,0,0,0,0,0,0,0,-428000,0,0,0,5000,433000,-428000,-428000
052596,群創群益98購05  ,0,0,0,0,0,0,0,0,0,-430000,0,0,0,866000,1296000,-430000,-430000
044632,超眾元大91購03  ,0,0,0,0,0,0,0,0,0,-430000,0,0,0,70000,500000,-430000,-430000
051296,鴻海凱基97購01  ,0,0,0,0,0,0,0,0,0,-431000,0,0,0,30000,461000,-431000,-431000
047726,友達群益94購02  ,0,0,0,0,0,0,0,0,0,-432000,0,0,0,171000,603000,-432000,-432000
6176,瑞儀            ,432000,922000,-490000,0,0,0,0,0,0,58000,8000,18000,-10000,80000,12000,68000,-432000
049609,全新兆豐95購01  ,0,0,0,0,0,0,0,0,0,-435000,0,0,0,183000,618000,-435000,-435000
05241P,鴻海國泰97售04  ,0,0,0,0,0,0,0,0,0,-437000,0,0,0,500000,937000,-437000,-437000
049200,元黃金群益98購01,0,0,0,0,0,0,0,0,0,-437000,0,0,0,30000,467000,-437000,-437000
053574,奇力新元富99購01,0,0,0,0,0,0,0,0,0,-441000,0,0,0,10000,451000,-441000,-441000
054125,元油反元大96購09,0,0,0,0,0,0,0,0,0,-442000,0,0,0,99000,541000,-442000,-442000
053255,貿聯國泰97購01  ,0,0,0,0,0,0,0,0,0,-444000,0,0,0,1037000,1481000,-444000,-444000
054575,聯鈞元大97購01  ,0,0,0,0,0,0,0,0,0,-445000,0,0,0,0,445000,-445000,-445000
054400,健策永豐96購02  ,0,0,0,0,0,0,0,0,0,-446000,0,0,0,97000,543000,-446000,-446000
053132,國巨國票97購02  ,0,0,0,0,0,0,0,0,0,-446000,0,0,0,297000,743000,-446000,-446000
037536,道瓊反元富93購01,0,0,0,0,0,0,0,0,0,-450000,0,0,0,0,450000,-450000,-450000
048243,儒鴻兆豐94購01  ,0,0,0,0,0,0,0,0,0,-451000,0,0,0,131000,582000,-451000,-451000
051840,康友國泰97購02  ,0,0,0,0,0,0,0,0,0,-453000,0,0,0,283000,736000,-453000,-453000
2601,益航            ,24000,477000,-453000,0,0,0,0,0,0,0,0,0,0,0,0,0,-453000
044876,同欣電統一91購01,0,0,0,0,0,0,0,0,0,-454000,0,0,0,136000,590000,-454000,-454000
055030,帆宣國泰99購02  ,0,0,0,0,0,0,0,0,0,-456000,0,0,0,181000,637000,-456000,-456000
4915,致伸            ,542000,936000,-394000,0,0,0,0,0,0,-63000,1000,7000,-6000,31000,88000,-57000,-457000
052532,台積電國泰96購07,0,0,0,0,0,0,0,0,0,-460000,0,0,0,668000,1128000,-460000,-460000
054762,奇力新國票99購01,0,0,0,0,0,0,0,0,0,-460000,0,0,0,1000,461000,-460000,-460000
047062,鴻海凱基93購24  ,0,0,0,0,0,0,0,0,0,-460000,0,0,0,609000,1069000,-460000,-460000
052129,鴻海凱基97購02  ,0,0,0,0,0,0,0,0,0,-460000,0,0,0,0,460000,-460000,-460000
045872,元油2X元富98購03,0,0,0,0,0,0,0,0,0,-461000,0,0,0,609000,1070000,-461000,-461000
03498P,矽創凱基02售02  ,0,0,0,0,0,0,0,0,0,-464000,0,0,0,201000,665000,-464000,-464000
047978,元油反群益97購01,0,0,0,0,0,0,0,0,0,-466000,0,0,0,5000,471000,-466000,-466000
055167,友訊統一97購01  ,0,0,0,0,0,0,0,0,0,-467000,0,0,0,0,467000,-467000,-467000
052465,聯詠統一95購02  ,0,0,0,0,0,0,0,0,0,-470000,0,0,0,339000,809000,-470000,-470000
03647C,T50反1元富99牛02,0,0,0,0,0,0,0,0,0,-470000,0,0,0,0,470000,-470000,-470000
050115,群創元大96購01  ,0,0,0,0,0,0,0,0,0,-470000,0,0,0,1232000,1702000,-470000,-470000
1736,喬山            ,297000,563000,-266000,0,0,0,0,194000,-194000,-15000,1000,5000,-4000,0,11000,-11000,-475000
054982,國巨元富97購03  ,0,0,0,0,0,0,0,0,0,-477000,0,0,0,0,477000,-477000,-477000
2328,廣宇            ,172000,596000,-424000,0,0,0,0,0,0,-53000,0,3000,-3000,0,50000,-50000,-477000
052115,T50反1國票95購03,0,0,0,0,0,0,0,0,0,-478000,0,0,0,243000,721000,-478000,-478000
049260,華新科元大96購01,0,0,0,0,0,0,0,0,0,-479000,0,0,0,15000,494000,-479000,-479000
1902,台紙            ,19000,504000,-485000,0,0,0,0,0,0,5000,5000,0,5000,0,0,0,-480000
050353,華擎群益95購01  ,0,0,0,0,0,0,0,0,0,-482000,0,0,0,101000,583000,-482000,-482000
054893,帆宣統一99購01  ,0,0,0,0,0,0,0,0,0,-483000,0,0,0,0,483000,-483000,-483000
054880,華泰統一97購01  ,0,0,0,0,0,0,0,0,0,-483000,0,0,0,0,483000,-483000,-483000
048657,大成鋼統一93購04,0,0,0,0,0,0,0,0,0,-485000,0,0,0,35000,520000,-485000,-485000
049473,光罩永豐94購03  ,0,0,0,0,0,0,0,0,0,-485000,0,0,0,5000,490000,-485000,-485000
05764P,世紀鋼永豐96售03,0,0,0,0,0,0,0,0,0,-485000,0,0,0,32000,517000,-485000,-485000
052837,友達國泰97購01  ,0,0,0,0,0,0,0,0,0,-486000,0,0,0,104000,590000,-486000,-486000
05004P,健策統一95售01  ,0,0,0,0,0,0,0,0,0,-488000,0,0,0,12000,500000,-488000,-488000
1313,聯成            ,157000,646000,-489000,0,0,0,0,0,0,1000,1000,0,1000,0,0,0,-488000
055002,群創元富99購04  ,0,0,0,0,0,0,0,0,0,-493000,0,0,0,830000,1323000,-493000,-493000
054689,華新科永豐97購01,0,0,0,0,0,0,0,0,0,-494000,0,0,0,101000,595000,-494000,-494000
054438,群創台新96購01  ,0,0,0,0,0,0,0,0,0,-499000,0,0,0,179000,678000,-499000,-499000
050941,T50反1群益95購01,0,0,0,0,0,0,0,0,0,-499000,0,0,0,0,499000,-499000,-499000
08163P,T50正2中信95售01,0,0,0,0,0,0,0,0,0,-499000,0,0,0,0,499000,-499000,-499000
053388,群創元大9C購02  ,0,0,0,0,0,0,0,0,0,-500000,0,0,0,435000,935000,-500000,-500000
041409,創意中信93購01  ,0,0,0,0,0,0,0,0,0,-500000,0,0,0,400000,900000,-500000,-500000
04725P,華新科凱基94售07,0,0,0,0,0,0,0,0,0,-500000,0,0,0,0,500000,-500000,-500000
045883,元油2X元大95購07,5000,0,5000,0,0,0,0,0,0,-505000,0,0,0,3000,508000,-505000,-500000
05518P,T50反1凱基98售03,0,0,0,0,0,0,0,0,0,-500000,0,0,0,0,500000,-500000,-500000
04062P,可成兆豐93售04  ,0,0,0,0,0,0,0,0,0,-501000,0,0,0,0,501000,-501000,-501000
047493,旺宏元富96購01  ,0,0,0,0,0,0,0,0,0,-503000,0,0,0,165000,668000,-503000,-503000
050979,鴻海元富96購02  ,0,0,0,0,0,0,0,0,0,-503000,0,0,0,200000,703000,-503000,-503000
2867,三商壽          ,365000,845000,-480000,0,0,0,0,0,0,-23000,0,23000,-23000,0,0,0,-503000
048876,牧德國票95購02  ,0,0,0,0,0,0,0,0,0,-506000,0,0,0,0,506000,-506000,-506000
2542,興富發          ,506322,1113800,-607478,0,0,0,0,0,0,101000,134000,28000,106000,0,5000,-5000,-506478
2347,聯強            ,830100,1524000,-693900,0,0,0,4000,0,4000,183000,0,15000,-15000,199000,1000,198000,-506900
046290,儒鴻統一93購01  ,0,0,0,0,0,0,0,0,0,-508000,0,0,0,10000,518000,-508000,-508000
2534,宏盛            ,86000,541000,-455000,0,0,0,0,0,0,-69000,0,64000,-64000,7000,12000,-5000,-524000
051144,鴻海凱基95購12  ,0,0,0,0,0,0,0,0,0,-527000,0,0,0,0,527000,-527000,-527000
6191,精成科          ,136000,770000,-634000,0,0,0,0,0,0,107000,0,3000,-3000,134000,24000,110000,-527000
047628,新光金國票95購02,0,0,0,0,0,0,0,0,0,-530000,0,0,0,153000,683000,-530000,-530000
051780,矽力群益95購01  ,0,0,0,0,0,0,0,0,0,-531000,0,0,0,288000,819000,-531000,-531000
05551P,電子類元大96售01,0,0,0,0,0,0,0,0,0,-536000,0,0,0,0,536000,-536000,-536000
3048,益登            ,74000,605000,-531000,0,0,0,0,0,0,-8000,1000,9000,-8000,0,0,0,-539000
1309,台達化          ,63000,604000,-541000,0,0,0,0,0,0,0,0,0,0,0,0,0,-541000
1310,台苯            ,52000,595000,-543000,0,0,0,9000,0,9000,-7000,0,7000,-7000,0,0,0,-541000
054056,華新科國票96購02,0,0,0,0,0,0,0,0,0,-544000,0,0,0,0,544000,-544000,-544000
3450,聯鈞            ,679000,1198000,-519000,0,0,0,27000,95000,-68000,41000,1000,4000,-3000,47000,3000,44000,-546000
5876,上海商銀        ,1226300,1786227,-559927,0,0,0,0,0,0,11000,0,19000,-19000,97000,67000,30000,-548927
054158,國巨日盛99購01  ,0,0,0,0,0,0,0,0,0,-551000,0,0,0,152000,703000,-551000,-551000
051051,鴻海群益95購04  ,0,0,0,0,0,0,0,0,0,-556000,0,0,0,298000,854000,-556000,-556000
055029,帆宣國泰99購01  ,0,0,0,0,0,0,0,0,0,-557000,0,0,0,118000,675000,-557000,-557000
9910,豐泰            ,116000,686300,-570300,0,0,0,0,0,0,11000,15000,4000,11000,0,0,0,-559300
053468,鴻海元大98購01  ,0,0,0,0,0,0,0,0,0,-561000,0,0,0,510000,1071000,-561000,-561000
053359,矽力統一96購02  ,0,0,0,0,0,0,0,0,0,-563000,0,0,0,83000,646000,-563000,-563000
03734P,新日興元大93售01,0,0,0,0,0,0,0,0,0,-567000,0,0,0,0,567000,-567000,-567000
2504,國產            ,356000,810000,-454000,0,0,0,0,0,0,-116000,1000,117000,-116000,0,0,0,-570000
2383,台光電          ,548000,658000,-110000,0,0,0,13000,352000,-339000,-121000,138000,232000,-94000,33000,60000,-27000,-570000
9945,潤泰新          ,322872,894488,-571616,0,0,0,0,0,0,0,7000,7000,0,0,0,0,-571616
06069P,台積電永豐97售01,0,0,0,0,0,0,0,0,0,-572000,0,0,0,580000,1152000,-572000,-572000
2344,華邦電          ,9189000,10104000,-915000,0,0,0,360000,0,360000,-19000,536000,683000,-147000,363000,235000,128000,-574000
052314,鴻海元大96購11  ,0,0,0,0,0,0,0,0,0,-578000,0,0,0,858000,1436000,-578000,-578000
054201,聯詠富邦97購02  ,0,0,0,0,0,0,0,0,0,-579000,0,0,0,558000,1137000,-579000,-579000
053816,聯發科群益96購02,0,0,0,0,0,0,0,0,0,-582000,0,0,0,15000,597000,-582000,-582000
048211,大立光日盛93購01,0,0,0,0,0,0,0,0,0,-583000,0,0,0,0,583000,-583000,-583000
049114,玉晶光統一94購02,0,0,0,0,0,0,0,0,0,-585000,0,0,0,424000,1009000,-585000,-585000
1527,鑽全            ,42000,621000,-579000,0,0,0,0,0,0,-7000,0,0,0,0,7000,-7000,-586000
6278,台表科          ,1355000,1926000,-571000,0,0,0,0,80000,-80000,58000,75000,23000,52000,58000,52000,6000,-593000
053847,美律元富96購02  ,0,0,0,0,0,0,0,0,0,-595000,0,0,0,40000,635000,-595000,-595000
00676R,富邦臺灣加權反1 ,0,0,0,0,0,0,0,0,0,-596000,0,0,0,206000,802000,-596000,-596000
048960,矽格康和94購01  ,0,0,0,0,0,0,0,0,0,-599000,0,0,0,0,599000,-599000,-599000
044269,群創中信95購01  ,0,0,0,0,0,0,0,0,0,-599000,0,0,0,554000,1153000,-599000,-599000
044768,深中小元大94購02,0,0,0,0,0,0,0,0,0,-600000,0,0,0,0,600000,-600000,-600000
052061,樺漢國票96購01  ,0,0,0,0,0,0,0,0,0,-600000,0,0,0,0,600000,-600000,-600000
050835,GIS凱基96購01   ,0,0,0,0,0,0,0,0,0,-601000,0,0,0,0,601000,-601000,-601000
046764,亞光凱基93購03  ,0,0,0,0,0,0,0,0,0,-603000,0,0,0,18000,621000,-603000,-603000
05229P,台積電群益95售05,0,0,0,0,0,0,0,0,0,-603000,0,0,0,647000,1250000,-603000,-603000
00701,國泰股利精選30  ,0,0,0,0,0,0,0,0,0,-607000,0,0,0,425000,1032000,-607000,-607000
054561,奇力新群益97購03,0,0,0,0,0,0,0,0,0,-610000,0,0,0,526000,1136000,-610000,-610000
047341,貿聯第一93購01  ,0,0,0,0,0,0,0,0,0,-610000,0,0,0,332000,942000,-610000,-610000
03955P,華通統一93售04  ,0,0,0,0,0,0,0,0,0,-620000,0,0,0,130000,750000,-620000,-620000
6120,達運            ,53000,669000,-616000,0,0,0,0,0,0,-4000,0,4000,-4000,0,0,0,-620000
052918,智易富邦97購02  ,0,0,0,0,0,0,0,0,0,-621000,0,0,0,0,621000,-621000,-621000
05721P,全新群益98售02  ,0,0,0,0,0,0,0,0,0,-626000,0,0,0,47000,673000,-626000,-626000
05233P,台郡台新95售02  ,0,0,0,0,0,0,0,0,0,-634000,0,0,0,59000,693000,-634000,-634000
046719,元石油元大95購02,0,0,0,0,0,0,0,0,0,-636000,0,0,0,7000,643000,-636000,-636000
8213,志超            ,75000,693000,-618000,0,0,0,0,0,0,-20000,0,2000,-2000,0,18000,-18000,-638000
049015,鴻海群益94購03  ,0,0,0,0,0,0,0,0,0,-641000,0,0,0,257000,898000,-641000,-641000
2481,強茂            ,127000,720000,-593000,0,0,0,0,0,0,-49000,0,4000,-4000,19000,64000,-45000,-642000
054377,臺股指中信99購09,0,0,0,0,0,0,0,0,0,-653000,0,0,0,54000,707000,-653000,-653000
05785P,臺股指元大96售19,0,0,0,0,0,0,0,0,0,-656000,0,0,0,0,656000,-656000,-656000
052627,中壽中信98購01  ,0,0,0,0,0,0,0,0,0,-665000,0,0,0,15000,680000,-665000,-665000
045059,同欣電國泰93購01,0,0,0,0,0,0,0,0,0,-666000,0,0,0,84000,750000,-666000,-666000
04422P,玉晶光永豐94售03,0,0,0,0,0,0,0,0,0,-668000,0,0,0,386000,1054000,-668000,-668000
2356,英業達          ,1194000,2063000,-869000,0,0,0,9000,0,9000,190000,0,79000,-79000,320000,51000,269000,-670000
053567,群創富邦97購01  ,0,0,0,0,0,0,0,0,0,-678000,0,0,0,456000,1134000,-678000,-678000
05515P,台積電群益96售03,0,0,0,0,0,0,0,0,0,-695000,0,0,0,1187000,1882000,-695000,-695000
053032,國巨兆豐97購02  ,0,0,0,0,0,0,0,0,0,-696000,0,0,0,52000,748000,-696000,-696000
00850,元大臺灣ESG永續 ,4000,1000,3000,0,0,0,0,0,0,-700000,0,0,0,855000,1555000,-700000,-697000
049185,南電凱基94購03  ,0,0,0,0,0,0,0,0,0,-699000,0,0,0,0,699000,-699000,-699000
3704,合勤控          ,199000,889000,-690000,0,0,0,0,0,0,-17000,0,2000,-2000,0,15000,-15000,-707000
049591,開發金元大98購01,0,0,0,0,0,0,0,0,0,-715000,0,0,0,0,715000,-715000,-715000
06092P,嘉聯益統一97售01,0,0,0,0,0,0,0,0,0,-719000,0,0,0,0,719000,-719000,-719000
054120,奇力新永豐96購01,0,0,0,0,0,0,0,0,0,-725000,0,0,0,79000,804000,-725000,-725000
048744,儒鴻元富97購01  ,0,0,0,0,0,0,0,0,0,-725000,0,0,0,10000,735000,-725000,-725000
1444,力麗            ,101000,826000,-725000,0,0,0,0,0,0,0,0,0,0,0,0,0,-725000
3006,晶豪科          ,347000,1294000,-947000,0,0,0,200000,0,200000,19000,56000,15000,41000,21000,43000,-22000,-728000
2634,漢翔            ,732000,1527000,-795000,0,0,0,0,0,0,55000,60000,5000,55000,0,0,0,-740000
046745,國喬凱基93購01  ,0,0,0,0,0,0,0,0,0,-741000,0,0,0,0,741000,-741000,-741000
05221P,玉晶光元大95售04,0,0,0,0,0,0,0,0,0,-751000,0,0,0,0,751000,-751000,-751000
050117,麗豐元大96購02  ,0,0,0,0,0,0,0,0,0,-758000,0,0,0,17000,775000,-758000,-758000
6005,群益證          ,904000,1663000,-759000,0,0,0,0,0,0,0,0,0,0,0,0,0,-759000
2049,上銀            ,542411,1267000,-724589,0,0,0,0,45000,-45000,7000,31000,12000,19000,8000,20000,-12000,-762589
05400P,台積電永豐95售05,0,20000,-20000,0,0,0,0,0,0,-760000,0,0,0,1008000,1768000,-760000,-780000
051405,世芯永豐95購01  ,0,0,0,0,0,0,0,0,0,-781000,0,0,0,97000,878000,-781000,-781000
03413B,臺股指凱基94熊19,0,0,0,0,0,0,0,0,0,-792000,0,0,0,156000,948000,-792000,-792000
052006,康友富邦98購01  ,0,0,0,0,0,0,0,0,0,-795000,0,0,0,254000,1049000,-795000,-795000
047983,宏達電群益93購04,0,0,0,0,0,0,0,0,0,-798000,0,0,0,0,798000,-798000,-798000
049745,國巨永豐94購04  ,0,0,0,0,0,0,0,0,0,-798000,0,0,0,111000,909000,-798000,-798000
047582,滬深2X永豐95購02,0,0,0,0,0,0,0,0,0,-800000,0,0,0,0,800000,-800000,-800000
042298,群創元大92購01  ,0,230000,-230000,0,0,0,0,0,0,-574000,0,0,0,1007000,1581000,-574000,-804000
052937,國巨兆豐97購01  ,0,0,0,0,0,0,0,0,0,-818000,0,0,0,783000,1601000,-818000,-818000
2104,國際中橡        ,564000,1386000,-822000,0,0,0,5000,0,5000,-6000,0,5000,-5000,15000,16000,-1000,-823000
4906,正文            ,74000,907000,-833000,0,0,0,0,0,0,1000,58000,28000,30000,21000,50000,-29000,-832000
2812,台中銀          ,357000,1208000,-851000,0,0,0,50000,0,50000,-33000,0,33000,-33000,0,0,0,-834000
05688P,臺股指元大96售13,0,0,0,0,0,0,0,0,0,-839000,0,0,0,258000,1097000,-839000,-839000
2377,微星            ,597000,1540500,-943500,0,0,0,2000,0,2000,72000,0,5000,-5000,96000,19000,77000,-869500
1201,味全            ,105000,953000,-848000,0,0,0,0,0,0,-34000,0,0,0,0,34000,-34000,-882000
044964,旺宏中信94購01  ,0,0,0,0,0,0,0,0,0,-888000,0,0,0,822000,1710000,-888000,-888000
052101,滬深2X兆豐96購01,0,0,0,0,0,0,0,0,0,-888000,0,0,0,12000,900000,-888000,-888000
3189,景碩            ,738000,1372000,-634000,0,0,0,0,138000,-138000,-129000,10000,127000,-117000,13000,25000,-12000,-901000
04215P,鴻海國票93售02  ,0,0,0,0,0,0,0,0,0,-917000,0,0,0,399000,1316000,-917000,-917000
042280,元石油富邦96購01,0,0,0,0,0,0,0,0,0,-921000,0,0,0,137000,1058000,-921000,-921000
050685,緯穎元富94購02  ,0,0,0,0,0,0,0,0,0,-922000,0,0,0,363000,1285000,-922000,-922000
054395,華新科永豐96購03,0,0,0,0,0,0,0,0,0,-923000,0,0,0,112000,1035000,-923000,-923000
048940,晶相光永豐94購01,0,0,0,0,0,0,0,0,0,-931000,0,0,0,147000,1078000,-931000,-931000
3706,神達            ,250000,748000,-498000,0,0,0,3000,0,3000,-446000,20000,466000,-446000,0,0,0,-941000
8215,明基材          ,134000,1079899,-945899,0,0,0,0,0,0,-2000,0,2000,-2000,0,0,0,-947899
9958,世紀鋼          ,34000,544000,-510000,0,0,0,0,200000,-200000,-268000,65000,311000,-246000,39000,61000,-22000,-978000
3035,智原            ,206000,1646000,-1440000,0,0,0,470000,0,470000,-24000,29000,16000,13000,41000,78000,-37000,-994000
03544P,鴻海群益02售07  ,0,0,0,0,0,0,0,0,0,-998000,0,0,0,0,998000,-998000,-998000
8039,台虹            ,270000,1282000,-1012000,0,0,0,0,0,0,14000,117000,87000,30000,37000,53000,-16000,-998000
3026,禾伸堂          ,411000,1326000,-915000,0,0,0,44000,0,44000,-133000,0,82000,-82000,40000,91000,-51000,-1004000
04207P,臺股指元大93售47,0,0,0,0,0,0,0,0,0,-1012000,0,0,0,13000,1025000,-1012000,-1012000
047198,奇鋐統一93購01  ,0,0,0,0,0,0,0,0,0,-1015000,0,0,0,10000,1025000,-1015000,-1015000
054685,國巨永豐97購02  ,0,0,0,0,0,0,0,0,0,-1019000,0,0,0,251000,1270000,-1019000,-1019000
2371,大同            ,983000,1819000,-836000,0,0,0,7000,0,7000,-206000,0,206000,-206000,0,0,0,-1035000
04496P,國巨國泰96售02  ,0,0,0,0,0,0,0,0,0,-1038000,0,0,0,857000,1895000,-1038000,-1038000
2615,萬海            ,563000,743000,-180000,0,0,0,0,492000,-492000,-367000,25000,392000,-367000,0,0,0,-1039000
2014,中鴻            ,854000,760000,94000,0,0,0,0,0,0,-1142000,3000,1145000,-1142000,0,0,0,-1048000
049053,可成永豐94購01  ,0,0,0,0,0,0,0,0,0,-1050000,0,0,0,0,1050000,-1050000,-1050000
044081,鴻海國票92購01  ,0,0,0,0,0,0,0,0,0,-1067000,0,0,0,28000,1095000,-1067000,-1067000
1718,中纖            ,508000,1589000,-1081000,0,0,0,0,0,0,0,0,0,0,0,0,0,-1081000
2340,光磊            ,56000,980000,-924000,0,0,0,0,118000,-118000,-47000,0,13000,-13000,69000,103000,-34000,-1089000
053917,友達國票97購03  ,0,0,0,0,0,0,0,0,0,-1096000,0,0,0,154000,1250000,-1096000,-1096000
1301,台塑            ,2009614,2912341,-902727,0,0,0,26000,155000,-129000,-83000,24000,113000,-89000,6000,0,6000,-1114727
1589,永冠-KY         ,149000,954000,-805000,0,0,0,0,157000,-157000,-159000,31000,168000,-137000,4000,26000,-22000,-1121000
052733,台郡國泰97購01  ,0,0,0,0,0,0,0,0,0,-1128000,0,0,0,136000,1264000,-1128000,-1128000
00642U,元大S&P石油     ,699000,721000,-22000,0,0,0,0,0,0,-1131000,277000,26000,251000,828000,2210000,-1382000,-1153000
1434,福懋            ,285000,1425000,-1140000,0,0,0,0,0,0,-13000,0,13000,-13000,0,0,0,-1153000
2845,遠東銀          ,305000,1444000,-1139000,0,0,0,0,0,0,-29000,0,29000,-29000,0,0,0,-1168000
3090,日電貿          ,374000,1585000,-1211000,0,0,0,0,0,0,32000,0,46000,-46000,89000,11000,78000,-1179000
2449,京元電子        ,4916990,3037000,1879990,0,0,0,3000,1850000,-1847000,-1216000,14000,647000,-633000,178000,761000,-583000,-1183010
051056,華新科群益95購03,0,0,0,0,0,0,0,0,0,-1199000,0,0,0,691000,1890000,-1199000,-1199000
2027,大成鋼          ,148640,1460000,-1311360,0,0,0,0,0,0,110000,4000,47000,-43000,315000,162000,153000,-1201360
051431,群創元富99購02  ,0,0,0,0,0,0,0,0,0,-1202000,0,0,0,1251000,2453000,-1202000,-1202000
05090P,國巨元大95售05  ,0,0,0,0,0,0,0,0,0,-1220000,0,0,0,174000,1394000,-1220000,-1220000
2201,裕隆            ,356000,1527000,-1171000,0,0,0,0,0,0,-49000,0,12000,-12000,23000,60000,-37000,-1220000
2330,台積電          ,17729312,18521235,-791923,0,0,0,96000,115000,-19000,-423000,389000,574000,-185000,451000,689000,-238000,-1233923
052852,國巨元富96購02  ,0,0,0,0,0,0,0,0,0,-1238000,0,0,0,213000,1451000,-1238000,-1238000
3673,TPK-KY          ,244000,1079000,-835000,0,0,0,0,0,0,-404000,5000,176000,-171000,10000,243000,-233000,-1239000
053029,國巨第一96購01  ,0,50000,-50000,0,0,0,0,0,0,-1196000,0,0,0,1232000,2428000,-1196000,-1246000
054713,國巨中信9B購01  ,0,0,0,0,0,0,0,0,0,-1257000,0,0,0,40000,1297000,-1257000,-1257000
1303,南亞            ,1147000,2474177,-1327177,0,0,0,107000,0,107000,-50000,1000,51000,-50000,0,0,0,-1270177
050755,和大元富94購01  ,0,0,0,0,0,0,0,0,0,-1319000,0,0,0,632000,1951000,-1319000,-1319000
2515,中工            ,383000,1755000,-1372000,0,0,0,0,0,0,18000,25000,7000,18000,0,0,0,-1354000
047206,元金2X國泰94購01,0,0,0,0,0,0,0,0,0,-1361000,0,0,0,448000,1809000,-1361000,-1361000
051143,鴻海凱基95購11  ,0,0,0,0,0,0,0,0,0,-1364000,0,0,0,415000,1779000,-1364000,-1364000
2352,佳世達          ,261000,1557000,-1296000,0,0,0,5000,0,5000,-84000,5000,59000,-54000,0,30000,-30000,-1375000
054497,國巨永豐96購05  ,0,0,0,0,0,0,0,0,0,-1415000,0,0,0,607000,2022000,-1415000,-1415000
2809,京城銀          ,225000,1763000,-1538000,0,0,0,0,0,0,69000,81000,12000,69000,0,0,0,-1469000
1101,台泥            ,3416000,5009000,-1593000,0,0,0,92000,0,92000,20000,20000,230000,-210000,241000,11000,230000,-1481000
04787P,台積電永昌96售04,0,0,0,0,0,0,0,0,0,-1506000,0,0,0,335000,1841000,-1506000,-1506000
2323,中環            ,525000,1787000,-1262000,0,0,0,0,0,0,-249000,5000,47000,-42000,0,207000,-207000,-1511000
047512,宏達電國票94購01,0,0,0,0,0,0,0,0,0,-1516000,0,0,0,489000,2005000,-1516000,-1516000
041546,群創統一93購01  ,0,0,0,0,0,0,0,0,0,-1520000,0,0,0,357000,1877000,-1520000,-1520000
042255,群創國票92購01  ,499000,0,499000,0,0,0,0,0,0,-2067000,0,0,0,160000,2227000,-2067000,-1568000
044751,鴻海凱基93購08  ,0,0,0,0,0,0,0,0,0,-1603000,0,0,0,1750000,3353000,-1603000,-1603000
05164P,南亞科元富95售04,0,0,0,0,0,0,0,0,0,-1615000,0,0,0,80000,1695000,-1615000,-1615000
3019,亞光            ,923000,2593000,-1670000,0,0,0,0,0,0,30000,24000,149000,-125000,191000,36000,155000,-1640000
2363,矽統            ,421000,2066000,-1645000,0,0,0,0,0,0,-14000,0,14000,-14000,0,0,0,-1659000
2633,台灣高鐵        ,626967,1943000,-1316033,0,0,0,0,0,0,-346000,12000,155000,-143000,5000,208000,-203000,-1662033
6116,彩晶            ,3607000,5472000,-1865000,0,0,0,0,0,0,164000,129000,115000,14000,394000,244000,150000,-1701000
05034P,台積電元大95售08,0,0,0,0,0,0,0,0,0,-1766000,0,0,0,229000,1995000,-1766000,-1766000
3711,日月光投控      ,3335944,4502000,-1166056,0,0,0,11000,315000,-304000,-307000,7000,302000,-295000,17000,29000,-12000,-1777056
047418,智邦富邦97購01  ,0,0,0,0,0,0,0,0,0,-1855000,0,0,0,20000,1875000,-1855000,-1855000
05980P,台積電永昌96售09,0,0,0,0,0,0,0,0,0,-1923000,0,0,0,660000,2583000,-1923000,-1923000
3017,奇鋐            ,1731000,3870000,-2139000,0,0,0,0,0,0,185000,69000,4000,65000,151000,31000,120000,-1954000
9904,寶成            ,1146000,3196000,-2050000,0,0,0,52000,0,52000,8000,61000,11000,50000,0,42000,-42000,-1990000
2891,中信金          ,18984133,21446000,-2461867,0,0,0,373000,0,373000,20000,104000,83000,21000,1000,2000,-1000,-2068867
00669R,國泰美國道瓊反1 ,0,0,0,0,0,0,0,0,0,-2070000,0,180000,-180000,1910000,3800000,-1890000,-2070000
2303,聯電            ,40526000,37908000,2618000,0,0,0,35000,5021000,-4986000,298000,819000,425000,394000,197000,293000,-96000,-2070000
1314,中石化          ,7866800,9249000,-1382200,0,0,0,0,0,0,-700000,0,37000,-37000,0,663000,-663000,-2082200
3037,欣興            ,2384000,4107000,-1723000,0,0,0,75000,292000,-217000,-157000,40000,82000,-42000,27000,142000,-115000,-2097000
1216,統一            ,2315247,4508803,-2193556,0,0,0,93000,0,93000,-7000,22000,26000,-4000,12000,15000,-3000,-2107556
3702,大聯大          ,531000,2125400,-1594400,0,0,0,4000,0,4000,-542000,48000,817000,-769000,227000,0,227000,-2132400
2324,仁寶            ,1016000,3647000,-2631000,0,0,0,92000,0,92000,372000,10000,41000,-31000,404000,1000,403000,-2167000
6213,聯茂            ,347000,2422000,-2075000,0,0,0,254000,0,254000,-437000,179000,361000,-182000,63000,318000,-255000,-2258000
051888,國巨元富95購05  ,0,0,0,0,0,0,0,0,0,-2310000,0,0,0,2164000,4474000,-2310000,-2310000
3049,和鑫            ,276000,2009000,-1733000,0,0,0,0,0,0,-628000,0,4000,-4000,6000,630000,-624000,-2361000
2801,彰銀            ,1452242,3897000,-2444758,0,0,0,118000,0,118000,-42000,1000,43000,-42000,0,0,0,-2368758
2882,國泰金          ,4700000,7032579,-2332579,0,0,0,167000,333000,-166000,119000,250000,40000,210000,26000,117000,-91000,-2379579
053614,台積電群益96購08,0,0,0,0,0,0,0,0,0,-2401000,0,0,0,30000,2431000,-2401000,-2401000
6505,台塑化          ,689000,3324000,-2635000,0,0,0,190000,0,190000,31000,147000,116000,31000,0,0,0,-2414000
042712,元石油國票95購01,0,0,0,0,0,0,0,0,0,-2416000,0,0,0,0,2416000,-2416000,-2416000
2412,中華電          ,1018247,3544979,-2526732,0,0,0,98000,0,98000,-159000,51000,222000,-171000,12000,0,12000,-2587732
1326,台化            ,667000,3428296,-2761296,0,0,0,84000,0,84000,13000,21000,39000,-18000,71000,40000,31000,-2664296
2881,富邦金          ,5098000,7931000,-2833000,0,0,0,145000,0,145000,-74000,11000,45000,-34000,27000,67000,-40000,-2762000
3045,台灣大          ,994148,3747000,-2752852,0,0,0,0,3000,-3000,-61000,50000,111000,-61000,0,0,0,-2816852
052655,群創統一97購01  ,0,0,0,0,0,0,0,0,0,-2839000,0,0,0,933000,3772000,-2839000,-2839000
2618,長榮航          ,841000,3733000,-2892000,0,0,0,57000,0,57000,-23000,20000,41000,-21000,0,2000,-2000,-2858000
020012,富邦行動通訊N   ,0,0,0,0,0,0,0,0,0,-2944000,0,0,0,196000,3140000,-2944000,-2944000
2880,華南金          ,1519400,4673000,-3153600,0,0,0,178000,0,178000,-54000,0,54000,-54000,0,0,0,-3029600
1504,東元            ,1395000,4383000,-2988000,0,0,0,0,0,0,-113000,7000,37000,-30000,0,83000,-83000,-3101000
054980,國巨元富97購01  ,0,0,0,0,0,0,0,0,0,-3131000,0,0,0,0,3131000,-3131000,-3131000
04401P,玉晶光兆豐94售01,0,0,0,0,0,0,0,0,0,-3140000,0,0,0,0,3140000,-3140000,-3140000
1312,國喬            ,623000,3361000,-2738000,0,0,0,0,0,0,-422000,14000,422000,-408000,32000,46000,-14000,-3160000
1402,遠東新          ,814969,4150000,-3335031,0,0,0,74000,0,74000,-39000,12000,28000,-16000,5000,28000,-23000,-3300031
2887,台新金          ,1513000,5038000,-3525000,0,0,0,197000,0,197000,-46000,0,46000,-46000,0,0,0,-3374000
4904,遠傳            ,666000,4050000,-3384000,0,0,0,0,0,0,-127000,16000,143000,-127000,0,0,0,-3511000
040498,滬深2X國票92購01,0,0,0,0,0,0,0,0,0,-3642000,0,0,0,0,3642000,-3642000,-3642000
051107,鴻海統一95購05  ,0,0,0,0,0,0,0,0,0,-3675000,0,0,0,0,3675000,-3675000,-3675000
2002,中鋼            ,2142000,6076000,-3934000,0,0,0,239000,173000,66000,-63000,4000,71000,-67000,4000,0,4000,-3931000
2603,長榮            ,691366,3539253,-2847887,0,0,0,128000,255000,-127000,-995000,177000,1172000,-995000,0,0,0,-3969887
040760,T50反1凱基95購01,0,0,0,0,0,0,0,0,0,-3988000,0,0,0,900000,4888000,-3988000,-3988000
2888,新光金          ,10216000,14254000,-4038000,0,0,0,0,0,0,-243000,1000,43000,-42000,118000,319000,-201000,-4281000
00637L,元大滬深300正2  ,729000,7758000,-7029000,0,0,0,0,0,0,2173000,0,500000,-500000,18537000,15864000,2673000,-4856000
6153,嘉聯益          ,303000,4428000,-4125000,0,0,0,0,0,0,-742000,85000,151000,-66000,104000,780000,-676000,-4867000
5880,合庫金          ,687000,5848210,-5161210,0,0,0,182000,0,182000,-55000,0,55000,-55000,0,0,0,-5034210
2885,元大金          ,2802000,7968000,-5166000,0,0,0,217000,0,217000,-199000,1000,200000,-199000,0,0,0,-5148000
2890,永豐金          ,2886000,8282000,-5396000,0,0,0,206000,0,206000,-12000,40000,52000,-12000,0,0,0,-5202000
03033P,微星國票03售01  ,0,0,0,0,0,0,0,0,0,-5351000,0,0,0,584000,5935000,-5351000,-5351000
2610,華航            ,1023000,6203000,-5180000,0,0,0,0,0,0,-386000,0,386000,-386000,0,0,0,-5566000
0050,元大台灣50      ,219000,2435000,-2216000,0,0,0,18000,0,18000,-3832475,193000,869000,-676000,277000,3433475,-3156475,-6030475
00673R,元大S&P原油反1  ,1305000,3151000,-1846000,0,0,0,0,0,0,-5369000,0,0,0,7531000,12900000,-5369000,-7215000
00677U,富邦VIX         ,10833000,23300000,-12467000,0,0,0,0,0,0,4326000,4400000,2500000,1900000,17647000,15221000,2426000,-8141000
0056,元大高股息      ,7000,39000,-32000,0,0,0,0,0,0,-8534000,20000,170000,-150000,149000,8533000,-8384000,-8566000
2883,開發金          ,2766000,12657000,-9891000,0,0,0,272000,0,272000,-60000,0,68000,-68000,132000,124000,8000,-9679000
2317,鴻海            ,13063985,19988040,-6924055,0,0,0,36000,297000,-261000,-3691000,167000,302000,-135000,857000,4413000,-3556000,-10876055
2834,臺企銀          ,1580000,13735946,-12155946,0,0,0,102000,0,102000,24000,0,60000,-60000,84000,0,84000,-12029946
