證券代號,證券名稱,外陸資買進股數(不含外資自營商),外陸資賣出股數(不含外資自營商),外陸資買賣超股數(不含外資自營商),外資自營商買進股數,外資自營商賣出股數,外資自營商買賣超股數,投信買進股數,投信賣出股數,投信買賣超股數,自營商買賣超股數,自營商買進股數(自行買賣),自營商賣出股數(自行買賣),自營商買賣超股數(自行買賣),自營商買進股數(避險),自營商賣出股數(避險),自營商買賣超股數(避險),三大法人買賣超股數
2409,友達            ,64496000,22651250,41844750,0,0,0,9484000,0,9484000,-2757000,3356000,2606000,750000,1301000,4808000,-3507000,48571750
00677U,富邦VIX         ,26017000,8163000,17854000,0,0,0,0,0,0,20837000,0,400000,-400000,22858000,1621000,21237000,38691000
00673R,元大S&P原油反1  ,0,6047000,-6047000,0,0,0,0,0,0,25738000,0,0,0,25884000,146000,25738000,19691000
2885,元大金          ,22528581,14667400,7861181,0,0,0,0,5000,-5000,699000,701000,4000,697000,2000,0,2000,8555181
2884,玉山金          ,15024063,8377800,6646263,0,0,0,0,5000,-5000,-154000,0,10000,-10000,41000,185000,-144000,6487263
2890,永豐金          ,12769643,6561890,6207753,0,0,0,0,0,0,-23000,0,8000,-8000,0,15000,-15000,6184753
2323,中環            ,7493002,1374000,6119002,0,0,0,5000,0,5000,-10000,21000,54000,-33000,99000,76000,23000,6114002
2330,台積電          ,31166051,24838585,6327466,0,0,0,258000,564000,-306000,-1557994,441000,1152000,-711000,322000,1168994,-846994,4463472
3037,欣興            ,13718045,10625230,3092815,0,0,0,3867000,2618000,1249000,20000,557000,1231000,-674000,1119000,425000,694000,4361815
051133,台積電永豐95購02,0,0,0,0,0,0,0,0,0,4179000,0,0,0,6460000,2281000,4179000,4179000
052150,台積電富邦95購07,0,0,0,0,0,0,0,0,0,3277000,0,0,0,4346000,1069000,3277000,3277000
2887,台新金          ,10576093,7458940,3117153,0,0,0,0,4000,-4000,139000,0,16000,-16000,202000,47000,155000,3252153
053564,台積電富邦99購01,0,0,0,0,0,0,0,0,0,2919000,0,0,0,2934000,15000,2919000,2919000
2327,國巨            ,3653124,1679100,1974024,0,0,0,310000,0,310000,508000,259000,129000,130000,493000,115000,378000,2792024
3231,緯創            ,6064250,4602910,1461340,0,0,0,1000000,0,1000000,217000,205000,12000,193000,488000,464000,24000,2678340
047824,臺股指凱基93購18,0,0,0,0,0,0,0,0,0,2504000,0,0,0,2504000,0,2504000,2504000
053559,台積電國泰98購01,0,0,0,0,0,0,0,0,0,2492000,0,0,0,3118000,626000,2492000,2492000
045829,滬深2X群益95購02,0,0,0,0,0,0,0,0,0,2332000,0,0,0,2332000,0,2332000,2332000
2492,華新科          ,3656000,2934933,721067,0,0,0,620000,0,620000,674000,524000,251000,273000,526000,125000,401000,2015067
052855,群創日盛99購01  ,0,0,0,0,0,0,0,0,0,2005000,0,0,0,2223000,218000,2005000,2005000
043236,台灣50兆豐93購02,0,0,0,0,0,0,0,0,0,2001000,0,0,0,2047000,46000,2001000,2001000
04167P,滬深反凱基99售01,0,0,0,0,0,0,0,0,0,1815000,0,0,0,1815000,0,1815000,1815000
054206,鴻海國票99購01  ,0,0,0,0,0,0,0,0,0,1754000,0,0,0,1868000,114000,1754000,1754000
053856,台積電富邦98購01,0,0,0,0,0,0,0,0,0,1700000,0,0,0,2199000,499000,1700000,1700000
04273P,上証反凱基99售01,0,0,0,0,0,0,0,0,0,1639000,0,0,0,1639000,0,1639000,1639000
3049,和鑫            ,2370002,1109000,1261002,0,0,0,0,0,0,355000,10000,5000,5000,377000,27000,350000,1616002
041973,台灣50中信94購01,0,0,0,0,0,0,0,0,0,1553000,0,0,0,2030000,477000,1553000,1553000
053268,日月光群益96購01,0,0,0,0,0,0,0,0,0,1519000,0,0,0,1715000,196000,1519000,1519000
055002,群創元富99購04  ,0,0,0,0,0,0,0,0,0,1515000,0,0,0,1845000,330000,1515000,1515000
2478,大毅            ,2025000,1075000,950000,0,0,0,0,0,0,563000,82000,8000,74000,676000,187000,489000,1513000
047090,緯創元富93購01  ,0,0,0,0,0,0,0,0,0,1466000,0,0,0,1475000,9000,1466000,1466000
9105,泰金寶-DR       ,1561000,118000,1443000,0,0,0,0,0,0,0,0,0,0,0,0,0,1443000
2881,富邦金          ,8327433,6681710,1645723,0,0,0,0,3000,-3000,-215000,0,59000,-59000,96000,252000,-156000,1427723
054197,台積電永昌96購07,0,0,0,0,0,0,0,0,0,1427000,0,0,0,4144000,2717000,1427000,1427000
044201,群創國票95購01  ,0,0,0,0,0,0,0,0,0,1385000,0,0,0,1827000,442000,1385000,1385000
050708,臺股指凱基96購06,0,0,0,0,0,0,0,0,0,1354000,0,0,0,1393000,39000,1354000,1354000
041452,滬深2X元富93購01,0,0,0,0,0,0,0,0,0,1319000,0,0,0,1448000,129000,1319000,1319000
055792,臺股指凱基97購15,0,0,0,0,0,0,0,0,0,1309000,0,0,0,1319000,10000,1309000,1309000
056005,臺股指永豐97購04,0,0,0,0,0,0,0,0,0,1297000,0,0,0,1302000,5000,1297000,1297000
1536,和大            ,822000,330000,492000,0,0,0,717000,0,717000,63000,192000,153000,39000,76000,52000,24000,1272000
050100,台積電永昌96購02,0,0,0,0,0,0,0,0,0,1242000,0,0,0,1701000,459000,1242000,1242000
052986,聯發科元大97購05,0,0,0,0,0,0,0,0,0,1241000,0,0,0,2375000,1134000,1241000,1241000
2324,仁寶            ,2989311,1989200,1000111,0,0,0,0,0,0,238000,49000,16000,33000,225000,20000,205000,1238111
044303,群創兆豐92購01  ,0,0,0,0,0,0,0,0,0,1196000,0,0,0,1196000,0,1196000,1196000
052533,聯發科國泰96購03,0,0,0,0,0,0,0,0,0,1191000,0,0,0,1196000,5000,1191000,1191000
049903,大立光元富94購06,0,0,0,0,0,0,0,0,0,1186000,0,0,0,1363000,177000,1186000,1186000
048527,鴻海國票94購02  ,0,0,0,0,0,0,0,0,0,1175000,0,0,0,1175000,0,1175000,1175000
052749,日月光元大96購02,0,0,0,0,0,0,0,0,0,1174000,0,0,0,1669000,495000,1174000,1174000
045522,滬深2X永豐94購01,0,0,0,0,0,0,0,0,0,1150000,0,0,0,1500000,350000,1150000,1150000
054186,高鐵永豐96購01  ,0,0,0,0,0,0,0,0,0,1135000,0,0,0,1135000,0,1135000,1135000
055003,群創元富99購05  ,0,0,0,0,0,0,0,0,0,1109000,0,0,0,1308000,199000,1109000,1109000
052416,滬深2X兆豐96購02,0,0,0,0,0,0,0,0,0,1083000,0,0,0,1109000,26000,1083000,1083000
6251,定穎            ,2136000,1723000,413000,0,0,0,0,0,0,635000,851000,216000,635000,0,0,0,1048000
08465P,玉晶光兆豐01售02,0,0,0,0,0,0,0,0,0,1047000,0,0,0,1047000,0,1047000,1047000
051297,台積電凱基95購07,0,0,0,0,0,0,0,0,0,1031000,0,0,0,1523000,492000,1031000,1031000
054359,南亞科日盛96購02,0,0,0,0,0,0,0,0,0,1028000,0,0,0,1088000,60000,1028000,1028000
052350,鴻海統一96購06  ,0,0,0,0,0,0,0,0,0,1027000,0,0,0,1027000,0,1027000,1027000
048781,臺股指凱基96購01,0,0,0,0,0,0,0,0,0,1022000,0,0,0,1052000,30000,1022000,1022000
051201,台積電麥證95購02,0,0,0,1123000,110000,1013000,0,0,0,1013000,0,0,0,1123000,110000,1013000,1013000
05199P,訊芯永豐95售02  ,0,0,0,0,0,0,0,0,0,998000,0,0,0,1223000,225000,998000,998000
03171P,台積電中信05售07,0,0,0,0,0,0,0,0,0,988000,0,0,0,988000,0,988000,988000
056094,大立光元富97購03,0,0,0,0,0,0,0,0,0,988000,0,0,0,1030000,42000,988000,988000
050561,上証2X元富97購01,0,0,0,0,0,0,0,0,0,976000,0,0,0,1057000,81000,976000,976000
06313P,訊芯元富97售01  ,0,0,0,0,0,0,0,0,0,975000,0,0,0,1068000,93000,975000,975000
052655,群創統一97購01  ,0,0,0,0,0,0,0,0,0,964000,0,0,0,1160000,196000,964000,964000
049295,全新群益94購02  ,0,0,0,0,0,0,0,0,0,960000,0,0,0,960000,0,960000,960000
053244,光磊國票97購01  ,0,0,0,0,0,0,0,0,0,951000,0,0,0,995000,44000,951000,951000
044291,群創凱基93購06  ,0,0,0,0,0,0,0,0,0,950000,0,0,0,2163000,1213000,950000,950000
056033,T50正2凱基99購02,0,0,0,0,0,0,0,0,0,947000,0,0,0,968000,21000,947000,947000
03293P,和碩元大02售01  ,0,0,0,0,0,0,0,0,0,938000,0,0,0,938000,0,938000,938000
050405,新光金麥證94購01,0,0,0,1035000,99000,936000,0,0,0,936000,0,0,0,1035000,99000,936000,936000
051488,健策凱基96購04  ,0,0,0,0,0,0,0,0,0,932000,0,0,0,952000,20000,932000,932000
052722,群創統一97購02  ,0,0,0,0,0,0,0,0,0,931000,0,0,0,931000,0,931000,931000
051614,元金2X凱基97購01,0,0,0,0,0,0,0,0,0,920000,0,0,0,1047000,127000,920000,920000
00708L,元大S&P黃金正2  ,0,0,0,0,0,0,0,0,0,915000,0,24000,-24000,2162000,1223000,939000,915000
052504,鴻海日盛95購03  ,0,0,0,0,0,0,0,0,0,907000,0,0,0,957000,50000,907000,907000
048076,亞光第一94購01  ,0,0,0,0,0,0,0,0,0,898000,0,0,0,900000,2000,898000,898000
055428,友達群益9C購01  ,0,0,0,0,0,0,0,0,0,895000,0,0,0,895000,0,895000,895000
054953,華新科元大97購05,0,0,0,0,0,0,0,0,0,882000,0,0,0,972000,90000,882000,882000
053649,台積電凱基97購05,0,0,0,0,0,0,0,0,0,882000,0,0,0,1064000,182000,882000,882000
044125,美律凱基93購01  ,0,0,0,0,0,0,0,0,0,879000,0,0,0,879000,0,879000,879000
00631L,元大台灣50正2   ,72000,37000,35000,0,0,0,0,0,0,827000,0,3000,-3000,1052000,222000,830000,862000
051056,華新科群益95購03,0,0,0,0,0,0,0,0,0,857000,0,0,0,857000,0,857000,857000
055402,正文元富97購02  ,0,0,0,0,0,0,0,0,0,849000,0,0,0,859000,10000,849000,849000
052035,臺股指群益95購08,0,0,0,0,0,0,0,0,0,848000,0,0,0,848000,0,848000,848000
047447,台郡元大94購02  ,0,0,0,0,0,0,0,0,0,846000,0,0,0,868000,22000,846000,846000
053484,國巨國票97購03  ,0,0,0,0,0,0,0,0,0,837000,0,0,0,1332000,495000,837000,837000
053029,國巨第一96購01  ,0,0,0,0,0,0,0,0,0,834000,0,0,0,1507000,673000,834000,834000
2345,智邦            ,2479597,1428601,1050996,0,0,0,33000,114000,-81000,-136000,137000,263000,-126000,145000,155000,-10000,833996
051888,國巨元富95購05  ,0,0,0,0,0,0,0,0,0,831000,0,0,0,1785000,954000,831000,831000
006205,富邦上証        ,1385000,90000,1295000,0,0,0,0,0,0,-475000,110000,110000,0,2343000,2818000,-475000,820000
055578,群創統一98購03  ,0,0,0,0,0,0,0,0,0,812000,0,0,0,812000,0,812000,812000
052832,益航群益96購01  ,0,0,0,0,0,0,0,0,0,804000,0,0,0,976000,172000,804000,804000
053179,大立光統一96購04,0,0,0,0,0,0,0,0,0,801000,0,0,0,802000,1000,801000,801000
053860,台積電元大98購03,0,0,0,0,0,0,0,0,0,796000,0,0,0,908000,112000,796000,796000
047206,元金2X國泰94購01,0,0,0,0,0,0,0,0,0,782000,0,0,0,1357000,575000,782000,782000
4564,元翎            ,836000,57000,779000,0,0,0,0,0,0,-1000,0,1000,-1000,0,0,0,778000
047827,東陽元大93購01  ,0,0,0,0,0,0,0,0,0,771000,0,0,0,771000,0,771000,771000
03111P,元油2X富邦97售01,0,0,0,0,0,0,0,0,0,759000,0,0,0,759000,0,759000,759000
054633,臺股指凱基9A購02,0,0,0,0,0,0,0,0,0,756000,0,0,0,759000,3000,756000,756000
04462P,全新元富96售01  ,0,0,0,0,0,0,0,0,0,745000,0,0,0,755000,10000,745000,745000
045694,智邦兆豐93購05  ,0,0,0,0,0,0,0,0,0,743000,0,0,0,775000,32000,743000,743000
051473,台積電凱基95購10,0,0,0,0,0,0,0,0,0,741000,0,0,0,832000,91000,741000,741000
04869P,鴻海元富95售02  ,0,0,0,0,0,0,0,0,0,733000,0,0,0,835000,102000,733000,733000
00636,國泰中國A50     ,283000,617000,-334000,0,0,0,0,0,0,1065000,10000,10000,0,1647000,582000,1065000,731000
052852,國巨元富96購02  ,0,0,0,0,0,0,0,0,0,729000,0,0,0,1878000,1149000,729000,729000
051691,台表科凱基95購01,0,0,0,0,0,0,0,0,0,711000,0,0,0,755000,44000,711000,711000
046328,臻鼎元大92購09  ,0,0,0,0,0,0,0,0,0,700000,0,0,0,700000,0,700000,700000
053626,台積電兆豐96購03,0,0,0,0,0,0,0,0,0,699000,0,0,0,964000,265000,699000,699000
050799,嘉聯益中信98購01,0,0,0,0,0,0,0,0,0,699000,0,0,0,699000,0,699000,699000
051843,聯發科富邦99購01,0,0,0,0,0,0,0,0,0,693000,0,0,0,1726000,1033000,693000,693000
053868,群創元大99購02  ,0,0,0,0,0,0,0,0,0,691000,0,0,0,929000,238000,691000,691000
047165,東陽康和93購01  ,0,0,0,0,0,0,0,0,0,690000,0,0,0,690000,0,690000,690000
054494,訊芯台新96購01  ,0,0,0,0,0,0,0,0,0,682000,0,0,0,682000,0,682000,682000
055037,宏盛富邦99購01  ,0,0,0,0,0,0,0,0,0,675000,0,0,0,675000,0,675000,675000
052225,台積電凱基96購03,0,0,0,0,0,0,0,0,0,674000,0,0,0,789000,115000,674000,674000
053512,台積電群益96購06,0,0,0,0,0,0,0,0,0,669000,0,0,0,881000,212000,669000,669000
036805,國巨元富93購02  ,0,0,0,0,0,0,0,0,0,662000,0,0,0,1052000,390000,662000,662000
055645,技嘉元富97購01  ,0,0,0,0,0,0,0,0,0,658000,0,0,0,858000,200000,658000,658000
047004,台積電統一99購01,0,2000,-2000,0,0,0,0,0,0,659000,0,0,0,724000,65000,659000,657000
1227,佳格            ,1016806,369512,647294,0,0,0,8000,0,8000,-3000,2000,5000,-3000,0,0,0,652294
053439,台積電凱基96購11,0,0,0,0,0,0,0,0,0,645000,0,0,0,723000,78000,645000,645000
053863,聯發科元大96購18,0,0,0,0,0,0,0,0,0,639000,0,0,0,1074000,435000,639000,639000
052595,奇力新群益96購01,0,0,0,0,0,0,0,0,0,634000,0,0,0,764000,130000,634000,634000
055527,旺宏群益99購03  ,0,0,0,0,0,0,0,0,0,631000,0,0,0,820000,189000,631000,631000
056093,大毅元富97購01  ,0,0,0,0,0,0,0,0,0,627000,0,0,0,847000,220000,627000,627000
049414,台積電凱基94購18,0,0,0,0,0,0,0,0,0,615000,0,0,0,643000,28000,615000,615000
053098,國巨元富96購04  ,0,0,0,0,0,0,0,0,0,615000,0,0,0,963000,348000,615000,615000
052702,群創國票97購03  ,0,0,0,0,0,0,0,0,0,607000,0,0,0,635000,28000,607000,607000
051370,聯詠富邦97購01  ,0,0,0,0,0,0,0,0,0,607000,0,0,0,653000,46000,607000,607000
048840,上海銀凱基94購02,0,0,0,0,0,0,0,0,0,599000,0,0,0,599000,0,599000,599000
048194,華邦電元大94購04,0,0,0,0,0,0,0,0,0,598000,0,0,0,598000,0,598000,598000
051732,華通國票97購01  ,0,0,0,0,0,0,0,0,0,598000,0,0,0,828000,230000,598000,598000
044270,群創中信95購02  ,0,0,0,0,0,0,0,0,0,595000,0,0,0,675000,80000,595000,595000
2392,正崴            ,1350000,679000,671000,0,0,0,0,0,0,-76000,15000,169000,-154000,110000,32000,78000,595000
3189,景碩            ,945000,543000,402000,0,0,0,49000,50000,-1000,191000,41000,13000,28000,190000,27000,163000,592000
053670,台積電統一96購09,0,0,0,0,0,0,0,0,0,589000,0,0,0,589000,0,589000,589000
049849,欣興群益94購04  ,0,0,0,0,0,0,0,0,0,579000,0,0,0,699000,120000,579000,579000
051533,健鼎國票96購02  ,0,0,0,0,0,0,0,0,0,577000,0,0,0,583000,6000,577000,577000
4968,立積            ,1122000,497000,625000,0,0,0,0,0,0,-48000,0,48000,-48000,0,0,0,577000
054046,義隆元大96購02  ,0,0,0,0,0,0,0,0,0,575000,0,0,0,683000,108000,575000,575000
050984,大立光國泰97購01,0,0,0,0,0,0,0,0,0,574000,0,0,0,1152000,578000,574000,574000
052813,T50正2永豐96購01,0,0,0,0,0,0,0,0,0,571000,0,0,0,581000,10000,571000,571000
06101P,聯發科日盛97售03,0,0,0,0,0,0,0,0,0,568000,0,0,0,600000,32000,568000,568000
053887,聯茂兆豐97購02  ,0,0,0,0,0,0,0,0,0,566000,0,0,0,808000,242000,566000,566000
047980,東陽群益93購02  ,0,0,0,0,0,0,0,0,0,565000,0,0,0,565000,0,565000,565000
050223,聯茂元富94購02  ,0,0,0,0,0,0,0,0,0,565000,0,0,0,600000,35000,565000,565000
3041,揚智            ,754001,189000,565001,0,0,0,0,0,0,-1000,0,1000,-1000,0,0,0,564001
3673,TPK-KY          ,1099000,616000,483000,0,0,0,0,0,0,78000,78000,3000,75000,14000,11000,3000,561000
044190,聯詠富邦93購01  ,0,0,0,0,0,0,0,0,0,558000,0,0,0,658000,100000,558000,558000
051944,智邦統一95購02  ,0,0,0,0,0,0,0,0,0,557000,0,0,0,1340000,783000,557000,557000
055398,超眾統一97購03  ,0,0,0,0,0,0,0,0,0,555000,0,0,0,648000,93000,555000,555000
053522,臺股指群益99購01,0,0,0,0,0,0,0,0,0,553000,0,0,0,603000,50000,553000,553000
054843,中環兆豐97購01  ,0,0,0,0,0,0,0,0,0,549000,0,0,0,559000,10000,549000,549000
051943,台積電麥證95購03,0,0,0,986000,441000,545000,0,0,0,545000,0,0,0,986000,441000,545000,545000
049875,台積電永豐94購04,0,0,0,0,0,0,0,0,0,544000,0,0,0,1060000,516000,544000,544000
042754,元黃金元大93購01,0,0,0,0,0,0,0,0,0,542000,0,0,0,543000,1000,542000,542000
053210,華邦電凱基97購02,0,0,0,0,0,0,0,0,0,542000,0,0,0,587000,45000,542000,542000
047075,群創兆豐93購01  ,0,0,0,0,0,0,0,0,0,541000,0,0,0,541000,0,541000,541000
054860,台積電群益98購01,0,0,0,0,0,0,0,0,0,540000,0,0,0,592000,52000,540000,540000
052498,台積電永豐95購06,0,0,0,0,0,0,0,0,0,539000,0,0,0,1105000,566000,539000,539000
053390,彩晶元大9A購01  ,0,0,0,0,0,0,0,0,0,537000,0,0,0,604000,67000,537000,537000
050258,為升元大94購08  ,0,0,0,0,0,0,0,0,0,536000,0,0,0,570000,34000,536000,536000
050281,台積電日盛94購03,0,0,0,0,0,0,0,0,0,535000,0,0,0,645000,110000,535000,535000
053645,臺股指國票96購08,0,0,0,0,0,0,0,0,0,531000,0,0,0,536000,5000,531000,531000
052284,日月光凱基96購01,0,0,0,0,0,0,0,0,0,530000,0,0,0,530000,0,530000,530000
051188,鴻海兆豐95購01  ,0,0,0,0,0,0,0,0,0,527000,0,0,0,570000,43000,527000,527000
04654P,臺股指凱基94售13,0,0,0,0,0,0,0,0,0,522000,0,0,0,817000,295000,522000,522000
055451,台積電元富97購02,0,0,0,0,0,0,0,0,0,519000,0,0,0,1585000,1066000,519000,519000
042752,台灣50元大96購03,0,0,0,0,0,0,0,0,0,517000,0,0,0,548000,31000,517000,517000
2329,華泰            ,551000,150000,401000,0,0,0,0,0,0,116000,0,16000,-16000,170000,38000,132000,517000
054570,易華電群益98購01,0,0,0,0,0,0,0,0,0,515000,0,0,0,529000,14000,515000,515000
047034,東陽群益93購01  ,0,0,0,0,0,0,0,0,0,515000,0,0,0,515000,0,515000,515000
047604,智原國泰95購01  ,0,0,0,0,0,0,0,0,0,514000,0,0,0,524000,10000,514000,514000
2338,光罩            ,1271000,1151000,120000,0,0,0,0,0,0,394000,52000,20000,32000,425000,63000,362000,514000
039908,元油反富邦92購01,0,0,0,0,0,0,0,0,0,510000,0,0,0,510000,0,510000,510000
049164,滬深2X日盛94購01,0,0,0,0,0,0,0,0,0,510000,0,0,0,510000,0,510000,510000
05917P,宏達電元大96售02,0,0,0,0,0,0,0,0,0,509000,0,0,0,720000,211000,509000,509000
050612,台積電元大95購06,0,0,0,0,0,0,0,0,0,506000,0,0,0,590000,84000,506000,506000
2498,宏達電          ,777000,356210,420790,0,0,0,0,0,0,84000,76000,13000,63000,31000,10000,21000,504790
6669,緯穎            ,650073,314313,335760,0,0,0,176000,14000,162000,7000,21000,99000,-78000,103000,18000,85000,504760
047733,友達兆豐95購01  ,0,0,0,0,0,0,0,0,0,504000,0,0,0,547000,43000,504000,504000
3682,亞太電          ,1249000,747000,502000,0,0,0,0,0,0,0,0,0,0,0,0,0,502000
055703,緯穎富邦98購01  ,0,0,0,0,0,0,0,0,0,501000,0,0,0,872000,371000,501000,501000
052782,超眾國票96購02  ,0,0,0,0,0,0,0,0,0,500000,0,0,0,500000,0,500000,500000
053747,滬深2X永豐96購05,0,0,0,0,0,0,0,0,0,499000,0,0,0,499000,0,499000,499000
047983,宏達電群益93購04,0,0,0,0,0,0,0,0,0,499000,0,0,0,499000,0,499000,499000
050937,可成國票96購02  ,0,0,0,0,0,0,0,0,0,499000,0,0,0,499000,0,499000,499000
049152,大立光元大95購06,0,0,0,0,0,0,0,0,0,498000,0,0,0,511000,13000,498000,498000
047571,滬深2X群益99購01,0,0,0,0,0,0,0,0,0,498000,0,0,0,773000,275000,498000,498000
051288,可成統一95購03  ,0,0,0,0,0,0,0,0,0,498000,0,0,0,498000,0,498000,498000
054159,T50正2凱基99購01,0,0,0,0,0,0,0,0,0,497000,0,0,0,512000,15000,497000,497000
04855P,上証2X元富94售02,0,0,0,0,0,0,0,0,0,496000,0,0,0,1466000,970000,496000,496000
055426,旺宏群益99購02  ,0,0,0,0,0,0,0,0,0,493000,0,0,0,725000,232000,493000,493000
054073,群創富邦96購03  ,0,0,0,0,0,0,0,0,0,492000,0,0,0,578000,86000,492000,492000
055998,臺股指富邦99購01,0,0,0,0,0,0,0,0,0,492000,0,0,0,492000,0,492000,492000
2360,致茂            ,788059,210000,578059,0,0,0,0,57000,-57000,-30000,9000,18000,-9000,2000,23000,-21000,491059
053452,臺股指凱基97購01,0,0,0,0,0,0,0,0,0,491000,0,0,0,520000,29000,491000,491000
051674,臻鼎元大95購02  ,0,0,0,0,0,0,0,0,0,491000,0,0,0,498000,7000,491000,491000
049635,臺股指群益94購08,0,0,0,0,0,0,0,0,0,490000,0,0,0,503000,13000,490000,490000
050758,聯發科元富9B購01,0,0,0,0,0,0,0,0,0,490000,0,0,0,490000,0,490000,490000
054354,技嘉富邦97購01  ,0,0,0,0,0,0,0,0,0,488000,0,0,0,508000,20000,488000,488000
047966,華通國泰94購01  ,0,0,0,0,0,0,0,0,0,488000,0,0,0,523000,35000,488000,488000
053789,彩晶元大9C購02  ,0,0,0,0,0,0,0,0,0,486000,0,0,0,503000,17000,486000,486000
052095,彩晶元大97購01  ,0,0,0,0,0,0,0,0,0,486000,0,0,0,513000,27000,486000,486000
053458,聯詠國泰97購01  ,0,0,0,0,0,0,0,0,0,485000,0,0,0,891000,406000,485000,485000
053389,彩晶元大98購01  ,0,0,0,0,0,0,0,0,0,485000,0,0,0,605000,120000,485000,485000
05668P,滬深2X永豐96售04,0,0,0,0,0,0,0,0,0,484000,0,0,0,494000,10000,484000,484000
052000,鈺齊元大95購03  ,0,0,0,0,0,0,0,0,0,483000,0,0,0,674000,191000,483000,483000
052669,群創群益98購06  ,0,0,0,0,0,0,0,0,0,482000,0,0,0,981000,499000,482000,482000
047285,鴻海統一95購02  ,0,0,0,0,0,0,0,0,0,480000,0,0,0,1113000,633000,480000,480000
054237,茂林群益97購01  ,0,0,0,0,0,0,0,0,0,479000,0,0,0,624000,145000,479000,479000
046645,技嘉國泰94購01  ,0,0,0,0,0,0,0,0,0,479000,0,0,0,630000,151000,479000,479000
6288,聯嘉            ,771000,291000,480000,0,0,0,0,0,0,-5000,4000,9000,-5000,0,0,0,475000
3380,明泰            ,890000,306689,583311,0,0,0,0,0,0,-110000,219000,401000,-182000,72000,0,72000,473311
053666,臺股指凱基96購29,0,0,0,0,0,0,0,0,0,471000,0,0,0,484000,13000,471000,471000
052970,美律群益96購01  ,0,0,0,0,0,0,0,0,0,470000,0,0,0,621000,151000,470000,470000
05180P,玉晶光凱基95售04,0,0,0,0,0,0,0,0,0,470000,0,0,0,530000,60000,470000,470000
053982,臻鼎元大96購05  ,0,0,0,0,0,0,0,0,0,469000,0,0,0,499000,30000,469000,469000
2312,金寶            ,1133000,1368000,-235000,0,0,0,0,0,0,703000,59000,109000,-50000,991000,238000,753000,468000
051799,台積電永豐96購01,0,0,0,0,0,0,0,0,0,459000,0,0,0,474000,15000,459000,459000
053813,友達群益9A購03  ,0,0,0,0,0,0,0,0,0,458000,0,0,0,458000,0,458000,458000
053738,群創麥證96購01  ,0,0,0,463000,5000,458000,0,0,0,458000,0,0,0,463000,5000,458000,458000
054713,國巨中信9B購01  ,0,0,0,0,0,0,0,0,0,457000,0,0,0,1055000,598000,457000,457000
052913,鴻海元富96購05  ,0,0,0,0,0,0,0,0,0,457000,0,0,0,980000,523000,457000,457000
053317,友達群益9A購02  ,0,0,0,0,0,0,0,0,0,457000,0,0,0,457000,0,457000,457000
052531,台積電國泰96購06,0,0,0,0,0,0,0,0,0,457000,0,0,0,870000,413000,457000,457000
053763,T50反1富邦98購01,0,0,0,0,0,0,0,0,0,456000,0,0,0,456000,0,456000,456000
053032,國巨兆豐97購02  ,0,0,0,0,0,0,0,0,0,456000,0,0,0,521000,65000,456000,456000
3515,華擎            ,645000,356000,289000,0,0,0,100000,0,100000,67000,55000,21000,34000,127000,94000,33000,456000
046845,燿華永豐93購01  ,0,0,0,0,0,0,0,0,0,455000,0,0,0,455000,0,455000,455000
051915,日月光元大96購01,0,0,0,0,0,0,0,0,0,454000,0,0,0,568000,114000,454000,454000
3702,大聯大          ,2196199,1772446,423753,0,0,0,0,2000,-2000,31000,5000,74000,-69000,100000,0,100000,452753
047726,友達群益94購02  ,0,0,0,0,0,0,0,0,0,452000,0,0,0,452000,0,452000,452000
053717,聯發科凱基96購17,0,0,0,0,0,0,0,0,0,449000,0,0,0,660000,211000,449000,449000
048149,泰鼎元富95購01  ,0,0,0,0,0,0,0,0,0,447000,0,0,0,472000,25000,447000,447000
054432,台積電台新96購05,0,0,0,0,0,0,0,0,0,445000,0,0,0,450000,5000,445000,445000
053106,鴻海兆豐98購01  ,0,0,0,0,0,0,0,0,0,445000,0,0,0,510000,65000,445000,445000
053812,台積電群益96購09,0,0,0,0,0,0,0,0,0,443000,0,0,0,454000,11000,443000,443000
049205,聯發科群益94購05,0,0,0,0,0,0,0,0,0,442000,0,0,0,1001000,559000,442000,442000
8028,昇陽半導體      ,565000,182000,383000,0,0,0,0,0,0,59000,2000,7000,-5000,80000,16000,64000,442000
054902,億光康和97購01  ,0,0,0,0,0,0,0,0,0,441000,0,0,0,460000,19000,441000,441000
052589,群創永豐97購01  ,0,0,0,0,0,0,0,0,0,441000,0,0,0,471000,30000,441000,441000
049427,瑞昱兆豐94購01  ,0,0,0,0,0,0,0,0,0,438000,0,0,0,490000,52000,438000,438000
051844,宏達電富邦96購01,0,0,0,0,0,0,0,0,0,438000,0,0,0,439000,1000,438000,438000
053846,友達元富99購02  ,0,0,0,0,0,0,0,0,0,437000,0,0,0,1115000,678000,437000,437000
046480,群創元富96購01  ,0,0,0,0,0,0,0,0,0,437000,0,0,0,582000,145000,437000,437000
050481,泰鼎國票96購01  ,0,0,0,0,0,0,0,0,0,437000,0,0,0,499000,62000,437000,437000
050142,聯發科元富9A購01,0,0,0,0,0,0,0,0,0,436000,0,0,0,631000,195000,436000,436000
052796,和碩兆豐96購01  ,0,0,0,0,0,0,0,0,0,434000,0,0,0,466000,32000,434000,434000
056109,彩晶永豐98購01  ,0,0,0,0,0,0,0,0,0,434000,0,0,0,454000,20000,434000,434000
052032,臺股指群益95購05,0,0,0,0,0,0,0,0,0,433000,0,0,0,434000,1000,433000,433000
2340,光磊            ,440000,346000,94000,0,0,0,0,0,0,339000,0,5000,-5000,400000,56000,344000,433000
055403,泰鼎元富97購01  ,0,0,0,0,0,0,0,0,0,432000,0,0,0,703000,271000,432000,432000
050983,新光金國泰97購01,0,0,0,0,0,0,0,0,0,432000,0,0,0,645000,213000,432000,432000
046949,群創元大99購01  ,0,0,0,0,0,0,0,0,0,430000,0,0,0,721000,291000,430000,430000
052856,滬深2X凱基98購01,0,0,0,0,0,0,0,0,0,430000,0,0,0,430000,0,430000,430000
044200,群創國票93購01  ,0,0,0,0,0,0,0,0,0,429000,0,0,0,429000,0,429000,429000
052658,友達元富9C購01  ,0,0,0,0,0,0,0,0,0,429000,0,0,0,442000,13000,429000,429000
055525,國巨群益98購05  ,0,0,0,0,0,0,0,0,0,427000,0,0,0,431000,4000,427000,427000
047173,群創永豐93購01  ,0,0,0,0,0,0,0,0,0,426000,0,0,0,426000,0,426000,426000
053097,超眾統一96購03  ,0,0,0,0,0,0,0,0,0,425000,0,0,0,485000,60000,425000,425000
05133P,臺股指日盛95售01,0,0,0,0,0,0,0,0,0,424000,0,0,0,495000,71000,424000,424000
4938,和碩            ,6388073,5919500,468573,0,0,0,0,1000,-1000,-44000,2000,24000,-22000,76000,98000,-22000,423573
055004,群創元富99購06  ,0,0,0,0,0,0,0,0,0,423000,0,0,0,609000,186000,423000,423000
046184,台光電凱基93購08,0,0,0,0,0,0,0,0,0,421000,0,0,0,603000,182000,421000,421000
050115,群創元大96購01  ,0,0,0,0,0,0,0,0,0,419000,0,0,0,604000,185000,419000,419000
053045,國巨中信97購01  ,0,0,0,0,0,0,0,0,0,418000,0,0,0,566000,148000,418000,418000
047495,新日興元富96購01,0,0,0,0,0,0,0,0,0,416000,0,0,0,553000,137000,416000,416000
056146,台虹元大98購01  ,0,0,0,0,0,0,0,0,0,416000,0,0,0,416000,0,416000,416000
052013,台積電永豐95購04,0,0,0,0,0,0,0,0,0,415000,0,0,0,774000,359000,415000,415000
050724,國巨國票96購01  ,0,0,0,0,0,0,0,0,0,413000,0,0,0,511000,98000,413000,413000
053686,台積電元大97購08,0,0,0,0,0,0,0,0,0,412000,0,0,0,520000,108000,412000,412000
052836,旺宏國泰98購01  ,0,0,0,0,0,0,0,0,0,408000,0,0,0,577000,169000,408000,408000
1590,亞德客-KY       ,736176,638485,97691,0,0,0,259000,5000,254000,56000,1000,0,1000,68000,13000,55000,407691
052123,泰碩國票95購01  ,0,0,0,0,0,0,0,0,0,407000,0,0,0,439000,32000,407000,407000
051792,泰鼎國票96購02  ,0,0,0,0,0,0,0,0,0,405000,0,0,0,405000,0,405000,405000
2481,強茂            ,458000,333000,125000,0,0,0,0,0,0,279000,6000,2000,4000,288000,13000,275000,404000
05439P,聯發科國票95售06,0,0,0,0,0,0,0,0,0,400000,0,0,0,400000,0,400000,400000
03511P,臺股指群益02售16,0,0,0,0,0,0,0,0,0,400000,0,0,0,400000,0,400000,400000
050484,世紀鋼國票95購02,0,0,0,0,0,0,0,0,0,400000,0,0,0,400000,0,400000,400000
050770,全新元大94購04  ,0,0,0,0,0,0,0,0,0,400000,0,0,0,400000,0,400000,400000
03583P,微星元大02售03  ,0,0,0,0,0,0,0,0,0,399000,0,0,0,399000,0,399000,399000
052791,友達兆豐97購01  ,0,0,0,0,0,0,0,0,0,399000,0,0,0,470000,71000,399000,399000
055268,和大元大97購01  ,0,0,0,0,0,0,0,0,0,397000,0,0,0,400000,3000,397000,397000
053293,聯發科中信9B購01,0,0,0,0,0,0,0,0,0,397000,0,0,0,440000,43000,397000,397000
048893,南電元富94購01  ,0,0,0,0,0,0,0,0,0,396000,0,0,0,451000,55000,396000,396000
048284,臺股指中信95購04,0,0,0,0,0,0,0,0,0,394000,0,0,0,594000,200000,394000,394000
052036,臺股指群益95購09,0,0,0,0,0,0,0,0,0,394000,0,0,0,404000,10000,394000,394000
053662,矽力凱基97購01  ,0,0,0,0,0,0,0,0,0,393000,0,0,0,428000,35000,393000,393000
050416,高股息凱基96購02,0,0,0,0,0,0,0,0,0,393000,0,0,0,396000,3000,393000,393000
049499,康控元大96購01  ,0,0,0,0,0,0,0,0,0,390000,0,0,0,551000,161000,390000,390000
052698,深中小國票99購01,0,0,0,0,0,0,0,0,0,389000,0,0,0,769000,380000,389000,389000
2354,鴻準            ,1392748,994650,398098,0,0,0,0,0,0,-10000,5000,15000,-10000,0,0,0,388098
054198,台積電永昌96購08,0,0,0,0,0,0,0,0,0,385000,0,0,0,654000,269000,385000,385000
055853,群創元大98購03  ,0,0,0,0,0,0,0,0,0,381000,0,0,0,429000,48000,381000,381000
047493,旺宏元富96購01  ,0,0,0,0,0,0,0,0,0,381000,0,0,0,685000,304000,381000,381000
044198,友達國票92購01  ,0,0,0,0,0,0,0,0,0,380000,0,0,0,380000,0,380000,380000
047250,日月光群益94購01,0,0,0,0,0,0,0,0,0,379000,0,0,0,481000,102000,379000,379000
042679,群創元大92購02  ,0,0,0,0,0,0,0,0,0,378000,0,0,0,378000,0,378000,378000
052752,臺股指元大96購06,0,0,0,0,0,0,0,0,0,378000,0,0,0,428000,50000,378000,378000
052031,臺股指群益95購04,0,0,0,0,0,0,0,0,0,378000,0,0,0,405000,27000,378000,378000
053584,友達元大9B購02  ,0,0,0,0,0,0,0,0,0,376000,0,0,0,377000,1000,376000,376000
050988,廣達富邦95購01  ,0,0,0,0,0,0,0,0,0,376000,0,0,0,710000,334000,376000,376000
03643C,臺股指元富99牛04,0,0,0,0,0,0,0,0,0,375000,0,0,0,419000,44000,375000,375000
056195,群創富邦98購01  ,0,0,0,0,0,0,0,0,0,374000,0,0,0,612000,238000,374000,374000
053567,群創富邦97購01  ,0,0,0,0,0,0,0,0,0,372000,0,0,0,404000,32000,372000,372000
053581,台積電元大96購14,0,0,0,0,0,0,0,0,0,372000,0,0,0,778000,406000,372000,372000
054219,楠梓電統一97購01,0,0,0,0,0,0,0,0,0,372000,0,0,0,421000,49000,372000,372000
049971,台郡國票95購01  ,0,0,0,0,0,0,0,0,0,372000,0,0,0,372000,0,372000,372000
00641R,富邦日本反1     ,329000,0,329000,0,0,0,0,0,0,42000,0,0,0,204000,162000,42000,371000
046650,台表科國泰94購01,0,0,0,0,0,0,0,0,0,370000,0,0,0,370000,0,370000,370000
054304,台積電凱基96購23,0,0,0,0,0,0,0,0,0,366000,0,0,0,366000,0,366000,366000
051506,台積電元富95購06,0,0,0,0,0,0,0,0,0,366000,0,0,0,853000,487000,366000,366000
049545,台積電群益94購09,0,0,0,0,0,0,0,0,0,365000,0,0,0,398000,33000,365000,365000
050220,台積電元富96購01,0,0,0,0,0,0,0,0,0,364000,0,0,0,545000,181000,364000,364000
052131,台積電凱基96購01,0,0,0,0,0,0,0,0,0,364000,0,0,0,409000,45000,364000,364000
1515,力山            ,1014000,655000,359000,0,0,0,0,0,0,5000,0,2000,-2000,7000,0,7000,364000
054329,華新科永豐96購02,0,0,0,0,0,0,0,0,0,362000,0,0,0,493000,131000,362000,362000
052201,超眾統一96購01  ,0,0,0,0,0,0,0,0,0,362000,0,0,0,529000,167000,362000,362000
04265P,滬深2X元富93售04,0,0,0,0,0,0,0,0,0,361000,0,0,0,468000,107000,361000,361000
052505,友達日盛9B購02  ,0,0,0,0,0,0,0,0,0,361000,0,0,0,503000,142000,361000,361000
052987,華新科元大99購01,0,0,0,0,0,0,0,0,0,361000,0,0,0,445000,84000,361000,361000
6196,帆宣            ,570000,206000,364000,0,0,0,0,0,0,-3000,1000,1000,0,20000,23000,-3000,361000
050657,宏達電麥證94購01,0,0,0,370000,10000,360000,0,0,0,360000,0,0,0,370000,10000,360000,360000
055222,臺股指凱基97購05,0,0,0,0,0,0,0,0,0,359000,0,0,0,382000,23000,359000,359000
3034,聯詠            ,1832152,1092746,739406,0,0,0,0,381000,-381000,-4000,34000,42000,-8000,52000,48000,4000,354406
053413,台積電國票99購01,0,0,0,0,0,0,0,0,0,352000,0,0,0,446000,94000,352000,352000
053859,台積電元大97購09,0,0,0,0,0,0,0,0,0,350000,0,0,0,400000,50000,350000,350000
042796,永冠元大93購01  ,0,0,0,0,0,0,0,0,0,350000,0,0,0,400000,50000,350000,350000
03358P,金像電群益02售03,0,0,0,0,0,0,0,0,0,350000,0,0,0,350000,0,350000,350000
6153,嘉聯益          ,1084000,843000,241000,0,0,0,0,0,0,109000,67000,5000,62000,145000,98000,47000,350000
044496,群創元大93購02  ,0,0,0,0,0,0,0,0,0,349000,0,0,0,661000,312000,349000,349000
053276,友達元大9C購01  ,1000,0,1000,0,0,0,0,0,0,347000,0,0,0,384000,37000,347000,348000
055986,祥碩元富97購01  ,0,0,0,0,0,0,0,0,0,347000,0,0,0,585000,238000,347000,347000
055012,茂林元富97購01  ,0,0,0,0,0,0,0,0,0,346000,0,0,0,465000,119000,346000,346000
052253,康控永豐95購04  ,0,0,0,0,0,0,0,0,0,345000,0,0,0,500000,155000,345000,345000
055996,矽力國泰99購01  ,0,0,0,0,0,0,0,0,0,345000,0,0,0,619000,274000,345000,345000
054601,奇鋐台新98購01  ,0,0,0,0,0,0,0,0,0,344000,0,0,0,500000,156000,344000,344000
047284,華通統一93購03  ,0,0,0,0,0,0,0,0,0,344000,0,0,0,413000,69000,344000,344000
054084,旺宏統一97購05  ,0,0,0,0,0,0,0,0,0,343000,0,0,0,451000,108000,343000,343000
053818,富邦金群益98購01,0,0,0,0,0,0,0,0,0,343000,0,0,0,343000,0,343000,343000
055632,群創永豐98購01  ,0,0,0,0,0,0,0,0,0,342000,0,0,0,630000,288000,342000,342000
048664,華新科統一94購01,0,0,0,0,0,0,0,0,0,341000,0,0,0,515000,174000,341000,341000
055077,臺股指永豐97購02,0,0,0,0,0,0,0,0,0,340000,0,0,0,350000,10000,340000,340000
047483,新光金凱基99購04,0,0,0,0,0,0,0,0,0,340000,0,0,0,350000,10000,340000,340000
055450,台積電元富97購01,0,0,0,0,0,0,0,0,0,337000,0,0,0,1121000,784000,337000,337000
03757P,麗豐永豐93售01  ,0,0,0,0,0,0,0,0,0,337000,0,0,0,337000,0,337000,337000
047780,友達中信96購01  ,0,0,0,0,0,0,0,0,0,336000,0,0,0,411000,75000,336000,336000
051049,亞德客群益95購01,0,0,0,0,0,0,0,0,0,336000,0,0,0,427000,91000,336000,336000
042387,台積電永昌93購02,0,0,0,0,0,0,0,0,0,335000,0,0,0,366000,31000,335000,335000
049153,大立光元大96購02,0,0,0,0,0,0,0,0,0,335000,0,0,0,662000,327000,335000,335000
06196P,元上證元大97售01,0,2000,-2000,0,0,0,0,0,0,337000,0,0,0,397000,60000,337000,335000
049100,華新科國泰96購01,0,0,0,0,0,0,0,0,0,332000,0,0,0,432000,100000,332000,332000
04549P,茂林元大94售02  ,0,0,0,0,0,0,0,0,0,330000,0,0,0,330000,0,330000,330000
042255,群創國票92購01  ,0,0,0,0,0,0,0,0,0,330000,0,0,0,330000,0,330000,330000
052156,滬深2X永豐95購03,0,0,0,0,0,0,0,0,0,330000,0,0,0,350000,20000,330000,330000
053282,彩晶元大9C購01  ,0,0,0,0,0,0,0,0,0,330000,0,0,0,407000,77000,330000,330000
06360P,台積電群益97售05,0,0,0,0,0,0,0,0,0,330000,0,0,0,330000,0,330000,330000
055764,臺股指群益97購02,0,0,0,0,0,0,0,0,0,328000,0,0,0,373000,45000,328000,328000
047421,聯茂富邦97購01  ,0,0,0,0,0,0,0,0,0,326000,0,0,0,351000,25000,326000,326000
049994,聯茂台新94購02  ,0,0,0,0,0,0,0,0,0,326000,0,0,0,347000,21000,326000,326000
056305,群創元大9A購03  ,0,0,0,0,0,0,0,0,0,326000,0,0,0,577000,251000,326000,326000
048762,寶齡凱基94購01  ,0,0,0,0,0,0,0,0,0,325000,0,0,0,330000,5000,325000,325000
050543,聯發科凱基95購01,0,0,0,0,0,0,0,0,0,325000,0,0,0,385000,60000,325000,325000
052841,群創富邦96購02  ,0,0,0,0,0,0,0,0,0,325000,0,0,0,325000,0,325000,325000
053120,復盛中信9A購01  ,0,0,0,0,0,0,0,0,0,324000,0,0,0,468000,144000,324000,324000
055258,玉晶光統一97購03,0,0,0,0,0,0,0,0,0,323000,0,0,0,323000,0,323000,323000
054607,台積電永豐97購03,0,0,0,0,0,0,0,0,0,323000,0,0,0,324000,1000,323000,323000
04896P,上証2X中信95售01,0,0,0,0,0,0,0,0,0,320000,0,0,0,320000,0,320000,320000
043040,永冠元富94購01  ,0,0,0,0,0,0,0,0,0,320000,0,0,0,320000,0,320000,320000
00680L,元大美債20正2   ,0,0,0,0,0,0,0,0,0,320000,0,0,0,336000,16000,320000,320000
049822,大成鋼凱基94購04,0,0,0,0,0,0,0,0,0,320000,0,0,0,320000,0,320000,320000
052223,聯電凱基96購02  ,0,0,0,0,0,0,0,0,0,320000,0,0,0,329000,9000,320000,320000
050340,鴻海統一94購07  ,0,0,0,0,0,0,0,0,0,319000,0,0,0,346000,27000,319000,319000
052228,聯發科凱基96購06,0,0,0,0,0,0,0,0,0,316000,0,0,0,329000,13000,316000,316000
053294,聯發科中信9C購01,0,0,0,0,0,0,0,0,0,315000,0,0,0,366000,51000,315000,315000
053323,群創群益98購07  ,0,0,0,0,0,0,0,0,0,314000,0,0,0,813000,499000,314000,314000
054008,大立光元富96購06,0,0,0,0,0,0,0,0,0,313000,0,0,0,329000,16000,313000,313000
055130,京鼎康和97購01  ,0,0,0,0,0,0,0,0,0,312000,0,0,0,312000,0,312000,312000
05677P,玉晶光群益98售03,0,0,0,0,0,0,0,0,0,310000,0,0,0,310000,0,310000,310000
051718,上証2X永豐95購01,0,0,0,0,0,0,0,0,0,308000,0,0,0,439000,131000,308000,308000
2905,三商            ,427000,114000,313000,0,0,0,0,0,0,-5000,0,5000,-5000,0,0,0,308000
055223,和大國票98購01  ,0,0,0,0,0,0,0,0,0,306000,0,0,0,509000,203000,306000,306000
053543,臺股指永豐96購02,0,0,0,0,0,0,0,0,0,306000,0,0,0,331000,25000,306000,306000
06427P,鴻海元大97售13  ,0,0,0,0,0,0,0,0,0,306000,0,0,0,703000,397000,306000,306000
050383,超眾兆豐95購01  ,0,0,0,0,0,0,0,0,0,305000,0,0,0,335000,30000,305000,305000
050006,華擎永豐94購03  ,0,0,0,0,0,0,0,0,0,305000,0,0,0,585000,280000,305000,305000
052539,華邦電統一95購01,0,0,0,0,0,0,0,0,0,305000,0,0,0,337000,32000,305000,305000
054429,中石化台新97購01,0,0,0,0,0,0,0,0,0,304000,0,0,0,319000,15000,304000,304000
050539,鴻海凱基95購07  ,0,0,0,0,0,0,0,0,0,304000,0,0,0,355000,51000,304000,304000
053408,友達兆豐98購01  ,0,0,0,0,0,0,0,0,0,303000,0,0,0,662000,359000,303000,303000
054282,泰鼎群益98購02  ,0,0,0,0,0,0,0,0,0,302000,0,0,0,703000,401000,302000,302000
041210,群創元富93購01  ,0,0,0,0,0,0,0,0,0,302000,0,0,0,677000,375000,302000,302000
05272P,臻鼎中信97售03  ,0,0,0,0,0,0,0,0,0,302000,0,0,0,305000,3000,302000,302000
051105,台光電國票96購01,0,0,0,0,0,0,0,0,0,302000,0,0,0,400000,98000,302000,302000
056010,力成中信97購01  ,0,0,0,0,0,0,0,0,0,302000,0,0,0,424000,122000,302000,302000
045393,寶齡國泰93購01  ,0,0,0,0,0,0,0,0,0,301000,0,0,0,330000,29000,301000,301000
047406,香港反統一94購01,0,0,0,0,0,0,0,0,0,301000,0,0,0,303000,2000,301000,301000
3535,晶彩科          ,320000,19000,301000,0,0,0,0,0,0,0,0,0,0,0,0,0,301000
054071,泰鼎國泰97購02  ,0,0,0,0,0,0,0,0,0,300000,0,0,0,335000,35000,300000,300000
03387P,台積電凱基03售11,0,0,0,0,0,0,0,0,0,300000,0,0,0,2805000,2505000,300000,300000
043047,永冠國泰93購01  ,0,0,0,0,0,0,0,0,0,300000,0,0,0,300000,0,300000,300000
047465,滬深2X國泰94購01,0,0,0,0,0,0,0,0,0,300000,0,0,0,300000,0,300000,300000
049900,台積電元富94購06,0,0,0,0,0,0,0,0,0,300000,0,0,0,553000,253000,300000,300000
051358,台新金元大95購01,0,0,0,0,0,0,0,0,0,300000,0,0,0,505000,205000,300000,300000
051317,亞德客國票96購01,0,0,0,0,0,0,0,0,0,300000,0,0,0,420000,120000,300000,300000
052755,滬深2X群益9A購01,0,0,0,0,0,0,0,0,0,300000,0,0,0,805000,505000,300000,300000
053382,友達元大9C購02  ,0,0,0,0,0,0,0,0,0,300000,0,0,0,339000,39000,300000,300000
06114P,台積電統一97售03,0,0,0,0,0,0,0,0,0,300000,0,0,0,350000,50000,300000,300000
04993P,上銀兆豐96售01  ,0,0,0,0,0,0,0,0,0,298000,0,0,0,300000,2000,298000,298000
055187,彩晶統一98購01  ,0,0,0,0,0,0,0,0,0,297000,0,0,0,333000,36000,297000,297000
048131,全新國票94購02  ,0,0,0,0,0,0,0,0,0,297000,0,0,0,300000,3000,297000,297000
049353,茂林永豐94購03  ,0,0,0,0,0,0,0,0,0,297000,0,0,0,433000,136000,297000,297000
053136,彩晶國票97購01  ,0,0,0,0,0,0,0,0,0,297000,0,0,0,427000,130000,297000,297000
055399,超眾統一99購01  ,0,0,0,0,0,0,0,0,0,296000,0,0,0,336000,40000,296000,296000
3048,益登            ,371001,64000,307001,0,0,0,0,0,0,-12000,10000,22000,-12000,0,0,0,295001
050895,聯發科元大97購01,0,0,0,0,0,0,0,0,0,294000,0,0,0,436000,142000,294000,294000
053275,燿華元大97購01  ,0,0,0,0,0,0,0,0,0,293000,0,0,0,348000,55000,293000,293000
054112,台積電麥證96購02,0,0,0,332000,40000,292000,0,0,0,292000,0,0,0,332000,40000,292000,292000
055048,台積電永豐97購04,0,0,0,0,0,0,0,0,0,291000,0,0,0,297000,6000,291000,291000
6285,啟碁            ,335000,128023,206977,0,0,0,0,1000,-1000,85000,6000,2000,4000,91000,10000,81000,290977
04513P,元石油中信94售01,0,0,0,0,0,0,0,0,0,290000,0,0,0,300000,10000,290000,290000
050998,訊連元大95購01  ,0,0,0,0,0,0,0,0,0,290000,0,0,0,406000,116000,290000,290000
04119P,旺宏凱基93售06  ,0,0,0,0,0,0,0,0,0,288000,0,0,0,288000,0,288000,288000
047953,台積電永豐93購04,0,0,0,0,0,0,0,0,0,287000,0,0,0,287000,0,287000,287000
054590,嘉聯益國泰98購01,0,0,0,0,0,0,0,0,0,286000,0,0,0,339000,53000,286000,286000
052512,全新凱基96購03  ,0,0,0,0,0,0,0,0,0,286000,0,0,0,296000,10000,286000,286000
047460,富邦金群益95購01,0,0,0,0,0,0,0,0,0,285000,0,0,0,360000,75000,285000,285000
8210,勤誠            ,572000,289000,283000,0,0,0,0,12000,-12000,14000,50000,35000,15000,10000,11000,-1000,285000
049591,開發金元大98購01,0,0,0,0,0,0,0,0,0,284000,0,0,0,335000,51000,284000,284000
051989,華固元大95購02  ,0,0,0,0,0,0,0,0,0,284000,0,0,0,300000,16000,284000,284000
1103,嘉泥            ,481000,174000,307000,0,0,0,0,0,0,-23000,0,0,0,0,23000,-23000,284000
049034,台達電兆豐94購01,0,0,0,0,0,0,0,0,0,283000,0,0,0,325000,42000,283000,283000
049042,玉晶光兆豐95購01,0,0,0,0,0,0,0,0,0,283000,0,0,0,302000,19000,283000,283000
053409,和碩兆豐96購02  ,0,0,0,0,0,0,0,0,0,283000,0,0,0,317000,34000,283000,283000
055408,力成國泰98購01  ,0,0,0,0,0,0,0,0,0,281000,0,0,0,291000,10000,281000,281000
2393,億光            ,834000,735858,98142,0,0,0,0,0,0,182000,32000,26000,6000,282000,106000,176000,280142
047967,南亞科國泰95購01,0,0,0,0,0,0,0,0,0,280000,0,0,0,620000,340000,280000,280000
053280,群創元大9C購01  ,0,0,0,0,0,0,0,0,0,280000,0,0,0,880000,600000,280000,280000
051291,聯詠統一95購01  ,0,0,0,0,0,0,0,0,0,280000,0,0,0,351000,71000,280000,280000
055452,台積電元富97購03,0,0,0,0,0,0,0,0,0,279000,0,0,0,425000,146000,279000,279000
6456,GIS-KY          ,473000,222000,251000,0,0,0,0,0,0,28000,1000,3000,-2000,61000,31000,30000,279000
055738,玉山金元富97購01,0,0,0,0,0,0,0,0,0,277000,0,0,0,375000,98000,277000,277000
045516,聯茂統一94購01  ,0,0,0,0,0,0,0,0,0,277000,0,0,0,282000,5000,277000,277000
045662,華邦電統一94購02,0,0,0,0,0,0,0,0,0,277000,0,0,0,566000,289000,277000,277000
055106,台積電凱基98購05,0,0,0,0,0,0,0,0,0,276000,0,0,0,412000,136000,276000,276000
051033,台積電兆豐95購03,0,0,0,0,0,0,0,0,0,276000,0,0,0,333000,57000,276000,276000
051948,滬深2X元富9B購01,0,0,0,0,0,0,0,0,0,276000,0,0,0,820000,544000,276000,276000
054730,上証2X凱基98購02,0,0,0,0,0,0,0,0,0,275000,0,0,0,275000,0,275000,275000
055098,臺股指群益97購01,0,0,0,0,0,0,0,0,0,272000,0,0,0,272000,0,272000,272000
052437,聯發科富邦99購02,0,0,0,0,0,0,0,0,0,272000,0,0,0,352000,80000,272000,272000
1303,南亞            ,3536976,3225050,311926,0,0,0,0,4000,-4000,-36000,12000,53000,-41000,6000,1000,5000,271926
053181,滬深2X元富99購02,0,0,0,0,0,0,0,0,0,271000,0,0,0,342000,71000,271000,271000
051084,華通元大95購06  ,0,0,0,0,0,0,0,0,0,271000,0,0,0,571000,300000,271000,271000
6592,和潤企業        ,293000,20000,273000,0,0,0,0,0,0,-2000,0,2000,-2000,0,0,0,271000
044173,矽創元大92購02  ,0,0,0,0,0,0,0,0,0,270000,0,0,0,270000,0,270000,270000
050548,華固凱基95購01  ,0,0,0,0,0,0,0,0,0,270000,0,0,0,270000,0,270000,270000
051218,聯發科元富9B購02,0,0,0,0,0,0,0,0,0,270000,0,0,0,300000,30000,270000,270000
047586,聯發科永豐94購01,0,0,0,0,0,0,0,0,0,269000,0,0,0,1019000,750000,269000,269000
052468,超眾統一96購02  ,0,0,0,0,0,0,0,0,0,269000,0,0,0,318000,49000,269000,269000
050499,台達電凱基94購11,0,0,0,0,0,0,0,0,0,268000,0,0,0,289000,21000,268000,268000
052846,智邦統一97購01  ,0,0,0,0,0,0,0,0,0,268000,0,0,0,559000,291000,268000,268000
054180,亞泥康和96購01  ,0,0,0,0,0,0,0,0,0,266000,0,0,0,266000,0,266000,266000
047620,貿聯凱基93購01  ,0,0,0,0,0,0,0,0,0,265000,0,0,0,285000,20000,265000,265000
050766,燿華元大96購02  ,0,0,0,0,0,0,0,0,0,265000,0,0,0,265000,0,265000,265000
053781,友達元大9B購03  ,0,0,0,0,0,0,0,0,0,264000,0,0,0,410000,146000,264000,264000
044094,南亞科統一92購01,0,0,0,0,0,0,0,0,0,264000,0,0,0,372000,108000,264000,264000
048037,台表科凱基93購05,0,0,0,0,0,0,0,0,0,264000,0,0,0,307000,43000,264000,264000
049825,台積電凱基94購26,0,0,0,0,0,0,0,0,0,263000,0,0,0,326000,63000,263000,263000
047741,鴻海統一93購06  ,0,0,0,0,0,0,0,0,0,263000,0,0,0,273000,10000,263000,263000
00643,群益深証中小    ,2292000,618000,1674000,0,0,0,0,0,0,-1412000,0,1190000,-1190000,803000,1025000,-222000,262000
048010,嘉聯益富邦97購01,0,0,0,0,0,0,0,0,0,262000,0,0,0,391000,129000,262000,262000
055129,鈺齊兆豐97購01  ,0,0,0,0,0,0,0,0,0,261000,0,0,0,391000,130000,261000,261000
055449,超眾統一9A購01  ,0,0,0,0,0,0,0,0,0,261000,0,0,0,591000,330000,261000,261000
054485,華邦電台新96購01,0,0,0,0,0,0,0,0,0,260000,0,0,0,260000,0,260000,260000
048260,鴻海元富93購06  ,0,0,0,0,0,0,0,0,0,260000,0,0,0,370000,110000,260000,260000
047944,中石化元富96購01,0,0,0,0,0,0,0,0,0,260000,0,0,0,460000,200000,260000,260000
05163P,聯發科統一96售02,0,0,0,0,0,0,0,0,0,260000,0,0,0,393000,133000,260000,260000
05281P,南亞科元大95售03,0,0,0,0,0,0,0,0,0,260000,0,0,0,260000,0,260000,260000
054221,華新科統一96購05,0,0,0,0,0,0,0,0,0,259000,0,0,0,375000,116000,259000,259000
00739,元大MSCI A股    ,2000,2000,0,0,0,0,0,0,0,259000,0,0,0,745000,486000,259000,259000
053388,群創元大9C購02  ,0,0,0,0,0,0,0,0,0,259000,0,0,0,652000,393000,259000,259000
046629,群創統一98購01  ,0,0,0,0,0,0,0,0,0,258000,0,0,0,258000,0,258000,258000
048059,欣興國泰95購01  ,0,0,0,0,0,0,0,0,0,257000,0,0,0,304000,47000,257000,257000
053167,欣興群益96購03  ,0,0,0,0,0,0,0,0,0,257000,0,0,0,257000,0,257000,257000
3605,宏致            ,374000,111000,263000,0,0,0,0,0,0,-6000,3000,9000,-6000,0,0,0,257000
056183,南亞科統一97購02,0,0,0,0,0,0,0,0,0,257000,0,0,0,257000,0,257000,257000
053734,友達中信98購02  ,0,0,0,0,0,0,0,0,0,256000,0,0,0,495000,239000,256000,256000
053803,聯發科凱基96購18,0,0,0,0,0,0,0,0,0,255000,0,0,0,255000,0,255000,255000
052758,友達群益99購01  ,0,0,0,0,0,0,0,0,0,255000,0,0,0,255000,0,255000,255000
054528,台光電統一96購02,0,0,0,0,0,0,0,0,0,254000,0,0,0,568000,314000,254000,254000
1529,樂士            ,4000,11000,-7000,0,0,0,0,0,0,261000,261000,0,261000,0,0,0,254000
055456,上銀富邦99購01  ,0,0,0,0,0,0,0,0,0,251000,0,0,0,286000,35000,251000,251000
048364,臺股指永豐93購04,0,0,0,0,0,0,0,0,0,251000,0,0,0,251000,0,251000,251000
055736,宏達電元富99購01,0,0,0,0,0,0,0,0,0,250000,0,0,0,250000,0,250000,250000
045657,T50反1國泰94購01,0,0,0,0,0,0,0,0,0,250000,0,0,0,250000,0,250000,250000
044507,燿華凱基93購03  ,0,0,0,0,0,0,0,0,0,250000,0,0,0,250000,0,250000,250000
048537,柏文國票94購01  ,0,0,0,0,0,0,0,0,0,250000,0,0,0,250000,0,250000,250000
051984,台塑元大95購01  ,0,0,0,0,0,0,0,0,0,250000,0,0,0,302000,52000,250000,250000
9802,鈺齊-KY         ,458000,623000,-165000,0,0,0,370000,0,370000,44000,4000,9000,-5000,87000,38000,49000,249000
047649,啟碁元大93購07  ,0,0,0,0,0,0,0,0,0,246000,0,0,0,246000,0,246000,246000
051142,臺股指永豐95購02,0,0,0,0,0,0,0,0,0,246000,0,0,0,346000,100000,246000,246000
8341,日友            ,375000,141209,233791,0,0,0,12000,0,12000,0,0,0,0,0,0,0,245791
055239,帆宣台新97購01  ,0,0,0,0,0,0,0,0,0,245000,0,0,0,250000,5000,245000,245000
046583,聯發科元大92購24,0,0,0,0,0,0,0,0,0,245000,0,0,0,255000,10000,245000,245000
045447,鴻海國泰94購02  ,0,0,0,0,0,0,0,0,0,245000,0,0,0,245000,0,245000,245000
4725,信昌化          ,269000,23000,246000,0,0,0,0,0,0,-1000,0,1000,-1000,0,0,0,245000
055714,智邦元大97購03  ,0,0,0,0,0,0,0,0,0,244000,0,0,0,289000,45000,244000,244000
045869,滬深2X元富95購01,0,0,0,0,0,0,0,0,0,244000,0,0,0,294000,50000,244000,244000
042927,道瓊反中信94購01,0,0,0,0,0,0,0,0,0,241000,0,0,0,261000,20000,241000,241000
055895,群創統一97購04  ,0,0,0,0,0,0,0,0,0,240000,0,0,0,378000,138000,240000,240000
054336,台積電統一96購11,0,0,0,0,0,0,0,0,0,240000,0,0,0,350000,110000,240000,240000
03580P,玉晶光永豐02售06,0,0,0,0,0,0,0,0,0,240000,0,0,0,290000,50000,240000,240000
04198P,滬深2X群益95售04,0,0,0,0,0,0,0,0,0,239000,0,0,0,244000,5000,239000,239000
046968,台積電群益94購03,0,0,0,0,0,0,0,0,0,239000,0,0,0,258000,19000,239000,239000
054056,華新科國票96購02,0,0,0,0,0,0,0,0,0,238000,0,0,0,254000,16000,238000,238000
045054,聯發科元富98購02,0,0,0,0,0,0,0,0,0,238000,0,0,0,514000,276000,238000,238000
052396,台積電凱基97購01,0,0,0,0,0,0,0,0,0,238000,0,0,0,238000,0,238000,238000
053381,友達元大9A購02  ,0,0,0,0,0,0,0,0,0,238000,0,0,0,351000,113000,238000,238000
055208,京鼎康和97購02  ,0,0,0,0,0,0,0,0,0,237000,0,0,0,237000,0,237000,237000
052675,新光金國泰98購01,0,0,0,0,0,0,0,0,0,237000,0,0,0,300000,63000,237000,237000
2537,聯上發          ,277000,39000,238000,0,0,0,0,0,0,-1000,0,1000,-1000,0,0,0,237000
044013,友達凱基93購01  ,0,0,0,0,0,0,0,0,0,236000,0,0,0,304000,68000,236000,236000
053035,台表科兆豐97購01,0,0,0,0,0,0,0,0,0,236000,0,0,0,236000,0,236000,236000
054892,彩晶統一99購01  ,0,0,0,0,0,0,0,0,0,235000,0,0,0,283000,48000,235000,235000
043607,GIS元大93購02   ,0,0,0,0,0,0,0,0,0,235000,0,0,0,235000,0,235000,235000
047010,聯詠統一93購05  ,0,0,0,0,0,0,0,0,0,235000,0,0,0,400000,165000,235000,235000
053236,群創永豐97購02  ,0,0,0,0,0,0,0,0,0,235000,0,0,0,351000,116000,235000,235000
053707,A50正2凱基99購02,0,0,0,0,0,0,0,0,0,234000,0,0,0,236000,2000,234000,234000
00651R,FH香港反1       ,0,67000,-67000,0,0,0,0,0,0,301000,0,0,0,1648000,1347000,301000,234000
051229,亞光群益95購01  ,0,0,0,0,0,0,0,0,0,234000,0,0,0,355000,121000,234000,234000
2442,新美齊          ,253000,18000,235000,0,0,0,0,0,0,-1000,0,1000,-1000,0,0,0,234000
055488,華邦電元大98購01,0,0,0,0,0,0,0,0,0,233000,0,0,0,328000,95000,233000,233000
047585,微星永豐93購01  ,0,0,0,0,0,0,0,0,0,233000,0,0,0,263000,30000,233000,233000
052525,聯詠元大95購06  ,0,0,0,0,0,0,0,0,0,233000,0,0,0,233000,0,233000,233000
054935,華通元大98購03  ,0,0,0,0,0,0,0,0,0,232000,0,0,0,301000,69000,232000,232000
04001P,聯發科凱基93售15,0,0,0,0,0,0,0,0,0,232000,0,0,0,232000,0,232000,232000
054158,國巨日盛99購01  ,0,0,0,0,0,0,0,0,0,231000,0,0,0,2066000,1835000,231000,231000
054413,台光電元大96購03,0,0,0,0,0,0,0,0,0,231000,0,0,0,261000,30000,231000,231000
052471,華固亞東95購01  ,0,0,0,0,0,0,0,0,0,231000,0,0,0,241000,10000,231000,231000
2421,建準            ,501000,252494,248506,0,0,0,0,0,0,-18000,2000,2000,0,6000,24000,-18000,230506
03891P,晶技國泰94售02  ,0,0,0,0,0,0,0,0,0,230000,0,0,0,230000,0,230000,230000
046675,GIS元大93購06   ,0,0,0,0,0,0,0,0,0,230000,0,0,0,230000,0,230000,230000
051311,瑞昱麥證95購01  ,0,0,0,627000,397000,230000,0,0,0,230000,0,0,0,627000,397000,230000,230000
051567,台積電富邦95購06,0,0,0,0,0,0,0,0,0,230000,0,0,0,230000,0,230000,230000
056222,台積電凱基9A購01,0,0,0,0,0,0,0,0,0,230000,0,0,0,240000,10000,230000,230000
044407,聯茂凱基93購01  ,0,0,0,0,0,0,0,0,0,229000,0,0,0,229000,0,229000,229000
051786,A50正2國票95購02,0,0,0,0,0,0,0,0,0,227000,0,0,0,2517000,2290000,227000,227000
051911,大立光元大98購02,0,0,0,0,0,0,0,0,0,227000,0,0,0,326000,99000,227000,227000
052094,瀚宇博元大96購02,0,0,0,0,0,0,0,0,0,227000,0,0,0,277000,50000,227000,227000
053327,彩晶台新97購01  ,0,0,0,0,0,0,0,0,0,227000,0,0,0,227000,0,227000,227000
053917,友達國票97購03  ,0,0,0,0,0,0,0,0,0,226000,0,0,0,226000,0,226000,226000
047886,京元電富邦95購01,0,0,0,0,0,0,0,0,0,226000,0,0,0,227000,1000,226000,226000
056281,深中小永豐97購01,0,0,0,0,0,0,0,0,0,226000,0,0,0,248000,22000,226000,226000
056102,億光永豐97購02  ,0,0,0,0,0,0,0,0,0,226000,0,0,0,247000,21000,226000,226000
055753,貿聯第一98購01  ,0,0,0,0,0,0,0,0,0,225000,0,0,0,305000,80000,225000,225000
049593,群創元大9A購01  ,0,0,0,0,0,0,0,0,0,225000,0,0,0,413000,188000,225000,225000
051860,為升凱基95購01  ,0,0,0,0,0,0,0,0,0,224000,0,0,0,305000,81000,224000,224000
046443,超眾兆豐93購01  ,0,0,0,0,0,0,0,0,0,223000,0,0,0,323000,100000,223000,223000
049324,臺股指凱基94購06,0,0,0,0,0,0,0,0,0,223000,0,0,0,227000,4000,223000,223000
6141,柏承            ,305000,80000,225000,0,0,0,0,0,0,-2000,0,2000,-2000,0,0,0,223000
054337,智邦統一96購01  ,0,0,0,0,0,0,0,0,0,222000,0,0,0,447000,225000,222000,222000
047458,聯發科群益93購08,0,0,0,0,0,0,0,0,0,222000,0,0,0,252000,30000,222000,222000
052501,茂林永豐95購04  ,0,0,0,0,0,0,0,0,0,222000,0,0,0,222000,0,222000,222000
056074,茂林元大97購04  ,0,0,0,0,0,0,0,0,0,222000,0,0,0,471000,249000,222000,222000
048373,A50正2元富95購01,0,0,0,0,0,0,0,0,0,221000,0,0,0,229000,8000,221000,221000
049117,矽格統一96購01  ,0,0,0,0,0,0,0,0,0,221000,0,0,0,239000,18000,221000,221000
048521,華通統一93購05  ,0,0,0,0,0,0,0,0,0,221000,0,0,0,311000,90000,221000,221000
05830P,滬深2X元富99售03,0,0,0,0,0,0,0,0,0,221000,0,0,0,221000,0,221000,221000
054508,臺股指永豐96購04,0,0,0,0,0,0,0,0,0,220000,0,0,0,220000,0,220000,220000
055448,健策統一97購02  ,0,0,0,0,0,0,0,0,0,220000,0,0,0,298000,78000,220000,220000
04499P,滬深2X統一94售03,0,0,0,0,0,0,0,0,0,220000,0,0,0,220000,0,220000,220000
048225,全新凱基93購03  ,0,0,0,0,0,0,0,0,0,220000,0,0,0,220000,0,220000,220000
052673,T50反1國泰97購01,0,0,0,0,0,0,0,0,0,220000,0,0,0,220000,0,220000,220000
052908,大成鋼統一96購01,0,0,0,0,0,0,0,0,0,220000,0,0,0,270000,50000,220000,220000
050812,台積電凱基95購01,0,0,0,0,0,0,0,0,0,220000,0,0,0,220000,0,220000,220000
055775,友達凱基9A購01  ,0,0,0,0,0,0,0,0,0,219000,0,0,0,268000,49000,219000,219000
054348,康控國票97購03  ,0,0,0,0,0,0,0,0,0,218000,0,0,0,240000,22000,218000,218000
051945,智邦統一95購03  ,0,0,0,0,0,0,0,0,0,218000,0,0,0,297000,79000,218000,218000
6552,易華電          ,282000,103000,179000,0,0,0,0,0,0,39000,33000,4000,29000,10000,0,10000,218000
054217,台表科國票97購05,0,0,0,0,0,0,0,0,0,217000,0,0,0,222000,5000,217000,217000
053596,嘉澤元大96購01  ,0,0,0,0,0,0,0,0,0,217000,0,0,0,298000,81000,217000,217000
04426P,佳世達康和94售02,0,0,0,0,0,0,0,0,0,217000,0,0,0,217000,0,217000,217000
00688L,國泰20年美債正2 ,0,0,0,0,0,0,0,0,0,216000,0,0,0,316000,100000,216000,216000
056397,彩晶永豐99購01  ,0,0,0,0,0,0,0,0,0,216000,0,0,0,234000,18000,216000,216000
03267P,台灣50元大02售06,0,0,0,0,0,0,0,0,0,215000,0,0,0,365000,150000,215000,215000
2104,國際中橡        ,569180,327443,241737,0,0,0,0,0,0,-27000,0,27000,-27000,0,0,0,214737
052167,亞泥元大96購01  ,0,0,0,0,0,0,0,0,0,212000,0,0,0,256000,44000,212000,212000
3437,榮創            ,271000,58000,213000,0,0,0,0,0,0,-1000,0,1000,-1000,0,0,0,212000
05766P,A50正2凱基99售01,0,0,0,0,0,0,0,0,0,212000,0,0,0,406000,194000,212000,212000
054571,楠梓電元大99購01,0,0,0,0,0,0,0,0,0,211000,0,0,0,285000,74000,211000,211000
055791,臺股指凱基97購14,0,0,0,0,0,0,0,0,0,211000,0,0,0,211000,0,211000,211000
054848,群創兆豐98購01  ,0,0,0,0,0,0,0,0,0,211000,0,0,0,445000,234000,211000,211000
04079P,燿華元大93售04  ,0,0,0,0,0,0,0,0,0,211000,0,0,0,232000,21000,211000,211000
047441,聯發科元大93購15,0,0,0,0,0,0,0,0,0,211000,0,0,0,220000,9000,211000,211000
046828,聯發科群益94購01,0,0,0,0,0,0,0,0,0,211000,0,0,0,211000,0,211000,211000
05572P,群創統一96售02  ,0,0,0,0,0,0,0,0,0,210000,0,0,0,210000,0,210000,210000
054415,奇力新元大96購06,0,0,0,0,0,0,0,0,0,210000,0,0,0,267000,57000,210000,210000
053760,牧德國泰98購01  ,0,0,0,0,0,0,0,0,0,210000,0,0,0,290000,80000,210000,210000
047005,南亞科統一93購03,0,0,0,0,0,0,0,0,0,210000,0,0,0,310000,100000,210000,210000
049570,華新科統一94購04,0,0,0,0,0,0,0,0,0,210000,0,0,0,461000,251000,210000,210000
048638,台光電元大94購01,0,0,0,0,0,0,0,0,0,210000,0,0,0,210000,0,210000,210000
053365,彩晶國泰98購01  ,0,0,0,0,0,0,0,0,0,210000,0,0,0,210000,0,210000,210000
056299,友達元大9B購04  ,0,0,0,0,0,0,0,0,0,210000,0,0,0,215000,5000,210000,210000
054458,復盛群益96購01  ,0,0,0,0,0,0,0,0,0,209000,0,0,0,253000,44000,209000,209000
048670,華新科永豐93購03,0,0,0,0,0,0,0,0,0,209000,0,0,0,341000,132000,209000,209000
00675L,富邦臺灣加權正2 ,0,89000,-89000,0,0,0,0,0,0,298000,0,0,0,412000,114000,298000,209000
047981,南亞科群益93購02,0,0,0,0,0,0,0,0,0,208000,0,0,0,227000,19000,208000,208000
050014,國巨富邦98購01  ,0,0,0,0,0,0,0,0,0,208000,0,0,0,208000,0,208000,208000
052890,FB上証群益9B購01,0,0,0,0,0,0,0,0,0,208000,0,0,0,208000,0,208000,208000
052801,友達元大9A購01  ,0,0,0,0,0,0,0,0,0,208000,0,0,0,253000,45000,208000,208000
051907,台積電元大97購05,0,0,0,0,0,0,0,0,0,208000,0,0,0,417000,209000,208000,208000
054179,上海銀台新97購01,0,0,0,0,0,0,0,0,0,207000,0,0,0,207000,0,207000,207000
055184,群創統一98購02  ,0,0,0,0,0,0,0,0,0,207000,0,0,0,207000,0,207000,207000
050309,亞泥兆豐94購01  ,0,0,0,0,0,0,0,0,0,207000,0,0,0,300000,93000,207000,207000
05904P,大立光統一96售07,0,0,0,0,0,0,0,0,0,207000,0,0,0,212000,5000,207000,207000
053821,群創群益98購08  ,0,0,0,0,0,0,0,0,0,206000,0,0,0,705000,499000,206000,206000
00633L,富邦上証正2     ,5827000,2399000,3428000,0,0,0,0,0,0,-3222000,1120000,20000,1100000,7408000,11730000,-4322000,206000
047002,鴻海統一93購04  ,0,0,0,0,0,0,0,0,0,206000,0,0,0,217000,11000,206000,206000
051580,宏碁元大95購02  ,0,0,0,0,0,0,0,0,0,206000,0,0,0,212000,6000,206000,206000
044184,南亞科國泰93購01,0,0,0,0,0,0,0,0,0,205000,0,0,0,205000,0,205000,205000
050686,欣興兆豐96購01  ,0,0,0,0,0,0,0,0,0,205000,0,0,0,205000,0,205000,205000
050914,健鼎中信95購01  ,0,0,0,0,0,0,0,0,0,205000,0,0,0,205000,0,205000,205000
054624,台積電凱基98購03,0,0,0,0,0,0,0,0,0,204000,0,0,0,213000,9000,204000,204000
049451,富邦金統一94購03,0,0,0,0,0,0,0,0,0,204000,0,0,0,357000,153000,204000,204000
049655,臺股指凱基94購16,0,0,0,0,0,0,0,0,0,204000,0,0,0,254000,50000,204000,204000
03528P,日月光凱基02售02,0,0,0,0,0,0,0,0,0,203000,0,0,0,203000,0,203000,203000
045080,大立光元大93購06,0,0,0,0,0,0,0,0,0,203000,0,0,0,225000,22000,203000,203000
049043,新唐兆豐94購01  ,0,0,0,0,0,0,0,0,0,203000,0,0,0,203000,0,203000,203000
046975,元金2X永豐93購01,0,0,0,0,0,0,0,0,0,202000,0,0,0,202000,0,202000,202000
049022,聯詠群益94購01  ,0,0,0,0,0,0,0,0,0,202000,0,0,0,246000,44000,202000,202000
047480,全新凱基93購01  ,0,0,0,0,0,0,0,0,0,202000,0,0,0,205000,3000,202000,202000
055989,矽力元富9A購01  ,0,0,0,0,0,0,0,0,0,202000,0,0,0,236000,34000,202000,202000
055401,亞光元富9A購01  ,0,0,0,0,0,0,0,0,0,201000,0,0,0,201000,0,201000,201000
051551,新日興永豐95購01,0,0,0,0,0,0,0,0,0,201000,0,0,0,355000,154000,201000,201000
055383,GIS元大97購02   ,0,0,0,0,0,0,0,0,0,200000,0,0,0,200000,0,200000,200000
055841,南亞科元大97購04,0,0,0,0,0,0,0,0,0,200000,0,0,0,200000,0,200000,200000
054434,友達台新96購03  ,0,0,0,0,0,0,0,0,0,200000,0,0,0,562000,362000,200000,200000
054040,中石化元大9C購01,0,0,0,0,0,0,0,0,0,200000,0,0,0,200000,0,200000,200000
045799,微星亞東93購01  ,0,0,0,0,0,0,0,0,0,200000,0,0,0,200000,0,200000,200000
047113,聯發科元大93購12,0,0,0,0,0,0,0,0,0,200000,0,0,0,200000,0,200000,200000
041409,創意中信93購01  ,0,0,0,0,0,0,0,0,0,200000,0,0,0,200000,0,200000,200000
03995P,滬深2X國泰95售01,0,0,0,0,0,0,0,0,0,200000,0,0,0,200000,0,200000,200000
046729,智伸科元大93購01,0,0,0,0,0,0,0,0,0,200000,0,0,0,200000,0,200000,200000
04568P,瑞昱兆豐94售02  ,0,0,0,0,0,0,0,0,0,200000,0,0,0,200000,0,200000,200000
045456,鴻海元大93購04  ,0,0,0,0,0,0,0,0,0,200000,0,0,0,236000,36000,200000,200000
044635,世紀鋼元大92購02,0,0,0,0,0,0,0,0,0,200000,0,0,0,200000,0,200000,200000
048366,深中小統一93購02,0,0,0,0,0,0,0,0,0,200000,0,0,0,200000,0,200000,200000
050194,臻鼎元大94購03  ,0,0,0,0,0,0,0,0,0,200000,0,0,0,200000,0,200000,200000
047948,瑞儀統一93購01  ,0,0,0,0,0,0,0,0,0,200000,0,0,0,200000,0,200000,200000
047949,燿華台新93購01  ,0,0,0,0,0,0,0,0,0,200000,0,0,0,200000,0,200000,200000
049134,為升元大95購01  ,0,0,0,0,0,0,0,0,0,200000,0,0,0,200000,0,200000,200000
053377,台積電元大98購01,0,0,0,0,0,0,0,0,0,200000,0,0,0,558000,358000,200000,200000
056167,力成台新97購01  ,0,0,0,0,0,0,0,0,0,200000,0,0,0,200000,0,200000,200000
053769,香港反元大99購01,0,0,0,0,0,0,0,0,0,199000,0,0,0,200000,1000,199000,199000
042317,台灣50永豐96購01,0,0,0,0,0,0,0,0,0,199000,0,0,0,330000,131000,199000,199000
046319,新日興元大92購03,0,0,0,0,0,0,0,0,0,199000,0,0,0,205000,6000,199000,199000
045093,台表科元大93購02,0,0,0,0,0,0,0,0,0,199000,0,0,0,199000,0,199000,199000
053295,奇力新中信96購01,0,0,0,0,0,0,0,0,0,199000,0,0,0,291000,92000,199000,199000
051890,智邦元富95購03  ,0,0,0,0,0,0,0,0,0,199000,0,0,0,199000,0,199000,199000
051405,世芯永豐95購01  ,0,0,0,0,0,0,0,0,0,199000,0,0,0,255000,56000,199000,199000
053765,智邦富邦96購01  ,0,0,0,0,0,0,0,0,0,198000,0,0,0,301000,103000,198000,198000
054248,燿華元大97購02  ,0,0,0,0,0,0,0,0,0,198000,0,0,0,393000,195000,198000,198000
048933,晶豪科永豐94購01,0,0,0,0,0,0,0,0,0,198000,0,0,0,350000,152000,198000,198000
053163,上証2X群益9A購02,0,0,0,0,0,0,0,0,0,198000,0,0,0,275000,77000,198000,198000
054376,聯茂中信97購01  ,0,0,0,0,0,0,0,0,0,197000,0,0,0,227000,30000,197000,197000
05347P,滬深2X元富9B售02,0,0,0,0,0,0,0,0,0,197000,0,0,0,454000,257000,197000,197000
053429,彩晶永豐96購01  ,0,0,0,0,0,0,0,0,0,196000,0,0,0,197000,1000,196000,196000
044307,GIS兆豐93購01   ,0,0,0,0,0,0,0,0,0,196000,0,0,0,245000,49000,196000,196000
053379,南亞科元大96購01,0,0,0,0,0,0,0,0,0,196000,0,0,0,196000,0,196000,196000
055977,南亞科統一97購01,0,0,0,0,0,0,0,0,0,196000,0,0,0,196000,0,196000,196000
053987,宏碁亞東96購01  ,0,0,0,0,0,0,0,0,0,195000,0,0,0,200000,5000,195000,195000
054506,矽格永豐96購01  ,0,0,0,0,0,0,0,0,0,195000,0,0,0,195000,0,195000,195000
047800,大立光兆豐93購04,0,0,0,0,0,0,0,0,0,195000,0,0,0,233000,38000,195000,195000
050451,嘉晶元大95購01  ,0,0,0,0,0,0,0,0,0,195000,0,0,0,250000,55000,195000,195000
054791,泰碩群益99購02  ,0,0,0,0,0,0,0,0,0,194000,0,0,0,305000,111000,194000,194000
051703,台積電群益95購04,0,0,0,0,0,0,0,0,0,194000,0,0,0,332000,138000,194000,194000
1513,中興電          ,859000,749000,110000,0,0,0,0,0,0,84000,101000,17000,84000,0,0,0,194000
8926,台汽電          ,446000,259000,187000,0,0,0,0,0,0,7000,10000,3000,7000,0,0,0,194000
3376,新日興          ,588000,455413,132587,0,0,0,29000,0,29000,32000,69000,55000,14000,41000,23000,18000,193587
054576,健策元大98購03  ,0,0,0,0,0,0,0,0,0,193000,0,0,0,258000,65000,193000,193000
03645C,臺股指凱基96牛27,0,0,0,0,0,0,0,0,0,193000,0,0,0,215000,22000,193000,193000
5388,中磊            ,343000,211214,131786,0,0,0,0,2000,-2000,63000,4000,3000,1000,64000,2000,62000,192786
050077,臺股指凱基99購02,0,0,0,0,0,0,0,0,0,192000,0,0,0,192000,0,192000,192000
051644,聯茂康和95購01  ,0,0,0,0,0,0,0,0,0,192000,0,0,0,192000,0,192000,192000
053043,嘉晶凱基96購01  ,0,0,0,0,0,0,0,0,0,192000,0,0,0,200000,8000,192000,192000
6155,鈞寶            ,238000,48000,190000,0,0,0,0,0,0,2000,3000,1000,2000,0,0,0,192000
06084P,宏達電元富97售02,0,0,0,0,0,0,0,0,0,192000,0,0,0,216000,24000,192000,192000
054572,國巨元大98購03  ,0,0,0,0,0,0,0,0,0,191000,0,0,0,265000,74000,191000,191000
054536,宏達電富邦97購03,0,0,0,0,0,0,0,0,0,191000,0,0,0,191000,0,191000,191000
055128,致新兆豐97購01  ,0,0,0,0,0,0,0,0,0,191000,0,0,0,201000,10000,191000,191000
052085,聯電元大95購01  ,0,0,0,0,0,0,0,0,0,191000,0,0,0,210000,19000,191000,191000
053911,臺股指凱基96購31,0,0,0,0,0,0,0,0,0,190000,0,0,0,191000,1000,190000,190000
053688,燿華元大96購05  ,0,0,0,0,0,0,0,0,0,190000,0,0,0,237000,47000,190000,190000
03647C,T50反1元富99牛02,0,0,0,0,0,0,0,0,0,190000,0,0,0,1080000,890000,190000,190000
043972,大立光富邦93購02,0,0,0,0,0,0,0,0,0,190000,0,0,0,190000,0,190000,190000
047000,和大統一93購01  ,0,0,0,0,0,0,0,0,0,190000,0,0,0,200000,10000,190000,190000
051215,大立光統一95購03,0,0,0,0,0,0,0,0,0,190000,0,0,0,190000,0,190000,190000
1514,亞力            ,471000,281000,190000,0,0,0,0,0,0,0,1000,1000,0,0,0,0,190000
048305,深100凱基96購01 ,0,0,0,0,0,0,0,0,0,189000,0,0,0,300000,111000,189000,189000
053513,義隆群益96購05  ,0,0,0,0,0,0,0,0,0,188000,0,0,0,188000,0,188000,188000
055154,聯發科元大98購01,0,0,0,0,0,0,0,0,0,188000,0,0,0,260000,72000,188000,188000
046804,群創元大94購01  ,0,0,0,0,0,0,0,0,0,188000,0,0,0,293000,105000,188000,188000
05967P,臺股指麥證96售02,0,0,0,214000,26000,188000,0,0,0,188000,0,0,0,214000,26000,188000,188000
055798,聯茂富邦98購01  ,0,0,0,0,0,0,0,0,0,186000,0,0,0,246000,60000,186000,186000
053572,彩晶統一96購01  ,0,0,0,0,0,0,0,0,0,186000,0,0,0,193000,7000,186000,186000
053820,大立光群益96購05,0,0,0,0,0,0,0,0,0,186000,0,0,0,266000,80000,186000,186000
049567,鴻海統一94購05  ,0,0,0,0,0,0,0,0,0,186000,0,0,0,186000,0,186000,186000
052177,京鼎元大95購02  ,0,0,0,0,0,0,0,0,0,186000,0,0,0,353000,167000,186000,186000
06387P,緯穎永豐97售02  ,0,0,0,0,0,0,0,0,0,186000,0,0,0,186000,0,186000,186000
056070,新日興元大97購04,0,0,0,0,0,0,0,0,0,186000,0,0,0,200000,14000,186000,186000
055886,上銀統一97購02  ,0,0,0,0,0,0,0,0,0,185000,0,0,0,195000,10000,185000,185000
046298,聯發科富邦94購01,0,0,0,0,0,0,0,0,0,185000,0,0,0,565000,380000,185000,185000
042093,台灣50群益94購02,0,0,0,0,0,0,0,0,0,185000,0,0,0,205000,20000,185000,185000
052677,景碩富邦97購01  ,0,0,0,0,0,0,0,0,0,185000,0,0,0,335000,150000,185000,185000
05891P,聯發科中信98售03,0,0,0,0,0,0,0,0,0,185000,0,0,0,225000,40000,185000,185000
046521,台郡元大92購06  ,0,0,0,0,0,0,0,0,0,183000,0,0,0,200000,17000,183000,183000
052685,技嘉元大96購01  ,0,0,0,0,0,0,0,0,0,183000,0,0,0,185000,2000,183000,183000
053400,緯穎中信9A購01  ,0,0,0,0,0,0,0,0,0,183000,0,0,0,210000,27000,183000,183000
050936,國巨國票95購04  ,0,0,0,0,0,0,0,0,0,183000,0,0,0,203000,20000,183000,183000
05366P,鴻海元富95售12  ,0,0,0,0,0,0,0,0,0,182000,0,0,0,275000,93000,182000,182000
054640,健策中信9B購01  ,0,0,0,0,0,0,0,0,0,182000,0,0,0,210000,28000,182000,182000
03602C,臺股指元大93牛01,0,0,0,0,0,0,0,0,0,182000,0,0,0,182000,0,182000,182000
049728,正崴中信94購01  ,0,0,0,0,0,0,0,0,0,182000,0,0,0,190000,8000,182000,182000
05035P,聯發科元大95售06,0,0,0,0,0,0,0,0,0,182000,0,0,0,254000,72000,182000,182000
051932,康控國票96購02  ,0,0,0,0,0,0,0,0,0,182000,0,0,0,250000,68000,182000,182000
054663,同欣電元大97購03,0,0,0,0,0,0,0,0,0,181000,0,0,0,182000,1000,181000,181000
05542P,滬深2X元富96售01,0,0,0,0,0,0,0,0,0,181000,0,0,0,191000,10000,181000,181000
046624,彩晶凱基94購02  ,0,0,0,0,0,0,0,0,0,181000,0,0,0,191000,10000,181000,181000
049423,臺股指凱基95購02,0,0,0,0,0,0,0,0,0,181000,0,0,0,202000,21000,181000,181000
052487,國巨國票96購07  ,0,0,0,0,0,0,0,0,0,181000,0,0,0,181000,0,181000,181000
056140,康控元大98購01  ,0,0,0,0,0,0,0,0,0,181000,0,0,0,576000,395000,181000,181000
04116P,京元電元大94售02,0,0,0,0,0,0,0,0,0,180000,0,0,0,187000,7000,180000,180000
046151,矽創國票92購02  ,0,0,0,0,0,0,0,0,0,180000,0,0,0,180000,0,180000,180000
045817,滬深2X凱基95購02,0,0,0,0,0,0,0,0,0,180000,0,0,0,180000,0,180000,180000
045227,致伸元大93購01  ,0,0,0,0,0,0,0,0,0,180000,0,0,0,180000,0,180000,180000
049736,宏達電群益95購03,0,0,0,0,0,0,0,0,0,180000,0,0,0,380000,200000,180000,180000
052733,台郡國泰97購01  ,0,0,0,0,0,0,0,0,0,180000,0,0,0,382000,202000,180000,180000
055993,致茂國泰99購01  ,0,0,0,0,0,0,0,0,0,180000,0,0,0,200000,20000,180000,180000
054680,華新科康和97購02,0,0,0,0,0,0,0,0,0,179000,0,0,0,561000,382000,179000,179000
054063,聯茂國票97購02  ,0,0,0,0,0,0,0,0,0,179000,0,0,0,179000,0,179000,179000
053687,智邦元大96購02  ,0,0,0,0,0,0,0,0,0,178000,0,0,0,409000,231000,178000,178000
049824,鴻海凱基94購18  ,0,0,0,0,0,0,0,0,0,178000,0,0,0,303000,125000,178000,178000
048442,友訊凱基94購01  ,0,0,0,0,0,0,0,0,0,178000,0,0,0,207000,29000,178000,178000
052398,瑞昱凱基95購06  ,0,0,0,0,0,0,0,0,0,178000,0,0,0,178000,0,178000,178000
051106,華通統一95購02  ,0,0,0,0,0,0,0,0,0,178000,0,0,0,209000,31000,178000,178000
2426,鼎元            ,230000,50000,180000,0,0,0,0,0,0,-2000,0,2000,-2000,0,0,0,178000
051748,超眾國泰96購01  ,0,0,0,0,0,0,0,0,0,177000,0,0,0,385000,208000,177000,177000
054610,聯發科永豐97購01,0,0,0,0,0,0,0,0,0,176000,0,0,0,181000,5000,176000,176000
046146,南亞科第一92購01,0,0,0,0,0,0,0,0,0,176000,0,0,0,176000,0,176000,176000
046381,緯創凱基93購03  ,0,0,0,0,0,0,0,0,0,176000,0,0,0,196000,20000,176000,176000
044269,群創中信95購01  ,0,0,0,0,0,0,0,0,0,176000,0,0,0,472000,296000,176000,176000
051558,元金2X國泰97購01,0,0,0,0,0,0,0,0,0,176000,0,0,0,177000,1000,176000,176000
051392,玉山金兆豐95購01,0,0,0,0,0,0,0,0,0,176000,0,0,0,178000,2000,176000,176000
2349,錸德            ,352000,170000,182000,0,0,0,4000,0,4000,-10000,0,10000,-10000,0,0,0,176000
053585,友達元大9C購03  ,0,0,0,0,0,0,0,0,0,175000,0,0,0,203000,28000,175000,175000
047146,智邦群益93購01  ,0,0,0,0,0,0,0,0,0,175000,0,0,0,224000,49000,175000,175000
049547,新光金群益94購01,0,0,0,0,0,0,0,0,0,175000,0,0,0,195000,20000,175000,175000
051068,台積電國票97購01,0,0,0,0,0,0,0,0,0,175000,0,0,0,198000,23000,175000,175000
053338,台光電國票97購01,0,0,0,0,0,0,0,0,0,175000,0,0,0,231000,56000,175000,175000
05817P,可成凱基96售07  ,0,0,0,0,0,0,0,0,0,175000,0,0,0,182000,7000,175000,175000
055429,華新科群益99購01,0,10000,-10000,0,0,0,0,0,0,184000,0,0,0,273000,89000,184000,174000
051153,鴻海國泰97購02  ,0,0,0,0,0,0,0,0,0,174000,0,0,0,174000,0,174000,174000
051563,泰鼎國泰96購01  ,0,0,0,0,0,0,0,0,0,174000,0,0,0,174000,0,174000,174000
00639,富邦深100       ,1490000,607000,883000,0,0,0,0,0,0,-709243,20000,20000,0,1674757,2384000,-709243,173757
3312,弘憶股          ,198001,24000,174001,0,0,0,0,0,0,-1000,0,1000,-1000,0,0,0,173001
054427,潤泰全富邦97購01,0,0,0,0,0,0,0,0,0,173000,0,0,0,234000,61000,173000,173000
045860,鴻海統一93購03  ,0,0,0,0,0,0,0,0,0,173000,0,0,0,173000,0,173000,173000
051774,聯茂中信96購01  ,0,0,0,0,0,0,0,0,0,173000,0,0,0,194000,21000,173000,173000
053644,台表科國票97購03,0,0,0,0,0,0,0,0,0,172000,0,0,0,172000,0,172000,172000
049596,智伸科元大95購01,0,0,0,0,0,0,0,0,0,172000,0,0,0,190000,18000,172000,172000
047325,材料元大93購01  ,0,0,0,0,0,0,0,0,0,172000,0,0,0,300000,128000,172000,172000
05029P,鴻海元富95售04  ,0,0,0,0,0,0,0,0,0,172000,0,0,0,197000,25000,172000,172000
1605,華新            ,762000,911939,-149939,0,0,0,0,0,0,321000,1000,12000,-11000,348000,16000,332000,171061
048247,聯發科兆豐93購03,0,0,0,0,0,0,0,0,0,171000,0,0,0,226000,55000,171000,171000
04751P,智邦兆豐95售02  ,0,0,0,0,0,0,0,0,0,171000,0,0,0,856000,685000,171000,171000
045749,智邦富邦93購01  ,0,0,0,0,0,0,0,0,0,170000,0,0,0,173000,3000,170000,170000
047365,隆達群益93購01  ,0,0,0,0,0,0,0,0,0,170000,0,0,0,170000,0,170000,170000
050166,彩晶國泰95購01  ,0,0,0,0,0,0,0,0,0,170000,0,0,0,170000,0,170000,170000
050388,鴻海統一94購09  ,0,0,0,0,0,0,0,0,0,170000,0,0,0,380000,210000,170000,170000
052834,彩晶群益96購01  ,0,0,0,0,0,0,0,0,0,170000,0,0,0,170000,0,170000,170000
2489,瑞軒            ,331000,139000,192000,0,0,0,0,0,0,-22000,0,22000,-22000,0,0,0,170000
6443,元晶            ,185000,14000,171000,0,0,0,0,0,0,-1000,0,1000,-1000,0,0,0,170000
056040,亞光凱基98購01  ,0,0,0,0,0,0,0,0,0,170000,0,0,0,250000,80000,170000,170000
06062P,宏達電元富97售01,0,0,0,0,0,0,0,0,0,170000,0,0,0,205000,35000,170000,170000
053623,臺股指群益96購09,0,0,0,0,0,0,0,0,0,169000,0,0,0,205000,36000,169000,169000
044247,道瓊反元富97購01,0,0,0,0,0,0,0,0,0,169000,0,0,0,210000,41000,169000,169000
051540,力成國票95購01  ,0,0,0,0,0,0,0,0,0,169000,0,0,0,229000,60000,169000,169000
046292,聯發科統一92購02,0,0,0,0,0,0,0,0,0,168000,0,0,0,199000,31000,168000,168000
047565,美律國票93購02  ,0,0,0,0,0,0,0,0,0,168000,0,0,0,180000,12000,168000,168000
051604,喬山群益95購01  ,0,0,0,0,0,0,0,0,0,168000,0,0,0,221000,53000,168000,168000
053953,群創台新97購01  ,0,0,0,0,0,0,0,0,0,167000,0,0,0,167000,0,167000,167000
049725,台郡國票94購03  ,0,0,0,0,0,0,0,0,0,167000,0,0,0,167000,0,167000,167000
051593,和碩元大95購01  ,0,0,0,0,0,0,0,0,0,167000,0,0,0,170000,3000,167000,167000
051120,南亞科群益95購01,0,0,0,0,0,0,0,0,0,167000,0,0,0,180000,13000,167000,167000
052816,上銀永豐96購01  ,0,0,0,0,0,0,0,0,0,167000,0,0,0,251000,84000,167000,167000
052602,聯電元大97購01  ,0,0,0,0,0,0,0,0,0,167000,0,0,0,216000,49000,167000,167000
054725,國巨日盛97購01  ,0,0,0,0,0,0,0,0,0,166000,0,0,0,3869000,3703000,166000,166000
00712,FH富時不動產    ,89000,0,89000,0,0,0,0,0,0,77000,0,0,0,145000,68000,77000,166000
043051,天鈺國泰93購01  ,0,0,0,0,0,0,0,0,0,166000,0,0,0,166000,0,166000,166000
052538,和大統一95購02  ,0,0,0,0,0,0,0,0,0,166000,0,0,0,240000,74000,166000,166000
052783,台郡國票97購01  ,0,0,0,0,0,0,0,0,0,166000,0,0,0,184000,18000,166000,166000
051451,世芯元大95購03  ,0,0,0,0,0,0,0,0,0,166000,0,0,0,167000,1000,166000,166000
052070,GIS兆豐95購03   ,0,0,0,0,0,0,0,0,0,166000,0,0,0,309000,143000,166000,166000
056184,南亞科統一97購03,0,0,0,0,0,0,0,0,0,166000,0,0,0,170000,4000,166000,166000
05745P,富邦金兆豐96售02,0,0,0,0,0,0,0,0,0,166000,0,0,0,200000,34000,166000,166000
053869,嘉澤元大96購02  ,0,0,0,0,0,0,0,0,0,165000,0,0,0,213000,48000,165000,165000
043513,台灣50元大96購05,0,0,0,0,0,0,0,0,0,165000,0,0,0,170000,5000,165000,165000
03777P,華通中信95售01  ,0,0,0,0,0,0,0,0,0,165000,0,0,0,200000,35000,165000,165000
049798,台積電元大94購18,0,0,0,0,0,0,0,0,0,165000,0,0,0,395000,230000,165000,165000
056084,漢唐統一97購03  ,0,0,0,0,0,0,0,0,0,165000,0,0,0,254000,89000,165000,165000
1519,華城            ,351000,178000,173000,0,0,0,0,0,0,-8000,0,8000,-8000,0,0,0,165000
053967,華邦電元大96購03,0,0,0,0,0,0,0,0,0,164000,0,0,0,287000,123000,164000,164000
036804,國巨元富93購01  ,0,0,0,0,0,0,0,0,0,164000,0,0,0,283000,119000,164000,164000
046456,聯發科凱基92購08,0,0,0,0,0,0,0,0,0,164000,0,0,0,164000,0,164000,164000
048861,牧德群益94購01  ,0,0,0,0,0,0,0,0,0,164000,0,0,0,164000,0,164000,164000
055347,台積電凱基97購10,0,0,0,0,0,0,0,0,0,164000,0,0,0,222000,58000,164000,164000
051543,鈺齊國票96購01  ,0,0,0,0,0,0,0,0,0,164000,0,0,0,312000,148000,164000,164000
053316,友達群益9A購01  ,0,0,0,0,0,0,0,0,0,164000,0,0,0,164000,0,164000,164000
03651C,臺股指凱基97牛17,0,0,0,0,0,0,0,0,0,163000,0,0,0,229000,66000,163000,163000
053361,友達元富99購01  ,0,0,0,0,0,0,0,0,0,163000,0,0,0,227000,64000,163000,163000
053364,友達國泰98購01  ,0,0,0,0,0,0,0,0,0,163000,0,0,0,163000,0,163000,163000
051993,和碩元大95購03  ,0,0,0,0,0,0,0,0,0,163000,0,0,0,163000,0,163000,163000
053938,彩晶元富96購01  ,0,0,0,0,0,0,0,0,0,162000,0,0,0,162000,0,162000,162000
046486,樺漢國泰94購01  ,0,0,0,0,0,0,0,0,0,162000,0,0,0,362000,200000,162000,162000
048935,玉晶光永豐94購04,0,0,0,0,0,0,0,0,0,162000,0,0,0,162000,0,162000,162000
049950,南亞科群益94購02,0,0,0,0,0,0,0,0,0,162000,0,0,0,165000,3000,162000,162000
049007,玉晶光中信96購01,0,0,0,0,0,0,0,0,0,162000,0,0,0,304000,142000,162000,162000
04036P,臻鼎群益93售03  ,0,0,0,0,0,0,0,0,0,161000,0,0,0,161000,0,161000,161000
044610,A50正2兆豐93購01,0,0,0,0,0,0,0,0,0,161000,0,0,0,161000,0,161000,161000
047557,麗豐凱基94購02  ,0,0,0,0,0,0,0,0,0,161000,0,0,0,209000,48000,161000,161000
051710,和碩群益95購01  ,0,0,0,0,0,0,0,0,0,161000,0,0,0,187000,26000,161000,161000
5215,科嘉-KY         ,98000,65000,33000,0,0,0,133000,0,133000,-5000,0,5000,-5000,0,0,0,161000
9911,櫻花            ,609000,437400,171600,0,0,0,0,0,0,-11000,0,11000,-11000,0,0,0,160600
048148,欣興元富93購02  ,0,0,0,0,0,0,0,0,0,160000,0,0,0,260000,100000,160000,160000
050353,華擎群益95購01  ,0,0,0,0,0,0,0,0,0,160000,0,0,0,499000,339000,160000,160000
051459,臺股指元大95購19,0,0,0,0,0,0,0,0,0,160000,0,0,0,171000,11000,160000,160000
056103,聯發科永豐97購03,0,0,0,0,0,0,0,0,0,160000,0,0,0,269000,109000,160000,160000
05596P,可成統一96售01  ,0,0,0,0,0,0,0,0,0,159000,0,0,0,184000,25000,159000,159000
042481,嘉聯益統一92購01,0,0,0,0,0,0,0,0,0,159000,0,0,0,200000,41000,159000,159000
04106P,滬深2X永豐93售02,0,0,0,0,0,0,0,0,0,157000,0,0,0,323000,166000,157000,157000
055338,GIS兆豐97購01   ,0,0,0,0,0,0,0,0,0,157000,0,0,0,226000,69000,157000,157000
051924,聯茂日盛95購01  ,0,0,0,0,0,0,0,0,0,157000,0,0,0,164000,7000,157000,157000
2504,國產            ,1741000,1582000,159000,0,0,0,0,0,0,-2000,7000,9000,-2000,0,0,0,157000
055507,樺漢元大98購02  ,0,0,0,0,0,0,0,0,0,156000,0,0,0,378000,222000,156000,156000
055676,亞德客凱基97購03,0,0,0,0,0,0,0,0,0,156000,0,0,0,221000,65000,156000,156000
03399P,欣興中信02售03  ,0,0,0,0,0,0,0,0,0,156000,0,0,0,180000,24000,156000,156000
03811P,鴻海群益93售06  ,0,0,0,0,0,0,0,0,0,156000,0,0,0,306000,150000,156000,156000
052939,富邦金兆豐96購01,0,0,0,0,0,0,0,0,0,156000,0,0,0,199000,43000,156000,156000
052339,光寶科凱基95購01,0,0,0,0,0,0,0,0,0,156000,0,0,0,156000,0,156000,156000
3533,嘉澤            ,387000,424000,-37000,0,0,0,95000,116000,-21000,214000,217000,51000,166000,49000,1000,48000,156000
055758,旺宏群益97購01  ,0,0,0,0,0,0,0,0,0,155000,0,0,0,190000,35000,155000,155000
054295,世芯元大96購03  ,0,0,0,0,0,0,0,0,0,155000,0,0,0,156000,1000,155000,155000
055317,金寶國票98購01  ,0,0,0,0,0,0,0,0,0,155000,0,0,0,359000,204000,155000,155000
052843,鴻海統一96購09  ,0,0,0,0,0,0,0,0,0,155000,0,0,0,173000,18000,155000,155000
3038,全台            ,213000,73000,140000,0,0,0,0,0,0,15000,16000,1000,15000,0,0,0,155000
6209,今國光          ,228000,72000,156000,0,0,0,0,0,0,-1000,0,1000,-1000,0,0,0,155000
056192,智邦富邦98購01  ,0,0,0,0,0,0,0,0,0,155000,0,0,0,323000,168000,155000,155000
055362,GIS凱基97購03   ,0,0,0,0,0,0,0,0,0,154000,0,0,0,154000,0,154000,154000
055376,群創元大01購01  ,0,0,0,0,0,0,0,0,0,154000,0,0,0,587000,433000,154000,154000
04084P,台表科統一93售01,0,0,0,0,0,0,0,0,0,154000,0,0,0,154000,0,154000,154000
050378,上証2X群益98購02,0,0,0,0,0,0,0,0,0,153000,0,0,0,188000,35000,153000,153000
051919,台郡元大96購02  ,0,0,0,0,0,0,0,0,0,153000,0,0,0,208000,55000,153000,153000
06218P,鴻海元富97售06  ,0,0,0,0,0,0,0,0,0,153000,0,0,0,208000,55000,153000,153000
052532,台積電國泰96購07,0,0,0,0,0,0,0,0,0,152000,0,0,0,379000,227000,152000,152000
055266,京鼎永豐97購01  ,0,0,0,0,0,0,0,0,0,151000,0,0,0,169000,18000,151000,151000
05490P,鴻海元大95售23  ,0,0,0,0,0,0,0,0,0,151000,0,0,0,248000,97000,151000,151000
055506,台郡元大99購02  ,0,0,0,0,0,0,0,0,0,151000,0,0,0,198000,47000,151000,151000
054132,聯發科元大97購10,0,0,0,0,0,0,0,0,0,151000,0,0,0,211000,60000,151000,151000
053791,同欣電元大96購05,0,0,0,0,0,0,0,0,0,151000,0,0,0,220000,69000,151000,151000
046572,貿聯國泰94購01  ,0,0,0,0,0,0,0,0,0,151000,0,0,0,212000,61000,151000,151000
06226P,聯發科麥證97售03,0,0,0,201000,50000,151000,0,0,0,151000,0,0,0,201000,50000,151000,151000
1308,亞聚            ,214000,63000,151000,0,0,0,0,0,0,0,3000,3000,0,0,0,0,151000
053830,台積電台新96購02,0,0,0,0,0,0,0,0,0,150000,0,0,0,300000,150000,150000,150000
055224,鴻海國票99購02  ,0,0,0,0,0,0,0,0,0,150000,0,0,0,340000,190000,150000,150000
046822,亞光凱基93購04  ,0,0,0,0,0,0,0,0,0,150000,0,0,0,150000,0,150000,150000
046008,臺股指統一92購03,0,0,0,0,0,0,0,0,0,150000,0,0,0,150000,0,150000,150000
052917,大立光富邦99購02,0,0,0,0,0,0,0,0,0,150000,0,0,0,308000,158000,150000,150000
051829,玉晶光元大98購02,0,0,0,0,0,0,0,0,0,150000,0,0,0,155000,5000,150000,150000
050846,緯創國票96購01  ,0,0,0,0,0,0,0,0,0,150000,0,0,0,154000,4000,150000,150000
053786,新日興元大96購02,0,0,0,0,0,0,0,0,0,149000,0,0,0,150000,1000,149000,149000
051559,宏達電國泰96購01,0,0,0,0,0,0,0,0,0,149000,0,0,0,211000,62000,149000,149000
052653,臺股指永豐97購01,0,0,0,0,0,0,0,0,0,149000,0,0,0,341000,192000,149000,149000
054350,美律國泰98購01  ,0,0,0,0,0,0,0,0,0,148000,0,0,0,250000,102000,148000,148000
048740,富邦金統一94購01,0,0,0,0,0,0,0,0,0,148000,0,0,0,148000,0,148000,148000
044188,超眾國泰93購01  ,0,0,0,0,0,0,0,0,0,148000,0,0,0,247000,99000,148000,148000
054465,亞光凱基97購01  ,0,0,0,0,0,0,0,0,0,147000,0,0,0,257000,110000,147000,147000
04220P,聯發科兆豐93售04,0,0,0,0,0,0,0,0,0,147000,0,0,0,167000,20000,147000,147000
051025,晶華統一95購01  ,0,0,0,0,0,0,0,0,0,147000,0,0,0,147000,0,147000,147000
3047,訊舟            ,215002,69000,146002,0,0,0,0,0,0,0,0,0,0,0,0,0,146002
048550,中鴻元大96購01  ,0,0,0,0,0,0,0,0,0,146000,0,0,0,200000,54000,146000,146000
056236,台積電群益97購06,0,0,0,0,0,0,0,0,0,146000,0,0,0,902000,756000,146000,146000
053691,聯發科元大96購16,0,0,0,0,0,0,0,0,0,145000,0,0,0,380000,235000,145000,145000
054954,華新科元大97購06,0,0,0,0,0,0,0,0,0,145000,0,0,0,252000,107000,145000,145000
050518,台積電元大94購28,0,0,0,0,0,0,0,0,0,145000,0,0,0,246000,101000,145000,145000
051576,台積電元大97購02,0,0,0,0,0,0,0,0,0,145000,0,0,0,166000,21000,145000,145000
055061,聯詠永豐97購01  ,0,0,0,0,0,0,0,0,0,144000,0,0,0,144000,0,144000,144000
051730,為升國票96購02  ,0,0,0,0,0,0,0,0,0,144000,0,0,0,144000,0,144000,144000
050884,聯茂國泰96購01  ,0,0,0,0,0,0,0,0,0,144000,0,0,0,154000,10000,144000,144000
052441,亞泥元大95購01  ,0,0,0,0,0,0,0,0,0,144000,0,0,0,174000,30000,144000,144000
053209,台積電凱基96購07,0,0,0,0,0,0,0,0,0,144000,0,0,0,144000,0,144000,144000
055987,台表科元富97購01,0,0,0,0,0,0,0,0,0,144000,0,0,0,199000,55000,144000,144000
048662,京元電統一93購04,0,0,0,0,0,0,0,0,0,143000,0,0,0,173000,30000,143000,143000
050491,旺宏國泰96購01  ,0,0,0,0,0,0,0,0,0,143000,0,0,0,269000,126000,143000,143000
051075,智邦國泰97購01  ,0,0,0,0,0,0,0,0,0,143000,0,0,0,163000,20000,143000,143000
044693,滬深2X元大94購01,0,0,0,0,0,0,0,0,0,142000,0,0,0,281000,139000,142000,142000
049217,智邦國票95購01  ,0,0,0,0,0,0,0,0,0,142000,0,0,0,146000,4000,142000,142000
053133,華邦電國票97購01,0,0,0,0,0,0,0,0,0,142000,0,0,0,181000,39000,142000,142000
056025,嘉晶群益97購01  ,0,0,0,0,0,0,0,0,0,142000,0,0,0,150000,8000,142000,142000
053894,創意群益96購01  ,0,0,0,0,0,0,0,0,0,141000,0,0,0,151000,10000,141000,141000
05443P,宏達電元大95售05,0,0,0,0,0,0,0,0,0,141000,0,0,0,251000,110000,141000,141000
046833,晶技群益93購01  ,0,0,0,0,0,0,0,0,0,141000,0,0,0,151000,10000,141000,141000
049739,大立光群益94購05,0,0,0,0,0,0,0,0,0,141000,0,0,0,145000,4000,141000,141000
049688,台光電元大94購04,0,0,0,0,0,0,0,0,0,141000,0,0,0,193000,52000,141000,141000
052535,日月光國泰96購01,0,0,0,0,0,0,0,0,0,141000,0,0,0,237000,96000,141000,141000
3052,夆典            ,203000,58000,145000,0,0,0,0,0,0,-4000,0,4000,-4000,0,0,0,141000
054387,台積電統一98購02,0,0,0,0,0,0,0,0,0,140000,0,0,0,140000,0,140000,140000
055622,群創國泰99購01  ,0,0,0,0,0,0,0,0,0,140000,0,0,0,140000,0,140000,140000
046349,康控兆豐93購02  ,0,0,0,0,0,0,0,0,0,140000,0,0,0,140000,0,140000,140000
047632,儒鴻元大93購08  ,0,0,0,0,0,0,0,0,0,140000,0,0,0,140000,0,140000,140000
050087,美食台新94購01  ,0,0,0,0,0,0,0,0,0,140000,0,0,0,170000,30000,140000,140000
053232,友達永豐97購02  ,0,0,0,0,0,0,0,0,0,140000,0,0,0,212000,72000,140000,140000
050780,台表科元大96購01,0,0,0,0,0,0,0,0,0,140000,0,0,0,155000,15000,140000,140000
051670,欣興元大95購06  ,0,0,0,0,0,0,0,0,0,140000,0,0,0,239000,99000,140000,140000
051538,和碩國票96購01  ,0,0,0,0,0,0,0,0,0,140000,0,0,0,200000,60000,140000,140000
052144,鴻海群益95購10  ,0,0,0,0,0,0,0,0,0,140000,0,0,0,200000,60000,140000,140000
2375,凱美            ,586000,511000,75000,0,0,0,0,0,0,65000,0,53000,-53000,126000,8000,118000,140000
056072,群創元大97購01  ,0,0,0,0,0,0,0,0,0,140000,0,0,0,258000,118000,140000,140000
051568,智邦富邦95購01  ,0,0,0,0,0,0,0,0,0,139000,0,0,0,140000,1000,139000,139000
050782,台積電國泰96購03,0,0,0,0,0,0,0,0,0,139000,0,0,0,151000,12000,139000,139000
052446,聯發科元大96購03,0,0,0,0,0,0,0,0,0,139000,0,0,0,179000,40000,139000,139000
052417,聯發科兆豐9B購01,0,0,0,0,0,0,0,0,0,139000,0,0,0,159000,20000,139000,139000
05569P,漢唐統一97售01  ,0,0,0,0,0,0,0,0,0,138000,0,0,0,264000,126000,138000,138000
054510,S&P反1元大98購01,0,0,0,0,0,0,0,0,0,138000,0,0,0,163000,25000,138000,138000
053629,玉山金兆豐96購01,0,0,0,0,0,0,0,0,0,138000,0,0,0,159000,21000,138000,138000
046409,富邦金元大92購02,0,0,0,0,0,0,0,0,0,138000,0,0,0,138000,0,138000,138000
06022P,緯穎永豐96售03  ,0,0,0,0,0,0,0,0,0,138000,0,0,0,138000,0,138000,138000
046137,遠東新統一92購01,0,0,0,0,0,0,0,0,0,137000,0,0,0,147000,10000,137000,137000
052994,群創台新99購01  ,0,0,0,0,0,0,0,0,0,137000,0,0,0,137000,0,137000,137000
2723,美食-KY         ,1259000,874544,384456,0,0,0,0,224000,-224000,-24000,3000,8000,-5000,13000,32000,-19000,136456
055248,可成統一97購02  ,0,0,0,0,0,0,0,0,0,136000,0,0,0,152000,16000,136000,136000
053069,同欣電群益98購01,0,0,0,0,0,0,0,0,0,136000,0,0,0,152000,16000,136000,136000
04880P,GIS永豐94售02   ,0,0,0,0,0,0,0,0,0,135000,0,0,0,135000,0,135000,135000
045385,華新科元大93購04,0,0,0,0,0,0,0,0,0,135000,0,0,0,151000,16000,135000,135000
049982,嘉晶凱基94購01  ,0,0,0,0,0,0,0,0,0,135000,0,0,0,135000,0,135000,135000
052817,楠梓電永豐96購02,0,0,0,0,0,0,0,0,0,135000,0,0,0,230000,95000,135000,135000
8163,達方            ,340000,253000,87000,0,0,0,0,0,0,48000,60000,32000,28000,22000,2000,20000,135000
055393,華新科統一97購03,0,0,0,0,0,0,0,0,0,134000,0,0,0,233000,99000,134000,134000
049974,聯發科日盛94購02,0,0,0,0,0,0,0,0,0,134000,0,0,0,134000,0,134000,134000
051601,群創兆豐95購02  ,0,0,0,0,0,0,0,0,0,134000,0,0,0,134000,0,134000,134000
05680P,聯發科元大96售12,0,0,0,0,0,0,0,0,0,134000,0,0,0,254000,120000,134000,134000
046235,台表科元大92購03,0,0,0,0,0,0,0,0,0,133000,0,0,0,133000,0,133000,133000
050515,聯電元大96購01  ,0,0,0,0,0,0,0,0,0,133000,0,0,0,152000,19000,133000,133000
056104,義隆永豐97購01  ,0,0,0,0,0,0,0,0,0,133000,0,0,0,133000,0,133000,133000
055194,昇陽半元富97購01,0,0,0,0,0,0,0,0,0,132000,0,0,0,149000,17000,132000,132000
055133,致新康和97購01  ,0,0,0,0,0,0,0,0,0,132000,0,0,0,200000,68000,132000,132000
049937,臺股指元大94購18,0,0,0,0,0,0,0,0,0,132000,0,0,0,132000,0,132000,132000
4961,天鈺            ,182000,53000,129000,0,0,0,0,0,0,3000,0,1000,-1000,5000,1000,4000,132000
055543,為升凱基97購01  ,0,0,0,0,0,0,0,0,0,131000,0,0,0,213000,82000,131000,131000
055816,新日興國票98購01,0,0,0,0,0,0,0,0,0,131000,0,0,0,175000,44000,131000,131000
046208,滬深2X元富95購03,0,0,0,0,0,0,0,0,0,131000,0,0,0,161000,30000,131000,131000
045535,A50正2群益94購01,0,0,0,0,0,0,0,0,0,131000,0,0,0,131000,0,131000,131000
04214P,美利達凱基93售04,0,0,0,0,0,0,0,0,0,131000,0,0,0,141000,10000,131000,131000
050842,旺宏國票97購01  ,0,0,0,0,0,0,0,0,0,131000,0,0,0,146000,15000,131000,131000
052709,光寶科日盛96購01,0,0,0,0,0,0,0,0,0,131000,0,0,0,146000,15000,131000,131000
052637,欣興凱基97購01  ,0,0,0,0,0,0,0,0,0,131000,0,0,0,131000,0,131000,131000
3008,大立光          ,862744,702905,159839,0,0,0,4000,18000,-14000,-15000,12000,31000,-19000,21000,17000,4000,130839
055118,嘉聯益凱基98購02,0,0,0,0,0,0,0,0,0,130000,0,0,0,130000,0,130000,130000
054854,台積電麥證97購01,0,0,0,160000,30000,130000,0,0,0,130000,0,0,0,160000,30000,130000,130000
054821,貿聯元大9A購01  ,0,0,0,0,0,0,0,0,0,130000,0,0,0,288000,158000,130000,130000
053942,超眾國泰96購02  ,0,0,0,0,0,0,0,0,0,130000,0,0,0,243000,113000,130000,130000
040498,滬深2X國票92購01,0,0,0,0,0,0,0,0,0,130000,0,0,0,130000,0,130000,130000
050681,南亞科元富94購01,0,0,0,0,0,0,0,0,0,130000,0,0,0,130000,0,130000,130000
052490,禾伸堂國票95購01,0,0,0,0,0,0,0,0,0,130000,0,0,0,206000,76000,130000,130000
050792,可成富邦96購01  ,0,0,0,0,0,0,0,0,0,130000,0,0,0,462000,332000,130000,130000
051983,道瓊反元大95購01,0,0,0,0,0,0,0,0,0,130000,0,0,0,180000,50000,130000,130000
051836,華通國泰95購02  ,0,0,0,0,0,0,0,0,0,130000,0,0,0,130000,0,130000,130000
3532,台勝科          ,150000,52000,98000,0,0,0,0,0,0,32000,0,6000,-6000,42000,4000,38000,130000
08890P,為升元大01售04  ,0,0,0,0,0,0,0,0,0,130000,0,0,0,130000,0,130000,130000
054664,台表科元大97購04,0,0,0,0,0,0,0,0,0,129000,0,0,0,140000,11000,129000,129000
055971,矽力元大97購05  ,0,0,0,0,0,0,0,0,0,129000,0,0,0,194000,65000,129000,129000
055528,華邦電群益97購01,0,0,0,0,0,0,0,0,0,129000,0,0,0,160000,31000,129000,129000
046962,群創中信95購03  ,0,0,0,0,0,0,0,0,0,129000,0,0,0,216000,87000,129000,129000
049791,元油2X元大94購07,0,0,0,0,0,0,0,0,0,129000,0,0,0,200000,71000,129000,129000
053331,玉晶光永豐97購02,0,0,0,0,0,0,0,0,0,129000,0,0,0,191000,62000,129000,129000
4306,炎洲            ,177000,41000,136000,0,0,0,0,0,0,-7000,0,7000,-7000,0,0,0,129000
054322,國巨台新96購02  ,0,0,0,0,0,0,0,0,0,128000,0,0,0,128000,0,128000,128000
053844,GIS統一96購01   ,0,0,0,0,0,0,0,0,0,128000,0,0,0,223000,95000,128000,128000
03179P,聯發科群益01售16,0,0,0,0,0,0,0,0,0,128000,0,0,0,128000,0,128000,128000
042168,台灣50凱基96購01,0,0,0,0,0,0,0,0,0,128000,0,0,0,197000,69000,128000,128000
048422,瑞昱元富96購02  ,0,0,0,0,0,0,0,0,0,128000,0,0,0,200000,72000,128000,128000
050620,和碩元大94購04  ,0,0,0,0,0,0,0,0,0,128000,0,0,0,138000,10000,128000,128000
053006,玉晶光永豐96購03,0,0,0,0,0,0,0,0,0,128000,0,0,0,132000,4000,128000,128000
052596,群創群益98購05  ,0,0,0,0,0,0,0,0,0,128000,0,0,0,402000,274000,128000,128000
052521,友達元大9B購01  ,0,0,0,0,0,0,0,0,0,128000,0,0,0,142000,14000,128000,128000
051053,台光電群益95購01,0,0,0,0,0,0,0,0,0,128000,0,0,0,288000,160000,128000,128000
050934,喬山國票96購01  ,0,0,0,0,0,0,0,0,0,128000,0,0,0,225000,97000,128000,128000
053440,台積電凱基96購12,0,0,0,0,0,0,0,0,0,127000,0,0,0,137000,10000,127000,127000
048873,玉晶光國票95購02,0,0,0,0,0,0,0,0,0,127000,0,0,0,207000,80000,127000,127000
054136,亞光元大96購04  ,0,0,0,0,0,0,0,0,0,126000,0,0,0,146000,20000,126000,126000
042724,群創群益93購01  ,0,0,0,0,0,0,0,0,0,126000,0,0,0,156000,30000,126000,126000
04541P,智易永豐94售03  ,0,0,0,0,0,0,0,0,0,126000,0,0,0,126000,0,126000,126000
044705,群創元大93購03  ,0,0,0,0,0,0,0,0,0,126000,0,0,0,235000,109000,126000,126000
052590,祥碩永豐96購01  ,0,0,0,0,0,0,0,0,0,126000,0,0,0,235000,109000,126000,126000
052676,聯發科永昌98購01,0,0,0,0,0,0,0,0,0,126000,0,0,0,1106000,980000,126000,126000
052317,台積電元大96購11,0,0,0,0,0,0,0,0,0,126000,0,0,0,214000,88000,126000,126000
053805,奇鋐凱基98購02  ,0,0,0,0,0,0,0,0,0,125000,0,0,0,200000,75000,125000,125000
054690,新興永豐97購01  ,0,0,0,0,0,0,0,0,0,125000,0,0,0,125000,0,125000,125000
047029,日月光元大93購01,0,0,0,0,0,0,0,0,0,125000,0,0,0,160000,35000,125000,125000
047466,新光金國泰95購01,0,0,0,0,0,0,0,0,0,125000,0,0,0,192000,67000,125000,125000
049793,為升元大94購04  ,0,0,0,0,0,0,0,0,0,125000,0,0,0,125000,0,125000,125000
052124,京鼎國票95購01  ,0,0,0,0,0,0,0,0,0,125000,0,0,0,161000,36000,125000,125000
053932,華新科統一96購03,0,0,0,0,0,0,0,0,0,124000,0,0,0,124000,0,124000,124000
053610,矽力中信98購01  ,0,0,0,0,0,0,0,0,0,124000,0,0,0,376000,252000,124000,124000
054395,華新科永豐96購03,0,0,0,0,0,0,0,0,0,124000,0,0,0,505000,381000,124000,124000
00738U,元大道瓊白銀    ,10000,0,10000,0,0,0,0,0,0,114000,0,0,0,435000,321000,114000,124000
047651,復盛元大93購01  ,0,0,0,0,0,0,0,0,0,124000,0,0,0,124000,0,124000,124000
047946,南亞科統一93購04,0,0,0,0,0,0,0,0,0,124000,0,0,0,164000,40000,124000,124000
048045,上銀永豐93購02  ,0,0,0,0,0,0,0,0,0,124000,0,0,0,161000,37000,124000,124000
052785,滬深2X中信99購03,0,0,0,0,0,0,0,0,0,124000,0,0,0,124000,0,124000,124000
054632,緯穎凱基9A購01  ,0,0,0,0,0,0,0,0,0,123000,0,0,0,479000,356000,123000,123000
054357,可成兆豐97購02  ,0,0,0,0,0,0,0,0,0,123000,0,0,0,171000,48000,123000,123000
053756,亞光元富96購02  ,0,0,0,0,0,0,0,0,0,123000,0,0,0,123000,0,123000,123000
048736,台達電統一94購01,0,0,0,0,0,0,0,0,0,123000,0,0,0,123000,0,123000,123000
050496,鴻海富邦96購01  ,0,0,0,0,0,0,0,0,0,123000,0,0,0,123000,0,123000,123000
050919,台積電凱基95購03,0,0,0,0,0,0,0,0,0,123000,0,0,0,123000,0,123000,123000
5203,訊連            ,138000,15000,123000,0,0,0,0,0,0,0,5000,1000,4000,7000,11000,-4000,123000
049718,南亞科凱基94購04,0,0,0,0,0,0,0,0,0,122000,0,0,0,122000,0,122000,122000
047469,華通中信93購01  ,0,0,0,0,0,0,0,0,0,122000,0,0,0,194000,72000,122000,122000
049244,亞光元富94購01  ,0,0,0,0,0,0,0,0,0,122000,0,0,0,235000,113000,122000,122000
053401,臺股指中信99購01,0,0,0,0,0,0,0,0,0,122000,0,0,0,122000,0,122000,122000
053185,友達中信99購01  ,0,0,0,0,0,0,0,0,0,122000,0,0,0,187000,65000,122000,122000
055371,正崴元大97購02  ,0,0,0,0,0,0,0,0,0,121000,0,0,0,313000,192000,121000,121000
048810,玉晶光第一94購01,0,0,0,0,0,0,0,0,0,121000,0,0,0,126000,5000,121000,121000
042712,元石油國票95購01,0,0,0,0,0,0,0,0,0,121000,0,0,0,200000,79000,121000,121000
04573P,聯電統一94售02  ,0,0,0,0,0,0,0,0,0,121000,0,0,0,121000,0,121000,121000
049360,台達電元大94購07,0,0,0,0,0,0,0,0,0,121000,0,0,0,121000,0,121000,121000
047389,義隆元大94購01  ,0,0,0,0,0,0,0,0,0,121000,0,0,0,121000,0,121000,121000
047316,大立光元大94購01,0,0,0,0,0,0,0,0,0,121000,0,0,0,150000,29000,121000,121000
047910,全新麥證94購01  ,0,0,0,121000,0,121000,0,0,0,121000,0,0,0,121000,0,121000,121000
052205,台積電中信95購09,0,0,0,0,0,0,0,0,0,121000,0,0,0,125000,4000,121000,121000
052057,臺股指凱基95購15,0,0,0,0,0,0,0,0,0,121000,0,0,0,304000,183000,121000,121000
05915P,聯發科元大96售19,0,0,0,0,0,0,0,0,0,121000,0,0,0,164000,43000,121000,121000
054933,南港元大97購01  ,0,0,0,0,0,0,0,0,0,120000,0,0,0,120000,0,120000,120000
053488,中石化兆豐97購01,0,0,0,0,0,0,0,0,0,120000,0,0,0,220000,100000,120000,120000
053571,奇鋐統一96購02  ,0,0,0,0,0,0,0,0,0,120000,0,0,0,140000,20000,120000,120000
054271,中石化中信99購01,0,0,0,0,0,0,0,0,0,120000,0,0,0,120000,0,120000,120000
04054P,滬深2X富邦96售02,0,0,0,0,0,0,0,0,0,120000,0,0,0,120000,0,120000,120000
03497P,金像電凱基02售06,0,0,0,0,0,0,0,0,0,120000,0,0,0,361000,241000,120000,120000
049979,美律凱基94購07  ,0,0,0,0,0,0,0,0,0,120000,0,0,0,120000,0,120000,120000
048506,華通群益94購03  ,0,0,0,0,0,0,0,0,0,120000,0,0,0,154000,34000,120000,120000
050439,新日興凱基94購01,0,0,0,0,0,0,0,0,0,120000,0,0,0,140000,20000,120000,120000
050714,深中小群益98購01,0,0,0,0,0,0,0,0,0,120000,0,0,0,341000,221000,120000,120000
049131,元油2X元大94購02,0,0,0,0,0,0,0,0,0,120000,0,0,0,130000,10000,120000,120000
052058,臺股指凱基95購16,0,0,0,0,0,0,0,0,0,120000,0,0,0,298000,178000,120000,120000
052711,滬深2X凱基97購01,0,0,0,0,0,0,0,0,0,120000,0,0,0,120000,0,120000,120000
053757,聯發科國泰96購04,0,0,0,0,0,0,0,0,0,119000,0,0,0,119000,0,119000,119000
045795,瀚宇博兆豐94購01,0,0,0,0,0,0,0,0,0,119000,0,0,0,364000,245000,119000,119000
053658,亞光凱基96購01  ,0,0,0,0,0,0,0,0,0,118000,0,0,0,151000,33000,118000,118000
055609,旺宏國票99購01  ,0,0,0,0,0,0,0,0,0,118000,0,0,0,118000,0,118000,118000
045736,台積電群益94購01,0,0,0,0,0,0,0,0,0,118000,0,0,0,239000,121000,118000,118000
041990,A50正2國票97購01,0,0,0,0,0,0,0,0,0,118000,0,0,0,187000,69000,118000,118000
047231,大立光凱基95購03,0,0,0,0,0,0,0,0,0,118000,0,0,0,220000,102000,118000,118000
053130,聯發科麥證96購01,0,0,0,171000,53000,118000,0,0,0,118000,0,0,0,171000,53000,118000,118000
055872,亞泥元富97購01  ,0,0,0,0,0,0,0,0,0,117000,0,0,0,118000,1000,117000,117000
053864,義隆元大96購01  ,0,0,0,0,0,0,0,0,0,117000,0,0,0,117000,0,117000,117000
050265,美食元大94購05  ,0,0,0,0,0,0,0,0,0,117000,0,0,0,137000,20000,117000,117000
049967,華新科國票94購07,0,0,0,0,0,0,0,0,0,117000,0,0,0,295000,178000,117000,117000
053089,貿聯元大97購02  ,0,0,0,0,0,0,0,0,0,117000,0,0,0,204000,87000,117000,117000
05204P,TPK元大95售03   ,0,0,0,0,0,0,0,0,0,117000,0,0,0,117000,0,117000,117000
052069,聯茂兆豐96購01  ,0,0,0,0,0,0,0,0,0,117000,0,0,0,137000,20000,117000,117000
051651,易華電永豐95購01,0,0,0,0,0,0,0,0,0,117000,0,0,0,125000,8000,117000,117000
05699P,茂林凱基96售05  ,0,0,0,0,0,0,0,0,0,117000,0,0,0,117000,0,117000,117000
2059,川湖            ,203000,87000,116000,0,0,0,0,0,0,1000,0,1000,-1000,4000,2000,2000,117000
054980,國巨元富97購01  ,0,200000,-200000,0,0,0,0,0,0,316000,0,0,0,619000,303000,316000,116000
046646,冠德國泰94購01  ,0,0,0,0,0,0,0,0,0,116000,0,0,0,170000,54000,116000,116000
04765P,宏達電永豐94售02,0,0,0,0,0,0,0,0,0,116000,0,0,0,232000,116000,116000,116000
051735,台積電國票96購06,0,0,0,0,0,0,0,0,0,116000,0,0,0,130000,14000,116000,116000
053017,世紀鋼統一96購02,0,0,0,0,0,0,0,0,0,116000,0,0,0,126000,10000,116000,116000
052765,新日興群益97購01,0,0,0,0,0,0,0,0,0,116000,0,0,0,188000,72000,116000,116000
052585,友達永豐97購01  ,0,0,0,0,0,0,0,0,0,116000,0,0,0,277000,161000,116000,116000
054192,國巨中信98購01  ,0,0,0,0,0,0,0,0,0,115000,0,0,0,117000,2000,115000,115000
046291,友達統一94購01  ,0,0,0,0,0,0,0,0,0,115000,0,0,0,301000,186000,115000,115000
055289,泰碩元大98購01  ,0,0,0,0,0,0,0,0,0,115000,0,0,0,200000,85000,115000,115000
050601,台表科國泰96購01,0,0,0,0,0,0,0,0,0,115000,0,0,0,126000,11000,115000,115000
053540,健策永豐96購01  ,0,0,0,0,0,0,0,0,0,114000,0,0,0,114000,0,114000,114000
055370,旺宏元大97購05  ,0,0,0,0,0,0,0,0,0,114000,0,0,0,115000,1000,114000,114000
045362,A50正2兆豐93購02,0,0,0,0,0,0,0,0,0,114000,0,0,0,124000,10000,114000,114000
043916,群創凱基93購01  ,0,0,0,0,0,0,0,0,0,114000,0,0,0,227000,113000,114000,114000
055290,玉晶光元大98購08,0,0,0,0,0,0,0,0,0,114000,0,0,0,146000,32000,114000,114000
050219,台積電元富95購03,0,0,0,0,0,0,0,0,0,114000,0,0,0,144000,30000,114000,114000
049976,台積電凱基94購28,0,0,0,0,0,0,0,0,0,114000,0,0,0,128000,14000,114000,114000
050726,可成國票96購01  ,0,0,0,0,0,0,0,0,0,114000,0,0,0,114000,0,114000,114000
056316,訊芯元大98購03  ,0,0,0,0,0,0,0,0,0,114000,0,0,0,200000,86000,114000,114000
055259,玉晶光統一9A購01,0,0,0,0,0,0,0,0,0,113000,0,0,0,308000,195000,113000,113000
055142,健策永豐98購01  ,0,0,0,0,0,0,0,0,0,113000,0,0,0,113000,0,113000,113000
053779,台光電元大96購02,0,0,0,0,0,0,0,0,0,113000,0,0,0,113000,0,113000,113000
048650,台表科元大93購05,0,0,0,0,0,0,0,0,0,113000,0,0,0,124000,11000,113000,113000
050831,超眾凱基95購01  ,0,0,0,0,0,0,0,0,0,113000,0,0,0,243000,130000,113000,113000
052760,盟立群益96購01  ,0,0,0,0,0,0,0,0,0,113000,0,0,0,200000,87000,113000,113000
053811,國巨群益98購02  ,0,0,0,0,0,0,0,0,0,112000,0,0,0,114000,2000,112000,112000
054331,世芯永豐96購03  ,0,0,0,0,0,0,0,0,0,112000,0,0,0,244000,132000,112000,112000
054583,玉晶光統一97購02,0,0,0,0,0,0,0,0,0,112000,0,0,0,112000,0,112000,112000
054726,台積電日盛97購01,0,0,0,0,0,0,0,0,0,112000,0,0,0,351000,239000,112000,112000
00654R,富邦印度反1     ,20000,3000,17000,0,0,0,0,0,0,95000,0,0,0,125000,30000,95000,112000
048062,南亞科統一93購05,0,0,0,0,0,0,0,0,0,112000,0,0,0,112000,0,112000,112000
049430,國巨國票95購02  ,0,0,0,0,0,0,0,0,0,112000,0,0,0,159000,47000,112000,112000
048429,旺宏國票94購02  ,0,0,0,0,0,0,0,0,0,112000,0,0,0,524000,412000,112000,112000
053054,禾伸堂國票97購01,0,0,0,0,0,0,0,0,0,112000,0,0,0,114000,2000,112000,112000
053252,華邦電國泰98購01,0,0,0,0,0,0,0,0,0,112000,0,0,0,218000,106000,112000,112000
053415,聯茂國票97購01  ,0,0,0,0,0,0,0,0,0,112000,0,0,0,273000,161000,112000,112000
051780,矽力群益95購01  ,0,0,0,0,0,0,0,0,0,112000,0,0,0,162000,50000,112000,112000
05985P,燿華統一96售03  ,0,0,0,0,0,0,0,0,0,112000,0,0,0,163000,51000,112000,112000
1313,聯成            ,308000,204148,103852,0,0,0,0,0,0,8000,15000,7000,8000,0,0,0,111852
044010,華通凱基93購01  ,0,0,0,0,0,0,0,0,0,111000,0,0,0,141000,30000,111000,111000
051793,臻鼎國票95購02  ,0,0,0,0,0,0,0,0,0,111000,0,0,0,111000,0,111000,111000
052936,華通兆豐98購01  ,0,0,0,0,0,0,0,0,0,111000,0,0,0,221000,110000,111000,111000
05759P,智邦永豐96售02  ,0,0,0,0,0,0,0,0,0,111000,0,0,0,195000,84000,111000,111000
055081,健鼎中信97購01  ,0,0,0,0,0,0,0,0,0,110000,0,0,0,172000,62000,110000,110000
055397,超眾統一97購02  ,0,0,0,0,0,0,0,0,0,110000,0,0,0,110000,0,110000,110000
054578,世芯元大99購01  ,0,0,0,0,0,0,0,0,0,110000,0,0,0,150000,40000,110000,110000
054026,台積電凱基97購08,0,0,0,0,0,0,0,0,0,110000,0,0,0,125000,15000,110000,110000
03522P,牧德元大02售05  ,0,0,0,0,0,0,0,0,0,110000,0,0,0,110000,0,110000,110000
046590,同欣電元大92購02,0,0,0,0,0,0,0,0,0,110000,0,0,0,110000,0,110000,110000
04367P,滬深2X凱基95售04,0,0,0,0,0,0,0,0,0,110000,0,0,0,110000,0,110000,110000
044353,宏達電元大93購04,0,0,0,0,0,0,0,0,0,110000,0,0,0,110000,0,110000,110000
048951,宏全永豐94購01  ,0,0,0,0,0,0,0,0,0,110000,0,0,0,210000,100000,110000,110000
049044,和碩兆豐94購01  ,0,0,0,0,0,0,0,0,0,110000,0,0,0,110000,0,110000,110000
046858,群創元大94購02  ,0,0,0,0,0,0,0,0,0,110000,0,0,0,267000,157000,110000,110000
044683,聯鈞凱基93購01  ,0,0,0,0,0,0,0,0,0,110000,0,0,0,140000,30000,110000,110000
045781,聯詠元大92購03  ,0,0,0,0,0,0,0,0,0,110000,0,0,0,110000,0,110000,110000
046148,友達中信94購01  ,0,0,0,0,0,0,0,0,0,110000,0,0,0,110000,0,110000,110000
046869,聯發科統一95購01,0,0,0,0,0,0,0,0,0,110000,0,0,0,191000,81000,110000,110000
049287,可成兆豐95購01  ,0,0,0,0,0,0,0,0,0,110000,0,0,0,110000,0,110000,110000
04748P,臺股指元大94售23,0,0,0,0,0,0,0,0,0,110000,0,0,0,180000,70000,110000,110000
049812,致伸元大94購03  ,0,0,0,0,0,0,0,0,0,110000,0,0,0,110000,0,110000,110000
050106,台達電元大94購11,0,0,0,0,0,0,0,0,0,110000,0,0,0,110000,0,110000,110000
05019P,喬山中信95售01  ,0,0,0,0,0,0,0,0,0,110000,0,0,0,110000,0,110000,110000
052940,玉晶光兆豐97購01,0,0,0,0,0,0,0,0,0,110000,0,0,0,110000,0,110000,110000
053270,台塑元大96購01  ,0,0,0,0,0,0,0,0,0,110000,0,0,0,161000,51000,110000,110000
050968,超眾永豐95購01  ,0,0,0,0,0,0,0,0,0,110000,0,0,0,150000,40000,110000,110000
051024,南亞科統一95購01,0,0,0,0,0,0,0,0,0,110000,0,0,0,110000,0,110000,110000
05903P,聯發科統一96售09,0,0,0,0,0,0,0,0,0,110000,0,0,0,130000,20000,110000,110000
05851P,力山群益97售01  ,0,0,0,0,0,0,0,0,0,110000,0,0,0,120000,10000,110000,110000
053886,亞光兆豐96購01  ,0,0,0,0,0,0,0,0,0,109000,0,0,0,110000,1000,109000,109000
053608,彩晶第一96購01  ,0,0,0,0,0,0,0,0,0,109000,0,0,0,109000,0,109000,109000
044850,南亞科統一94購01,0,0,0,0,0,0,0,0,0,109000,0,0,0,127000,18000,109000,109000
045161,玉晶光國泰94購03,0,0,0,0,0,0,0,0,0,109000,0,0,0,117000,8000,109000,109000
055300,緯穎元大98購01  ,0,0,0,0,0,0,0,0,0,109000,0,0,0,601000,492000,109000,109000
050519,旺宏元大95購03  ,0,0,0,0,0,0,0,0,0,109000,0,0,0,207000,98000,109000,109000
049457,彩晶統一94購02  ,0,0,0,0,0,0,0,0,0,109000,0,0,0,109000,0,109000,109000
049492,聯發科元大95購02,0,0,0,0,0,0,0,0,0,109000,0,0,0,508000,399000,109000,109000
053030,南亞科第一96購01,0,0,0,0,0,0,0,0,0,109000,0,0,0,164000,55000,109000,109000
052530,台郡元大96購04  ,0,0,0,0,0,0,0,0,0,109000,0,0,0,145000,36000,109000,109000
06009P,宏達電元富96售03,0,0,0,0,0,0,0,0,0,109000,0,0,0,146000,37000,109000,109000
2461,光群雷          ,179000,67000,112000,0,0,0,0,0,0,-3000,2000,5000,-3000,0,0,0,109000
6414,樺漢            ,174000,75000,99000,0,0,0,0,0,0,10000,5000,13000,-8000,24000,6000,18000,109000
05519P,上証2X凱基98售01,0,0,0,0,0,0,0,0,0,108000,0,0,0,125000,17000,108000,108000
054990,凌陽元富97購01  ,0,0,0,0,0,0,0,0,0,108000,0,0,0,118000,10000,108000,108000
05487P,台表科凱基95售02,0,0,0,0,0,0,0,0,0,108000,0,0,0,113000,5000,108000,108000
045100,亞光中信93購01  ,0,0,0,0,0,0,0,0,0,108000,0,0,0,108000,0,108000,108000
050396,欣興元富94購02  ,0,0,0,0,0,0,0,0,0,108000,0,0,0,158000,50000,108000,108000
050320,台表科國票94購01,0,0,0,0,0,0,0,0,0,108000,0,0,0,108000,0,108000,108000
053122,美律凱基98購01  ,0,0,0,0,0,0,0,0,0,108000,0,0,0,160000,52000,108000,108000
053178,南亞科統一98購01,0,0,0,0,0,0,0,0,0,108000,0,0,0,206000,98000,108000,108000
050786,健策國泰96購01  ,0,0,0,0,0,0,0,0,0,108000,0,0,0,143000,35000,108000,108000
051408,台積電國票95購03,0,0,0,0,0,0,0,0,0,108000,0,0,0,475000,367000,108000,108000
8105,凌巨            ,371000,247000,124000,0,0,0,0,0,0,-16000,8000,24000,-16000,0,0,0,108000
053944,亞泥富邦97購01  ,0,0,0,0,0,0,0,0,0,107000,0,0,0,161000,54000,107000,107000
053861,台光電元大98購01,0,0,0,0,0,0,0,0,0,107000,0,0,0,132000,25000,107000,107000
043775,友達兆豐92購01  ,0,0,0,0,0,0,0,0,0,107000,0,0,0,268000,161000,107000,107000
050005,京鼎永豐94購01  ,0,0,0,0,0,0,0,0,0,107000,0,0,0,204000,97000,107000,107000
047422,滬深2X兆豐94購02,0,0,0,0,0,0,0,0,0,107000,0,0,0,899000,792000,107000,107000
05637P,聯電元大96售04  ,0,0,0,0,0,0,0,0,0,107000,0,0,0,118000,11000,107000,107000
054460,和大凱基97購01  ,0,0,0,0,0,0,0,0,0,106000,0,0,0,128000,22000,106000,106000
055092,開發金群益9B購01,0,0,0,0,0,0,0,0,0,106000,0,0,0,139000,33000,106000,106000
055387,世紀鋼元大97購01,0,0,0,0,0,0,0,0,0,106000,0,0,0,106000,0,106000,106000
055837,致茂元大97購02  ,0,0,0,0,0,0,0,0,0,106000,0,0,0,106000,0,106000,106000
055838,致茂元大97購03  ,0,0,0,0,0,0,0,0,0,106000,0,0,0,106000,0,106000,106000
051953,矽力元富95購03  ,0,0,0,0,0,0,0,0,0,106000,0,0,0,155000,49000,106000,106000
054540,泰鼎國票99購01  ,0,0,0,0,0,0,0,0,0,105000,0,0,0,147000,42000,105000,105000
045663,元油2X元富94購01,0,0,0,0,0,0,0,0,0,105000,0,0,0,150000,45000,105000,105000
046191,新光金凱基98購01,0,0,0,0,0,0,0,0,0,105000,0,0,0,105000,0,105000,105000
049233,聯發科統一94購04,0,0,0,0,0,0,0,0,0,105000,0,0,0,175000,70000,105000,105000
051858,上銀凱基95購01  ,0,0,0,0,0,0,0,0,0,105000,0,0,0,140000,35000,105000,105000
051564,和碩國泰96購01  ,0,0,0,0,0,0,0,0,0,105000,0,0,0,189000,84000,105000,105000
050869,健策永豐95購01  ,0,0,0,0,0,0,0,0,0,105000,0,0,0,123000,18000,105000,105000
05325P,臺股指凱基95售09,0,0,0,0,0,0,0,0,0,105000,0,0,0,140000,35000,105000,105000
052439,寶成富邦97購01  ,0,0,0,0,0,0,0,0,0,105000,0,0,0,180000,75000,105000,105000
2809,京城銀          ,748000,651000,97000,0,0,0,0,0,0,8000,12000,4000,8000,0,0,0,105000
054085,華新科統一96購04,0,0,0,0,0,0,0,0,0,104000,0,0,0,426000,322000,104000,104000
054019,燿華台新96購01  ,0,0,0,0,0,0,0,0,0,104000,0,0,0,104000,0,104000,104000
053735,矽力中信97購01  ,0,0,0,0,0,0,0,0,0,104000,0,0,0,137000,33000,104000,104000
046053,滬深2X群益94購01,0,0,0,0,0,0,0,0,0,104000,0,0,0,604000,500000,104000,104000
049216,華邦電國票95購01,0,0,0,0,0,0,0,0,0,104000,0,0,0,105000,1000,104000,104000
047774,台表科元大95購01,0,0,0,0,0,0,0,0,0,104000,0,0,0,117000,13000,104000,104000
049534,華擎永豐94購02  ,0,0,0,0,0,0,0,0,0,104000,0,0,0,264000,160000,104000,104000
052892,大成鋼群益96購01,0,0,0,0,0,0,0,0,0,104000,0,0,0,110000,6000,104000,104000
051213,華新科統一95購01,0,0,0,0,0,0,0,0,0,104000,0,0,0,211000,107000,104000,104000
3419,譁裕            ,123000,18000,105000,0,0,0,0,0,0,-1000,0,1000,-1000,0,0,0,104000
056043,力成凱基97購01  ,0,0,0,0,0,0,0,0,0,104000,0,0,0,316000,212000,104000,104000
2371,大同            ,2236000,2143750,92250,0,0,0,0,0,0,11000,25000,14000,11000,0,0,0,103250
053547,台積電凱基96購14,0,0,0,0,0,0,0,0,0,103000,0,0,0,203000,100000,103000,103000
045414,康控群益94購02  ,0,0,0,0,0,0,0,0,0,103000,0,0,0,131000,28000,103000,103000
051822,和碩元富95購01  ,0,0,0,0,0,0,0,0,0,103000,0,0,0,122000,19000,103000,103000
053341,聯發科國票97購03,0,0,0,0,0,0,0,0,0,103000,0,0,0,228000,125000,103000,103000
052240,臻鼎國票96購03  ,0,0,0,0,0,0,0,0,0,103000,0,0,0,103000,0,103000,103000
054023,和大康和96購01  ,0,0,0,0,0,0,0,0,0,102000,0,0,0,125000,23000,102000,102000
055631,創意永豐98購01  ,0,0,0,0,0,0,0,0,0,102000,0,0,0,102000,0,102000,102000
045365,智邦兆豐93購04  ,0,0,0,0,0,0,0,0,0,102000,0,0,0,121000,19000,102000,102000
042942,永冠國票94購01  ,0,0,0,0,0,0,0,0,0,102000,0,0,0,102000,0,102000,102000
047484,聯詠凱基93購03  ,0,0,0,0,0,0,0,0,0,102000,0,0,0,102000,0,102000,102000
047952,華通永豐93購03  ,0,0,0,0,0,0,0,0,0,102000,0,0,0,102000,0,102000,102000
052443,台積電元大95購23,0,0,0,0,0,0,0,0,0,102000,0,0,0,208000,106000,102000,102000
052561,矽創國票97購01  ,0,0,0,0,0,0,0,0,0,102000,0,0,0,102000,0,102000,102000
053168,晶技群益98購01  ,0,0,0,0,0,0,0,0,0,102000,0,0,0,102000,0,102000,102000
051594,和碩元大96購01  ,0,0,0,0,0,0,0,0,0,102000,0,0,0,110000,8000,102000,102000
055570,華通統一98購03  ,0,0,0,0,0,0,0,0,0,101000,0,0,0,149000,48000,101000,101000
047047,旺宏國票95購01  ,0,0,0,0,0,0,0,0,0,101000,0,0,0,115000,14000,101000,101000
046843,上銀永豐93購01  ,0,0,0,0,0,0,0,0,0,101000,0,0,0,189000,88000,101000,101000
050218,世紀鋼統一94購02,0,0,0,0,0,0,0,0,0,101000,0,0,0,111000,10000,101000,101000
047514,亞光國票94購01  ,0,0,0,0,0,0,0,0,0,101000,0,0,0,141000,40000,101000,101000
2606,裕民            ,381000,278000,103000,0,0,0,0,0,0,-2000,3000,5000,-2000,0,0,0,101000
6168,宏齊            ,114000,13000,101000,0,0,0,0,0,0,0,0,0,0,0,0,0,101000
06221P,台灣50台新92售01,0,0,0,0,0,0,0,0,0,101000,0,0,0,101000,0,101000,101000
055590,聯發科元大98購02,0,0,0,0,0,0,0,0,0,100000,0,0,0,277000,177000,100000,100000
055833,華通元大98購05  ,0,0,0,0,0,0,0,0,0,100000,0,0,0,100000,0,100000,100000
055186,正文統一97購01  ,0,0,0,0,0,0,0,0,0,100000,0,0,0,100000,0,100000,100000
054756,世紀鋼凱基99購01,0,0,0,0,0,0,0,0,0,100000,0,0,0,110000,10000,100000,100000
054806,台化元大9A購01  ,0,0,0,0,0,0,0,0,0,100000,0,0,0,100000,0,100000,100000
054809,大成鋼元大97購01,0,0,0,0,0,0,0,0,0,100000,0,0,0,100000,0,100000,100000
053833,彩晶台新97購02  ,0,0,0,0,0,0,0,0,0,100000,0,0,0,100000,0,100000,100000
053793,致伸兆豐96購01  ,0,0,0,0,0,0,0,0,0,100000,0,0,0,100000,0,100000,100000
053774,台達電元大96購04,0,0,0,0,0,0,0,0,0,100000,0,0,0,100000,0,100000,100000
053568,智伸科富邦98購01,0,0,0,0,0,0,0,0,0,100000,0,0,0,137000,37000,100000,100000
053711,鴻海凱基96購14  ,0,0,0,0,0,0,0,0,0,100000,0,0,0,100000,0,100000,100000
053700,臺股指元大96購23,0,0,0,0,0,0,0,0,0,100000,0,0,0,100000,0,100000,100000
05418P,瑞昱永豐95售02  ,0,0,0,0,0,0,0,0,0,100000,0,0,0,100000,0,100000,100000
054629,華新科凱基98購01,0,0,0,0,0,0,0,0,0,100000,0,0,0,135000,35000,100000,100000
046859,智伸科元大93購03,0,0,0,0,0,0,0,0,0,100000,0,0,0,100000,0,100000,100000
046754,技嘉凱基93購05  ,0,0,0,0,0,0,0,0,0,100000,0,0,0,100000,0,100000,100000
046301,亞泥元大92購02  ,0,0,0,0,0,0,0,0,0,100000,0,0,0,100000,0,100000,100000
046310,聯發科元大92購15,0,0,0,0,0,0,0,0,0,100000,0,0,0,100000,0,100000,100000
04627P,聯發科元大94售08,0,0,0,0,0,0,0,0,0,100000,0,0,0,100000,0,100000,100000
046421,群創元大92購11  ,0,0,0,0,0,0,0,0,0,100000,0,0,0,100000,0,100000,100000
047193,南電元大94購02  ,0,0,0,0,0,0,0,0,0,100000,0,0,0,100000,0,100000,100000
046943,聯發科元大93購06,0,0,0,0,0,0,0,0,0,100000,0,0,0,100000,0,100000,100000
045050,新唐凱基93購01  ,0,0,0,0,0,0,0,0,0,100000,0,0,0,100000,0,100000,100000
046983,南茂兆豐94購01  ,0,0,0,0,0,0,0,0,0,100000,0,0,0,100000,0,100000,100000
045936,富邦金群益94購01,0,0,0,0,0,0,0,0,0,100000,0,0,0,100000,0,100000,100000
048654,滬深2X元富93購05,0,0,0,0,0,0,0,0,0,100000,0,0,0,100000,0,100000,100000
048657,大成鋼統一93購04,0,0,0,0,0,0,0,0,0,100000,0,0,0,100000,0,100000,100000
049055,聯詠永豐94購01  ,0,0,0,0,0,0,0,0,0,100000,0,0,0,110000,10000,100000,100000
043390,康控元大93購01  ,0,0,0,0,0,0,0,0,0,100000,0,0,0,100000,0,100000,100000
04299P,卜蜂中信93售02  ,0,0,0,0,0,0,0,0,0,100000,0,0,0,100000,0,100000,100000
046724,聯發科元大93購02,0,0,0,0,0,0,0,0,0,100000,0,0,0,100000,0,100000,100000
046742,智原日盛93購01  ,0,0,0,0,0,0,0,0,0,100000,0,0,0,100000,0,100000,100000
046591,康舒元大92購01  ,0,0,0,0,0,0,0,0,0,100000,0,0,0,100000,0,100000,100000
045470,康控元大94購03  ,0,0,0,0,0,0,0,0,0,100000,0,0,0,150000,50000,100000,100000
043909,台光電凱基93購01,0,0,0,0,0,0,0,0,0,100000,0,0,0,116000,16000,100000,100000
03654P,GIS元大92售07   ,0,0,0,0,0,0,0,0,0,100000,0,0,0,100000,0,100000,100000
03671P,大立光凱基95售02,0,0,0,0,0,0,0,0,0,100000,0,0,0,100000,0,100000,100000
04075P,臺股指凱基93售11,0,0,0,0,0,0,0,0,0,100000,0,0,0,100000,0,100000,100000
03802P,GIS元大93售07   ,0,0,0,0,0,0,0,0,0,100000,0,0,0,100000,0,100000,100000
047522,微星元大93購02  ,0,0,0,0,0,0,0,0,0,100000,0,0,0,100000,0,100000,100000
049145,南亞科元大94購01,0,0,0,0,0,0,0,0,0,100000,0,0,0,101000,1000,100000,100000
048344,大立光元大93購30,0,0,0,0,0,0,0,0,0,100000,0,0,0,100000,0,100000,100000
049270,台表科元大95購02,0,0,0,0,0,0,0,0,0,100000,0,0,0,100000,0,100000,100000
049257,南亞科元大94購03,0,0,0,0,0,0,0,0,0,100000,0,0,0,100000,0,100000,100000
047626,全新國票94購01  ,0,0,0,0,0,0,0,0,0,100000,0,0,0,110000,10000,100000,100000
049577,台達電元大94購08,0,0,0,0,0,0,0,0,0,100000,0,0,0,100000,0,100000,100000
049589,奇力新元大95購02,0,0,0,0,0,0,0,0,0,100000,0,0,0,102000,2000,100000,100000
049426,為升兆豐95購01  ,0,0,0,0,0,0,0,0,0,100000,0,0,0,100000,0,100000,100000
049663,正崴永豐94購01  ,0,0,0,0,0,0,0,0,0,100000,0,0,0,100000,0,100000,100000
047765,瑞昱元大93購12  ,0,0,0,0,0,0,0,0,0,100000,0,0,0,102000,2000,100000,100000
047392,大立光元大93購24,0,0,0,0,0,0,0,0,0,100000,0,0,0,100000,0,100000,100000
047635,華新元大93購01  ,0,0,0,0,0,0,0,0,0,100000,0,0,0,100000,0,100000,100000
050181,富邦金元大94購02,0,0,0,0,0,0,0,0,0,100000,0,0,0,100000,0,100000,100000
050266,兆豐金元大94購01,0,0,0,0,0,0,0,0,0,100000,0,0,0,100000,0,100000,100000
055325,佐登國票98購01  ,0,0,0,0,0,0,0,0,0,100000,0,0,0,100000,0,100000,100000
050516,華通元大95購05  ,0,0,0,0,0,0,0,0,0,100000,0,0,0,100000,0,100000,100000
050571,美食中信95購01  ,0,0,0,0,0,0,0,0,0,100000,0,0,0,100000,0,100000,100000
05065P,燿華元大96售03  ,0,0,0,0,0,0,0,0,0,100000,0,0,0,100000,0,100000,100000
050034,智伸科元大94購01,0,0,0,0,0,0,0,0,0,100000,0,0,0,100000,0,100000,100000
047994,亞德客元大93購03,0,0,0,0,0,0,0,0,0,100000,0,0,0,105000,5000,100000,100000
047995,台達電元大96購01,0,0,0,0,0,0,0,0,0,100000,0,0,0,100000,0,100000,100000
048133,臻鼎國票94購01  ,0,0,0,0,0,0,0,0,0,100000,0,0,0,100000,0,100000,100000
048112,宏達電群益93購05,0,0,0,0,0,0,0,0,0,100000,0,0,0,110000,10000,100000,100000
048224,聯發科凱基93購31,0,0,0,0,0,0,0,0,0,100000,0,0,0,100000,0,100000,100000
047904,臺指反元大96購01,0,0,0,0,0,0,0,0,0,100000,0,0,0,100000,0,100000,100000
051569,緯創富邦95購02  ,0,0,0,0,0,0,0,0,0,100000,0,0,0,100000,0,100000,100000
051986,燿華元大96購04  ,0,0,0,0,0,0,0,0,0,100000,0,0,0,100000,0,100000,100000
052118,鴻海國票96購04  ,0,0,0,0,0,0,0,0,0,100000,0,0,0,100000,0,100000,100000
051110,可成統一95購01  ,0,0,0,0,0,0,0,0,0,100000,0,0,0,100000,0,100000,100000
051397,聯茂兆豐95購03  ,0,0,0,0,0,0,0,0,0,100000,0,0,0,100000,0,100000,100000
051295,國巨元富95購04  ,0,0,0,0,0,0,0,0,0,100000,0,0,0,100000,0,100000,100000
051266,國巨富邦99購01  ,0,0,0,0,0,0,0,0,0,100000,0,0,0,375000,275000,100000,100000
05086P,鴻海凱基95售13  ,0,0,0,0,0,0,0,0,0,100000,0,0,0,112000,12000,100000,100000
050776,康控元大96購03  ,0,0,0,0,0,0,0,0,0,100000,0,0,0,100000,0,100000,100000
051034,正崴兆豐95購01  ,0,0,0,0,0,0,0,0,0,100000,0,0,0,100000,0,100000,100000
053257,華通富邦97購01  ,0,0,0,0,0,0,0,0,0,100000,0,0,0,150000,50000,100000,100000
053249,致伸國票97購02  ,0,0,0,0,0,0,0,0,0,100000,0,0,0,100000,0,100000,100000
052902,鴻海國票97購04  ,0,0,0,0,0,0,0,0,0,100000,0,0,0,100000,0,100000,100000
053139,滬深2X永豐98購01,0,0,0,0,0,0,0,0,0,100000,0,0,0,100000,0,100000,100000
052593,台積電群益96購02,0,0,0,0,0,0,0,0,0,100000,0,0,0,314000,214000,100000,100000
052626,上証2X中信9A購01,0,0,0,0,0,0,0,0,0,100000,0,0,0,100000,0,100000,100000
052629,訊芯中信99購01  ,0,0,0,0,0,0,0,0,0,100000,0,0,0,174000,74000,100000,100000
052428,嘉晶永豐95購01  ,0,0,0,0,0,0,0,0,0,100000,0,0,0,100000,0,100000,100000
056143,訊芯元大97購04  ,0,0,0,0,0,0,0,0,0,100000,0,0,0,100000,0,100000,100000
056136,京鼎元大98購01  ,0,0,0,0,0,0,0,0,0,100000,0,0,0,100000,0,100000,100000
9103,美德醫療-DR     ,100000,0,100000,0,0,0,0,0,0,0,0,0,0,0,0,0,100000
2390,云辰            ,289000,170000,119000,0,0,0,0,0,0,-19000,0,19000,-19000,0,0,0,100000
2399,映泰            ,154000,53000,101000,0,0,0,0,0,0,-1000,0,1000,-1000,0,0,0,100000
053668,鴻海統一97購01  ,0,0,0,0,0,0,0,0,0,99000,0,0,0,390000,291000,99000,99000
053436,聯茂日盛96購01  ,0,0,0,0,0,0,0,0,0,99000,0,0,0,264000,165000,99000,99000
053870,正文元大96購01  ,0,0,0,0,0,0,0,0,0,99000,0,0,0,149000,50000,99000,99000
04408P,台積電統一94售06,0,0,0,0,0,0,0,0,0,99000,0,0,0,99000,0,99000,99000
046955,康舒國票93購01  ,0,0,0,0,0,0,0,0,0,99000,0,0,0,99000,0,99000,99000
048084,華通凱基93購05  ,0,0,0,0,0,0,0,0,0,99000,0,0,0,102000,3000,99000,99000
049269,超眾元大96購02  ,0,0,0,0,0,0,0,0,0,99000,0,0,0,120000,21000,99000,99000
052805,晶技元大97購01  ,0,0,0,0,0,0,0,0,0,99000,0,0,0,119000,20000,99000,99000
053219,祥碩凱基96購01  ,0,0,0,0,0,0,0,0,0,99000,0,0,0,329000,230000,99000,99000
052142,滬深2X群益99購04,0,0,0,0,0,0,0,0,0,99000,0,0,0,259000,160000,99000,99000
051462,世芯國泰97購01  ,0,0,0,0,0,0,0,0,0,99000,0,0,0,159000,60000,99000,99000
051617,台積電凱基95購14,0,0,0,0,0,0,0,0,0,99000,0,0,0,113000,14000,99000,99000
2363,矽統            ,233000,131000,102000,0,0,0,0,0,0,-3000,0,3000,-3000,0,0,0,99000
053433,友達日盛99購06  ,0,0,0,0,0,0,0,0,0,98000,0,0,0,278000,180000,98000,98000
054412,智邦元大96購03  ,0,0,0,0,0,0,0,0,0,98000,0,0,0,276000,178000,98000,98000
054278,晶技群益97購02  ,0,0,0,0,0,0,0,0,0,98000,0,0,0,98000,0,98000,98000
055889,鴻海統一97購05  ,0,0,0,0,0,0,0,0,0,98000,0,0,0,155000,57000,98000,98000
048936,玉晶光永豐94購05,0,0,0,0,0,0,0,0,0,98000,0,0,0,128000,30000,98000,98000
04603P,訊芯凱基94售03  ,0,0,0,0,0,0,0,0,0,98000,0,0,0,398000,300000,98000,98000
046163,友達兆豐92購02  ,0,0,0,0,0,0,0,0,0,98000,0,0,0,98000,0,98000,98000
046419,聯鈞元大92購01  ,0,0,0,0,0,0,0,0,0,98000,0,0,0,100000,2000,98000,98000
046644,台達電國泰93購01,0,0,0,0,0,0,0,0,0,98000,0,0,0,98000,0,98000,98000
046670,彩晶元大93購02  ,0,0,0,0,0,0,0,0,0,98000,0,0,0,98000,0,98000,98000
048392,宏碁國票94購01  ,0,0,0,0,0,0,0,0,0,98000,0,0,0,98000,0,98000,98000
04754P,宏達電元富94售02,0,0,0,0,0,0,0,0,0,98000,0,0,0,100000,2000,98000,98000
047912,台郡麥證94購01  ,0,0,0,133000,35000,98000,0,0,0,98000,0,0,0,133000,35000,98000,98000
049901,瑞昱元富94購01  ,0,0,0,0,0,0,0,0,0,98000,0,0,0,98000,0,98000,98000
051715,和碩台新95購01  ,0,0,0,0,0,0,0,0,0,98000,0,0,0,98000,0,98000,98000
1560,中砂            ,145000,47000,98000,0,0,0,0,0,0,0,0,0,0,0,0,0,98000
055047,南港永豐97購01  ,0,0,0,0,0,0,0,0,0,97000,0,0,0,97000,0,97000,97000
053743,康控國票97購02  ,0,0,0,0,0,0,0,0,0,97000,0,0,0,113000,16000,97000,97000
053619,和碩群益96購01  ,0,0,0,0,0,0,0,0,0,97000,0,0,0,161000,64000,97000,97000
046722,智邦元大93購02  ,0,0,0,0,0,0,0,0,0,97000,0,0,0,107000,10000,97000,97000
045021,臺股指中信94購02,0,0,0,0,0,0,0,0,0,97000,0,0,0,97000,0,97000,97000
050327,泰鼎永豐94購03  ,0,0,0,0,0,0,0,0,0,97000,0,0,0,121000,24000,97000,97000
049491,聯發科元大95購01,0,0,0,0,0,0,0,0,0,97000,0,0,0,353000,256000,97000,97000
051842,大成鋼富邦97購01,0,0,0,0,0,0,0,0,0,97000,0,0,0,97000,0,97000,97000
053108,南亞科兆豐96購01,0,0,0,0,0,0,0,0,0,97000,0,0,0,107000,10000,97000,97000
1809,中釉            ,155000,58000,97000,0,0,0,0,0,0,0,0,0,0,0,0,0,97000
8463,潤泰材          ,127000,29000,98000,0,0,0,0,0,0,-1000,0,1000,-1000,0,0,0,97000
05520P,聯詠凱基96售01  ,0,0,0,0,0,0,0,0,0,96000,0,0,0,131000,35000,96000,96000
054716,緯穎康和97購01  ,0,0,0,0,0,0,0,0,0,96000,0,0,0,109000,13000,96000,96000
054695,世芯永豐98購01  ,0,0,0,0,0,0,0,0,0,96000,0,0,0,111000,15000,96000,96000
055710,亞德客元大97購03,0,0,0,0,0,0,0,0,0,96000,0,0,0,160000,64000,96000,96000
055565,祥碩凱基97購01  ,0,0,0,0,0,0,0,0,0,96000,0,0,0,168000,72000,96000,96000
044777,超眾元大93購01  ,0,0,0,0,0,0,0,0,0,96000,0,0,0,96000,0,96000,96000
044478,友達統一93購01  ,0,0,0,0,0,0,0,0,0,96000,0,0,0,137000,41000,96000,96000
047261,聯詠國票93購02  ,0,0,0,0,0,0,0,0,0,96000,0,0,0,96000,0,96000,96000
053165,大立光群益96購03,0,0,0,0,0,0,0,0,0,96000,0,0,0,174000,78000,96000,96000
051010,美律日盛95購01  ,0,0,0,0,0,0,0,0,0,96000,0,0,0,96000,0,96000,96000
050806,華新科日盛95購01,0,0,0,0,0,0,0,0,0,96000,0,0,0,1321000,1225000,96000,96000
050808,台達電凱基96購02,0,0,0,0,0,0,0,0,0,96000,0,0,0,98000,2000,96000,96000
051440,鴻海元大95購12  ,0,0,0,0,0,0,0,0,0,96000,0,0,0,110000,14000,96000,96000
05973P,聯詠元大96售06  ,0,0,0,0,0,0,0,0,0,96000,0,0,0,99000,3000,96000,96000
053690,南亞科元大96購02,0,0,0,0,0,0,0,0,0,95000,0,0,0,100000,5000,95000,95000
053871,臻鼎元大96購03  ,0,0,0,0,0,0,0,0,0,95000,0,0,0,95000,0,95000,95000
054444,緯穎台新97購01  ,0,0,0,0,0,0,0,0,0,95000,0,0,0,95000,0,95000,95000
046797,T50反1元大96購01,0,0,0,0,0,0,0,0,0,95000,0,0,0,400000,305000,95000,95000
046965,復盛中信93購01  ,0,0,0,0,0,0,0,0,0,95000,0,0,0,125000,30000,95000,95000
048811,鴻海日盛94購01  ,0,0,0,0,0,0,0,0,0,95000,0,0,0,146000,51000,95000,95000
050049,華通群益96購01  ,0,0,0,0,0,0,0,0,0,95000,0,0,0,122000,27000,95000,95000
051352,南亞科元大95購02,0,0,0,0,0,0,0,0,0,95000,0,0,0,96000,1000,95000,95000
050892,聯電元大96購02  ,0,0,0,0,0,0,0,0,0,95000,0,0,0,104000,9000,95000,95000
051781,緯穎群益96購01  ,0,0,0,0,0,0,0,0,0,95000,0,0,0,238000,143000,95000,95000
051598,瑞昱兆豐95購01  ,0,0,0,0,0,0,0,0,0,95000,0,0,0,105000,10000,95000,95000
052915,創意元富96購01  ,0,0,0,0,0,0,0,0,0,95000,0,0,0,95000,0,95000,95000
052601,大成鋼元大96購01,0,0,0,0,0,0,0,0,0,95000,0,0,0,102000,7000,95000,95000
05890P,彩晶元大99售01  ,0,0,0,0,0,0,0,0,0,95000,0,0,0,95000,0,95000,95000
05659P,A50正2中信97售01,0,0,0,0,0,0,0,0,0,95000,0,0,0,95000,0,95000,95000
053648,台積電凱基97購04,0,0,0,0,0,0,0,0,0,94000,0,0,0,94000,0,94000,94000
054758,南亞國票9A購01  ,0,0,0,0,0,0,0,0,0,94000,0,0,0,94000,0,94000,94000
054769,創意國票98購01  ,0,0,0,0,0,0,0,0,0,94000,0,0,0,141000,47000,94000,94000
049047,台達電台新94購01,0,0,0,0,0,0,0,0,0,94000,0,0,0,94000,0,94000,94000
045796,廣達中信93購01  ,0,0,0,0,0,0,0,0,0,94000,0,0,0,94000,0,94000,94000
04449P,智邦凱基94售01  ,0,0,0,0,0,0,0,0,0,94000,0,0,0,94000,0,94000,94000
046602,新日興群益94購01,0,0,0,0,0,0,0,0,0,94000,0,0,0,120000,26000,94000,94000
04811P,上銀元大94售02  ,0,0,0,0,0,0,0,0,0,94000,0,0,0,96000,2000,94000,94000
047648,智伸科元大93購05,0,0,0,0,0,0,0,0,0,94000,0,0,0,94000,0,94000,94000
053352,義隆兆豐96購01  ,0,0,0,0,0,0,0,0,0,94000,0,0,0,94000,0,94000,94000
052020,聯茂永豐95購02  ,0,0,0,0,0,0,0,0,0,94000,0,0,0,335000,241000,94000,94000
051406,泰鼎永豐96購01  ,0,0,0,0,0,0,0,0,0,94000,0,0,0,160000,66000,94000,94000
056144,GIS元大98購01   ,0,0,0,0,0,0,0,0,0,94000,0,0,0,154000,60000,94000,94000
054807,台化元大9A購02  ,0,0,0,0,0,0,0,0,0,93000,0,0,0,93000,0,93000,93000
040721,大立光富邦92購01,0,0,0,0,0,0,0,0,0,93000,0,0,0,93000,0,93000,93000
03304P,欣興元富02售02  ,0,0,0,0,0,0,0,0,0,93000,0,0,0,93000,0,93000,93000
046293,聯發科統一94購01,0,0,0,0,0,0,0,0,0,93000,0,0,0,410000,317000,93000,93000
047767,聯發科元大93購20,0,0,0,0,0,0,0,0,0,93000,0,0,0,122000,29000,93000,93000
050898,智原元大96購01  ,0,0,0,0,0,0,0,0,0,93000,0,0,0,93000,0,93000,93000
051556,台表科永豐96購01,0,0,0,0,0,0,0,0,0,93000,0,0,0,100000,7000,93000,93000
053283,同欣電元大96購03,0,0,0,0,0,0,0,0,0,93000,0,0,0,158000,65000,93000,93000
05717P,鴻海元大97售07  ,0,0,0,0,0,0,0,0,0,93000,0,0,0,121000,28000,93000,93000
8021,尖點            ,448000,354000,94000,0,0,0,0,0,0,-1000,5000,6000,-1000,0,0,0,93000
6191,精成科          ,453000,375000,78000,0,0,0,0,0,0,15000,18000,4000,14000,5000,4000,1000,93000
055263,華新科富邦9A購01,0,0,0,0,0,0,0,0,0,92000,0,0,0,715000,623000,92000,92000
055581,和大元大97購04  ,0,0,0,0,0,0,0,0,0,92000,0,0,0,100000,8000,92000,92000
055721,聯詠元大97購04  ,0,0,0,0,0,0,0,0,0,92000,0,0,0,100000,8000,92000,92000
055885,大成鋼統一97購02,0,0,0,0,0,0,0,0,0,92000,0,0,0,92000,0,92000,92000
054371,台積電中信9C購01,0,0,0,0,0,0,0,0,0,92000,0,0,0,235000,143000,92000,92000
045757,台表科國泰93購03,0,0,0,0,0,0,0,0,0,92000,0,0,0,92000,0,92000,92000
04902P,國巨台新94售04  ,0,0,0,0,0,0,0,0,0,92000,0,0,0,92000,0,92000,92000
048606,聯發科日盛93購02,0,0,0,0,0,0,0,0,0,92000,0,0,0,185000,93000,92000,92000
050712,和碩中信94購01  ,0,0,0,0,0,0,0,0,0,92000,0,0,0,120000,28000,92000,92000
05117P,瑞昱群益95售02  ,0,0,0,0,0,0,0,0,0,92000,0,0,0,92000,0,92000,92000
6672,騰輝電子-KY     ,119000,26000,93000,0,0,0,0,0,0,-1000,0,1000,-1000,0,0,0,92000
06035P,同欣電凱基96售03,0,0,0,0,0,0,0,0,0,92000,0,0,0,94000,2000,92000,92000
049071,台達電凱基94購02,0,0,0,0,0,0,0,0,0,91000,0,0,0,91000,0,91000,91000
044925,漢唐國泰93購01  ,0,0,0,0,0,0,0,0,0,91000,0,0,0,132000,41000,91000,91000
043896,台積電群益92購06,0,0,0,0,0,0,0,0,0,91000,0,0,0,91000,0,91000,91000
046578,聯電元大92購01  ,0,0,0,0,0,0,0,0,0,91000,0,0,0,100000,9000,91000,91000
048534,貿聯國票94購01  ,0,0,0,0,0,0,0,0,0,91000,0,0,0,136000,45000,91000,91000
050004,明泰永豐94購01  ,0,0,0,0,0,0,0,0,0,91000,0,0,0,91000,0,91000,91000
048329,台積電永昌93購07,0,0,0,0,0,0,0,0,0,91000,0,0,0,220000,129000,91000,91000
053039,聯發科凱基96購11,0,0,0,0,0,0,0,0,0,91000,0,0,0,94000,3000,91000,91000
056166,微星台新97購01  ,0,0,0,0,0,0,0,0,0,91000,0,0,0,96000,5000,91000,91000
3504,揚明光          ,123000,72000,51000,0,0,0,0,0,0,40000,0,1000,-1000,72000,31000,41000,91000
2328,廣宇            ,411001,254000,157001,0,0,0,0,0,0,-67000,0,42000,-42000,0,25000,-25000,90001
054662,同欣電元大97購02,0,0,0,0,0,0,0,0,0,90000,0,0,0,100000,10000,90000,90000
053599,崇越元大96購01  ,0,0,0,0,0,0,0,0,0,90000,0,0,0,100000,10000,90000,90000
054032,上銀中信96購01  ,0,0,0,0,0,0,0,0,0,90000,0,0,0,214000,124000,90000,90000
055748,GIS元富97購01   ,0,0,0,0,0,0,0,0,0,90000,0,0,0,100000,10000,90000,90000
045576,智邦元大92購07  ,0,0,0,0,0,0,0,0,0,90000,0,0,0,100000,10000,90000,90000
04706P,力山元大95售01  ,0,0,0,0,0,0,0,0,0,90000,0,0,0,120000,30000,90000,90000
046901,英業達凱基93購02,0,0,0,0,0,0,0,0,0,90000,0,0,0,91000,1000,90000,90000
046226,聯發科元大92購11,0,0,0,0,0,0,0,0,0,90000,0,0,0,100000,10000,90000,90000
044818,可成兆豐93購02  ,0,0,0,0,0,0,0,0,0,90000,0,0,0,100000,10000,90000,90000
047521,台積電元大94購03,0,0,0,0,0,0,0,0,0,90000,0,0,0,125000,35000,90000,90000
048904,鴻海富邦94購02  ,0,0,0,0,0,0,0,0,0,90000,0,0,0,100000,10000,90000,90000
049155,同欣電元大94購01,0,0,0,0,0,0,0,0,0,90000,0,0,0,101000,11000,90000,90000
048393,台光電國票93購02,0,0,0,0,0,0,0,0,0,90000,0,0,0,90000,0,90000,90000
049294,南亞科群益94購01,0,0,0,0,0,0,0,0,0,90000,0,0,0,93000,3000,90000,90000
047440,聯發科元大93購14,0,0,0,0,0,0,0,0,0,90000,0,0,0,90000,0,90000,90000
048035,聯詠凱基93購06  ,0,0,0,0,0,0,0,0,0,90000,0,0,0,90000,0,90000,90000
049142,智邦元大94購01  ,0,0,0,0,0,0,0,0,0,90000,0,0,0,100000,10000,90000,90000
050513,亞泥元大94購02  ,0,0,0,0,0,0,0,0,0,90000,0,0,0,124000,34000,90000,90000
052745,欣興元大96購04  ,0,0,0,0,0,0,0,0,0,90000,0,0,0,170000,80000,90000,90000
051179,臺股指凱基95購04,0,0,0,0,0,0,0,0,0,90000,0,0,0,308000,218000,90000,90000
056159,牧德凱基99購01  ,0,0,0,0,0,0,0,0,0,90000,0,0,0,100000,10000,90000,90000
056063,大立光元大97購13,0,0,0,0,0,0,0,0,0,90000,0,0,0,132000,42000,90000,90000
053979,健策元大98購01  ,0,0,0,0,0,0,0,0,0,89000,0,0,0,170000,81000,89000,89000
049050,崇越康和94購01  ,0,0,0,0,0,0,0,0,0,89000,0,0,0,119000,30000,89000,89000
046671,彩晶元大93購03  ,0,0,0,0,0,0,0,0,0,89000,0,0,0,194000,105000,89000,89000
04801P,矽力元大94售02  ,0,0,0,0,0,0,0,0,0,89000,0,0,0,100000,11000,89000,89000
050121,南電元大95購02  ,0,0,0,0,0,0,0,0,0,89000,0,0,0,109000,20000,89000,89000
049409,滬深2X凱基96購04,0,0,0,0,0,0,0,0,0,89000,0,0,0,89000,0,89000,89000
047541,深中小凱基94購01,0,0,0,0,0,0,0,0,0,89000,0,0,0,310000,221000,89000,89000
050778,瑞儀元大96購01  ,0,0,0,0,0,0,0,0,0,89000,0,0,0,100000,11000,89000,89000
051904,深100元大95購01 ,0,0,0,0,0,0,0,0,0,89000,0,0,0,99000,10000,89000,89000
052356,聯詠永豐95購03  ,0,0,0,0,0,0,0,0,0,89000,0,0,0,89000,0,89000,89000
053277,大立光元大96購04,0,0,0,0,0,0,0,0,0,89000,0,0,0,100000,11000,89000,89000
05912P,和大元大96售01  ,0,0,0,0,0,0,0,0,0,89000,0,0,0,89000,0,89000,89000
4943,康控-KY         ,615000,544000,71000,0,0,0,0,0,0,17829,35000,69171,-34171,70000,18000,52000,88829
055932,玉山金群益99購01,0,0,0,0,0,0,0,0,0,88000,0,0,0,91000,3000,88000,88000
055588,瑞昱元大97購03  ,0,0,0,0,0,0,0,0,0,88000,0,0,0,275000,187000,88000,88000
05499P,聯詠元富95售02  ,0,0,0,0,0,0,0,0,0,88000,0,0,0,88000,0,88000,88000
044534,南亞科麥證92購01,0,0,0,88000,0,88000,0,0,0,88000,0,0,0,88000,0,88000,88000
048775,智伸科凱基94購01,0,0,0,0,0,0,0,0,0,88000,0,0,0,88000,0,88000,88000
049212,T50反1國票94購04,0,0,0,0,0,0,0,0,0,88000,0,0,0,291000,203000,88000,88000
047806,旺宏凱基93購05  ,0,0,0,0,0,0,0,0,0,88000,0,0,0,103000,15000,88000,88000
048245,台積電兆豐93購07,0,0,0,0,0,0,0,0,0,88000,0,0,0,151000,63000,88000,88000
052213,富邦金元大95購01,0,0,0,0,0,0,0,0,0,88000,0,0,0,88000,0,88000,88000
051065,台積電國票96購01,0,0,0,0,0,0,0,0,0,88000,0,0,0,110000,22000,88000,88000
051312,國泰金麥證95購01,0,0,0,108000,20000,88000,0,0,0,88000,0,0,0,108000,20000,88000,88000
05885P,牧德統一96售01  ,0,0,0,0,0,0,0,0,0,88000,0,0,0,201000,113000,88000,88000
055812,台積電國票99購02,19000,0,19000,0,0,0,0,0,0,68000,0,0,0,160000,92000,68000,87000
053784,奇力新元大97購02,0,0,0,0,0,0,0,0,0,87000,0,0,0,197000,110000,87000,87000
054426,國泰金富邦97購02,0,0,0,0,0,0,0,0,0,87000,0,0,0,274000,187000,87000,87000
045377,華邦電元大93購01,0,0,0,0,0,0,0,0,0,87000,0,0,0,111000,24000,87000,87000
04356P,嘉晶永豐94售01  ,0,0,0,0,0,0,0,0,0,87000,0,0,0,87000,0,87000,87000
048218,上銀凱基93購07  ,0,0,0,0,0,0,0,0,0,87000,0,0,0,187000,100000,87000,87000
049266,和碩元大94購01  ,0,0,0,0,0,0,0,0,0,87000,0,0,0,88000,1000,87000,87000
048598,瑞昱國票93購03  ,0,0,0,0,0,0,0,0,0,87000,0,0,0,87000,0,87000,87000
051160,亞德客元大95購02,0,0,0,0,0,0,0,0,0,87000,0,0,0,173000,86000,87000,87000
052447,聯發科元大96購04,0,0,0,0,0,0,0,0,0,87000,0,0,0,87000,0,87000,87000
5269,祥碩            ,187000,157200,29800,0,0,0,90000,25000,65000,-8000,6000,10000,-4000,5000,9000,-4000,86800
043156,大立光統一94購01,0,0,0,0,0,0,0,0,0,86000,0,0,0,200000,114000,86000,86000
046656,華邦電元大93購02,0,0,0,0,0,0,0,0,0,86000,0,0,0,96000,10000,86000,86000
045855,緯穎富邦93購01  ,0,0,0,0,0,0,0,0,0,86000,0,0,0,86000,0,86000,86000
050521,聯發科元大94購15,0,0,0,0,0,0,0,0,0,86000,0,0,0,100000,14000,86000,86000
050719,世紀鋼群益96購01,0,0,0,0,0,0,0,0,0,86000,0,0,0,108000,22000,86000,86000
052567,台積電凱基96購05,0,0,0,0,0,0,0,0,0,86000,0,0,0,86000,0,86000,86000
053224,矽力凱基96購02  ,0,0,0,0,0,0,0,0,0,86000,0,0,0,100000,14000,86000,86000
053353,玉晶光兆豐97購03,0,0,0,0,0,0,0,0,0,86000,0,0,0,100000,14000,86000,86000
053403,彩晶群益98購01  ,0,0,0,0,0,0,0,0,0,86000,0,0,0,91000,5000,86000,86000
051995,矽力元大95購03  ,0,0,0,0,0,0,0,0,0,86000,0,0,0,90000,4000,86000,86000
2388,威盛            ,198000,110000,88000,0,0,0,1000,0,1000,-3000,0,3000,-3000,0,0,0,86000
06155P,智邦統一97售02  ,0,0,0,0,0,0,0,0,0,86000,0,0,0,86000,0,86000,86000
054565,玉晶光群益99購02,0,0,0,0,0,0,0,0,0,85000,0,0,0,92000,7000,85000,85000
054128,台積電元大97購10,0,0,0,0,0,0,0,0,0,85000,0,0,0,267000,182000,85000,85000
05491P,茂林元大95售04  ,0,0,0,0,0,0,0,0,0,85000,0,0,0,159000,74000,85000,85000
054815,台積電元大97購14,0,0,0,0,0,0,0,0,0,85000,0,0,0,85000,0,85000,85000
00655L,國泰中國A50正2  ,2589000,100000,2489000,0,0,0,0,0,0,-2404000,0,0,0,3206000,5610000,-2404000,85000
05054P,臻鼎群益95售02  ,0,0,0,0,0,0,0,0,0,85000,0,0,0,126000,41000,85000,85000
050291,聯發科凱基94購16,0,0,0,0,0,0,0,0,0,85000,0,0,0,145000,60000,85000,85000
04785P,鴻海永豐94售03  ,0,0,0,0,0,0,0,0,0,85000,0,0,0,220000,135000,85000,85000
049261,大立光元大94購08,0,0,0,0,0,0,0,0,0,85000,0,0,0,100000,15000,85000,85000
05212P,台積電國票96售04,0,0,0,0,0,0,0,0,0,85000,0,0,0,116000,31000,85000,85000
051849,旺宏中信98購01  ,0,0,0,0,0,0,0,0,0,85000,0,0,0,95000,10000,85000,85000
051507,彩晶元富95購01  ,0,0,0,0,0,0,0,0,0,85000,0,0,0,130000,45000,85000,85000
050757,聯發科元富94購03,0,0,0,0,0,0,0,0,0,85000,0,0,0,85000,0,85000,85000
050876,復盛永豐95購01  ,0,0,0,0,0,0,0,0,0,85000,0,0,0,114000,29000,85000,85000
053264,南亞科群益96購01,0,0,0,0,0,0,0,0,0,85000,0,0,0,109000,24000,85000,85000
08974P,可成群益02售02  ,0,0,0,0,0,0,0,0,0,85000,0,0,0,85000,0,85000,85000
056060,宏達電元大99購01,0,0,0,0,0,0,0,0,0,85000,0,0,0,85000,0,85000,85000
4976,佳凌            ,108000,22000,86000,0,0,0,0,0,0,-1000,0,1000,-1000,0,0,0,85000
055671,世紀鋼群益97購01,0,0,0,0,0,0,0,0,0,84000,0,0,0,108000,24000,84000,84000
055439,台表科國票98購02,0,0,0,0,0,0,0,0,0,84000,0,0,0,84000,0,84000,84000
043784,鴻海凱基94購01  ,0,0,0,0,0,0,0,0,0,84000,0,0,0,85000,1000,84000,84000
044425,友達國泰92購01  ,0,0,0,0,0,0,0,0,0,84000,0,0,0,84000,0,84000,84000
049532,同欣電台新94購01,0,0,0,0,0,0,0,0,0,84000,0,0,0,99000,15000,84000,84000
050099,台積電永昌96購01,0,0,0,0,0,0,0,0,0,84000,0,0,0,249000,165000,84000,84000
05056P,訊芯群益95售01  ,0,0,0,0,0,0,0,0,0,84000,0,0,0,84000,0,84000,84000
052461,和大統一95購01  ,0,0,0,0,0,0,0,0,0,84000,0,0,0,104000,20000,84000,84000
05219P,鴻海元大95售17  ,0,0,0,0,0,0,0,0,0,84000,0,0,0,195000,111000,84000,84000
052271,力成日盛95購02  ,0,0,0,0,0,0,0,0,0,84000,0,0,0,84000,0,84000,84000
050932,台塑國票96購01  ,0,0,0,0,0,0,0,0,0,84000,0,0,0,84000,0,84000,84000
1440,南紡            ,204000,91000,113000,0,0,0,0,0,0,-29000,8000,37000,-29000,0,0,0,84000
055280,智邦元大97購01  ,0,0,0,0,0,0,0,0,0,83000,0,0,0,125000,42000,83000,83000
03544P,鴻海群益02售07  ,0,0,0,0,0,0,0,0,0,83000,0,0,0,83000,0,83000,83000
04897P,喬山中信94售01  ,0,0,0,0,0,0,0,0,0,83000,0,0,0,83000,0,83000,83000
050296,亞光凱基94購03  ,0,0,0,0,0,0,0,0,0,83000,0,0,0,183000,100000,83000,83000
049618,美律群益94購03  ,0,0,0,0,0,0,0,0,0,83000,0,0,0,156000,73000,83000,83000
051487,健策凱基96購03  ,0,0,0,0,0,0,0,0,0,83000,0,0,0,123000,40000,83000,83000
051896,柏文元富95購01  ,0,0,0,0,0,0,0,0,0,83000,0,0,0,93000,10000,83000,83000
055380,智易元大98購02  ,0,0,0,0,0,0,0,0,0,82000,0,0,0,101000,19000,82000,82000
055032,億光富邦99購01  ,0,0,0,0,0,0,0,0,0,82000,0,0,0,171000,89000,82000,82000
055440,矽力國票98購01  ,0,0,0,0,0,0,0,0,0,82000,0,0,0,82000,0,82000,82000
055896,南電統一97購02  ,0,0,0,0,0,0,0,0,0,82000,0,0,0,145000,63000,82000,82000
054264,超眾元大97購02  ,0,0,0,0,0,0,0,0,0,82000,0,0,0,632000,550000,82000,82000
045934,燿華群益93購01  ,0,0,0,0,0,0,0,0,0,82000,0,0,0,82000,0,82000,82000
046067,富邦金凱基92購02,0,0,0,0,0,0,0,0,0,82000,0,0,0,87000,5000,82000,82000
041546,群創統一93購01  ,0,0,0,0,0,0,0,0,0,82000,0,0,0,82000,0,82000,82000
050191,和碩元大94購02  ,0,0,0,0,0,0,0,0,0,82000,0,0,0,83000,1000,82000,82000
047828,華新元大93購03  ,0,0,0,0,0,0,0,0,0,82000,0,0,0,82000,0,82000,82000
052552,智邦國票97購01  ,0,0,0,0,0,0,0,0,0,82000,0,0,0,108000,26000,82000,82000
052686,華新科元大96購03,0,0,0,0,0,0,0,0,0,82000,0,0,0,108000,26000,82000,82000
053309,泰鼎凱基96購03  ,0,0,0,0,0,0,0,0,0,82000,0,0,0,379000,297000,82000,82000
052847,漢唐統一99購01  ,0,0,0,0,0,0,0,0,0,82000,0,0,0,133000,51000,82000,82000
039212,台達電台新9A購01,0,0,0,0,0,0,0,0,0,81000,0,0,0,83000,2000,81000,81000
049523,微星兆豐94購02  ,0,0,0,0,0,0,0,0,0,81000,0,0,0,202000,121000,81000,81000
053188,旺宏統一97購03  ,0,0,0,0,0,0,0,0,0,81000,0,0,0,81000,0,81000,81000
06367P,台積電凱基97售14,0,0,0,0,0,0,0,0,0,81000,0,0,0,225000,144000,81000,81000
056255,華新科元富97購05,0,0,0,0,0,0,0,0,0,81000,0,0,0,135000,54000,81000,81000
05785P,臺股指元大96售19,0,0,0,0,0,0,0,0,0,81000,0,0,0,82000,1000,81000,81000
4739,康普            ,116000,35000,81000,0,0,0,0,0,0,0,0,0,0,0,0,0,81000
3588,通嘉            ,117000,36000,81000,0,0,0,0,0,0,0,0,0,0,0,0,0,81000
054299,南電元大96購03  ,0,0,0,0,0,0,0,0,0,80000,0,0,0,120000,40000,80000,80000
054772,康控國票98購02  ,0,0,0,0,0,0,0,0,0,80000,0,0,0,80000,0,80000,80000
054916,聯發科凱基98購04,0,0,0,0,0,0,0,0,0,80000,0,0,0,220000,140000,80000,80000
054866,宏盛群益98購01  ,0,0,0,0,0,0,0,0,0,80000,0,0,0,180000,100000,80000,80000
00706L,元大S&P日圓正2  ,0,0,0,0,0,0,0,0,0,80000,0,0,0,80000,0,80000,80000
042502,上銀凱基93購01  ,0,0,0,0,0,0,0,0,0,80000,0,0,0,150000,70000,80000,80000
045633,南亞科凱基92購02,0,0,0,0,0,0,0,0,0,80000,0,0,0,80000,0,80000,80000
047199,鴻海元富93購03  ,0,0,0,0,0,0,0,0,0,80000,0,0,0,100000,20000,80000,80000
049579,鴻海元大94購06  ,0,0,0,0,0,0,0,0,0,80000,0,0,0,160000,80000,80000,80000
047675,群創元富96購03  ,0,0,0,0,0,0,0,0,0,80000,0,0,0,100000,20000,80000,80000
047276,中工永豐93購01  ,0,0,0,0,0,0,0,0,0,80000,0,0,0,84000,4000,80000,80000
049345,富邦金統一94購02,0,0,0,0,0,0,0,0,0,80000,0,0,0,100000,20000,80000,80000
048896,凌陽國泰95購01  ,0,0,0,0,0,0,0,0,0,80000,0,0,0,80000,0,80000,80000
048567,台郡元大93購03  ,0,0,0,0,0,0,0,0,0,80000,0,0,0,100000,20000,80000,80000
050026,友達元大96購01  ,0,0,0,0,0,0,0,0,0,80000,0,0,0,83000,3000,80000,80000
048143,聯發科統一94購03,0,0,0,0,0,0,0,0,0,80000,0,0,0,213000,133000,80000,80000
050530,台表科元大95購04,0,0,0,0,0,0,0,0,0,80000,0,0,0,158000,78000,80000,80000
052962,台積電凱基97購03,0,0,0,0,0,0,0,0,0,80000,0,0,0,80000,0,80000,80000
051452,貿聯元大95購04  ,0,0,0,0,0,0,0,0,0,80000,0,0,0,138000,58000,80000,80000
051575,國巨元大96購03  ,0,0,0,0,0,0,0,0,0,80000,0,0,0,170000,90000,80000,80000
051756,台積電元大97購04,0,0,0,0,0,0,0,0,0,80000,0,0,0,182000,102000,80000,80000
051057,信邦群益95購01  ,0,0,0,0,0,0,0,0,0,80000,0,0,0,138000,58000,80000,80000
050849,智伸科國票95購01,0,0,0,0,0,0,0,0,0,80000,0,0,0,80000,0,80000,80000
050814,微星凱基95購01  ,0,0,0,0,0,0,0,0,0,80000,0,0,0,130000,50000,80000,80000
2332,友訊            ,447000,479000,-32000,0,0,0,0,0,0,112000,143000,2000,141000,70000,99000,-29000,80000
05673P,台積電群益96售05,0,0,0,0,0,0,0,0,0,80000,0,0,0,95000,15000,80000,80000
056208,崇越永豐97購01  ,0,0,0,0,0,0,0,0,0,80000,0,0,0,80000,0,80000,80000
054704,玉晶光第一97購01,0,0,0,0,0,0,0,0,0,79000,0,0,0,131000,52000,79000,79000
055937,康舒群益97購01  ,0,0,0,0,0,0,0,0,0,79000,0,0,0,79000,0,79000,79000
055920,智伸科凱基97購02,0,0,0,0,0,0,0,0,0,79000,0,0,0,79000,0,79000,79000
055765,臺股指群益97購03,0,0,0,0,0,0,0,0,0,79000,0,0,0,87000,8000,79000,79000
053535,宏達電永豐96購02,0,0,0,0,0,0,0,0,0,79000,0,0,0,84000,5000,79000,79000
049062,華新科日盛94購01,0,0,0,0,0,0,0,0,0,79000,0,0,0,378000,299000,79000,79000
04342P,揚明光永豐93售03,0,0,0,0,0,0,0,0,0,79000,0,0,0,79000,0,79000,79000
03635C,滬深2X元富99牛01,0,0,0,0,0,0,0,0,0,79000,0,0,0,281000,202000,79000,79000
049956,國巨統一94購05  ,0,0,0,0,0,0,0,0,0,79000,0,0,0,379000,300000,79000,79000
049372,華新科元大95購04,0,0,0,0,0,0,0,0,0,79000,0,0,0,252000,173000,79000,79000
049855,台表科群益94購01,0,0,0,0,0,0,0,0,0,79000,0,0,0,124000,45000,79000,79000
051412,奇力新國票96購01,0,0,0,0,0,0,0,0,0,79000,0,0,0,85000,6000,79000,79000
051719,鴻海永豐95購04  ,0,0,0,0,0,0,0,0,0,79000,0,0,0,79000,0,79000,79000
053348,彩晶國票97購02  ,0,0,0,0,0,0,0,0,0,79000,0,0,0,79000,0,79000,79000
053359,矽力統一96購02  ,0,0,0,0,0,0,0,0,0,79000,0,0,0,79000,0,79000,79000
052751,臺股指元大96購05,0,0,0,0,0,0,0,0,0,79000,0,0,0,80000,1000,79000,79000
052341,泰鼎凱基96購02  ,0,0,0,0,0,0,0,0,0,79000,0,0,0,105000,26000,79000,79000
056303,亞光元大97購04  ,0,0,0,0,0,0,0,0,0,79000,0,0,0,100000,21000,79000,79000
06421P,嘉澤統一97售02  ,0,0,0,0,0,0,0,0,0,79000,0,0,0,79000,0,79000,79000
4155,訊映            ,102000,22000,80000,0,0,0,0,0,0,-1000,0,1000,-1000,0,0,0,79000
2535,達欣工          ,151000,33000,118000,0,0,0,0,0,0,-39000,12000,51000,-39000,0,0,0,79000
2484,希華            ,83000,46000,37000,0,0,0,0,0,0,42000,65000,23000,42000,0,0,0,79000
05359P,嘉澤元大95售02  ,0,0,0,0,0,0,0,0,0,78000,0,0,0,120000,42000,78000,78000
055405,華泰國泰98購01  ,0,0,0,0,0,0,0,0,0,78000,0,0,0,128000,50000,78000,78000
049052,台積電永豐94購02,0,0,0,0,0,0,0,0,0,78000,0,0,0,133000,55000,78000,78000
049997,聯發科永豐94購04,0,0,0,0,0,0,0,0,0,78000,0,0,0,88000,10000,78000,78000
2387,精元            ,992000,908000,84000,0,0,0,0,0,0,-6000,2000,2000,0,0,6000,-6000,78000
054047,富邦金元大97購01,0,0,0,0,0,0,0,0,0,77000,0,0,0,110000,33000,77000,77000
00752,中信中國50      ,0,0,0,0,0,0,0,0,0,77000,0,0,0,622000,545000,77000,77000
049923,智原元大95購02  ,0,0,0,0,0,0,0,0,0,77000,0,0,0,80000,3000,77000,77000
049641,台達電凱基94購08,0,0,0,0,0,0,0,0,0,77000,0,0,0,125000,48000,77000,77000
05298P,上銀元大95售03  ,0,0,0,0,0,0,0,0,0,77000,0,0,0,88000,11000,77000,77000
050779,超眾元大96購03  ,0,0,0,0,0,0,0,0,0,77000,0,0,0,127000,50000,77000,77000
05828P,台積電統一97售02,0,0,0,0,0,0,0,0,0,77000,0,0,0,239000,162000,77000,77000
9939,宏全            ,301000,242410,58590,0,0,0,0,0,0,18000,9000,3000,6000,12000,0,12000,76590
053665,臺股指凱基96購26,0,0,0,0,0,0,0,0,0,76000,0,0,0,80000,4000,76000,76000
054873,帆宣群益99購01  ,0,0,0,0,0,0,0,0,0,76000,0,0,0,98000,22000,76000,76000
04043P,復盛元富93售02  ,0,0,0,0,0,0,0,0,0,76000,0,0,0,86000,10000,76000,76000
048765,奇力新凱基94購01,0,0,0,0,0,0,0,0,0,76000,0,0,0,92000,16000,76000,76000
047144,華通群益94購01  ,0,0,0,0,0,0,0,0,0,76000,0,0,0,88000,12000,76000,76000
051156,鴻海富邦97購01  ,0,0,0,0,0,0,0,0,0,76000,0,0,0,80000,4000,76000,76000
055949,亞德客元大97購04,0,0,0,0,0,0,0,0,0,75000,0,0,0,174000,99000,75000,75000
05407P,超眾凱基95售04  ,0,0,0,0,0,0,0,0,0,75000,0,0,0,80000,5000,75000,75000
054472,道瓊反中信9A購01,0,0,0,0,0,0,0,0,0,75000,0,0,0,100000,25000,75000,75000
04394P,臻鼎凱基94售01  ,0,0,0,0,0,0,0,0,0,75000,0,0,0,75000,0,75000,75000
03444P,道瓊銀群益02售04,0,0,0,0,0,0,0,0,0,75000,0,0,0,75000,0,75000,75000
043983,華邦電元大92購01,0,0,0,0,0,0,0,0,0,75000,0,0,0,75000,0,75000,75000
047697,台郡國票94購02  ,0,0,0,0,0,0,0,0,0,75000,0,0,0,75000,0,75000,75000
050566,高股息中信97購02,0,0,0,0,0,0,0,0,0,75000,0,0,0,95000,20000,75000,75000
050634,華新科群益96購01,0,0,0,0,0,0,0,0,0,75000,0,0,0,100000,25000,75000,75000
051162,楠梓電元大95購01,0,0,0,0,0,0,0,0,0,75000,0,0,0,75000,0,75000,75000
05083P,麗豐永豐95售02  ,0,0,0,0,0,0,0,0,0,75000,0,0,0,155000,80000,75000,75000
051085,鴻海元大95購03  ,0,0,0,0,0,0,0,0,0,75000,0,0,0,406000,331000,75000,75000
053085,華新科元大97購04,0,0,0,0,0,0,0,0,0,75000,0,0,0,83000,8000,75000,75000
053177,華邦電統一96購01,0,0,0,0,0,0,0,0,0,75000,0,0,0,116000,41000,75000,75000
052373,鴻海元大95購22  ,0,0,0,0,0,0,0,0,0,75000,0,0,0,75000,0,75000,75000
06339P,上銀統一97售06  ,0,0,0,0,0,0,0,0,0,75000,0,0,0,76000,1000,75000,75000
054503,京鼎永豐96購04  ,0,0,0,0,0,0,0,0,0,74000,0,0,0,91000,17000,74000,74000
054183,亞光康和96購01  ,0,0,0,0,0,0,0,0,0,74000,0,0,0,74000,0,74000,74000
054262,瀚宇博元大96購03,0,0,0,0,0,0,0,0,0,74000,0,0,0,352000,278000,74000,74000
053470,華邦電元大96購02,0,0,0,0,0,0,0,0,0,74000,0,0,0,918000,844000,74000,74000
05496P,聯詠統一95售04  ,0,0,0,0,0,0,0,0,0,74000,0,0,0,90000,16000,74000,74000
045101,玉晶光中信94購01,0,0,0,0,0,0,0,0,0,74000,0,0,0,95000,21000,74000,74000
048248,聯發科兆豐95購01,0,0,0,0,0,0,0,0,0,74000,0,0,0,99000,25000,74000,74000
048384,遠東新國票94購01,0,0,0,0,0,0,0,0,0,74000,0,0,0,74000,0,74000,74000
052337,臺股指日盛95購02,0,0,0,0,0,0,0,0,0,74000,0,0,0,84000,10000,74000,74000
051070,正崴國票96購01  ,0,0,0,0,0,0,0,0,0,74000,0,0,0,88000,14000,74000,74000
051061,中磊群益95購01  ,0,0,0,0,0,0,0,0,0,74000,0,0,0,122000,48000,74000,74000
051031,康友元富95購02  ,0,0,0,0,0,0,0,0,0,74000,0,0,0,75000,1000,74000,74000
050974,大成鋼統一95購01,0,0,0,0,0,0,0,0,0,74000,0,0,0,76000,2000,74000,74000
051749,矽力國泰97購01  ,0,0,0,0,0,0,0,0,0,74000,0,0,0,125000,51000,74000,74000
1609,大亞            ,219000,146000,73000,0,0,0,0,0,0,1000,17000,16000,1000,0,0,0,74000
2377,微星            ,1765000,1728581,36419,0,0,0,0,0,0,37000,69000,27000,42000,55000,60000,-5000,73419
055396,瑞儀統一97購01  ,0,0,0,0,0,0,0,0,0,73000,0,0,0,183000,110000,73000,73000
053496,義隆兆豐96購02  ,0,0,0,0,0,0,0,0,0,73000,0,0,0,78000,5000,73000,73000
048814,上銀凱基94購01  ,0,0,0,0,0,0,0,0,0,73000,0,0,0,114000,41000,73000,73000
047395,聯茂元大94購01  ,0,0,0,0,0,0,0,0,0,73000,0,0,0,102000,29000,73000,73000
051362,台郡元大95購04  ,0,0,0,0,0,0,0,0,0,73000,0,0,0,134000,61000,73000,73000
8271,宇瞻            ,487000,371000,116000,0,0,0,0,0,0,-43000,15000,58000,-43000,0,0,0,73000
6115,鎰勝            ,81000,8000,73000,0,0,0,0,0,0,0,0,0,0,0,0,0,73000
053948,大立光富邦99購04,0,0,0,0,0,0,0,0,0,72000,0,0,0,145000,73000,72000,72000
054520,健鼎元大96購02  ,0,0,0,0,0,0,0,0,0,72000,0,0,0,200000,128000,72000,72000
054568,訊芯群益97購01  ,0,0,0,0,0,0,0,0,0,72000,0,0,0,99000,27000,72000,72000
055526,台積電群益97購02,0,0,0,0,0,0,0,0,0,72000,0,0,0,82000,10000,72000,72000
054827,宏全元大9A購01  ,0,0,0,0,0,0,0,0,0,72000,0,0,0,100000,28000,72000,72000
045436,友達統一93購02  ,0,0,0,0,0,0,0,0,0,72000,0,0,0,111000,39000,72000,72000
049546,正崴群益94購01  ,0,0,0,0,0,0,0,0,0,72000,0,0,0,98000,26000,72000,72000
049260,華新科元大96購01,0,0,0,0,0,0,0,0,0,72000,0,0,0,145000,73000,72000,72000
051512,超眾麥證95購01  ,0,0,0,139000,67000,72000,0,0,0,72000,0,0,0,139000,67000,72000,72000
052237,嘉澤國票96購02  ,0,0,0,0,0,0,0,0,0,72000,0,0,0,72000,0,72000,72000
2505,國揚            ,329000,467000,-138000,0,0,0,0,0,0,210000,3000,6000,-3000,214000,1000,213000,72000
4190,佐登-KY         ,148000,130000,18000,0,0,0,84000,0,84000,-30000,0,28000,-28000,0,2000,-2000,72000
1710,東聯            ,443000,367093,75907,0,0,0,0,0,0,-4000,0,4000,-4000,0,0,0,71907
054900,金寶康和97購01  ,0,0,0,0,0,0,0,0,0,71000,0,0,0,759000,688000,71000,71000
055938,矽力群益97購01  ,0,0,0,0,0,0,0,0,0,71000,0,0,0,166000,95000,71000,71000
055757,大成鋼群益99購01,0,0,0,0,0,0,0,0,0,71000,0,0,0,71000,0,71000,71000
048782,亞泥元大94購01  ,0,0,0,0,0,0,0,0,0,71000,0,0,0,104000,33000,71000,71000
049015,鴻海群益94購03  ,0,0,0,0,0,0,0,0,0,71000,0,0,0,71000,0,71000,71000
047351,聯詠凱基93購02  ,0,0,0,0,0,0,0,0,0,71000,0,0,0,71000,0,71000,71000
055327,致新國票98購01  ,0,0,0,0,0,0,0,0,0,71000,0,0,0,71000,0,71000,71000
052815,滬深2X永豐97購01,0,0,0,0,0,0,0,0,0,71000,0,0,0,764000,693000,71000,71000
053048,同欣電麥證96購01,0,0,0,125000,90000,35000,0,0,0,71000,0,0,0,161000,90000,71000,71000
8482,商億-KY         ,196000,125000,71000,0,0,0,0,0,0,0,0,0,0,0,0,0,71000
055821,勤誠國票98購01  ,0,0,0,0,0,0,0,0,0,70000,0,0,0,122000,52000,70000,70000
055697,牧德國票98購01  ,49000,0,49000,0,0,0,0,0,0,21000,0,0,0,90000,69000,21000,70000
055502,群創元大9C購03  ,0,0,0,0,0,0,0,0,0,70000,0,0,0,209000,139000,70000,70000
055623,貿聯國泰99購01  ,0,0,0,0,0,0,0,0,0,70000,0,0,0,102000,32000,70000,70000
054894,GIS統一97購01   ,0,0,0,0,0,0,0,0,0,70000,0,0,0,70000,0,70000,70000
055363,緯穎凱基98購03  ,0,0,0,0,0,0,0,0,0,70000,0,0,0,106000,36000,70000,70000
053659,智原凱基97購01  ,0,0,0,0,0,0,0,0,0,70000,0,0,0,70000,0,70000,70000
046736,儒鴻群益93購01  ,0,0,0,0,0,0,0,0,0,70000,0,0,0,70000,0,70000,70000
044613,智易兆豐94購01  ,0,0,0,0,0,0,0,0,0,70000,0,0,0,100000,30000,70000,70000
048067,台光電元富93購01,0,0,0,0,0,0,0,0,0,70000,0,0,0,70000,0,70000,70000
050051,智原群益94購01  ,0,0,0,0,0,0,0,0,0,70000,0,0,0,70000,0,70000,70000
049876,智邦永豐94購01  ,0,0,0,0,0,0,0,0,0,70000,0,0,0,70000,0,70000,70000
049495,欣興元大94購06  ,0,0,0,0,0,0,0,0,0,70000,0,0,0,70000,0,70000,70000
048918,上証2X永豐94購01,0,0,0,0,0,0,0,0,0,70000,0,0,0,70000,0,70000,70000
053161,康友元大96購04  ,0,0,0,0,0,0,0,0,0,70000,0,0,0,130000,60000,70000,70000
052449,創意元大95購04  ,0,0,0,0,0,0,0,0,0,70000,0,0,0,80000,10000,70000,70000
052445,南亞科元大95購05,0,0,0,0,0,0,0,0,0,70000,0,0,0,90000,20000,70000,70000
051827,智邦元大95購04  ,0,0,0,0,0,0,0,0,0,70000,0,0,0,336000,266000,70000,70000
051407,南茂永豐95購02  ,0,0,0,0,0,0,0,0,0,70000,0,0,0,70000,0,70000,70000
051067,台積電國票96購03,0,0,0,0,0,0,0,0,0,70000,0,0,0,70000,0,70000,70000
4994,傳奇            ,117000,45000,72000,0,0,0,0,0,0,-2000,0,1000,-1000,0,1000,-1000,70000
07933P,大立光富邦9C售06,0,0,0,0,0,0,0,0,0,70000,0,0,0,70000,0,70000,70000
054686,順德永豐97購01  ,0,0,0,0,0,0,0,0,0,69000,0,0,0,69000,0,69000,69000
054080,微星中信98購01  ,0,0,0,0,0,0,0,0,0,69000,0,0,0,70000,1000,69000,69000
054830,世芯國泰99購01  ,0,0,0,0,0,0,0,0,0,69000,0,0,0,79000,10000,69000,69000
04186P,創意元富93售04  ,0,0,0,0,0,0,0,0,0,69000,0,0,0,79000,10000,69000,69000
045223,潤泰全元大93購01,0,0,0,0,0,0,0,0,0,69000,0,0,0,115000,46000,69000,69000
04612P,上銀群益94售01  ,0,0,0,0,0,0,0,0,0,69000,0,0,0,71000,2000,69000,69000
047109,華邦電元大94購01,0,0,0,0,0,0,0,0,0,69000,0,0,0,113000,44000,69000,69000
048387,台達電國票94購01,0,0,0,0,0,0,0,0,0,69000,0,0,0,69000,0,69000,69000
049487,智邦元大94購03  ,0,0,0,0,0,0,0,0,0,69000,0,0,0,115000,46000,69000,69000
047317,聯詠元大93購06  ,0,0,0,0,0,0,0,0,0,69000,0,0,0,69000,0,69000,69000
04850P,全新永豐94售03  ,0,0,0,0,0,0,0,0,0,69000,0,0,0,69000,0,69000,69000
055329,百和國票98購01  ,0,0,0,0,0,0,0,0,0,69000,0,0,0,69000,0,69000,69000
050544,聯發科凱基95購02,0,0,0,0,0,0,0,0,0,69000,0,0,0,69000,0,69000,69000
052425,華通台新95購02  ,0,0,0,0,0,0,0,0,0,69000,0,0,0,70000,1000,69000,69000
052234,GIS凱基97購01   ,0,0,0,0,0,0,0,0,0,69000,0,0,0,69000,0,69000,69000
052859,國巨凱基96購07  ,0,0,0,0,0,0,0,0,0,69000,0,0,0,89000,20000,69000,69000
055988,矽力元富97購01  ,0,0,0,0,0,0,0,0,0,69000,0,0,0,320000,251000,69000,69000
1312,國喬            ,419000,189588,229412,0,0,0,0,160000,-160000,-1000,0,11000,-11000,10000,0,10000,68412
054833,京鼎中信97購01  ,0,0,0,0,0,0,0,0,0,68000,0,0,0,68000,0,68000,68000
055213,大成鋼凱基98購01,0,0,0,0,0,0,0,0,0,68000,0,0,0,68000,0,68000,68000
055630,聯詠永豐97購02  ,0,0,0,0,0,0,0,0,0,68000,0,0,0,68000,0,68000,68000
055670,矽創群益98購02  ,0,0,0,0,0,0,0,0,0,68000,0,0,0,110000,42000,68000,68000
055466,台達電凱基97購03,0,0,0,0,0,0,0,0,0,68000,0,0,0,68000,0,68000,68000
055479,GIS凱基97購04   ,0,0,0,0,0,0,0,0,0,68000,0,0,0,68000,0,68000,68000
054107,上銀凱基97購01  ,0,0,0,0,0,0,0,0,0,68000,0,0,0,168000,100000,68000,68000
054182,台積電康和96購01,0,0,0,0,0,0,0,0,0,68000,0,0,0,68000,0,68000,68000
054215,創意國票97購02  ,0,0,0,0,0,0,0,0,0,68000,0,0,0,108000,40000,68000,68000
054330,世芯永豐96購02  ,0,0,0,0,0,0,0,0,0,68000,0,0,0,80000,12000,68000,68000
054361,技嘉凱基96購01  ,0,0,0,0,0,0,0,0,0,68000,0,0,0,68000,0,68000,68000
053638,信邦永豐96購01  ,0,0,0,0,0,0,0,0,0,68000,0,0,0,131000,63000,68000,68000
053423,亞光永豐96購01  ,0,0,0,0,0,0,0,0,0,68000,0,0,0,111000,43000,68000,68000
053957,瑞昱永豐96購01  ,0,0,0,0,0,0,0,0,0,68000,0,0,0,68000,0,68000,68000
047201,鴻海元富93購05  ,0,0,0,0,0,0,0,0,0,68000,0,0,0,138000,70000,68000,68000
046905,新光金凱基99購01,0,0,0,0,0,0,0,0,0,68000,0,0,0,68000,0,68000,68000
046568,臻鼎元富95購01  ,0,0,0,0,0,0,0,0,0,68000,0,0,0,353000,285000,68000,68000
046258,華通國票92購02  ,0,0,0,0,0,0,0,0,0,68000,0,0,0,68000,0,68000,68000
042527,台灣50永豐94購01,0,0,0,0,0,0,0,0,0,68000,0,0,0,70000,2000,68000,68000
050372,全新元大96購03  ,0,0,0,0,0,0,0,0,0,68000,0,0,0,68000,0,68000,68000
048036,隆達凱基93購01  ,0,0,0,0,0,0,0,0,0,68000,0,0,0,68000,0,68000,68000
047355,世紀鋼凱基94購01,0,0,0,0,0,0,0,0,0,68000,0,0,0,68000,0,68000,68000
052921,大成鋼永豐96購01,0,0,0,0,0,0,0,0,0,68000,0,0,0,68000,0,68000,68000
053330,燿華永豐96購03  ,0,0,0,0,0,0,0,0,0,68000,0,0,0,68000,0,68000,68000
052684,旺宏元大98購01  ,0,0,0,0,0,0,0,0,0,68000,0,0,0,339000,271000,68000,68000
052634,華邦電凱基96購01,0,0,0,0,0,0,0,0,0,68000,0,0,0,68000,0,68000,68000
052648,茂林永豐96購01  ,0,0,0,0,0,0,0,0,0,68000,0,0,0,68000,0,68000,68000
051410,京元電國票96購01,0,0,0,0,0,0,0,0,0,68000,0,0,0,68000,0,68000,68000
051807,瑞昱凱基95購03  ,0,0,0,0,0,0,0,0,0,68000,0,0,0,69000,1000,68000,68000
051461,聯詠國泰96購01  ,0,0,0,0,0,0,0,0,0,68000,0,0,0,108000,40000,68000,68000
05757P,旺宏永豐96售03  ,0,0,0,0,0,0,0,0,0,68000,0,0,0,68000,0,68000,68000
1455,集盛            ,120000,50092,69908,0,0,0,0,0,0,-2000,0,2000,-2000,0,0,0,67908
053947,義隆富邦97購01  ,0,0,0,0,0,0,0,0,0,67000,0,0,0,103000,36000,67000,67000
054614,玉晶光永豐97購03,0,0,0,0,0,0,0,0,0,67000,0,0,0,187000,120000,67000,67000
04437P,滬深2X群益98售03,0,0,0,0,0,0,0,0,0,67000,0,0,0,334000,267000,67000,67000
04547P,高鐵元大94售01  ,0,0,0,0,0,0,0,0,0,67000,0,0,0,69000,2000,67000,67000
048378,貿聯元富93購01  ,0,0,0,0,0,0,0,0,0,67000,0,0,0,92000,25000,67000,67000
049209,GIS群益94購03   ,0,0,0,0,0,0,0,0,0,67000,0,0,0,97000,30000,67000,67000
05170P,世芯元大95售01  ,0,0,0,0,0,0,0,0,0,67000,0,0,0,118000,51000,67000,67000
051930,國泰金兆豐97購01,0,0,0,0,0,0,0,0,0,67000,0,0,0,355000,288000,67000,67000
052285,康控凱基95購02  ,0,0,0,0,0,0,0,0,0,67000,0,0,0,70000,3000,67000,67000
052346,訊芯凱基95購01  ,0,0,0,0,0,0,0,0,0,67000,0,0,0,90000,23000,67000,67000
052483,超眾群益95購03  ,0,0,0,0,0,0,0,0,0,67000,0,0,0,279000,212000,67000,67000
3004,豐達科          ,58000,11000,47000,0,0,0,21000,0,21000,-1000,0,1000,-1000,0,0,0,67000
054353,世紀鋼國泰98購01,0,0,0,0,0,0,0,0,0,66000,0,0,0,66000,0,66000,66000
044509,台光電凱基93購03,0,0,0,0,0,0,0,0,0,66000,0,0,0,70000,4000,66000,66000
00663L,國泰臺灣加權正2 ,0,43000,-43000,0,0,0,0,0,0,109000,0,0,0,109000,0,109000,66000
045803,旺宏國票93購01  ,0,0,0,0,0,0,0,0,0,66000,0,0,0,81000,15000,66000,66000
049234,可成統一94購02  ,0,0,0,0,0,0,0,0,0,66000,0,0,0,115000,49000,66000,66000
049347,群創統一95購01  ,0,0,0,0,0,0,0,0,0,66000,0,0,0,66000,0,66000,66000
048593,華新科群益93購04,0,0,0,0,0,0,0,0,0,66000,0,0,0,94000,28000,66000,66000
053792,百和元大96購01  ,0,0,0,0,0,0,0,0,0,65000,0,0,0,152000,87000,65000,65000
053528,南電中信9A購01  ,0,0,0,0,0,0,0,0,0,65000,0,0,0,100000,35000,65000,65000
053641,正文永豐96購01  ,0,0,0,0,0,0,0,0,0,65000,0,0,0,120000,55000,65000,65000
055568,緯穎凱基97購02  ,0,0,0,0,0,0,0,0,0,65000,0,0,0,68000,3000,65000,65000
055905,可成兆豐97購03  ,0,0,0,0,0,0,0,0,0,65000,0,0,0,65000,0,65000,65000
044578,緯創凱基93購02  ,0,0,0,0,0,0,0,0,0,65000,0,0,0,141000,76000,65000,65000
050010,鈺齊永豐94購01  ,0,0,0,0,0,0,0,0,0,65000,0,0,0,296000,231000,65000,65000
047821,臺股指凱基93購15,0,0,0,0,0,0,0,0,0,65000,0,0,0,95000,30000,65000,65000
052712,旺宏凱基96購02  ,0,0,0,0,0,0,0,0,0,65000,0,0,0,199000,134000,65000,65000
053124,聯發科凱基96購12,0,0,0,0,0,0,0,0,0,65000,0,0,0,185000,120000,65000,65000
051725,緯穎永豐95購02  ,0,0,0,0,0,0,0,0,0,65000,0,0,0,143000,78000,65000,65000
051292,牧德統一97購01  ,0,0,0,0,0,0,0,0,0,65000,0,0,0,65000,0,65000,65000
051137,聯詠永豐95購01  ,0,0,0,0,0,0,0,0,0,65000,0,0,0,80000,15000,65000,65000
3356,奇偶            ,73000,8000,65000,0,0,0,0,0,0,0,0,0,0,0,0,0,65000
8261,富鼎            ,83000,18000,65000,0,0,0,0,0,0,0,0,0,0,0,0,0,65000
05778P,台積電統一96售05,0,0,0,0,0,0,0,0,0,65000,0,0,0,120000,55000,65000,65000
06112P,台積電兆豐97售01,0,0,0,0,0,0,0,0,0,65000,0,0,0,100000,35000,65000,65000
054874,帆宣群益99購02  ,0,0,0,0,0,0,0,0,0,64000,0,0,0,109000,45000,64000,64000
054268,健策第一96購01  ,0,0,0,0,0,0,0,0,0,64000,0,0,0,165000,101000,64000,64000
054464,奇力新凱基98購02,0,0,0,0,0,0,0,0,0,64000,0,0,0,213000,149000,64000,64000
044373,台積電兆豐92購01,0,0,0,0,0,0,0,0,0,64000,0,0,0,64000,0,64000,64000
044963,台積電中信96購01,0,0,0,0,0,0,0,0,0,64000,0,0,0,105000,41000,64000,64000
049056,玉晶光永豐95購03,0,0,0,0,0,0,0,0,0,64000,0,0,0,80000,16000,64000,64000
049078,瑞昱凱基94購02  ,0,0,0,0,0,0,0,0,0,64000,0,0,0,121000,57000,64000,64000
050105,力山元大95購02  ,0,0,0,0,0,0,0,0,0,64000,0,0,0,64000,0,64000,64000
04933P,中石化中信96售01,0,0,0,0,0,0,0,0,0,64000,0,0,0,64000,0,64000,64000
052644,聯發科永豐96購01,0,0,0,0,0,0,0,0,0,64000,0,0,0,263000,199000,64000,64000
06209P,旺宏統一97售07  ,0,0,0,0,0,0,0,0,0,64000,0,0,0,64000,0,64000,64000
05748P,臺股指群益99售02,0,0,0,0,0,0,0,0,0,64000,0,0,0,80000,16000,64000,64000
054461,台積電凱基97購09,0,0,0,0,0,0,0,0,0,63000,0,0,0,89000,26000,63000,63000
054298,台表科元大97購03,0,0,0,0,0,0,0,0,0,63000,0,0,0,73000,10000,63000,63000
054842,台達電兆豐98購01,0,0,0,0,0,0,0,0,0,63000,0,0,0,122000,59000,63000,63000
055269,和大元大97購02  ,0,0,0,0,0,0,0,0,0,63000,0,0,0,65000,2000,63000,63000
055483,和大元大97購03  ,0,0,0,0,0,0,0,0,0,63000,0,0,0,100000,37000,63000,63000
046080,同欣電凱基92購03,0,0,0,0,0,0,0,0,0,63000,0,0,0,83000,20000,63000,63000
04453P,聯發科富邦94售04,0,0,0,0,0,0,0,0,0,63000,0,0,0,465000,402000,63000,63000
044255,群創元大93購01  ,0,0,0,0,0,0,0,0,0,63000,0,0,0,235000,172000,63000,63000
04120P,智邦凱基93售09  ,0,0,0,0,0,0,0,0,0,63000,0,0,0,70000,7000,63000,63000
048998,玉晶光國票95購03,0,0,0,0,0,0,0,0,0,63000,0,0,0,206000,143000,63000,63000
050431,聯發科凱基94購18,0,0,0,0,0,0,0,0,0,63000,0,0,0,107000,44000,63000,63000
052806,玉晶光元大98購04,0,0,0,0,0,0,0,0,0,63000,0,0,0,139000,76000,63000,63000
052179,康友元大95購03  ,0,0,0,0,0,0,0,0,0,63000,0,0,0,103000,40000,63000,63000
052935,康友元大96購03  ,0,0,0,0,0,0,0,0,0,63000,0,0,0,63000,0,63000,63000
052853,友達日盛99購01  ,0,0,0,0,0,0,0,0,0,63000,0,0,0,217000,154000,63000,63000
052886,世紀鋼兆豐96購01,0,0,0,0,0,0,0,0,0,63000,0,0,0,80000,17000,63000,63000
050856,智邦台新95購01  ,0,0,0,0,0,0,0,0,0,63000,0,0,0,243000,180000,63000,63000
052130,國巨凱基9B購01  ,0,0,0,0,0,0,0,0,0,63000,0,0,0,170000,107000,63000,63000
054325,奇力新台新97購03,0,0,0,0,0,0,0,0,0,62000,0,0,0,62000,0,62000,62000
04256P,美律國票93售03  ,0,0,0,0,0,0,0,0,0,62000,0,0,0,62000,0,62000,62000
047194,世紀鋼元大96購01,0,0,0,0,0,0,0,0,0,62000,0,0,0,62000,0,62000,62000
046404,友達元大93購02  ,0,0,0,0,0,0,0,0,0,62000,0,0,0,86000,24000,62000,62000
049554,禾伸堂富邦96購01,0,0,0,0,0,0,0,0,0,62000,0,0,0,100000,38000,62000,62000
053378,台積電元大98購02,0,0,0,0,0,0,0,0,0,62000,0,0,0,113000,51000,62000,62000
05724P,致茂永豐96售01  ,0,0,0,0,0,0,0,0,0,62000,0,0,0,200000,138000,62000,62000
06169P,華新科元富97售02,0,0,0,0,0,0,0,0,0,62000,0,0,0,81000,19000,62000,62000
054541,康控國票98購01  ,0,0,0,0,0,0,0,0,0,61000,0,0,0,153000,92000,61000,61000
055860,啟碁元大97購04  ,0,0,0,0,0,0,0,0,0,61000,0,0,0,221000,160000,61000,61000
05467P,聯電元大95售02  ,0,0,0,0,0,0,0,0,0,61000,0,0,0,61000,0,61000,61000
04275P,南亞科凱基93售08,0,0,0,0,0,0,0,0,0,61000,0,0,0,61000,0,61000,61000
044620,上銀元大92購04  ,0,0,0,0,0,0,0,0,0,61000,0,0,0,61000,0,61000,61000
043921,台表科凱基93購01,0,0,0,0,0,0,0,0,0,61000,0,0,0,71000,10000,61000,61000
03597P,玉晶光凱基03售12,0,0,0,0,0,0,0,0,0,61000,0,0,0,150000,89000,61000,61000
050155,華新科群益95購01,0,0,0,0,0,0,0,0,0,61000,0,0,0,268000,207000,61000,61000
053339,友達國票97購02  ,0,0,0,0,0,0,0,0,0,61000,0,0,0,61000,0,61000,61000
052896,宏達電群益96購01,0,0,0,0,0,0,0,0,0,61000,0,0,0,66000,5000,61000,61000
052075,旺宏元富95購03  ,0,0,0,0,0,0,0,0,0,61000,0,0,0,128000,67000,61000,61000
050952,健策群益96購01  ,0,0,0,0,0,0,0,0,0,61000,0,0,0,82000,21000,61000,61000
051128,台表科群益95購02,0,0,0,0,0,0,0,0,0,61000,0,0,0,294000,233000,61000,61000
051422,超眾國票96購01  ,0,0,0,0,0,0,0,0,0,61000,0,0,0,175000,114000,61000,61000
054798,超眾群益97購01  ,0,0,0,0,0,0,0,0,0,60000,0,0,0,60000,0,60000,60000
055083,康友中信97購01  ,0,0,0,0,0,0,0,0,0,60000,0,0,0,60000,0,60000,60000
055159,玉晶光元大98購05,0,0,0,0,0,0,0,0,0,60000,0,0,0,450000,390000,60000,60000
055421,玉晶光永豐98購04,0,0,0,0,0,0,0,0,0,60000,0,0,0,154000,94000,60000,60000
054535,旺宏富邦97購02  ,0,0,0,0,0,0,0,0,0,60000,0,0,0,214000,154000,60000,60000
054639,台新金中信99購01,0,0,0,0,0,0,0,0,0,60000,0,0,0,150000,90000,60000,60000
054473,鴻海中信96購02  ,0,0,0,0,0,0,0,0,0,60000,0,0,0,60000,0,60000,60000
053647,臺股指國票96購10,0,0,0,0,0,0,0,0,0,60000,0,0,0,60000,0,60000,60000
053683,上証2X元大96購03,0,0,0,0,0,0,0,0,0,60000,0,0,0,60000,0,60000,60000
053491,鴻海兆豐97購02  ,0,0,0,0,0,0,0,0,0,60000,0,0,0,60000,0,60000,60000
043884,臻鼎元大92購01  ,0,0,0,0,0,0,0,0,0,60000,0,0,0,60000,0,60000,60000
046723,聯發科元大93購01,0,0,0,0,0,0,0,0,0,60000,0,0,0,60000,0,60000,60000
046734,華通國票93購02  ,0,0,0,0,0,0,0,0,0,60000,0,0,0,70000,10000,60000,60000
042062,台灣50兆豐92購01,0,0,0,0,0,0,0,0,0,60000,0,0,0,70000,10000,60000,60000
046483,華通國泰93購01  ,0,0,0,0,0,0,0,0,0,60000,0,0,0,60000,0,60000,60000
046344,超眾國票94購01  ,0,0,0,0,0,0,0,0,0,60000,0,0,0,60000,0,60000,60000
047184,漢唐元大94購02  ,0,0,0,0,0,0,0,0,0,60000,0,0,0,60000,0,60000,60000
047106,喬山元大93購01  ,0,0,0,0,0,0,0,0,0,60000,0,0,0,60000,0,60000,60000
048655,A50正2元富96購01,0,0,0,0,0,0,0,0,0,60000,0,0,0,100000,40000,60000,60000
04868P,可成統一94售03  ,0,0,0,0,0,0,0,0,0,60000,0,0,0,60000,0,60000,60000
044927,聯詠國泰94購01  ,0,0,0,0,0,0,0,0,0,60000,0,0,0,60000,0,60000,60000
047013,超眾元富96購01  ,0,0,0,0,0,0,0,0,0,60000,0,0,0,60000,0,60000,60000
045346,潤泰全凱基92購02,0,0,0,0,0,0,0,0,0,60000,0,0,0,60000,0,60000,60000
050259,鴻海元大94購14  ,0,0,0,0,0,0,0,0,0,60000,0,0,0,60000,0,60000,60000
050329,超眾永豐94購03  ,0,0,0,0,0,0,0,0,0,60000,0,0,0,60000,0,60000,60000
050576,南亞科國票95購01,0,0,0,0,0,0,0,0,0,60000,0,0,0,60000,0,60000,60000
050500,台積電凱基94購36,0,0,0,0,0,0,0,0,0,60000,0,0,0,60000,0,60000,60000
050507,聯詠凱基94購06  ,0,0,0,0,0,0,0,0,0,60000,0,0,0,60000,0,60000,60000
047862,超眾台新93購01  ,0,0,0,0,0,0,0,0,0,60000,0,0,0,60000,0,60000,60000
048163,南亞科台新93購01,0,0,0,0,0,0,0,0,0,60000,0,0,0,60000,0,60000,60000
048166,滬深2X永豐96購02,0,0,0,0,0,0,0,0,0,60000,0,0,0,60000,0,60000,60000
049809,聯詠元大94購04  ,0,0,0,0,0,0,0,0,0,60000,0,0,0,60000,0,60000,60000
047236,智伸科凱基93購05,0,0,0,0,0,0,0,0,0,60000,0,0,0,60000,0,60000,60000
050841,國巨國票96購02  ,0,0,0,0,0,0,0,0,0,60000,0,0,0,72000,12000,60000,60000
053350,台表科國票97購02,0,0,0,0,0,0,0,0,0,60000,0,0,0,60000,0,60000,60000
052198,鴻海統一95購10  ,0,0,0,0,0,0,0,0,0,60000,0,0,0,60000,0,60000,60000
052436,正崴富邦95購01  ,0,0,0,0,0,0,0,0,0,60000,0,0,0,60000,0,60000,60000
06419P,國巨統一97售09  ,0,0,0,0,0,0,0,0,0,60000,0,0,0,100000,40000,60000,60000
056165,矽力凱基98購02  ,0,0,0,0,0,0,0,0,0,60000,0,0,0,110000,50000,60000,60000
6226,光鼎            ,83000,22000,61000,0,0,0,0,0,0,-1000,0,1000,-1000,0,0,0,60000
1733,五鼎            ,77000,11000,66000,0,0,0,0,0,0,-6000,0,6000,-6000,0,0,0,60000
053542,超眾永豐96購01  ,0,0,0,0,0,0,0,0,0,59000,0,0,0,347000,288000,59000,59000
048981,牧德元大94購01  ,0,0,0,0,0,0,0,0,0,59000,0,0,0,152000,93000,59000,59000
046792,京元電元富96購01,0,0,0,0,0,0,0,0,0,59000,0,0,0,70000,11000,59000,59000
046379,奇力新凱基93購03,0,0,0,0,0,0,0,0,0,59000,0,0,0,59000,0,59000,59000
047439,漢唐元大95購01  ,0,0,0,0,0,0,0,0,0,59000,0,0,0,70000,11000,59000,59000
049697,群創元大98購01  ,0,0,0,0,0,0,0,0,0,59000,0,0,0,196000,137000,59000,59000
048192,華通元大96購01  ,0,0,0,0,0,0,0,0,0,59000,0,0,0,117000,58000,59000,59000
04815P,致伸元大94售04  ,0,0,0,0,0,0,0,0,0,59000,0,0,0,59000,0,59000,59000
049136,華通元大95購01  ,0,0,0,0,0,0,0,0,0,59000,0,0,0,81000,22000,59000,59000
050482,台郡國票94購04  ,0,0,0,0,0,0,0,0,0,59000,0,0,0,59000,0,59000,59000
050768,聯發科元大94購16,0,0,0,0,0,0,0,0,0,59000,0,0,0,59000,0,59000,59000
052060,旺宏國票96購02  ,0,0,0,0,0,0,0,0,0,59000,0,0,0,59000,0,59000,59000
051739,奇力新國票97購01,0,0,0,0,0,0,0,0,0,59000,0,0,0,59000,0,59000,59000
3209,全科            ,98000,32000,66000,0,0,0,0,0,0,-7000,0,7000,-7000,0,0,0,59000
056273,祥碩統一97購02  ,0,0,0,0,0,0,0,0,0,59000,0,0,0,117000,58000,59000,59000
055217,緯創凱基97購02  ,0,0,0,0,0,0,0,0,0,58000,0,0,0,194000,136000,58000,58000
055188,亞翔統一97購01  ,0,0,0,0,0,0,0,0,0,58000,0,0,0,58000,0,58000,58000
045295,台積電元大93購02,0,0,0,0,0,0,0,0,0,58000,0,0,0,58000,0,58000,58000
03605P,美利達統一92售01,0,0,0,0,0,0,0,0,0,58000,0,0,0,58000,0,58000,58000
00635U,元大S&P黃金     ,2000,0,2000,0,0,0,0,0,0,56000,30000,0,30000,185000,159000,26000,58000
050459,台表科元大94購03,0,0,0,0,0,0,0,0,0,58000,0,0,0,68000,10000,58000,58000
048576,義隆國泰95購01  ,0,0,0,0,0,0,0,0,0,58000,0,0,0,98000,40000,58000,58000
047608,聯發科第一95購01,0,0,0,0,0,0,0,0,0,58000,0,0,0,58000,0,58000,58000
049169,統一凱基94購01  ,0,0,0,0,0,0,0,0,0,58000,0,0,0,68000,10000,58000,58000
051650,矽力永豐95購01  ,0,0,0,0,0,0,0,0,0,58000,0,0,0,141000,83000,58000,58000
052005,矽力國泰97購02  ,0,0,0,0,0,0,0,0,0,58000,0,0,0,110000,52000,58000,58000
05201P,玉晶光國泰97售02,0,0,0,0,0,0,0,0,0,58000,0,0,0,128000,70000,58000,58000
051790,貿聯國票95購03  ,0,0,0,0,0,0,0,0,0,58000,0,0,0,60000,2000,58000,58000
051231,健策群益97購01  ,0,0,0,0,0,0,0,0,0,58000,0,0,0,120000,62000,58000,58000
056077,矽力元大97購07  ,0,0,0,0,0,0,0,0,0,58000,0,0,0,97000,39000,58000,58000
2316,楠梓電          ,942000,847000,95000,0,0,0,0,0,0,-37000,0,5000,-5000,99000,131000,-32000,58000
055054,群光永豐97購01  ,0,0,0,0,0,0,0,0,0,57000,0,0,0,57000,0,57000,57000
055824,臺股指國票97購11,0,0,0,0,0,0,0,0,0,57000,0,0,0,60000,3000,57000,57000
054349,同欣電國票97購02,0,0,0,0,0,0,0,0,0,57000,0,0,0,57000,0,57000,57000
044109,宏達電國票92購02,0,0,0,0,0,0,0,0,0,57000,0,0,0,57000,0,57000,57000
042501,台灣50凱基96購06,0,0,0,0,0,0,0,0,0,57000,0,0,0,58000,1000,57000,57000
049036,燿華兆豐95購01  ,0,0,0,0,0,0,0,0,0,57000,0,0,0,57000,0,57000,57000
046289,群創兆豐92購03  ,0,0,0,0,0,0,0,0,0,57000,0,0,0,57000,0,57000,57000
046061,中石化凱基98購01,0,0,0,0,0,0,0,0,0,57000,0,0,0,130000,73000,57000,57000
048315,聯發科凱基93購32,0,0,0,0,0,0,0,0,0,57000,0,0,0,129000,72000,57000,57000
04812P,國巨元大95售03  ,0,0,0,0,0,0,0,0,0,57000,0,0,0,200000,143000,57000,57000
050788,台郡國泰96購01  ,0,0,0,0,0,0,0,0,0,57000,0,0,0,296000,239000,57000,57000
05072P,聯電元富95售02  ,0,0,0,0,0,0,0,0,0,57000,0,0,0,67000,10000,57000,57000
052316,台積電元大96購10,0,0,0,0,0,0,0,0,0,57000,0,0,0,202000,145000,57000,57000
05283P,健鼎元大95售04  ,0,0,0,0,0,0,0,0,0,57000,0,0,0,100000,43000,57000,57000
052699,友達國票97購01  ,0,0,0,0,0,0,0,0,0,57000,0,0,0,57000,0,57000,57000
6165,捷泰            ,65000,8000,57000,0,0,0,0,0,0,0,0,0,0,0,0,0,57000
06163P,聯詠群益97售01  ,0,0,0,0,0,0,0,0,0,57000,0,0,0,57000,0,57000,57000
054388,漢唐統一97購02  ,0,0,0,0,0,0,0,0,0,56000,0,0,0,56000,0,56000,56000
053432,世紀鋼永豐96購02,0,0,0,0,0,0,0,0,0,56000,0,0,0,88000,32000,56000,56000
053704,國巨群益96購06  ,0,0,0,0,0,0,0,0,0,56000,0,0,0,60000,4000,56000,56000
055070,聯茂永豐97購01  ,0,0,0,0,0,0,0,0,0,56000,0,0,0,68000,12000,56000,56000
054723,鴻海日盛97購01  ,0,0,0,0,0,0,0,0,0,56000,0,0,0,61000,5000,56000,56000
054909,福懋科康和97購01,0,0,0,0,0,0,0,0,0,56000,0,0,0,56000,0,56000,56000
045355,聯鈞凱基92購01  ,0,0,0,0,0,0,0,0,0,56000,0,0,0,70000,14000,56000,56000
049899,台積電元富94購05,0,0,0,0,0,0,0,0,0,56000,0,0,0,488000,432000,56000,56000
047969,台達電富邦97購01,0,0,0,0,0,0,0,0,0,56000,0,0,0,136000,80000,56000,56000
050661,景碩元大94購02  ,0,0,0,0,0,0,0,0,0,56000,0,0,0,56000,0,56000,56000
047511,義隆國票93購02  ,0,0,0,0,0,0,0,0,0,56000,0,0,0,78000,22000,56000,56000
049417,奇力新凱基94購02,0,0,0,0,0,0,0,0,0,56000,0,0,0,110000,54000,56000,56000
052654,友達統一97購01  ,0,0,0,0,0,0,0,0,0,56000,0,0,0,102000,46000,56000,56000
052191,超眾群益96購01  ,0,0,0,0,0,0,0,0,0,56000,0,0,0,262000,206000,56000,56000
05237P,為升永豐95售01  ,0,0,0,0,0,0,0,0,0,56000,0,0,0,56000,0,56000,56000
051714,健鼎台新95購01  ,0,0,0,0,0,0,0,0,0,56000,0,0,0,174000,118000,56000,56000
051761,富邦金元大96購01,0,0,0,0,0,0,0,0,0,56000,0,0,0,56000,0,56000,56000
051577,台積電元大97購03,0,0,0,0,0,0,0,0,0,56000,0,0,0,117000,61000,56000,56000
056079,世紀鋼元大97購02,0,0,0,0,0,0,0,0,0,56000,0,0,0,65000,9000,56000,56000
2109,華豐            ,70000,13000,57000,0,0,0,0,0,0,-1000,0,1000,-1000,0,0,0,56000
055786,彩晶凱基99購02  ,0,0,0,0,0,0,0,0,0,55000,0,0,0,55000,0,55000,55000
055715,智邦元大97購04  ,0,0,0,0,0,0,0,0,0,55000,0,0,0,55000,0,55000,55000
055969,彩晶元大99購02  ,0,0,0,0,0,0,0,0,0,55000,0,0,0,55000,0,55000,55000
053889,致茂群益97購01  ,0,0,0,0,0,0,0,0,0,55000,0,0,0,55000,0,55000,55000
046982,瀚宇博兆豐94購02,0,0,0,0,0,0,0,0,0,55000,0,0,0,55000,0,55000,55000
048947,凌華永豐94購01  ,0,0,0,0,0,0,0,0,0,55000,0,0,0,55000,0,55000,55000
046890,瑞昱群益93購02  ,0,0,0,0,0,0,0,0,0,55000,0,0,0,55000,0,55000,55000
047086,群創統一93購03  ,0,0,0,0,0,0,0,0,0,55000,0,0,0,55000,0,55000,55000
049407,台積電日盛94購02,0,0,0,0,0,0,0,0,0,55000,0,0,0,100000,45000,55000,55000
049339,鴻海統一94購02  ,0,0,0,0,0,0,0,0,0,55000,0,0,0,55000,0,55000,55000
049789,世紀鋼兆豐94購01,0,0,0,0,0,0,0,0,0,55000,0,0,0,55000,0,55000,55000
049782,世紀鋼統一94購01,0,0,0,0,0,0,0,0,0,55000,0,0,0,55000,0,55000,55000
047305,卜蜂元大93購02  ,0,0,0,0,0,0,0,0,0,55000,0,0,0,55000,0,55000,55000
050286,為升凱基94購05  ,0,0,0,0,0,0,0,0,0,55000,0,0,0,55000,0,55000,55000
049985,華擎凱基94購01  ,0,0,0,0,0,0,0,0,0,55000,0,0,0,215000,160000,55000,55000
047893,嘉聯益兆豐94購01,0,0,0,0,0,0,0,0,0,55000,0,0,0,60000,5000,55000,55000
048060,台達電統一93購01,0,0,0,0,0,0,0,0,0,55000,0,0,0,55000,0,55000,55000
051472,台積電凱基95購09,0,0,0,0,0,0,0,0,0,55000,0,0,0,185000,130000,55000,55000
051657,台郡元富98購01  ,0,0,0,0,0,0,0,0,0,55000,0,0,0,182000,127000,55000,55000
052149,電子類群益95購01,0,0,0,0,0,0,0,0,0,55000,0,0,0,65000,10000,55000,55000
051089,旺宏元大96購04  ,0,0,0,0,0,0,0,0,0,55000,0,0,0,95000,40000,55000,55000
052748,群創元大9A購02  ,0,0,0,0,0,0,0,0,0,55000,0,0,0,343000,288000,55000,55000
053344,嘉晶國票97購02  ,0,0,0,0,0,0,0,0,0,55000,0,0,0,55000,0,55000,55000
3545,敦泰            ,991000,933000,58000,0,0,0,0,0,0,-3000,2000,5000,-3000,0,0,0,55000
053797,台積電中信98購01,0,0,0,0,0,0,0,0,0,54000,0,0,0,107000,53000,54000,54000
053780,南亞科元大96購03,0,0,0,0,0,0,0,0,0,54000,0,0,0,54000,0,54000,54000
055614,華新科國票97購02,0,0,0,0,0,0,0,0,0,54000,0,0,0,134000,80000,54000,54000
054700,致新永豐97購01  ,0,0,0,0,0,0,0,0,0,54000,0,0,0,54000,0,54000,54000
03821P,上海銀統一95售01,0,0,0,0,0,0,0,0,0,54000,0,0,0,118000,64000,54000,54000
050602,訊芯國泰96購01  ,0,0,0,0,0,0,0,0,0,54000,0,0,0,161000,107000,54000,54000
048607,上銀凱基93購11  ,0,0,0,0,0,0,0,0,0,54000,0,0,0,250000,196000,54000,54000
053261,國巨群益96購05  ,0,0,0,0,0,0,0,0,0,54000,0,0,0,54000,0,54000,54000
053126,健策凱基97購02  ,0,0,0,0,0,0,0,0,0,54000,0,0,0,80000,26000,54000,54000
050725,光磊國票96購01  ,0,0,0,0,0,0,0,0,0,54000,0,0,0,58000,4000,54000,54000
056262,台積電統一98購04,0,0,0,0,0,0,0,0,0,54000,0,0,0,309000,255000,54000,54000
05662P,景碩元富96售01  ,0,0,0,0,0,0,0,0,0,54000,0,0,0,54000,0,54000,54000
06385P,聯發科永豐97售02,0,0,0,0,0,0,0,0,0,54000,0,0,0,60000,6000,54000,54000
055181,日電貿統一97購01,0,0,0,0,0,0,0,0,0,53000,0,0,0,92000,39000,53000,53000
042953,鴻海台新01購01  ,0,0,0,0,0,0,0,0,0,53000,0,0,0,53000,0,53000,53000
046700,台郡凱基93購02  ,0,0,0,0,0,0,0,0,0,53000,0,0,0,53000,0,53000,53000
048987,崇越元大94購01  ,0,0,0,0,0,0,0,0,0,53000,0,0,0,53000,0,53000,53000
047459,全新群益93購02  ,0,0,0,0,0,0,0,0,0,53000,0,0,0,63000,10000,53000,53000
04950P,上証2X中信96售02,0,0,0,0,0,0,0,0,0,53000,0,0,0,79000,26000,53000,53000
050568,為升中信97購01  ,0,0,0,0,0,0,0,0,0,53000,0,0,0,53000,0,53000,53000
050386,智伸科國票94購01,0,0,0,0,0,0,0,0,0,53000,0,0,0,53000,0,53000,53000
051381,玉晶光群益98購01,0,0,0,0,0,0,0,0,0,53000,0,0,0,55000,2000,53000,53000
051878,鴻海台新96購01  ,0,0,0,0,0,0,0,0,0,53000,0,0,0,53000,0,53000,53000
053073,技嘉康和96購01  ,0,0,0,0,0,0,0,0,0,53000,0,0,0,63000,10000,53000,53000
06018P,康控凱基96售03  ,0,0,0,0,0,0,0,0,0,53000,0,0,0,60000,7000,53000,53000
056018,旺宏群益97購02  ,0,0,0,0,0,0,0,0,0,53000,0,0,0,64000,11000,53000,53000
2102,泰豐            ,140000,85000,55000,0,0,0,0,0,0,-2000,0,2000,-2000,0,0,0,53000
2404,漢唐            ,565000,587000,-22000,0,0,0,0,0,0,75000,5000,6000,-1000,103000,27000,76000,53000
8429,金麗-KY         ,64000,10000,54000,0,0,0,0,0,0,-1000,0,1000,-1000,0,0,0,53000
8150,南茂            ,1193000,1138299,54701,0,0,0,0,0,0,-2000,7000,6000,1000,14000,17000,-3000,52701
054937,國巨元大97購03  ,0,0,0,0,0,0,0,0,0,52000,0,0,0,52000,0,52000,52000
055491,奇力新元大98購03,0,0,0,0,0,0,0,0,0,52000,0,0,0,171000,119000,52000,52000
05459P,聯詠凱基95售03  ,0,0,0,0,0,0,0,0,0,52000,0,0,0,52000,0,52000,52000
045679,欣興元大94購01  ,0,0,0,0,0,0,0,0,0,52000,0,0,0,52000,0,52000,52000
04411P,智易統一96售01  ,0,0,0,0,0,0,0,0,0,52000,0,0,0,52000,0,52000,52000
04105P,東陽康和93售03  ,0,0,0,0,0,0,0,0,0,52000,0,0,0,52000,0,52000,52000
045887,台光電元大92購07,0,0,0,0,0,0,0,0,0,52000,0,0,0,52000,0,52000,52000
048687,旺宏群益96購01  ,0,0,0,0,0,0,0,0,0,52000,0,0,0,52000,0,52000,52000
055310,聯詠群益97購02  ,0,0,0,0,0,0,0,0,0,52000,0,0,0,72000,20000,52000,52000
050672,上証2X富邦97購01,0,0,0,0,0,0,0,0,0,52000,0,0,0,62000,10000,52000,52000
049504,臺股指元大94購15,0,0,0,0,0,0,0,0,0,52000,0,0,0,52000,0,52000,52000
049446,為升統一94購01  ,0,0,0,0,0,0,0,0,0,52000,0,0,0,62000,10000,52000,52000
048859,玉晶光群益96購02,0,0,0,0,0,0,0,0,0,52000,0,0,0,52000,0,52000,52000
051937,廣達群益95購01  ,0,0,0,0,0,0,0,0,0,52000,0,0,0,74000,22000,52000,52000
051286,國巨統一97購01  ,0,0,0,0,0,0,0,0,0,52000,0,0,0,90000,38000,52000,52000
051054,正崴群益95購01  ,0,0,0,0,0,0,0,0,0,52000,0,0,0,52000,0,52000,52000
2369,菱生            ,321000,278000,43000,0,0,0,0,0,0,9000,10000,1000,9000,0,0,0,52000
05669P,嘉晶永豐96售03  ,0,0,0,0,0,0,0,0,0,52000,0,0,0,63000,11000,52000,52000
06405P,億光元富97售02  ,0,0,0,0,0,0,0,0,0,52000,0,0,0,268000,216000,52000,52000
055571,鴻海統一97購03  ,0,0,0,0,0,0,0,0,0,51000,0,0,0,51000,0,51000,51000
055888,鴻海統一97購04  ,0,0,0,0,0,0,0,0,0,51000,0,0,0,51000,0,51000,51000
045933,華通群益92購02  ,0,0,0,0,0,0,0,0,0,51000,0,0,0,51000,0,51000,51000
045957,技嘉凱基93購03  ,0,0,0,0,0,0,0,0,0,51000,0,0,0,51000,0,51000,51000
047175,台塑元大93購01  ,0,0,0,0,0,0,0,0,0,51000,0,0,0,122000,71000,51000,51000
006206,元大上證50      ,3000,126000,-123000,0,0,0,0,0,0,174000,0,60000,-60000,449000,215000,234000,51000
044637,滬深2X元富94購01,0,0,0,0,0,0,0,0,0,51000,0,0,0,51000,0,51000,51000
04314P,聯茂元富93售01  ,0,0,0,0,0,0,0,0,0,51000,0,0,0,58000,7000,51000,51000
04938P,亞德客國票95售01,0,0,0,0,0,0,0,0,0,51000,0,0,0,96000,45000,51000,51000
047685,嘉聯益國泰95購01,0,0,0,0,0,0,0,0,0,51000,0,0,0,205000,154000,51000,51000
04844P,京元電亞東94售01,0,0,0,0,0,0,0,0,0,51000,0,0,0,51000,0,51000,51000
050210,華新科國票94購08,0,0,0,0,0,0,0,0,0,51000,0,0,0,72000,21000,51000,51000
048063,聯發科統一93購03,0,0,0,0,0,0,0,0,0,51000,0,0,0,51000,0,51000,51000
049897,華新科統一94購07,0,0,0,0,0,0,0,0,0,51000,0,0,0,294000,243000,51000,51000
050993,聯發科元大95購05,0,0,0,0,0,0,0,0,0,51000,0,0,0,56000,5000,51000,51000
052911,友達統一97購02  ,0,0,0,0,0,0,0,0,0,51000,0,0,0,61000,10000,51000,51000
053366,樺漢國泰98購01  ,0,0,0,0,0,0,0,0,0,51000,0,0,0,260000,209000,51000,51000
052182,鴻海群益96購01  ,0,0,0,0,0,0,0,0,0,51000,0,0,0,51000,0,51000,51000
1217,愛之味          ,88000,38000,50000,0,0,0,0,0,0,1000,1000,0,1000,0,0,0,51000
056112,勤誠永豐97購02  ,0,0,0,0,0,0,0,0,0,51000,0,0,0,51000,0,51000,51000
055907,台虹兆豐98購01  ,0,0,0,0,0,0,0,0,0,50000,0,0,0,50000,0,50000,50000
05589P,大立光中信9A售01,0,0,0,0,0,0,0,0,0,50000,0,0,0,70000,20000,50000,50000
055848,大立光元大97購11,0,0,0,0,0,0,0,0,0,50000,0,0,0,50000,0,50000,50000
055576,嘉晶統一98購01  ,0,0,0,0,0,0,0,0,0,50000,0,0,0,50000,0,50000,50000
055481,聚陽元大97購01  ,0,0,0,0,0,0,0,0,0,50000,0,0,0,50000,0,50000,50000
055482,聚陽元大97購02  ,0,0,0,0,0,0,0,0,0,50000,0,0,0,50000,0,50000,50000
054974,台表科元大98購02,0,0,0,0,0,0,0,0,0,50000,0,0,0,63000,13000,50000,50000
055040,台虹富邦99購01  ,0,0,0,0,0,0,0,0,0,50000,0,0,0,50000,0,50000,50000
055112,晶豪科凱基98購01,0,0,0,0,0,0,0,0,0,50000,0,0,0,50000,0,50000,50000
055127,台虹兆豐97購01  ,0,0,0,0,0,0,0,0,0,50000,0,0,0,50000,0,50000,50000
054135,大立光元大97購04,0,0,0,0,0,0,0,0,0,50000,0,0,0,100000,50000,50000,50000
054100,致伸國票97購03  ,0,0,0,0,0,0,0,0,0,50000,0,0,0,50000,0,50000,50000
053848,聯發科元富96購03,0,0,0,0,0,0,0,0,0,50000,0,0,0,50000,0,50000,50000
04335P,大成鋼元大93售01,0,0,0,0,0,0,0,0,0,50000,0,0,0,50000,0,50000,50000
042173,台灣50永豐93購01,0,0,0,0,0,0,0,0,0,50000,0,0,0,55000,5000,50000,50000
043671,GIS元大93購03   ,0,0,0,0,0,0,0,0,0,50000,0,0,0,50000,0,50000,50000
04432P,昇陽半元大94售04,0,0,0,0,0,0,0,0,0,50000,0,0,0,50000,0,50000,50000
046587,大立光元大92購27,0,0,0,0,0,0,0,0,0,50000,0,0,0,50000,0,50000,50000
03921P,亞光凱基94售01  ,0,0,0,0,0,0,0,0,0,50000,0,0,0,50000,0,50000,50000
04015P,可成元大93售10  ,0,0,0,0,0,0,0,0,0,50000,0,0,0,50000,0,50000,50000
03993P,滬深2X中信94售03,0,0,0,0,0,0,0,0,0,50000,0,0,0,50000,0,50000,50000
03136P,大立光康和01售01,0,0,0,0,0,0,0,0,0,50000,0,0,0,50000,0,50000,50000
04429P,和鑫元大94售01  ,0,0,0,0,0,0,0,0,0,50000,0,0,0,50000,0,50000,50000
03721P,卜蜂元大93售01  ,0,0,0,0,0,0,0,0,0,50000,0,0,0,50000,0,50000,50000
03383P,聯電凱基02售04  ,0,0,0,0,0,0,0,0,0,50000,0,0,0,50000,0,50000,50000
047114,全新元大94購01  ,0,0,0,0,0,0,0,0,0,50000,0,0,0,50000,0,50000,50000
046165,中磊兆豐93購01  ,0,0,0,0,0,0,0,0,0,50000,0,0,0,50000,0,50000,50000
046060,台塑凱基92購01  ,0,0,0,0,0,0,0,0,0,50000,0,0,0,80000,30000,50000,50000
047105,和大元大94購01  ,0,0,0,0,0,0,0,0,0,50000,0,0,0,50000,0,50000,50000
047050,可成國票93購02  ,0,0,0,0,0,0,0,0,0,50000,0,0,0,50000,0,50000,50000
044834,旺宏元大93購02  ,0,0,0,0,0,0,0,0,0,50000,0,0,0,125000,75000,50000,50000
04656P,台郡台新94售02  ,0,0,0,0,0,0,0,0,0,50000,0,0,0,50000,0,50000,50000
044879,上証2X群益93購01,0,0,0,0,0,0,0,0,0,50000,0,0,0,200000,150000,50000,50000
04534P,臻鼎元富94售03  ,0,0,0,0,0,0,0,0,0,50000,0,0,0,60000,10000,50000,50000
045417,華新凱基93購01  ,0,0,0,0,0,0,0,0,0,50000,0,0,0,50000,0,50000,50000
048949,昇陽半永豐94購01,0,0,0,0,0,0,0,0,0,50000,0,0,0,50000,0,50000,50000
048758,美利達元富96購02,0,0,0,0,0,0,0,0,0,50000,0,0,0,50000,0,50000,50000
04991P,台表科元大94售05,0,0,0,0,0,0,0,0,0,50000,0,0,0,50000,0,50000,50000
047880,聯發科國泰94購03,0,0,0,0,0,0,0,0,0,50000,0,0,0,350000,300000,50000,50000
047839,景碩元大93購03  ,0,0,0,0,0,0,0,0,0,50000,0,0,0,62000,12000,50000,50000
04793P,台光電元大94售07,0,0,0,0,0,0,0,0,0,50000,0,0,0,50000,0,50000,50000
050124,元金2X凱基95購01,0,0,0,0,0,0,0,0,0,50000,0,0,0,50000,0,50000,50000
048038,樺漢凱基93購03  ,0,0,0,0,0,0,0,0,0,50000,0,0,0,100000,50000,50000,50000
050187,群創元大94購03  ,0,0,0,0,0,0,0,0,0,50000,0,0,0,125000,75000,50000,50000
050264,聯發科元大94購13,0,0,0,0,0,0,0,0,0,50000,0,0,0,312000,262000,50000,50000
050298,智伸科凱基94購02,0,0,0,0,0,0,0,0,0,50000,0,0,0,50000,0,50000,50000
050233,香港2X凱基96購01,0,0,0,0,0,0,0,0,0,50000,0,0,0,140000,90000,50000,50000
055350,聯發科凱基97購02,0,0,0,0,0,0,0,0,0,50000,0,0,0,95000,45000,50000,50000
050623,致新元大94購05  ,0,0,0,0,0,0,0,0,0,50000,0,0,0,50000,0,50000,50000
050471,國泰金台新94購01,0,0,0,0,0,0,0,0,0,50000,0,0,0,88000,38000,50000,50000
047641,可成元大93購09  ,0,0,0,0,0,0,0,0,0,50000,0,0,0,50000,0,50000,50000
047643,新光金元大95購02,0,0,0,0,0,0,0,0,0,50000,0,0,0,50000,0,50000,50000
047654,鴻海兆豐93購01  ,0,0,0,0,0,0,0,0,0,50000,0,0,0,50000,0,50000,50000
047212,宏達電富邦97購01,0,0,0,0,0,0,0,0,0,50000,0,0,0,60000,10000,50000,50000
047328,瀚宇博元大93購04,0,0,0,0,0,0,0,0,0,50000,0,0,0,50000,0,50000,50000
047350,華新科凱基94購02,0,0,0,0,0,0,0,0,0,50000,0,0,0,50000,0,50000,50000
049432,聯詠國票95購01  ,0,0,0,0,0,0,0,0,0,50000,0,0,0,50000,0,50000,50000
049583,台積電元大95購04,0,0,0,0,0,0,0,0,0,50000,0,0,0,149000,99000,50000,50000
049794,台達電元大94購10,0,0,0,0,0,0,0,0,0,50000,0,0,0,50000,0,50000,50000
04965P,日月光元大94售02,0,0,0,0,0,0,0,0,0,50000,0,0,0,50000,0,50000,50000
049369,義隆元大95購01  ,0,0,0,0,0,0,0,0,0,50000,0,0,0,50000,0,50000,50000
048376,台達電元富93購01,0,0,0,0,0,0,0,0,0,50000,0,0,0,50000,0,50000,50000
048396,奇力新國票94購02,0,0,0,0,0,0,0,0,0,50000,0,0,0,50000,0,50000,50000
047490,元油反統一93購01,0,0,0,0,0,0,0,0,0,50000,0,0,0,50000,0,50000,50000
049027,智易群益94購02  ,0,0,0,0,0,0,0,0,0,50000,0,0,0,50000,0,50000,50000
047529,嘉晶元大94購02  ,0,0,0,0,0,0,0,0,0,50000,0,0,0,82000,32000,50000,50000
047578,新光金群益93購01,0,0,0,0,0,0,0,0,0,50000,0,0,0,50000,0,50000,50000
052255,T50反1國泰96購01,0,0,0,0,0,0,0,0,0,50000,0,0,0,50000,0,50000,50000
052333,嘉聯益兆豐96購01,0,0,0,0,0,0,0,0,0,50000,0,0,0,50000,0,50000,50000
052353,高鐵群益97購01  ,0,0,0,0,0,0,0,0,0,50000,0,0,0,68000,18000,50000,50000
052750,臺股指元大96購04,0,0,0,0,0,0,0,0,0,50000,0,0,0,50000,0,50000,50000
052623,台郡兆豐96購01  ,0,0,0,0,0,0,0,0,0,50000,0,0,0,60000,10000,50000,50000
052605,聯發科元大96購06,0,0,0,0,0,0,0,0,0,50000,0,0,0,50000,0,50000,50000
052558,新唐國票97購01  ,0,0,0,0,0,0,0,0,0,50000,0,0,0,50000,0,50000,50000
053255,貿聯國泰97購01  ,0,0,0,0,0,0,0,0,0,50000,0,0,0,140000,90000,50000,50000
053235,智原永豐96購01  ,0,0,0,0,0,0,0,0,0,50000,0,0,0,50000,0,50000,50000
052956,聯發科日盛96購01,0,0,0,0,0,0,0,0,0,50000,0,0,0,50000,0,50000,50000
053091,同欣電元大96購01,0,0,0,0,0,0,0,0,0,50000,0,0,0,133000,83000,50000,50000
053055,聯詠國票97購01  ,0,0,0,0,0,0,0,0,0,50000,0,0,0,50000,0,50000,50000
052995,上銀康和96購01  ,0,0,0,0,0,0,0,0,0,50000,0,0,0,50000,0,50000,50000
050787,致伸國泰96購01  ,0,0,0,0,0,0,0,0,0,50000,0,0,0,50000,0,50000,50000
050796,燿華中信95購01  ,0,0,0,0,0,0,0,0,0,50000,0,0,0,50000,0,50000,50000
050872,致伸永豐95購01  ,0,0,0,0,0,0,0,0,0,50000,0,0,0,50000,0,50000,50000
05088P,大立光富邦99售01,0,0,0,0,0,0,0,0,0,50000,0,0,0,50000,0,50000,50000
051293,鴻海元富95購05  ,0,0,0,0,0,0,0,0,0,50000,0,0,0,50000,0,50000,50000
051951,聯發科元富95購02,0,0,0,0,0,0,0,0,0,50000,0,0,0,50000,0,50000,50000
051669,建準元大95購01  ,0,0,0,0,0,0,0,0,0,50000,0,0,0,50000,0,50000,50000
051794,臻鼎國票96購02  ,0,0,0,0,0,0,0,0,0,50000,0,0,0,50000,0,50000,50000
051450,世芯元大95購02  ,0,0,0,0,0,0,0,0,0,50000,0,0,0,54000,4000,50000,50000
051448,聯詠元大95購02  ,0,0,0,0,0,0,0,0,0,50000,0,0,0,125000,75000,50000,50000
051464,彩晶國泰96購01  ,0,0,0,0,0,0,0,0,0,50000,0,0,0,50000,0,50000,50000
051583,可成元大95購07  ,0,0,0,0,0,0,0,0,0,50000,0,0,0,50000,0,50000,50000
056090,康舒統一97購01  ,0,0,0,0,0,0,0,0,0,50000,0,0,0,50000,0,50000,50000
08599P,台表科元大9C售11,0,0,0,0,0,0,0,0,0,50000,0,0,0,50000,0,50000,50000
08600P,臺股指元大9C售32,0,0,0,0,0,0,0,0,0,50000,0,0,0,50000,0,50000,50000
06025P,臺股指元大99售02,0,0,0,0,0,0,0,0,0,50000,0,0,0,50000,0,50000,50000
06000P,GIS元大96售04   ,0,0,0,0,0,0,0,0,0,50000,0,0,0,50000,0,50000,50000
05866P,致伸元大96售01  ,0,0,0,0,0,0,0,0,0,50000,0,0,0,50000,0,50000,50000
06059P,泰碩元大97售02  ,0,0,0,0,0,0,0,0,0,50000,0,0,0,50000,0,50000,50000
5258,虹堡            ,100000,50000,50000,0,0,0,0,0,0,0,0,0,0,0,0,0,50000
054216,聯茂國票97購03  ,0,0,0,0,0,0,0,0,0,49000,0,0,0,51000,2000,49000,49000
046016,緯穎元富92購04  ,0,0,0,0,0,0,0,0,0,49000,0,0,0,49000,0,49000,49000
046550,燿華日盛92購01  ,0,0,0,0,0,0,0,0,0,49000,0,0,0,50000,1000,49000,49000
046391,上海銀統一94購01,0,0,0,0,0,0,0,0,0,49000,0,0,0,51000,2000,49000,49000
047072,義隆兆豐94購01  ,0,0,0,0,0,0,0,0,0,49000,0,0,0,79000,30000,49000,49000
04136P,智邦元大93售09  ,0,0,0,0,0,0,0,0,0,49000,0,0,0,53000,4000,49000,49000
00703,台新MSCI中國    ,0,0,0,0,0,0,0,0,0,49000,43000,0,43000,201000,195000,6000,49000
046747,華新凱基93購02  ,0,0,0,0,0,0,0,0,0,49000,0,0,0,49000,0,49000,49000
041870,A50正2凱基96購01,0,0,0,0,0,0,0,0,0,49000,0,0,0,99000,50000,49000,49000
044600,上銀國泰93購01  ,0,0,0,0,0,0,0,0,0,49000,0,0,0,90000,41000,49000,49000
043601,亞光元大93購01  ,0,0,0,0,0,0,0,0,0,49000,0,0,0,50000,1000,49000,49000
048582,國泰金富邦93購01,0,0,0,0,0,0,0,0,0,49000,0,0,0,100000,51000,49000,49000
049246,大成鋼元大94購02,0,0,0,0,0,0,0,0,0,49000,0,0,0,79000,30000,49000,49000
050344,鴻海元富96購01  ,0,0,0,0,0,0,0,0,0,49000,0,0,0,168000,119000,49000,49000
047783,聯茂國泰94購02  ,0,0,0,0,0,0,0,0,0,49000,0,0,0,60000,11000,49000,49000
051588,聯詠元大95購03  ,0,0,0,0,0,0,0,0,0,49000,0,0,0,50000,1000,49000,49000
051784,國巨兆豐95購01  ,0,0,0,0,0,0,0,0,0,49000,0,0,0,107000,58000,49000,49000
051990,泰碩元大95購01  ,0,0,0,0,0,0,0,0,0,49000,0,0,0,649000,600000,49000,49000
052611,力成元大96購02  ,0,0,0,0,0,0,0,0,0,49000,0,0,0,50000,1000,49000,49000
052734,台表科國泰98購02,0,0,0,0,0,0,0,0,0,49000,0,0,0,52000,3000,49000,49000
052506,日月光日盛95購01,0,0,0,0,0,0,0,0,0,49000,0,0,0,50000,1000,49000,49000
054635,台達電中信98購01,0,0,0,0,0,0,0,0,0,48000,0,0,0,48000,0,48000,48000
054385,矽創群益98購01  ,0,0,0,0,0,0,0,0,0,48000,0,0,0,73000,25000,48000,48000
053764,A50正2富邦99購01,0,0,0,0,0,0,0,0,0,48000,0,0,0,48000,0,48000,48000
054774,同欣電國票98購01,0,0,0,0,0,0,0,0,0,48000,0,0,0,112000,64000,48000,48000
055626,力山永豐97購01  ,0,0,0,0,0,0,0,0,0,48000,0,0,0,48000,0,48000,48000
042237,鴻海永昌93購01  ,0,0,0,0,0,0,0,0,0,48000,0,0,0,50000,2000,48000,48000
046718,群創富邦93購02  ,0,0,0,0,0,0,0,0,0,48000,0,0,0,48000,0,48000,48000
046657,燿華元大93購01  ,0,0,0,0,0,0,0,0,0,48000,0,0,0,48000,0,48000,48000
03824P,燿華元大94售01  ,0,0,0,0,0,0,0,0,0,48000,0,0,0,48000,0,48000,48000
03909P,奇鋐元大93售04  ,0,0,0,0,0,0,0,0,0,48000,0,0,0,50000,2000,48000,48000
04157P,鎧勝永豐93售02  ,0,0,0,0,0,0,0,0,0,48000,0,0,0,48000,0,48000,48000
044280,T50反1凱基94購02,0,0,0,0,0,0,0,0,0,48000,0,0,0,50000,2000,48000,48000
04695P,正崴康和94售01  ,0,0,0,0,0,0,0,0,0,48000,0,0,0,53000,5000,48000,48000
048153,台積電兆豐94購01,0,0,0,0,0,0,0,0,0,48000,0,0,0,58000,10000,48000,48000
055335,健策兆豐98購01  ,0,0,0,0,0,0,0,0,0,48000,0,0,0,70000,22000,48000,48000
050578,聯發科國票95購03,0,0,0,0,0,0,0,0,0,48000,0,0,0,48000,0,48000,48000
050579,聯發科國票95購04,0,0,0,0,0,0,0,0,0,48000,0,0,0,48000,0,48000,48000
049220,聯發科國票95購02,0,0,0,0,0,0,0,0,0,48000,0,0,0,48000,0,48000,48000
049005,可成中信95購01  ,0,0,0,0,0,0,0,0,0,48000,0,0,0,48000,0,48000,48000
049607,台積電兆豐94購04,0,0,0,0,0,0,0,0,0,48000,0,0,0,108000,60000,48000,48000
052465,聯詠統一95購02  ,0,0,0,0,0,0,0,0,0,48000,0,0,0,48000,0,48000,48000
052777,燿華國票98購01  ,0,0,0,0,0,0,0,0,0,48000,0,0,0,81000,33000,48000,48000
052551,台積電國票97購03,0,0,0,0,0,0,0,0,0,48000,0,0,0,48000,0,48000,48000
053231,奇力新康和96購01,0,0,0,0,0,0,0,0,0,48000,0,0,0,163000,115000,48000,48000
053222,聯茂凱基96購03  ,0,0,0,0,0,0,0,0,0,48000,0,0,0,67000,19000,48000,48000
053195,玉晶光元富96購02,0,0,0,0,0,0,0,0,0,48000,0,0,0,50000,2000,48000,48000
053380,南亞科元大97購01,0,0,0,0,0,0,0,0,0,48000,0,0,0,50000,2000,48000,48000
052157,東元永豐95購01  ,0,0,0,0,0,0,0,0,0,48000,0,0,0,49000,1000,48000,48000
052016,神基永豐95購01  ,0,0,0,0,0,0,0,0,0,48000,0,0,0,49000,1000,48000,48000
051469,友達日盛9B購01  ,0,0,0,0,0,0,0,0,0,48000,0,0,0,49000,1000,48000,48000
051396,健鼎兆豐95購01  ,0,0,0,0,0,0,0,0,0,48000,0,0,0,68000,20000,48000,48000
051135,建準永豐95購01  ,0,0,0,0,0,0,0,0,0,48000,0,0,0,51000,3000,48000,48000
055519,茂林中信99購01  ,0,0,0,0,0,0,0,0,0,47000,0,0,0,139000,92000,47000,47000
055267,百和永豐97購01  ,0,0,0,0,0,0,0,0,0,47000,0,0,0,47000,0,47000,47000
053999,台表科群益96購06,0,0,0,0,0,0,0,0,0,47000,0,0,0,47000,0,47000,47000
054170,泰鼎凱基98購01  ,0,0,0,0,0,0,0,0,0,47000,0,0,0,147000,100000,47000,47000
054235,欣興群益96購06  ,0,0,0,0,0,0,0,0,0,47000,0,0,0,66000,19000,47000,47000
044960,京元電兆豐93購01,0,0,0,0,0,0,0,0,0,47000,0,0,0,50000,3000,47000,47000
048788,華新科元大95購02,0,0,0,0,0,0,0,0,0,47000,0,0,0,93000,46000,47000,47000
049059,超眾永豐94購01  ,0,0,0,0,0,0,0,0,0,47000,0,0,0,47000,0,47000,47000
04083P,欣興統一94售01  ,0,0,0,0,0,0,0,0,0,47000,0,0,0,52000,5000,47000,47000
044104,鴻海中信95購03  ,0,0,0,0,0,0,0,0,0,47000,0,0,0,47000,0,47000,47000
00783,富邦中証500     ,148000,5000,143000,0,0,0,0,0,0,-96000,0,0,0,1051000,1147000,-96000,47000
047273,奇力新永豐93購03,0,0,0,0,0,0,0,0,0,47000,0,0,0,47000,0,47000,47000
050624,鈺齊元大94購01  ,0,0,0,0,0,0,0,0,0,47000,0,0,0,50000,3000,47000,47000
050585,矽格國票94購01  ,0,0,0,0,0,0,0,0,0,47000,0,0,0,91000,44000,47000,47000
052242,台達電台新96購01,0,0,0,0,0,0,0,0,0,47000,0,0,0,47000,0,47000,47000
2228,劍麟            ,96000,31000,65000,0,0,0,0,15000,-15000,-3000,0,1000,-1000,0,2000,-2000,47000
3149,正達            ,47000,0,47000,0,0,0,0,0,0,0,0,0,0,0,0,0,47000
2850,新產            ,114000,67000,47000,0,0,0,0,0,0,0,0,0,0,0,0,0,47000
06148P,台積電元大97售17,0,0,0,0,0,0,0,0,0,47000,0,0,0,80000,33000,47000,47000
054399,智易永豐96購03  ,0,0,0,0,0,0,0,0,0,46000,0,0,0,46000,0,46000,46000
054441,力成台新96購01  ,0,0,0,0,0,0,0,0,0,46000,0,0,0,46000,0,46000,46000
055175,建準統一97購01  ,0,0,0,0,0,0,0,0,0,46000,0,0,0,46000,0,46000,46000
054775,復盛國票98購01  ,0,0,0,0,0,0,0,0,0,46000,0,0,0,48000,2000,46000,46000
054727,台積電日盛97購02,0,0,0,0,0,0,0,0,0,46000,0,0,0,47000,1000,46000,46000
05539P,鎧勝永豐96售01  ,0,0,0,0,0,0,0,0,0,46000,0,0,0,46000,0,46000,46000
00866,新光Shiller CAPE,0,0,0,0,0,0,0,0,0,46000,0,0,0,74000,28000,46000,46000
044302,智邦兆豐93購02  ,0,0,0,0,0,0,0,0,0,46000,0,0,0,66000,20000,46000,46000
04218P,正文國票93售03  ,0,0,0,0,0,0,0,0,0,46000,0,0,0,46000,0,46000,46000
048963,川湖元大94購01  ,0,0,0,0,0,0,0,0,0,46000,0,0,0,46000,0,46000,46000
055304,瑞昱第一98購01  ,0,0,0,0,0,0,0,0,0,46000,0,0,0,46000,0,46000,46000
047954,漢唐永豐93購02  ,0,0,0,0,0,0,0,0,0,46000,0,0,0,100000,54000,46000,46000
049843,康友中信95購01  ,0,0,0,0,0,0,0,0,0,46000,0,0,0,54000,8000,46000,46000
047315,大立光元大93購23,0,0,0,0,0,0,0,0,0,46000,0,0,0,100000,54000,46000,46000
049338,台達電統一94購04,0,0,0,0,0,0,0,0,0,46000,0,0,0,46000,0,46000,46000
049242,佳世達元富96購01,0,0,0,0,0,0,0,0,0,46000,0,0,0,103000,57000,46000,46000
052387,台積電群益95購08,0,0,0,0,0,0,0,0,0,46000,0,0,0,134000,88000,46000,46000
051257,光寶科國泰96購01,0,0,0,0,0,0,0,0,0,46000,0,0,0,46000,0,46000,46000
051456,鈺齊元大95購01  ,0,0,0,0,0,0,0,0,0,46000,0,0,0,63000,17000,46000,46000
051608,新日興群益96購01,0,0,0,0,0,0,0,0,0,46000,0,0,0,46000,0,46000,46000
052037,全新國泰96購02  ,0,0,0,0,0,0,0,0,0,46000,0,0,0,56000,10000,46000,46000
05860P,旺宏康和96售01  ,0,0,0,0,0,0,0,0,0,46000,0,0,0,52000,6000,46000,46000
2485,兆赫            ,107000,60000,47000,0,0,0,0,0,0,-1000,0,1000,-1000,0,0,0,46000
055811,國巨國票98購05  ,0,0,0,0,0,0,0,0,0,45000,0,0,0,75000,30000,45000,45000
054820,新日興元大97購01,0,0,0,0,0,0,0,0,0,45000,0,0,0,90000,45000,45000,45000
05502P,台表科國票97售01,0,0,0,0,0,0,0,0,0,45000,0,0,0,50000,5000,45000,45000
053980,泰鼎元大97購02  ,0,0,0,0,0,0,0,0,0,45000,0,0,0,87000,42000,45000,45000
05357P,臺股指元富95售11,0,0,0,0,0,0,0,0,0,45000,0,0,0,45000,0,45000,45000
048856,高鐵群益94購01  ,0,0,0,0,0,0,0,0,0,45000,0,0,0,159000,114000,45000,45000
044950,玉晶光群益94購01,0,0,0,0,0,0,0,0,0,45000,0,0,0,83000,38000,45000,45000
047191,同欣電元大93購02,0,0,0,0,0,0,0,0,0,45000,0,0,0,50000,5000,45000,45000
04717P,和大凱基94售02  ,0,0,0,0,0,0,0,0,0,45000,0,0,0,75000,30000,45000,45000
046410,國泰金元大92購03,0,0,0,0,0,0,0,0,0,45000,0,0,0,45000,0,45000,45000
042089,台灣50中信94購03,0,0,0,0,0,0,0,0,0,45000,0,0,0,69000,24000,45000,45000
042801,達邁元大93購01  ,0,0,0,0,0,0,0,0,0,45000,0,0,0,45000,0,45000,45000
00737,國泰AI+Robo     ,8000,0,8000,0,0,0,0,0,0,37000,0,0,0,232000,195000,37000,45000
049341,旺宏統一95購01  ,0,0,0,0,0,0,0,0,0,45000,0,0,0,55000,10000,45000,45000
049014,台達電群益94購02,0,0,0,0,0,0,0,0,0,45000,0,0,0,55000,10000,45000,45000
049030,凌華群益94購01  ,0,0,0,0,0,0,0,0,0,45000,0,0,0,95000,50000,45000,45000
055297,啟碁元大97購01  ,0,0,0,0,0,0,0,0,0,45000,0,0,0,51000,6000,45000,45000
050180,華新科元大95購08,0,0,0,0,0,0,0,0,0,45000,0,0,0,80000,35000,45000,45000
051791,智伸科國票96購01,0,0,0,0,0,0,0,0,0,45000,0,0,0,55000,10000,45000,45000
050950,健鼎群益96購01  ,0,0,0,0,0,0,0,0,0,45000,0,0,0,141000,96000,45000,45000
052624,微星亞東97購01  ,0,0,0,0,0,0,0,0,0,45000,0,0,0,45000,0,45000,45000
05270P,台表科元大95售05,0,0,0,0,0,0,0,0,0,45000,0,0,0,245000,200000,45000,45000
053248,智伸科國票97購01,0,0,0,0,0,0,0,0,0,45000,0,0,0,45000,0,45000,45000
052910,鴻海統一96購10  ,0,0,0,0,0,0,0,0,0,45000,0,0,0,48000,3000,45000,45000
2314,台揚            ,190000,143000,47000,0,0,0,0,0,0,-2000,0,2000,-2000,0,0,0,45000
4560,強信-KY         ,116000,71000,45000,0,0,0,0,0,0,0,0,0,0,0,0,0,45000
05918P,大立光元大96售11,0,0,0,0,0,0,0,0,0,45000,0,0,0,105000,60000,45000,45000
054487,京元電台新97購01,0,0,0,0,0,0,0,0,0,44000,0,0,0,92000,48000,44000,44000
054064,台郡國票97購04  ,0,0,0,0,0,0,0,0,0,44000,0,0,0,44000,0,44000,44000
054994,建準元富97購01  ,0,0,0,0,0,0,0,0,0,44000,0,0,0,47000,3000,44000,44000
054896,聯茂日盛97購01  ,0,0,0,0,0,0,0,0,0,44000,0,0,0,849000,805000,44000,44000
055825,臺股指國票97購12,0,0,0,0,0,0,0,0,0,44000,0,0,0,45000,1000,44000,44000
045503,群創凱基93購09  ,0,0,0,0,0,0,0,0,0,44000,0,0,0,44000,0,44000,44000
050368,國巨元大94購14  ,0,0,0,0,0,0,0,0,0,44000,0,0,0,121000,77000,44000,44000
052976,台表科群益96購03,0,0,0,0,0,0,0,0,0,44000,0,0,0,48000,4000,44000,44000
052065,臺股指國票95購12,0,0,0,0,0,0,0,0,0,44000,0,0,0,54000,10000,44000,44000
051480,大立光凱基97購01,0,0,0,0,0,0,0,0,0,44000,0,0,0,50000,6000,44000,44000
05850P,台積電兆豐96售06,0,0,0,0,0,0,0,0,0,44000,0,0,0,200000,156000,44000,44000
05977P,旺宏永豐96售06  ,0,0,0,0,0,0,0,0,0,44000,0,0,0,44000,0,44000,44000
05956P,漢唐國票96售02  ,0,0,0,0,0,0,0,0,0,44000,0,0,0,44000,0,44000,44000
08638P,泰碩國票9C售01  ,0,0,0,0,0,0,0,0,0,44000,0,0,0,281000,237000,44000,44000
056191,世紀鋼統一97購01,0,0,0,0,0,0,0,0,0,44000,0,0,0,68000,24000,44000,44000
1711,永光            ,98000,51000,47000,0,0,0,0,0,0,-3000,0,3000,-3000,0,0,0,44000
054498,燿華永豐96購06  ,0,0,0,0,0,0,0,0,0,43000,0,0,0,94000,51000,43000,43000
054482,大成鋼台新96購01,0,0,0,0,0,0,0,0,0,43000,0,0,0,43000,0,43000,43000
053842,聯發科統一96購08,0,0,0,0,0,0,0,0,0,43000,0,0,0,183000,140000,43000,43000
047046,台積電國票94購01,0,0,0,0,0,0,0,0,0,43000,0,0,0,59000,16000,43000,43000
048792,瑞儀元大94購01  ,0,0,0,0,0,0,0,0,0,43000,0,0,0,99000,56000,43000,43000
055312,台虹群益99購01  ,0,0,0,0,0,0,0,0,0,43000,0,0,0,43000,0,43000,43000
050611,鴻海元大95購02  ,0,0,0,0,0,0,0,0,0,43000,0,0,0,225000,182000,43000,43000
047911,晶技麥證94購01  ,0,0,0,203000,160000,43000,0,0,0,43000,0,0,0,203000,160000,43000,43000
047848,可成統一93購01  ,0,0,0,0,0,0,0,0,0,43000,0,0,0,162000,119000,43000,43000
04998P,京元電永豐95售01,0,0,0,0,0,0,0,0,0,43000,0,0,0,43000,0,43000,43000
048900,精成科國泰95購01,0,0,0,0,0,0,0,0,0,43000,0,0,0,63000,20000,43000,43000
049424,中石化兆豐94購01,0,0,0,0,0,0,0,0,0,43000,0,0,0,260000,217000,43000,43000
047772,泰鼎元大93購05  ,0,0,0,0,0,0,0,0,0,43000,0,0,0,49000,6000,43000,43000
052028,健策群益95購02  ,0,0,0,0,0,0,0,0,0,43000,0,0,0,45000,2000,43000,43000
051395,聯詠兆豐95購01  ,0,0,0,0,0,0,0,0,0,43000,0,0,0,188000,145000,43000,43000
053052,旺宏國票97購02  ,0,0,0,0,0,0,0,0,0,43000,0,0,0,58000,15000,43000,43000
053239,崇越永豐96購01  ,0,0,0,0,0,0,0,0,0,43000,0,0,0,43000,0,43000,43000
053355,超眾兆豐97購01  ,0,0,0,0,0,0,0,0,0,43000,0,0,0,261000,218000,43000,43000
052369,矽力國票96購02  ,0,0,0,0,0,0,0,0,0,43000,0,0,0,83000,40000,43000,43000
6449,鈺邦            ,84000,33000,51000,0,0,0,0,0,0,-8000,4000,12000,-8000,0,0,0,43000
6415,矽力-KY         ,582084,475000,107084,0,0,0,36000,105000,-69000,4000,12000,6000,6000,12000,14000,-2000,42084
053990,晶技兆豐96購01  ,0,0,0,0,0,0,0,0,0,42000,0,0,0,65000,23000,42000,42000
053545,上銀凱基96購03  ,0,0,0,0,0,0,0,0,0,42000,0,0,0,169000,127000,42000,42000
054600,中壽台新97購01  ,0,0,0,0,0,0,0,0,0,42000,0,0,0,42000,0,42000,42000
054089,台積電群益96購11,0,0,0,0,0,0,0,0,0,42000,0,0,0,63000,21000,42000,42000
054272,華通中信98購01  ,0,0,0,0,0,0,0,0,0,42000,0,0,0,60000,18000,42000,42000
055724,祥碩元大97購03  ,0,0,0,0,0,0,0,0,0,42000,0,0,0,43000,1000,42000,42000
054767,日電貿國票98購01,0,0,0,0,0,0,0,0,0,42000,0,0,0,42000,0,42000,42000
055088,聯詠亞東97購01  ,0,0,0,0,0,0,0,0,0,42000,0,0,0,42000,0,42000,42000
045762,微星統一92購01  ,0,0,0,0,0,0,0,0,0,42000,0,0,0,110000,68000,42000,42000
046383,群創凱基98購01  ,0,0,0,0,0,0,0,0,0,42000,0,0,0,63000,21000,42000,42000
043776,奇力新兆豐92購01,0,0,0,0,0,0,0,0,0,42000,0,0,0,42000,0,42000,42000
043522,華新科元大92購04,0,0,0,0,0,0,0,0,0,42000,0,0,0,42000,0,42000,42000
047488,臺股指凱基93購04,0,0,0,0,0,0,0,0,0,42000,0,0,0,42000,0,42000,42000
048048,大立光永豐93購03,0,0,0,0,0,0,0,0,0,42000,0,0,0,45000,3000,42000,42000
052368,力成國票96購01  ,0,0,0,0,0,0,0,0,0,42000,0,0,0,78000,36000,42000,42000
053227,晶技台新96購01  ,0,0,0,0,0,0,0,0,0,42000,0,0,0,70000,28000,42000,42000
053013,台積電統一97購01,0,0,0,0,0,0,0,0,0,42000,0,0,0,44000,2000,42000,42000
055761,創意群益97購01  ,0,0,0,0,0,0,0,0,0,41000,0,0,0,41000,0,41000,41000
055669,緯穎群益97購02  ,0,0,0,0,0,0,0,0,0,41000,0,0,0,183000,142000,41000,41000
042793,台積電台新9C購01,0,0,0,0,0,0,0,0,0,41000,0,0,0,41000,0,41000,41000
047049,聯發科國票94購01,0,0,0,0,0,0,0,0,0,41000,0,0,0,66000,25000,41000,41000
04614P,光罩群益94售02  ,0,0,0,0,0,0,0,0,0,41000,0,0,0,41000,0,41000,41000
048790,大立光元大95購05,0,0,0,0,0,0,0,0,0,41000,0,0,0,69000,28000,41000,41000
048807,崇越中信94購01  ,0,0,0,0,0,0,0,0,0,41000,0,0,0,191000,150000,41000,41000
048246,京元電兆豐93購02,0,0,0,0,0,0,0,0,0,41000,0,0,0,52000,11000,41000,41000
05046P,台光電永豐95售02,0,0,0,0,0,0,0,0,0,41000,0,0,0,41000,0,41000,41000
047504,滬深2X國票9A購01,0,0,0,0,0,0,0,0,0,41000,0,0,0,121000,80000,41000,41000
04737P,正崴永豐94售02  ,0,0,0,0,0,0,0,0,0,41000,0,0,0,41000,0,41000,41000
049873,華新科台新94購02,0,0,0,0,0,0,0,0,0,41000,0,0,0,60000,19000,41000,41000
049787,麗豐兆豐94購01  ,0,0,0,0,0,0,0,0,0,41000,0,0,0,51000,10000,41000,41000
052972,義隆群益96購04  ,0,0,0,0,0,0,0,0,0,41000,0,0,0,41000,0,41000,41000
053149,京元電元大96購02,0,0,0,0,0,0,0,0,0,41000,0,0,0,100000,59000,41000,41000
053417,上銀永豐96購02  ,0,0,0,0,0,0,0,0,0,41000,0,0,0,157000,116000,41000,41000
052244,廣達康和95購01  ,0,0,0,0,0,0,0,0,0,41000,0,0,0,56000,15000,41000,41000
050901,樺漢元大95購02  ,0,0,0,0,0,0,0,0,0,41000,0,0,0,107000,66000,41000,41000
052068,瑞儀兆豐96購01  ,0,0,0,0,0,0,0,0,0,41000,0,0,0,51000,10000,41000,41000
056054,亞德客元大97購05,0,0,0,0,0,0,0,0,0,41000,0,0,0,155000,114000,41000,41000
05647P,聯發科國票97售02,0,0,0,0,0,0,0,0,0,41000,0,0,0,41000,0,41000,41000
4137,麗豐-KY         ,105000,99192,5808,0,0,0,0,0,0,35000,20000,8000,12000,30000,7000,23000,40808
055726,台表科元大98購03,0,0,0,0,0,0,0,0,0,40000,0,0,0,100000,60000,40000,40000
055802,新日興永豐97購01,0,0,0,0,0,0,0,0,0,40000,0,0,0,196000,156000,40000,40000
05480P,滬深2X凱基96售05,0,0,0,0,0,0,0,0,0,40000,0,0,0,50000,10000,40000,40000
054346,世芯國票97購01  ,0,0,0,0,0,0,0,0,0,40000,0,0,0,40000,0,40000,40000
054356,可成兆豐97購01  ,0,0,0,0,0,0,0,0,0,40000,0,0,0,106000,66000,40000,40000
054669,凌華元富97購01  ,0,0,0,0,0,0,0,0,0,40000,0,0,0,70000,30000,40000,40000
054448,矽力兆豐96購01  ,0,0,0,0,0,0,0,0,0,40000,0,0,0,40000,0,40000,40000
054424,大成鋼富邦97購02,0,0,0,0,0,0,0,0,0,40000,0,0,0,50000,10000,40000,40000
053682,臺股指富邦96購03,0,0,0,0,0,0,0,0,0,40000,0,0,0,40000,0,40000,40000
05396P,台郡元大95售05  ,0,0,0,0,0,0,0,0,0,40000,0,0,0,40000,0,40000,40000
053852,南亞科國泰98購01,0,0,0,0,0,0,0,0,0,40000,0,0,0,100000,60000,40000,40000
053772,大成鋼元大96購02,0,0,0,0,0,0,0,0,0,40000,0,0,0,100000,60000,40000,40000
048820,台積電凱基94購06,0,0,0,0,0,0,0,0,0,40000,0,0,0,42000,2000,40000,40000
048812,上証2X凱基96購01,0,0,0,0,0,0,0,0,0,40000,0,0,0,40000,0,40000,40000
048832,玉晶光凱基95購02,0,0,0,0,0,0,0,0,0,40000,0,0,0,40000,0,40000,40000
048789,大立光元大95購04,0,0,0,0,0,0,0,0,0,40000,0,0,0,50000,10000,40000,40000
048738,台積電統一94購04,0,0,0,0,0,0,0,0,0,40000,0,0,0,40000,0,40000,40000
046979,台泥兆豐93購01  ,0,0,0,0,0,0,0,0,0,40000,0,0,0,75000,35000,40000,40000
045993,美律富邦93購01  ,0,0,0,0,0,0,0,0,0,40000,0,0,0,40000,0,40000,40000
045401,大立光兆豐93購01,0,0,0,0,0,0,0,0,0,40000,0,0,0,40000,0,40000,40000
045273,鴻海統一92購02  ,0,0,0,0,0,0,0,0,0,40000,0,0,0,40000,0,40000,40000
046877,燿華國泰94購01  ,0,0,0,0,0,0,0,0,0,40000,0,0,0,140000,100000,40000,40000
046081,康舒凱基92購01  ,0,0,0,0,0,0,0,0,0,40000,0,0,0,40000,0,40000,40000
046109,遠東新元大92購01,0,0,0,0,0,0,0,0,0,40000,0,0,0,40000,0,40000,40000
046942,友達元大99購01  ,0,0,0,0,0,0,0,0,0,40000,0,0,0,54000,14000,40000,40000
046939,燿華元大96購01  ,0,0,0,0,0,0,0,0,0,40000,0,0,0,65000,25000,40000,40000
045791,台表科元大93購04,0,0,0,0,0,0,0,0,0,40000,0,0,0,40000,0,40000,40000
046038,欣興元大92購07  ,0,0,0,0,0,0,0,0,0,40000,0,0,0,40000,0,40000,40000
046441,儒鴻兆豐92購01  ,0,0,0,0,0,0,0,0,0,40000,0,0,0,50000,10000,40000,40000
046787,和鑫永豐93購01  ,0,0,0,0,0,0,0,0,0,40000,0,0,0,40000,0,40000,40000
04343P,啟碁永豐93售02  ,0,0,0,0,0,0,0,0,0,40000,0,0,0,40000,0,40000,40000
045453,上銀元大92購07  ,0,0,0,0,0,0,0,0,0,40000,0,0,0,50000,10000,40000,40000
046696,可成凱基93購02  ,0,0,0,0,0,0,0,0,0,40000,0,0,0,50000,10000,40000,40000
03839P,華通統一93售02  ,0,0,0,0,0,0,0,0,0,40000,0,0,0,70000,30000,40000,40000
041528,國泰金中信93購01,0,0,0,0,0,0,0,0,0,40000,0,0,0,45000,5000,40000,40000
03570P,台積電元大03售09,0,0,0,0,0,0,0,0,0,40000,0,0,0,40000,0,40000,40000
043958,臻鼎元富94購01  ,0,0,0,0,0,0,0,0,0,40000,0,0,0,101000,61000,40000,40000
049568,台積電統一94購08,0,0,0,0,0,0,0,0,0,40000,0,0,0,80000,40000,40000,40000
04986P,茂林永豐94售05  ,0,0,0,0,0,0,0,0,0,40000,0,0,0,40000,0,40000,40000
047520,鴻海元大93購17  ,0,0,0,0,0,0,0,0,0,40000,0,0,0,40000,0,40000,40000
047443,智原元大94購01  ,0,0,0,0,0,0,0,0,0,40000,0,0,0,40000,0,40000,40000
049224,致新國票95購01  ,0,0,0,0,0,0,0,0,0,40000,0,0,0,40000,0,40000,40000
049313,晶技凱基94購01  ,0,0,0,0,0,0,0,0,0,40000,0,0,0,90000,50000,40000,40000
048416,台達電統一93購02,0,0,0,0,0,0,0,0,0,40000,0,0,0,40000,0,40000,40000
050563,臻鼎元富94購07  ,0,0,0,0,0,0,0,0,0,40000,0,0,0,40000,0,40000,40000
050150,國巨群益95購01  ,0,0,0,0,0,0,0,0,0,40000,0,0,0,41000,1000,40000,40000
05020P,廣達中信95售01  ,0,0,0,0,0,0,0,0,0,40000,0,0,0,40000,0,40000,40000
049132,大成鋼元大94購01,0,0,0,0,0,0,0,0,0,40000,0,0,0,40000,0,40000,40000
048099,健策凱基93購06  ,0,0,0,0,0,0,0,0,0,40000,0,0,0,40000,0,40000,40000
047781,上銀國泰94購02  ,0,0,0,0,0,0,0,0,0,40000,0,0,0,40000,0,40000,40000
047798,臺股指群益93購09,0,0,0,0,0,0,0,0,0,40000,0,0,0,50000,10000,40000,40000
049959,創意統一95購02  ,0,0,0,0,0,0,0,0,0,40000,0,0,0,40000,0,40000,40000
052097,GIS元大95購05   ,0,0,0,0,0,0,0,0,0,40000,0,0,0,51000,11000,40000,40000
050978,鴻海元富95購03  ,0,0,0,0,0,0,0,0,0,40000,0,0,0,130000,90000,40000,40000
051357,可成元大95購05  ,0,0,0,0,0,0,0,0,0,40000,0,0,0,40000,0,40000,40000
051189,鴻海兆豐96購01  ,0,0,0,0,0,0,0,0,0,40000,0,0,0,40000,0,40000,40000
051204,正崴麥證95購01  ,0,0,0,60000,20000,40000,0,0,0,40000,0,0,0,60000,20000,40000,40000
051147,南亞科凱基95購05,0,0,0,0,0,0,0,0,0,40000,0,0,0,40000,0,40000,40000
052239,泰鼎國票97購01  ,0,0,0,0,0,0,0,0,0,40000,0,0,0,40000,0,40000,40000
052386,鴻海群益96購02  ,0,0,0,0,0,0,0,0,0,40000,0,0,0,42000,2000,40000,40000
052728,上証2X國泰97購01,0,0,0,0,0,0,0,0,0,40000,0,0,0,40000,0,40000,40000
052802,華新科元大97購02,0,0,0,0,0,0,0,0,0,40000,0,0,0,40000,0,40000,40000
052627,中壽中信98購01  ,0,0,0,0,0,0,0,0,0,40000,0,0,0,55000,15000,40000,40000
053360,上証2X元富96購01,0,0,0,0,0,0,0,0,0,40000,0,0,0,113000,73000,40000,40000
053342,全新國票99購01  ,0,0,0,0,0,0,0,0,0,40000,0,0,0,40000,0,40000,40000
052977,奇力新麥證97購01,0,0,0,234000,247000,-13000,0,0,0,40000,0,0,0,287000,247000,40000,40000
053074,嘉晶永豐96購02  ,0,0,0,0,0,0,0,0,0,40000,0,0,0,40000,0,40000,40000
053134,南亞科國票97購01,0,0,0,0,0,0,0,0,0,40000,0,0,0,70000,30000,40000,40000
3003,健和興          ,116000,78000,38000,0,0,0,0,0,0,2000,3000,2000,1000,2000,1000,1000,40000
1592,英瑞-KY         ,45000,9000,36000,0,0,0,0,0,0,4000,4000,0,4000,0,0,0,40000
054435,華新科台新97購02,0,0,0,0,0,0,0,0,0,39000,0,0,0,235000,196000,39000,39000
054515,華通元大98購02  ,0,0,0,0,0,0,0,0,0,39000,0,0,0,61000,22000,39000,39000
054931,緯穎凱基98購01  ,0,0,0,0,0,0,0,0,0,39000,0,0,0,50000,11000,39000,39000
05577P,上銀凱基96售02  ,0,0,0,0,0,0,0,0,0,39000,0,0,0,40000,1000,39000,39000
055868,臺股指元大97購07,0,0,0,0,0,0,0,0,0,39000,0,0,0,39000,0,39000,39000
03644C,臺股指元大94牛28,0,0,0,0,0,0,0,0,0,39000,0,0,0,44000,5000,39000,39000
042735,TPK兆豐92購01   ,0,0,0,0,0,0,0,0,0,39000,0,0,0,39000,0,39000,39000
042993,葡萄王元大94購01,0,0,0,0,0,0,0,0,0,39000,0,0,0,39000,0,39000,39000
046350,上銀群益92購02  ,0,0,0,0,0,0,0,0,0,39000,0,0,0,59000,20000,39000,39000
045207,智易國泰93購02  ,0,0,0,0,0,0,0,0,0,39000,0,0,0,39000,0,39000,39000
048852,旺宏群益96購02  ,0,0,0,0,0,0,0,0,0,39000,0,0,0,41000,2000,39000,39000
047879,台積電中信93購04,0,0,0,0,0,0,0,0,0,39000,0,0,0,70000,31000,39000,39000
055345,國巨凱基98購01  ,0,0,0,0,0,0,0,0,0,39000,0,0,0,59000,20000,39000,39000
050671,超眾永豐94購04  ,0,0,0,0,0,0,0,0,0,39000,0,0,0,248000,209000,39000,39000
049327,台郡元富94購01  ,0,0,0,0,0,0,0,0,0,39000,0,0,0,49000,10000,39000,39000
048990,台表科元大94購01,0,0,0,0,0,0,0,0,0,39000,0,0,0,39000,0,39000,39000
053107,旺宏兆豐97購01  ,0,0,0,0,0,0,0,0,0,39000,0,0,0,39000,0,39000,39000
052894,國巨群益96購03  ,0,0,0,0,0,0,0,0,0,39000,0,0,0,41000,2000,39000,39000
053312,緯穎凱基96購02  ,0,0,0,0,0,0,0,0,0,39000,0,0,0,45000,6000,39000,39000
052690,台表科元大97購01,0,0,0,0,0,0,0,0,0,39000,0,0,0,40000,1000,39000,39000
052235,聯發科國票96購02,0,0,0,0,0,0,0,0,0,39000,0,0,0,39000,0,39000,39000
051409,美律國票96購01  ,0,0,0,0,0,0,0,0,0,39000,0,0,0,130000,91000,39000,39000
051969,世紀鋼永豐95購01,0,0,0,0,0,0,0,0,0,39000,0,0,0,68000,29000,39000,39000
6108,競國            ,112000,73000,39000,0,0,0,0,0,0,0,0,0,0,0,0,0,39000
05645P,聯發科凱基96售13,0,0,0,0,0,0,0,0,0,39000,0,0,0,45000,6000,39000,39000
05608P,聯發科凱基96售10,0,0,0,0,0,0,0,0,0,39000,0,0,0,45000,6000,39000,39000
05927P,正文永豐96售03  ,0,0,0,0,0,0,0,0,0,39000,0,0,0,39000,0,39000,39000
055442,矽創國票98購02  ,0,0,0,0,0,0,0,0,0,38000,0,0,0,38000,0,38000,38000
055512,聯詠兆豐97購01  ,0,0,0,0,0,0,0,0,0,38000,0,0,0,48000,10000,38000,38000
055226,聯發科國票97購05,0,0,0,0,0,0,0,0,0,38000,0,0,0,38000,0,38000,38000
054665,華通元富97購02  ,0,0,0,0,0,0,0,0,0,38000,0,0,0,142000,104000,38000,38000
054679,台積電康和99購01,0,0,0,0,0,0,0,0,0,38000,0,0,0,38000,0,38000,38000
05384P,大立光永豐95售02,0,0,0,0,0,0,0,0,0,38000,0,0,0,48000,10000,38000,38000
054022,南亞康和96購01  ,0,0,0,0,0,0,0,0,0,38000,0,0,0,38000,0,38000,38000
048702,正文國票95購01  ,0,0,0,0,0,0,0,0,0,38000,0,0,0,38000,0,38000,38000
04517P,宏達電群益95售01,0,0,0,0,0,0,0,0,0,38000,0,0,0,279000,241000,38000,38000
046950,隆達元大93購01  ,0,0,0,0,0,0,0,0,0,38000,0,0,0,68000,30000,38000,38000
046866,台積電統一94購03,0,0,0,0,0,0,0,0,0,38000,0,0,0,38000,0,38000,38000
044405,材料凱基93購01  ,0,0,0,0,0,0,0,0,0,38000,0,0,0,48000,10000,38000,38000
048597,台達電國票93購02,0,0,0,0,0,0,0,0,0,38000,0,0,0,38000,0,38000,38000
048864,昇陽半群益94購01,0,0,0,0,0,0,0,0,0,38000,0,0,0,49000,11000,38000,38000
049466,創意台新94購01  ,0,0,0,0,0,0,0,0,0,38000,0,0,0,38000,0,38000,38000
050581,美食國票94購02  ,0,0,0,0,0,0,0,0,0,38000,0,0,0,259000,221000,38000,38000
050517,台積電元大94購27,0,0,0,0,0,0,0,0,0,38000,0,0,0,88000,50000,38000,38000
055326,緯穎國票97購06  ,0,0,0,0,0,0,0,0,0,38000,0,0,0,38000,0,38000,38000
051579,宏碁元大95購01  ,0,0,0,0,0,0,0,0,0,38000,0,0,0,54000,16000,38000,38000
051630,力山國票96購01  ,0,0,0,0,0,0,0,0,0,38000,0,0,0,38000,0,38000,38000
051098,矽格元大95購01  ,0,0,0,0,0,0,0,0,0,38000,0,0,0,200000,162000,38000,38000
052241,台郡國票96購01  ,0,0,0,0,0,0,0,0,0,38000,0,0,0,113000,75000,38000,38000
052860,旺宏凱基96購03  ,0,0,0,0,0,0,0,0,0,38000,0,0,0,268000,230000,38000,38000
05899P,臺股指凱基96售30,0,0,0,0,0,0,0,0,0,38000,0,0,0,40000,2000,38000,38000
056132,台光電元大97購03,0,0,0,0,0,0,0,0,0,38000,0,0,0,38000,0,38000,38000
2841,台開            ,259002,218000,41002,0,0,0,0,0,0,-4000,0,4000,-4000,0,0,0,37002
053875,GIS元大97購01   ,0,0,0,0,0,0,0,0,0,37000,0,0,0,37000,0,37000,37000
054497,國巨永豐96購05  ,0,0,0,0,0,0,0,0,0,37000,0,0,0,126000,89000,37000,37000
054260,貿聯元大96購03  ,0,40000,-40000,0,0,0,0,0,0,77000,0,0,0,82000,5000,77000,37000
055163,訊芯元大98購01  ,0,0,0,0,0,0,0,0,0,37000,0,0,0,328000,291000,37000,37000
054877,百和群益98購01  ,0,0,0,0,0,0,0,0,0,37000,0,0,0,37000,0,37000,37000
054964,智易元大99購01  ,0,0,0,0,0,0,0,0,0,37000,0,0,0,37000,0,37000,37000
055499,大立光元大98購05,0,0,0,0,0,0,0,0,0,37000,0,0,0,57000,20000,37000,37000
055696,華新科國票98購01,0,0,0,0,0,0,0,0,0,37000,0,0,0,125000,88000,37000,37000
00865B,國泰US短期公債  ,0,0,0,0,0,0,0,0,0,37000,110000,0,110000,8000,81000,-73000,37000
046254,台表科群益92購02,0,0,0,0,0,0,0,0,0,37000,0,0,0,37000,0,37000,37000
045428,彩晶凱基94購01  ,0,0,0,0,0,0,0,0,0,37000,0,0,0,50000,13000,37000,37000
049477,泰鼎永豐94購01  ,0,0,0,0,0,0,0,0,0,37000,0,0,0,53000,16000,37000,37000
049515,同欣電凱基94購01,0,0,0,0,0,0,0,0,0,37000,0,0,0,37000,0,37000,37000
04738P,揚明光永豐94售03,0,0,0,0,0,0,0,0,0,37000,0,0,0,42000,5000,37000,37000
047759,復盛元富93購01  ,0,0,0,0,0,0,0,0,0,37000,0,0,0,37000,0,37000,37000
052476,台光電群益98購01,0,0,0,0,0,0,0,0,0,37000,0,0,0,131000,94000,37000,37000
052577,台積電統一96購01,0,0,0,0,0,0,0,0,0,37000,0,0,0,52000,15000,37000,37000
052527,泰鼎元大96購02  ,0,0,0,0,0,0,0,0,0,37000,0,0,0,115000,78000,37000,37000
051101,台表科元大96購02,0,0,0,0,0,0,0,0,0,37000,0,0,0,68000,31000,37000,37000
050823,信邦凱基95購01  ,0,0,0,0,0,0,0,0,0,37000,0,0,0,50000,13000,37000,37000
051562,玉晶光國泰97購05,0,0,0,0,0,0,0,0,0,37000,0,0,0,46000,9000,37000,37000
051529,東元國票96購01  ,0,0,0,0,0,0,0,0,0,37000,0,0,0,37000,0,37000,37000
05182P,嘉晶統一95售03  ,0,0,0,0,0,0,0,0,0,37000,0,0,0,37000,0,37000,37000
05926P,智易永豐96售02  ,0,0,0,0,0,0,0,0,0,37000,0,0,0,37000,0,37000,37000
054991,南亞科元富97購01,0,0,0,0,0,0,0,0,0,36000,0,0,0,52000,16000,36000,36000
054802,高股息元大97購01,0,0,0,0,0,0,0,0,0,36000,0,0,0,36000,0,36000,36000
045189,大立光元富98購01,0,0,0,0,0,0,0,0,0,36000,0,0,0,87000,51000,36000,36000
044993,友達國泰93購01  ,0,0,0,0,0,0,0,0,0,36000,0,0,0,36000,0,36000,36000
048703,康控國票95購01  ,0,0,0,0,0,0,0,0,0,36000,0,0,0,68000,32000,36000,36000
048653,巨大元大96購02  ,0,0,0,0,0,0,0,0,0,36000,0,0,0,92000,56000,36000,36000
045768,大立光元富95購02,0,0,0,0,0,0,0,0,0,36000,0,0,0,36000,0,36000,36000
044212,鴻海凱基93購04  ,0,0,0,0,0,0,0,0,0,36000,0,0,0,36000,0,36000,36000
043066,上銀兆豐93購02  ,0,0,0,0,0,0,0,0,0,36000,0,0,0,36000,0,36000,36000
045504,群創凱基94購01  ,0,0,0,0,0,0,0,0,0,36000,0,0,0,36000,0,36000,36000
048351,旺宏台新94購02  ,0,0,0,0,0,0,0,0,0,36000,0,0,0,36000,0,36000,36000
049024,玉晶光群益97購01,0,0,0,0,0,0,0,0,0,36000,0,0,0,36000,0,36000,36000
050376,百和元大95購01  ,0,0,0,0,0,0,0,0,0,36000,0,0,0,36000,0,36000,36000
050173,旺宏元大96購02  ,0,0,0,0,0,0,0,0,0,36000,0,0,0,98000,62000,36000,36000
050522,聯發科元大95購03,0,0,0,0,0,0,0,0,0,36000,0,0,0,435000,399000,36000,36000
052061,樺漢國票96購01  ,0,0,0,0,0,0,0,0,0,36000,0,0,0,45000,9000,36000,36000
051390,京元電兆豐95購01,0,0,0,0,0,0,0,0,0,36000,0,0,0,81000,45000,36000,36000
052809,訊芯元大97購01  ,0,0,0,0,0,0,0,0,0,36000,0,0,0,636000,600000,36000,36000
053171,中磊群益96購01  ,0,0,0,0,0,0,0,0,0,36000,0,0,0,125000,89000,36000,36000
3024,憶聲            ,81000,44000,37000,0,0,0,0,0,0,-1000,0,1000,-1000,0,0,0,36000
9935,慶豐富          ,140000,130000,10000,0,0,0,0,0,0,26000,32000,2000,30000,4000,8000,-4000,36000
054825,康友元大97購01  ,0,0,0,0,0,0,0,0,0,35000,0,0,0,35000,0,35000,35000
05521P,創意永豐96售01  ,0,0,0,0,0,0,0,0,0,35000,0,0,0,35000,0,35000,35000
055899,群創中信99購01  ,0,0,0,0,0,0,0,0,0,35000,0,0,0,50000,15000,35000,35000
055651,富邦金元富97購01,0,0,0,0,0,0,0,0,0,35000,0,0,0,35000,0,35000,35000
055546,台積電凱基97購12,0,0,0,0,0,0,0,0,0,35000,0,0,0,35000,0,35000,35000
05411P,台積電國票96售08,0,0,0,0,0,0,0,0,0,35000,0,0,0,70000,35000,35000,35000
05381P,聯詠群益95售02  ,0,0,0,0,0,0,0,0,0,35000,0,0,0,35000,0,35000,35000
045455,鴻海元大92購08  ,0,0,0,0,0,0,0,0,0,35000,0,0,0,35000,0,35000,35000
044511,全新凱基92購01  ,0,0,0,0,0,0,0,0,0,35000,0,0,0,35000,0,35000,35000
046695,瑞昱凱基93購03  ,0,0,0,0,0,0,0,0,0,35000,0,0,0,35000,0,35000,35000
04291P,鴻海富邦93售04  ,0,0,0,0,0,0,0,0,0,35000,0,0,0,135000,100000,35000,35000
04388P,滬深2X凱基95售05,0,0,0,0,0,0,0,0,0,35000,0,0,0,75000,40000,35000,35000
03406P,大立光群益02售07,0,0,0,0,0,0,0,0,0,35000,0,0,0,35000,0,35000,35000
00728,第一金工業30    ,0,0,0,0,0,0,0,0,0,35000,0,0,0,690000,655000,35000,35000
03798P,台光電元大93售02,0,0,0,0,0,0,0,0,0,35000,0,0,0,84000,49000,35000,35000
03868P,統一凱基93售02  ,0,0,0,0,0,0,0,0,0,35000,0,0,0,35000,0,35000,35000
046788,貿聯永豐93購01  ,0,0,0,0,0,0,0,0,0,35000,0,0,0,35000,0,35000,35000
048678,統一富邦93購01  ,0,0,0,0,0,0,0,0,0,35000,0,0,0,35000,0,35000,35000
049048,玉晶光台新94購01,0,0,0,0,0,0,0,0,0,35000,0,0,0,35000,0,35000,35000
044934,玉晶光元大93購01,0,0,0,0,0,0,0,0,0,35000,0,0,0,35000,0,35000,35000
045367,新光金兆豐92購01,0,0,0,0,0,0,0,0,0,35000,0,0,0,35000,0,35000,35000
050673,旺宏富邦96購02  ,0,0,0,0,0,0,0,0,0,35000,0,0,0,73000,38000,35000,35000
049908,鴻海元大94購08  ,0,0,0,0,0,0,0,0,0,35000,0,0,0,56000,21000,35000,35000
049302,聯茂日盛94購01  ,0,0,0,0,0,0,0,0,0,35000,0,0,0,35000,0,35000,35000
049363,旺宏元大94購07  ,0,0,0,0,0,0,0,0,0,35000,0,0,0,70000,35000,35000,35000
047269,同欣電康和93購01,0,0,0,0,0,0,0,0,0,35000,0,0,0,50000,15000,35000,35000
049656,臺股指凱基94購17,0,0,0,0,0,0,0,0,0,35000,0,0,0,50000,15000,35000,35000
052961,國巨凱基97購02  ,0,0,0,0,0,0,0,0,0,35000,0,0,0,45000,10000,35000,35000
05307P,光寶科中信95售01,0,0,0,0,0,0,0,0,0,35000,0,0,0,90000,55000,35000,35000
052559,茂林國票97購01  ,0,0,0,0,0,0,0,0,0,35000,0,0,0,38000,3000,35000,35000
052321,華擎元大95購01  ,0,0,0,0,0,0,0,0,0,35000,0,0,0,81000,46000,35000,35000
051155,聯發科國泰96購01,0,0,0,0,0,0,0,0,0,35000,0,0,0,323000,288000,35000,35000
050743,京鼎永豐94購02  ,0,0,0,0,0,0,0,0,0,35000,0,0,0,35000,0,35000,35000
05167P,百和元富95售03  ,0,0,0,0,0,0,0,0,0,35000,0,0,0,35000,0,35000,35000
4989,榮科            ,54000,18000,36000,0,0,0,0,0,0,-1000,0,1000,-1000,0,0,0,35000
05843P,台積電元大96售16,0,0,0,0,0,0,0,0,0,35000,0,0,0,241000,206000,35000,35000
06261P,上銀凱基97售03  ,0,0,0,0,0,0,0,0,0,35000,0,0,0,36000,1000,35000,35000
053836,亞光永豐96購02  ,0,0,0,0,0,0,0,0,0,34000,0,0,0,37000,3000,34000,34000
053888,和大群益97購01  ,0,0,0,0,0,0,0,0,0,34000,0,0,0,84000,50000,34000,34000
054137,聯詠元大97購02  ,0,0,0,0,0,0,0,0,0,34000,0,0,0,281000,247000,34000,34000
054276,國巨群益96購07  ,0,0,0,0,0,0,0,0,0,34000,0,0,0,34000,0,34000,34000
055965,泰鼎元大97購03  ,0,0,0,0,0,0,0,0,0,34000,0,0,0,154000,120000,34000,34000
055939,GIS群益97購01   ,0,0,0,0,0,0,0,0,0,34000,0,0,0,45000,11000,34000,34000
048700,和鑫國票95購01  ,0,0,0,0,0,0,0,0,0,34000,0,0,0,245000,211000,34000,34000
049102,智伸科國泰96購01,0,0,0,0,0,0,0,0,0,34000,0,0,0,44000,10000,34000,34000
048780,臺股指凱基94購03,0,0,0,0,0,0,0,0,0,34000,0,0,0,34000,0,34000,34000
044816,漢唐兆豐93購02  ,0,0,0,0,0,0,0,0,0,34000,0,0,0,346000,312000,34000,34000
04711P,台光電元大94售05,0,0,0,0,0,0,0,0,0,34000,0,0,0,54000,20000,34000,34000
043391,康控元大94購01  ,0,0,0,0,0,0,0,0,0,34000,0,0,0,54000,20000,34000,34000
043660,華新科元大93購01,0,0,0,0,0,0,0,0,0,34000,0,0,0,54000,20000,34000,34000
046712,勤誠永豐93購01  ,0,0,0,0,0,0,0,0,0,34000,0,0,0,48000,14000,34000,34000
049642,鴻海凱基94購16  ,0,0,0,0,0,0,0,0,0,34000,0,0,0,34000,0,34000,34000
049025,華擎群益94購01  ,0,0,0,0,0,0,0,0,0,34000,0,0,0,85000,51000,34000,34000
048901,矽格國泰95購01  ,0,0,0,0,0,0,0,0,0,34000,0,0,0,60000,26000,34000,34000
050682,南亞科元富94購02,0,0,0,0,0,0,0,0,0,34000,0,0,0,47000,13000,34000,34000
050411,聯發科永豐94購05,0,0,0,0,0,0,0,0,0,34000,0,0,0,225000,191000,34000,34000
051590,玉晶光元大96購02,0,0,0,0,0,0,0,0,0,34000,0,0,0,35000,1000,34000,34000
051894,嘉聯益元富95購03,0,0,0,0,0,0,0,0,0,34000,0,0,0,64000,30000,34000,34000
052761,可成群益96購02  ,0,0,0,0,0,0,0,0,0,34000,0,0,0,34000,0,34000,34000
053051,楠梓電國票97購01,0,0,0,0,0,0,0,0,0,34000,0,0,0,84000,50000,34000,34000
053175,矽力群益96購01  ,0,0,0,0,0,0,0,0,0,34000,0,0,0,35000,1000,34000,34000
1414,東和            ,36000,2000,34000,0,0,0,0,0,0,0,0,0,0,0,0,0,34000
06017P,亞光凱基96售04  ,0,0,0,0,0,0,0,0,0,34000,0,0,0,114000,80000,34000,34000
056242,緯創群益9A購01  ,0,0,0,0,0,0,0,0,0,34000,0,0,0,146000,112000,34000,34000
056012,勤誠中信99購01  ,0,0,0,0,0,0,0,0,0,34000,0,0,0,34000,0,34000,34000
05660P,玉晶光第一96售01,0,0,0,0,0,0,0,0,0,34000,0,0,0,44000,10000,34000,34000
9955,佳龍            ,92000,58000,34000,0,0,0,0,0,0,0,0,0,0,0,0,0,34000
2608,嘉里大榮        ,87000,49000,38000,0,0,0,0,0,0,-4000,0,4000,-4000,0,0,0,34000
055718,可成元大97購02  ,0,0,0,0,0,0,0,0,0,33000,0,0,0,188000,155000,33000,33000
055806,致新永豐97購02  ,0,0,0,0,0,0,0,0,0,33000,0,0,0,33000,0,33000,33000
055663,崇越中信97購01  ,0,0,0,0,0,0,0,0,0,33000,0,0,0,83000,50000,33000,33000
055485,國巨元大97購09  ,0,0,0,0,0,0,0,0,0,33000,0,0,0,33000,0,33000,33000
055078,亞泥中信98購01  ,0,0,0,0,0,0,0,0,0,33000,0,0,0,43000,10000,33000,33000
054287,台積電元大97購11,0,0,0,0,0,0,0,0,0,33000,0,0,0,64000,31000,33000,33000
054352,世芯國泰98購01  ,0,0,0,0,0,0,0,0,0,33000,0,0,0,66000,33000,33000,33000
054478,可成中信97購01  ,0,0,0,0,0,0,0,0,0,33000,0,0,0,148000,115000,33000,33000
053799,矽創中信9A購01  ,0,0,0,0,0,0,0,0,0,33000,0,0,0,48000,15000,33000,33000
053654,聯發科凱基98購01,0,0,0,0,0,0,0,0,0,33000,0,0,0,188000,155000,33000,33000
053615,光罩群益96購01  ,0,0,0,0,0,0,0,0,0,33000,0,0,0,33000,0,33000,33000
053421,南亞科永豐96購01,0,0,0,0,0,0,0,0,0,33000,0,0,0,68000,35000,33000,33000
045519,宏達電元富92購01,0,0,0,0,0,0,0,0,0,33000,0,0,0,33000,0,33000,33000
050535,台表科群益94購02,0,0,0,0,0,0,0,0,0,33000,0,0,0,36000,3000,33000,33000
050492,漢唐國泰96購01  ,0,0,0,0,0,0,0,0,0,33000,0,0,0,33000,0,33000,33000
050151,台積電群益94購12,0,0,0,0,0,0,0,0,0,33000,0,0,0,33000,0,33000,33000
047882,超眾國泰94購01  ,0,0,0,0,0,0,0,0,0,33000,0,0,0,721000,688000,33000,33000
049529,華新科中信95購01,0,0,0,0,0,0,0,0,0,33000,0,0,0,83000,50000,33000,33000
047280,泰鼎永豐93購01  ,0,0,0,0,0,0,0,0,0,33000,0,0,0,113000,80000,33000,33000
052768,泰鼎群益96購01  ,0,0,0,0,0,0,0,0,0,33000,0,0,0,621000,588000,33000,33000
05260P,和碩元富95售02  ,0,0,0,0,0,0,0,0,0,33000,0,0,0,38000,5000,33000,33000
051471,國巨凱基97購01  ,0,0,0,0,0,0,0,0,0,33000,0,0,0,33000,0,33000,33000
051639,康友國票96購02  ,0,0,0,0,0,0,0,0,0,33000,0,0,0,122000,89000,33000,33000
051431,群創元富99購02  ,0,0,0,0,0,0,0,0,0,33000,0,0,0,33000,0,33000,33000
2471,資通            ,34000,1000,33000,0,0,0,0,0,0,0,0,0,0,0,0,0,33000
056126,台郡國票98購02  ,0,0,0,0,0,0,0,0,0,33000,0,0,0,72000,39000,33000,33000
056177,嘉澤元富97購01  ,0,0,0,0,0,0,0,0,0,33000,0,0,0,87000,54000,33000,33000
05909P,康友元富96售02  ,0,0,0,0,0,0,0,0,0,33000,0,0,0,34000,1000,33000,33000
054417,牧德元大96購01  ,0,0,0,0,0,0,0,0,0,32000,0,0,0,50000,18000,32000,32000
054133,奇力新元大97購04,0,0,0,0,0,0,0,0,0,32000,0,0,0,168000,136000,32000,32000
055093,京鼎群益98購01  ,0,0,0,0,0,0,0,0,0,32000,0,0,0,80000,48000,32000,32000
054868,國泰金群益9A購01,0,0,0,0,0,0,0,0,0,32000,0,0,0,43000,11000,32000,32000
046717,世紀鋼國泰94購01,0,0,0,0,0,0,0,0,0,32000,0,0,0,32000,0,32000,32000
046641,新唐永豐93購01  ,0,0,0,0,0,0,0,0,0,32000,0,0,0,32000,0,32000,32000
04287P,A50正2中信96售01,0,0,0,0,0,0,0,0,0,32000,0,0,0,69000,37000,32000,32000
046444,矽力日盛92購01  ,0,0,0,0,0,0,0,0,0,32000,0,0,0,32000,0,32000,32000
048675,台達電國泰94購02,0,0,0,0,0,0,0,0,0,32000,0,0,0,32000,0,32000,32000
048905,旺宏富邦96購01  ,0,0,0,0,0,0,0,0,0,32000,0,0,0,119000,87000,32000,32000
051402,玉晶光永豐95購04,0,0,0,0,0,0,0,0,0,32000,0,0,0,42000,10000,32000,32000
051314,嘉聯益麥證96購01,0,0,0,85000,53000,32000,0,0,0,32000,0,0,0,85000,53000,32000,32000
051479,兆豐金凱基95購01,0,0,0,0,0,0,0,0,0,32000,0,0,0,100000,68000,32000,32000
051505,台積電元富95購05,0,0,0,0,0,0,0,0,0,32000,0,0,0,377000,345000,32000,32000
052103,台積電兆豐95購06,0,0,0,0,0,0,0,0,0,32000,0,0,0,806000,774000,32000,32000
052688,新日興元大96購01,0,0,0,0,0,0,0,0,0,32000,0,0,0,53000,21000,32000,32000
053184,世紀鋼元富96購01,0,0,0,0,0,0,0,0,0,32000,0,0,0,41000,9000,32000,32000
056091,百和統一97購01  ,0,0,0,0,0,0,0,0,0,32000,0,0,0,49000,17000,32000,32000
6197,佳必琪          ,93000,59000,34000,0,0,0,0,0,0,-2000,2000,4000,-2000,0,0,0,32000
054838,京鼎第一97購01  ,0,0,0,0,0,0,0,0,0,31000,0,0,0,41000,10000,31000,31000
054342,亞光元富99購01  ,0,0,0,0,0,0,0,0,0,31000,0,0,0,151000,120000,31000,31000
054539,欣興國票98購01  ,0,0,0,0,0,0,0,0,0,31000,0,0,0,95000,64000,31000,31000
049046,同欣電兆豐94購01,0,0,0,0,0,0,0,0,0,31000,0,0,0,126000,95000,31000,31000
048960,矽格康和94購01  ,0,0,0,0,0,0,0,0,0,31000,0,0,0,31000,0,31000,31000
048747,華通元富97購01  ,0,0,0,0,0,0,0,0,0,31000,0,0,0,251000,220000,31000,31000
048753,智伸科元富94購01,0,0,0,0,0,0,0,0,0,31000,0,0,0,31000,0,31000,31000
045975,祥碩凱基93購04  ,0,0,0,0,0,0,0,0,0,31000,0,0,0,34000,3000,31000,31000
049031,矽格群益94購01  ,0,0,0,0,0,0,0,0,0,31000,0,0,0,42000,11000,31000,31000
047864,信邦康和93購01  ,0,0,0,0,0,0,0,0,0,31000,0,0,0,31000,0,31000,31000
047822,臺股指凱基93購16,0,0,0,0,0,0,0,0,0,31000,0,0,0,64000,33000,31000,31000
047813,華新科凱基93購07,0,0,0,0,0,0,0,0,0,31000,0,0,0,32000,1000,31000,31000
050130,華新科凱基94購09,0,0,0,0,0,0,0,0,0,31000,0,0,0,102000,71000,31000,31000
048196,聯發科元大93購24,0,0,0,0,0,0,0,0,0,31000,0,0,0,92000,61000,31000,31000
050204,華新科群益94購05,0,0,0,0,0,0,0,0,0,31000,0,0,0,117000,86000,31000,31000
053104,台表科元富96購02,0,0,0,0,0,0,0,0,0,31000,0,0,0,31000,0,31000,31000
052991,台積電台新96購01,0,0,0,0,0,0,0,0,0,31000,0,0,0,91000,60000,31000,31000
052170,台積電元大95購20,0,0,0,0,0,0,0,0,0,31000,0,0,0,69000,38000,31000,31000
051466,玉晶光富邦97購01,0,0,0,0,0,0,0,0,0,31000,0,0,0,121000,90000,31000,31000
2897A,王道銀甲特      ,0,0,0,0,0,0,0,0,0,31000,31000,0,31000,0,0,0,31000
056028,GIS群益97購02   ,0,0,0,0,0,0,0,0,0,31000,0,0,0,42000,11000,31000,31000
06139P,台積電中信99售02,0,0,0,0,0,0,0,0,0,31000,0,0,0,32000,1000,31000,31000
3443,創意            ,248600,107000,141600,0,0,0,1000,115000,-114000,3000,12000,15000,-3000,9000,3000,6000,30600
054634,FB上証中信99購01,0,0,0,0,0,0,0,0,0,30000,0,0,0,30000,0,30000,30000
054651,台化麥證97購01  ,0,0,0,30000,0,30000,0,0,0,30000,0,0,0,30000,0,30000,30000
054244,華新元大96購01  ,0,0,0,0,0,0,0,0,0,30000,0,0,0,30000,0,30000,30000
053577,上証2X元大96購02,0,0,0,0,0,0,0,0,0,30000,0,0,0,30000,0,30000,30000
053590,新光金元大9A購02,0,0,0,0,0,0,0,0,0,30000,0,0,0,30000,0,30000,30000
053622,臺股指群益96購08,0,0,0,0,0,0,0,0,0,30000,0,0,0,30000,0,30000,30000
05370P,矽創元富95售01  ,0,0,0,0,0,0,0,0,0,30000,0,0,0,40000,10000,30000,30000
053885,全新兆豐96購01  ,0,0,0,0,0,0,0,0,0,30000,0,0,0,30000,0,30000,30000
053916,漢唐國票97購04  ,0,0,0,0,0,0,0,0,0,30000,0,0,0,60000,30000,30000,30000
054855,得力群益98購01  ,0,0,0,0,0,0,0,0,0,30000,0,0,0,50000,20000,30000,30000
054888,泰碩統一97購01  ,0,0,0,0,0,0,0,0,0,30000,0,0,0,50000,20000,30000,30000
054995,宏盛元富97購01  ,0,0,0,0,0,0,0,0,0,30000,0,0,0,30000,0,30000,30000
054999,玉晶光元富97購03,0,0,0,0,0,0,0,0,0,30000,0,0,0,120000,90000,30000,30000
055205,京鼎中信99購01  ,0,0,0,0,0,0,0,0,0,30000,0,0,0,30000,0,30000,30000
055247,聯發科統一98購01,0,0,0,0,0,0,0,0,0,30000,0,0,0,30000,0,30000,30000
055455,健策國泰98購02  ,0,0,0,0,0,0,0,0,0,30000,0,0,0,90000,60000,30000,30000
055444,致新台新97購01  ,0,0,0,0,0,0,0,0,0,30000,0,0,0,68000,38000,30000,30000
055783,群創凱基99購03  ,0,0,0,0,0,0,0,0,0,30000,0,0,0,110000,80000,30000,30000
055951,大成鋼元大97購02,0,0,0,0,0,0,0,0,0,30000,0,0,0,30000,0,30000,30000
055867,臺股指元大97購05,0,0,0,0,0,0,0,0,0,30000,0,0,0,30000,0,30000,30000
046005,健策統一92購02  ,0,0,0,0,0,0,0,0,0,30000,0,0,0,30000,0,30000,30000
044908,玉晶光凱基93購01,0,0,0,0,0,0,0,0,0,30000,0,0,0,30000,0,30000,30000
047024,奇力新元大95購01,0,0,0,0,0,0,0,0,0,30000,0,0,0,49000,19000,30000,30000
044922,玉晶光永豐93購01,0,0,0,0,0,0,0,0,0,30000,0,0,0,30000,0,30000,30000
045222,華新科元大92購09,0,0,0,0,0,0,0,0,0,30000,0,0,0,30000,0,30000,30000
045322,京元電統一92購02,0,0,0,0,0,0,0,0,0,30000,0,0,0,30000,0,30000,30000
048938,玉晶光永豐95購02,0,0,0,0,0,0,0,0,0,30000,0,0,0,30000,0,30000,30000
048671,大立光永豐93購04,0,0,0,0,0,0,0,0,0,30000,0,0,0,50000,20000,30000,30000
048658,鴻海統一93購09  ,0,0,0,0,0,0,0,0,0,30000,0,0,0,30000,0,30000,30000
049093,昇陽半凱基94購01,0,0,0,0,0,0,0,0,0,30000,0,0,0,30000,0,30000,30000
046534,鴻海群益92購05  ,0,0,0,0,0,0,0,0,0,30000,0,0,0,30000,0,30000,30000
046560,南亞科凱基92購04,0,0,0,0,0,0,0,0,0,30000,0,0,0,30000,0,30000,30000
046400,國巨元大92購17  ,0,0,0,0,0,0,0,0,0,30000,0,0,0,30000,0,30000,30000
044814,華邦電兆豐93購02,0,0,0,0,0,0,0,0,0,30000,0,0,0,30000,0,30000,30000
046790,康友永豐93購01  ,0,0,0,0,0,0,0,0,0,30000,0,0,0,30000,0,30000,30000
046266,兆豐金凱基92購01,0,0,0,0,0,0,0,0,0,30000,0,0,0,40000,10000,30000,30000
046932,聯詠統一93購02  ,0,0,0,0,0,0,0,0,0,30000,0,0,0,30000,0,30000,30000
046865,鴻海統一95購01  ,0,0,0,0,0,0,0,0,0,30000,0,0,0,30000,0,30000,30000
046062,遠東新凱基92購02,0,0,0,0,0,0,0,0,0,30000,0,0,0,40000,10000,30000,30000
045746,燿華永豐92購01  ,0,0,0,0,0,0,0,0,0,30000,0,0,0,30000,0,30000,30000
045751,智邦國泰93購01  ,0,0,0,0,0,0,0,0,0,30000,0,0,0,30000,0,30000,30000
047040,台勝科群益93購01,0,0,0,0,0,0,0,0,0,30000,0,0,0,30000,0,30000,30000
045906,鴻海中信94購01  ,0,0,0,0,0,0,0,0,0,30000,0,0,0,80000,50000,30000,30000
044429,元金2X元大94購04,0,0,0,0,0,0,0,0,0,30000,0,0,0,30000,0,30000,30000
04438P,微星群益94售01  ,0,0,0,0,0,0,0,0,0,30000,0,0,0,30000,0,30000,30000
043049,奇鋐國泰93購01  ,0,0,0,0,0,0,0,0,0,30000,0,0,0,30000,0,30000,30000
043229,T50正2中信93購02,0,0,0,0,0,0,0,0,0,30000,0,0,0,30000,0,30000,30000
046702,旺宏元富93購02  ,0,0,0,0,0,0,0,0,0,30000,0,0,0,63000,33000,30000,30000
046682,聯發科群益93購03,0,0,0,0,0,0,0,0,0,30000,0,0,0,30000,0,30000,30000
046654,鴻海元大93購06  ,0,0,0,0,0,0,0,0,0,30000,0,0,0,30000,0,30000,30000
045637,可成凱基92購08  ,0,0,0,0,0,0,0,0,0,30000,0,0,0,30000,0,30000,30000
045675,友達元大93購01  ,0,0,0,0,0,0,0,0,0,30000,0,0,0,30000,0,30000,30000
045588,健策元大93購01  ,0,0,0,0,0,0,0,0,0,30000,0,0,0,30000,0,30000,30000
043913,富邦金凱基92購01,0,0,0,0,0,0,0,0,0,30000,0,0,0,30000,0,30000,30000
044034,美律群益92購04  ,0,0,0,0,0,0,0,0,0,30000,0,0,0,30000,0,30000,30000
04121P,宏碁凱基93售02  ,0,0,0,0,0,0,0,0,0,30000,0,0,0,40000,10000,30000,30000
044282,上銀凱基93購03  ,0,0,0,0,0,0,0,0,0,30000,0,0,0,30000,0,30000,30000
050260,鴻海元大94購15  ,0,0,0,0,0,0,0,0,0,30000,0,0,0,151000,121000,30000,30000
050545,奇力新凱基95購01,0,0,0,0,0,0,0,0,0,30000,0,0,0,30000,0,30000,30000
050418,為升凱基94購06  ,0,0,0,0,0,0,0,0,0,30000,0,0,0,100000,70000,30000,30000
05043P,佳世達元富95售01,0,0,0,0,0,0,0,0,0,30000,0,0,0,30000,0,30000,30000
050603,致新國泰96購01  ,0,0,0,0,0,0,0,0,0,30000,0,0,0,40000,10000,30000,30000
048204,訊芯元大93購06  ,0,0,0,0,0,0,0,0,0,30000,0,0,0,30000,0,30000,30000
048108,鴻海群益93購07  ,0,0,0,0,0,0,0,0,0,30000,0,0,0,30000,0,30000,30000
048085,鴻海凱基93購32  ,0,0,0,0,0,0,0,0,0,30000,0,0,0,60000,30000,30000,30000
048002,景碩元大93購04  ,0,0,0,0,0,0,0,0,0,30000,0,0,0,42000,12000,30000,30000
050080,國巨統一94購06  ,0,0,0,0,0,0,0,0,0,30000,0,0,0,30000,0,30000,30000
050085,國泰金元富94購01,0,0,0,0,0,0,0,0,0,30000,0,0,0,30000,0,30000,30000
047829,旺宏元大93購06  ,0,0,0,0,0,0,0,0,0,30000,0,0,0,30000,0,30000,30000
047866,得力永豐93購01  ,0,0,0,0,0,0,0,0,0,30000,0,0,0,60000,30000,30000,30000
049927,健策元大94購02  ,0,0,0,0,0,0,0,0,0,30000,0,0,0,33000,3000,30000,30000
048995,宏全元大94購01  ,0,0,0,0,0,0,0,0,0,30000,0,0,0,30000,0,30000,30000
049002,光寶科中信94購01,0,0,0,0,0,0,0,0,0,30000,0,0,0,30000,0,30000,30000
048637,鴻海元大96購01  ,0,0,0,0,0,0,0,0,0,30000,0,0,0,30000,0,30000,30000
047467,滬深2X中信95購06,0,0,0,0,0,0,0,0,0,30000,0,0,0,30000,0,30000,30000
049392,臺股指麥證94購01,0,0,0,30000,0,30000,0,0,0,30000,0,0,0,30000,0,30000,30000
049319,GIS凱基94購03   ,0,0,0,0,0,0,0,0,0,30000,0,0,0,30000,0,30000,30000
049228,台塑富邦94購01  ,0,0,0,0,0,0,0,0,0,30000,0,0,0,60000,30000,30000,30000
048394,正崴國票94購01  ,0,0,0,0,0,0,0,0,0,30000,0,0,0,95000,65000,30000,30000
048395,南亞科國票93購02,0,0,0,0,0,0,0,0,0,30000,0,0,0,30000,0,30000,30000
047590,健策永豐93購01  ,0,0,0,0,0,0,0,0,0,30000,0,0,0,30000,0,30000,30000
04724P,可成凱基94售08  ,0,0,0,0,0,0,0,0,0,30000,0,0,0,65000,35000,30000,30000
047725,廣達群益93購01  ,0,0,0,0,0,0,0,0,0,30000,0,0,0,60000,30000,30000,30000
047382,鴻海元大93購15  ,0,0,0,0,0,0,0,0,0,30000,0,0,0,30000,0,30000,30000
049606,可成第一94購01  ,0,0,0,0,0,0,0,0,0,30000,0,0,0,30000,0,30000,30000
04975P,華新科凱基96售02,0,0,0,0,0,0,0,0,0,30000,0,0,0,30000,0,30000,30000
051513,台積電凱基95購13,0,0,0,0,0,0,0,0,0,30000,0,0,0,30000,0,30000,30000
051491,貿聯凱基95購01  ,0,0,0,0,0,0,0,0,0,30000,0,0,0,50000,20000,30000,30000
051595,康控元大95購04  ,0,0,0,0,0,0,0,0,0,30000,0,0,0,30000,0,30000,30000
051666,旺宏元大96購05  ,0,0,0,0,0,0,0,0,0,30000,0,0,0,40000,10000,30000,30000
051693,華新科統一95購02,0,0,0,0,0,0,0,0,0,30000,0,0,0,30000,0,30000,30000
051772,玉山金中信95購01,0,0,0,0,0,0,0,0,0,30000,0,0,0,30000,0,30000,30000
052127,日月光國票96購01,0,0,0,0,0,0,0,0,0,30000,0,0,0,50000,20000,30000,30000
052072,健策統一95購02  ,0,0,0,0,0,0,0,0,0,30000,0,0,0,60000,30000,30000,30000
052025,國巨群益96購01  ,0,0,0,0,0,0,0,0,0,30000,0,0,0,30000,0,30000,30000
051961,泰碩永豐95購01  ,0,0,0,0,0,0,0,0,0,30000,0,0,0,30000,0,30000,30000
051898,富邦金國泰97購01,0,0,0,0,0,0,0,0,0,30000,0,0,0,30000,0,30000,30000
051367,可成富邦97購01  ,0,0,0,0,0,0,0,0,0,30000,0,0,0,130000,100000,30000,30000
050838,為升國票96購01  ,0,0,0,0,0,0,0,0,0,30000,0,0,0,30000,0,30000,30000
05081P,京鼎永豐95售01  ,0,0,0,0,0,0,0,0,0,30000,0,0,0,30000,0,30000,30000
050977,聯發科統一95購02,0,0,0,0,0,0,0,0,0,30000,0,0,0,30000,0,30000,30000
051004,台新金中信95購02,0,0,0,0,0,0,0,0,0,30000,0,0,0,60000,30000,30000,30000
052869,新日興凱基96購01,0,0,0,0,0,0,0,0,0,30000,0,0,0,54000,24000,30000,30000
053242,聯電國票96購04  ,0,0,0,0,0,0,0,0,0,30000,0,0,0,30000,0,30000,30000
053279,景碩元大97購01  ,0,0,0,0,0,0,0,0,0,30000,0,0,0,30000,0,30000,30000
053405,台達電兆豐96購01,0,0,0,0,0,0,0,0,0,30000,0,0,0,40000,10000,30000,30000
052735,燿華富邦98購01  ,0,0,0,0,0,0,0,0,0,30000,0,0,0,50000,20000,30000,30000
052719,致新凱基96購01  ,0,0,0,0,0,0,0,0,0,30000,0,0,0,30000,0,30000,30000
052726,鴻海元富96購03  ,0,0,0,0,0,0,0,0,0,30000,0,0,0,230000,200000,30000,30000
052769,達興群益96購01  ,0,0,0,0,0,0,0,0,0,30000,0,0,0,30000,0,30000,30000
052633,國巨凱基96購05  ,0,0,0,0,0,0,0,0,0,30000,0,0,0,41000,11000,30000,30000
052660,京元電國票97購01,0,0,0,0,0,0,0,0,0,30000,0,0,0,30000,0,30000,30000
052564,美食日盛96購01  ,0,0,0,0,0,0,0,0,0,30000,0,0,0,50000,20000,30000,30000
052553,技嘉國票96購01  ,0,0,0,0,0,0,0,0,0,30000,0,0,0,30000,0,30000,30000
052481,利勤群益95購01  ,0,0,0,0,0,0,0,0,0,30000,0,0,0,30000,0,30000,30000
1528,恩德            ,34000,4000,30000,0,0,0,0,0,0,0,0,0,0,0,0,0,30000
06132P,正文元富97售01  ,0,0,0,0,0,0,0,0,0,30000,0,0,0,31000,1000,30000,30000
06149P,台積電元大97售18,0,0,0,0,0,0,0,0,0,30000,0,0,0,91000,61000,30000,30000
05992P,華通元大96售05  ,0,0,0,0,0,0,0,0,0,30000,0,0,0,37000,7000,30000,30000
06438P,玉晶光國票99售02,0,0,0,0,0,0,0,0,0,30000,0,0,0,50000,20000,30000,30000
06298P,聯發科元大97售20,0,0,0,0,0,0,0,0,0,30000,0,0,0,30000,0,30000,30000
06200P,聯發科元大97售18,0,0,0,0,0,0,0,0,0,30000,0,0,0,30000,0,30000,30000
06205P,台積電群益97售03,0,0,0,0,0,0,0,0,0,30000,0,0,0,38000,8000,30000,30000
06359P,上銀群益97售03  ,0,0,0,0,0,0,0,0,0,30000,0,0,0,31000,1000,30000,30000
056209,超眾永豐97購02  ,0,0,0,0,0,0,0,0,0,30000,0,0,0,204000,174000,30000,30000
054945,正崴元大97購01  ,0,0,0,0,0,0,0,0,0,29000,0,0,0,100000,71000,29000,29000
054110,群創凱基98購09  ,0,0,0,0,0,0,0,0,0,29000,0,0,0,72000,43000,29000,29000
054210,台光電國票97購03,0,0,0,0,0,0,0,0,0,29000,0,0,0,127000,98000,29000,29000
054650,南亞麥證97購01  ,0,0,0,30000,1000,29000,0,0,0,29000,0,0,0,30000,1000,29000,29000
054469,同欣電凱基97購01,0,0,0,0,0,0,0,0,0,29000,0,0,0,29000,0,29000,29000
04050P,創意元大93售05  ,0,0,0,0,0,0,0,0,0,29000,0,0,0,29000,0,29000,29000
04363P,儒鴻元富94售01  ,0,0,0,0,0,0,0,0,0,29000,0,0,0,34000,5000,29000,29000
04376P,漢唐元大94售04  ,0,0,0,0,0,0,0,0,0,29000,0,0,0,37000,8000,29000,29000
04195P,上海銀永豐93售01,0,0,0,0,0,0,0,0,0,29000,0,0,0,30000,1000,29000,29000
049694,華新科元大95購06,0,0,0,0,0,0,0,0,0,29000,0,0,0,62000,33000,29000,29000
049179,高鐵凱基94購01  ,0,0,0,0,0,0,0,0,0,29000,0,0,0,191000,162000,29000,29000
048102,矽力凱基94購01  ,0,0,0,0,0,0,0,0,0,29000,0,0,0,30000,1000,29000,29000
050213,華新科台新94購03,0,0,0,0,0,0,0,0,0,29000,0,0,0,46000,17000,29000,29000
052454,力成元大95購02  ,0,0,0,0,0,0,0,0,0,29000,0,0,0,51000,22000,29000,29000
052395,上証2X凱基97購01,0,0,0,0,0,0,0,0,0,29000,0,0,0,50000,21000,29000,29000
052257,燿華國泰96購01  ,0,0,0,0,0,0,0,0,0,29000,0,0,0,100000,71000,29000,29000
052579,亞泥元富96購01  ,0,0,0,0,0,0,0,0,0,29000,0,0,0,70000,41000,29000,29000
052662,華新科國票97購01,0,0,0,0,0,0,0,0,0,29000,0,0,0,34000,5000,29000,29000
052647,晶技永豐97購01  ,0,0,0,0,0,0,0,0,0,29000,0,0,0,49000,20000,29000,29000
053088,奇鋐元大98購01  ,0,0,0,0,0,0,0,0,0,29000,0,0,0,30000,1000,29000,29000
050947,聯發科群益95購01,0,0,0,0,0,0,0,0,0,29000,0,0,0,40000,11000,29000,29000
050756,京元電元富94購03,0,0,0,0,0,0,0,0,0,29000,0,0,0,39000,10000,29000,29000
052024,臺股指永豐95購04,0,0,0,0,0,0,0,0,0,29000,0,0,0,29000,0,29000,29000
052132,旺宏凱基9B購01  ,0,0,0,0,0,0,0,0,0,29000,0,0,0,57000,28000,29000,29000
05740P,宏達電元富96售01,0,0,0,0,0,0,0,0,0,29000,0,0,0,39000,10000,29000,29000
05806P,宏達電永豐96售03,0,0,0,0,0,0,0,0,0,29000,0,0,0,70000,41000,29000,29000
06409P,康友元富97售03  ,0,0,0,0,0,0,0,0,0,29000,0,0,0,30000,1000,29000,29000
06089P,矽創永豐97售01  ,0,0,0,0,0,0,0,0,0,29000,0,0,0,29000,0,29000,29000
2406,國碩            ,164000,134000,30000,0,0,0,0,0,0,-1000,0,1000,-1000,0,0,0,29000
054288,華邦電元大96購05,0,0,0,0,0,0,0,0,0,28000,0,0,0,140000,112000,28000,28000
053922,亞光國票96購01  ,0,0,0,0,0,0,0,0,0,28000,0,0,0,30000,2000,28000,28000
053588,聯發科元大97購07,0,0,0,0,0,0,0,0,0,28000,0,0,0,49000,21000,28000,28000
053444,奇力新凱基96購03,0,0,0,0,0,0,0,0,0,28000,0,0,0,357000,329000,28000,28000
053490,為升兆豐97購01  ,0,0,0,0,0,0,0,0,0,28000,0,0,0,167000,139000,28000,28000
054870,新日興群益98購01,0,0,0,0,0,0,0,0,0,28000,0,0,0,64000,36000,28000,28000
054914,億光凱基98購01  ,0,0,0,0,0,0,0,0,0,28000,0,0,0,38000,10000,28000,28000
03637C,臺股指凱基94牛18,0,0,0,0,0,0,0,0,0,28000,0,0,0,28000,0,28000,28000
03420B,臺股指元大95熊31,0,0,0,0,0,0,0,0,0,28000,0,0,0,28000,0,28000,28000
046914,友達台新96購01  ,0,0,0,0,0,0,0,0,0,28000,0,0,0,28000,0,28000,28000
049101,聯詠國泰95購01  ,0,0,0,0,0,0,0,0,0,28000,0,0,0,34000,6000,28000,28000
044875,玉晶光統一93購01,0,0,0,0,0,0,0,0,0,28000,0,0,0,38000,10000,28000,28000
050240,聯發科凱基94購13,0,0,0,0,0,0,0,0,0,28000,0,0,0,32000,4000,28000,28000
049397,台達電群益94購03,0,0,0,0,0,0,0,0,0,28000,0,0,0,48000,20000,28000,28000
048293,聯詠群益93購04  ,0,0,0,0,0,0,0,0,0,28000,0,0,0,50000,22000,28000,28000
049835,緯穎凱基94購05  ,0,0,0,0,0,0,0,0,0,28000,0,0,0,49000,21000,28000,28000
049438,嘉晶國泰96購01  ,0,0,0,0,0,0,0,0,0,28000,0,0,0,45000,17000,28000,28000
047742,友達統一93購04  ,0,0,0,0,0,0,0,0,0,28000,0,0,0,60000,32000,28000,28000
047676,臺股指元富99購01,0,0,0,0,0,0,0,0,0,28000,0,0,0,38000,10000,28000,28000
05147P,鴻海元大95售11  ,0,0,0,0,0,0,0,0,0,28000,0,0,0,190000,162000,28000,28000
051211,道瓊反統一95購01,0,0,0,0,0,0,0,0,0,28000,0,0,0,28000,0,28000,28000
052407,樺漢凱基95購01  ,0,0,0,0,0,0,0,0,0,28000,0,0,0,40000,12000,28000,28000
06268P,聯詠凱基97售02  ,0,0,0,0,0,0,0,0,0,28000,0,0,0,28000,0,28000,28000
056029,國巨麥證98購01  ,0,0,0,30000,2000,28000,0,0,0,28000,0,0,0,30000,2000,28000,28000
056110,嘉聯益永豐97購02,0,0,0,0,0,0,0,0,0,28000,0,0,0,93000,65000,28000,28000
056088,台郡統一97購02  ,0,0,0,0,0,0,0,0,0,28000,0,0,0,57000,29000,28000,28000
054783,國巨群益98購04  ,0,0,0,0,0,0,0,0,0,27000,0,0,0,42000,15000,27000,27000
055739,健鼎元富97購01  ,0,0,0,0,0,0,0,0,0,27000,0,0,0,43000,16000,27000,27000
055474,欣興凱基97購05  ,0,0,0,0,0,0,0,0,0,27000,0,0,0,338000,311000,27000,27000
055582,亞德客元大97購01,0,0,0,0,0,0,0,0,0,27000,0,0,0,218000,191000,27000,27000
053477,大立光元大97購03,0,0,0,0,0,0,0,0,0,27000,0,0,0,69000,42000,27000,27000
053941,國巨國泰96購05  ,0,0,0,0,0,0,0,0,0,27000,0,0,0,461000,434000,27000,27000
053755,亞光元富96購01  ,0,0,0,0,0,0,0,0,0,27000,0,0,0,47000,20000,27000,27000
044898,旺宏凱基93購01  ,0,0,0,0,0,0,0,0,0,27000,0,0,0,82000,55000,27000,27000
049040,亞光兆豐95購01  ,0,0,0,0,0,0,0,0,0,27000,0,0,0,80000,53000,27000,27000
045874,東元元富92購01  ,0,0,0,0,0,0,0,0,0,27000,0,0,0,37000,10000,27000,27000
045856,南亞科國泰94購01,0,0,0,0,0,0,0,0,0,27000,0,0,0,32000,5000,27000,27000
046318,聯詠元大92購04  ,0,0,0,0,0,0,0,0,0,27000,0,0,0,27000,0,27000,27000
046197,日月光凱基92購04,0,0,0,0,0,0,0,0,0,27000,0,0,0,30000,3000,27000,27000
044003,聯發科兆豐93購01,0,0,0,0,0,0,0,0,0,27000,0,0,0,151000,124000,27000,27000
047711,華新科凱基94購03,0,0,0,0,0,0,0,0,0,27000,0,0,0,40000,13000,27000,27000
049472,楠梓電永豐95購01,0,0,0,0,0,0,0,0,0,27000,0,0,0,27000,0,27000,27000
049172,鴻海凱基94購14  ,0,0,0,0,0,0,0,0,0,27000,0,0,0,58000,31000,27000,27000
055336,茂林兆豐98購01  ,0,0,0,0,0,0,0,0,0,27000,0,0,0,72000,45000,27000,27000
050704,復盛凱基94購03  ,0,0,0,0,0,0,0,0,0,27000,0,0,0,47000,20000,27000,27000
052793,健鼎兆豐96購01  ,0,0,0,0,0,0,0,0,0,27000,0,0,0,50000,23000,27000,27000
052824,揚明光永豐96購02,0,0,0,0,0,0,0,0,0,27000,0,0,0,153000,126000,27000,27000
051193,新日興兆豐96購01,0,0,0,0,0,0,0,0,0,27000,0,0,0,27000,0,27000,27000
051483,玉晶光凱基96購02,0,0,0,0,0,0,0,0,0,27000,0,0,0,85000,58000,27000,27000
052099,臺股指富邦95購02,0,0,0,0,0,0,0,0,0,27000,0,0,0,34000,7000,27000,27000
06068P,玉晶光康和97售01,0,0,0,0,0,0,0,0,0,27000,0,0,0,70000,43000,27000,27000
053752,超眾永豐96購02  ,0,0,0,0,0,0,0,0,0,26000,0,0,0,26000,0,26000,26000
05387P,鴻海元大95售21  ,0,0,0,0,0,0,0,0,0,26000,0,0,0,195000,169000,26000,26000
054343,世紀鋼元富96購02,0,0,0,0,0,0,0,0,0,26000,0,0,0,26000,0,26000,26000
054410,國巨元大96購14  ,0,0,0,0,0,0,0,0,0,26000,0,0,0,148000,122000,26000,26000
055699,康控國票97購04  ,0,0,0,0,0,0,0,0,0,26000,0,0,0,126000,100000,26000,26000
054879,大成鋼統一97購01,0,0,0,0,0,0,0,0,0,26000,0,0,0,26000,0,26000,26000
043948,台表科兆豐92購01,0,0,0,0,0,0,0,0,0,26000,0,0,0,26000,0,26000,26000
020000,富邦特選蘋果N   ,0,0,0,0,0,0,0,0,0,26000,0,0,0,285000,259000,26000,26000
043652,微星國泰93購01  ,0,0,0,0,0,0,0,0,0,26000,0,0,0,32000,6000,26000,26000
046577,東元元大92購02  ,0,0,0,0,0,0,0,0,0,26000,0,0,0,27000,1000,26000,26000
046182,燿華凱基93購04  ,0,0,0,0,0,0,0,0,0,26000,0,0,0,26000,0,26000,26000
046893,華新科群益94購01,0,0,0,0,0,0,0,0,0,26000,0,0,0,90000,64000,26000,26000
046142,康舒統一93購01  ,0,0,0,0,0,0,0,0,0,26000,0,0,0,36000,10000,26000,26000
048940,晶相光永豐94購01,0,0,0,0,0,0,0,0,0,26000,0,0,0,26000,0,26000,26000
047026,大毅元大93購02  ,0,0,0,0,0,0,0,0,0,26000,0,0,0,26000,0,26000,26000
055332,奇力新兆豐98購01,0,0,0,0,0,0,0,0,0,26000,0,0,0,578000,552000,26000,26000
050044,聯詠兆豐94購02  ,0,0,0,0,0,0,0,0,0,26000,0,0,0,26000,0,26000,26000
049966,旺宏國票95購02  ,0,0,0,0,0,0,0,0,0,26000,0,0,0,58000,32000,26000,26000
049289,樺漢兆豐94購01  ,0,0,0,0,0,0,0,0,0,26000,0,0,0,30000,4000,26000,26000
049449,宏碁統一94購01  ,0,0,0,0,0,0,0,0,0,26000,0,0,0,48000,22000,26000,26000
047696,聯發科國票94購02,0,0,0,0,0,0,0,0,0,26000,0,0,0,130000,104000,26000,26000
047245,聯發科群益94購03,0,0,0,0,0,0,0,0,0,26000,0,0,0,82000,56000,26000,26000
047343,台達電中信95購01,0,0,0,0,0,0,0,0,0,26000,0,0,0,48000,22000,26000,26000
051470,玉晶光日盛95購01,0,0,0,0,0,0,0,0,0,26000,0,0,0,35000,9000,26000,26000
051495,玉晶光第一95購02,0,0,0,0,0,0,0,0,0,26000,0,0,0,46000,20000,26000,26000
051428,玉晶光統一96購01,0,0,0,0,0,0,0,0,0,26000,0,0,0,36000,10000,26000,26000
051063,台郡群益95購01  ,0,0,0,0,0,0,0,0,0,26000,0,0,0,26000,0,26000,26000
052494,百和中信95購02  ,0,0,0,0,0,0,0,0,0,26000,0,0,0,26000,0,26000,26000
053199,旺宏日盛96購01  ,0,0,0,0,0,0,0,0,0,26000,0,0,0,26000,0,26000,26000
06157P,聯鈞統一97售02  ,0,0,0,0,0,0,0,0,0,26000,0,0,0,28000,2000,26000,26000
05741P,聯發科元大96售14,0,0,0,0,0,0,0,0,0,26000,0,0,0,223000,197000,26000,26000
6206,飛捷            ,72000,45000,27000,0,0,0,0,0,0,-1000,0,1000,-1000,0,0,0,26000
054970,帆宣元大97購01  ,0,0,0,0,0,0,0,0,0,25000,0,0,0,25000,0,25000,25000
054823,祥碩元大97購02  ,0,0,0,0,0,0,0,0,0,25000,0,0,0,40000,15000,25000,25000
055236,建準台新98購01  ,0,0,0,0,0,0,0,0,0,25000,0,0,0,25000,0,25000,25000
055082,台郡中信97購01  ,0,0,0,0,0,0,0,0,0,25000,0,0,0,29000,4000,25000,25000
055022,精元國泰99購01  ,0,0,0,0,0,0,0,0,0,25000,0,0,0,40000,15000,25000,25000
055914,大立光凱基97購13,0,0,0,0,0,0,0,0,0,25000,0,0,0,30000,5000,25000,25000
055619,同欣電國票98購02,0,0,0,0,0,0,0,0,0,25000,0,0,0,45000,20000,25000,25000
055510,GIS元大97購03   ,0,0,0,0,0,0,0,0,0,25000,0,0,0,25000,0,25000,25000
05445P,聯詠元大95售05  ,0,0,0,0,0,0,0,0,0,25000,0,0,0,25000,0,25000,25000
053495,聯發科兆豐96購02,0,0,0,0,0,0,0,0,0,25000,0,0,0,25000,0,25000,25000
053546,台積電凱基96購13,0,0,0,0,0,0,0,0,0,25000,0,0,0,25000,0,25000,25000
053591,大立光元大99購03,0,0,0,0,0,0,0,0,0,25000,0,0,0,25000,0,25000,25000
048795,復盛元大94購01  ,0,0,0,0,0,0,0,0,0,25000,0,0,0,25000,0,25000,25000
046089,南亞科兆豐92購01,0,0,0,0,0,0,0,0,0,25000,0,0,0,25000,0,25000,25000
04714P,上海銀元大94售01,0,0,0,0,0,0,0,0,0,25000,0,0,0,25000,0,25000,25000
045824,嘉聯益凱基93購02,0,0,0,0,0,0,0,0,0,25000,0,0,0,130000,105000,25000,25000
046273,和碩凱基92購02  ,0,0,0,0,0,0,0,0,0,25000,0,0,0,25000,0,25000,25000
044689,超眾凱基93購03  ,0,0,0,0,0,0,0,0,0,25000,0,0,0,25000,0,25000,25000
045446,鴻海國泰94購01  ,0,0,0,0,0,0,0,0,0,25000,0,0,0,25000,0,25000,25000
04556P,大成鋼群益94售02,0,0,0,0,0,0,0,0,0,25000,0,0,0,25000,0,25000,25000
03247P,聯電元富03售02  ,0,0,0,0,0,0,0,0,0,25000,0,0,0,25000,0,25000,25000
03977P,上海銀元大93售01,0,0,0,0,0,0,0,0,0,25000,0,0,0,55000,30000,25000,25000
044277,彩晶群益92購01  ,0,0,0,0,0,0,0,0,0,25000,0,0,0,25000,0,25000,25000
04773P,金融類元大94售01,0,0,0,0,0,0,0,0,0,25000,0,0,0,25000,0,25000,25000
049329,元上證統一94購02,0,0,0,0,0,0,0,0,0,25000,0,0,0,25000,0,25000,25000
047526,可成元大93購08  ,0,0,0,0,0,0,0,0,0,25000,0,0,0,25000,0,25000,25000
049961,GIS統一94購01   ,0,0,0,0,0,0,0,0,0,25000,0,0,0,110000,85000,25000,25000
047992,東陽元大96購01  ,0,0,0,0,0,0,0,0,0,25000,0,0,0,25000,0,25000,25000
048031,全新凱基93購02  ,0,0,0,0,0,0,0,0,0,25000,0,0,0,25000,0,25000,25000
050381,鴻海兆豐94購01  ,0,0,0,0,0,0,0,0,0,25000,0,0,0,118000,93000,25000,25000
050149,東元群益94購01  ,0,0,0,0,0,0,0,0,0,25000,0,0,0,36000,11000,25000,25000
050596,昇陽半永豐94購03,0,0,0,0,0,0,0,0,0,25000,0,0,0,25000,0,25000,25000
050652,大立光凱基96購03,0,0,0,0,0,0,0,0,0,25000,0,0,0,30000,5000,25000,25000
053064,國巨群益96購04  ,0,0,0,0,0,0,0,0,0,25000,0,0,0,39000,14000,25000,25000
052870,玉晶光凱基96購03,0,0,0,0,0,0,0,0,0,25000,0,0,0,25000,0,25000,25000
052953,百和國票97購01  ,0,0,0,0,0,0,0,0,0,25000,0,0,0,25000,0,25000,25000
052384,臺股指元大95購30,0,0,0,0,0,0,0,0,0,25000,0,0,0,25000,0,25000,25000
052666,瑞昱群益96購01  ,0,0,0,0,0,0,0,0,0,25000,0,0,0,36000,11000,25000,25000
052536,聯茂國泰97購01  ,0,0,0,0,0,0,0,0,0,25000,0,0,0,25000,0,25000,25000
051015,南亞科凱基95購04,0,0,0,0,0,0,0,0,0,25000,0,0,0,25000,0,25000,25000
5706,鳳凰            ,27000,1000,26000,0,0,0,0,0,0,-1000,0,1000,-1000,0,0,0,25000
5515,建國            ,28000,5000,23000,0,0,0,0,0,0,2000,2000,0,2000,0,0,0,25000
1449,佳和            ,48000,23000,25000,0,0,0,0,0,0,0,0,0,0,0,0,0,25000
1786,科妍            ,40000,8000,32000,0,0,0,0,0,0,-7000,0,7000,-7000,0,0,0,25000
05761P,嘉澤永豐96售01  ,0,0,0,0,0,0,0,0,0,25000,0,0,0,25000,0,25000,25000
056180,南茂元富97購01  ,0,0,0,0,0,0,0,0,0,25000,0,0,0,50000,25000,25000,25000
05972P,瑞昱元大96售01  ,0,0,0,0,0,0,0,0,0,25000,0,0,0,31000,6000,25000,25000
06207P,聯發科凱基97售07,0,0,0,0,0,0,0,0,0,25000,0,0,0,45000,20000,25000,25000
053840,燿華統一96購02  ,0,0,0,0,0,0,0,0,0,24000,0,0,0,162000,138000,24000,24000
055747,康舒元富97購01  ,0,0,0,0,0,0,0,0,0,24000,0,0,0,24000,0,24000,24000
05473P,聯詠統一97售02  ,0,0,0,0,0,0,0,0,0,24000,0,0,0,54000,30000,24000,24000
054918,華新科凱基98購02,0,0,0,0,0,0,0,0,0,24000,0,0,0,55000,31000,24000,24000
044187,泰鼎國泰93購01  ,0,0,0,0,0,0,0,0,0,24000,0,0,0,24000,0,24000,24000
03904P,啟碁統一93售01  ,0,0,0,0,0,0,0,0,0,24000,0,0,0,26000,2000,24000,24000
042705,台積電亞東93購01,0,0,0,0,0,0,0,0,0,24000,0,0,0,27000,3000,24000,24000
046802,聯電元大93購01  ,0,0,0,0,0,0,0,0,0,24000,0,0,0,30000,6000,24000,24000
04574P,台達電統一94售05,0,0,0,0,0,0,0,0,0,24000,0,0,0,30000,6000,24000,24000
050455,貿聯元大94購02  ,0,0,0,0,0,0,0,0,0,24000,0,0,0,42000,18000,24000,24000
050397,力成元富94購01  ,0,0,0,0,0,0,0,0,0,24000,0,0,0,226000,202000,24000,24000
048105,滬深2X群益99購02,0,0,0,0,0,0,0,0,0,24000,0,0,0,166000,142000,24000,24000
04913P,聯詠元富94售02  ,0,0,0,0,0,0,0,0,0,24000,0,0,0,24000,0,24000,24000
049342,聯發科統一94購05,0,0,0,0,0,0,0,0,0,24000,0,0,0,108000,84000,24000,24000
047393,景碩元大93購02  ,0,0,0,0,0,0,0,0,0,24000,0,0,0,38000,14000,24000,24000
049485,台積電元大96購03,0,0,0,0,0,0,0,0,0,24000,0,0,0,42000,18000,24000,24000
049821,中石化凱基94購02,0,0,0,0,0,0,0,0,0,24000,0,0,0,24000,0,24000,24000
051183,建準永豐95購02  ,0,0,0,0,0,0,0,0,0,24000,0,0,0,24000,0,24000,24000
051760,奇力新元大95購04,0,0,0,0,0,0,0,0,0,24000,0,0,0,42000,18000,24000,24000
051643,瑞昱康和95購01  ,0,0,0,0,0,0,0,0,0,24000,0,0,0,68000,44000,24000,24000
052430,泰碩永豐95購02  ,0,0,0,0,0,0,0,0,0,24000,0,0,0,24000,0,24000,24000
05954P,旺宏國票97售03  ,0,0,0,0,0,0,0,0,0,24000,0,0,0,36000,12000,24000,24000
05896P,宏達電群益96售03,0,0,0,0,0,0,0,0,0,24000,0,0,0,44000,20000,24000,24000
056133,可成元大97購05  ,0,0,0,0,0,0,0,0,0,24000,0,0,0,24000,0,24000,24000
2499,東貝            ,83000,57000,26000,0,0,0,0,0,0,-2000,0,2000,-2000,0,0,0,24000
5225,東科-KY         ,55000,32000,23000,0,0,0,0,0,0,1000,1000,0,1000,0,0,0,24000
6283,淳安            ,57000,32000,25000,0,0,0,0,0,0,-1000,0,1000,-1000,0,0,0,24000
055265,玉晶光永豐98購03,0,0,0,0,0,0,0,0,0,23000,0,0,0,65000,42000,23000,23000
055476,台郡凱基97購02  ,0,0,0,0,0,0,0,0,0,23000,0,0,0,27000,4000,23000,23000
055470,南亞科凱基97購01,0,0,0,0,0,0,0,0,0,23000,0,0,0,23000,0,23000,23000
055537,康友群益97購03  ,0,0,0,0,0,0,0,0,0,23000,0,0,0,34000,11000,23000,23000
053541,泰鼎永豐96購02  ,0,0,0,0,0,0,0,0,0,23000,0,0,0,23000,0,23000,23000
053459,康控國泰97購01  ,0,0,0,0,0,0,0,0,0,23000,0,0,0,108000,85000,23000,23000
054479,緯創中信98購01  ,0,0,0,0,0,0,0,0,0,23000,0,0,0,63000,40000,23000,23000
054555,欣興凱基98購01  ,0,0,0,0,0,0,0,0,0,23000,0,0,0,80000,57000,23000,23000
054558,劍麟群益99購01  ,0,0,0,0,0,0,0,0,0,23000,0,0,0,60000,37000,23000,23000
045859,華通統一92購01  ,0,0,0,0,0,0,0,0,0,23000,0,0,0,23000,0,23000,23000
045881,同欣電元富92購01,0,0,0,0,0,0,0,0,0,23000,0,0,0,23000,0,23000,23000
04647P,上海銀凱基94售04,0,0,0,0,0,0,0,0,0,23000,0,0,0,23000,0,23000,23000
048697,華新科國票94購06,0,0,0,0,0,0,0,0,0,23000,0,0,0,76000,53000,23000,23000
044966,台表科中信94購01,0,0,0,0,0,0,0,0,0,23000,0,0,0,24000,1000,23000,23000
045280,儒鴻富邦94購01  ,0,0,0,0,0,0,0,0,0,23000,0,0,0,31000,8000,23000,23000
04506P,旺宏元大94售06  ,0,0,0,0,0,0,0,0,0,23000,0,0,0,50000,27000,23000,23000
045634,友達凱基93購02  ,0,0,0,0,0,0,0,0,0,23000,0,0,0,94000,71000,23000,23000
049679,臺股指國票94購12,0,0,0,0,0,0,0,0,0,23000,0,0,0,33000,10000,23000,23000
047404,香港2X統一94購01,0,0,0,0,0,0,0,0,0,23000,0,0,0,23000,0,23000,23000
050342,華通元富94購02  ,0,0,0,0,0,0,0,0,0,23000,0,0,0,199000,176000,23000,23000
050653,聯鈞凱基96購01  ,0,0,0,0,0,0,0,0,0,23000,0,0,0,90000,67000,23000,23000
050693,鴻海凱基96購05  ,0,0,0,0,0,0,0,0,0,23000,0,0,0,28000,5000,23000,23000
052499,合勤控永豐95購01,0,0,0,0,0,0,0,0,0,23000,0,0,0,23000,0,23000,23000
051591,玉晶光元大97購01,0,0,0,0,0,0,0,0,0,23000,0,0,0,55000,32000,23000,23000
051876,宏達電國票96購01,0,0,0,0,0,0,0,0,0,23000,0,0,0,45000,22000,23000,23000
051092,禾伸堂元大95購02,0,0,0,0,0,0,0,0,0,23000,0,0,0,172000,149000,23000,23000
051348,國巨元大95購07  ,0,0,0,0,0,0,0,0,0,23000,0,0,0,36000,13000,23000,23000
05744P,台表科元大96售04,0,0,0,0,0,0,0,0,0,23000,0,0,0,25000,2000,23000,23000
054445,技嘉兆豐96購01  ,0,0,0,0,0,0,0,0,0,22000,0,0,0,60000,38000,22000,22000
054281,世芯群益97購01  ,0,0,0,0,0,0,0,0,0,22000,0,0,0,55000,33000,22000,22000
054109,南亞科凱基96購05,0,0,0,0,0,0,0,0,0,22000,0,0,0,33000,11000,22000,22000
053748,燿華永豐96購04  ,0,0,0,0,0,0,0,0,0,22000,0,0,0,91000,69000,22000,22000
054045,奇力新元大97購03,0,0,0,0,0,0,0,0,0,22000,0,0,0,189000,167000,22000,22000
055430,宏達電群益97購01,0,0,0,0,0,0,0,0,0,22000,0,0,0,22000,0,22000,22000
055866,臺股指元大97購03,0,0,0,0,0,0,0,0,0,22000,0,0,0,322000,300000,22000,22000
055218,彩晶凱基99購01  ,0,0,0,0,0,0,0,0,0,22000,0,0,0,22000,0,22000,22000
05509P,智邦元富96售02  ,0,0,0,0,0,0,0,0,0,22000,0,0,0,22000,0,22000,22000
054862,群光群益97購01  ,0,0,0,0,0,0,0,0,0,22000,0,0,0,22000,0,22000,22000
046738,台積電群益93購05,0,0,0,0,0,0,0,0,0,22000,0,0,0,37000,15000,22000,22000
042556,台灣50中信96購04,0,0,0,0,0,0,0,0,0,22000,0,0,0,130000,108000,22000,22000
04247P,宏達電永豐93售02,0,0,0,0,0,0,0,0,0,22000,0,0,0,46000,24000,22000,22000
03184P,台積電元大01售48,0,0,0,0,0,0,0,0,0,22000,0,0,0,42000,20000,22000,22000
04163P,可成統一93售03  ,0,0,0,0,0,0,0,0,0,22000,0,0,0,28000,6000,22000,22000
048683,日月光富邦93購01,0,0,0,0,0,0,0,0,0,22000,0,0,0,22000,0,22000,22000
046389,百和凱基93購04  ,0,0,0,0,0,0,0,0,0,22000,0,0,0,22000,0,22000,22000
047149,聯鈞群益93購01  ,0,0,0,0,0,0,0,0,0,22000,0,0,0,22000,0,22000,22000
04713P,創意元大95售01  ,0,0,0,0,0,0,0,0,0,22000,0,0,0,25000,3000,22000,22000
055308,聯發科群益97購04,0,0,0,0,0,0,0,0,0,22000,0,0,0,22000,0,22000,22000
050253,百和國泰96購01  ,0,0,0,0,0,0,0,0,0,22000,0,0,0,71000,49000,22000,22000
047895,台積電群益94購04,0,0,0,0,0,0,0,0,0,22000,0,0,0,196000,174000,22000,22000
048227,亞光凱基93購05  ,0,0,0,0,0,0,0,0,0,22000,0,0,0,34000,12000,22000,22000
048118,百和群益94購03  ,0,0,0,0,0,0,0,0,0,22000,0,0,0,22000,0,22000,22000
047964,元油反中信95購01,0,0,0,0,0,0,0,0,0,22000,0,0,0,22000,0,22000,22000
047437,旺宏元大94購02  ,0,0,0,0,0,0,0,0,0,22000,0,0,0,119000,97000,22000,22000
047703,台積電凱基93購19,0,0,0,0,0,0,0,0,0,22000,0,0,0,24000,2000,22000,22000
049584,台積電元大96購04,0,0,0,0,0,0,0,0,0,22000,0,0,0,73000,51000,22000,22000
049208,台郡群益94購01  ,0,0,0,0,0,0,0,0,0,22000,0,0,0,22000,0,22000,22000
051382,玉晶光群益98購02,0,0,0,0,0,0,0,0,0,22000,0,0,0,22000,0,22000,22000
050933,南亞國票95購01  ,0,0,0,0,0,0,0,0,0,22000,0,0,0,125000,103000,22000,22000
050844,大立光國票96購01,0,0,0,0,0,0,0,0,0,22000,0,0,0,32000,10000,22000,22000
052155,百和台新95購01  ,0,0,0,0,0,0,0,0,0,22000,0,0,0,39000,17000,22000,22000
052029,矽力群益95購02  ,0,0,0,0,0,0,0,0,0,22000,0,0,0,107000,85000,22000,22000
052249,大成鋼永豐95購01,0,0,0,0,0,0,0,0,0,22000,0,0,0,39000,17000,22000,22000
052819,義隆永豐96購01  ,0,0,0,0,0,0,0,0,0,22000,0,0,0,32000,10000,22000,22000
052854,聯詠日盛96購01  ,0,0,0,0,0,0,0,0,0,22000,0,0,0,32000,10000,22000,22000
05671P,友達國泰97售03  ,0,0,0,0,0,0,0,0,0,22000,0,0,0,22000,0,22000,22000
056020,義隆群益97購01  ,0,0,0,0,0,0,0,0,0,22000,0,0,0,22000,0,22000,22000
06356P,啟碁永豐97售01  ,0,0,0,0,0,0,0,0,0,22000,0,0,0,22000,0,22000,22000
2413,環科            ,41000,18000,23000,0,0,0,0,0,0,-1000,0,1000,-1000,0,0,0,22000
055233,康友國票98購01  ,0,0,0,0,0,0,0,0,0,21000,0,0,0,21000,0,21000,21000
055229,大毅國票97購02  ,0,0,0,0,0,0,0,0,0,21000,0,0,0,140000,119000,21000,21000
055360,台表科凱基97購02,0,0,0,0,0,0,0,0,0,21000,0,0,0,31000,10000,21000,21000
055892,國巨統一99購01  ,0,0,0,0,0,0,0,0,0,21000,0,0,0,60000,39000,21000,21000
055923,矽力凱基98購01  ,0,0,0,0,0,0,0,0,0,21000,0,0,0,40000,19000,21000,21000
055416,欣興富邦98購01  ,0,0,0,0,0,0,0,0,0,21000,0,0,0,121000,100000,21000,21000
055445,旺宏統一99購01  ,0,0,0,0,0,0,0,0,0,21000,0,0,0,70000,49000,21000,21000
055538,鴻海日盛97購04  ,0,0,0,0,0,0,0,0,0,21000,0,0,0,108000,87000,21000,21000
053988,友達亞東96購01  ,0,0,0,0,0,0,0,0,0,21000,0,0,0,21000,0,21000,21000
053955,華通永豐96購04  ,0,0,0,0,0,0,0,0,0,21000,0,0,0,21000,0,21000,21000
053494,南亞科兆豐96購02,0,0,0,0,0,0,0,0,0,21000,0,0,0,34000,13000,21000,21000
053479,達興元大96購01  ,0,0,0,0,0,0,0,0,0,21000,0,0,0,21000,0,21000,21000
054173,奇力新台新97購02,0,0,0,0,0,0,0,0,0,21000,0,0,0,222000,201000,21000,21000
054277,亞光群益97購01  ,0,0,0,0,0,0,0,0,0,21000,0,0,0,22000,1000,21000,21000
054231,國巨群益98購03  ,0,0,0,0,0,0,0,0,0,21000,0,0,0,21000,0,21000,21000
054389,為升元富96購02  ,0,0,0,0,0,0,0,0,0,21000,0,0,0,166000,145000,21000,21000
047145,鴻海群益95購01  ,0,0,0,0,0,0,0,0,0,21000,0,0,0,21000,0,21000,21000
047098,大毅國泰94購01  ,0,0,0,0,0,0,0,0,0,21000,0,0,0,21000,0,21000,21000
046357,聯發科台新92購01,0,0,0,0,0,0,0,0,0,21000,0,0,0,21000,0,21000,21000
046501,友達元大92購05  ,0,0,0,0,0,0,0,0,0,21000,0,0,0,21000,0,21000,21000
020008,元大特股高息N   ,0,0,0,0,0,0,0,0,0,21000,0,0,0,38000,17000,21000,21000
043647,台積電國票92購01,0,0,0,0,0,0,0,0,0,21000,0,0,0,21000,0,21000,21000
04321P,國巨元大93售12  ,0,0,0,0,0,0,0,0,0,21000,0,0,0,21000,0,21000,21000
049310,台積電凱基94購15,0,0,0,0,0,0,0,0,0,21000,0,0,0,24000,3000,21000,21000
047207,晶技國泰94購01  ,0,0,0,0,0,0,0,0,0,21000,0,0,0,197000,176000,21000,21000
047298,聯茂元富96購01  ,0,0,0,0,0,0,0,0,0,21000,0,0,0,30000,9000,21000,21000
049989,臻鼎凱基94購02  ,0,0,0,0,0,0,0,0,0,21000,0,0,0,21000,0,21000,21000
047973,華通兆豐94購01  ,0,0,0,0,0,0,0,0,0,21000,0,0,0,32000,11000,21000,21000
050613,台光電元大94購09,0,0,0,0,0,0,0,0,0,21000,0,0,0,21000,0,21000,21000
050435,大立光凱基94購17,0,0,0,0,0,0,0,0,0,21000,0,0,0,21000,0,21000,21000
050556,道瓊銀統一95購01,0,0,0,0,0,0,0,0,0,21000,0,0,0,21000,0,21000,21000
050565,矽格元富94購01  ,0,0,0,0,0,0,0,0,0,21000,0,0,0,30000,9000,21000,21000
053349,台郡國票97購02  ,0,0,0,0,0,0,0,0,0,21000,0,0,0,46000,25000,21000,21000
052767,智伸科群益98購01,0,0,0,0,0,0,0,0,0,21000,0,0,0,63000,42000,21000,21000
051947,矽力統一95購01  ,0,0,0,0,0,0,0,0,0,21000,0,0,0,538000,517000,21000,21000
051940,康舒群益95購01  ,0,0,0,0,0,0,0,0,0,21000,0,0,0,42000,21000,21000,21000
051737,瑞昱國票96購01  ,0,0,0,0,0,0,0,0,0,21000,0,0,0,21000,0,21000,21000
051744,嘉聯益國票97購01,0,0,0,0,0,0,0,0,0,21000,0,0,0,157000,136000,21000,21000
050982,台積電國泰96購04,0,0,0,0,0,0,0,0,0,21000,0,0,0,111000,90000,21000,21000
05100P,智邦凱基95售02  ,0,0,0,0,0,0,0,0,0,21000,0,0,0,46000,25000,21000,21000
2342,茂矽            ,42000,20000,22000,0,0,0,0,0,0,-1000,0,1000,-1000,0,0,0,21000
6192,巨路            ,57000,35000,22000,0,0,0,0,0,0,-1000,0,1000,-1000,0,0,0,21000
3060,銘異            ,38002,17000,21002,0,0,0,0,0,0,-1000,0,1000,-1000,0,0,0,20002
054677,智易台新98購02  ,0,0,0,0,0,0,0,0,0,20000,0,0,0,73000,53000,20000,20000
054628,可成凱基98購01  ,0,0,0,0,0,0,0,0,0,20000,0,0,0,30000,10000,20000,20000
054168,貿聯凱基97購02  ,0,0,0,0,0,0,0,0,0,20000,0,0,0,20000,0,20000,20000
054156,聯電亞東98購01  ,0,0,0,0,0,0,0,0,0,20000,0,0,0,20000,0,20000,20000
054067,百和國票97購03  ,0,0,0,0,0,0,0,0,0,20000,0,0,0,20000,0,20000,20000
053521,緯穎群益96購02  ,0,0,0,0,0,0,0,0,0,20000,0,0,0,152000,132000,20000,20000
053716,京元電凱基97購01,0,0,0,0,0,0,0,0,0,20000,0,0,0,20000,0,20000,20000
053721,國泰金凱基97購01,0,0,0,0,0,0,0,0,0,20000,0,0,0,20000,0,20000,20000
053705,滬深2X凱基99購01,0,0,0,0,0,0,0,0,0,20000,0,0,0,40000,20000,20000,20000
053586,建準元大96購01  ,0,0,0,0,0,0,0,0,0,20000,0,0,0,20000,0,20000,20000
053597,牧德元大99購01  ,0,0,0,0,0,0,0,0,0,20000,0,0,0,45000,25000,20000,20000
053628,微星兆豐96購01  ,0,0,0,0,0,0,0,0,0,20000,0,0,0,40000,20000,20000,20000
054049,亞光元大96購03  ,0,0,0,0,0,0,0,0,0,20000,0,0,0,27000,7000,20000,20000
053854,聯茂國泰97購02  ,0,0,0,0,0,0,0,0,0,20000,0,0,0,20000,0,20000,20000
053816,聯發科群益96購02,0,0,0,0,0,0,0,0,0,20000,0,0,0,30000,10000,20000,20000
055665,亞德客群益97購01,30000,0,30000,0,0,0,0,0,0,-10000,0,0,0,60000,70000,-10000,20000
055407,祥碩國泰98購01  ,0,0,0,0,0,0,0,0,0,20000,0,0,0,47000,27000,20000,20000
055514,亞光麥證97購01  ,0,0,0,20000,0,20000,0,0,0,20000,0,0,0,20000,0,20000,20000
055846,大立光元大97購09,0,0,0,0,0,0,0,0,0,20000,0,0,0,20000,0,20000,20000
055746,同欣電元富97購01,0,0,0,0,0,0,0,0,0,20000,0,0,0,63000,43000,20000,20000
055693,南茂凱基97購01  ,0,0,0,0,0,0,0,0,0,20000,0,0,0,20000,0,20000,20000
05510P,燿華元富96售01  ,0,0,0,0,0,0,0,0,0,20000,0,0,0,20000,0,20000,20000
054693,神基永豐97購01  ,0,0,0,0,0,0,0,0,0,20000,0,0,0,21000,1000,20000,20000
054817,聯發科元大97購13,0,0,0,0,0,0,0,0,0,20000,0,0,0,20000,0,20000,20000
04310P,京元電統一93售03,0,3000,-3000,0,0,0,0,0,0,23000,0,0,0,23000,0,23000,20000
043019,華晶科元大94購01,0,0,0,0,0,0,0,0,0,20000,0,0,0,20000,0,20000,20000
043483,和鑫群益92購01  ,0,0,0,0,0,0,0,0,0,20000,0,0,0,20000,0,20000,20000
043529,泰鼎元大92購01  ,0,0,0,0,0,0,0,0,0,20000,0,0,0,20000,0,20000,20000
04369P,台光電凱基94售04,0,0,0,0,0,0,0,0,0,20000,0,0,0,40000,20000,20000,20000
04382P,美律國泰95售01  ,0,0,0,0,0,0,0,0,0,20000,0,0,0,36000,16000,20000,20000
04259P,滬深2X群益93售03,0,0,0,0,0,0,0,0,0,20000,0,0,0,20000,0,20000,20000
042414,漢唐元大92購01  ,0,0,0,0,0,0,0,0,0,20000,0,0,0,20000,0,20000,20000
04288P,台積電中信95售06,0,0,0,0,0,0,0,0,0,20000,0,0,0,20000,0,20000,20000
04446P,元油2X凱基94售03,0,0,0,0,0,0,0,0,0,20000,0,0,0,20000,0,20000,20000
045684,和碩元大92購02  ,0,0,0,0,0,0,0,0,0,20000,0,0,0,30000,10000,20000,20000
046653,鴻海元大93購05  ,0,0,0,0,0,0,0,0,0,20000,0,0,0,20000,0,20000,20000
046600,鴻海群益94購01  ,0,0,0,0,0,0,0,0,0,20000,0,0,0,20000,0,20000,20000
045497,台積電凱基92購09,0,0,0,0,0,0,0,0,0,20000,0,0,0,20000,0,20000,20000
041857,宏達電元大92購01,0,0,0,0,0,0,0,0,0,20000,0,0,0,20000,0,20000,20000
044601,旺宏國泰93購03  ,0,0,0,0,0,0,0,0,0,20000,0,0,0,20000,0,20000,20000
044615,聯茂兆豐93購01  ,0,0,0,0,0,0,0,0,0,20000,0,0,0,20000,0,20000,20000
044537,上銀群益92購01  ,0,0,0,0,0,0,0,0,0,20000,0,0,0,20000,0,20000,20000
03189P,玉晶光元大03售05,0,0,0,0,0,0,0,0,0,20000,0,0,0,20000,0,20000,20000
03183P,鴻海元大01售28  ,0,0,0,0,0,0,0,0,0,20000,0,0,0,30000,10000,20000,20000
03912P,臺股指元大93售36,0,0,0,0,0,0,0,0,0,20000,0,0,0,30000,10000,20000,20000
039901,國巨國泰92購01  ,0,0,0,0,0,0,0,0,0,20000,0,0,0,20000,0,20000,20000
041421,滬深2X凱基93購01,0,0,0,0,0,0,0,0,0,20000,0,0,0,20000,0,20000,20000
044646,旺宏群益93購01  ,0,0,0,0,0,0,0,0,0,20000,0,0,0,20000,0,20000,20000
044165,聯發科元大92購04,0,0,0,0,0,0,0,0,0,20000,0,0,0,20000,0,20000,20000
044105,聯詠中信95購01  ,0,0,0,0,0,0,0,0,0,20000,0,0,0,40000,20000,20000,20000
03640C,元油2X元大9B牛02,0,0,0,0,0,0,0,0,0,20000,0,0,0,20000,0,20000,20000
03414P,臺股指元大03售06,0,0,0,0,0,0,0,0,0,20000,0,0,0,20000,0,20000,20000
03408P,南電國泰02售02  ,0,0,0,0,0,0,0,0,0,20000,0,0,0,20000,0,20000,20000
03318P,台積電元富08售12,0,0,0,0,0,0,0,0,0,20000,0,0,0,20000,0,20000,20000
03368P,臺股指元大02售11,0,0,0,0,0,0,0,0,0,20000,0,0,0,20000,0,20000,20000
03567P,可成凱基02售06  ,0,0,0,0,0,0,0,0,0,20000,0,0,0,20000,0,20000,20000
04651P,臺股指凱基94售10,0,0,0,0,0,0,0,0,0,20000,0,0,0,20000,0,20000,20000
046474,創意永豐92購03  ,0,0,0,0,0,0,0,0,0,20000,0,0,0,20000,0,20000,20000
046435,聯發科群益92購06,0,0,0,0,0,0,0,0,0,20000,0,0,0,30000,10000,20000,20000
04480P,微星兆豐94售01  ,0,0,0,0,0,0,0,0,0,20000,0,0,0,20000,0,20000,20000
046406,奇力新元大92購03,0,0,0,0,0,0,0,0,0,20000,0,0,0,20000,0,20000,20000
04483P,元油2X凱基97售04,0,0,0,0,0,0,0,0,0,20000,0,0,0,30000,10000,20000,20000
046190,宏盛凱基92購01  ,0,0,0,0,0,0,0,0,0,20000,0,0,0,20000,0,20000,20000
046213,可成統一92購06  ,0,0,0,0,0,0,0,0,0,20000,0,0,0,30000,10000,20000,20000
046853,友達元大93購03  ,0,0,0,0,0,0,0,0,0,20000,0,0,0,20000,0,20000,20000
046854,可成元大93購04  ,0,0,0,0,0,0,0,0,0,20000,0,0,0,20000,0,20000,20000
047200,鴻海元富93購04  ,0,0,0,0,0,0,0,0,0,20000,0,0,0,90000,70000,20000,20000
047189,聯詠元大93購05  ,0,0,0,0,0,0,0,0,0,20000,0,0,0,20000,0,20000,20000
047129,T50反1凱基93購01,0,0,0,0,0,0,0,0,0,20000,0,0,0,20000,0,20000,20000
047172,創意永豐93購02  ,0,0,0,0,0,0,0,0,0,20000,0,0,0,20000,0,20000,20000
046941,瑞昱元大93購08  ,0,0,0,0,0,0,0,0,0,20000,0,0,0,20000,0,20000,20000
046887,華通群益93購01  ,0,0,0,0,0,0,0,0,0,20000,0,0,0,20000,0,20000,20000
045149,聯發科凱基93購02,0,0,0,0,0,0,0,0,0,20000,0,0,0,40000,20000,20000,20000
045260,可成凱基92購04  ,0,0,0,0,0,0,0,0,0,20000,0,0,0,20000,0,20000,20000
045338,鴻海凱基92購05  ,0,0,0,0,0,0,0,0,0,20000,0,0,0,20000,0,20000,20000
045344,可成凱基92購06  ,0,0,0,0,0,0,0,0,0,20000,0,0,0,30000,10000,20000,20000
045382,聯發科元大92購07,0,0,0,0,0,0,0,0,0,20000,0,0,0,20000,0,20000,20000
04542P,致伸永豐94售01  ,0,0,0,0,0,0,0,0,0,20000,0,0,0,20000,0,20000,20000
044928,玉晶光國泰93購01,0,0,0,0,0,0,0,0,0,20000,0,0,0,20000,0,20000,20000
044909,玉晶光凱基93購02,0,0,0,0,0,0,0,0,0,20000,0,0,0,20000,0,20000,20000
05053P,新日興群益95售01,0,0,0,0,0,0,0,0,0,20000,0,0,0,20000,0,20000,20000
050630,大立光亞東96購01,0,0,0,0,0,0,0,0,0,20000,0,0,0,20000,0,20000,20000
050695,台積電凱基94購40,0,0,0,0,0,0,0,0,0,20000,0,0,0,20000,0,20000,20000
050690,台達電凱基96購01,0,0,0,0,0,0,0,0,0,20000,0,0,0,32000,12000,20000,20000
05028P,康控永豐95售02  ,0,0,0,0,0,0,0,0,0,20000,0,0,0,38000,18000,20000,20000
050176,正崴元大94購03  ,0,0,0,0,0,0,0,0,0,20000,0,0,0,23000,3000,20000,20000
050183,奇鋐元大96購01  ,0,0,0,0,0,0,0,0,0,20000,0,0,0,20000,0,20000,20000
050217,健策永豐94購03  ,0,0,0,0,0,0,0,0,0,20000,0,0,0,20000,0,20000,20000
050186,京鼎元大94購01  ,0,0,0,0,0,0,0,0,0,20000,0,0,0,22000,2000,20000,20000
050348,鴻海群益94購06  ,0,0,0,0,0,0,0,0,0,20000,0,0,0,20000,0,20000,20000
04849P,GIS中信94售01   ,0,0,0,0,0,0,0,0,0,20000,0,0,0,20000,0,20000,20000
048023,鴻海凱基93購28  ,0,0,0,0,0,0,0,0,0,20000,0,0,0,20000,0,20000,20000
048104,易華電凱基93購03,0,0,0,0,0,0,0,0,0,20000,0,0,0,20000,0,20000,20000
048220,鴻海凱基93購35  ,0,0,0,0,0,0,0,0,0,20000,0,0,0,30000,10000,20000,20000
047926,可成凱基94購02  ,0,0,0,0,0,0,0,0,0,20000,0,0,0,20000,0,20000,20000
047945,滬深2X統一94購01,0,0,0,0,0,0,0,0,0,20000,0,0,0,20000,0,20000,20000
049888,智邦國泰96購01  ,0,0,0,0,0,0,0,0,0,20000,0,0,0,136000,116000,20000,20000
047390,富邦金元大93購01,0,0,0,0,0,0,0,0,0,20000,0,0,0,20000,0,20000,20000
047768,大立光元大95購01,0,0,0,0,0,0,0,0,0,20000,0,0,0,60000,40000,20000,20000
047682,滬深2X國泰94購02,0,0,0,0,0,0,0,0,0,20000,0,0,0,20000,0,20000,20000
049878,宏達電永豐94購01,0,0,0,0,0,0,0,0,0,20000,0,0,0,120000,100000,20000,20000
049616,卜蜂群益94購01  ,0,0,0,0,0,0,0,0,0,20000,0,0,0,20000,0,20000,20000
049505,臺股指元大94購16,0,0,0,0,0,0,0,0,0,20000,0,0,0,30000,10000,20000,20000
049652,GIS凱基94購05   ,0,0,0,0,0,0,0,0,0,20000,0,0,0,20000,0,20000,20000
049649,信邦凱基94購01  ,0,0,0,0,0,0,0,0,0,20000,0,0,0,20000,0,20000,20000
049732,國巨群益94購05  ,0,0,0,0,0,0,0,0,0,20000,0,0,0,27000,7000,20000,20000
049760,滬深2X國泰95購02,0,0,0,0,0,0,0,0,0,20000,0,0,0,20000,0,20000,20000
049309,台達電凱基94購05,0,0,0,0,0,0,0,0,0,20000,0,0,0,20000,0,20000,20000
049230,台達電富邦96購01,0,0,0,0,0,0,0,0,0,20000,0,0,0,30000,10000,20000,20000
04931P,臻鼎元富94售09  ,0,0,0,0,0,0,0,0,0,20000,0,0,0,20000,0,20000,20000
049337,台達電統一94購03,0,0,0,0,0,0,0,0,0,20000,0,0,0,20000,0,20000,20000
04936P,大立光中信95售03,0,0,0,0,0,0,0,0,0,20000,0,0,0,20000,0,20000,20000
049375,大立光元大94購13,0,0,0,0,0,0,0,0,0,20000,0,0,0,39000,19000,20000,20000
048374,味全元富94購01  ,0,0,0,0,0,0,0,0,0,20000,0,0,0,20000,0,20000,20000
048437,義隆麥證93購01  ,0,0,0,20000,0,20000,0,0,0,20000,0,0,0,20000,0,20000,20000
047513,嘉晶國票93購03  ,0,0,0,0,0,0,0,0,0,20000,0,0,0,20000,0,20000,20000
04744P,臻鼎元富94售04  ,0,0,0,0,0,0,0,0,0,20000,0,0,0,20000,0,20000,20000
048570,鈺齊元大93購01  ,0,0,0,0,0,0,0,0,0,20000,0,0,0,20000,0,20000,20000
048999,康普國票95購01  ,0,0,0,0,0,0,0,0,0,20000,0,0,0,20000,0,20000,20000
050922,南亞科凱基95購02,0,0,0,0,0,0,0,0,0,20000,0,0,0,20000,0,20000,20000
05084P,嘉聯益永豐95售02,0,0,0,0,0,0,0,0,0,20000,0,0,0,20000,0,20000,20000
050840,中環國票96購01  ,0,0,0,0,0,0,0,0,0,20000,0,0,0,20000,0,20000,20000
050915,健策中信98購01  ,0,0,0,0,0,0,0,0,0,20000,0,0,0,20000,0,20000,20000
05132P,鴻海元富95售07  ,0,0,0,0,0,0,0,0,0,20000,0,0,0,40000,20000,20000,20000
051108,鴻海統一96購02  ,0,0,0,0,0,0,0,0,0,20000,0,0,0,20000,0,20000,20000
05118P,超眾元大96售04  ,0,0,0,0,0,0,0,0,0,20000,0,0,0,30000,10000,20000,20000
051722,玉晶光永豐97購01,0,0,0,0,0,0,0,0,0,20000,0,0,0,20000,0,20000,20000
051766,泰鼎元大95購02  ,0,0,0,0,0,0,0,0,0,20000,0,0,0,20000,0,20000,20000
051637,嘉聯益國票96購01,0,0,0,0,0,0,0,0,0,20000,0,0,0,20000,0,20000,20000
051531,國巨國票96購04  ,0,0,0,0,0,0,0,0,0,20000,0,0,0,20000,0,20000,20000
051966,台表科永豐95購01,0,0,0,0,0,0,0,0,0,20000,0,0,0,30000,10000,20000,20000
052033,臺股指群益95購06,0,0,0,0,0,0,0,0,0,20000,0,0,0,20000,0,20000,20000
05278P,台郡元富95售02  ,0,0,0,0,0,0,0,0,0,20000,0,0,0,20000,0,20000,20000
052727,仁寶元富96購01  ,0,0,0,0,0,0,0,0,0,20000,0,0,0,94000,74000,20000,20000
052693,微星中信96購01  ,0,0,0,0,0,0,0,0,0,20000,0,0,0,30000,10000,20000,20000
052716,欣興凱基96購01  ,0,0,0,0,0,0,0,0,0,20000,0,0,0,30000,10000,20000,20000
05258P,臺股指凱基96售11,0,0,0,0,0,0,0,0,0,20000,0,0,0,20000,0,20000,20000
052650,台郡永豐96購01  ,0,0,0,0,0,0,0,0,0,20000,0,0,0,20000,0,20000,20000
052277,台達電凱基97購01,0,0,0,0,0,0,0,0,0,20000,0,0,0,50000,30000,20000,20000
052420,道瓊反國票9B購01,0,0,0,0,0,0,0,0,0,20000,0,0,0,20000,0,20000,20000
052374,瑞昱元大95購02  ,0,0,0,0,0,0,0,0,0,20000,0,0,0,30000,10000,20000,20000
053303,建準凱基96購03  ,0,0,0,0,0,0,0,0,0,20000,0,0,0,20000,0,20000,20000
053267,華新科群益96購02,0,0,0,0,0,0,0,0,0,20000,0,0,0,20000,0,20000,20000
053245,全新國票97購01  ,0,0,0,0,0,0,0,0,0,20000,0,0,0,20000,0,20000,20000
053228,康友台新97購01  ,0,0,0,0,0,0,0,0,0,20000,0,0,0,20000,0,20000,20000
052903,致茂國票97購01  ,0,0,0,0,0,0,0,0,0,20000,0,0,0,40000,20000,20000,20000
052938,華新科兆豐96購01,0,0,0,0,0,0,0,0,0,20000,0,0,0,20000,0,20000,20000
053105,鴻海兆豐97購01  ,0,0,0,0,0,0,0,0,0,20000,0,0,0,450000,430000,20000,20000
053100,美律元富96購01  ,0,0,0,0,0,0,0,0,0,20000,0,0,0,31000,11000,20000,20000
3346,麗清            ,28000,8000,20000,0,0,0,0,0,0,0,0,0,0,0,0,0,20000
6243,迅杰            ,21000,1000,20000,0,0,0,0,0,0,0,0,0,0,0,0,0,20000
06320P,上銀統一97售04  ,0,0,0,0,0,0,0,0,0,20000,0,0,0,24000,4000,20000,20000
06390P,美律國票97售03  ,0,0,0,0,0,0,0,0,0,20000,0,0,0,30000,10000,20000,20000
06391P,上銀中信97售03  ,0,0,0,0,0,0,0,0,0,20000,0,0,0,20000,0,20000,20000
06285P,台積電國票98售04,0,0,0,0,0,0,0,0,0,20000,0,0,0,20000,0,20000,20000
08388P,台灣50中信03售09,0,0,0,0,0,0,0,0,0,20000,0,0,0,20000,0,20000,20000
05963P,貿聯國票97售02  ,0,0,0,0,0,0,0,0,0,20000,0,0,0,20000,0,20000,20000
05981P,可成永昌98售02  ,0,0,0,0,0,0,0,0,0,20000,0,0,0,68000,48000,20000,20000
06128P,玉晶光元富97售05,0,0,0,0,0,0,0,0,0,20000,0,0,0,30000,10000,20000,20000
06116P,臺股指日盛97售01,0,0,0,0,0,0,0,0,0,20000,0,0,0,20000,0,20000,20000
06077P,GIS凱基97售02   ,0,0,0,0,0,0,0,0,0,20000,0,0,0,20000,0,20000,20000
056062,大立光元大97購12,0,0,0,0,0,0,0,0,0,20000,0,0,0,107000,87000,20000,20000
056268,新日興統一97購01,0,0,0,0,0,0,0,0,0,20000,0,0,0,28000,8000,20000,20000
05772P,景碩凱基96售02  ,0,0,0,0,0,0,0,0,0,20000,0,0,0,20000,0,20000,20000
056311,泰鼎元大98購01  ,0,0,0,0,0,0,0,0,0,20000,0,0,0,25000,5000,20000,20000
056335,微星凱基98購01  ,0,0,0,0,0,0,0,0,0,20000,0,0,0,20000,0,20000,20000
056347,GIS凱基9A購01   ,0,0,0,0,0,0,0,0,0,20000,0,0,0,33000,13000,20000,20000
2405,浩鑫            ,68002,48000,20002,0,0,0,0,0,0,-1000,0,1000,-1000,0,0,0,19002
054789,高鐵群益98購01  ,0,0,0,0,0,0,0,0,0,19000,0,0,0,37000,18000,19000,19000
055897,TXFI0永昌99購01 ,0,0,0,0,0,0,0,0,0,19000,0,0,0,19000,0,19000,19000
055390,國巨統一98購03  ,0,0,0,0,0,0,0,0,0,19000,0,0,0,78000,59000,19000,19000
053808,大成鋼群益97購01,0,0,0,0,0,0,0,0,0,19000,0,0,0,21000,2000,19000,19000
053890,華新科群益98購01,0,0,0,0,0,0,0,0,0,19000,0,0,0,19000,0,19000,19000
053672,嘉澤元富96購02  ,0,0,0,0,0,0,0,0,0,19000,0,0,0,20000,1000,19000,19000
054421,臺股指元大99購03,0,0,0,0,0,0,0,0,0,19000,0,0,0,19000,0,19000,19000
044941,鴻海群益93購01  ,0,0,0,0,0,0,0,0,0,19000,0,0,0,19000,0,19000,19000
048691,智伸科群益94購01,0,0,0,0,0,0,0,0,0,19000,0,0,0,21000,2000,19000,19000
045380,漢唐元大93購03  ,0,0,0,0,0,0,0,0,0,19000,0,0,0,20000,1000,19000,19000
046861,和碩元大93購01  ,0,0,0,0,0,0,0,0,0,19000,0,0,0,20000,1000,19000,19000
046113,旺宏元大93購04  ,0,0,0,0,0,0,0,0,0,19000,0,0,0,19000,0,19000,19000
04052P,上銀國泰94售01  ,0,0,0,0,0,0,0,0,0,19000,0,0,0,20000,1000,19000,19000
00852L,國泰美國道瓊正2 ,0,0,0,0,0,0,0,0,0,19000,0,0,0,496000,477000,19000,19000
00665L,富邦恒生國企正2 ,101000,300000,-199000,0,0,0,0,0,0,218000,0,0,0,342000,124000,218000,19000
044468,台積電群益93購01,0,0,0,0,0,0,0,0,0,19000,0,0,0,40000,21000,19000,19000
042929,台積電中信95購02,0,0,0,0,0,0,0,0,0,19000,0,0,0,32000,13000,19000,19000
047525,漢唐元大93購04  ,0,0,0,0,0,0,0,0,0,19000,0,0,0,20000,1000,19000,19000
049247,光寶科元大94購02,0,0,0,0,0,0,0,0,0,19000,0,0,0,19000,0,19000,19000
049368,奇力新元大94購02,0,0,0,0,0,0,0,0,0,19000,0,0,0,23000,4000,19000,19000
04959P,可成凱基94售14  ,0,0,0,0,0,0,0,0,0,19000,0,0,0,84000,65000,19000,19000
047211,華新科富邦99購01,0,0,0,0,0,0,0,0,0,19000,0,0,0,19000,0,19000,19000
049138,台積電元大94購05,0,0,0,0,0,0,0,0,0,19000,0,0,0,60000,41000,19000,19000
048193,旺宏元大94購05  ,0,0,0,0,0,0,0,0,0,19000,0,0,0,83000,64000,19000,19000
05071P,鴻海統一96售05  ,0,0,0,0,0,0,0,0,0,19000,0,0,0,20000,1000,19000,19000
053056,同欣電國票97購01,0,0,0,0,0,0,0,0,0,19000,0,0,0,106000,87000,19000,19000
052884,台積電兆豐96購01,0,0,0,0,0,0,0,0,0,19000,0,0,0,170000,151000,19000,19000
052296,TPK國票96購01   ,0,0,0,0,0,0,0,0,0,19000,0,0,0,884000,865000,19000,19000
051526,超眾凱基95購02  ,0,0,0,0,0,0,0,0,0,19000,0,0,0,39000,20000,19000,19000
050921,旺宏凱基95購02  ,0,0,0,0,0,0,0,0,0,19000,0,0,0,96000,77000,19000,19000
051017,聯發科凱基95購04,0,0,0,0,0,0,0,0,0,19000,0,0,0,20000,1000,19000,19000
051066,台積電國票96購02,0,0,0,0,0,0,0,0,0,19000,0,0,0,84000,65000,19000,19000
2425,承啟            ,101000,81000,20000,0,0,0,0,0,0,-1000,0,1000,-1000,0,0,0,19000
3032,偉訓            ,26000,7000,19000,0,0,0,0,0,0,0,0,0,0,0,0,0,19000
2465,麗臺            ,19000,0,19000,0,0,0,0,0,0,0,0,0,0,0,0,0,19000
6235,華孚            ,30000,11000,19000,0,0,0,0,0,0,0,0,0,0,0,0,0,19000
05760P,京鼎永豐96售02  ,0,0,0,0,0,0,0,0,0,19000,0,0,0,19000,0,19000,19000
05605P,嘉聯益元大97售02,0,0,0,0,0,0,0,0,0,19000,0,0,0,19000,0,19000,19000
056024,大立光群益97購05,0,0,0,0,0,0,0,0,0,19000,0,0,0,30000,11000,19000,19000
056045,勤誠凱基97購01  ,0,0,0,0,0,0,0,0,0,19000,0,0,0,29000,10000,19000,19000
054208,台積電國票97購07,0,0,0,0,0,0,0,0,0,18000,0,0,0,18000,0,18000,18000
054267,上銀第一96購01  ,0,0,0,0,0,0,0,0,0,18000,0,0,0,49000,31000,18000,18000
053722,新光金凱基9C購01,0,0,0,0,0,0,0,0,0,18000,0,0,0,18000,0,18000,18000
053510,聯電群益97購01  ,0,0,0,0,0,0,0,0,0,18000,0,0,0,41000,23000,18000,18000
053430,樺漢永豐96購01  ,0,0,0,0,0,0,0,0,0,18000,0,0,0,30000,12000,18000,18000
053823,茂林群益96購06  ,0,0,0,0,0,0,0,0,0,18000,0,0,0,179000,161000,18000,18000
055418,華通永豐97購01  ,0,0,0,0,0,0,0,0,0,18000,0,0,0,18000,0,18000,18000
055515,聚陽中信9A購01  ,0,0,0,0,0,0,0,0,0,18000,0,0,0,100000,82000,18000,18000
055768,臺股指群益97購06,0,0,0,0,0,0,0,0,0,18000,0,0,0,18000,0,18000,18000
055829,上銀元大97購06  ,0,0,0,0,0,0,0,0,0,18000,0,0,0,38000,20000,18000,18000
05485P,旺宏凱基95售08  ,0,0,0,0,0,0,0,0,0,18000,0,0,0,23000,5000,18000,18000
054899,南港康和97購01  ,0,0,0,0,0,0,0,0,0,18000,0,0,0,25000,7000,18000,18000
055116,康控凱基98購01  ,0,0,0,0,0,0,0,0,0,18000,0,0,0,19000,1000,18000,18000
055271,鴻海元大98購03  ,0,0,0,0,0,0,0,0,0,18000,0,0,0,58000,40000,18000,18000
055257,景碩統一97購01  ,0,0,0,0,0,0,0,0,0,18000,0,0,0,107000,89000,18000,18000
04258P,健策國票94售01  ,0,0,0,0,0,0,0,0,0,18000,0,0,0,18000,0,18000,18000
03012X,元展12          ,0,0,0,0,0,0,0,0,0,18000,0,0,0,20000,2000,18000,18000
00711B,FH彭博新興債    ,0,0,0,0,0,0,0,0,0,18000,0,0,0,118000,100000,18000,18000
03861P,群創元富99售01  ,0,0,0,0,0,0,0,0,0,18000,0,0,0,18000,0,18000,18000
04102P,臺股指國票93售09,0,0,0,0,0,0,0,0,0,18000,0,0,0,30000,12000,18000,18000
046088,台光電兆豐92購02,0,0,0,0,0,0,0,0,0,18000,0,0,0,18000,0,18000,18000
046158,聯發科群益92購02,0,0,0,0,0,0,0,0,0,18000,0,0,0,18000,0,18000,18000
046891,南亞科群益93購01,0,0,0,0,0,0,0,0,0,18000,0,0,0,18000,0,18000,18000
045862,大立光統一93購02,0,0,0,0,0,0,0,0,0,18000,0,0,0,18000,0,18000,18000
045897,泰鼎元大93購04  ,0,0,0,0,0,0,0,0,0,18000,0,0,0,48000,30000,18000,18000
046215,大立光統一92購03,0,0,0,0,0,0,0,0,0,18000,0,0,0,20000,2000,18000,18000
046282,全新永豐92購01  ,0,0,0,0,0,0,0,0,0,18000,0,0,0,18000,0,18000,18000
044741,玉山金富邦93購01,0,0,0,0,0,0,0,0,0,18000,0,0,0,40000,22000,18000,18000
050250,台郡凱基94購03  ,0,0,0,0,0,0,0,0,0,18000,0,0,0,58000,40000,18000,18000
048100,貿聯凱基93購02  ,0,0,0,0,0,0,0,0,0,18000,0,0,0,22000,4000,18000,18000
050061,聯發科凱基94購07,0,0,0,0,0,0,0,0,0,18000,0,0,0,249000,231000,18000,18000
047288,台郡統一93購01  ,0,0,0,0,0,0,0,0,0,18000,0,0,0,18000,0,18000,18000
049862,南亞科兆豐94購01,0,0,0,0,0,0,0,0,0,18000,0,0,0,18000,0,18000,18000
049445,遠東新統一94購01,0,0,0,0,0,0,0,0,0,18000,0,0,0,58000,40000,18000,18000
05104P,智邦台新95售02  ,0,0,0,0,0,0,0,0,0,18000,0,0,0,28000,10000,18000,18000
051493,台郡凱基95購02  ,0,0,0,0,0,0,0,0,0,18000,0,0,0,18000,0,18000,18000
051536,玉晶光國票97購01,0,0,0,0,0,0,0,0,0,18000,0,0,0,20000,2000,18000,18000
05231P,GIS群益95售03   ,0,0,0,0,0,0,0,0,0,18000,0,0,0,20000,2000,18000,18000
05223P,臻鼎凱基95售02  ,0,0,0,0,0,0,0,0,0,18000,0,0,0,20000,2000,18000,18000
05235P,健鼎康和95售02  ,0,0,0,0,0,0,0,0,0,18000,0,0,0,18000,0,18000,18000
053217,群創凱基99購02  ,0,0,0,0,0,0,0,0,0,18000,0,0,0,46000,28000,18000,18000
2887E,台新戊特        ,0,0,0,0,0,0,0,0,0,18000,18000,0,18000,0,0,0,18000
2838A,聯邦銀甲特      ,0,0,0,0,0,0,0,0,0,18000,18000,0,18000,0,0,0,18000
2705,六福            ,29000,10000,19000,0,0,0,0,0,0,-1000,0,1000,-1000,0,0,0,18000
3013,晟銘電          ,28000,10000,18000,0,0,0,0,0,0,0,0,0,0,0,0,0,18000
3057,喬鼎            ,19000,0,19000,0,0,0,0,0,0,-1000,0,1000,-1000,0,0,0,18000
053817,華新科群益97購02,0,0,0,0,0,0,0,0,0,17000,0,0,0,17000,0,17000,17000
053754,英業達元富96購02,0,0,0,0,0,0,0,0,0,17000,0,0,0,35000,18000,17000,17000
05388P,南亞科元大95售04,0,0,0,0,0,0,0,0,0,17000,0,0,0,17000,0,17000,17000
053656,可成凱基96購06  ,0,0,0,0,0,0,0,0,0,17000,0,0,0,23000,6000,17000,17000
054285,國巨元大98購02  ,0,0,0,0,0,0,0,0,0,17000,0,0,0,65000,48000,17000,17000
046945,大毅元大93購01  ,0,0,0,0,0,0,0,0,0,17000,0,0,0,17000,0,17000,17000
04033P,啟碁凱基93售04  ,0,0,0,0,0,0,0,0,0,17000,0,0,0,17000,0,17000,17000
04948P,瑞儀元大94售03  ,0,0,0,0,0,0,0,0,0,17000,0,0,0,28000,11000,17000,17000
049704,羅麗芬元大95購01,0,0,0,0,0,0,0,0,0,17000,0,0,0,17000,0,17000,17000
048594,泰鼎群益93購02  ,0,0,0,0,0,0,0,0,0,17000,0,0,0,119000,102000,17000,17000
050108,鴻海元大94購13  ,0,0,0,0,0,0,0,0,0,17000,0,0,0,30000,13000,17000,17000
050012,台積電國泰95購03,0,0,0,0,0,0,0,0,0,17000,0,0,0,20000,3000,17000,17000
048129,力成元大93購02  ,0,0,0,0,0,0,0,0,0,17000,0,0,0,30000,13000,17000,17000
04819P,嘉澤永豐94售01  ,0,0,0,0,0,0,0,0,0,17000,0,0,0,20000,3000,17000,17000
055328,鈺齊國票98購01  ,30000,0,30000,0,0,0,0,0,0,-13000,0,0,0,72000,85000,-13000,17000
050627,華通中信94購02  ,0,0,0,0,0,0,0,0,0,17000,0,0,0,47000,30000,17000,17000
050617,神基元大94購01  ,0,0,0,0,0,0,0,0,0,17000,0,0,0,17000,0,17000,17000
052874,超眾凱基96購01  ,0,0,0,0,0,0,0,0,0,17000,0,0,0,17000,0,17000,17000
052946,智原國票97購02  ,0,0,0,0,0,0,0,0,0,17000,0,0,0,38000,21000,17000,17000
052484,矽創群益95購02  ,0,0,0,0,0,0,0,0,0,17000,0,0,0,50000,33000,17000,17000
052208,力成麥證95購01  ,0,0,0,67000,50000,17000,0,0,0,17000,0,0,0,67000,50000,17000,17000
052656,力山元富96購01  ,0,0,0,0,0,0,0,0,0,17000,0,0,0,17000,0,17000,17000
052756,國巨群益96購02  ,0,0,0,0,0,0,0,0,0,17000,0,0,0,17000,0,17000,17000
052779,欣興國票97購01  ,0,0,0,0,0,0,0,0,0,17000,0,0,0,271000,254000,17000,17000
051676,康舒元大95購01  ,0,0,0,0,0,0,0,0,0,17000,0,0,0,126000,109000,17000,17000
051232,貿聯群益95購02  ,0,0,0,0,0,0,0,0,0,17000,0,0,0,30000,13000,17000,17000
2444,兆勁            ,69000,51000,18000,0,0,0,0,0,0,-1000,0,1000,-1000,0,0,0,17000
1732,毛寶            ,20000,3000,17000,0,0,0,0,0,0,0,0,0,0,0,0,0,17000
056276,同欣電國泰98購01,0,0,0,0,0,0,0,0,0,17000,0,0,0,17000,0,17000,17000
06088P,建準永豐97售01  ,0,0,0,0,0,0,0,0,0,17000,0,0,0,58000,41000,17000,17000
06156P,大立光統一97售05,0,0,0,0,0,0,0,0,0,17000,0,0,0,17000,0,17000,17000
05887P,友達元富99售03  ,0,0,0,0,0,0,0,0,0,17000,0,0,0,61000,44000,17000,17000
1439,中和            ,26000,8000,18000,0,0,0,0,0,0,-1000,0,1000,-1000,0,0,0,17000
054373,富邦金中信97購01,0,0,0,0,0,0,0,0,0,16000,0,0,0,16000,0,16000,16000
053660,群創凱基98購08  ,0,0,0,0,0,0,0,0,0,16000,0,0,0,34000,18000,16000,16000
055196,致新元富97購01  ,0,0,0,0,0,0,0,0,0,16000,0,0,0,26000,10000,16000,16000
055103,南港凱基97購01  ,0,0,0,0,0,0,0,0,0,16000,0,0,0,16000,0,16000,16000
055545,國巨凱基97購06  ,0,0,0,0,0,0,0,0,0,16000,0,0,0,16000,0,16000,16000
03960P,新日興元富96售02,0,0,0,0,0,0,0,0,0,16000,0,0,0,21000,5000,16000,16000
044129,群創凱基93購02  ,0,0,0,0,0,0,0,0,0,16000,0,0,0,17000,1000,16000,16000
04298P,祥碩元大93售02  ,0,0,0,0,0,0,0,0,0,16000,0,0,0,20000,4000,16000,16000
044614,聯茂兆豐92購02  ,0,0,0,0,0,0,0,0,0,16000,0,0,0,16000,0,16000,16000
045743,台郡群益93購01  ,0,0,0,0,0,0,0,0,0,16000,0,0,0,16000,0,16000,16000
049082,晶豪科凱基94購01,0,0,0,0,0,0,0,0,0,16000,0,0,0,16000,0,16000,16000
048766,禾伸堂凱基94購01,0,0,0,0,0,0,0,0,0,16000,0,0,0,50000,34000,16000,16000
045220,漢唐元大94購01  ,0,0,0,0,0,0,0,0,0,16000,0,0,0,20000,4000,16000,16000
050441,和碩凱基94購01  ,0,0,0,0,0,0,0,0,0,16000,0,0,0,30000,14000,16000,16000
050414,泰鼎永豐94購04  ,0,0,0,0,0,0,0,0,0,16000,0,0,0,71000,55000,16000,16000
050243,華新科凱基94購10,0,0,0,0,0,0,0,0,0,16000,0,0,0,122000,106000,16000,16000
049892,國巨富邦96購01  ,0,0,0,0,0,0,0,0,0,16000,0,0,0,28000,12000,16000,16000
047809,瑞昱凱基93購08  ,0,0,0,0,0,0,0,0,0,16000,0,0,0,86000,70000,16000,16000
049298,矽格群益95購01  ,0,0,0,0,0,0,0,0,0,16000,0,0,0,84000,68000,16000,16000
049765,上証2X元富94購01,0,0,0,0,0,0,0,0,0,16000,0,0,0,116000,100000,16000,16000
049437,可成國泰96購01  ,0,0,0,0,0,0,0,0,0,16000,0,0,0,165000,149000,16000,16000
051230,聯詠群益95購01  ,0,0,0,0,0,0,0,0,0,16000,0,0,0,31000,15000,16000,16000
051307,康舒凱基95購01  ,0,0,0,0,0,0,0,0,0,16000,0,0,0,66000,50000,16000,16000
051389,台達電兆豐95購01,0,0,0,0,0,0,0,0,0,16000,0,0,0,16000,0,16000,16000
050946,瑞昱群益95購01  ,0,0,0,0,0,0,0,0,0,16000,0,0,0,104000,88000,16000,16000
052009,群創第一95購01  ,0,0,0,0,0,0,0,0,0,16000,0,0,0,16000,0,16000,16000
052363,廣達國票96購01  ,0,0,0,0,0,0,0,0,0,16000,0,0,0,16000,0,16000,16000
053301,華通凱基96購04  ,0,0,0,0,0,0,0,0,0,16000,0,0,0,16000,0,16000,16000
05955P,台光電國票97售02,0,0,0,0,0,0,0,0,0,16000,0,0,0,16000,0,16000,16000
05705P,上証2X永豐96售03,0,0,0,0,0,0,0,0,0,16000,0,0,0,165000,149000,16000,16000
2374,佳能            ,49000,32000,17000,0,0,0,0,0,0,-1000,0,1000,-1000,0,0,0,16000
055530,聯發科群益98購01,0,0,0,0,0,0,0,0,0,15000,0,0,0,113000,98000,15000,15000
055551,致茂凱基98購01  ,0,0,0,0,0,0,0,0,0,15000,0,0,0,23000,8000,15000,15000
055553,聯發科凱基97購05,0,0,0,0,0,0,0,0,0,15000,0,0,0,30000,15000,15000,15000
053530,聯發科康和96購01,0,0,0,0,0,0,0,0,0,15000,0,0,0,15000,0,15000,15000
05427P,聯發科凱基96售07,0,0,0,0,0,0,0,0,0,15000,0,0,0,18000,3000,15000,15000
054126,和大元大96購02  ,0,0,0,0,0,0,0,0,0,15000,0,0,0,100000,85000,15000,15000
054645,奇力新群益97購04,0,0,0,0,0,0,0,0,0,15000,0,0,0,15000,0,15000,15000
045184,京元電統一93購01,0,0,0,0,0,0,0,0,0,15000,0,0,0,15000,0,15000,15000
045121,康控元大93購03  ,0,0,0,0,0,0,0,0,0,15000,0,0,0,15000,0,15000,15000
048848,滬深2X群益98購02,0,0,0,0,0,0,0,0,0,15000,0,0,0,694000,679000,15000,15000
048822,燿華凱基94購03  ,0,0,0,0,0,0,0,0,0,15000,0,0,0,15000,0,15000,15000
045849,可成永豐92購01  ,0,0,0,0,0,0,0,0,0,15000,0,0,0,15000,0,15000,15000
04575P,新日興統一94售02,0,0,0,0,0,0,0,0,0,15000,0,0,0,35000,20000,15000,15000
046265,高鐵凱基92購03  ,0,0,0,0,0,0,0,0,0,15000,0,0,0,15000,0,15000,15000
044530,台積電富邦94購01,0,0,0,0,0,0,0,0,0,15000,0,0,0,32000,17000,15000,15000
045457,光磊元大93購01  ,0,0,0,0,0,0,0,0,0,15000,0,0,0,15000,0,15000,15000
041976,可成中信92購01  ,0,0,0,0,0,0,0,0,0,15000,0,0,0,15000,0,15000,15000
043980,旺宏元大92購05  ,0,0,0,0,0,0,0,0,0,15000,0,0,0,15000,0,15000,15000
04161P,全新國泰94售01  ,0,0,0,0,0,0,0,0,0,15000,0,0,0,15000,0,15000,15000
044666,創意國泰93購01  ,0,0,0,0,0,0,0,0,0,15000,0,0,0,15000,0,15000,15000
03869P,和大群益93售02  ,0,0,0,0,0,0,0,0,0,15000,0,0,0,15000,0,15000,15000
03820P,聯詠統一93售04  ,0,0,0,0,0,0,0,0,0,15000,0,0,0,15000,0,15000,15000
049513,宏達電凱基94購03,0,0,0,0,0,0,0,0,0,15000,0,0,0,15000,0,15000,15000
049810,欣興元大95購03  ,0,0,0,0,0,0,0,0,0,15000,0,0,0,15000,0,15000,15000
049692,可成元大94購07  ,0,0,0,0,0,0,0,0,0,15000,0,0,0,15000,0,15000,15000
049644,台積電凱基94購21,0,0,0,0,0,0,0,0,0,15000,0,0,0,40000,25000,15000,15000
049632,臺股指群益94購05,0,0,0,0,0,0,0,0,0,15000,0,0,0,15000,0,15000,15000
047714,禾伸堂凱基93購03,0,0,0,0,0,0,0,0,0,15000,0,0,0,51000,36000,15000,15000
047340,金融類元大93購02,0,0,0,0,0,0,0,0,0,15000,0,0,0,15000,0,15000,15000
049262,大立光元大94購09,0,0,0,0,0,0,0,0,0,15000,0,0,0,30000,15000,15000,15000
048427,百和元富95購01  ,0,0,0,0,0,0,0,0,0,15000,0,0,0,15000,0,15000,15000
049398,微星群益94購02  ,0,0,0,0,0,0,0,0,0,15000,0,0,0,83000,68000,15000,15000
04828P,聯發科凱基94售15,0,0,0,0,0,0,0,0,0,15000,0,0,0,15000,0,15000,15000
048326,滬深2X國泰94購03,0,0,0,0,0,0,0,0,0,15000,0,0,0,15000,0,15000,15000
050024,旺宏元大94購09  ,0,0,0,0,0,0,0,0,0,15000,0,0,0,56000,41000,15000,15000
049141,旺宏元大95購01  ,0,0,0,0,0,0,0,0,0,15000,0,0,0,21000,6000,15000,15000
048186,元黃金元大96購01,0,0,0,0,0,0,0,0,0,15000,0,0,0,15000,0,15000,15000
048024,鴻海凱基93購29  ,0,0,0,0,0,0,0,0,0,15000,0,0,0,35000,20000,15000,15000
048018,南亞科麥證93購01,0,0,0,15000,0,15000,0,0,0,15000,0,0,0,15000,0,15000,15000
050392,群創統一96購01  ,0,0,0,0,0,0,0,0,0,15000,0,0,0,15000,0,15000,15000
055309,冠德群益97購01  ,0,0,0,0,0,0,0,0,0,15000,0,0,0,26000,11000,15000,15000
050453,創意元大95購03  ,0,0,0,0,0,0,0,0,0,15000,0,0,0,15000,0,15000,15000
050614,聯發科元大95購04,0,0,0,0,0,0,0,0,0,15000,0,0,0,44000,29000,15000,15000
050663,麗豐元大96購03  ,0,0,0,0,0,0,0,0,0,15000,0,0,0,25000,10000,15000,15000
053146,滬深2X元大96購08,0,0,0,0,0,0,0,0,0,15000,0,0,0,65000,50000,15000,15000
052889,致伸麥證97購01  ,0,0,0,15000,0,15000,0,0,0,15000,0,0,0,15000,0,15000,15000
05306P,泰碩國泰97售01  ,0,0,0,0,0,0,0,0,0,15000,0,0,0,21000,6000,15000,15000
052489,義隆國票96購02  ,0,0,0,0,0,0,0,0,0,15000,0,0,0,15000,0,15000,15000
052276,力成群益96購01  ,0,0,0,0,0,0,0,0,0,15000,0,0,0,15000,0,15000,15000
052062,臺股指國票95購09,0,0,0,0,0,0,0,0,0,15000,0,0,0,15000,0,15000,15000
052171,台積電元大95購21,0,0,0,0,0,0,0,0,0,15000,0,0,0,15000,0,15000,15000
052096,力成元大95購01  ,0,0,0,0,0,0,0,0,0,15000,0,0,0,30000,15000,15000,15000
052122,新光金國票96購01,0,0,0,0,0,0,0,0,0,15000,0,0,0,15000,0,15000,15000
051052,台積電群益95購01,0,0,0,0,0,0,0,0,0,15000,0,0,0,52000,37000,15000,15000
05114P,臺股指元富95售02,0,0,0,0,0,0,0,0,0,15000,0,0,0,25000,10000,15000,15000
051178,大立光凱基95購10,0,0,0,0,0,0,0,0,0,15000,0,0,0,21000,6000,15000,15000
051171,T50反1第一95購01,0,0,0,0,0,0,0,0,0,15000,0,0,0,15000,0,15000,15000
05639P,欣興統一97售01  ,0,0,0,0,0,0,0,0,0,15000,0,0,0,30000,15000,15000,15000
055978,大立光統一98購05,0,0,0,0,0,0,0,0,0,15000,0,0,0,15000,0,15000,15000
056051,T50反1元大97購05,0,0,0,0,0,0,0,0,0,15000,0,0,0,70000,55000,15000,15000
056071,創意元大97購02  ,0,0,0,0,0,0,0,0,0,15000,0,0,0,15000,0,15000,15000
05969P,台積電台新96售04,0,0,0,0,0,0,0,0,0,15000,0,0,0,15000,0,15000,15000
05987P,健策統一96售02  ,0,0,0,0,0,0,0,0,0,15000,0,0,0,43000,28000,15000,15000
05844P,旺宏元大96售07  ,0,0,0,0,0,0,0,0,0,15000,0,0,0,222000,207000,15000,15000
06269P,群創凱基98售10  ,0,0,0,0,0,0,0,0,0,15000,0,0,0,30000,15000,15000,15000
06271P,彩晶凱基97售01  ,0,0,0,0,0,0,0,0,0,15000,0,0,0,15000,0,15000,15000
06371P,茂林國票98售04  ,0,0,0,0,0,0,0,0,0,15000,0,0,0,40000,25000,15000,15000
06340P,鴻海統一98售06  ,0,0,0,0,0,0,0,0,0,15000,0,0,0,25000,10000,15000,15000
054615,牧德永豐98購01  ,0,0,0,0,0,0,0,0,0,14000,0,0,0,218000,204000,14000,14000
053621,臺股指群益96購07,0,0,0,0,0,0,0,0,0,14000,0,0,0,14000,0,14000,14000
053595,創意元大96購02  ,0,0,0,0,0,0,0,0,0,14000,0,0,0,14000,0,14000,14000
055367,台積電元大97購23,0,0,0,0,0,0,0,0,0,14000,0,0,0,258000,244000,14000,14000
054822,祥碩元大97購01  ,0,0,0,0,0,0,0,0,0,14000,0,0,0,14000,0,14000,14000
054733,鴻海凱基98購04  ,0,0,0,0,0,0,0,0,0,14000,0,0,0,20000,6000,14000,14000
03988P,上海銀群益93售01,0,0,0,0,0,0,0,0,0,14000,0,0,0,15000,1000,14000,14000
04322P,可成元大94售01  ,0,0,0,0,0,0,0,0,0,14000,0,0,0,27000,13000,14000,14000
044698,奇力新元大93購01,0,0,0,0,0,0,0,0,0,14000,0,0,0,47000,33000,14000,14000
049072,台積電凱基94購08,0,0,0,0,0,0,0,0,0,14000,0,0,0,14000,0,14000,14000
048968,可成元大94購02  ,0,0,0,0,0,0,0,0,0,14000,0,0,0,15000,1000,14000,14000
050598,友達麥證94購01  ,0,0,0,65000,51000,14000,0,0,0,14000,0,0,0,65000,51000,14000,14000
050458,台郡元大94購03  ,0,0,0,0,0,0,0,0,0,14000,0,0,0,34000,20000,14000,14000
050537,鴻海凱基95購05  ,0,0,0,0,0,0,0,0,0,14000,0,0,0,15000,1000,14000,14000
050334,鴻海國泰96購07  ,0,0,0,0,0,0,0,0,0,14000,0,0,0,14000,0,14000,14000
048475,台郡永豐93購02  ,0,0,0,0,0,0,0,0,0,14000,0,0,0,27000,13000,14000,14000
047901,復盛群益93購01  ,0,0,0,0,0,0,0,0,0,14000,0,0,0,24000,10000,14000,14000
04935P,鴻海中信96售01  ,0,0,0,0,0,0,0,0,0,14000,0,0,0,14000,0,14000,14000
049175,台積電凱基94購12,0,0,0,0,0,0,0,0,0,14000,0,0,0,34000,20000,14000,14000
049680,臺股指國票94購13,0,0,0,0,0,0,0,0,0,14000,0,0,0,14000,0,14000,14000
049803,華新科元大95購07,0,0,0,0,0,0,0,0,0,14000,0,0,0,25000,11000,14000,14000
049838,友達亞東94購01  ,0,0,0,0,0,0,0,0,0,14000,0,0,0,14000,0,14000,14000
051274,華新科亞東96購01,0,0,0,0,0,0,0,0,0,14000,0,0,0,14000,0,14000,14000
050888,群創富邦95購01  ,0,0,0,0,0,0,0,0,0,14000,0,0,0,14000,0,14000,14000
052839,上海銀國泰97購01,0,0,0,0,0,0,0,0,0,14000,0,0,0,67000,53000,14000,14000
052542,友達元富98購01  ,0,0,0,0,0,0,0,0,0,14000,0,0,0,14000,0,14000,14000
053010,鴻海統一96購11  ,0,0,0,0,0,0,0,0,0,14000,0,0,0,82000,68000,14000,14000
052901,台達電國票97購01,0,0,0,0,0,0,0,0,0,14000,0,0,0,14000,0,14000,14000
1339,昭輝            ,81000,63000,18000,0,0,0,0,0,0,-4000,0,4000,-4000,0,0,0,14000
05910P,力山永豐96售02  ,0,0,0,0,0,0,0,0,0,14000,0,0,0,24000,10000,14000,14000
06111P,上銀兆豐98售01  ,0,0,0,0,0,0,0,0,0,14000,0,0,0,20000,6000,14000,14000
05782P,聯詠元富96售02  ,0,0,0,0,0,0,0,0,0,14000,0,0,0,14000,0,14000,14000
2431,聯昌            ,39000,24000,15000,0,0,0,0,0,0,-1000,0,1000,-1000,0,0,0,14000
6184,大豐電          ,19000,5000,14000,0,0,0,0,0,0,0,0,0,0,0,0,0,14000
055836,華邦電元大97購04,0,0,0,0,0,0,0,0,0,13000,0,0,0,113000,100000,13000,13000
053592,亞光元大96購01  ,0,0,0,0,0,0,0,0,0,13000,0,0,0,36000,23000,13000,13000
053428,中磊永豐96購02  ,0,0,0,0,0,0,0,0,0,13000,0,0,0,58000,45000,13000,13000
053482,矽力元大96購03  ,0,0,0,0,0,0,0,0,0,13000,0,0,0,43000,30000,13000,13000
053460,緯穎國泰97購01  ,0,0,0,0,0,0,0,0,0,13000,0,0,0,108000,95000,13000,13000
054668,傳奇元富97購03  ,0,0,0,0,0,0,0,0,0,13000,0,0,0,13000,0,13000,13000
049039,富邦金兆豐94購01,0,0,0,0,0,0,0,0,0,13000,0,0,0,15000,2000,13000,13000
047028,新日興元大93購02,0,0,0,0,0,0,0,0,0,13000,0,0,0,30000,17000,13000,13000
044817,可成兆豐93購01  ,0,0,0,0,0,0,0,0,0,13000,0,0,0,120000,107000,13000,13000
046479,群創元富94購01  ,0,0,0,0,0,0,0,0,0,13000,0,0,0,24000,11000,13000,13000
047151,台積電國票94購02,0,0,0,0,0,0,0,0,0,13000,0,0,0,13000,0,13000,13000
047124,華新中信93購01  ,0,0,0,0,0,0,0,0,0,13000,0,0,0,23000,10000,13000,13000
042997,新光鋼元大94購01,0,0,0,0,0,0,0,0,0,13000,0,0,0,71000,58000,13000,13000
043854,華新科富邦93購01,0,0,0,0,0,0,0,0,0,13000,0,0,0,15000,2000,13000,13000
044466,和大群益93購01  ,0,0,0,0,0,0,0,0,0,13000,0,0,0,41000,28000,13000,13000
00733,富邦臺灣中小    ,0,0,0,0,0,0,0,0,0,13000,0,0,0,214000,201000,13000,13000
03642C,臺股指元大94牛27,0,0,0,0,0,0,0,0,0,13000,0,0,0,33000,20000,13000,13000
03612C,臺股指元大95牛01,0,0,0,0,0,0,0,0,0,13000,0,0,0,13000,0,13000,13000
049678,臺股指國票94購11,0,0,0,0,0,0,0,0,0,13000,0,0,0,13000,0,13000,13000
047770,聯詠元大93購10  ,0,0,0,0,0,0,0,0,0,13000,0,0,0,13000,0,13000,13000
04772P,欣興元大94售08  ,0,0,0,0,0,0,0,0,0,13000,0,0,0,15000,2000,13000,13000
048295,泰鼎群益93購01  ,0,0,0,0,0,0,0,0,0,13000,0,0,0,160000,147000,13000,13000
047559,彩晶凱基94購03  ,0,0,0,0,0,0,0,0,0,13000,0,0,0,13000,0,13000,13000
048263,台積電元富95購01,0,0,0,0,0,0,0,0,0,13000,0,0,0,15000,2000,13000,13000
050109,國巨元大94購13  ,0,0,0,0,0,0,0,0,0,13000,0,0,0,13000,0,13000,13000
047865,健鼎康和93購01  ,0,0,0,0,0,0,0,0,0,13000,0,0,0,13000,0,13000,13000
050302,百和凱基94購03  ,0,0,0,0,0,0,0,0,0,13000,0,0,0,13000,0,13000,13000
050572,大立光中信97購01,0,0,0,0,0,0,0,0,0,13000,0,0,0,13000,0,13000,13000
053259,卜蜂群益97購01  ,0,0,0,0,0,0,0,0,0,13000,0,0,0,13000,0,13000,13000
05331P,上証2X國票96售01,0,0,0,0,0,0,0,0,0,13000,0,0,0,94000,81000,13000,13000
053412,台達電國票97購02,0,0,0,0,0,0,0,0,0,13000,0,0,0,13000,0,13000,13000
053414,臻鼎國票97購01  ,0,0,0,0,0,0,0,0,0,13000,0,0,0,13000,0,13000,13000
052799,上銀元大96購01  ,0,0,0,0,0,0,0,0,0,13000,0,0,0,88000,75000,13000,13000
050886,台積電富邦95購04,0,0,0,0,0,0,0,0,0,13000,0,0,0,20000,7000,13000,13000
050800,百和中信95購01  ,0,0,0,0,0,0,0,0,0,13000,0,0,0,13000,0,13000,13000
050923,南亞科凱基95購03,0,0,0,0,0,0,0,0,0,13000,0,0,0,24000,11000,13000,13000
051139,康友永豐95購01  ,0,0,0,0,0,0,0,0,0,13000,0,0,0,13000,0,13000,13000
051087,國巨元大97購01  ,0,0,0,0,0,0,0,0,0,13000,0,0,0,24000,11000,13000,13000
051991,泰碩元大95購02  ,0,0,0,0,0,0,0,0,0,13000,0,0,0,63000,50000,13000,13000
051979,群創凱基97購01  ,0,0,0,0,0,0,0,0,0,13000,0,0,0,18000,5000,13000,13000
051881,上証2X永豐95購02,0,0,0,0,0,0,0,0,0,13000,0,0,0,13000,0,13000,13000
051871,同欣電凱基95購02,0,0,0,0,0,0,0,0,0,13000,0,0,0,14000,1000,13000,13000
051522,玉晶光凱基95購05,0,0,0,0,0,0,0,0,0,13000,0,0,0,27000,14000,13000,13000
3055,蔚華科          ,116000,102000,14000,0,0,0,0,0,0,-1000,0,1000,-1000,0,0,0,13000
3094,聯傑            ,47000,33000,14000,0,0,0,0,0,0,-1000,0,1000,-1000,0,0,0,13000
3050,鈺德            ,42000,29000,13000,0,0,0,0,0,0,0,0,0,0,0,0,0,13000
2882B,國泰金乙特      ,0,0,0,0,0,0,0,0,0,13000,13000,0,13000,0,0,0,13000
2464,盟立            ,126000,90000,36000,0,0,0,0,0,0,-23000,0,21000,-21000,0,2000,-2000,13000
2636,台驊投控        ,16000,3000,13000,0,0,0,0,0,0,0,0,0,0,0,0,0,13000
054688,兆赫永豐97購01  ,0,0,0,0,0,0,0,0,0,12000,0,0,0,55000,43000,12000,12000
054542,台表科國票98購01,0,0,0,0,0,0,0,0,0,12000,0,0,0,62000,50000,12000,12000
054232,台積電群益96購12,0,0,0,0,0,0,0,0,0,12000,0,0,0,52000,40000,12000,12000
053505,瑞儀兆豐97購01  ,0,0,0,0,0,0,0,0,0,12000,0,0,0,13000,1000,12000,12000
053650,華邦電凱基98購01,0,0,0,0,0,0,0,0,0,12000,0,0,0,162000,150000,12000,12000
053913,華新國票97購01  ,0,0,0,0,0,0,0,0,0,12000,0,0,0,12000,0,12000,12000
055832,台達電元大97購02,0,0,0,0,0,0,0,0,0,12000,0,0,0,44000,32000,12000,12000
055531,華新科群益98購03,0,0,0,0,0,0,0,0,0,12000,0,0,0,70000,58000,12000,12000
054785,建準群益98購01  ,0,0,0,0,0,0,0,0,0,12000,0,0,0,32000,20000,12000,12000
054799,超眾群益98購01  ,0,0,0,0,0,0,0,0,0,12000,0,0,0,32000,20000,12000,12000
05517P,臻鼎元大96售01  ,0,0,0,0,0,0,0,0,0,12000,0,0,0,60000,48000,12000,12000
01004T,土銀富邦R2      ,12000,0,12000,0,0,0,0,0,0,0,0,0,0,0,0,0,12000
03939P,康控元大95售02  ,0,0,0,0,0,0,0,0,0,12000,0,0,0,92000,80000,12000,12000
043611,台積電群益92購03,0,0,0,0,0,0,0,0,0,12000,0,0,0,12000,0,12000,12000
044518,京鼎凱基92購01  ,0,0,0,0,0,0,0,0,0,12000,0,0,0,22000,10000,12000,12000
046944,奇力新元大96購01,0,0,0,0,0,0,0,0,0,12000,0,0,0,74000,62000,12000,12000
045851,健策永豐92購01  ,0,0,0,0,0,0,0,0,0,12000,0,0,0,22000,10000,12000,12000
047082,元上證永豐93購01,0,0,0,0,0,0,0,0,0,12000,0,0,0,12000,0,12000,12000
046001,友達統一93購03  ,0,0,0,0,0,0,0,0,0,12000,0,0,0,48000,36000,12000,12000
045420,台積電凱基92購07,0,0,0,0,0,0,0,0,0,12000,0,0,0,12000,0,12000,12000
050534,臻鼎兆豐94購01  ,0,0,0,0,0,0,0,0,0,12000,0,0,0,42000,30000,12000,12000
050590,晶技永豐95購01  ,0,0,0,0,0,0,0,0,0,12000,0,0,0,12000,0,12000,12000
050377,華通第一94購01  ,0,0,0,0,0,0,0,0,0,12000,0,0,0,72000,60000,12000,12000
047942,華新科國票94購04,0,0,0,0,0,0,0,0,0,12000,0,0,0,55000,43000,12000,12000
04995P,台達電凱基96售03,0,0,0,0,0,0,0,0,0,12000,0,0,0,16000,4000,12000,12000
048185,台郡群益93購04  ,0,0,0,0,0,0,0,0,0,12000,0,0,0,32000,20000,12000,12000
04813P,智邦元大94售07  ,0,0,0,0,0,0,0,0,0,12000,0,0,0,19000,7000,12000,12000
048595,儒鴻國票96購01  ,0,0,0,0,0,0,0,0,0,12000,0,0,0,12000,0,12000,12000
048589,國巨兆豐96購01  ,0,0,0,0,0,0,0,0,0,12000,0,0,0,12000,0,12000,12000
048616,智伸科凱基93購07,0,0,0,0,0,0,0,0,0,12000,0,0,0,12000,0,12000,12000
048867,台積電兆豐95購01,0,0,0,0,0,0,0,0,0,12000,0,0,0,68000,56000,12000,12000
048390,國巨國票94購02  ,0,0,0,0,0,0,0,0,0,12000,0,0,0,13000,1000,12000,12000
049394,T50反1群益94購01,0,0,0,0,0,0,0,0,0,12000,0,0,0,12000,0,12000,12000
047695,聯發科國票93購06,0,0,0,0,0,0,0,0,0,12000,0,0,0,12000,0,12000,12000
051734,台積電國票95購04,0,0,0,0,0,0,0,0,0,12000,0,0,0,88000,76000,12000,12000
051119,光寶科群益95購01,0,0,0,0,0,0,0,0,0,12000,0,0,0,22000,10000,12000,12000
050945,致茂群益95購01  ,0,0,0,0,0,0,0,0,0,12000,0,0,0,20000,8000,12000,12000
051069,智邦國票96購01  ,0,0,0,0,0,0,0,0,0,12000,0,0,0,20000,8000,12000,12000
050878,嘉聯益統一95購01,0,0,0,0,0,0,0,0,0,12000,0,0,0,12000,0,12000,12000
052325,高股息中信99購01,0,0,0,0,0,0,0,0,0,12000,0,0,0,13000,1000,12000,12000
052378,矽力元大96購01  ,0,0,0,0,0,0,0,0,0,12000,0,0,0,23000,11000,12000,12000
052944,宏達電國票97購01,0,0,0,0,0,0,0,0,0,12000,0,0,0,41000,29000,12000,12000
2546,根基            ,19000,7000,12000,0,0,0,0,0,0,0,0,0,0,0,0,0,12000
2704,國賓            ,44000,30000,14000,0,0,0,0,0,0,-2000,0,2000,-2000,0,0,0,12000
4545,銘鈺            ,16000,3000,13000,0,0,0,0,0,0,-1000,0,1000,-1000,0,0,0,12000
6139,亞翔            ,80000,60000,20000,0,0,0,0,0,0,-8000,4000,2000,2000,0,10000,-10000,12000
5907,大洋-KY         ,150000,128000,22000,0,0,0,0,0,0,-10000,0,10000,-10000,0,0,0,12000
910861,神州-DR         ,12000,0,12000,0,0,0,0,0,0,0,0,0,0,0,0,0,12000
056294,上銀元大97購11  ,0,0,0,0,0,0,0,0,0,12000,0,0,0,36000,24000,12000,12000
06095P,燿華永豐97售01  ,0,0,0,0,0,0,0,0,0,12000,0,0,0,12000,0,12000,12000
06038P,國泰金台新96售01,0,0,0,0,0,0,0,0,0,12000,0,0,0,13000,1000,12000,12000
1413,宏洲            ,14000,2000,12000,0,0,0,0,0,0,0,0,0,0,0,0,0,12000
06397P,T50反1凱基9A售03,0,0,0,0,0,0,0,0,0,12000,0,0,0,12000,0,12000,12000
055275,台積電元大97購19,0,0,0,0,0,0,0,0,0,11000,0,0,0,151000,140000,11000,11000
055097,福懋科群益97購01,0,0,0,0,0,0,0,0,0,11000,0,0,0,11000,0,11000,11000
055157,晶豪科元大97購01,0,0,0,0,0,0,0,0,0,11000,0,0,0,26000,15000,11000,11000
055454,華邦電元富97購02,0,0,0,0,0,0,0,0,0,11000,0,0,0,153000,142000,11000,11000
055406,大毅國泰99購01  ,0,0,0,0,0,0,0,0,0,11000,0,0,0,11000,0,11000,11000
053997,健策群益97購02  ,0,0,0,0,0,0,0,0,0,11000,0,0,0,16000,5000,11000,11000
053627,宏碁兆豐97購01  ,0,0,0,0,0,0,0,0,0,11000,0,0,0,166000,155000,11000,11000
053509,華新群益98購01  ,0,0,0,0,0,0,0,0,0,11000,0,0,0,33000,22000,11000,11000
053511,鴻海群益96購04  ,0,0,0,0,0,0,0,0,0,11000,0,0,0,11000,0,11000,11000
053580,國巨元大96購10  ,0,0,0,0,0,0,0,0,0,11000,0,0,0,177000,166000,11000,11000
054254,晶豪科元大96購02,0,0,0,0,0,0,0,0,0,11000,0,0,0,30000,19000,11000,11000
054339,聯詠統一96購02  ,0,0,0,0,0,0,0,0,0,11000,0,0,0,11000,0,11000,11000
045311,GIS元大94購01   ,0,0,0,0,0,0,0,0,0,11000,0,0,0,16000,5000,11000,11000
044861,玉晶光兆豐93購01,0,0,0,0,0,0,0,0,0,11000,0,0,0,11000,0,11000,11000
04703P,樺漢統一95售01  ,0,0,0,0,0,0,0,0,0,11000,0,0,0,18000,7000,11000,11000
047070,華通兆豐93購01  ,0,0,0,0,0,0,0,0,0,11000,0,0,0,11000,0,11000,11000
046872,全新元富93購02  ,0,0,0,0,0,0,0,0,0,11000,0,0,0,11000,0,11000,11000
046923,友達國泰94購01  ,0,0,0,0,0,0,0,0,0,11000,0,0,0,11000,0,11000,11000
046883,友達第一93購01  ,0,0,0,0,0,0,0,0,0,11000,0,0,0,55000,44000,11000,11000
046070,景碩凱基92購03  ,0,0,0,0,0,0,0,0,0,11000,0,0,0,20000,9000,11000,11000
046375,友達凱基98購01  ,0,0,0,0,0,0,0,0,0,11000,0,0,0,19000,8000,11000,11000
046317,亞光元大92購04  ,0,0,0,0,0,0,0,0,0,11000,0,0,0,12000,1000,11000,11000
046320,明泰元大92購02  ,0,0,0,0,0,0,0,0,0,11000,0,0,0,16000,5000,11000,11000
046740,大立光群益95購01,0,0,0,0,0,0,0,0,0,11000,0,0,0,41000,30000,11000,11000
043580,大立光元富94購01,0,0,0,0,0,0,0,0,0,11000,0,0,0,52000,41000,11000,11000
04252P,台達電元富93售02,0,0,0,0,0,0,0,0,0,11000,0,0,0,13000,2000,11000,11000
03900P,瀚宇博群益93售03,0,0,0,0,0,0,0,0,0,11000,0,0,0,11000,0,11000,11000
03892P,元油2X中信95售01,0,0,0,0,0,0,0,0,0,11000,0,0,0,112000,101000,11000,11000
00766L,台新MSCI中國正2 ,0,0,0,0,0,0,0,0,0,11000,0,0,0,207000,196000,11000,11000
0052,富邦科技        ,3000,3000,0,0,0,0,0,0,0,11000,0,0,0,112000,101000,11000,11000
03595P,聯發科凱基02售11,0,0,0,0,0,0,0,0,0,11000,0,0,0,11000,0,11000,11000
04985P,景碩永豐94售02  ,0,0,0,0,0,0,0,0,0,11000,0,0,0,61000,50000,11000,11000
047637,旺宏元大94購03  ,0,0,0,0,0,0,0,0,0,11000,0,0,0,50000,39000,11000,11000
047639,聯發科元大93購16,0,0,0,0,0,0,0,0,0,11000,0,0,0,11000,0,11000,11000
049126,玉晶光元富94購02,0,0,0,0,0,0,0,0,0,11000,0,0,0,21000,10000,11000,11000
049222,和碩國票94購01  ,0,0,0,0,0,0,0,0,0,11000,0,0,0,49000,38000,11000,11000
049215,國巨國票94購03  ,0,0,0,0,0,0,0,0,0,11000,0,0,0,11000,0,11000,11000
047630,元油反元大96購02,0,0,0,0,0,0,0,0,0,11000,0,0,0,11000,0,11000,11000
04889P,華通元大94售03  ,0,0,0,0,0,0,0,0,0,11000,0,0,0,18000,7000,11000,11000
049883,台表科永豐94購02,0,0,0,0,0,0,0,0,0,11000,0,0,0,11000,0,11000,11000
055320,建準國票98購01  ,0,0,0,0,0,0,0,0,0,11000,0,0,0,21000,10000,11000,11000
050313,大立光兆豐94購05,0,0,0,0,0,0,0,0,0,11000,0,0,0,12000,1000,11000,11000
050469,聯電台新94購01  ,0,0,0,0,0,0,0,0,0,11000,0,0,0,100000,89000,11000,11000
052879,滬深2X凱基97購02,0,0,0,0,0,0,0,0,0,11000,0,0,0,11000,0,11000,11000
053226,國巨台新97購02  ,0,0,0,0,0,0,0,0,0,11000,0,0,0,11000,0,11000,11000
053204,旺宏麥證96購01  ,0,0,0,21000,10000,11000,0,0,0,11000,0,0,0,21000,10000,11000,11000
05246P,南電元大95售04  ,0,0,0,0,0,0,0,0,0,11000,0,0,0,11000,0,11000,11000
05232P,緯穎群益95售01  ,0,0,0,0,0,0,0,0,0,11000,0,0,0,11000,0,11000,11000
050801,元金2X群益98購01,0,0,0,0,0,0,0,0,0,11000,0,0,0,21000,10000,11000,11000
051377,鴻海群益95購07  ,0,0,0,0,0,0,0,0,0,11000,0,0,0,11000,0,11000,11000
051771,上銀中信95購01  ,0,0,0,0,0,0,0,0,0,11000,0,0,0,148000,137000,11000,11000
052086,鴻海元大96購08  ,0,0,0,0,0,0,0,0,0,11000,0,0,0,11000,0,11000,11000
06031P,新光金兆豐96售02,0,0,0,0,0,0,0,0,0,11000,0,0,0,11000,0,11000,11000
06058P,玉晶光凱基97售04,0,0,0,0,0,0,0,0,0,11000,0,0,0,23000,12000,11000,11000
06091P,華新科統一97售01,0,0,0,0,0,0,0,0,0,11000,0,0,0,11000,0,11000,11000
05923P,旺宏元富96售05  ,0,0,0,0,0,0,0,0,0,11000,0,0,0,11000,0,11000,11000
05976P,國巨凱基96售14  ,0,0,0,0,0,0,0,0,0,11000,0,0,0,11000,0,11000,11000
05795P,華邦電群益96售05,0,0,0,0,0,0,0,0,0,11000,0,0,0,11000,0,11000,11000
05721P,全新群益98售02  ,0,0,0,0,0,0,0,0,0,11000,0,0,0,22000,11000,11000,11000
056396,祥碩永豐98購01  ,0,0,0,0,0,0,0,0,0,11000,0,0,0,11000,0,11000,11000
9924,福興            ,30000,17000,13000,0,0,0,0,0,0,-2000,0,2000,-2000,0,0,0,11000
6189,豐藝            ,36000,25000,11000,0,0,0,0,0,0,0,0,0,0,0,0,0,11000
6128,上福            ,20000,8000,12000,0,0,0,0,0,0,-1000,0,1000,-1000,0,0,0,11000
3591,艾笛森          ,14000,3000,11000,0,0,0,0,0,0,0,0,0,0,0,0,0,11000
2417,圓剛            ,18000,7000,11000,0,0,0,0,0,0,0,0,0,0,0,0,0,11000
1467,南緯            ,12000,1000,11000,0,0,0,0,0,0,0,0,0,0,0,0,0,11000
1611,中電            ,13000,0,13000,0,0,0,0,0,0,-2000,0,2000,-2000,0,0,0,11000
05433P,智原元富95售02  ,0,0,0,0,0,0,0,0,0,10000,0,0,0,10000,0,10000,10000
05412P,泰碩國票95售02  ,0,0,0,0,0,0,0,0,0,10000,0,0,0,10000,0,10000,10000
054102,百和國票97購04  ,0,0,0,0,0,0,0,0,0,10000,0,0,0,10000,0,10000,10000
054079,鴻海中信98購02  ,0,0,0,0,0,0,0,0,0,10000,0,0,0,10000,0,10000,10000
05416P,喬山永豐95售04  ,0,0,0,0,0,0,0,0,0,10000,0,0,0,10000,0,10000,10000
054145,嘉聯益元大98購01,0,0,0,0,0,0,0,0,0,10000,0,0,0,10000,0,10000,10000
054554,大立光凱基98購02,0,0,0,0,0,0,0,0,0,10000,0,0,0,10000,0,10000,10000
054587,玉晶光國泰99購01,0,0,0,0,0,0,0,0,0,10000,0,0,0,50000,40000,10000,10000
054675,美律台新98購01  ,0,0,0,0,0,0,0,0,0,10000,0,0,0,10000,0,10000,10000
054655,貿聯麥證98購01  ,0,0,0,20000,10000,10000,0,0,0,10000,0,0,0,20000,10000,10000,10000
054422,T50反1富邦9A購01,0,0,0,0,0,0,0,0,0,10000,0,0,0,10000,0,10000,10000
053492,華邦電兆豐97購01,0,0,0,0,0,0,0,0,0,10000,0,0,0,116000,106000,10000,10000
053450,同欣電凱基96購02,0,0,0,0,0,0,0,0,0,10000,0,0,0,10000,0,10000,10000
053609,華新中信9A購01  ,0,0,0,0,0,0,0,0,0,10000,0,0,0,10000,0,10000,10000
053673,超眾元富96購03  ,0,0,0,0,0,0,0,0,0,10000,0,0,0,348000,338000,10000,10000
053995,奇力新群益97購02,0,0,0,0,0,0,0,0,0,10000,0,0,0,10000,0,10000,10000
05399P,GIS國票95售03   ,0,0,0,0,0,0,0,0,0,10000,0,0,0,10000,0,10000,10000
05398P,康控國票96售03  ,0,0,0,0,0,0,0,0,0,10000,0,0,0,10000,0,10000,10000
054020,技嘉台新97購01  ,0,0,0,0,0,0,0,0,0,10000,0,0,0,10000,0,10000,10000
054016,嘉晶永豐96購04  ,0,0,0,0,0,0,0,0,0,10000,0,0,0,10000,0,10000,10000
055464,聚陽凱基97購01  ,0,0,0,0,0,0,0,0,0,10000,0,0,0,10000,0,10000,10000
055524,鴻海群益98購01  ,0,0,0,0,0,0,0,0,0,10000,0,0,0,10000,0,10000,10000
055542,亞德客凱基97購01,0,0,0,0,0,0,0,0,0,10000,0,0,0,10000,0,10000,10000
055554,聯發科凱基97購06,0,0,0,0,0,0,0,0,0,10000,0,0,0,16000,6000,10000,10000
055607,華通康和97購01  ,0,0,0,0,0,0,0,0,0,10000,0,0,0,10000,0,10000,10000
055674,南港康和97購02  ,0,0,0,0,0,0,0,0,0,10000,0,0,0,28000,18000,10000,10000
055628,旺宏永豐97購01  ,0,0,0,0,0,0,0,0,0,10000,0,0,0,146000,136000,10000,10000
055652,聯詠元富01購01  ,0,0,0,0,0,0,0,0,0,10000,0,0,0,10000,0,10000,10000
055653,聯詠元富01購02  ,0,0,0,0,0,0,0,0,0,10000,0,0,0,10000,0,10000,10000
055799,致茂永豐97購02  ,0,0,0,0,0,0,0,0,0,10000,0,0,0,10000,0,10000,10000
05574P,英業達元富96售01,0,0,0,0,0,0,0,0,0,10000,0,0,0,10000,0,10000,10000
055901,超眾中信97購01  ,0,0,0,0,0,0,0,0,0,10000,0,0,0,10000,0,10000,10000
055849,聯詠元大97購05  ,0,0,0,0,0,0,0,0,0,10000,0,0,0,60000,50000,10000,10000
055934,景碩群益98購03  ,0,0,0,0,0,0,0,0,0,10000,0,0,0,106000,96000,10000,10000
05514P,康舒永豐96售01  ,0,0,0,0,0,0,0,0,0,10000,0,0,0,10000,0,10000,10000
055099,可成日盛97購01  ,0,0,0,0,0,0,0,0,0,10000,0,0,0,10000,0,10000,10000
05503P,智邦日盛96售01  ,0,0,0,0,0,0,0,0,0,10000,0,0,0,33000,23000,10000,10000
055358,臻鼎凱基97購01  ,0,0,0,0,0,0,0,0,0,10000,0,0,0,10000,0,10000,10000
05524P,瀚宇博國票97售02,0,0,0,0,0,0,0,0,0,10000,0,0,0,10000,0,10000,10000
055228,聯發科國票98購03,0,0,0,0,0,0,0,0,0,10000,0,0,0,10000,0,10000,10000
055203,建準中信97購01  ,0,0,0,0,0,0,0,0,0,10000,0,0,0,10000,0,10000,10000
055215,智邦凱基98購02  ,0,0,0,0,0,0,0,0,0,10000,0,0,0,272000,262000,10000,10000
054739,義隆凱基98購02  ,0,0,0,0,0,0,0,0,0,10000,0,0,0,81000,71000,10000,10000
05476P,聯發科群益95售06,0,0,0,0,0,0,0,0,0,10000,0,0,0,10000,0,10000,10000
054715,中橡康和97購01  ,0,0,0,0,0,0,0,0,0,10000,0,0,0,10000,0,10000,10000
054889,京鼎統一99購01  ,0,0,0,0,0,0,0,0,0,10000,0,0,0,58000,48000,10000,10000
054955,宏達電元大98購01,0,0,0,0,0,0,0,0,0,10000,0,0,0,15000,5000,10000,10000
03678P,欣興元大92售09  ,0,0,0,0,0,0,0,0,0,10000,0,0,0,10000,0,10000,10000
03720P,元油2X富邦95售01,0,0,0,0,0,0,0,0,0,10000,0,0,0,10000,0,10000,10000
043889,台表科元大93購01,0,0,0,0,0,0,0,0,0,10000,0,0,0,10000,0,10000,10000
03750P,臻鼎凱基93售04  ,0,0,0,0,0,0,0,0,0,10000,0,0,0,10000,0,10000,10000
03560P,台積電兆豐03售10,0,0,0,0,0,0,0,0,0,10000,0,0,0,13000,3000,10000,10000
03562P,台灣50群益02售13,0,0,0,0,0,0,0,0,0,10000,0,0,0,10000,0,10000,10000
03307P,臺股指中信05售02,0,0,0,0,0,0,0,0,0,10000,0,0,0,10000,0,10000,10000
03296P,台積電統一02售13,0,0,0,0,0,0,0,0,0,10000,0,0,0,10000,0,10000,10000
03394P,聯電國泰04售01  ,0,0,0,0,0,0,0,0,0,10000,0,0,0,10000,0,10000,10000
04148P,GIS凱基93售05   ,0,0,0,0,0,0,0,0,0,10000,0,0,0,10000,0,10000,10000
04137P,元油反國票97售01,0,0,0,0,0,0,0,0,0,10000,0,0,0,10000,0,10000,10000
044011,鴻海凱基93購03  ,0,0,0,0,0,0,0,0,0,10000,0,0,0,10000,0,10000,10000
044053,國巨元大92購11  ,0,0,0,0,0,0,0,0,0,10000,0,0,0,10000,0,10000,10000
044205,聯茂亞東92購01  ,0,0,0,0,0,0,0,0,0,10000,0,0,0,10000,0,10000,10000
04425P,中環康和94售01  ,0,0,0,0,0,0,0,0,0,10000,0,0,0,10000,0,10000,10000
044241,華新科統一92購01,0,0,0,0,0,0,0,0,0,10000,0,0,0,10000,0,10000,10000
04006P,滬深2X國票9B售01,0,0,0,0,0,0,0,0,0,10000,0,0,0,30000,20000,10000,10000
04029P,聯發科凱基93售16,0,0,0,0,0,0,0,0,0,10000,0,0,0,10000,0,10000,10000
042516,健策凱基93購01  ,0,0,0,0,0,0,0,0,0,10000,0,0,0,10000,0,10000,10000
042711,台灣50國票93購01,0,0,0,0,0,0,0,0,0,10000,0,0,0,10000,0,10000,10000
042692,台灣50凱基96購09,0,0,0,0,0,0,0,0,0,10000,0,0,0,10000,0,10000,10000
042618,台灣50群益92購04,0,0,0,0,0,0,0,0,0,10000,0,0,0,10000,0,10000,10000
042767,世紀鋼元大92購01,0,0,0,0,0,0,0,0,0,10000,0,0,0,10000,0,10000,10000
042915,大立光元大93購01,0,0,0,0,0,0,0,0,0,10000,0,0,0,10000,0,10000,10000
042784,上銀兆豐93購01  ,0,0,0,0,0,0,0,0,0,10000,0,0,0,10000,0,10000,10000
044436,健策元大92購02  ,0,0,0,0,0,0,0,0,0,10000,0,0,0,10000,0,10000,10000
04237P,超眾群益93售02  ,0,0,0,0,0,0,0,0,0,10000,0,0,0,10000,0,10000,10000
044401,亞光凱基93購01  ,0,0,0,0,0,0,0,0,0,10000,0,0,0,10000,0,10000,10000
044351,台光電元大92購02,0,0,0,0,0,0,0,0,0,10000,0,0,0,10000,0,10000,10000
04131P,裕隆群益93售01  ,0,0,0,0,0,0,0,0,0,10000,0,0,0,10000,0,10000,10000
043605,創意元大93購01  ,0,0,0,0,0,0,0,0,0,10000,0,0,0,40000,30000,10000,10000
043598,華新科元大92購05,0,0,0,0,0,0,0,0,0,10000,0,0,0,10000,0,10000,10000
043475,聯茂元大92購01  ,0,0,0,0,0,0,0,0,0,10000,0,0,0,10000,0,10000,10000
043468,華新科元大92購03,0,0,0,0,0,0,0,0,0,10000,0,0,0,10000,0,10000,10000
043454,上銀元大92購02  ,0,0,0,0,0,0,0,0,0,10000,0,0,0,10000,0,10000,10000
04317P,樺漢國票93售03  ,0,0,0,0,0,0,0,0,0,10000,0,0,0,10000,0,10000,10000
04383P,泰鼎國泰95售01  ,0,0,0,0,0,0,0,0,0,10000,0,0,0,10000,0,10000,10000
04196P,東陽中信93售02  ,0,0,0,0,0,0,0,0,0,10000,0,0,0,10000,0,10000,10000
042085,台灣50凱基92購02,0,0,0,0,0,0,0,0,0,10000,0,0,0,10000,0,10000,10000
043774,瑞昱兆豐92購01  ,0,0,0,0,0,0,0,0,0,10000,0,0,0,20000,10000,10000,10000
04379P,大立光元大94售06,0,0,0,0,0,0,0,0,0,10000,0,0,0,110000,100000,10000,10000
045639,冠德凱基93購01  ,0,0,0,0,0,0,0,0,0,10000,0,0,0,10000,0,10000,10000
045628,台積電凱基92購11,0,0,0,0,0,0,0,0,0,10000,0,0,0,10000,0,10000,10000
045629,智邦凱基92購01  ,0,0,0,0,0,0,0,0,0,10000,0,0,0,10000,0,10000,10000
046750,鴻海凱基93購17  ,0,0,0,0,0,0,0,0,0,10000,0,0,0,10000,0,10000,10000
04572P,T50反1統一94售06,0,0,0,0,0,0,0,0,0,10000,0,0,0,10000,0,10000,10000
045732,儒鴻國票93購01  ,0,0,0,0,0,0,0,0,0,10000,0,0,0,10000,0,10000,10000
045718,瑞昱凱基92購01  ,0,0,0,0,0,0,0,0,0,10000,0,0,0,20000,10000,10000,10000
045710,儒鴻凱基92購02  ,0,0,0,0,0,0,0,0,0,10000,0,0,0,10000,0,10000,10000
045677,聯發科元大92購10,0,0,0,0,0,0,0,0,0,10000,0,0,0,10000,0,10000,10000
045668,奇力新元富92購01,0,0,0,0,0,0,0,0,0,10000,0,0,0,20000,10000,10000,10000
045671,鴻海元大92購10  ,0,0,0,0,0,0,0,0,0,10000,0,0,0,10000,0,10000,10000
045673,燿華元大92購03  ,0,0,0,0,0,0,0,0,0,10000,0,0,0,10000,0,10000,10000
045674,友達元大92購03  ,0,0,0,0,0,0,0,0,0,10000,0,0,0,10000,0,10000,10000
046614,儒鴻凱基93購01  ,0,0,0,0,0,0,0,0,0,10000,0,0,0,10000,0,10000,10000
046633,健策元富93購01  ,0,0,0,0,0,0,0,0,0,10000,0,0,0,10000,0,10000,10000
046658,微星元大93購01  ,0,0,0,0,0,0,0,0,0,10000,0,0,0,10000,0,10000,10000
046659,瑞昱元大93購02  ,0,0,0,0,0,0,0,0,0,10000,0,0,0,10000,0,10000,10000
046685,世紀鋼群益93購02,0,0,0,0,0,0,0,0,0,10000,0,0,0,10000,0,10000,10000
046692,鴻海凱基93購15  ,0,0,0,0,0,0,0,0,0,10000,0,0,0,10000,0,10000,10000
042298,群創元大92購01  ,0,0,0,0,0,0,0,0,0,10000,0,0,0,19000,9000,10000,10000
044624,華新科元大92購07,0,0,0,0,0,0,0,0,0,10000,0,0,0,10000,0,10000,10000
041921,台灣50凱基93購04,0,0,0,0,0,0,0,0,0,10000,0,0,0,10000,0,10000,10000
045464,聯發科元大92購09,0,0,0,0,0,0,0,0,0,10000,0,0,0,10000,0,10000,10000
045527,建準永豐92購01  ,0,0,0,0,0,0,0,0,0,10000,0,0,0,10000,0,10000,10000
046322,群創元大92購08  ,0,0,0,0,0,0,0,0,0,10000,0,0,0,10000,0,10000,10000
046313,華新科元大92購11,0,0,0,0,0,0,0,0,0,10000,0,0,0,10000,0,10000,10000
046306,瑞昱元大92購02  ,0,0,0,0,0,0,0,0,0,10000,0,0,0,10000,0,10000,10000
046307,瑞昱元大92購03  ,0,0,0,0,0,0,0,0,0,10000,0,0,0,10000,0,10000,10000
046326,智伸科元大92購03,0,0,0,0,0,0,0,0,0,10000,0,0,0,10000,0,10000,10000
046257,A50正2國票94購01,0,0,0,0,0,0,0,0,0,10000,0,0,0,15000,5000,10000,10000
046234,彩晶元大92購01  ,0,0,0,0,0,0,0,0,0,10000,0,0,0,10000,0,10000,10000
046216,滬深2X富邦93購02,0,0,0,0,0,0,0,0,0,10000,0,0,0,10000,0,10000,10000
04619P,華新統一94售02  ,0,0,0,0,0,0,0,0,0,10000,0,0,0,10000,0,10000,10000
046195,聯詠凱基92購08  ,0,0,0,0,0,0,0,0,0,10000,0,0,0,30000,20000,10000,10000
046774,瑞昱台新93購01  ,0,0,0,0,0,0,0,0,0,10000,0,0,0,10000,0,10000,10000
046755,瑞昱凱基93購05  ,0,0,0,0,0,0,0,0,0,10000,0,0,0,20000,10000,10000,10000
044853,亞光國泰93購01  ,0,0,0,0,0,0,0,0,0,10000,0,0,0,10000,0,10000,10000
044792,康友群益93購01  ,0,0,0,0,0,0,0,0,0,10000,0,0,0,10000,0,10000,10000
044763,瀚宇博凱基93購01,0,0,0,0,0,0,0,0,0,10000,0,0,0,90000,80000,10000,10000
044695,國巨元大93購03  ,0,0,0,0,0,0,0,0,0,10000,0,0,0,10000,0,10000,10000
046492,旺宏富邦94購02  ,0,0,0,0,0,0,0,0,0,10000,0,0,0,10000,0,10000,10000
046420,群創元大92購10  ,0,0,0,0,0,0,0,0,0,10000,0,0,0,10000,0,10000,10000
046528,聯詠中信94購01  ,0,0,0,0,0,0,0,0,0,10000,0,0,0,30000,20000,10000,10000
046072,台勝科凱基92購03,0,0,0,0,0,0,0,0,0,10000,0,0,0,10000,0,10000,10000
046082,矽力凱基92購01  ,0,0,0,0,0,0,0,0,0,10000,0,0,0,10000,0,10000,10000
046114,燿華元大92購04  ,0,0,0,0,0,0,0,0,0,10000,0,0,0,10000,0,10000,10000
046092,智伸科兆豐92購01,0,0,0,0,0,0,0,0,0,10000,0,0,0,10000,0,10000,10000
046164,健策兆豐93購03  ,0,0,0,0,0,0,0,0,0,10000,0,0,0,10000,0,10000,10000
046138,鴻海統一92購07  ,0,0,0,0,0,0,0,0,0,10000,0,0,0,10000,0,10000,10000
046940,瑞昱元大93購07  ,0,0,0,0,0,0,0,0,0,10000,0,0,0,10000,0,10000,10000
047156,群創國票94購01  ,0,0,0,0,0,0,0,0,0,10000,0,0,0,10000,0,10000,10000
04716P,中石化凱基94售01,0,0,0,0,0,0,0,0,0,10000,0,0,0,10000,0,10000,10000
047062,鴻海凱基93購24  ,0,0,0,0,0,0,0,0,0,10000,0,0,0,10000,0,10000,10000
047077,日月光兆豐93購01,0,0,0,0,0,0,0,0,0,10000,0,0,0,10000,0,10000,10000
047080,仁寶康和93購01  ,0,0,0,0,0,0,0,0,0,10000,0,0,0,30000,20000,10000,10000
047107,上銀元大93購04  ,0,0,0,0,0,0,0,0,0,10000,0,0,0,10000,0,10000,10000
047103,台苯元大93購01  ,0,0,0,0,0,0,0,0,0,10000,0,0,0,10000,0,10000,10000
045895,智伸科元大92購02,0,0,0,0,0,0,0,0,0,10000,0,0,0,10000,0,10000,10000
045927,鴻海永豐92購01  ,0,0,0,0,0,0,0,0,0,10000,0,0,0,10000,0,10000,10000
047018,鴻海元大93購09  ,0,0,0,0,0,0,0,0,0,10000,0,0,0,10000,0,10000,10000
044900,建準凱基93購01  ,0,0,0,0,0,0,0,0,0,10000,0,0,0,10000,0,10000,10000
044901,聯發科凱基93購01,0,0,0,0,0,0,0,0,0,10000,0,0,0,20000,10000,10000,10000
044983,玉晶光國票93購01,0,0,0,0,0,0,0,0,0,10000,0,0,0,10000,0,10000,10000
046006,和碩統一92購01  ,0,0,0,0,0,0,0,0,0,10000,0,0,0,10000,0,10000,10000
045937,臻鼎群益93購02  ,0,0,0,0,0,0,0,0,0,10000,0,0,0,10000,0,10000,10000
046981,智伸科兆豐94購01,0,0,0,0,0,0,0,0,0,10000,0,0,0,10000,0,10000,10000
046969,聯發科群益93購05,0,0,0,0,0,0,0,0,0,10000,0,0,0,36000,26000,10000,10000
047011,鴻海元富93購01  ,0,0,0,0,0,0,0,0,0,10000,0,0,0,10000,0,10000,10000
04699P,臺股指元富94售05,0,0,0,0,0,0,0,0,0,10000,0,0,0,10000,0,10000,10000
046986,台積電凱基93購09,0,0,0,0,0,0,0,0,0,10000,0,0,0,10000,0,10000,10000
045309,訊芯元大92購01  ,0,0,0,0,0,0,0,0,0,10000,0,0,0,10000,0,10000,10000
045303,華新科元大92購10,0,0,0,0,0,0,0,0,0,10000,0,0,0,10000,0,10000,10000
04528P,智原凱基94售01  ,0,0,0,0,0,0,0,0,0,10000,0,0,0,30000,20000,10000,10000
045319,鴻海統一92購04  ,0,0,0,0,0,0,0,0,0,10000,0,0,0,10000,0,10000,10000
045343,可成凱基92購05  ,0,0,0,0,0,0,0,0,0,10000,0,0,0,10000,0,10000,10000
045363,台達電兆豐92購01,0,0,0,0,0,0,0,0,0,10000,0,0,0,10000,0,10000,10000
045384,強茂元大92購01  ,0,0,0,0,0,0,0,0,0,10000,0,0,0,10000,0,10000,10000
045115,玉晶光永豐94購01,0,0,0,0,0,0,0,0,0,10000,0,0,0,10000,0,10000,10000
045150,聯發科凱基93購03,0,0,0,0,0,0,0,0,0,10000,0,0,0,11000,1000,10000,10000
045071,奇力新元大94購01,0,0,0,0,0,0,0,0,0,10000,0,0,0,10000,0,10000,10000
045087,玉晶光元大95購01,0,0,0,0,0,0,0,0,0,10000,0,0,0,10000,0,10000,10000
045199,可成凱基92購02  ,0,0,0,0,0,0,0,0,0,10000,0,0,0,10000,0,10000,10000
045182,瑞昱統一92購05  ,0,0,0,0,0,0,0,0,0,10000,0,0,0,10000,0,10000,10000
045219,瑞昱元大92購01  ,0,0,0,0,0,0,0,0,0,10000,0,0,0,10000,0,10000,10000
045229,和碩元大92購01  ,0,0,0,0,0,0,0,0,0,10000,0,0,0,10000,0,10000,10000
046027,旺宏元大92購08  ,0,0,0,0,0,0,0,0,0,10000,0,0,0,10000,0,10000,10000
046033,義隆元大92購03  ,0,0,0,0,0,0,0,0,0,10000,0,0,0,10000,0,10000,10000
048955,慧洋康和94購01  ,0,0,0,0,0,0,0,0,0,10000,0,0,0,10000,0,10000,10000
048831,玉晶光凱基95購01,0,0,0,0,0,0,0,0,0,10000,0,0,0,10000,0,10000,10000
048843,台郡凱基94購01  ,0,0,0,0,0,0,0,0,0,10000,0,0,0,10000,0,10000,10000
048728,台達電麥證94購01,0,0,0,70000,60000,10000,0,0,0,10000,0,0,0,70000,60000,10000,10000
048708,智邦亞東94購01  ,0,0,0,0,0,0,0,0,0,10000,0,0,0,10000,0,10000,10000
048710,奇力新台新94購01,0,0,0,0,0,0,0,0,0,10000,0,0,0,10000,0,10000,10000
048718,台光電永豐94購01,0,0,0,0,0,0,0,0,0,10000,0,0,0,10000,0,10000,10000
048724,台達電日盛94購01,0,0,0,0,0,0,0,0,0,10000,0,0,0,10000,0,10000,10000
050485,國巨統一96購01  ,0,0,0,0,0,0,0,0,0,10000,0,0,0,10000,0,10000,10000
050423,鴻海凱基96購02  ,0,0,0,0,0,0,0,0,0,10000,0,0,0,10000,0,10000,10000
05042P,GIS凱基95售03   ,0,0,0,0,0,0,0,0,0,10000,0,0,0,10000,0,10000,10000
050428,光磊凱基94購05  ,0,0,0,0,0,0,0,0,0,10000,0,0,0,10000,0,10000,10000
050575,南亞科國票94購01,0,0,0,0,0,0,0,0,0,10000,0,0,0,31000,21000,10000,10000
05067P,欣興兆豐96售02  ,0,0,0,0,0,0,0,0,0,10000,0,0,0,10000,0,10000,10000
050644,國巨凱基96購01  ,0,0,0,0,0,0,0,0,0,10000,0,0,0,21000,11000,10000,10000
050322,世紀鋼國票95購01,0,0,0,0,0,0,0,0,0,10000,0,0,0,10000,0,10000,10000
050278,上証2X第一94購01,0,0,0,0,0,0,0,0,0,10000,0,0,0,10000,0,10000,10000
05027P,南電群益95售01  ,0,0,0,0,0,0,0,0,0,10000,0,0,0,10000,0,10000,10000
050162,中環國泰95購01  ,0,0,0,0,0,0,0,0,0,10000,0,0,0,20000,10000,10000,10000
055344,國巨凱基97購04  ,0,0,0,0,0,0,0,0,0,10000,0,0,0,10000,0,10000,10000
055351,聯發科凱基97購03,0,0,0,0,0,0,0,0,0,10000,0,0,0,84000,74000,10000,10000
050374,上緯控元大95購01,0,0,0,0,0,0,0,0,0,10000,0,0,0,10000,0,10000,10000
047861,臺股指國票93購16,0,0,0,0,0,0,0,0,0,10000,0,0,0,10000,0,10000,10000
048564,智易元大94購01  ,0,0,0,0,0,0,0,0,0,10000,0,0,0,10000,0,10000,10000
04782P,智伸科統一96售01,0,0,0,0,0,0,0,0,0,10000,0,0,0,10000,0,10000,10000
047818,台郡凱基93購04  ,0,0,0,0,0,0,0,0,0,10000,0,0,0,10000,0,10000,10000
049954,健策群益95購01  ,0,0,0,0,0,0,0,0,0,10000,0,0,0,13000,3000,10000,10000
049955,崇越群益95購01  ,0,0,0,0,0,0,0,0,0,10000,0,0,0,30000,20000,10000,10000
05011P,南電國泰96售01  ,0,0,0,0,0,0,0,0,0,10000,0,0,0,10000,0,10000,10000
050073,傳奇凱基94購02  ,0,0,0,0,0,0,0,0,0,10000,0,0,0,10000,0,10000,10000
048483,可成國泰95購01  ,0,0,0,0,0,0,0,0,0,10000,0,0,0,40000,30000,10000,10000
048502,百和元大93購01  ,0,0,0,0,0,0,0,0,0,10000,0,0,0,10000,0,10000,10000
048450,聯詠凱基93購09  ,0,0,0,0,0,0,0,0,0,10000,0,0,0,30000,20000,10000,10000
048541,緯穎台新93購01  ,0,0,0,0,0,0,0,0,0,10000,0,0,0,10000,0,10000,10000
04851P,創意永豐94售02  ,0,0,0,0,0,0,0,0,0,10000,0,0,0,10000,0,10000,10000
04852P,臻鼎永豐94售02  ,0,0,0,0,0,0,0,0,0,10000,0,0,0,10000,0,10000,10000
048033,大立光凱基93購28,0,0,0,0,0,0,0,0,0,10000,0,0,0,10000,0,10000,10000
048028,聯發科凱基93購25,0,0,0,0,0,0,0,0,0,10000,0,0,0,14000,4000,10000,10000
04806P,臻鼎元富94售06  ,0,0,0,0,0,0,0,0,0,10000,0,0,0,10000,0,10000,10000
049151,大立光元大94購07,0,0,0,0,0,0,0,0,0,10000,0,0,0,10000,0,10000,10000
048320,聯詠凱基93購08  ,0,0,0,0,0,0,0,0,0,10000,0,0,0,10000,0,10000,10000
048283,亞德客中信94購01,0,0,0,0,0,0,0,0,0,10000,0,0,0,30000,20000,10000,10000
047517,元油反元大96購01,0,0,0,0,0,0,0,0,0,10000,0,0,0,10000,0,10000,10000
047476,鴻海凱基94購08  ,0,0,0,0,0,0,0,0,0,10000,0,0,0,30000,20000,10000,10000
047479,美律凱基94購01  ,0,0,0,0,0,0,0,0,0,10000,0,0,0,10000,0,10000,10000
048602,上緯控國票96購01,1000,0,1000,0,0,0,0,0,0,9000,0,0,0,10000,1000,9000,10000
048982,牧德元大94購02  ,0,0,0,0,0,0,0,0,0,10000,0,0,0,10000,0,10000,10000
047573,儒鴻群益93購04  ,0,0,0,0,0,0,0,0,0,10000,0,0,0,10000,0,10000,10000
047616,鴻海凱基94購10  ,0,0,0,0,0,0,0,0,0,10000,0,0,0,10000,0,10000,10000
048414,滬深2X統一98購01,0,0,0,0,0,0,0,0,0,10000,0,0,0,10000,0,10000,10000
049173,鴻海凱基94購15  ,0,0,0,0,0,0,0,0,0,10000,0,0,0,10000,0,10000,10000
04923P,GIS凱基94售06   ,0,0,0,0,0,0,0,0,0,10000,0,0,0,10000,0,10000,10000
049292,鴻海群益94購04  ,0,0,0,0,0,0,0,0,0,10000,0,0,0,10000,0,10000,10000
049229,台化富邦94購01  ,0,0,0,0,0,0,0,0,0,10000,0,0,0,20000,10000,10000,10000
04919P,聯詠凱基94售05  ,0,0,0,0,0,0,0,0,0,10000,0,0,0,10000,0,10000,10000
049330,元上證統一94購03,0,0,0,0,0,0,0,0,0,10000,0,0,0,10000,0,10000,10000
049124,可成元富94購02  ,0,0,0,0,0,0,0,0,0,10000,0,0,0,10000,0,10000,10000
049129,S&P反1元大97購01,0,0,0,0,0,0,0,0,0,10000,0,0,0,10000,0,10000,10000
047773,超眾元大96購01  ,0,0,0,0,0,0,0,0,0,10000,0,0,0,30000,20000,10000,10000
047320,健策元大93購02  ,0,0,0,0,0,0,0,0,0,10000,0,0,0,10000,0,10000,10000
047674,群創元富96購02  ,0,0,0,0,0,0,0,0,0,10000,0,0,0,10000,0,10000,10000
047652,滬深2X兆豐94購03,0,0,0,0,0,0,0,0,0,10000,0,0,0,10000,0,10000,10000
04987P,昇陽半永豐94售04,0,0,0,0,0,0,0,0,0,10000,0,0,0,10000,0,10000,10000
049837,臺股指凱基96購02,0,0,0,0,0,0,0,0,0,10000,0,0,0,10000,0,10000,10000
047248,奇鋐群益95購01  ,0,0,0,0,0,0,0,0,0,10000,0,0,0,20000,10000,10000,10000
049743,全新台新94購01  ,0,0,0,0,0,0,0,0,0,10000,0,0,0,10000,0,10000,10000
049509,台達電凱基94購07,0,0,0,0,0,0,0,0,0,10000,0,0,0,10000,0,10000,10000
049456,上海銀統一94購03,0,0,0,0,0,0,0,0,0,10000,0,0,0,40000,30000,10000,10000
049482,國巨元大94購06  ,0,0,0,0,0,0,0,0,0,10000,0,0,0,10000,0,10000,10000
049601,矽創元大95購02  ,0,0,0,0,0,0,0,0,0,10000,0,0,0,45000,35000,10000,10000
049617,光罩群益94購03  ,0,0,0,0,0,0,0,0,0,10000,0,0,0,11000,1000,10000,10000
049608,旺宏兆豐94購02  ,0,0,0,0,0,0,0,0,0,10000,0,0,0,10000,0,10000,10000
049609,全新兆豐95購01  ,0,0,0,0,0,0,0,0,0,10000,0,0,0,10000,0,10000,10000
052128,聯發科日盛95購03,0,0,0,0,0,0,0,0,0,10000,0,0,0,10000,0,10000,10000
052109,可成元富95購01  ,0,0,0,0,0,0,0,0,0,10000,0,0,0,10000,0,10000,10000
052172,致茂元大95購01  ,0,0,0,0,0,0,0,0,0,10000,0,0,0,10000,0,10000,10000
052059,臺股指凱基95購17,0,0,0,0,0,0,0,0,0,10000,0,0,0,10000,0,10000,10000
051897,台光電國泰97購01,0,0,0,0,0,0,0,0,0,10000,0,0,0,74000,64000,10000,10000
051868,貿聯凱基96購01  ,0,0,0,0,0,0,0,0,0,10000,0,0,0,10000,0,10000,10000
051861,鴻海凱基98購01  ,0,0,0,0,0,0,0,0,0,10000,0,0,0,70000,60000,10000,10000
051828,微星元大95購03  ,0,0,0,0,0,0,0,0,0,10000,0,0,0,45000,35000,10000,10000
051818,國巨統一95購02  ,0,0,0,0,0,0,0,0,0,10000,0,0,0,78000,68000,10000,10000
051980,樺漢凱基96購01  ,0,0,0,0,0,0,0,0,0,10000,0,0,0,10000,0,10000,10000
051960,美食永豐95購01  ,0,0,0,0,0,0,0,0,0,10000,0,0,0,10000,0,10000,10000
051949,鴻海元富95購08  ,0,0,0,0,0,0,0,0,0,10000,0,0,0,10000,0,10000,10000
051783,鴻海兆豐95購03  ,0,0,0,0,0,0,0,0,0,10000,0,0,0,10000,0,10000,10000
051675,瑞儀元大96購02  ,0,0,0,0,0,0,0,0,0,10000,0,0,0,10000,0,10000,10000
05166P,中磊元富95售03  ,0,0,0,0,0,0,0,0,0,10000,0,0,0,10000,0,10000,10000
051694,A50正2中信96購03,0,0,0,0,0,0,0,0,0,10000,0,0,0,30000,20000,10000,10000
051626,可成麥證95購02  ,0,0,0,10000,0,10000,0,0,0,10000,0,0,0,10000,0,10000,10000
051494,中環兆豐95購01  ,0,0,0,0,0,0,0,0,0,10000,0,0,0,20000,10000,10000,10000
051455,樺漢元大96購01  ,0,0,0,0,0,0,0,0,0,10000,0,0,0,10000,0,10000,10000
051399,玉晶光台新96購01,0,0,0,0,0,0,0,0,0,10000,0,0,0,20000,10000,10000,10000
051364,鴻海國泰97購03  ,0,0,0,0,0,0,0,0,0,10000,0,0,0,10000,0,10000,10000
051424,緯穎國票97購01  ,0,0,0,0,0,0,0,0,0,10000,0,0,0,10000,0,10000,10000
051287,台積電統一95購05,0,0,0,0,0,0,0,0,0,10000,0,0,0,39000,29000,10000,10000
051310,台達電麥證95購01,0,0,0,40000,30000,10000,0,0,0,10000,0,0,0,40000,30000,10000,10000
051321,建準國票96購01  ,0,0,0,0,0,0,0,0,0,10000,0,0,0,10000,0,10000,10000
051222,世紀鋼元富95購01,0,0,0,0,0,0,0,0,0,10000,0,0,0,10000,0,10000,10000
05077P,智易群益95售02  ,0,0,0,0,0,0,0,0,0,10000,0,0,0,10000,0,10000,10000
050734,台積電台新94購02,0,0,0,0,0,0,0,0,0,10000,0,0,0,10000,0,10000,10000
050737,聯詠康和94購01  ,0,0,0,0,0,0,0,0,0,10000,0,0,0,10000,0,10000,10000
050881,大立光元富95購04,0,0,0,0,0,0,0,0,0,10000,0,0,0,10000,0,10000,10000
050907,臺股指元大95購14,0,0,0,0,0,0,0,0,0,10000,0,0,0,10000,0,10000,10000
05107P,鴻海兆豐96售02  ,0,0,0,0,0,0,0,0,0,10000,0,0,0,10000,0,10000,10000
050944,智邦群益95購01  ,0,0,0,0,0,0,0,0,0,10000,0,0,0,10000,0,10000,10000
050964,晶技永豐95購02  ,0,0,0,0,0,0,0,0,0,10000,0,0,0,10000,0,10000,10000
052300,力成台新95購01  ,0,0,0,0,0,0,0,0,0,10000,0,0,0,13000,3000,10000,10000
052190,創意群益95購03  ,0,0,0,0,0,0,0,0,0,10000,0,0,0,10000,0,10000,10000
052364,全新國票95購02  ,0,0,0,0,0,0,0,0,0,10000,0,0,0,10000,0,10000,10000
052362,瑞昱國票96購02  ,0,0,0,0,0,0,0,0,0,10000,0,0,0,20000,10000,10000,10000
05240P,玉晶光永豐96售01,0,0,0,0,0,0,0,0,0,10000,0,0,0,20000,10000,10000,10000
052776,力山國票97購01  ,0,0,0,0,0,0,0,0,0,10000,0,0,0,38000,28000,10000,10000
052795,健策兆豐97購01  ,0,0,0,0,0,0,0,0,0,10000,0,0,0,10000,0,10000,10000
052772,台虹群益96購01  ,0,0,0,0,0,0,0,0,0,10000,0,0,0,50000,40000,10000,10000
052540,華新科統一95購03,0,0,0,0,0,0,0,0,0,10000,0,0,0,96000,86000,10000,10000
052560,康舒國票97購01  ,0,0,0,0,0,0,0,0,0,10000,0,0,0,10000,0,10000,10000
052555,漢唐國票97購01  ,0,0,0,0,0,0,0,0,0,10000,0,0,0,48000,38000,10000,10000
052657,友達元富96購01  ,0,0,0,0,0,0,0,0,0,10000,0,0,0,10000,0,10000,10000
052604,建準元大97購01  ,0,0,0,0,0,0,0,0,0,10000,0,0,0,18000,8000,10000,10000
053194,緯穎統一99購01  ,0,0,0,0,0,0,0,0,0,10000,0,0,0,22000,12000,10000,10000
05314P,臺股指群益95售13,0,0,0,0,0,0,0,0,0,10000,0,0,0,10000,0,10000,10000
053250,百和國票97購02  ,0,0,0,0,0,0,0,0,0,10000,0,0,0,10000,0,10000,10000
053253,友達國泰97購02  ,0,0,0,0,0,0,0,0,0,10000,0,0,0,10000,0,10000,10000
053310,彩晶凱基98購02  ,0,0,0,0,0,0,0,0,0,10000,0,0,0,10000,0,10000,10000
053336,元油反國票9B購02,0,0,0,0,0,0,0,0,0,10000,0,0,0,10000,0,10000,10000
052850,華新科統一96購02,0,0,0,0,0,0,0,0,0,10000,0,0,0,10000,0,10000,10000
052857,大成鋼凱基96購01,0,0,0,0,0,0,0,0,0,10000,0,0,0,10000,0,10000,10000
052997,國巨康和96購01  ,0,0,0,0,0,0,0,0,0,10000,0,0,0,10000,0,10000,10000
053002,鴻海永豐96購01  ,0,0,0,0,0,0,0,0,0,10000,0,0,0,20000,10000,10000,10000
053020,貿聯元富96購01  ,0,0,0,0,0,0,0,0,0,10000,0,0,0,14000,4000,10000,10000
053078,昇陽半永豐97購02,0,0,0,0,0,0,0,0,0,10000,0,0,0,10000,0,10000,10000
053140,燿華永豐96購02  ,0,0,0,0,0,0,0,0,0,10000,0,0,0,49000,39000,10000,10000
053114,聯茂兆豐97購01  ,0,0,0,0,0,0,0,0,0,10000,0,0,0,11000,1000,10000,10000
5906,台南-KY         ,12000,2000,10000,0,0,0,0,0,0,0,0,0,0,0,0,0,10000
056349,道瓊銀元大9B購01,0,0,0,0,0,0,0,0,0,10000,0,0,0,10000,0,10000,10000
056384,玉晶光國泰9A購02,0,0,0,0,0,0,0,0,0,10000,0,0,0,79000,69000,10000,10000
056374,聯發科統一9B購01,0,0,0,0,0,0,0,0,0,10000,0,0,0,10000,0,10000,10000
05747P,漢唐群益96售03  ,0,0,0,0,0,0,0,0,0,10000,0,0,0,20000,10000,10000,10000
05743P,創意元大96售01  ,0,0,0,0,0,0,0,0,0,10000,0,0,0,10000,0,10000,10000
056260,鴻海統一98購07  ,0,0,0,0,0,0,0,0,0,10000,0,0,0,10000,0,10000,10000
05875P,旺宏群益98售01  ,0,0,0,0,0,0,0,0,0,10000,0,0,0,10000,0,10000,10000
06079P,燿華群益98售02  ,0,0,0,0,0,0,0,0,0,10000,0,0,0,10000,0,10000,10000
06051P,嘉聯益國票97售04,0,0,0,0,0,0,0,0,0,10000,0,0,0,10000,0,10000,10000
06133P,帆宣元富97售02  ,0,0,0,0,0,0,0,0,0,10000,0,0,0,10000,0,10000,10000
06361P,聯發科群益97售06,0,0,0,0,0,0,0,0,0,10000,0,0,0,10000,0,10000,10000
06260P,臺股指群益97售13,0,0,0,0,0,0,0,0,0,10000,0,0,0,10000,0,10000,10000
06246P,茂林元富97售03  ,0,0,0,0,0,0,0,0,0,10000,0,0,0,30000,20000,10000,10000
1337,再生-KY         ,28000,18000,10000,0,0,0,0,0,0,0,0,0,0,0,0,0,10000
054011,旺宏永豐96購05  ,0,0,0,0,0,0,0,0,0,9000,0,0,0,11000,2000,9000,9000
054425,聯發科富邦99購03,0,0,0,0,0,0,0,0,0,9000,0,0,0,21000,12000,9000,9000
048726,儒鴻麥證95購01  ,0,0,0,20000,11000,9000,0,0,0,9000,0,0,0,20000,11000,9000,9000
045188,大立光元富92購01,0,0,0,0,0,0,0,0,0,9000,0,0,0,10000,1000,9000,9000
047116,大立光元大93購19,0,0,0,0,0,0,0,0,0,9000,0,0,0,10000,1000,9000,9000
046039,新日興元大92購02,0,0,0,0,0,0,0,0,0,9000,0,0,0,10000,1000,9000,9000
046335,矽創元大92購04  ,0,0,0,0,0,0,0,0,0,9000,0,0,0,9000,0,9000,9000
04456P,日月光統一94售01,0,0,0,0,0,0,0,0,0,9000,0,0,0,11000,2000,9000,9000
045698,致伸兆豐93購01  ,0,0,0,0,0,0,0,0,0,9000,0,0,0,10000,1000,9000,9000
043511,上銀富邦93購01  ,0,0,0,0,0,0,0,0,0,9000,0,0,0,49000,40000,9000,9000
044396,燿華凱基93購02  ,0,0,0,0,0,0,0,0,0,9000,0,0,0,10000,1000,9000,9000
03155P,玉晶光群益01售08,0,0,0,0,0,0,0,0,0,9000,0,0,0,10000,1000,9000,9000
03946P,麗豐群益93售02  ,0,0,0,0,0,0,0,0,0,9000,0,0,0,10000,1000,9000,9000
00735,國泰臺韓科技    ,0,5000,-5000,0,0,0,0,0,0,14000,0,0,0,129000,115000,14000,9000
043971,友達富邦92購01  ,0,0,0,0,0,0,0,0,0,9000,0,0,0,9000,0,9000,9000
049651,訊芯凱基94購04  ,0,0,0,0,0,0,0,0,0,9000,0,0,0,9000,0,9000,9000
047396,力成元大93購01  ,0,0,0,0,0,0,0,0,0,9000,0,0,0,10000,1000,9000,9000
049323,百和凱基94購01  ,0,0,0,0,0,0,0,0,0,9000,0,0,0,9000,0,9000,9000
049362,國巨元大94購04  ,0,0,0,0,0,0,0,0,0,9000,0,0,0,10000,1000,9000,9000
047485,景碩凱基94購01  ,0,0,0,0,0,0,0,0,0,9000,0,0,0,10000,1000,9000,9000
048088,台積電凱基93購23,0,0,0,0,0,0,0,0,0,9000,0,0,0,10000,1000,9000,9000
048195,聯發科元大93購23,0,0,0,0,0,0,0,0,0,9000,0,0,0,49000,40000,9000,9000
050007,貿聯永豐94購01  ,0,0,0,0,0,0,0,0,0,9000,0,0,0,35000,26000,9000,9000
047832,漢唐元大94購03  ,0,0,0,0,0,0,0,0,0,9000,0,0,0,10000,1000,9000,9000
055343,國巨凱基97購03  ,0,0,0,0,0,0,0,0,0,9000,0,0,0,10000,1000,9000,9000
052877,矽創凱基96購01  ,0,0,0,0,0,0,0,0,0,9000,0,0,0,11000,2000,9000,9000
052897,緯創群益96購03  ,0,0,0,0,0,0,0,0,0,9000,0,0,0,22000,13000,9000,9000
053223,台郡凱基96購02  ,0,0,0,0,0,0,0,0,0,9000,0,0,0,19000,10000,9000,9000
053173,矽格群益97購01  ,0,0,0,0,0,0,0,0,0,9000,0,0,0,23000,14000,9000,9000
053205,台光電麥證96購01,0,0,0,316000,307000,9000,0,0,0,9000,0,0,0,316000,307000,9000,9000
052701,群創國票96購01  ,0,0,0,0,0,0,0,0,0,9000,0,0,0,39000,30000,9000,9000
052307,潤泰全國泰96購01,0,0,0,0,0,0,0,0,0,9000,0,0,0,10000,1000,9000,9000
05230P,京元電群益95售01,0,0,0,0,0,0,0,0,0,9000,0,0,0,10000,1000,9000,9000
050979,鴻海元富96購02  ,0,0,0,0,0,0,0,0,0,9000,0,0,0,98000,89000,9000,9000
051077,台郡國泰96購02  ,0,0,0,0,0,0,0,0,0,9000,0,0,0,33000,24000,9000,9000
050860,喬山永豐95購01  ,0,0,0,0,0,0,0,0,0,9000,0,0,0,9000,0,9000,9000
051383,京鼎群益96購02  ,0,0,0,0,0,0,0,0,0,9000,0,0,0,21000,12000,9000,9000
051690,超眾凱基95購03  ,0,0,0,0,0,0,0,0,0,9000,0,0,0,9000,0,9000,9000
051684,瑞昱凱基95購02  ,0,0,0,0,0,0,0,0,0,9000,0,0,0,28000,19000,9000,9000
052045,瑞昱凱基96購01  ,0,0,0,0,0,0,0,0,0,9000,0,0,0,19000,10000,9000,9000
1437,勤益控          ,19000,9000,10000,0,0,0,0,0,0,-1000,0,1000,-1000,0,0,0,9000
06215P,康控永豐97售02  ,0,0,0,0,0,0,0,0,0,9000,0,0,0,37000,28000,9000,9000
06216P,上銀元富97售03  ,0,0,0,0,0,0,0,0,0,9000,0,0,0,42000,33000,9000,9000
06336P,鴻海元大98售05  ,0,0,0,0,0,0,0,0,0,9000,0,0,0,25000,16000,9000,9000
056134,可成元大97購06  ,0,0,0,0,0,0,0,0,0,9000,0,0,0,101000,92000,9000,9000
056092,亞德客元富97購02,0,0,0,0,0,0,0,0,0,9000,0,0,0,88000,79000,9000,9000
05600P,玉晶光台新96售04,0,0,0,0,0,0,0,0,0,9000,0,0,0,19000,10000,9000,9000
053693,欣興元大96購05  ,0,0,0,0,0,0,0,0,0,8000,0,0,0,161000,153000,8000,8000
053733,華邦電中信98購01,0,0,0,0,0,0,0,0,0,8000,0,0,0,10000,2000,8000,8000
053620,臺股指群益96購06,0,0,0,0,0,0,0,0,0,8000,0,0,0,26000,18000,8000,8000
053646,臺股指國票96購09,0,0,0,0,0,0,0,0,0,8000,0,0,0,8000,0,8000,8000
055246,美律統一98購01  ,0,0,0,0,0,0,0,0,0,8000,0,0,0,56000,48000,8000,8000
055105,鴻海凱基98購05  ,0,0,0,0,0,0,0,0,0,8000,0,0,0,28000,20000,8000,8000
055471,聯發科凱基97購04,0,0,0,0,0,0,0,0,0,8000,0,0,0,19000,11000,8000,8000
04417P,光罩國泰95售02  ,0,0,0,0,0,0,0,0,0,8000,0,0,0,10000,2000,8000,8000
043870,光磊元大92購01  ,0,0,0,0,0,0,0,0,0,8000,0,0,0,8000,0,8000,8000
044526,訊芯凱基93購02  ,0,0,0,0,0,0,0,0,0,8000,0,0,0,40000,32000,8000,8000
04234P,華通群益94售02  ,0,0,0,0,0,0,0,0,0,8000,0,0,0,8000,0,8000,8000
046240,中鋼中信94購01  ,0,0,0,0,0,0,0,0,0,8000,0,0,0,30000,22000,8000,8000
04616P,臺股指群益95售02,0,0,0,0,0,0,0,0,0,8000,0,0,0,8000,0,8000,8000
046850,台積電元大93購11,0,0,0,0,0,0,0,0,0,8000,0,0,0,8000,0,8000,8000
046509,中壽元大92購01  ,0,0,0,0,0,0,0,0,0,8000,0,0,0,8000,0,8000,8000
046525,臺股指元大92購24,0,0,0,0,0,0,0,0,0,8000,0,0,0,10000,2000,8000,8000
044759,新日興凱基93購01,0,0,0,0,0,0,0,0,0,8000,0,0,0,17000,9000,8000,8000
04518P,高鐵群益95售01  ,0,0,0,0,0,0,0,0,0,8000,0,0,0,11000,3000,8000,8000
045429,復盛凱基92購01  ,0,0,0,0,0,0,0,0,0,8000,0,0,0,10000,2000,8000,8000
04600P,可成凱基94售07  ,0,0,0,0,0,0,0,0,0,8000,0,0,0,50000,42000,8000,8000
045298,旺宏元大94購01  ,0,0,0,0,0,0,0,0,0,8000,0,0,0,8000,0,8000,8000
048943,智伸科永豐94購01,0,0,0,0,0,0,0,0,0,8000,0,0,0,8000,0,8000,8000
048681,漢唐富邦96購01  ,0,0,0,0,0,0,0,0,0,8000,0,0,0,8000,0,8000,8000
055342,鴻海凱基97購04  ,0,0,0,0,0,0,0,0,0,8000,0,0,0,28000,20000,8000,8000
055305,旺宏群益99購01  ,0,0,0,0,0,0,0,0,0,8000,0,0,0,30000,22000,8000,8000
055306,燿華群益97購01  ,0,0,0,0,0,0,0,0,0,8000,0,0,0,133000,125000,8000,8000
050200,致新元大94購01  ,0,0,0,0,0,0,0,0,0,8000,0,0,0,8000,0,8000,8000
047835,華新科元大93購09,0,0,0,0,0,0,0,0,0,8000,0,0,0,10000,2000,8000,8000
050015,友達富邦95購01  ,0,0,0,0,0,0,0,0,0,8000,0,0,0,8000,0,8000,8000
050098,嘉聯益國泰95購02,0,0,0,0,0,0,0,0,0,8000,0,0,0,133000,125000,8000,8000
048592,漢唐群益93購04  ,0,0,0,0,0,0,0,0,0,8000,0,0,0,48000,40000,8000,8000
049315,上緯控凱基94購03,0,0,0,0,0,0,0,0,0,8000,0,0,0,8000,0,8000,8000
049198,聯鈞永豐94購01  ,0,0,0,0,0,0,0,0,0,8000,0,0,0,71000,63000,8000,8000
047680,上証反中信96購01,0,0,0,0,0,0,0,0,0,8000,0,0,0,8000,0,8000,8000
049773,臺股指元富94購02,0,0,0,0,0,0,0,0,0,8000,0,0,0,8000,0,8000,8000
051633,可成國票96購03  ,0,0,0,0,0,0,0,0,0,8000,0,0,0,10000,2000,8000,8000
051366,康友國泰97購01  ,0,0,0,0,0,0,0,0,0,8000,0,0,0,42000,34000,8000,8000
051414,新光金國票95購04,0,0,0,0,0,0,0,0,0,8000,0,0,0,8000,0,8000,8000
051104,鈺齊元大96購01  ,0,0,0,0,0,0,0,0,0,8000,0,0,0,44000,36000,8000,8000
052922,國巨永豐96購01  ,0,0,0,0,0,0,0,0,0,8000,0,0,0,115000,107000,8000,8000
05300P,健策元大95售02  ,0,0,0,0,0,0,0,0,0,8000,0,0,0,8000,0,8000,8000
06346P,聯鈞元富97售02  ,0,0,0,0,0,0,0,0,0,8000,0,0,0,8000,0,8000,8000
06010P,國泰金元富96售01,0,0,0,0,0,0,0,0,0,8000,0,0,0,13000,5000,8000,8000
6133,金橋            ,13000,3000,10000,0,0,0,0,0,0,-2000,0,2000,-2000,0,0,0,8000
6277,宏正            ,48000,39000,9000,0,0,0,0,0,0,-1000,0,1000,-1000,0,0,0,8000
3002,歐格            ,13000,5000,8000,0,0,0,0,0,0,0,0,0,0,0,0,0,8000
2395,研華            ,587182,574250,12932,0,0,0,0,0,0,-5000,1000,6000,-5000,0,0,0,7932
055516,上銀中信97購01  ,0,0,0,0,0,0,0,0,0,7000,0,0,0,58000,51000,7000,7000
055577,晶技統一97購02  ,0,0,0,0,0,0,0,0,0,7000,0,0,0,125000,118000,7000,7000
055126,嘉澤兆豐97購01  ,0,0,0,0,0,0,0,0,0,7000,0,0,0,10000,3000,7000,7000
055090,國巨群益97購03  ,0,0,0,0,0,0,0,0,0,7000,0,0,0,11000,4000,7000,7000
054927,帆宣凱基97購01  ,0,0,0,0,0,0,0,0,0,7000,0,0,0,20000,13000,7000,7000
054750,聯茂凱基98購02  ,0,0,0,0,0,0,0,0,0,7000,0,0,0,42000,35000,7000,7000
053579,華通元大97購01  ,0,0,0,0,0,0,0,0,0,7000,0,0,0,50000,43000,7000,7000
054673,京鼎國泰98購01  ,0,0,0,0,0,0,0,0,0,7000,0,0,0,27000,20000,7000,7000
054606,台積電永豐97購02,0,0,0,0,0,0,0,0,0,7000,0,0,0,301000,294000,7000,7000
054564,玉晶光群益99購01,0,0,0,0,0,0,0,0,0,7000,0,0,0,76000,69000,7000,7000
054108,台積電凱基96購22,0,0,0,0,0,0,0,0,0,7000,0,0,0,7000,0,7000,7000
04696P,亞德客國泰95售02,0,0,0,0,0,0,0,0,0,7000,0,0,0,7000,0,7000,7000
044998,玉晶光國泰94購01,0,0,0,0,0,0,0,0,0,7000,0,0,0,7000,0,7000,7000
046458,大立光凱基92購11,0,0,0,0,0,0,0,0,0,7000,0,0,0,7000,0,7000,7000
046212,台積電統一92購07,0,0,0,0,0,0,0,0,0,7000,0,0,0,7000,0,7000,7000
04628P,欣興元大95售01  ,0,0,0,0,0,0,0,0,0,7000,0,0,0,10000,3000,7000,7000
046339,訊芯中信92購01  ,0,0,0,0,0,0,0,0,0,7000,0,0,0,51000,44000,7000,7000
047153,聯發科國票93購02,0,0,0,0,0,0,0,0,0,7000,0,0,0,7000,0,7000,7000
04584P,楠梓電永豐94售01,0,0,0,0,0,0,0,0,0,7000,0,0,0,8000,1000,7000,7000
044374,燿華兆豐93購01  ,0,0,0,0,0,0,0,0,0,7000,0,0,0,7000,0,7000,7000
04318P,大成鋼永豐93售02,0,0,0,0,0,0,0,0,0,7000,0,0,0,10000,3000,7000,7000
03422P,GIS群益02售04   ,0,0,0,0,0,0,0,0,0,7000,0,0,0,7000,0,7000,7000
03778P,聯發科麥證93售01,0,0,0,7000,0,7000,0,0,0,7000,0,0,0,7000,0,7000,7000
0051,元大中型100     ,1000,1000,0,0,0,0,0,0,0,7000,0,0,0,7000,0,7000,7000
049795,華通元大96購02  ,0,0,0,0,0,0,0,0,0,7000,0,0,0,31000,24000,7000,7000
049613,華通中信94購01  ,0,0,0,0,0,0,0,0,0,7000,0,0,0,26000,19000,7000,7000
047417,台塑富邦97購01  ,0,0,0,0,0,0,0,0,0,7000,0,0,0,12000,5000,7000,7000
04916P,大立光永昌96售02,0,0,0,0,0,0,0,0,0,7000,0,0,0,17000,10000,7000,7000
049254,台積電元大96購02,0,0,0,0,0,0,0,0,0,7000,0,0,0,7000,0,7000,7000
047494,華邦電元富96購01,0,0,0,0,0,0,0,0,0,7000,0,0,0,65000,58000,7000,7000
047498,力成康和93購01  ,0,0,0,0,0,0,0,0,0,7000,0,0,0,7000,0,7000,7000
048909,聯詠富邦94購01  ,0,0,0,0,0,0,0,0,0,7000,0,0,0,10000,3000,7000,7000
049154,玉晶光元大95購02,0,0,0,0,0,0,0,0,0,7000,0,0,0,41000,34000,7000,7000
050112,高鐵元大94購02  ,0,0,0,0,0,0,0,0,0,7000,0,0,0,86000,79000,7000,7000
050114,群創元大95購01  ,0,0,0,0,0,0,0,0,0,7000,0,0,0,98000,91000,7000,7000
047782,燿華國泰95購01  ,0,0,0,0,0,0,0,0,0,7000,0,0,0,60000,53000,7000,7000
055296,康舒元大97購02  ,0,0,0,0,0,0,0,0,0,7000,0,0,0,107000,100000,7000,7000
050370,台積電元大94購24,0,0,0,0,0,0,0,0,0,7000,0,0,0,27000,20000,7000,7000
053000,臺股指康和96購02,0,0,0,0,0,0,0,0,0,7000,0,0,0,7000,0,7000,7000
052959,聯電凱基97購01  ,0,0,0,0,0,0,0,0,0,7000,0,0,0,65000,58000,7000,7000
053265,南亞科群益96購02,0,0,0,0,0,0,0,0,0,7000,0,0,0,10000,3000,7000,7000
052298,易華電國票96購01,0,0,0,0,0,0,0,0,0,7000,0,0,0,7000,0,7000,7000
052753,電子類元大96購02,0,0,0,0,0,0,0,0,0,7000,0,0,0,7000,0,7000,7000
052742,可成元大96購01  ,0,0,0,0,0,0,0,0,0,7000,0,0,0,113000,106000,7000,7000
052731,宏達電國泰98購01,0,0,0,0,0,0,0,0,0,7000,0,0,0,13000,6000,7000,7000
050753,百和統一94購01  ,0,0,0,0,0,0,0,0,0,7000,0,0,0,17000,10000,7000,7000
050761,華通元大94購05  ,0,0,0,0,0,0,0,0,0,7000,0,0,0,7000,0,7000,7000
051078,力山富邦97購01  ,0,0,0,0,0,0,0,0,0,7000,0,0,0,57000,50000,7000,7000
051777,聯發科群益95購04,0,0,0,0,0,0,0,0,0,7000,0,0,0,30000,23000,7000,7000
051999,勤誠元大95購01  ,0,0,0,0,0,0,0,0,0,7000,0,0,0,12000,5000,7000,7000
2486,一詮            ,25000,18000,7000,0,0,0,0,0,0,0,0,0,0,0,0,0,7000
2493,揚博            ,12000,5000,7000,0,0,0,0,0,0,0,0,0,0,0,0,0,7000
4164,承業醫          ,20000,13000,7000,0,0,0,0,0,0,0,4000,4000,0,0,0,0,7000
9917,中保科          ,55000,44000,11000,0,0,0,0,0,0,-4000,0,4000,-4000,0,0,0,7000
8033,雷虎            ,7000,0,7000,0,0,0,0,0,0,0,0,0,0,0,0,0,7000
05883P,致伸永豐96售03  ,0,0,0,0,0,0,0,0,0,7000,0,0,0,7000,0,7000,7000
1423,利華            ,7000,0,7000,0,0,0,0,0,0,0,0,0,0,0,0,0,7000
056241,緯創群益97購01  ,0,0,0,0,0,0,0,0,0,7000,0,0,0,148000,141000,7000,7000
05758P,光罩永豐96售02  ,0,0,0,0,0,0,0,0,0,7000,0,0,0,10000,3000,7000,7000
05713P,大立光統一96售05,0,0,0,0,0,0,0,0,0,7000,0,0,0,10000,3000,7000,7000
05716P,T50反1元大98售03,0,0,0,0,0,0,0,0,0,7000,0,0,0,7000,0,7000,7000
2353,宏碁            ,2609589,2692800,-83211,0,0,0,0,0,0,90000,110000,19000,91000,77000,78000,-1000,6789
054093,智原群益97購01  ,0,0,0,0,0,0,0,0,0,6000,0,0,0,6000,0,6000,6000
054147,GIS元大96購02   ,0,0,0,0,0,0,0,0,0,6000,0,0,0,6000,0,6000,6000
054255,亞光元大96購05  ,0,0,0,0,0,0,0,0,0,6000,0,0,0,112000,106000,6000,6000
054654,全新麥證99購01  ,0,0,0,50000,44000,6000,0,0,0,6000,0,0,0,50000,44000,6000,6000
05470P,康控元大95售05  ,0,0,0,0,0,0,0,0,0,6000,0,0,0,6000,0,6000,6000
054908,群電康和97購01  ,0,0,0,0,0,0,0,0,0,6000,0,0,0,6000,0,6000,6000
054884,友達統一99購01  ,0,0,0,0,0,0,0,0,0,6000,0,0,0,526000,520000,6000,6000
055135,聯發科富邦99購05,0,0,0,0,0,0,0,0,0,6000,0,0,0,6000,0,6000,6000
055589,台光電元大98購04,0,0,0,0,0,0,0,0,0,6000,0,0,0,6000,0,6000,6000
055605,緯穎元大97購02  ,0,0,0,0,0,0,0,0,0,6000,0,0,0,262000,256000,6000,6000
055667,致茂群益98購01  ,0,0,0,0,0,0,0,0,0,6000,0,0,0,6000,0,6000,6000
055517,國巨中信97購03  ,0,0,0,0,0,0,0,0,0,6000,0,0,0,6000,0,6000,6000
055865,臺股指元大97購02,0,0,0,0,0,0,0,0,0,6000,0,0,0,46000,40000,6000,6000
00666R,富邦恒生國企反1 ,2000,0,2000,0,0,0,0,0,0,4000,0,0,0,84000,80000,4000,6000
03006X,元展06          ,0,0,0,0,0,0,0,0,0,6000,0,0,0,7000,1000,6000,6000
020002,元富新中國N     ,0,0,0,0,0,0,0,0,0,6000,0,0,0,6000,0,6000,6000
035275,台積電台新97購01,0,0,0,0,0,0,0,0,0,6000,0,0,0,6000,0,6000,6000
03646C,臺股指元大95牛32,0,0,0,0,0,0,0,0,0,6000,0,0,0,6000,0,6000,6000
03578P,創意元富08售04  ,0,0,0,0,0,0,0,0,0,6000,0,0,0,10000,4000,6000,6000
044275,欣興群益92購01  ,0,0,0,0,0,0,0,0,0,6000,0,0,0,6000,0,6000,6000
045646,瑞儀凱基93購05  ,0,0,0,0,0,0,0,0,0,6000,0,0,0,6000,0,6000,6000
046706,智邦台新93購01  ,0,0,0,0,0,0,0,0,0,6000,0,0,0,10000,4000,6000,6000
04583P,滬深2X永豐94售06,0,0,0,0,0,0,0,0,0,6000,0,0,0,365000,359000,6000,6000
045819,台積電凱基92購14,0,0,0,0,0,0,0,0,0,6000,0,0,0,6000,0,6000,6000
045755,嘉澤國泰93購01  ,0,0,0,0,0,0,0,0,0,6000,0,0,0,6000,0,6000,6000
046878,康友國泰94購01  ,0,0,0,0,0,0,0,0,0,6000,0,0,0,120000,114000,6000,6000
044779,GIS元大93購05   ,0,0,0,0,0,0,0,0,0,6000,0,0,0,6000,0,6000,6000
055301,台虹元大97購01  ,0,0,0,0,0,0,0,0,0,6000,0,0,0,6000,0,6000,6000
050133,鈺齊凱基94購01  ,0,0,0,0,0,0,0,0,0,6000,0,0,0,96000,90000,6000,6000
050417,喬山凱基94購01  ,0,0,0,0,0,0,0,0,0,6000,0,0,0,10000,4000,6000,6000
047860,臺股指國票93購15,0,0,0,0,0,0,0,0,0,6000,0,0,0,6000,0,6000,6000
047922,聯發科凱基94購01,0,0,0,0,0,0,0,0,0,6000,0,0,0,342000,336000,6000,6000
048569,台虹元大93購03  ,0,0,0,0,0,0,0,0,0,6000,0,0,0,6000,0,6000,6000
048985,茂林元大94購01  ,0,0,0,0,0,0,0,0,0,6000,0,0,0,21000,15000,6000,6000
049386,嘉聯益元大95購01,0,0,0,0,0,0,0,0,0,6000,0,0,0,31000,25000,6000,6000
04728P,美律亞東94售02  ,0,0,0,0,0,0,0,0,0,6000,0,0,0,6000,0,6000,6000
049653,緯穎凱基94購03  ,0,0,0,0,0,0,0,0,0,6000,0,0,0,41000,35000,6000,6000
052076,可成元富98購01  ,0,0,0,0,0,0,0,0,0,6000,0,0,0,22000,16000,6000,6000
051688,大立光凱基97購02,0,0,0,0,0,0,0,0,0,6000,0,0,0,12000,6000,6000,6000
051030,康友元富95購01  ,0,0,0,0,0,0,0,0,0,6000,0,0,0,6000,0,6000,6000
050797,聯發科中信99購01,0,0,0,0,0,0,0,0,0,6000,0,0,0,39000,33000,6000,6000
051103,緯穎元大96購03  ,0,0,0,0,0,0,0,0,0,6000,0,0,0,38000,32000,6000,6000
051350,台積電元大95購14,0,0,0,0,0,0,0,0,0,6000,0,0,0,57000,51000,6000,6000
052705,超眾國票97購01  ,0,0,0,0,0,0,0,0,0,6000,0,0,0,73000,67000,6000,6000
052691,GIS元大96購01   ,0,0,0,0,0,0,0,0,0,6000,0,0,0,16000,10000,6000,6000
052678,群創富邦96購01  ,0,0,0,0,0,0,0,0,0,6000,0,0,0,6000,0,6000,6000
2443,億麗            ,11000,3000,8000,0,0,0,0,0,0,-2000,0,2000,-2000,0,0,0,6000
1612,宏泰            ,15000,9000,6000,0,0,0,0,0,0,0,0,0,0,0,0,0,6000
1614,三洋電          ,16000,9000,7000,0,0,0,0,0,0,-1000,0,1000,-1000,0,0,0,6000
1806,冠軍            ,8000,2000,6000,0,0,0,0,0,0,0,0,0,0,0,0,0,6000
3454,晶睿            ,23000,17000,6000,0,0,0,0,0,0,0,1000,1000,0,0,0,0,6000
3025,星通            ,8000,2000,6000,0,0,0,0,0,0,0,0,0,0,0,0,0,6000
2495,普安            ,15000,9000,6000,0,0,0,0,0,0,0,0,0,0,0,0,0,6000
8114,振樺電          ,11000,4000,7000,0,0,0,0,0,0,-1000,0,1000,-1000,0,0,0,6000
4956,光鋐            ,10000,3000,7000,0,0,0,0,0,0,-1000,0,1000,-1000,0,0,0,6000
05641P,貿聯元富96售02  ,0,0,0,0,0,0,0,0,0,6000,0,0,0,12000,6000,6000,6000
056046,百和凱基97購01  ,0,0,0,0,0,0,0,0,0,6000,0,0,0,6000,0,6000,6000
06050P,玉晶光國票98售01,0,0,0,0,0,0,0,0,0,6000,0,0,0,20000,14000,6000,6000
055584,國巨元大97購11  ,0,0,0,0,0,0,0,0,0,5000,0,0,0,25000,20000,5000,5000
055138,大毅永豐97購02  ,0,0,0,0,0,0,0,0,0,5000,0,0,0,251000,246000,5000,5000
055053,瑞昱永豐97購01  ,0,0,0,0,0,0,0,0,0,5000,0,0,0,5000,0,5000,5000
055253,大立光統一97購06,0,0,0,0,0,0,0,0,0,5000,0,0,0,5000,0,5000,5000
054967,神達元大97購01  ,0,0,0,0,0,0,0,0,0,5000,0,0,0,25000,20000,5000,5000
054646,華新科群益97購03,0,0,0,0,0,0,0,0,0,5000,0,0,0,5000,0,5000,5000
05453P,智邦群益95售03  ,0,0,0,0,0,0,0,0,0,5000,0,0,0,10000,5000,5000,5000
054567,拓凱群益98購01  ,0,0,0,0,0,0,0,0,0,5000,0,0,0,11000,6000,5000,5000
054224,亞光統一98購01  ,0,0,0,0,0,0,0,0,0,5000,0,0,0,5000,0,5000,5000
054326,宏達電台新97購02,0,0,0,0,0,0,0,0,0,5000,0,0,0,5000,0,5000,5000
054171,台郡凱基97購01  ,0,0,0,0,0,0,0,0,0,5000,0,0,0,5000,0,5000,5000
054190,矽創永豐96購01  ,0,0,0,0,0,0,0,0,0,5000,0,0,0,6000,1000,5000,5000
054083,智伸科元富96購01,0,0,0,0,0,0,0,0,0,5000,0,0,0,5000,0,5000,5000
053548,旺宏凱基96購04  ,0,0,0,0,0,0,0,0,0,5000,0,0,0,73000,68000,5000,5000
053531,國泰金康和96購01,0,0,0,0,0,0,0,0,0,5000,0,0,0,5000,0,5000,5000
053489,上銀兆豐97購01  ,0,0,0,0,0,0,0,0,0,5000,0,0,0,5000,0,5000,5000
054035,聯詠麥證96購01  ,0,0,0,20000,15000,5000,0,0,0,5000,0,0,0,20000,15000,5000,5000
053914,國巨國票96購08  ,0,0,0,0,0,0,0,0,0,5000,0,0,0,77000,72000,5000,5000
053788,泰鼎元大97購01  ,0,0,0,0,0,0,0,0,0,5000,0,0,0,37000,32000,5000,5000
053798,台積電中信98購02,0,0,0,0,0,0,0,0,0,5000,0,0,0,5000,0,5000,5000
044718,宏達電統一93購02,0,0,0,0,0,0,0,0,0,5000,0,0,0,5000,0,5000,5000
046230,亞光元大92購03  ,0,0,0,0,0,0,0,0,0,5000,0,0,0,5000,0,5000,5000
046187,友達凱基93購03  ,0,0,0,0,0,0,0,0,0,5000,0,0,0,20000,15000,5000,5000
046154,道瓊指群益94購01,0,0,0,0,0,0,0,0,0,5000,0,0,0,5000,0,5000,5000
046094,南茂兆豐92購01  ,0,0,0,0,0,0,0,0,0,5000,0,0,0,5000,0,5000,5000
047177,上銀元大93購05  ,0,0,0,0,0,0,0,0,0,5000,0,0,0,75000,70000,5000,5000
045753,大立光國泰94購02,0,0,0,0,0,0,0,0,0,5000,0,0,0,5000,0,5000,5000
045797,健策中信93購01  ,0,0,0,0,0,0,0,0,0,5000,0,0,0,30000,25000,5000,5000
045931,緯穎永豐93購01  ,0,0,0,0,0,0,0,0,0,5000,0,0,0,5000,0,5000,5000
045299,友達元大92購02  ,0,0,0,0,0,0,0,0,0,5000,0,0,0,5000,0,5000,5000
045327,智伸科永豐92購01,0,0,0,0,0,0,0,0,0,5000,0,0,0,15000,10000,5000,5000
045376,友訊元大93購01  ,0,0,0,0,0,0,0,0,0,5000,0,0,0,74000,69000,5000,5000
045179,義隆永豐92購02  ,0,0,0,0,0,0,0,0,0,5000,0,0,0,5000,0,5000,5000
045226,TPK元大93購02   ,0,0,0,0,0,0,0,0,0,5000,0,0,0,5000,0,5000,5000
045162,玉晶光國泰94購04,0,0,0,0,0,0,0,0,0,5000,0,0,0,5000,0,5000,5000
048945,訊連永豐94購01  ,0,0,0,0,0,0,0,0,0,5000,0,0,0,15000,10000,5000,5000
046028,微星元大92購01  ,0,0,0,0,0,0,0,0,0,5000,0,0,0,5000,0,5000,5000
048976,華擎元大94購01  ,0,0,0,0,0,0,0,0,0,5000,0,0,0,63000,58000,5000,5000
048694,緯穎群益94購01  ,0,0,0,0,0,0,0,0,0,5000,0,0,0,5000,0,5000,5000
048714,巨大康和94購01  ,0,0,0,0,0,0,0,0,0,5000,0,0,0,5000,0,5000,5000
046677,矽創元大93購03  ,0,0,0,0,0,0,0,0,0,5000,0,0,0,5000,0,5000,5000
046721,中鋼元大93購01  ,0,0,0,0,0,0,0,0,0,5000,0,0,0,5000,0,5000,5000
045578,建準元大92購02  ,0,0,0,0,0,0,0,0,0,5000,0,0,0,5000,0,5000,5000
043525,創意元大92購02  ,0,0,0,0,0,0,0,0,0,5000,0,0,0,5000,0,5000,5000
043457,鴻海元大93購01  ,0,0,0,0,0,0,0,0,0,5000,0,0,0,30000,25000,5000,5000
043661,華新科元大93購02,0,0,0,0,0,0,0,0,0,5000,0,0,0,5000,0,5000,5000
042069,T50正2富邦93購01,0,0,0,0,0,0,0,0,0,5000,0,0,0,5000,0,5000,5000
04165P,南亞科元富95售03,0,0,0,0,0,0,0,0,0,5000,0,0,0,15000,10000,5000,5000
04243P,大立光永昌93售08,0,0,0,0,0,0,0,0,0,5000,0,0,0,515000,510000,5000,5000
042826,欣興兆豐93購01  ,0,0,0,0,0,0,0,0,0,5000,0,0,0,5000,0,5000,5000
04158P,南電永豐93售04  ,0,0,0,0,0,0,0,0,0,5000,0,0,0,5000,0,5000,5000
03703P,台郡元大93售02  ,0,0,0,0,0,0,0,0,0,5000,0,0,0,5000,0,5000,5000
03366P,TPK元大02售03   ,0,0,0,0,0,0,0,0,0,5000,0,0,0,5000,0,5000,5000
00685L,群益臺灣加權正2 ,0,0,0,0,0,0,0,0,0,5000,0,0,0,17000,12000,5000,5000
006204,永豐臺灣加權    ,0,0,0,0,0,0,0,0,0,5000,0,0,0,7000,2000,5000,5000
04047P,華邦電元大94售03,0,0,0,0,0,0,0,0,0,5000,0,0,0,5000,0,5000,5000
03039P,玉晶光國票02售04,0,0,0,0,0,0,0,0,0,5000,0,0,0,30000,25000,5000,5000
049671,上証2X富邦95購01,0,0,0,0,0,0,0,0,0,5000,0,0,0,5000,0,5000,5000
049682,友達統一94購03  ,0,0,0,0,0,0,0,0,0,5000,0,0,0,15000,10000,5000,5000
049834,康控凱基94購01  ,0,0,0,0,0,0,0,0,0,5000,0,0,0,6000,1000,5000,5000
049767,奇力新元富94購01,0,0,0,0,0,0,0,0,0,5000,0,0,0,5000,0,5000,5000
04944P,元油2X永豐94售06,0,0,0,0,0,0,0,0,0,5000,0,0,0,904000,899000,5000,5000
049507,和大凱基94購01  ,0,0,0,0,0,0,0,0,0,5000,0,0,0,20000,15000,5000,5000
047213,新日興富邦97購01,0,0,0,0,0,0,0,0,0,5000,0,0,0,28000,23000,5000,5000
049864,聯發科兆豐94購01,0,0,0,0,0,0,0,0,0,5000,0,0,0,5000,0,5000,5000
047420,全新富邦97購01  ,0,0,0,0,0,0,0,0,0,5000,0,0,0,5000,0,5000,5000
047749,富邦金元富93購01,0,0,0,0,0,0,0,0,0,5000,0,0,0,10000,5000,5000,5000
047745,廣宇元富93購01  ,0,0,0,0,0,0,0,0,0,5000,0,0,0,5000,0,5000,5000
047353,台郡凱基93購03  ,0,0,0,0,0,0,0,0,0,5000,0,0,0,5000,0,5000,5000
047360,鴻海群益95購02  ,0,0,0,0,0,0,0,0,0,5000,0,0,0,5000,0,5000,5000
049401,可成群益94購04  ,0,0,0,0,0,0,0,0,0,5000,0,0,0,85000,80000,5000,5000
049308,台達電凱基94購04,0,0,0,0,0,0,0,0,0,5000,0,0,0,63000,58000,5000,5000
049276,臺股指元大94購11,0,0,0,0,0,0,0,0,0,5000,0,0,0,5000,0,5000,5000
049380,欣興元大94購04  ,0,0,0,0,0,0,0,0,0,5000,0,0,0,5000,0,5000,5000
049016,國巨群益94購02  ,0,0,0,0,0,0,0,0,0,5000,0,0,0,5000,0,5000,5000
048883,玉晶光統一94購01,0,0,0,0,0,0,0,0,0,5000,0,0,0,5000,0,5000,5000
047527,高鐵元大93購02  ,0,0,0,0,0,0,0,0,0,5000,0,0,0,5000,0,5000,5000
048308,儒鴻凱基93購05  ,0,0,0,0,0,0,0,0,0,5000,0,0,0,5000,0,5000,5000
048565,康控元大94購04  ,0,0,0,0,0,0,0,0,0,5000,0,0,0,5000,0,5000,5000
047871,健策永豐93購02  ,0,0,0,0,0,0,0,0,0,5000,0,0,0,5000,0,5000,5000
049904,矽力元富94購01  ,0,0,0,0,0,0,0,0,0,5000,0,0,0,35000,30000,5000,5000
050107,鴻海元大94購12  ,0,0,0,0,0,0,0,0,0,5000,0,0,0,7000,2000,5000,5000
050076,百和凱基94購02  ,0,0,0,0,0,0,0,0,0,5000,0,0,0,5000,0,5000,5000
050048,百和國票94購01  ,0,0,0,0,0,0,0,0,0,5000,0,0,0,5000,0,5000,5000
050059,旺宏凱基94購03  ,0,0,0,0,0,0,0,0,0,5000,0,0,0,48000,43000,5000,5000
049958,華新科統一94購08,0,0,0,0,0,0,0,0,0,5000,0,0,0,15000,10000,5000,5000
04996P,台積電凱基95售02,0,0,0,0,0,0,0,0,0,5000,0,0,0,35000,30000,5000,5000
047796,臺股指群益93購07,0,0,0,0,0,0,0,0,0,5000,0,0,0,5000,0,5000,5000
048480,FB上証中信94購01,0,0,0,0,0,0,0,0,0,5000,0,0,0,160000,155000,5000,5000
047988,志超群益93購02  ,0,0,0,0,0,0,0,0,0,5000,0,0,0,11000,6000,5000,5000
048243,儒鴻兆豐94購01  ,0,0,0,0,0,0,0,0,0,5000,0,0,0,15000,10000,5000,5000
048205,臺股指元大93購39,0,0,0,0,0,0,0,0,0,5000,0,0,0,16000,11000,5000,5000
050461,GIS元大95購04   ,0,0,0,0,0,0,0,0,0,5000,0,0,0,5000,0,5000,5000
050692,鴻海凱基96購04  ,0,0,0,0,0,0,0,0,0,5000,0,0,0,5000,0,5000,5000
050234,國巨凱基94購10  ,0,0,0,0,0,0,0,0,0,5000,0,0,0,36000,31000,5000,5000
050262,台積電元大94購21,0,0,0,0,0,0,0,0,0,5000,0,0,0,19000,14000,5000,5000
050367,鴻海元大94購20  ,0,0,0,0,0,0,0,0,0,5000,0,0,0,150000,145000,5000,5000
052645,美食永豐96購01  ,0,0,0,0,0,0,0,0,0,5000,0,0,0,5000,0,5000,5000
052426,國巨台新96購01  ,0,0,0,0,0,0,0,0,0,5000,0,0,0,10000,5000,5000,5000
052352,力成元富95購01  ,0,0,0,0,0,0,0,0,0,5000,0,0,0,5000,0,5000,5000
052480,麗豐群益95購01  ,0,0,0,0,0,0,0,0,0,5000,0,0,0,5000,0,5000,5000
052515,矽力凱基95購02  ,0,0,0,0,0,0,0,0,0,5000,0,0,0,18000,13000,5000,5000
05323P,瑞昱凱基96售02  ,0,0,0,0,0,0,0,0,0,5000,0,0,0,15000,10000,5000,5000
053300,大成鋼凱基96購02,0,0,0,0,0,0,0,0,0,5000,0,0,0,10000,5000,5000,5000
052947,晶技國票97購01  ,0,0,0,0,0,0,0,0,0,5000,0,0,0,5000,0,5000,5000
052951,GIS國票97購02   ,0,0,0,0,0,0,0,0,0,5000,0,0,0,5000,0,5000,5000
052880,台積電凱基96購06,0,0,0,0,0,0,0,0,0,5000,0,0,0,65000,60000,5000,5000
053102,祥碩元富96購01  ,0,0,0,0,0,0,0,0,0,5000,0,0,0,5000,0,5000,5000
053090,新唐元大96購01  ,0,0,0,0,0,0,0,0,0,5000,0,0,0,5000,0,5000,5000
051281,健策兆豐96購01  ,0,0,0,0,0,0,0,0,0,5000,0,0,0,20000,15000,5000,5000
051361,泰鼎元大95購01  ,0,0,0,0,0,0,0,0,0,5000,0,0,0,49000,44000,5000,5000
051095,貿聯元大95購03  ,0,0,0,0,0,0,0,0,0,5000,0,0,0,5000,0,5000,5000
051248,華固元大95購01  ,0,0,0,0,0,0,0,0,0,5000,0,0,0,5000,0,5000,5000
05075P,台積電麥證95售01,0,0,0,5000,0,5000,0,0,0,5000,0,0,0,5000,0,5000,5000
051074,矽力國票96購01  ,0,0,0,0,0,0,0,0,0,5000,0,0,0,5000,0,5000,5000
051678,鈺齊元大95購02  ,0,0,0,0,0,0,0,0,0,5000,0,0,0,30000,25000,5000,5000
051741,可成國票97購01  ,0,0,0,0,0,0,0,0,0,5000,0,0,0,5000,0,5000,5000
051927,國巨中信96購01  ,0,0,0,0,0,0,0,0,0,5000,0,0,0,86000,81000,5000,5000
051856,亞德客凱基95購01,0,0,0,0,0,0,0,0,0,5000,0,0,0,10000,5000,5000,5000
051847,香港反中信99購01,0,0,0,0,0,0,0,0,0,5000,0,0,0,5000,0,5000,5000
06061P,訊芯統一97售01  ,0,0,0,0,0,0,0,0,0,5000,0,0,0,5000,0,5000,5000
06175P,台積電元大97售21,0,0,0,0,0,0,0,0,0,5000,0,0,0,10000,5000,5000,5000
05908P,大立光元富96售05,0,0,0,0,0,0,0,0,0,5000,0,0,0,98000,93000,5000,5000
1419,新紡            ,6000,1000,5000,0,0,0,0,0,0,0,0,0,0,0,0,0,5000
08405P,聯發科元大9C售11,0,0,0,0,0,0,0,0,0,5000,0,0,0,5000,0,5000,5000
08213P,台光電統一9B售03,0,0,0,0,0,0,0,0,0,5000,0,0,0,5000,0,5000,5000
08679P,台灣50元大01售15,0,0,0,0,0,0,0,0,0,5000,0,0,0,5000,0,5000,5000
07480P,FBVIX凱基94售01 ,0,0,0,0,0,0,0,0,0,5000,0,0,0,6000,1000,5000,5000
06233P,訊芯永豐97售03  ,0,0,0,0,0,0,0,0,0,5000,0,0,0,80000,75000,5000,5000
06299P,可成元大97售04  ,0,0,0,0,0,0,0,0,0,5000,0,0,0,5000,0,5000,5000
056069,新日興元大97購03,0,0,0,0,0,0,0,0,0,5000,0,0,0,6000,1000,5000,5000
05607P,華通日盛96售01  ,0,0,0,0,0,0,0,0,0,5000,0,0,0,5000,0,5000,5000
056283,鴻海永豐97購03  ,0,0,0,0,0,0,0,0,0,5000,0,0,0,20000,15000,5000,5000
05719P,可成元大96售03  ,0,0,0,0,0,0,0,0,0,5000,0,0,0,25000,20000,5000,5000
6442,光聖            ,8000,3000,5000,0,0,0,0,0,0,0,0,0,0,0,0,0,5000
2722,夏都            ,5000,0,5000,0,0,0,0,0,0,0,0,0,0,0,0,0,5000
3022,威強電          ,24000,19000,5000,0,0,0,0,0,0,0,0,0,0,0,0,0,5000
4148,全宇生技-KY     ,11000,7000,4000,0,0,0,0,0,0,1000,2000,1000,1000,0,0,0,5000
1708,東鹼            ,11000,6000,5000,0,0,0,0,0,0,0,0,0,0,0,0,0,5000
2022,聚亨            ,32000,25000,7000,0,0,0,0,0,0,-2000,0,2000,-2000,0,0,0,5000
1617,榮星            ,6000,1000,5000,0,0,0,0,0,0,0,0,0,0,0,0,0,5000
053723,奇鋐凱基98購01  ,0,0,0,0,0,0,0,0,0,4000,0,0,0,4000,0,4000,4000
054184,A50正2永豐96購01,0,0,0,0,0,0,0,0,0,4000,0,0,0,4000,0,4000,4000
054334,超眾永豐96購04  ,0,0,0,0,0,0,0,0,0,4000,0,0,0,9000,5000,4000,4000
054597,南亞台新97購01  ,0,0,0,0,0,0,0,0,0,4000,0,0,0,42000,38000,4000,4000
054631,台郡凱基98購02  ,0,0,0,0,0,0,0,0,0,4000,0,0,0,4000,0,4000,4000
054381,世芯群益98購01  ,0,0,0,0,0,0,0,0,0,4000,0,0,0,17000,13000,4000,4000
055202,神達群益97購01  ,0,0,0,0,0,0,0,0,0,4000,0,0,0,5000,1000,4000,4000
055068,亞翔永豐97購01  ,0,0,0,0,0,0,0,0,0,4000,0,0,0,4000,0,4000,4000
05545P,台表科國泰98售01,0,0,0,0,0,0,0,0,0,4000,0,0,0,4000,0,4000,4000
0057,富邦摩台        ,0,0,0,0,0,0,0,0,0,4000,0,0,0,24000,20000,4000,4000
00645,富邦日本        ,0,0,0,0,0,0,0,0,0,4000,0,0,0,65000,61000,4000,4000
045808,台表科國票92購02,0,0,0,0,0,0,0,0,0,4000,0,0,0,4000,0,4000,4000
047120,啟碁元大93購02  ,0,0,0,0,0,0,0,0,0,4000,0,0,0,4000,0,4000,4000
046068,國泰金凱基92購02,0,0,0,0,0,0,0,0,0,4000,0,0,0,24000,20000,4000,4000
046425,臻鼎元大92購12  ,0,0,0,0,0,0,0,0,0,4000,0,0,0,4000,0,4000,4000
055299,康友元大97購02  ,0,0,0,0,0,0,0,0,0,4000,0,0,0,4000,0,4000,4000
050268,智原元大95購03  ,0,0,0,0,0,0,0,0,0,4000,0,0,0,96000,92000,4000,4000
050177,聯發科元大94購11,0,0,0,0,0,0,0,0,0,4000,0,0,0,126000,122000,4000,4000
050426,國巨凱基94購14  ,0,0,0,0,0,0,0,0,0,4000,0,0,0,22000,18000,4000,4000
050577,美律國票94購03  ,0,0,0,0,0,0,0,0,0,4000,0,0,0,40000,36000,4000,4000
048134,祥碩國票93購02  ,0,0,0,0,0,0,0,0,0,4000,0,0,0,4000,0,4000,4000
04783P,貿聯元富94售01  ,0,0,0,0,0,0,0,0,0,4000,0,0,0,15000,11000,4000,4000
048327,緯穎國泰94購01  ,0,0,0,0,0,0,0,0,0,4000,0,0,0,4000,0,4000,4000
048337,致茂元大93購04  ,0,0,0,0,0,0,0,0,0,4000,0,0,0,4000,0,4000,4000
049418,大立光凱基94購05,0,0,0,0,0,0,0,0,0,4000,0,0,0,11000,7000,4000,4000
049854,超眾群益94購02  ,0,0,0,0,0,0,0,0,0,4000,0,0,0,4000,0,4000,4000
049629,臺股指群益94購02,0,0,0,0,0,0,0,0,0,4000,0,0,0,4000,0,4000,4000
049582,台積電元大95購03,0,0,0,0,0,0,0,0,0,4000,0,0,0,6000,2000,4000,4000
051661,華新科永昌96購01,0,0,0,0,0,0,0,0,0,4000,0,0,0,4000,0,4000,4000
051602,南茂兆豐96購01  ,0,0,0,0,0,0,0,0,0,4000,0,0,0,50000,46000,4000,4000
051040,漢唐永豐95購01  ,0,0,0,0,0,0,0,0,0,4000,0,0,0,126000,122000,4000,4000
05119P,聯發科國泰96售02,0,0,0,0,0,0,0,0,0,4000,0,0,0,7000,3000,4000,4000
051176,聯發科凱基95購07,0,0,0,0,0,0,0,0,0,4000,0,0,0,4000,0,4000,4000
051403,玉晶光永豐95購05,0,0,0,0,0,0,0,0,0,4000,0,0,0,10000,6000,4000,4000
05288P,寶成元富95售02  ,0,0,0,0,0,0,0,0,0,4000,0,0,0,20000,16000,4000,4000
053152,大立光元大99購01,0,0,0,0,0,0,0,0,0,4000,0,0,0,41000,37000,4000,4000
05220P,台積電元大95售16,0,0,0,0,0,0,0,0,0,4000,0,0,0,110000,106000,4000,4000
052766,玉晶光群益9A購01,0,0,0,0,0,0,0,0,0,4000,0,0,0,45000,41000,4000,4000
1727,中華化          ,4000,0,4000,0,0,0,0,0,0,0,0,0,0,0,0,0,4000
2233,宇隆            ,19000,15000,4000,0,0,0,0,0,0,0,0,0,0,0,0,0,4000
2305,全友            ,24000,1000,23000,0,0,0,0,0,0,-19000,0,19000,-19000,0,0,0,4000
8497,格威傳媒        ,3000,2000,1000,0,0,0,0,0,0,3000,3000,0,3000,0,0,0,4000
05696P,南亞科凱基96售01,0,0,0,0,0,0,0,0,0,4000,0,0,0,30000,26000,4000,4000
05675P,美律群益97售01  ,0,0,0,0,0,0,0,0,0,4000,0,0,0,15000,11000,4000,4000
05658P,日月光元富96售02,0,0,0,0,0,0,0,0,0,4000,0,0,0,4000,0,4000,4000
056352,鴻海元大99購01  ,0,0,0,0,0,0,0,0,0,4000,0,0,0,49000,45000,4000,4000
056244,群創群益98購09  ,0,0,0,0,0,0,0,0,0,4000,0,0,0,514000,510000,4000,4000
05621P,聯電中信96售01  ,0,0,0,0,0,0,0,0,0,4000,0,0,0,18000,14000,4000,4000
056187,京鼎統一97購01  ,0,0,0,0,0,0,0,0,0,4000,0,0,0,4000,0,4000,4000
056061,國泰金元大97購02,0,0,0,0,0,0,0,0,0,4000,0,0,0,22000,18000,4000,4000
056035,鴻海凱基97購06  ,0,0,0,0,0,0,0,0,0,4000,0,0,0,24000,20000,4000,4000
06404P,鴻海元富97售16  ,0,0,0,0,0,0,0,0,0,4000,0,0,0,4000,0,4000,4000
06147P,國巨元大97售05  ,0,0,0,0,0,0,0,0,0,4000,0,0,0,204000,200000,4000,4000
008201,BP上證50        ,0,0,0,0,0,0,0,0,0,3200,0,0,0,3200,0,3200,3200
055494,華新科元大98購01,0,0,0,0,0,0,0,0,0,3000,0,0,0,31000,28000,3000,3000
055438,鴻海國票98購01  ,0,0,0,0,0,0,0,0,0,3000,0,0,0,3000,0,3000,3000
055091,微星群益97購01  ,0,0,0,0,0,0,0,0,0,3000,0,0,0,66000,63000,3000,3000
055113,大立光凱基98購06,0,0,0,0,0,0,0,0,0,3000,0,0,0,18000,15000,3000,3000
054344,景碩國票97購04  ,0,0,0,0,0,0,0,0,0,3000,0,0,0,38000,35000,3000,3000
054258,牧德元大97購01  ,0,0,0,0,0,0,0,0,0,3000,0,0,0,81000,78000,3000,3000
054106,元油反凱基9C購01,0,0,0,0,0,0,0,0,0,3000,0,0,0,152000,149000,3000,3000
054058,晶豪科國票98購01,0,0,0,0,0,0,0,0,0,3000,0,0,0,3000,0,3000,3000
053744,台郡國票97購03  ,0,0,0,0,0,0,0,0,0,3000,0,0,0,342000,339000,3000,3000
053603,臺股指元大96購20,0,0,0,0,0,0,0,0,0,3000,0,0,0,3000,0,3000,3000
053891,欣興群益98購01  ,0,0,0,0,0,0,0,0,0,3000,0,0,0,3000,0,3000,3000
053874,台表科元大96購05,0,0,0,0,0,0,0,0,0,3000,0,0,0,3000,0,3000,3000
01002T,土銀國泰R1      ,3000,0,3000,0,0,0,0,0,0,0,0,0,0,0,0,0,3000
03010X,元展10          ,0,0,0,0,0,0,0,0,0,3000,0,0,0,3000,0,3000,3000
00647L,元大S&P500正2   ,0,0,0,0,0,0,0,0,0,3000,0,0,0,47000,44000,3000,3000
03514P,臺股指國票02售03,0,0,0,0,0,0,0,0,0,3000,0,0,0,3000,0,3000,3000
041453,國巨元富93購03  ,0,0,0,0,0,0,0,0,0,3000,0,0,0,3000,0,3000,3000
044119,台郡兆豐92購01  ,0,0,0,0,0,0,0,0,0,3000,0,0,0,3000,0,3000,3000
042902,光寶科元大94購01,0,0,0,0,0,0,0,0,0,3000,0,0,0,3000,0,3000,3000
042909,順德元大94購01  ,0,0,0,0,0,0,0,0,0,3000,0,0,0,3000,0,3000,3000
043763,超眾元大92購01  ,0,0,0,0,0,0,0,0,0,3000,0,0,0,3000,0,3000,3000
04328P,台達電中信93售02,0,0,0,0,0,0,0,0,0,3000,0,0,0,3000,0,3000,3000
046751,鴻海凱基93購18  ,0,0,0,0,0,0,0,0,0,3000,0,0,0,3000,0,3000,3000
046618,南亞科凱基93購01,0,0,0,0,0,0,0,0,0,3000,0,0,0,3000,0,3000,3000
046490,臻鼎永昌92購01  ,0,0,0,0,0,0,0,0,0,3000,0,0,0,3000,0,3000,3000
046407,華新科元大93購07,0,0,0,0,0,0,0,0,0,3000,0,0,0,3000,0,3000,3000
046899,鴻海凱基93購21  ,0,0,0,0,0,0,0,0,0,3000,0,0,0,3000,0,3000,3000
045891,健鼎元大92購01  ,0,0,0,0,0,0,0,0,0,3000,0,0,0,3000,0,3000,3000
04903P,全新永豐94售05  ,0,0,0,0,0,0,0,0,0,3000,0,0,0,3000,0,3000,3000
045122,臺股指元大93購08,0,0,0,0,0,0,0,0,0,3000,0,0,0,3000,0,3000,3000
044862,台表科兆豐93購01,0,0,0,0,0,0,0,0,0,3000,0,0,0,3000,0,3000,3000
049178,宏達電凱基94購02,0,0,0,0,0,0,0,0,0,3000,0,0,0,3000,0,3000,3000
047603,瑞昱國泰94購01  ,0,0,0,0,0,0,0,0,0,3000,0,0,0,20000,17000,3000,3000
047801,臺股指兆豐93購01,0,0,0,0,0,0,0,0,0,3000,0,0,0,3000,0,3000,3000
049932,GIS元大94購03   ,0,0,0,0,0,0,0,0,0,3000,0,0,0,3000,0,3000,3000
047847,鴻海統一93購07  ,0,0,0,0,0,0,0,0,0,3000,0,0,0,3000,0,3000,3000
050021,鴻海元大94購10  ,0,0,0,0,0,0,0,0,0,3000,0,0,0,21000,18000,3000,3000
048223,微星凱基93購02  ,0,0,0,0,0,0,0,0,0,3000,0,0,0,3000,0,3000,3000
04825P,元大金中信94售01,0,0,0,0,0,0,0,0,0,3000,0,0,0,3000,0,3000,3000
048553,光磊元大93購03  ,0,0,0,0,0,0,0,0,0,3000,0,0,0,3000,0,3000,3000
05023P,和碩凱基95售01  ,0,0,0,0,0,0,0,0,0,3000,0,0,0,3000,0,3000,3000
055291,京鼎元大97購02  ,0,0,0,0,0,0,0,0,0,3000,0,0,0,5000,2000,3000,3000
050364,卜蜂元大94購02  ,0,0,0,0,0,0,0,0,0,3000,0,0,0,3000,0,3000,3000
052230,大立光凱基96購09,0,0,0,0,0,0,0,0,0,3000,0,0,0,53000,50000,3000,3000
052279,旺宏凱基95購07  ,0,0,0,0,0,0,0,0,0,3000,0,0,0,10000,7000,3000,3000
052496,華通台新96購02  ,0,0,0,0,0,0,0,0,0,3000,0,0,0,3000,0,3000,3000
052455,樺漢元大96購03  ,0,0,0,0,0,0,0,0,0,3000,0,0,0,3000,0,3000,3000
053272,鴻海元大96購17  ,0,0,0,0,0,0,0,0,0,3000,0,0,0,3000,0,3000,3000
053362,元油反國泰98購01,0,0,0,0,0,0,0,0,0,3000,0,0,0,3000,0,3000,3000
051432,群創元富99購03  ,0,0,0,0,0,0,0,0,0,3000,0,0,0,3000,0,3000,3000
05138P,嘉聯益凱基96售02,0,0,0,0,0,0,0,0,0,3000,0,0,0,3000,0,3000,3000
05115P,T50反1群益95售02,0,0,0,0,0,0,0,0,0,3000,0,0,0,3000,0,3000,3000
050850,訊連國票96購01  ,0,0,0,0,0,0,0,0,0,3000,0,0,0,3000,0,3000,3000
050899,旭富元大95購01  ,0,0,0,0,0,0,0,0,0,3000,0,0,0,5000,2000,3000,3000
051566,鴻海富邦95購05  ,0,0,0,0,0,0,0,0,0,3000,0,0,0,3000,0,3000,3000
051615,華通凱基96購01  ,0,0,0,0,0,0,0,0,0,3000,0,0,0,3000,0,3000,3000
051817,元金2X統一95購01,0,0,0,0,0,0,0,0,0,3000,0,0,0,3000,0,3000,3000
05949P,台積電國票96售09,0,0,0,0,0,0,0,0,0,3000,0,0,0,3000,0,3000,3000
06325P,TXFI0永昌99售03 ,0,0,0,0,0,0,0,0,0,3000,0,0,0,3000,0,3000,3000
06381P,臺股指統一98售03,0,0,0,0,0,0,0,0,0,3000,0,0,0,3000,0,3000,3000
056118,聯詠群益97購03  ,0,0,0,0,0,0,0,0,0,3000,0,0,0,33000,30000,3000,3000
056172,鴻海元富97購11  ,0,0,0,0,0,0,0,0,0,3000,0,0,0,46000,43000,3000,3000
056336,南亞科凱基98購02,0,0,0,0,0,0,0,0,0,3000,0,0,0,3000,0,3000,3000
1783,和康生          ,5000,2000,3000,0,0,0,0,0,0,0,0,0,0,0,0,0,3000
2008,高興昌          ,2000,0,2000,0,0,0,0,0,0,1000,1000,0,1000,0,0,0,3000
1474,弘裕            ,4000,0,4000,0,0,0,0,0,0,-1000,0,1000,-1000,0,0,0,3000
3679,新至陞          ,10000,8000,2000,0,0,0,0,0,0,1000,1000,0,1000,0,0,0,3000
3167,大量            ,12000,8000,4000,0,0,0,0,0,0,-1000,0,1000,-1000,0,0,0,3000
053879,元油反中信98購02,0,0,0,0,0,0,0,0,0,2000,0,0,0,2000,0,2000,2000
053829,力成麥證96購01  ,0,0,0,73000,71000,2000,0,0,0,2000,0,0,0,73000,71000,2000,2000
053783,聯發科元大96購17,0,0,0,0,0,0,0,0,0,2000,0,0,0,18000,16000,2000,2000
053731,矽創凱基96購03  ,0,0,0,0,0,0,0,0,0,2000,0,0,0,2000,0,2000,2000
053576,智原元富96購01  ,0,0,0,0,0,0,0,0,0,2000,0,0,0,2000,0,2000,2000
054077,中石化中信98購01,0,0,0,0,0,0,0,0,0,2000,0,0,0,2000,0,2000,2000
054360,智邦凱基96購03  ,0,0,0,0,0,0,0,0,0,2000,0,0,0,44000,42000,2000,2000
054648,智原群益98購01  ,0,0,0,0,0,0,0,0,0,2000,0,0,0,2000,0,2000,2000
054549,台積電凱基98購01,0,0,0,0,0,0,0,0,0,2000,0,0,0,36000,34000,2000,2000
05454P,奇鋐群益95售04  ,0,0,0,0,0,0,0,0,0,2000,0,0,0,12000,10000,2000,2000
054551,聯發科凱基98購02,0,0,0,0,0,0,0,0,0,2000,0,0,0,2000,0,2000,2000
055084,國巨第一97購01  ,0,0,0,0,0,0,0,0,0,2000,0,0,0,4000,2000,2000,2000
055366,國巨元大98購05  ,0,0,0,0,0,0,0,0,0,2000,0,0,0,12000,10000,2000,2000
054846,瑞昱兆豐97購01  ,0,0,0,0,0,0,0,0,0,2000,0,0,0,30000,28000,2000,2000
055425,聚陽群益99購01  ,0,0,0,0,0,0,0,0,0,2000,0,0,0,32000,30000,2000,2000
055472,大立光凱基97購07,0,0,0,0,0,0,0,0,0,2000,0,0,0,57000,55000,2000,2000
055854,群創元大98購04  ,0,0,0,0,0,0,0,0,0,2000,0,0,0,45000,43000,2000,2000
055954,南港元大97購02  ,0,0,0,0,0,0,0,0,0,2000,0,0,0,2000,0,2000,2000
055793,臺股指凱基97購16,0,0,0,0,0,0,0,0,0,2000,0,0,0,23000,21000,2000,2000
044988,玉晶光統一95購01,0,0,0,0,0,0,0,0,0,2000,0,0,0,17000,15000,2000,2000
045059,同欣電國泰93購01,0,0,0,0,0,0,0,0,0,2000,0,0,0,2000,0,2000,2000
048950,達方永豐94購01  ,0,0,0,0,0,0,0,0,0,2000,0,0,0,2000,0,2000,2000
049035,中環兆豐94購01  ,0,0,0,0,0,0,0,0,0,2000,0,0,0,42000,40000,2000,2000
048834,牧德凱基94購01  ,0,0,0,0,0,0,0,0,0,2000,0,0,0,2000,0,2000,2000
045922,臺股指國票92購12,0,0,0,0,0,0,0,0,0,2000,0,0,0,2000,0,2000,2000
047066,力成凱基93購04  ,0,0,0,0,0,0,0,0,0,2000,0,0,0,4000,2000,2000,2000
045763,南亞科統一93購01,0,0,0,0,0,0,0,0,0,2000,0,0,0,2000,0,2000,2000
046938,致茂元大93購02  ,0,0,0,0,0,0,0,0,0,2000,0,0,0,3000,1000,2000,2000
046433,康友中信92購01  ,0,0,0,0,0,0,0,0,0,2000,0,0,0,20000,18000,2000,2000
046329,臻鼎元大92購10  ,0,0,0,0,0,0,0,0,0,2000,0,0,0,2000,0,2000,2000
04634P,臺股指群益94售09,0,0,0,0,0,0,0,0,0,2000,0,0,0,3000,1000,2000,2000
046620,智伸科凱基93購01,0,0,0,0,0,0,0,0,0,2000,0,0,0,2000,0,2000,2000
046623,臻鼎凱基93購02  ,0,0,0,0,0,0,0,0,0,2000,0,0,0,2000,0,2000,2000
045571,元油2X元大95購04,0,0,0,0,0,0,0,0,0,2000,0,0,0,2000,0,2000,2000
04185P,欣興統一93售05  ,0,0,0,0,0,0,0,0,0,2000,0,0,0,2000,0,2000,2000
041844,台積電富邦93購01,0,0,0,0,0,0,0,0,0,2000,0,0,0,2000,0,2000,2000
042126,欣興統一92購01  ,0,0,0,0,0,0,0,0,0,2000,0,0,0,2000,0,2000,2000
044622,旺宏元大92購06  ,0,0,0,0,0,0,0,0,0,2000,0,0,0,12000,10000,2000,2000
04301P,微星中信93售01  ,0,0,0,0,0,0,0,0,0,2000,0,0,0,2000,0,2000,2000
043610,旺宏兆豐92購01  ,0,0,0,0,0,0,0,0,0,2000,0,0,0,2000,0,2000,2000
043642,元金2X國票97購01,0,0,0,0,0,0,0,0,0,2000,0,0,0,2000,0,2000,2000
04297P,微星元大93售03  ,0,0,0,0,0,0,0,0,0,2000,0,0,0,2000,0,2000,2000
044671,台積電兆豐93購01,0,0,0,0,0,0,0,0,0,2000,0,0,0,35000,33000,2000,2000
03521P,欣興元大02售16  ,0,0,0,0,0,0,0,0,0,2000,0,0,0,2000,0,2000,2000
0055,元大MSCI金融    ,0,0,0,0,0,0,0,0,0,2000,0,0,0,6000,4000,2000,2000
00683L,元大美元指數正2 ,0,224000,-224000,0,0,0,0,0,0,226000,0,0,0,226000,0,226000,2000
00652,富邦印度        ,141000,0,141000,0,0,0,0,0,0,-139000,0,0,0,6000,145000,-139000,2000
01003T,兆豐新光R1      ,2000,0,2000,0,0,0,0,0,0,0,0,0,0,0,0,0,2000
00771,元大US高息特別股,0,0,0,0,0,0,0,0,0,2000,0,0,0,2000,0,2000,2000
03281P,台積電凱基04售01,0,0,0,0,0,0,0,0,0,2000,0,0,0,2000,0,2000,2000
03950P,聯發科中信93售03,0,0,0,0,0,0,0,0,0,2000,0,0,0,16000,14000,2000,2000
03875P,滬深2X國票05售01,0,0,0,0,0,0,0,0,0,2000,0,0,0,2000,0,2000,2000
050311,上銀兆豐95購01  ,0,0,0,0,0,0,0,0,0,2000,0,0,0,2000,0,2000,2000
050551,大立光凱基95購05,0,0,0,0,0,0,0,0,0,2000,0,0,0,2000,0,2000,2000
050467,力成中信94購01  ,0,0,0,0,0,0,0,0,0,2000,0,0,0,24000,22000,2000,2000
050632,國巨群益94購07  ,0,0,0,0,0,0,0,0,0,2000,0,0,0,3000,1000,2000,2000
050615,奇力新元大95購03,0,0,0,0,0,0,0,0,0,2000,0,0,0,80000,78000,2000,2000
048231,台表科凱基93購06,0,0,0,0,0,0,0,0,0,2000,0,0,0,12000,10000,2000,2000
048249,嘉澤兆豐94購01  ,0,0,0,0,0,0,0,0,0,2000,0,0,0,10000,8000,2000,2000
048146,大立光統一93購11,0,0,0,0,0,0,0,0,0,2000,0,0,0,2000,0,2000,2000
048525,華通國票94購02  ,0,0,0,0,0,0,0,0,0,2000,0,0,0,40000,38000,2000,2000
04853P,易華電永豐94售03,0,0,0,0,0,0,0,0,0,2000,0,0,0,2000,0,2000,2000
050018,高股息元大94購02,0,0,0,0,0,0,0,0,0,2000,0,0,0,20000,18000,2000,2000
049264,奇鋐元大95購01  ,0,0,0,0,0,0,0,0,0,2000,0,0,0,36000,34000,2000,2000
048355,國巨永豐93購04  ,0,0,0,0,0,0,0,0,0,2000,0,0,0,6000,4000,2000,2000
048640,南亞科元大93購06,0,0,0,0,0,0,0,0,0,2000,0,0,0,2000,0,2000,2000
048277,建準永豐93購02  ,0,0,0,0,0,0,0,0,0,2000,0,0,0,2000,0,2000,2000
048860,玉晶光群益96購03,0,0,0,0,0,0,0,0,0,2000,0,0,0,2000,0,2000,2000
049436,義隆國泰96購02  ,0,0,0,0,0,0,0,0,0,2000,0,0,0,12000,10000,2000,2000
049848,聯發科群益94購06,0,0,0,0,0,0,0,0,0,2000,0,0,0,172000,170000,2000,2000
047653,上銀兆豐94購01  ,0,0,0,0,0,0,0,0,0,2000,0,0,0,7000,5000,2000,2000
047364,欣興群益93購04  ,0,0,0,0,0,0,0,0,0,2000,0,0,0,2000,0,2000,2000
047293,全新元富93購03  ,0,0,0,0,0,0,0,0,0,2000,0,0,0,2000,0,2000,2000
047738,美律永豐93購02  ,0,0,0,0,0,0,0,0,0,2000,0,0,0,2000,0,2000,2000
051634,大立光國票96購03,0,0,0,0,0,0,0,0,0,2000,0,0,0,4000,2000,2000,2000
051752,緯穎富邦96購01  ,0,0,0,0,0,0,0,0,0,2000,0,0,0,87000,85000,2000,2000
051788,奇力新國票97購02,0,0,0,0,0,0,0,0,0,2000,0,0,0,42000,40000,2000,2000
051482,玉晶光凱基96購01,0,0,0,0,0,0,0,0,0,2000,0,0,0,69000,67000,2000,2000
051485,玉晶光凱基97購02,0,0,0,0,0,0,0,0,0,2000,0,0,0,42000,40000,2000,2000
051490,世芯凱基96購01  ,0,0,0,0,0,0,0,0,0,2000,0,0,0,7000,5000,2000,2000
050735,亞光台新94購01  ,0,0,0,0,0,0,0,0,0,2000,0,0,0,15000,13000,2000,2000
051083,A50正2元大98購01,0,0,0,0,0,0,0,0,0,2000,0,0,0,38000,36000,2000,2000
051159,力山元大96購01  ,0,0,0,0,0,0,0,0,0,2000,0,0,0,3000,1000,2000,2000
05332P,臺股指國票95售01,0,0,0,0,0,0,0,0,0,2000,0,0,0,4000,2000,2000,2000
053372,元油反元大98購01,0,0,0,0,0,0,0,0,0,2000,0,0,0,4000,2000,2000,2000
052422,聯電國票96購03  ,0,0,0,0,0,0,0,0,0,2000,0,0,0,50000,48000,2000,2000
05241P,鴻海國泰97售04  ,0,0,0,0,0,0,0,0,0,2000,0,0,0,6000,4000,2000,2000
052301,華通康和95購01  ,0,0,0,0,0,0,0,0,0,2000,0,0,0,2000,0,2000,2000
052215,樺漢元大96購02  ,0,0,0,0,0,0,0,0,0,2000,0,0,0,15000,13000,2000,2000
052823,創意永豐96購02  ,0,0,0,0,0,0,0,0,0,2000,0,0,0,84000,82000,2000,2000
052689,玉晶光元大98購03,0,0,0,0,0,0,0,0,0,2000,0,0,0,2000,0,2000,2000
052519,旺宏元大95購05  ,0,0,0,0,0,0,0,0,0,2000,0,0,0,31000,29000,2000,2000
3229,晟鈦            ,2000,0,2000,0,0,0,0,0,0,0,0,0,0,0,0,0,2000
3669,圓展            ,3000,26000,-23000,0,0,0,25000,0,25000,0,1000,1000,0,0,0,0,2000
3494,誠研            ,4000,2000,2000,0,0,0,0,0,0,0,0,0,0,0,0,0,2000
1472,三洋紡          ,4000,6000,-2000,0,0,0,0,0,0,4000,4000,0,4000,0,0,0,2000
1445,大宇            ,2000,0,2000,0,0,0,0,0,0,0,0,0,0,0,0,0,2000
1616,億泰            ,2000,0,2000,0,0,0,0,0,0,0,0,0,0,0,0,0,2000
1726,永記            ,5000,2000,3000,0,0,0,0,0,0,-1000,0,1000,-1000,0,0,0,2000
2331,精英            ,105000,100000,5000,0,0,0,0,0,0,-3000,1000,4000,-3000,0,0,0,2000
2433,互盛電          ,12000,9000,3000,0,0,0,0,0,0,-1000,0,1000,-1000,0,0,0,2000
911616,杜康-DR         ,6000,4000,2000,0,0,0,0,0,0,0,0,0,0,0,0,0,2000
9906,欣巴巴          ,3000,0,3000,0,0,0,0,0,0,-1000,0,1000,-1000,0,0,0,2000
9908,大台北          ,18000,14000,4000,0,0,0,0,0,0,-2000,0,2000,-2000,0,0,0,2000
05630P,大立光永昌96售06,0,0,0,0,0,0,0,0,0,2000,0,0,0,275000,273000,2000,2000
056366,玉晶光元大99購04,0,0,0,0,0,0,0,0,0,2000,0,0,0,2000,0,2000,2000
056162,祥碩凱基97購03  ,0,0,0,0,0,0,0,0,0,2000,0,0,0,16000,14000,2000,2000
056108,麗豐永豐97購01  ,0,0,0,0,0,0,0,0,0,2000,0,0,0,12000,10000,2000,2000
056055,國巨元大97購15  ,0,0,0,0,0,0,0,0,0,2000,0,0,0,17000,15000,2000,2000
06342P,世芯統一98售01  ,0,0,0,0,0,0,0,0,0,2000,0,0,0,2000,0,2000,2000
05938P,旺宏凱基96售07  ,0,0,0,0,0,0,0,0,0,2000,0,0,0,12000,10000,2000,2000
06002P,華通康和96售01  ,0,0,0,0,0,0,0,0,0,2000,0,0,0,102000,100000,2000,2000
05874P,台積電群益96售10,0,0,0,0,0,0,0,0,0,2000,0,0,0,11000,9000,2000,2000
06141P,大立光日盛97售01,0,0,0,0,0,0,0,0,0,2000,0,0,0,2000,0,2000,2000
06165P,臺股指凱基9A售03,0,0,0,0,0,0,0,0,0,2000,0,0,0,6000,4000,2000,2000
8454,富邦媒          ,15000,14469,531,0,0,0,0,0,0,1000,1000,0,1000,0,0,0,1531
6409,旭隼            ,59380,59000,380,0,0,0,2000,0,2000,-1000,0,1000,-1000,0,0,0,1380
055787,聯茂凱基99購01  ,0,0,0,0,0,0,0,0,0,1000,0,0,0,1000,0,1000,1000
055740,智易元富97購01  ,0,0,0,0,0,0,0,0,0,1000,0,0,0,1000,0,1000,1000
055602,康控元大97購03  ,0,0,0,0,0,0,0,0,0,1000,0,0,0,257000,256000,1000,1000
054786,全新群益99購02  ,0,0,0,0,0,0,0,0,0,1000,0,0,0,11000,10000,1000,1000
054765,亞光國票98購02  ,0,0,0,0,0,0,0,0,0,1000,0,0,0,1000,0,1000,1000
054709,宏達電統一97購01,0,0,0,0,0,0,0,0,0,1000,0,0,0,2000,1000,1000,1000
054779,台塑群益98購01  ,0,0,0,0,0,0,0,0,0,1000,0,0,0,11000,10000,1000,1000
054975,福懋科元大97購01,0,0,0,0,0,0,0,0,0,1000,0,0,0,1000,0,1000,1000
055375,京鼎元大97購03  ,0,0,0,0,0,0,0,0,0,1000,0,0,0,1000,0,1000,1000
055277,旺宏元大97購04  ,0,0,0,0,0,0,0,0,0,1000,0,0,0,1000,0,1000,1000
055211,A50反1凱基9A購01,0,5000,-5000,0,0,0,0,0,0,6000,0,0,0,242000,236000,6000,1000
055001,京鼎元富97購01  ,0,0,0,0,0,0,0,0,0,1000,0,0,0,58000,57000,1000,1000
054560,全新群益98購03  ,0,0,0,0,0,0,0,0,0,1000,0,0,0,1000,0,1000,1000
054392,華通永豐96購05  ,0,0,0,0,0,0,0,0,0,1000,0,0,0,1000,0,1000,1000
05409P,京元電元富95售05,0,0,0,0,0,0,0,0,0,1000,0,0,0,1000,0,1000,1000
054196,台光電國泰97購02,0,0,0,0,0,0,0,0,0,1000,0,0,0,81000,80000,1000,1000
054238,聯茂群益96購04  ,0,0,0,0,0,0,0,0,0,1000,0,0,0,1000,0,1000,1000
054300,華通凱基96購07  ,0,0,0,0,0,0,0,0,0,1000,0,0,0,2000,1000,1000,1000
054311,世芯凱基96購02  ,0,0,0,0,0,0,0,0,0,1000,0,0,0,3000,2000,1000,1000
053463,可成富邦98購01  ,0,0,0,0,0,0,0,0,0,1000,0,0,0,19000,18000,1000,1000
053426,創意永豐96購04  ,0,0,0,0,0,0,0,0,0,1000,0,0,0,69000,68000,1000,1000
053718,全新凱基97購02  ,0,0,0,0,0,0,0,0,0,1000,0,0,0,1000,0,1000,1000
053782,京元電元大98購02,0,0,0,0,0,0,0,0,0,1000,0,0,0,5000,4000,1000,1000
054013,聯發科永豐96購02,0,0,0,0,0,0,0,0,0,1000,0,0,0,1000,0,1000,1000
03852P,華邦電凱基93售05,0,0,0,0,0,0,0,0,0,1000,0,0,0,1000,0,1000,1000
020006,永昌中小300N    ,0,0,0,0,0,0,0,0,0,1000,0,0,0,1000,0,1000,1000
03152P,聯發科群益01售15,0,0,0,0,0,0,0,0,0,1000,0,0,0,1000,0,1000,1000
03022X,富展01          ,0,0,0,0,0,0,0,0,0,1000,0,0,0,1000,0,1000,1000
00770,國泰北美科技    ,20000,0,20000,0,0,0,0,0,0,-19000,0,0,0,91000,110000,-19000,1000
020004,兆豐電菁英30N   ,0,0,0,0,0,0,0,0,0,1000,0,0,0,1000,0,1000,1000
00742,新光內需收益    ,1000,0,1000,0,0,0,0,0,0,0,0,0,0,0,0,0,1000
03538P,景碩元富08售02  ,0,0,0,0,0,0,0,0,0,1000,0,0,0,1000,0,1000,1000
043908,鴻海凱基93購02  ,0,0,0,0,0,0,0,0,0,1000,0,0,0,1000,0,1000,1000
04385P,可成日盛94售01  ,0,0,0,0,0,0,0,0,0,1000,0,0,0,1000,0,1000,1000
043460,台積電元大93購01,0,0,0,0,0,0,0,0,0,1000,0,0,0,1000,0,1000,1000
04219P,鴻海兆豐93售02  ,0,0,0,0,0,0,0,0,0,1000,0,0,0,1000,0,1000,1000
046668,嘉澤元大93購01  ,0,0,0,0,0,0,0,0,0,1000,0,0,0,47000,46000,1000,1000
046652,上銀元大93購02  ,0,0,0,0,0,0,0,0,0,1000,0,0,0,26000,25000,1000,1000
046737,鴻海群益93購04  ,0,0,0,0,0,0,0,0,0,1000,0,0,0,1000,0,1000,1000
045626,上銀凱基93購05  ,0,0,0,0,0,0,0,0,0,1000,0,0,0,100000,99000,1000,1000
046228,神基元大92購01  ,0,0,0,0,0,0,0,0,0,1000,0,0,0,1000,0,1000,1000
046818,奇力新凱基93購04,0,0,0,0,0,0,0,0,0,1000,0,0,0,8000,7000,1000,1000
046496,鴻海元大92購16  ,0,0,0,0,0,0,0,0,0,1000,0,0,0,1000,0,1000,1000
047180,台積電元大93購18,0,0,0,0,0,0,0,0,0,1000,0,0,0,1000,0,1000,1000
048798,華新科國泰95購01,0,0,0,0,0,0,0,0,0,1000,0,0,0,1000,0,1000,1000
048858,大立光群益94購03,0,0,0,0,0,0,0,0,0,1000,0,0,0,1000,0,1000,1000
048779,美利達凱基94購01,0,0,0,0,0,0,0,0,0,1000,0,0,0,1000,0,1000,1000
049099,華新科國泰95購02,0,0,0,0,0,0,0,0,0,1000,0,0,0,47000,46000,1000,1000
049087,晶相光凱基94購02,0,0,0,0,0,0,0,0,0,1000,0,0,0,1000,0,1000,1000
044942,國巨群益94購01  ,0,0,0,0,0,0,0,0,0,1000,0,0,0,1000,0,1000,1000
044943,旺宏群益93購03  ,0,0,0,0,0,0,0,0,0,1000,0,0,0,10000,9000,1000,1000
044935,玉晶光元大93購03,0,0,0,0,0,0,0,0,0,1000,0,0,0,1000,0,1000,1000
046994,臺股指凱基93購01,0,0,0,0,0,0,0,0,0,1000,0,0,0,1000,0,1000,1000
045999,華通統一92購02  ,0,0,0,0,0,0,0,0,0,1000,0,0,0,11000,10000,1000,1000
045237,欣興國票92購01  ,0,0,0,0,0,0,0,0,0,1000,0,0,0,1000,0,1000,1000
045360,樺漢凱基92購01  ,0,0,0,0,0,0,0,0,0,1000,0,0,0,1000,0,1000,1000
045352,亞光凱基92購03  ,0,0,0,0,0,0,0,0,0,1000,0,0,0,1000,0,1000,1000
045297,台積電元大93購04,0,0,0,0,0,0,0,0,0,1000,0,0,0,1000,0,1000,1000
047761,亞德客元大93購02,0,0,0,0,0,0,0,0,0,1000,0,0,0,3000,2000,1000,1000
047306,儒鴻元大93購03  ,0,0,0,0,0,0,0,0,0,1000,0,0,0,1000,0,1000,1000
047655,聯發科兆豐93購02,0,0,0,0,0,0,0,0,0,1000,0,0,0,1000,0,1000,1000
047633,力山元大94購01  ,0,0,0,0,0,0,0,0,0,1000,0,0,0,1000,0,1000,1000
049112,可成統一94購01  ,0,0,0,0,0,0,0,0,0,1000,0,0,0,1000,0,1000,1000
049858,百和群益94購05  ,0,0,0,0,0,0,0,0,0,1000,0,0,0,1000,0,1000,1000
049625,智易群益95購01  ,0,0,0,0,0,0,0,0,0,1000,0,0,0,1000,0,1000,1000
04971P,矽力元富94售02  ,0,0,0,0,0,0,0,0,0,1000,0,0,0,29000,28000,1000,1000
048281,矽力永豐93購02  ,0,0,0,0,0,0,0,0,0,1000,0,0,0,60000,59000,1000,1000
047508,旺宏國票94購01  ,0,0,0,0,0,0,0,0,0,1000,0,0,0,1000,0,1000,1000
048574,台積電國泰95購02,0,0,0,0,0,0,0,0,0,1000,0,0,0,1000,0,1000,1000
048989,矽格元大94購02  ,0,0,0,0,0,0,0,0,0,1000,0,0,0,60000,59000,1000,1000
048385,亞德客國票94購01,0,0,0,0,0,0,0,0,0,1000,0,0,0,1000,0,1000,1000
048417,國巨統一94購01  ,0,0,0,0,0,0,0,0,0,1000,0,0,0,1000,0,1000,1000
049373,大立光元大94購11,0,0,0,0,0,0,0,0,0,1000,0,0,0,2000,1000,1000,1000
050045,祥碩兆豐94購01  ,0,0,0,0,0,0,0,0,0,1000,0,0,0,1000,0,1000,1000
050102,鴻海富邦95購04  ,0,0,0,0,0,0,0,0,0,1000,0,0,0,4000,3000,1000,1000
049905,為升元大94購05  ,0,0,0,0,0,0,0,0,0,1000,0,0,0,21000,20000,1000,1000
047938,台化國票93購01  ,0,0,0,0,0,0,0,0,0,1000,0,0,0,1000,0,1000,1000
048539,巨大國票94購01  ,0,0,0,0,0,0,0,0,0,1000,0,0,0,1000,0,1000,1000
047975,緯創兆豐93購01  ,0,0,0,0,0,0,0,0,0,1000,0,0,0,28000,27000,1000,1000
048522,A50正2元富95購02,0,0,0,0,0,0,0,0,0,1000,0,0,0,1000,0,1000,1000
048054,鴻海國泰95購01  ,0,0,0,0,0,0,0,0,0,1000,0,0,0,1000,0,1000,1000
048161,旺宏麥證94購01  ,0,0,0,21000,24000,-3000,0,0,0,1000,0,0,0,25000,24000,1000,1000
048184,達運群益93購01  ,0,0,0,0,0,0,0,0,0,1000,0,0,0,1000,0,1000,1000
048122,台達電元大96購02,0,0,0,0,0,0,0,0,0,1000,0,0,0,1000,0,1000,1000
048254,深中小統一93購01,0,0,0,0,0,0,0,0,0,1000,0,0,0,1000,0,1000,1000
050650,大立光凱基96購01,0,0,0,0,0,0,0,0,0,1000,0,0,0,8000,7000,1000,1000
050684,台郡元富94購02  ,0,0,0,0,0,0,0,0,0,1000,0,0,0,1000,0,1000,1000
050540,台積電凱基94購38,0,0,0,0,0,0,0,0,0,1000,0,0,0,5000,4000,1000,1000
050554,百和凱基95購01  ,0,0,0,0,0,0,0,0,0,1000,0,0,0,1000,0,1000,1000
050165,泰鼎國泰95購02  ,0,0,0,0,0,0,0,0,0,1000,0,0,0,1000,0,1000,1000
050146,訊芯康和94購02  ,0,0,0,0,0,0,0,0,0,1000,0,0,0,1000,0,1000,1000
050214,嘉晶台新94購01  ,0,0,0,0,0,0,0,0,0,1000,0,0,0,1000,0,1000,1000
055321,大立光國票98購02,0,0,0,0,0,0,0,0,0,1000,0,0,0,1000,0,1000,1000
052639,康控凱基96購02  ,0,0,0,0,0,0,0,0,0,1000,0,0,0,2000,1000,1000,1000
052710,玉晶光日盛96購01,0,0,0,0,0,0,0,0,0,1000,0,0,0,5000,4000,1000,1000
05282P,可成元大95售09  ,0,0,0,0,0,0,0,0,0,1000,0,0,0,62000,61000,1000,1000
052821,晶技永豐96購01  ,0,0,0,0,0,0,0,0,0,1000,0,0,0,1000,0,1000,1000
052800,國巨元大96購05  ,0,0,0,0,0,0,0,0,0,1000,0,0,0,2000,1000,1000,1000
052192,SP黃豆元富95購04,0,0,0,0,0,0,0,0,0,1000,0,0,0,1000,0,1000,1000
052359,百和永豐95購01  ,0,0,0,0,0,0,0,0,0,1000,0,0,0,19000,18000,1000,1000
052382,臺股指元大95購23,0,0,0,0,0,0,0,0,0,1000,0,0,0,1000,0,1000,1000
052406,力成凱基95購03  ,0,0,0,0,0,0,0,0,0,1000,0,0,0,5000,4000,1000,1000
052444,友訊元大95購01  ,0,0,0,0,0,0,0,0,0,1000,0,0,0,8000,7000,1000,1000
053321,智原群益96購02  ,0,0,0,0,0,0,0,0,0,1000,0,0,0,1000,0,1000,1000
053221,彩晶凱基98購01  ,0,0,0,0,0,0,0,0,0,1000,0,0,0,31000,30000,1000,1000
053037,國巨凱基96購08  ,0,0,0,0,0,0,0,0,0,1000,0,0,0,1000,0,1000,1000
051265,鴻海富邦96購04  ,0,0,0,0,0,0,0,0,0,1000,0,0,0,11000,10000,1000,1000
051050,鴻海群益95購03  ,0,0,0,0,0,0,0,0,0,1000,0,0,0,1000,0,1000,1000
05093P,可成元大95售03  ,0,0,0,0,0,0,0,0,0,1000,0,0,0,6000,5000,1000,1000
050727,華新科國票94購09,0,0,0,0,0,0,0,0,0,1000,0,0,0,1000,0,1000,1000
050887,台積電富邦95購05,0,0,0,0,0,0,0,0,0,1000,0,0,0,4000,3000,1000,1000
050868,智易永豐95購01  ,0,0,0,0,0,0,0,0,0,1000,0,0,0,1000,0,1000,1000
051631,國巨國票96購06  ,0,0,0,0,0,0,0,0,0,1000,0,0,0,1000,0,1000,1000
051659,力山國泰97購01  ,0,0,0,0,0,0,0,0,0,1000,0,0,0,1000,0,1000,1000
052080,康友元富98購02  ,0,0,0,0,0,0,0,0,0,1000,0,0,0,11000,10000,1000,1000
052064,臺股指國票95購11,0,0,0,0,0,0,0,0,0,1000,0,0,0,1000,0,1000,1000
05200P,臺股指永豐95售03,0,0,0,0,0,0,0,0,0,1000,0,0,0,1000,0,1000,1000
6464,台數科          ,1000,0,1000,0,0,0,0,0,0,0,0,0,0,0,0,0,1000
6573,虹揚-KY         ,3000,1000,2000,0,0,0,0,0,0,-1000,0,1000,-1000,0,0,0,1000
8367,建新國際        ,16000,6000,10000,0,0,0,0,0,0,-9000,0,9000,-9000,0,0,0,1000
8103,瀚荃            ,3000,2000,1000,0,0,0,0,0,0,0,0,0,0,0,0,0,1000
910322,康師傅-DR       ,1000,0,1000,0,0,0,0,0,0,0,0,0,0,0,0,0,1000
9912,偉聯            ,0,0,0,0,0,0,0,0,0,1000,1000,0,1000,0,0,0,1000
9941A,裕融甲特        ,0,0,0,0,0,0,0,0,0,1000,1000,0,1000,0,0,0,1000
4807,日成-KY         ,1000,0,1000,0,0,0,0,0,0,0,0,0,0,0,0,0,1000
6405,悅城            ,1000,0,1000,0,0,0,0,0,0,0,0,0,0,0,0,0,1000
2438,翔耀            ,0,0,0,0,0,0,0,0,0,1000,1000,0,1000,0,0,0,1000
1721,三晃            ,4000,3000,1000,0,0,0,0,0,0,0,0,0,0,0,0,0,1000
2024,志聯            ,1000,0,1000,0,0,0,0,0,0,0,0,0,0,0,0,0,1000
2032,新鋼            ,2000,2000,0,0,0,0,0,0,0,1000,1000,0,1000,0,0,0,1000
1446,宏和            ,28000,27000,1000,0,0,0,0,0,0,0,0,0,0,0,0,0,1000
1526,日馳            ,33000,32000,1000,0,0,0,0,0,0,0,0,0,0,0,0,0,1000
3593,力銘            ,2000,1000,1000,0,0,0,0,0,0,0,0,0,0,0,0,0,1000
4439,冠星-KY         ,1000,0,1000,0,0,0,0,0,0,0,0,0,0,0,0,0,1000
3432,台端            ,2000,1000,1000,0,0,0,0,0,0,0,0,0,0,0,0,0,1000
2901,欣欣            ,2000,1000,1000,0,0,0,0,0,0,0,0,0,0,0,0,0,1000
2910,統領            ,1000,0,1000,0,0,0,0,0,0,0,0,0,0,0,0,0,1000
2891B,中信金乙特      ,0,0,0,0,0,0,0,0,0,1000,1000,0,1000,0,0,0,1000
2891C,中信金丙特      ,0,0,0,0,0,0,0,0,0,1000,1000,0,1000,0,0,0,1000
2482,連宇            ,1000,0,1000,0,0,0,0,0,0,0,0,0,0,0,0,0,1000
06080P,景碩群益98售02  ,0,0,0,0,0,0,0,0,0,1000,0,0,0,111000,110000,1000,1000
05861P,瀚宇博永豐96售02,0,0,0,0,0,0,0,0,0,1000,0,0,0,1000,0,1000,1000
05990P,台積電群益96售13,0,0,0,0,0,0,0,0,0,1000,0,0,0,101000,100000,1000,1000
05941P,聯發科凱基96售22,0,0,0,0,0,0,0,0,0,1000,0,0,0,1000,0,1000,1000
06312P,樺漢元富97售02  ,0,0,0,0,0,0,0,0,0,1000,0,0,0,2000,1000,1000,1000
06240P,奇力新元富97售03,0,0,0,0,0,0,0,0,0,1000,0,0,0,12000,11000,1000,1000
06407P,創意元富97售02  ,0,0,0,0,0,0,0,0,0,1000,0,0,0,1000,0,1000,1000
1432,大魯閣          ,5000,3000,2000,0,0,0,0,0,0,-1000,0,1000,-1000,0,0,0,1000
056121,勤誠群益97購01  ,0,0,0,0,0,0,0,0,0,1000,0,0,0,1000,0,1000,1000
056181,百和元富97購02  ,0,0,0,0,0,0,0,0,0,1000,0,0,0,1000,0,1000,1000
056224,聯發科凱基97購08,0,0,0,0,0,0,0,0,0,1000,0,0,0,1000,0,1000,1000
056225,聯發科凱基97購09,0,0,0,0,0,0,0,0,0,1000,0,0,0,10000,9000,1000,1000
056249,鴻海兆豐97購05  ,0,0,0,0,0,0,0,0,0,1000,0,0,0,2000,1000,1000,1000
056357,台積電元大9A購01,0,0,0,0,0,0,0,0,0,1000,0,0,0,187000,186000,1000,1000
056341,宏達電凱基9A購01,0,0,0,0,0,0,0,0,0,1000,0,0,0,3000,2000,1000,1000
056337,聯發科凱基98購06,0,0,0,0,0,0,0,0,0,1000,0,0,0,1000,0,1000,1000
05652P,臻鼎群益96售01  ,0,0,0,0,0,0,0,0,0,1000,0,0,0,61000,60000,1000,1000
05731P,創意統一96售03  ,0,0,0,0,0,0,0,0,0,1000,0,0,0,6000,5000,1000,1000
05781P,臺股指統一99售02,0,0,0,0,0,0,0,0,0,1000,0,0,0,1000,0,1000,1000
2025,千興            ,4,0,4,0,0,0,0,0,0,0,0,0,0,0,0,0,4
054041,鴻海元大96購22  ,0,0,0,0,0,0,0,0,0,0,0,0,0,82000,82000,0,0
054050,創意元大96購06  ,0,0,0,0,0,0,0,0,0,0,0,0,0,13000,13000,0,0
053898,康友群益97購01  ,0,0,0,0,0,0,0,0,0,0,0,0,0,22000,22000,0,0
053822,正文群益97購01  ,0,0,0,0,0,0,0,0,0,0,0,0,0,114000,114000,0,0
053866,景碩元大97購02  ,0,0,0,0,0,0,0,0,0,0,0,0,0,11000,11000,0,0
053880,智邦中信96購01  ,0,0,0,0,0,0,0,0,0,0,0,0,0,155000,155000,0,0
053745,康友國票97購01  ,0,0,0,0,0,0,0,0,0,0,0,0,0,15000,15000,0,0
053676,新光金國泰98購02,0,0,0,0,0,0,0,0,0,0,0,0,0,25000,25000,0,0
053677,同欣電國泰97購01,0,0,0,0,0,0,0,0,0,0,0,0,0,10000,10000,0,0
053589,宏達電元大97購02,0,0,0,0,0,0,0,0,0,0,0,0,0,3000,3000,0,0
05358P,大立光元大95售09,0,0,0,0,0,0,0,0,0,0,0,0,0,10000,10000,0,0
05342P,臺股指兆豐95售03,0,0,0,0,0,0,0,0,0,0,0,0,0,150000,150000,0,0
053534,微星永豐96購02  ,0,0,0,0,0,0,0,0,0,0,0,0,0,111000,111000,0,0
053524,聯電中信97購02  ,0,0,0,0,0,0,0,0,0,0,0,0,0,10000,10000,0,0
054228,貿聯元富96購03  ,0,0,0,0,0,0,0,0,0,0,0,0,0,7000,7000,0,0
054250,漢唐元大96購04  ,0,0,0,0,0,0,0,0,0,0,0,0,0,1000,1000,0,0
054251,聯發科元大96購21,0,0,0,0,0,0,0,0,0,0,0,0,0,7000,7000,0,0
054286,台積電元大96購22,0,0,0,0,0,0,0,0,0,0,0,0,0,21000,21000,0,0
054296,世芯元大97購01  ,0,0,0,0,0,0,0,0,0,0,0,0,0,2000,2000,0,0
054189,貿聯永豐96購03  ,0,0,0,0,0,0,0,0,0,0,0,0,0,2000,2000,0,0
054157,國巨亞東96購01  ,0,0,0,0,0,0,0,0,0,0,0,0,0,3180000,3180000,0,0
054127,台積電元大96購21,0,0,0,0,0,0,0,0,0,0,0,0,0,50000,50000,0,0
054134,強茂元大96購01  ,0,0,0,0,0,0,0,0,0,0,0,0,0,200000,200000,0,0
054095,同欣電群益98購03,0,0,0,0,0,0,0,0,0,0,0,0,0,3000,3000,0,0
05441P,華通元大95售09  ,0,0,0,0,0,0,0,0,0,0,0,0,0,27000,27000,0,0
054452,華通亞東96購01  ,0,0,0,0,0,0,0,0,0,0,0,0,0,11000,11000,0,0
054462,旺宏凱基96購08  ,0,0,0,0,0,0,0,0,0,0,0,0,0,67000,67000,0,0
054566,貿聯群益97購02  ,0,0,0,0,0,0,0,0,0,0,0,0,0,12000,12000,0,0
054550,旺宏凱基98購02  ,0,0,0,0,0,0,0,0,0,0,0,0,0,12000,12000,0,0
054588,玉晶光國泰99購02,0,0,0,0,0,0,0,0,0,0,0,0,0,10000,10000,0,0
054641,祥碩中信98購01  ,0,0,0,0,0,0,0,0,0,0,0,0,0,91000,91000,0,0
054643,上証2X群益9B購01,0,0,0,0,0,0,0,0,0,0,0,0,0,30000,30000,0,0
054625,旺宏凱基98購03  ,0,0,0,0,0,0,0,0,0,0,0,0,0,18000,18000,0,0
054659,亞光元大97購02  ,0,0,0,0,0,0,0,0,0,0,0,0,0,29000,29000,0,0
055024,興勤國泰98購01  ,0,0,0,0,0,0,0,0,0,0,0,0,0,127000,127000,0,0
055063,玉晶光永豐99購01,0,0,0,0,0,0,0,0,0,0,0,0,0,30000,30000,0,0
055150,台積電元大98購04,0,0,0,0,0,0,0,0,0,0,0,0,0,82000,82000,0,0
055147,鴻海元大97購11  ,0,0,0,0,0,0,0,0,0,0,0,0,0,11000,11000,0,0
055174,精元統一97購01  ,0,0,0,0,0,0,0,0,0,0,0,0,0,1000,1000,0,0
054971,帆宣元大97購02  ,0,0,0,0,0,0,0,0,0,0,0,0,0,36000,36000,0,0
05492P,聯茂元大95售02  ,0,0,0,0,0,0,0,0,0,0,0,0,0,50000,50000,0,0
054936,鴻海元大97購10  ,0,0,0,0,0,0,0,0,0,0,0,0,0,221000,221000,0,0
054744,晶相光凱基99購01,0,0,0,0,0,0,0,0,0,0,0,0,0,35000,35000,0,0
054812,鴻海元大97購08  ,0,0,0,0,0,0,0,0,0,0,0,0,0,322000,322000,0,0
054813,鴻海元大97購09  ,0,0,0,0,0,0,0,0,0,0,0,0,0,271000,271000,0,0
054814,台積電元大97購13,0,0,0,0,0,0,0,0,0,0,0,0,0,50000,50000,0,0
054847,創意兆豐97購01  ,0,0,0,0,0,0,0,0,0,0,0,0,0,10000,10000,0,0
055547,台積電凱基97購13,0,0,0,0,0,0,0,0,0,0,0,0,0,42000,42000,0,0
055548,旺宏凱基97購02  ,0,0,0,0,0,0,0,0,0,0,0,0,0,50000,50000,0,0
055549,旺宏凱基97購03  ,0,0,0,0,0,0,0,0,0,0,0,0,0,12000,12000,0,0
055638,上銀元富97購01  ,0,0,0,0,0,0,0,0,0,0,0,0,0,98000,98000,0,0
055467,國巨凱基97購05  ,0,0,0,0,0,0,0,0,0,0,0,0,0,35000,35000,0,0
055459,建準永豐97購03  ,0,0,0,0,0,0,0,0,0,0,0,0,0,10000,10000,0,0
055500,京鼎元大97購04  ,0,0,0,0,0,0,0,0,0,0,0,0,0,2000,2000,0,0
055443,台虹國票98購01  ,0,0,0,0,0,0,0,0,0,0,0,0,0,100000,100000,0,0
055404,超眾元富97購01  ,0,0,0,0,0,0,0,0,0,0,0,0,0,5000,5000,0,0
055741,健策元富97購01  ,0,0,0,0,0,0,0,0,0,0,0,0,0,10000,10000,0,0
055742,健策元富97購02  ,0,0,0,0,0,0,0,0,0,0,0,0,0,19000,19000,0,0
055723,康控元大97購04  ,0,0,0,0,0,0,0,0,0,0,0,0,0,50000,50000,0,0
05575P,玉晶光元富96售01,0,0,0,0,0,0,0,0,0,0,0,0,0,4000,4000,0,0
055808,世紀鋼永豐97購01,0,0,0,0,0,0,0,0,0,0,0,0,0,68000,68000,0,0
055924,深中小群益9B購01,0,0,0,0,0,0,0,0,0,0,0,0,0,10000,10000,0,0
055928,南亞科群益97購02,0,0,0,0,0,0,0,0,0,0,0,0,0,65000,65000,0,0
055964,正文元大97購02  ,0,0,0,0,0,0,0,0,0,0,0,0,0,115000,115000,0,0
05590P,臺股指中信96售05,0,0,0,0,0,0,0,0,0,0,0,0,0,5000,5000,0,0
055912,宏達電凱基98購03,0,0,0,0,0,0,0,0,0,0,0,0,0,5000,5000,0,0
045347,大立光凱基93購05,0,0,0,0,0,0,0,0,0,0,0,0,0,10000,10000,0,0
045435,鴻海統一94購01  ,0,0,0,0,0,0,0,0,0,0,0,0,0,2000,2000,0,0
045250,華通凱基94購01  ,0,0,0,0,0,0,0,0,0,0,0,0,0,10000,10000,0,0
045231,南電元大94購01  ,0,0,0,0,0,0,0,0,0,0,0,0,0,19000,19000,0,0
045106,玉晶光群益95購01,0,0,0,0,0,0,0,0,0,0,0,0,0,10000,10000,0,0
046947,禾伸堂元大93購01,0,0,0,0,0,0,0,0,0,0,0,0,0,2000,2000,0,0
045986,南亞科永昌93購01,0,0,0,0,0,0,0,0,0,0,0,0,0,91000,91000,0,0
046998,同欣電國泰94購01,0,0,0,0,0,0,0,0,0,0,0,0,0,150000,150000,0,0
046960,台新金中信95購01,0,0,0,0,0,0,0,0,0,0,0,0,0,30000,30000,0,0
044961,聯電中信94購01  ,0,0,0,0,0,0,0,0,0,0,0,0,0,30000,30000,0,0
048693,GIS群益94購02   ,0,0,0,0,0,0,0,0,0,0,0,0,0,10000,10000,0,0
04893P,創意元大94售03  ,0,0,0,0,0,0,0,0,0,0,0,0,0,200000,200000,0,0
048729,鴻海麥證94購01  ,0,0,0,2000,0,2000,0,0,0,0,0,0,0,2000,2000,0,0
048835,牧德凱基94購02  ,0,0,0,0,0,0,0,0,0,0,0,0,0,4000,4000,0,0
047133,旺宏凱基93購03  ,0,0,0,0,0,0,0,0,0,0,0,0,0,22000,22000,0,0
047119,臻鼎元大93購01  ,0,0,0,0,0,0,0,0,0,0,0,0,0,10000,10000,0,0
047137,健策凱基94購01  ,0,0,0,0,0,0,0,0,0,0,0,0,0,40000,40000,0,0
047115,可成元大93購06  ,0,0,0,0,0,0,0,0,0,0,0,0,0,144000,144000,0,0
046927,上銀富邦95購01  ,0,0,0,0,0,0,0,0,0,0,0,0,0,3000,3000,0,0
047079,GIS兆豐94購01   ,0,0,0,0,0,0,0,0,0,0,0,0,0,20000,20000,0,0
047089,聯詠元富93購03  ,0,0,0,0,0,0,0,0,0,0,0,0,0,105000,105000,0,0
045890,欣興元大92購06  ,0,0,0,0,0,0,0,0,0,0,0,0,0,44000,44000,0,0
04646P,TPK凱基94售03   ,0,0,0,0,0,0,0,0,0,0,0,0,0,10000,10000,0,0
046450,鴻海凱基93購12  ,0,0,0,0,0,0,0,0,0,0,0,0,0,11000,11000,0,0
046455,瑞昱凱基92購03  ,0,0,0,0,0,0,0,0,0,0,0,0,0,10000,10000,0,0
046505,聯發科元大92購20,0,0,0,0,0,0,0,0,0,0,0,0,0,50000,50000,0,0
046530,聯發科兆豐92購02,0,0,0,0,0,0,0,0,0,0,0,0,0,200000,200000,0,0
046413,大立光元大92購22,0,0,0,0,0,0,0,0,0,0,0,0,0,20000,20000,0,0
044801,微星凱基93購01  ,0,0,0,0,0,0,0,0,0,0,0,0,0,10000,10000,0,0
046816,智邦凱基93購02  ,0,0,0,0,0,0,0,0,0,0,0,0,0,5000,5000,0,0
046756,廣達凱基93購01  ,0,0,0,0,0,0,0,0,0,0,0,0,0,10000,10000,0,0
046200,上海銀凱基93購01,0,0,0,0,0,0,0,0,0,0,0,0,0,10000,10000,0,0
046294,台勝科統一92購01,0,0,0,0,0,0,0,0,0,0,0,0,0,108000,108000,0,0
046277,可成台新92購01  ,0,0,0,0,0,0,0,0,0,0,0,0,0,20000,20000,0,0
046308,廣達元大92購02  ,0,0,0,0,0,0,0,0,0,0,0,0,0,10000,10000,0,0
045643,臻鼎凱基93購01  ,0,0,0,0,0,0,0,0,0,0,0,0,0,10000,10000,0,0
045721,中信金凱基92購01,0,0,0,0,0,0,0,0,0,0,0,0,0,50000,50000,0,0
045717,微星凱基92購03  ,0,0,0,0,0,0,0,0,0,0,0,0,0,10000,10000,0,0
045670,鴻海元大92購09  ,0,0,0,0,0,0,0,0,0,0,0,0,0,260000,260000,0,0
046688,超眾國票93購03  ,0,0,0,0,0,0,0,0,0,0,0,0,0,60000,60000,0,0
046699,臻鼎凱基93購03  ,0,0,0,0,0,0,0,0,0,0,0,0,0,20000,20000,0,0
046612,群創麥證93購01  ,0,0,0,2000,0,2000,0,0,0,0,0,0,0,2000,2000,0,0
04452P,超眾國泰95售01  ,0,0,0,0,0,0,0,0,0,0,0,0,0,20000,20000,0,0
044567,華通凱基93購03  ,0,0,0,0,0,0,0,0,0,0,0,0,0,10000,10000,0,0
045461,廣達元大92購01  ,0,0,0,0,0,0,0,0,0,0,0,0,0,10000,10000,0,0
045463,聯發科元大92購08,0,0,0,0,0,0,0,0,0,0,0,0,0,150000,150000,0,0
045583,嘉晶元大92購02  ,0,0,0,0,0,0,0,0,0,0,0,0,0,18000,18000,0,0
045531,台郡永豐92購01  ,0,0,0,0,0,0,0,0,0,0,0,0,0,10000,10000,0,0
04344P,台達電國泰94售01,0,0,0,0,0,0,0,0,0,0,0,0,0,52000,52000,0,0
04345P,景碩國泰94售02  ,0,0,0,0,0,0,0,0,0,0,0,0,0,80000,80000,0,0
04359P,中磊永豐94售01  ,0,0,0,0,0,0,0,0,0,0,0,0,0,3000,3000,0,0
04358P,TPK永豐94售01   ,0,0,0,0,0,0,0,0,0,0,0,0,0,13000,13000,0,0
043381,大立光元大93購02,0,0,0,0,0,0,0,0,0,0,0,0,0,1000,1000,0,0
04384P,上証2X中信96售01,0,0,0,0,0,0,0,0,0,0,0,0,0,15000,15000,0,0
04377P,大立光元大94售04,0,0,0,0,0,0,0,0,0,0,0,0,0,10000,10000,0,0
04295P,智邦元大93售10  ,0,0,0,0,0,0,0,0,0,0,0,0,0,5000,5000,0,0
04261P,大立光群益93售12,0,0,0,0,0,0,0,0,0,0,0,0,0,10000,10000,0,0
04244P,可成元大93售12  ,0,0,0,0,0,0,0,0,0,0,0,0,0,11000,11000,0,0
044375,亞光兆豐92購01  ,0,0,0,0,0,0,0,0,0,0,0,0,0,10000,10000,0,0
044382,嘉聯益群益94購01,0,0,0,0,0,0,0,0,0,0,0,0,0,76000,76000,0,0
03334P,宏達電元大02售04,0,0,0,0,0,0,0,0,0,0,0,0,0,10000,10000,0,0
04063P,臺股指兆豐93售02,0,0,0,0,0,0,0,0,0,0,0,0,0,90000,90000,0,0
041427,滬深2X國票93購01,0,0,0,0,0,0,0,0,0,0,0,0,0,30000,30000,0,0
04152P,喬山永豐93售02  ,0,0,0,0,0,0,0,0,0,0,0,0,0,10000,10000,0,0
04117P,聯發科元大93售21,0,0,0,0,0,0,0,0,0,0,0,0,0,50000,50000,0,0
00767,FH美國金融股    ,0,0,0,0,0,0,0,0,0,0,0,0,0,104000,104000,0,0
00732,國泰RMB短期報酬 ,0,0,0,0,0,0,0,0,0,0,0,0,0,100000,100000,0,0
00714,群益道瓊美國地產,0,0,0,0,0,0,0,0,0,0,0,0,0,201000,201000,0,0
00707R,元大S&P日圓反1  ,0,0,0,0,0,0,0,0,0,0,0,0,0,1000,1000,0,0
00774B,新光中國政金綠債,0,0,0,0,0,0,0,0,0,0,0,0,0,2000,2000,0,0
00775B,新光投等債15+   ,0,0,0,0,0,0,0,0,0,0,0,0,0,2000,2000,0,0
00657K,國泰日經225+U   ,0,0,0,0,0,0,0,0,0,0,0,0,0,100,100,0,0
00660,元大歐洲50      ,0,0,0,0,0,0,0,0,0,0,0,0,0,2000,2000,0,0
00668K,國泰美國道瓊+U  ,0,0,0,0,0,0,0,0,0,0,0,0,0,100,100,0,0
00684R,元大美元指數反1 ,0,70000,-70000,0,0,0,0,0,0,70000,0,0,0,70000,0,70000,0
00691R,兆豐藍籌30反1   ,0,0,0,0,0,0,0,0,0,0,0,0,0,1000,1000,0,0
00625K,富邦上証+R      ,0,0,0,0,0,0,0,0,0,0,0,0,0,50000,50000,0,0
00636K,國泰中國A50+U   ,0,0,0,0,0,0,0,0,0,0,0,0,0,100,100,0,0
03770P,聯發科元大93售05,0,0,0,0,0,0,0,0,0,0,0,0,0,300000,300000,0,0
03826P,瀚宇博元大95售01,0,2000,-2000,0,0,0,0,0,0,2000,0,0,0,2000,0,2000,0
03929P,元油2X永豐93售04,0,0,0,0,0,0,0,0,0,0,0,0,0,35000,35000,0,0
04014P,聯發科元大93售18,0,0,0,0,0,0,0,0,0,0,0,0,0,50000,50000,0,0
050371,台積電元大94購25,0,0,0,0,0,0,0,0,0,0,0,0,0,35000,35000,0,0
05036P,義隆元大95售03  ,0,0,0,0,0,0,0,0,0,0,0,0,0,7000,7000,0,0
055354,宏達電凱基98購01,0,0,0,0,0,0,0,0,0,0,0,0,0,5000,5000,0,0
050387,鴻海統一94購08  ,0,0,0,0,0,0,0,0,0,0,0,0,0,210000,210000,0,0
050366,鴻海元大94購19  ,0,0,0,0,0,0,0,0,0,0,0,0,0,33000,33000,0,0
050347,上証2X群益98購01,0,0,0,0,0,0,0,0,0,0,0,0,0,30000,30000,0,0
05031P,台光電元富95售01,0,0,0,0,0,0,0,0,0,0,0,0,0,5000,5000,0,0
055283,聯發科元大97購16,0,0,0,0,0,0,0,0,0,0,0,0,0,94000,94000,0,0
050209,華通國票95購01  ,0,0,0,0,0,0,0,0,0,0,0,0,0,10000,10000,0,0
050227,大立光中信96購01,0,10000,-10000,0,0,0,0,0,0,10000,0,0,0,20000,10000,10000,0
050198,緯穎元大94購09  ,0,0,0,0,0,0,0,0,0,0,0,0,0,14000,14000,0,0
050275,緯穎元大94購10  ,0,0,0,0,0,0,0,0,0,0,0,0,0,2000,2000,0,0
050287,台達電凱基94購10,0,0,0,0,0,0,0,0,0,0,0,0,0,68000,68000,0,0
050270,景碩元大94購01  ,0,0,0,0,0,0,0,0,0,0,0,0,0,110000,110000,0,0
050225,亞泥中信94購01  ,0,0,0,0,0,0,0,0,0,0,0,0,0,10000,10000,0,0
050542,宏碁凱基95購01  ,0,0,0,0,0,0,0,0,0,0,0,0,0,18000,18000,0,0
050462,寶成元大94購01  ,0,0,0,0,0,0,0,0,0,0,0,0,0,10000,10000,0,0
050447,廣達元大94購01  ,0,0,0,0,0,0,0,0,0,0,0,0,0,75000,75000,0,0
050609,鴻海元大94購23  ,0,0,0,0,0,0,0,0,0,0,0,0,0,43000,43000,0,0
048197,義隆元大93購04  ,0,0,0,0,0,0,0,0,0,0,0,0,0,11000,11000,0,0
049139,台積電元大94購06,0,0,0,0,0,0,0,0,0,0,0,0,0,34000,34000,0,0
048094,大立光凱基93購31,0,0,0,0,0,0,0,0,0,0,0,0,0,70000,70000,0,0
048095,大立光凱基93購32,0,0,0,0,0,0,0,0,0,0,0,0,0,10000,10000,0,0
048068,南亞科元富95購01,0,0,0,0,0,0,0,0,0,0,0,0,0,1000,1000,0,0
048006,瑞儀元大93購03  ,0,0,0,0,0,0,0,0,0,0,0,0,0,1000,1000,0,0
047996,華邦電元大93購04,0,0,0,0,0,0,0,0,0,0,0,0,0,200000,200000,0,0
048034,大立光凱基93購29,0,0,0,0,0,0,0,0,0,0,0,0,0,30000,30000,0,0
048535,超眾國票94購02  ,0,0,0,0,0,0,0,0,0,0,0,0,0,60000,60000,0,0
04778P,可成凱基94售10  ,0,0,0,0,0,0,0,0,0,0,0,0,0,74000,74000,0,0
047908,南亞科元大93購02,0,0,0,0,0,0,0,0,0,0,0,0,0,30000,30000,0,0
04795P,聯發科元大94售09,10000,0,10000,0,0,0,0,0,0,-10000,0,0,0,0,10000,-10000,0
047804,鴻海凱基93購26  ,0,0,0,0,0,0,0,0,0,0,0,0,0,280000,280000,0,0
049913,微星元大94購01  ,0,0,0,0,0,0,0,0,0,0,0,0,0,19000,19000,0,0
049929,祥碩元大94購03  ,0,0,0,0,0,0,0,0,0,0,0,0,0,3000,3000,0,0
049920,大立光元大94購15,0,0,0,0,0,0,0,0,0,0,0,0,0,24000,24000,0,0
049921,大立光元大94購16,0,0,0,0,0,0,0,0,0,0,0,0,0,1000,1000,0,0
049916,台光電元大94購06,0,0,0,0,0,0,0,0,0,0,0,0,0,11000,11000,0,0
05009P,大立光元富95售06,0,0,0,0,0,0,0,0,0,0,0,0,0,6000,6000,0,0
050022,鴻海元大94購11  ,0,0,0,0,0,0,0,0,0,0,0,0,0,16000,16000,0,0
050030,嘉晶元大94購03  ,0,0,0,0,0,0,0,0,0,0,0,0,0,30000,30000,0,0
049387,緯穎元大94購03  ,0,0,0,0,0,0,0,0,0,0,0,0,0,22000,22000,0,0
049356,台積電富邦94購05,0,0,0,0,0,0,0,0,0,0,0,0,0,85000,85000,0,0
049336,台達電統一94購02,0,0,0,0,0,0,0,0,0,0,0,0,0,10000,10000,0,0
049316,茂林凱基94購02  ,0,0,0,0,0,0,0,0,0,0,0,0,0,10000,10000,0,0
048443,旺宏凱基93購08  ,0,0,0,0,0,0,0,0,0,0,0,0,0,22000,22000,0,0
048439,上銀凱基93購09  ,0,0,0,0,0,0,0,0,0,0,0,0,0,10000,10000,0,0
04838P,宏達電元大95售02,0,0,0,0,0,0,0,0,0,0,0,0,0,130000,130000,0,0
04839P,大立光元大94售17,0,0,0,0,0,0,0,0,0,0,0,0,0,10000,10000,0,0
048407,貿聯群益93購04  ,0,0,0,0,0,0,0,0,0,0,0,0,0,9000,9000,0,0
04840P,大立光元大94售18,0,0,0,0,0,0,0,0,0,0,0,0,0,10000,10000,0,0
048379,台郡元富96購01  ,0,0,0,0,0,0,0,0,0,0,0,0,0,10000,10000,0,0
049253,台積電元大94購08,0,0,0,0,0,0,0,0,0,0,0,0,0,12000,12000,0,0
049275,臺股指元大94購10,0,0,0,0,0,0,0,0,0,0,0,0,0,200000,200000,0,0
048577,GIS國泰94購01   ,0,0,0,0,0,0,0,0,0,0,0,0,0,1000,1000,0,0
048586,美利達富邦93購01,0,0,0,0,0,0,0,0,0,0,0,0,0,10000,10000,0,0
048338,正崴元大93購01  ,0,0,0,0,0,0,0,0,0,0,0,0,0,6000,6000,0,0
048635,鴻海元大94購04  ,0,0,0,0,0,0,0,0,0,0,0,0,0,53000,53000,0,0
048636,鴻海元大94購05  ,0,0,0,0,0,0,0,0,0,0,0,0,0,53000,53000,0,0
04861P,中磊群益94售02  ,0,0,0,0,0,0,0,0,0,0,0,0,0,2000,2000,0,0
047478,旺宏凱基93購04  ,0,0,0,0,0,0,0,0,0,0,0,0,0,24000,24000,0,0
049147,美律元大94購02  ,0,0,0,0,0,0,0,0,0,0,0,0,0,8000,8000,0,0
049687,國巨元大94購09  ,0,0,0,0,0,0,0,0,0,0,0,0,0,10000,10000,0,0
049705,緯穎元大94購05  ,0,0,0,0,0,0,0,0,0,0,0,0,0,6000,6000,0,0
049654,臺股指凱基94購15,0,0,0,0,0,0,0,0,0,0,0,0,0,9000,9000,0,0
049631,臺股指群益94購04,0,0,0,0,0,0,0,0,0,0,0,0,0,20000,20000,0,0
049833,正文凱基94購05  ,0,0,0,0,0,0,0,0,0,0,0,0,0,100000,100000,0,0
049815,緯穎元大94購06  ,0,0,0,0,0,0,0,0,0,0,0,0,0,13000,13000,0,0
049816,緯穎元大94購07  ,0,0,0,0,0,0,0,0,0,0,0,0,0,11000,11000,0,0
049796,國巨元大94購10  ,0,0,0,0,0,0,0,0,0,0,0,0,0,20000,20000,0,0
049804,華固元大94購01  ,0,0,0,0,0,0,0,0,0,0,0,0,0,15000,15000,0,0
047634,亞德客元大93購01,0,0,0,0,0,0,0,0,0,0,0,0,0,10000,10000,0,0
047658,全新麥證93購02  ,0,0,0,1000,1000,0,0,0,0,0,0,0,0,1000,1000,0,0
047380,統一元大93購01  ,0,0,0,0,0,0,0,0,0,0,0,0,0,15000,15000,0,0
052077,可成元富98購02  ,0,0,0,0,0,0,0,0,0,0,0,0,0,20000,20000,0,0
052089,聯發科元大96購02,0,0,0,0,0,0,0,0,0,0,0,0,0,10000,10000,0,0
051973,華新科凱基96購04,0,0,0,0,0,0,0,0,0,0,0,0,0,20000,20000,0,0
051625,聯發科麥證95購01,0,0,0,10000,10000,0,0,0,0,0,0,0,0,10000,10000,0,0
051645,光寶科永豐95購01,0,0,0,0,0,0,0,0,0,0,0,0,0,68000,68000,0,0
051755,台積電元大96購08,0,0,0,0,0,0,0,0,0,0,0,0,0,268000,268000,0,0
051489,世芯凱基95購01  ,0,0,0,0,0,0,0,0,0,0,0,0,0,3000,3000,0,0
05146P,鴻海元大95售10  ,0,0,0,0,0,0,0,0,0,0,0,0,0,119000,119000,0,0
051584,可成元大95購08  ,0,0,0,0,0,0,0,0,0,0,0,0,0,50000,50000,0,0
050818,華新科凱基95購02,0,0,0,0,0,0,0,0,0,0,0,0,0,32000,32000,0,0
050813,旺宏凱基96購01  ,0,0,0,0,0,0,0,0,0,0,0,0,0,53000,53000,0,0
050773,京鼎元大94購02  ,0,0,0,0,0,0,0,0,0,0,0,0,0,2000,2000,0,0
050920,旺宏凱基95購01  ,0,0,0,0,0,0,0,0,0,0,0,0,0,1000,1000,0,0
050963,強茂永豐95購01  ,0,0,0,0,0,0,0,0,0,0,0,0,0,10000,10000,0,0
050996,隆達元大95購01  ,0,0,0,0,0,0,0,0,0,0,0,0,0,21000,21000,0,0
051013,旺宏凱基95購03  ,0,0,0,0,0,0,0,0,0,0,0,0,0,23000,23000,0,0
051309,卜蜂麥證95購01  ,0,0,0,10000,10000,0,0,0,0,0,0,0,0,10000,10000,0,0
051355,聯發科元大96購01,0,0,0,0,0,0,0,0,0,0,0,0,0,599000,599000,0,0
051384,康友群益95購01  ,0,0,0,0,0,0,0,0,0,0,0,0,0,10000,10000,0,0
05136P,台積電凱基95售08,0,0,0,0,0,0,0,0,0,0,0,0,0,132000,132000,0,0
051146,旺宏凱基95購04  ,0,0,0,0,0,0,0,0,0,0,0,0,0,21000,21000,0,0
051163,鴻海元大95購04  ,0,0,0,0,0,0,0,0,0,0,0,0,0,201000,201000,0,0
051167,京鼎元大95購01  ,0,0,0,0,0,0,0,0,0,0,0,0,0,2000,2000,0,0
051114,鈺齊中信95購01  ,0,0,0,0,0,0,0,0,0,0,0,0,0,55000,55000,0,0
051124,創意群益95購01  ,0,0,0,0,0,0,0,0,0,0,0,0,0,10000,10000,0,0
051243,微星元大95購01  ,0,0,0,0,0,0,0,0,0,0,0,0,0,19000,19000,0,0
051250,大立光元大98購01,0,0,0,0,0,0,0,0,0,0,0,0,0,7000,7000,0,0
051236,鴻海元大96購05  ,0,0,0,0,0,0,0,0,0,0,0,0,0,1000,1000,0,0
05303P,華通國泰97售01  ,0,0,0,0,0,0,0,0,0,0,0,0,0,20000,20000,0,0
053057,聯電國泰97購02  ,0,0,0,0,0,0,0,0,0,0,0,0,0,266000,266000,0,0
053092,台表科元大97購02,0,0,0,0,0,0,0,0,0,0,0,0,0,10000,10000,0,0
053080,力山元大96購02  ,0,0,0,0,0,0,0,0,0,0,0,0,0,16000,16000,0,0
053086,宏達電元大97購01,0,0,0,0,0,0,0,0,0,0,0,0,0,15000,15000,0,0
053118,大立光中信9C購01,0,0,0,0,0,0,0,0,0,0,0,0,0,28000,28000,0,0
052866,大立光凱基96購12,0,0,0,0,0,0,0,0,0,0,0,0,0,50000,50000,0,0
052875,樺漢凱基96購02  ,0,0,0,0,0,0,0,0,0,0,0,0,0,17000,17000,0,0
052969,建準群益97購01  ,0,0,0,0,0,0,0,0,0,0,0,0,0,10000,10000,0,0
052963,智邦凱基96購02  ,0,0,0,0,0,0,0,0,0,0,0,0,0,30000,30000,0,0
053150,聯發科元大96購11,0,0,0,0,0,0,0,0,0,0,0,0,0,30000,30000,0,0
053166,聯詠群益96購02  ,0,0,0,0,0,0,0,0,0,0,0,0,0,11000,11000,0,0
053190,聯發科統一99購01,0,0,0,0,0,0,0,0,0,0,0,0,0,100000,100000,0,0
053305,聯詠凱基96購02  ,0,0,0,0,0,0,0,0,0,0,0,0,0,68000,68000,0,0
053375,鴻海元大96購18  ,0,0,0,0,0,0,0,0,0,0,0,0,0,71000,71000,0,0
053384,聯發科元大96購13,0,0,0,0,0,0,0,0,0,0,0,0,0,619000,619000,0,0
053385,聯詠元大96購02  ,0,0,0,0,0,0,0,0,0,0,0,0,0,100000,100000,0,0
05244P,台積電元大95售17,0,0,0,0,0,0,0,0,0,0,0,0,0,280000,280000,0,0
05243P,鴻海元大95售19  ,0,0,0,0,0,0,0,0,0,0,0,0,0,90000,90000,0,0
05248P,矽創群益96售01  ,0,0,0,0,0,0,0,0,0,0,0,0,0,10000,10000,0,0
052485,深中小國票96購01,0,0,0,0,0,0,0,0,0,0,0,0,0,300000,300000,0,0
052402,健策凱基97購01  ,0,0,0,0,0,0,0,0,0,0,0,0,0,10000,10000,0,0
052178,台郡元大96購03  ,0,0,0,0,0,0,0,0,0,0,0,0,0,65000,65000,0,0
052226,旺宏凱基95購06  ,0,0,0,0,0,0,0,0,0,0,0,0,0,9000,9000,0,0
052787,國巨中信96購02  ,0,0,0,0,0,0,0,0,0,0,0,0,0,77000,77000,0,0
052715,可成凱基96購01  ,0,0,0,0,0,0,0,0,0,0,0,0,0,10000,10000,0,0
052718,新唐凱基96購01  ,0,0,0,0,0,0,0,0,0,0,0,0,0,50000,50000,0,0
05265P,正崴元大95售03  ,0,0,0,0,0,0,0,0,0,0,0,0,0,15000,15000,0,0
05251P,喬山台新95售02  ,0,2000,-2000,0,0,0,0,0,0,2000,0,0,0,2000,0,2000,0
052517,滬深2X元大95購05,0,0,0,0,0,0,0,0,0,0,0,0,0,200000,200000,0,0
052546,友達中信98購01  ,0,0,0,0,0,0,0,0,0,0,0,0,0,75000,75000,0,0
2033,佳大            ,1000,1000,0,0,0,0,0,0,0,0,0,0,0,0,0,0,0
2009,第一銅          ,17000,17000,0,0,0,0,0,0,0,0,0,0,0,0,0,0,0
1725,元禎            ,1000,1000,0,0,0,0,0,0,0,0,0,0,0,0,0,0,0
1516,川飛            ,1000,1000,0,0,0,0,0,0,0,0,0,0,0,0,0,0,0
1473,台南            ,8000,8000,0,0,0,0,0,0,0,0,0,0,0,0,0,0,0
1452,宏益            ,6000,6000,0,0,0,0,0,0,0,0,1000,1000,0,0,0,0,0
1454,台富            ,2000,2000,0,0,0,0,0,0,0,0,2000,2000,0,0,0,0,0
1587,吉茂            ,1000,1000,0,0,0,0,0,0,0,0,0,0,0,0,0,0,0
1524,耿鼎            ,5000,4000,1000,0,0,0,0,0,0,-1000,1000,2000,-1000,0,0,0,0
2516,新建            ,3000,3000,0,0,0,0,0,0,0,0,0,0,0,0,0,0,0
2911,麗嬰房          ,5000,4000,1000,0,0,0,0,0,0,-1000,0,1000,-1000,0,0,0,0
2923,鼎固-KY         ,31000,32000,-1000,0,0,0,0,0,0,1000,1000,0,1000,0,0,0,0
3257,虹冠電          ,11000,5000,6000,0,0,0,0,0,0,-6000,0,6000,-6000,0,0,0,0
3046,建碁            ,2000,2000,0,0,0,0,0,0,0,0,0,0,0,0,0,0,0
3607,谷崧            ,8000,8000,0,0,0,0,0,0,0,0,0,0,0,0,0,0,0
3416,融程電          ,1000,1000,0,0,0,0,0,0,0,0,0,0,0,0,0,0,0
6281,全國電          ,4000,3000,1000,0,0,0,0,0,0,-1000,0,1000,-1000,0,0,0,0
6205,詮欣            ,2000,1000,1000,0,0,0,0,0,0,-1000,0,1000,-1000,0,0,0,0
6216,居易            ,2000,2000,0,0,0,0,0,0,0,0,0,0,0,0,0,0,0
8427,基勝-KY         ,0,1000,-1000,0,0,0,0,0,0,1000,1000,0,1000,0,0,0,0
6641,基士德-KY       ,2000,2000,0,0,0,0,0,0,0,0,0,0,0,0,0,0,0
05779P,台積電統一96售06,0,0,0,0,0,0,0,0,0,0,0,0,0,9000,9000,0,0
05768P,台積電凱基96售15,0,0,0,0,0,0,0,0,0,0,0,0,0,123000,123000,0,0
05771P,大立光凱基96售13,0,0,0,0,0,0,0,0,0,0,0,0,0,15000,15000,0,0
05786P,臺股指永昌96售03,0,0,0,0,0,0,0,0,0,0,131000,0,131000,279000,410000,-131000,0
05789P,臺股指永昌96售06,0,0,0,0,0,0,0,0,0,0,20000,0,20000,80000,100000,-20000,0
05816P,台積電凱基97售07,0,0,0,0,0,0,0,0,0,0,0,0,0,10000,10000,0,0
05706P,TPK永豐96售02   ,0,0,0,0,0,0,0,0,0,0,0,0,0,49000,49000,0,0
056501,貿聯富邦99購01  ,0,0,0,0,0,0,0,0,0,0,0,0,0,2000,2000,0,0
056509,晶相光永豐98購01,0,0,0,0,0,0,0,0,0,0,0,0,0,35000,35000,0,0
056511,超眾永豐98購01  ,0,0,0,0,0,0,0,0,0,0,0,0,0,24000,24000,0,0
05681P,大立光元大96售05,0,0,0,0,0,0,0,0,0,0,0,0,0,14000,14000,0,0
05683P,矽創元大96售01  ,0,1000,-1000,0,0,0,0,0,0,1000,0,0,0,151000,150000,1000,0
056338,聯發科凱基99購01,0,0,0,0,0,0,0,0,0,0,0,0,0,4000,4000,0,0
05632P,大立光群益96售02,0,0,0,0,0,0,0,0,0,0,0,0,0,10000,10000,0,0
056301,開發金元大9A購01,0,0,0,0,0,0,0,0,0,0,0,0,0,100000,100000,0,0
056355,台積電元大98購08,0,0,0,0,0,0,0,0,0,0,0,0,0,191000,191000,0,0
056367,祥碩元大98購01  ,0,0,0,0,0,0,0,0,0,0,0,0,0,17000,17000,0,0
056403,茂林群益98購01  ,0,0,0,0,0,0,0,0,0,0,0,0,0,5000,5000,0,0
056430,鴻海凱基98購06  ,0,0,0,0,0,0,0,0,0,0,0,0,0,20000,20000,0,0
056431,鴻海凱基98購07  ,0,0,0,0,0,0,0,0,0,0,0,0,0,20000,20000,0,0
056432,鴻海凱基98購08  ,0,0,0,0,0,0,0,0,0,0,0,0,0,20000,20000,0,0
056429,華通凱基98購02  ,0,0,0,0,0,0,0,0,0,0,0,0,0,4000,4000,0,0
056383,上銀國泰99購01  ,0,0,0,0,0,0,0,0,0,0,0,0,0,30000,30000,0,0
056454,欣興凱基98購02  ,0,0,0,0,0,0,0,0,0,0,0,0,0,15000,15000,0,0
056442,瑞昱凱基98購02  ,0,0,0,0,0,0,0,0,0,0,0,0,0,10000,10000,0,0
056445,聯發科凱基98購07,0,0,0,0,0,0,0,0,0,0,0,0,0,16000,16000,0,0
056446,聯發科凱基98購08,0,0,0,0,0,0,0,0,0,0,0,0,0,5000,5000,0,0
056438,旺宏凱基98購05  ,0,0,0,0,0,0,0,0,0,0,0,0,0,5000,5000,0,0
056452,亞光凱基98購02  ,0,0,0,0,0,0,0,0,0,0,0,0,0,31000,31000,0,0
056482,貿聯元大99購01  ,0,0,0,0,0,0,0,0,0,0,0,0,0,2000,2000,0,0
056499,鴻海富邦98購02  ,0,0,0,0,0,0,0,0,0,0,0,0,0,20000,20000,0,0
056292,統一元大97購01  ,0,0,0,0,0,0,0,0,0,0,0,0,0,21000,21000,0,0
05629P,聯發科永昌99售02,0,0,0,0,0,0,0,0,0,0,0,0,0,259000,259000,0,0
056188,晶相光統一99購01,0,0,0,0,0,0,0,0,0,0,0,0,0,10000,10000,0,0
056164,聯茂凱基98購03  ,0,0,0,0,0,0,0,0,0,0,0,0,0,4000,4000,0,0
056142,超眾元大97購06  ,0,0,0,0,0,0,0,0,0,0,0,0,0,20000,20000,0,0
05601P,鴻海元大97售04  ,0,0,0,0,0,0,0,0,0,0,0,0,0,199000,199000,0,0
056017,台積電群益97購04,0,0,0,0,0,0,0,0,0,0,0,0,0,129000,129000,0,0
1233,天仁            ,2000,2000,0,0,0,0,0,0,0,0,0,0,0,0,0,0,0
06445P,大立光凱基98售09,0,0,0,0,0,0,0,0,0,0,0,0,0,3000,3000,0,0
06453P,群創元大9B售02  ,0,0,0,0,0,0,0,0,0,0,0,0,0,29000,29000,0,0
06433P,大立光群益99售01,0,0,0,0,0,0,0,0,0,0,0,0,0,10000,10000,0,0
06429P,大立光元大97售15,0,0,0,0,0,0,0,0,0,0,0,0,0,10000,10000,0,0
06430P,大立光元大97售16,0,0,0,0,0,0,0,0,0,0,0,0,0,10000,10000,0,0
06241P,大立光元富9A售01,0,0,0,0,0,0,0,0,0,0,0,0,0,21000,21000,0,0
06237P,台積電元大97售26,0,0,0,0,0,0,0,0,0,0,0,0,0,10000,10000,0,0
06238P,台積電元大98售07,0,0,0,0,0,0,0,0,0,0,0,0,0,10000,10000,0,0
06227P,大立光群益97售04,0,0,0,0,0,0,0,0,0,0,0,0,0,17000,17000,0,0
06223P,漢唐元富97售02  ,0,0,0,0,0,0,0,0,0,0,0,0,0,20000,20000,0,0
06213P,大立光元大98售07,0,0,0,0,0,0,0,0,0,0,0,0,0,28000,28000,0,0
06201P,可成元大97售01  ,0,0,0,0,0,0,0,0,0,0,0,0,0,35000,35000,0,0
06203P,奇力新中信98售02,0,0,0,0,0,0,0,0,0,0,0,0,0,1000,1000,0,0
06372P,聯發科元大97售21,0,0,0,0,0,0,0,0,0,0,0,0,0,10000,10000,0,0
06373P,聯發科元大97售22,0,0,0,0,0,0,0,0,0,0,0,0,0,10000,10000,0,0
05937P,台積電凱基96售21,0,0,0,0,0,0,0,0,0,0,0,0,0,10000,10000,0,0
05943P,欣興凱基96售03  ,0,0,0,0,0,0,0,0,0,0,0,0,0,22000,22000,0,0
05872P,大立光凱基96售15,0,0,0,0,0,0,0,0,0,0,0,0,0,16000,16000,0,0
05856P,A50正2中信99售01,0,0,0,0,0,0,0,0,0,0,0,0,0,4000,4000,0,0
05865P,大立光元大96售09,0,0,0,0,0,0,0,0,0,0,0,0,0,28000,28000,0,0
05845P,大立光元大96售06,0,0,0,0,0,0,0,0,0,0,0,0,0,10000,10000,0,0
05842P,台積電元大96售15,0,0,0,0,0,0,0,0,0,0,0,0,0,61000,61000,0,0
05827P,台積電統一96售10,0,0,0,0,0,0,0,0,0,0,0,0,0,124000,124000,0,0
05913P,國巨元大96售11  ,0,0,0,0,0,0,0,0,0,0,0,0,0,125000,125000,0,0
06064P,台積電台新98售01,0,0,0,0,0,0,0,0,0,0,0,0,0,70000,70000,0,0
06173P,華通元大97售02  ,0,0,0,0,0,0,0,0,0,0,0,0,0,39000,39000,0,0
06162P,大立光群益97售02,0,0,0,0,0,0,0,0,0,0,0,0,0,10000,10000,0,0
06182P,群創兆豐97售03  ,0,0,0,0,0,0,0,0,0,0,0,0,0,100000,100000,0,0
06183P,大立光元大97售05,0,0,0,0,0,0,0,0,0,0,0,0,0,10000,10000,0,0
06184P,大立光元大97售06,0,0,0,0,0,0,0,0,0,0,0,0,0,10000,10000,0,0
1220,台榮            ,100,1000,-900,0,0,0,0,0,0,0,0,0,0,0,0,0,-900
05587P,鴻海凱基96售12  ,0,0,0,0,0,0,0,0,0,-1000,0,0,0,0,1000,-1000,-1000
055968,祥碩元大97購04  ,0,0,0,0,0,0,0,0,0,-1000,0,0,0,15000,16000,-1000,-1000
055922,台郡凱基98購03  ,0,0,0,0,0,0,0,0,0,-1000,0,0,0,0,1000,-1000,-1000
05573P,仁寶元富96售02  ,0,0,0,0,0,0,0,0,0,-1000,0,0,0,0,1000,-1000,-1000
055480,元上證元大97購02,0,0,0,0,0,0,0,0,0,-1000,0,0,0,0,1000,-1000,-1000
055629,華新科永豐97購04,0,0,0,0,0,0,0,0,0,-1000,0,0,0,4000,5000,-1000,-1000
054759,台化國票98購01  ,0,0,0,0,0,0,0,0,0,-1000,0,0,0,21000,22000,-1000,-1000
05475P,聯茂亞東95售01  ,0,0,0,0,0,0,0,0,0,-1000,0,0,0,0,1000,-1000,-1000
054978,堤維西元富97購01,0,0,0,0,0,0,0,0,0,-1000,0,0,0,0,1000,-1000,-1000
055209,勤誠康和97購01  ,0,0,0,0,0,0,0,0,0,-1000,0,0,0,4000,5000,-1000,-1000
05508P,華通統一97售01  ,0,0,0,0,0,0,0,0,0,-1000,0,0,0,0,1000,-1000,-1000
055069,帆宣永豐97購01  ,0,0,0,0,0,0,0,0,0,-1000,0,0,0,0,1000,-1000,-1000
05507P,聯茂凱基96售02  ,0,0,0,0,0,0,0,0,0,-1000,0,0,0,0,1000,-1000,-1000
055051,藍天永豐97購01  ,0,0,0,0,0,0,0,0,0,-1000,0,0,0,0,1000,-1000,-1000
054580,樺漢元大98購01  ,0,0,0,0,0,0,0,0,0,-1000,0,0,0,0,1000,-1000,-1000
054406,旺宏國票98購01  ,0,0,0,0,0,0,0,0,0,-1000,0,0,0,0,1000,-1000,-1000
054169,上緯控凱基98購01,0,0,0,0,0,0,0,0,0,-1000,0,0,0,0,1000,-1000,-1000
054363,世芯凱基97購01  ,0,0,0,0,0,0,0,0,0,-1000,0,0,0,10000,11000,-1000,-1000
053515,致伸群益96購02  ,0,0,0,0,0,0,0,0,0,-1000,0,0,0,0,1000,-1000,-1000
053570,京元電統一96購01,0,0,0,0,0,0,0,0,0,-1000,0,0,0,0,1000,-1000,-1000
053480,祥碩元大96購02  ,0,0,0,0,0,0,0,0,0,-1000,0,0,0,0,1000,-1000,-1000
053583,漢唐元大96購03  ,0,0,0,0,0,0,0,0,0,-1000,0,0,0,0,1000,-1000,-1000
053720,宏達電凱基97購01,0,0,0,0,0,0,0,0,0,-1000,0,0,0,0,1000,-1000,-1000
053881,南亞科中信97購01,0,0,0,0,0,0,0,0,0,-1000,0,0,0,0,1000,-1000,-1000
053776,台積電元大96購19,0,0,0,0,0,0,0,0,0,-1000,0,0,0,25000,26000,-1000,-1000
053794,燿華亞東96購01  ,0,0,0,0,0,0,0,0,0,-1000,0,0,0,0,1000,-1000,-1000
05390P,康友群益95售04  ,0,0,0,0,0,0,0,0,0,-1000,0,0,0,0,1000,-1000,-1000
054001,康友群益96購02  ,0,0,0,0,0,0,0,0,0,-1000,0,0,0,20000,21000,-1000,-1000
04010P,上銀元大93售07  ,0,0,0,0,0,0,0,0,0,-1000,0,0,0,0,1000,-1000,-1000
03961P,GIS元富93售04   ,0,0,0,0,0,0,0,0,0,-1000,0,0,0,0,1000,-1000,-1000
03957P,創意統一94售02  ,0,0,0,0,0,0,0,0,0,-1000,0,0,0,0,1000,-1000,-1000
03772P,聯茂元大93售02  ,0,0,0,0,0,0,0,0,0,-1000,0,0,0,0,1000,-1000,-1000
03033X,元展30          ,0,0,0,0,0,0,0,0,0,-1000,0,0,0,0,1000,-1000,-1000
03064P,台灣50群益01售14,0,0,0,0,0,0,0,0,0,-1000,0,0,0,0,1000,-1000,-1000
03098P,大立光凱基01售10,0,0,0,0,0,0,0,0,0,-1000,0,0,0,0,1000,-1000,-1000
03278P,臺股指中信02售03,0,0,0,0,0,0,0,0,0,-1000,0,0,0,0,1000,-1000,-1000
006203,元大MSCI台灣    ,0,0,0,0,0,0,0,0,0,-1000,0,0,0,0,1000,-1000,-1000
020005,永豐外資50N     ,0,0,0,0,0,0,0,0,0,-1000,0,0,0,0,1000,-1000,-1000
03001P,玉晶光群益02售17,0,0,0,0,0,0,0,0,0,-1000,0,0,0,0,1000,-1000,-1000
00682U,元大美元指數    ,0,105000,-105000,0,0,0,0,0,0,104000,0,0,0,144000,40000,104000,-1000
04126P,滬深2X國票95售02,0,0,0,0,0,0,0,0,0,-1000,0,0,0,2000,3000,-1000,-1000
044077,元油反國票92購01,0,0,0,0,0,0,0,0,0,-1000,0,0,0,0,1000,-1000,-1000
044037,大立光群益92購01,0,0,0,0,0,0,0,0,0,-1000,0,0,0,0,1000,-1000,-1000
04053P,聯茂國泰94售01  ,0,0,0,0,0,0,0,0,0,-1000,0,0,0,0,1000,-1000,-1000
03619C,臺股指元大95牛02,0,0,0,0,0,0,0,0,0,-1000,0,0,0,0,1000,-1000,-1000
03673P,康控元富92售02  ,0,0,0,0,0,0,0,0,0,-1000,0,0,0,0,1000,-1000,-1000
044377,南茂兆豐93購01  ,0,0,0,0,0,0,0,0,0,-1000,0,0,0,0,1000,-1000,-1000
04178P,聯茂元大93售07  ,0,0,0,0,0,0,0,0,0,-1000,0,0,0,0,1000,-1000,-1000
044354,奇鋐元大93購02  ,0,0,0,0,0,0,0,0,0,-1000,0,0,0,0,1000,-1000,-1000
04245P,上海銀元大93售03,0,0,0,0,0,0,0,0,0,-1000,0,0,0,0,1000,-1000,-1000
044475,國巨元富95購02  ,0,0,0,0,0,0,0,0,0,-1000,0,0,0,0,1000,-1000,-1000
043663,大立光元大92購07,0,0,0,0,0,0,0,0,0,-1000,0,0,0,0,1000,-1000,-1000
043862,和大元大92購01  ,0,0,0,0,0,0,0,0,0,-1000,0,0,0,0,1000,-1000,-1000
043323,緯穎統一92購01  ,0,0,0,0,0,0,0,0,0,-1000,0,0,0,0,1000,-1000,-1000
043344,可成富邦93購01  ,0,0,0,0,0,0,0,0,0,-1000,0,0,0,0,1000,-1000,-1000
04306P,上銀凱基93售10  ,0,0,0,0,0,0,0,0,0,-1000,0,0,0,0,1000,-1000,-1000
043489,大立光兆豐92購03,0,0,0,0,0,0,0,0,0,-1000,0,0,0,0,1000,-1000,-1000
045474,力成元大92購01  ,0,0,0,0,0,0,0,0,0,-1000,0,0,0,0,1000,-1000,-1000
045454,上銀元大93購01  ,0,0,0,0,0,0,0,0,0,-1000,0,0,0,13000,14000,-1000,-1000
045451,聯發科富邦93購01,0,0,0,0,0,0,0,0,0,-1000,0,0,0,1000,2000,-1000,-1000
044574,潤泰全凱基93購01,0,0,0,0,0,0,0,0,0,-1000,0,0,0,0,1000,-1000,-1000
046627,高鐵統一95購01  ,0,0,0,0,0,0,0,0,0,-1000,0,0,0,22000,23000,-1000,-1000
046693,台積電凱基93購03,0,0,0,0,0,0,0,0,0,-1000,0,0,0,40000,41000,-1000,-1000
045701,聯發科中信92購02,0,0,0,0,0,0,0,0,0,-1000,0,0,0,0,1000,-1000,-1000
046726,台新金元大93購01,0,0,0,0,0,0,0,0,0,-1000,0,0,0,0,1000,-1000,-1000
046767,南茂凱基93購03  ,0,0,0,0,0,0,0,0,0,-1000,0,0,0,0,1000,-1000,-1000
046775,聯發科台新93購01,0,0,0,0,0,0,0,0,0,-1000,0,0,0,0,1000,-1000,-1000
045904,勤誠元大92購01  ,0,0,0,0,0,0,0,0,0,-1000,0,0,0,0,1000,-1000,-1000
04590P,元石油元大97售01,0,0,0,0,0,0,0,0,0,-1000,0,0,0,0,1000,-1000,-1000
04591P,上銀元大94售01  ,0,0,0,0,0,0,0,0,0,-1000,0,0,0,0,1000,-1000,-1000
04709P,台積電元大94售15,0,0,0,0,0,0,0,0,0,-1000,0,0,0,100000,101000,-1000,-1000
045775,可成元大92購06  ,0,0,0,0,0,0,0,0,0,-1000,0,0,0,0,1000,-1000,-1000
04577P,康友元富94售02  ,0,0,0,0,0,0,0,0,0,-1000,0,0,0,0,1000,-1000,-1000
046064,中工凱基94購01  ,0,0,0,0,0,0,0,0,0,-1000,0,0,0,6000,7000,-1000,-1000
046881,智原富邦99購01  ,0,0,0,0,0,0,0,0,0,-1000,0,0,0,0,1000,-1000,-1000
048803,大立光富邦96購01,0,0,0,0,0,0,0,0,0,-1000,0,0,0,0,1000,-1000,-1000
04871P,力成元富94售02  ,0,0,0,0,0,0,0,0,0,-1000,0,0,0,0,1000,-1000,-1000
048706,緯穎國票94購01  ,0,0,0,0,0,0,0,0,0,-1000,0,0,0,2000,3000,-1000,-1000
048759,巨大元富96購01  ,0,0,0,0,0,0,0,0,0,-1000,0,0,0,0,1000,-1000,-1000
046036,大立光元大92購15,0,0,0,0,0,0,0,0,0,-1000,0,0,0,0,1000,-1000,-1000
04864P,欣興元大94售10  ,0,0,0,0,0,0,0,0,0,-1000,0,0,0,0,1000,-1000,-1000
048652,巨大元大96購01  ,0,0,0,0,0,0,0,0,0,-1000,0,0,0,0,1000,-1000,-1000
049105,亞泥富邦94購01  ,0,0,0,0,0,0,0,0,0,-1000,0,0,0,0,1000,-1000,-1000
045968,貿聯凱基92購03  ,0,0,0,0,0,0,0,0,0,-1000,0,0,0,0,1000,-1000,-1000
046953,嘉聯益國票94購01,0,0,0,0,0,0,0,0,0,-1000,0,0,0,0,1000,-1000,-1000
045074,華新科元大93購03,0,0,0,0,0,0,0,0,0,-1000,0,0,0,11000,12000,-1000,-1000
045246,同欣電群益92購01,0,0,0,0,0,0,0,0,0,-1000,0,0,0,0,1000,-1000,-1000
047357,欣興麥證93購01  ,0,0,0,0,1000,-1000,0,0,0,-1000,0,0,0,0,1000,-1000,-1000
047391,潤泰全元大93購02,0,0,0,0,0,0,0,0,0,-1000,0,0,0,0,1000,-1000,-1000
047386,南亞科元大93購01,0,0,0,0,0,0,0,0,0,-1000,0,0,0,0,1000,-1000,-1000
047339,臺股指元大93購34,0,0,0,0,0,0,0,0,0,-1000,0,0,0,0,1000,-1000,-1000
047769,大立光元大96購01,0,0,0,0,0,0,0,0,0,-1000,0,0,0,0,1000,-1000,-1000
04774P,金融類元大94售02,0,0,0,0,0,0,0,0,0,-1000,0,0,0,0,1000,-1000,-1000
047694,SP黃豆國票9B購01,0,0,0,0,0,0,0,0,0,-1000,0,0,0,0,1000,-1000,-1000
049646,旺宏凱基94購01  ,0,0,0,0,0,0,0,0,0,-1000,0,0,0,17000,18000,-1000,-1000
049598,超眾元大95購03  ,0,0,0,0,0,0,0,0,0,-1000,0,0,0,0,1000,-1000,-1000
049581,國巨元大94購08  ,0,0,0,0,0,0,0,0,0,-1000,0,0,0,0,1000,-1000,-1000
048303,A50凱基96購01   ,0,0,0,0,0,0,0,0,0,-1000,0,0,0,0,1000,-1000,-1000
048993,昇陽半元大94購03,0,0,0,0,0,0,0,0,0,-1000,0,0,0,0,1000,-1000,-1000
048994,南電元大94購03  ,0,0,0,0,0,0,0,0,0,-1000,0,0,0,0,1000,-1000,-1000
047552,潤泰全凱基94購02,0,0,0,0,0,0,0,0,0,-1000,0,0,0,0,1000,-1000,-1000
04752P,大立光群益94售07,0,0,0,0,0,0,0,0,0,-1000,0,0,0,0,1000,-1000,-1000
047542,華通凱基94購02  ,0,0,0,0,0,0,0,0,0,-1000,0,0,0,0,1000,-1000,-1000
049251,國巨元大95購02  ,0,0,0,0,0,0,0,0,0,-1000,0,0,0,0,1000,-1000,-1000
047627,華新科國票94購03,0,0,0,0,0,0,0,0,0,-1000,0,0,0,6000,7000,-1000,-1000
049204,京元電群益94購02,0,0,0,0,0,0,0,0,0,-1000,0,0,0,0,1000,-1000,-1000
049431,光罩國票96購01  ,0,0,0,0,0,0,0,0,0,-1000,0,0,0,0,1000,-1000,-1000
049410,統一凱基94購02  ,0,0,0,0,0,0,0,0,0,-1000,0,0,0,0,1000,-1000,-1000
049949,燿華群益96購01  ,0,0,0,0,0,0,0,0,0,-1000,0,0,0,0,1000,-1000,-1000
049938,臺股指元大94購19,0,0,0,0,0,0,0,0,0,-1000,0,0,0,0,1000,-1000,-1000
05005P,台表科統一95售01,0,0,0,0,0,0,0,0,0,-1000,0,0,0,8000,9000,-1000,-1000
049886,華通永昌95購01  ,0,0,0,0,0,0,0,0,0,-1000,0,0,0,0,1000,-1000,-1000
048528,華泰國票94購01  ,0,0,0,0,0,0,0,0,0,-1000,0,0,0,0,1000,-1000,-1000
050651,大立光凱基96購02,0,0,0,0,0,0,0,0,0,-1000,0,0,0,0,1000,-1000,-1000
050536,亞泥凱基95購01  ,0,0,0,0,0,0,0,0,0,-1000,0,0,0,0,1000,-1000,-1000
050523,義隆元大94購05  ,0,0,0,0,0,0,0,0,0,-1000,0,0,0,0,1000,-1000,-1000
050156,潤泰全群益94購01,0,0,0,0,0,0,0,0,0,-1000,0,0,0,0,1000,-1000,-1000
055295,瀚宇博元大97購02,0,0,0,0,0,0,0,0,0,-1000,0,0,0,121000,122000,-1000,-1000
052652,台虹永豐96購01  ,0,0,0,0,0,0,0,0,0,-1000,0,0,0,0,1000,-1000,-1000
052600,力山元大97購01  ,0,0,0,0,0,0,0,0,0,-1000,0,0,0,0,1000,-1000,-1000
05279P,上銀元大95售02  ,0,0,0,0,0,0,0,0,0,-1000,0,0,0,0,1000,-1000,-1000
052252,大立光永豐95購03,0,0,0,0,0,0,0,0,0,-1000,0,0,0,31000,32000,-1000,-1000
052245,緯創康和95購01  ,0,0,0,0,0,0,0,0,0,-1000,0,0,0,0,1000,-1000,-1000
052323,矽力元大95購04  ,0,0,0,0,0,0,0,0,0,-1000,0,0,0,0,1000,-1000,-1000
052274,大立光群益95購03,0,0,0,0,0,0,0,0,0,-1000,0,0,0,49000,50000,-1000,-1000
05247P,上銀群益95售01  ,0,0,0,0,0,0,0,0,0,-1000,0,0,0,0,1000,-1000,-1000
052438,瑞儀富邦95購01  ,0,0,0,0,0,0,0,0,0,-1000,0,0,0,0,1000,-1000,-1000
053311,同欣電凱基96購01,0,0,0,0,0,0,0,0,0,-1000,0,0,0,0,1000,-1000,-1000
053159,同欣電元大96購02,0,0,0,0,0,0,0,0,0,-1000,0,0,0,3000,4000,-1000,-1000
05327P,臺股指凱基95售11,0,0,0,0,0,0,0,0,0,-1000,0,0,0,0,1000,-1000,-1000
052882,南電凱基96購02  ,0,0,0,0,0,0,0,0,0,-1000,0,0,0,0,1000,-1000,-1000
053116,華新科中信96購01,0,0,0,0,0,0,0,0,0,-1000,0,0,0,30000,31000,-1000,-1000
051245,南亞科元大95購01,0,0,0,0,0,0,0,0,0,-1000,0,0,0,1000,2000,-1000,-1000
051249,潤泰全元大95購01,0,0,0,0,0,0,0,0,0,-1000,0,0,0,0,1000,-1000,-1000
051256,中磊元大95購01  ,0,0,0,0,0,0,0,0,0,-1000,0,0,0,3000,4000,-1000,-1000
051184,聯發科永豐95購03,0,0,0,0,0,0,0,0,0,-1000,0,0,0,0,1000,-1000,-1000
051100,同欣電元大95購01,0,0,0,0,0,0,0,0,0,-1000,0,0,0,0,1000,-1000,-1000
051165,可成元大95購01  ,0,0,0,0,0,0,0,0,0,-1000,0,0,0,0,1000,-1000,-1000
051145,台積電凱基95購05,0,0,0,0,0,0,0,0,0,-1000,0,0,0,0,1000,-1000,-1000
051386,富邦金麥證96購01,0,0,0,0,1000,-1000,0,0,0,-1000,0,0,0,0,1000,-1000,-1000
051349,國巨元大95購08  ,0,0,0,0,0,0,0,0,0,-1000,0,0,0,15000,16000,-1000,-1000
051272,嘉晶群益95購01  ,0,0,0,0,0,0,0,0,0,-1000,0,0,0,0,1000,-1000,-1000
051039,台表科康和95購01,0,0,0,0,0,0,0,0,0,-1000,0,0,0,0,1000,-1000,-1000
051081,聯茂富邦96購01  ,0,0,0,0,0,0,0,0,0,-1000,0,0,0,0,1000,-1000,-1000
050951,緯創群益96購01  ,0,0,0,0,0,0,0,0,0,-1000,0,0,0,6000,7000,-1000,-1000
050811,國巨凱基95購02  ,0,0,0,0,0,0,0,0,0,-1000,0,0,0,10000,11000,-1000,-1000
050835,GIS凱基96購01   ,0,0,0,0,0,0,0,0,0,-1000,0,0,0,0,1000,-1000,-1000
050853,南電國票96購01  ,0,0,0,0,0,0,0,0,0,-1000,0,0,0,0,1000,-1000,-1000
051484,玉晶光凱基97購01,0,0,0,0,0,0,0,0,0,-1000,0,0,0,26000,27000,-1000,-1000
05172P,臺股指元大95售16,0,0,0,0,0,0,0,0,0,-1000,0,0,0,0,1000,-1000,-1000
051779,大立光群益95購02,0,0,0,0,0,0,0,0,0,-1000,0,0,0,30000,31000,-1000,-1000
051673,玉晶光元大96購04,0,0,0,0,0,0,0,0,0,-1000,0,0,0,4000,5000,-1000,-1000
051954,矽力元富95購04  ,0,0,0,0,0,0,0,0,0,-1000,0,0,0,40000,41000,-1000,-1000
051916,和碩元大95購02  ,0,0,0,0,0,0,0,0,0,-1000,0,0,0,106000,107000,-1000,-1000
051841,南茂國泰96購01  ,0,0,0,0,0,0,0,0,0,-1000,0,0,0,0,1000,-1000,-1000
051870,台郡凱基95購04  ,0,0,0,0,0,0,0,0,0,-1000,0,0,0,9000,10000,-1000,-1000
052056,緯穎凱基95購04  ,0,0,0,0,0,0,0,0,0,-1000,0,0,0,0,1000,-1000,-1000
08864P,欣興元大01售01  ,0,0,0,0,0,0,0,0,0,-1000,0,0,0,0,1000,-1000,-1000
1443,立益            ,0,0,0,0,0,0,0,0,0,-1000,0,1000,-1000,0,0,0,-1000
06413P,聯發科凱基97售11,0,0,0,0,0,0,0,0,0,-1000,0,0,0,3000,4000,-1000,-1000
06469P,臺股指凱基99售09,0,0,0,0,0,0,0,0,0,-1000,0,0,0,0,1000,-1000,-1000
06198P,台積電元大98售06,0,0,0,0,0,0,0,0,0,-1000,0,0,0,388000,389000,-1000,-1000
06020P,燿華元富96售04  ,0,0,0,0,0,0,0,0,0,-1000,0,0,0,10000,11000,-1000,-1000
055999,電子類富邦99購01,0,0,0,0,0,0,0,0,0,-1000,0,0,0,0,1000,-1000,-1000
056034,華通凱基98購01  ,0,0,0,0,0,0,0,0,0,-1000,0,0,0,0,1000,-1000,-1000
056197,友訊永豐97購01  ,0,0,0,0,0,0,0,0,0,-1000,0,0,0,0,1000,-1000,-1000
056233,超眾凱基97購02  ,0,0,0,0,0,0,0,0,0,-1000,0,0,0,0,1000,-1000,-1000
056457,嘉澤凱基98購01  ,0,0,0,0,0,0,0,0,0,-1000,0,0,0,0,1000,-1000,-1000
056400,道瓊反群益9C購01,0,0,0,0,0,0,0,0,0,-1000,0,0,0,0,1000,-1000,-1000
056437,台積電凱基98購11,0,0,0,0,0,0,0,0,0,-1000,0,0,0,0,1000,-1000,-1000
05797P,臺股指群益96售11,0,0,0,0,0,0,0,0,0,-1000,0,0,0,0,1000,-1000,-1000
6674,鋐寶科技        ,3000,3000,0,0,0,0,0,0,0,-1000,0,1000,-1000,0,0,0,-1000
8481,政伸            ,0,1000,-1000,0,0,0,0,0,0,0,0,0,0,0,0,0,-1000
9931,欣高            ,0,1000,-1000,0,0,0,0,0,0,0,0,0,0,0,0,0,-1000
6215,和椿            ,4000,4000,0,0,0,0,0,0,0,-1000,0,1000,-1000,0,0,0,-1000
6117,迎廣            ,0,0,0,0,0,0,0,0,0,-1000,0,1000,-1000,0,0,0,-1000
6164,華興            ,0,1000,-1000,0,0,0,0,0,0,0,0,0,0,0,0,0,-1000
4912,聯德控股-KY     ,3000,4000,-1000,0,0,0,0,0,0,0,0,0,0,0,0,0,-1000
4555,氣立            ,3000,3000,0,0,0,0,0,0,0,-1000,0,1000,-1000,0,0,0,-1000
4557,永新-KY         ,0,1000,-1000,0,0,0,0,0,0,0,0,0,0,0,0,0,-1000
4720,德淵            ,0,0,0,0,0,0,0,0,0,-1000,0,1000,-1000,0,0,0,-1000
5284,jpp-KY          ,1000,2000,-1000,0,0,0,0,0,0,0,0,0,0,0,0,0,-1000
4144,康聯-KY         ,1000,2000,-1000,0,0,0,0,0,0,0,0,0,0,0,0,0,-1000
2939,凱羿-KY         ,2000,2000,0,0,0,0,0,0,0,-1000,0,1000,-1000,0,0,0,-1000
2477,美隆電          ,41000,34000,7000,0,0,0,0,0,0,-8000,0,8000,-8000,0,0,0,-1000
2483,百容            ,1000,2000,-1000,0,0,0,0,0,0,0,0,0,0,0,0,0,-1000
2488,漢平            ,21000,21000,0,0,0,0,0,0,0,-1000,0,1000,-1000,0,0,0,-1000
2460,建通            ,3000,4000,-1000,0,0,0,0,0,0,0,0,0,0,0,0,0,-1000
2611,志信            ,2000,3000,-1000,0,0,0,0,0,0,0,0,0,0,0,0,0,-1000
1535,中宇            ,2000,3000,-1000,0,0,0,0,0,0,0,0,0,0,0,0,0,-1000
1530,亞崴            ,0,1000,-1000,0,0,0,0,0,0,0,0,0,0,0,0,0,-1000
1568,倉佑            ,2000,3000,-1000,0,0,0,0,0,0,0,0,0,0,0,0,0,-1000
1468,昶和            ,0,1000,-1000,0,0,0,0,0,0,0,0,0,0,0,0,0,-1000
1470,大統新創        ,0,1000,-1000,0,0,0,0,0,0,0,0,0,0,0,0,0,-1000
1453,大將            ,0,1000,-1000,0,0,0,0,0,0,0,0,0,0,0,0,0,-1000
1506,正道            ,0,1000,-1000,0,0,0,0,0,0,0,0,0,0,0,0,0,-1000
2002A,中鋼特          ,0,0,0,0,0,0,0,0,0,-1000,0,1000,-1000,0,0,0,-1000
2415,錩新            ,0,0,0,0,0,0,0,0,0,-1000,0,1000,-1000,0,0,0,-1000
2380,虹光            ,0,1000,-1000,0,0,0,0,0,0,0,0,0,0,0,0,0,-1000
2243,宏旭-KY         ,0,1000,-1000,0,0,0,0,0,0,0,0,0,0,0,0,0,-1000
2038,海光            ,2000,3000,-1000,0,0,0,0,0,0,0,0,0,0,0,0,0,-1000
00700,富邦恒生國企    ,0,0,0,0,0,0,0,0,0,-1873,0,0,0,100127,102000,-1873,-1873
053952,南亞科台新96購01,0,0,0,0,0,0,0,0,0,-2000,0,0,0,65000,67000,-2000,-2000
053857,宏達電富邦97購02,0,0,0,0,0,0,0,0,0,-2000,0,0,0,0,2000,-2000,-2000
05382P,電子類群益95售02,0,0,0,0,0,0,0,0,0,-2000,0,0,0,0,2000,-2000,-2000
053739,A50正2國票9A購01,0,0,0,0,0,0,0,0,0,-2000,0,0,0,0,2000,-2000,-2000
053694,創意元大96購03  ,0,0,0,0,0,0,0,0,0,-2000,0,0,0,0,2000,-2000,-2000
053471,正崴元大96購01  ,0,0,0,0,0,0,0,0,0,-2000,0,0,0,0,2000,-2000,-2000
053550,聯發科凱基96購15,0,0,0,0,0,0,0,0,0,-2000,0,0,0,0,2000,-2000,-2000
053517,崇越群益97購01  ,0,0,0,0,0,0,0,0,0,-2000,0,0,0,0,2000,-2000,-2000
053538,京鼎永豐96購03  ,0,0,0,0,0,0,0,0,0,-2000,0,0,0,0,2000,-2000,-2000
054293,健策元大98購02  ,0,0,0,0,0,0,0,0,0,-2000,0,0,0,56000,58000,-2000,-2000
054065,樺漢國票97購01  ,0,0,0,0,0,0,0,0,0,-2000,0,0,0,58000,60000,-2000,-2000
055141,牧德永豐98購02  ,0,0,0,0,0,0,0,0,0,-2000,0,0,0,44000,46000,-2000,-2000
055132,台虹康和97購01  ,0,0,0,0,0,0,0,0,0,-2000,0,0,0,0,2000,-2000,-2000
055185,晶相光統一97購01,0,0,0,0,0,0,0,0,0,-2000,0,0,0,0,2000,-2000,-2000
054984,華泰元富97購01  ,0,0,0,0,0,0,0,0,0,-2000,0,0,0,0,2000,-2000,-2000
054969,亞翔元大97購01  ,0,0,0,0,0,0,0,0,0,-2000,0,0,0,0,2000,-2000,-2000
054940,台積電元大97購16,0,0,0,0,0,0,0,0,0,-2000,0,0,0,70000,72000,-2000,-2000
054724,鴻海日盛97購02  ,0,0,0,0,0,0,0,0,0,-2000,0,0,0,115000,117000,-2000,-2000
05555P,健策群益98售01  ,0,0,0,0,0,0,0,0,0,-2000,0,0,0,6000,8000,-2000,-2000
055436,晶豪科中信99購01,0,0,0,0,0,0,0,0,0,-2000,0,0,0,0,2000,-2000,-2000
055727,矽力元大97購02  ,0,0,0,0,0,0,0,0,0,-2000,0,0,0,13000,15000,-2000,-2000
05582P,群創凱基98售06  ,0,0,0,0,0,0,0,0,0,-2000,0,0,0,0,2000,-2000,-2000
055952,上銀元大97購08  ,0,0,0,0,0,0,0,0,0,-2000,0,0,0,73000,75000,-2000,-2000
055864,臺股指元大97購01,0,0,0,0,0,0,0,0,0,-2000,0,0,0,23000,25000,-2000,-2000
00851,台新全球AI      ,0,0,0,0,0,0,0,0,0,-2000,0,0,0,15000,17000,-2000,-2000
03052X,元展49          ,0,0,0,0,0,0,0,0,0,-2000,0,0,0,1000,3000,-2000,-2000
03035X,元展32          ,0,0,0,0,0,0,0,0,0,-2000,0,0,0,1000,3000,-2000,-2000
03038X,元展35          ,0,0,0,0,0,0,0,0,0,-2000,0,0,0,0,2000,-2000,-2000
040381,元金2X元富95購01,0,0,0,0,0,0,0,0,0,-2000,0,0,0,0,2000,-2000,-2000
04034P,技嘉群益93售03  ,0,0,0,0,0,0,0,0,0,-2000,0,0,0,0,2000,-2000,-2000
03971P,智邦亞東93售01  ,0,0,0,0,0,0,0,0,0,-2000,0,0,0,0,2000,-2000,-2000
043936,和大兆豐92購01  ,0,0,0,0,0,0,0,0,0,-2000,0,0,0,8000,10000,-2000,-2000
04387P,玉晶光日盛94售01,0,0,0,0,0,0,0,0,0,-2000,0,0,0,0,2000,-2000,-2000
03419B,臺股指元富99熊03,0,0,0,0,0,0,0,0,0,-2000,0,0,0,0,2000,-2000,-2000
03539P,牧德元富08售01  ,0,0,0,0,0,0,0,0,0,-2000,0,0,0,0,2000,-2000,-2000
04101P,臺股指國票93售08,0,0,0,0,0,0,0,0,0,-2000,0,0,0,0,2000,-2000,-2000
045613,祥碩群益92購01  ,0,0,0,0,0,0,0,0,0,-2000,0,0,0,0,2000,-2000,-2000
045688,祥碩元大92購01  ,0,0,0,0,0,0,0,0,0,-2000,0,0,0,0,2000,-2000,-2000
046662,大立光元大93購14,0,0,0,0,0,0,0,0,0,-2000,0,0,0,10000,12000,-2000,-2000
045500,聯發科凱基93購04,0,0,0,0,0,0,0,0,0,-2000,0,0,0,13000,15000,-2000,-2000
04296P,技嘉元大93售01  ,0,0,0,0,0,0,0,0,0,-2000,0,0,0,0,2000,-2000,-2000
046021,台泥元大92購01  ,0,0,0,0,0,0,0,0,0,-2000,0,0,0,10000,12000,-2000,-2000
045955,宏碁凱基93購01  ,0,0,0,0,0,0,0,0,0,-2000,0,0,0,14000,16000,-2000,-2000
048944,茂林永豐94購01  ,0,0,0,0,0,0,0,0,0,-2000,0,0,0,0,2000,-2000,-2000
048813,元黃金凱基94購01,0,0,0,0,0,0,0,0,0,-2000,0,0,0,0,2000,-2000,-2000
047167,農林康和93購01  ,0,0,0,0,0,0,0,0,0,-2000,0,0,0,0,2000,-2000,-2000
047187,亞光元大94購01  ,0,0,0,0,0,0,0,0,0,-2000,0,0,0,9000,11000,-2000,-2000
04704P,臺股指統一95售01,0,0,0,0,0,0,0,0,0,-2000,0,0,0,0,2000,-2000,-2000
046295,超眾統一92購01  ,0,0,0,0,0,0,0,0,0,-2000,0,0,0,0,2000,-2000,-2000
044758,玉山金凱基93購01,0,0,0,0,0,0,0,0,0,-2000,0,0,0,0,2000,-2000,-2000
046390,旺宏統一94購02  ,0,0,0,0,0,0,0,0,0,-2000,0,0,0,0,2000,-2000,-2000
046515,嘉澤元大92購04  ,0,0,0,0,0,0,0,0,0,-2000,0,0,0,0,2000,-2000,-2000
050385,貿聯國票95購02  ,0,0,0,0,0,0,0,0,0,-2000,0,0,0,75000,77000,-2000,-2000
050283,T50反1凱基9A購01,0,0,0,0,0,0,0,0,0,-2000,0,0,0,10000,12000,-2000,-2000
05050P,華通群益96售02  ,0,0,0,0,0,0,0,0,0,-2000,0,0,0,1000,3000,-2000,-2000
05048P,同欣電永豐95售01,0,0,0,0,0,0,0,0,0,-2000,0,0,0,0,2000,-2000,-2000
050457,力成元大94購01  ,0,0,0,0,0,0,0,0,0,-2000,0,0,0,0,2000,-2000,-2000
050655,中磊凱基96購01  ,0,0,0,0,0,0,0,0,0,-2000,0,0,0,0,2000,-2000,-2000
05060P,台達電富邦97售02,0,0,0,0,0,0,0,0,0,-2000,0,0,0,56000,58000,-2000,-2000
048515,貿聯凱基93購03  ,0,0,0,0,0,0,0,0,0,-2000,0,0,0,0,2000,-2000,-2000
04798P,牧德元大95售02  ,0,0,0,0,0,0,0,0,0,-2000,0,0,0,0,2000,-2000,-2000
048257,台積電統一93購07,0,0,0,0,0,0,0,0,0,-2000,0,0,0,0,2000,-2000,-2000
049926,智易元大95購02  ,0,0,0,0,0,0,0,0,0,-2000,0,0,0,0,2000,-2000,-2000
048563,明泰元大94購01  ,0,0,0,0,0,0,0,0,0,-2000,0,0,0,0,2000,-2000,-2000
047939,亞德客國票93購02,0,0,0,0,0,0,0,0,0,-2000,0,0,0,20000,22000,-2000,-2000
049983,智原凱基94購02  ,0,0,0,0,0,0,0,0,0,-2000,0,0,0,6000,8000,-2000,-2000
049384,致伸元大94購02  ,0,0,0,0,0,0,0,0,0,-2000,0,0,0,2000,4000,-2000,-2000
047628,新光金國票95購02,0,0,0,0,0,0,0,0,0,-2000,0,0,0,0,2000,-2000,-2000
049255,旺宏元大97購02  ,0,0,0,0,0,0,0,0,0,-2000,0,0,0,44000,46000,-2000,-2000
04929P,同欣電凱基95售01,0,0,0,0,0,0,0,0,0,-2000,0,0,0,0,2000,-2000,-2000
047540,技嘉麥證93購01  ,0,0,0,46000,48000,-2000,0,0,0,-2000,0,0,0,46000,48000,-2000,-2000
049156,緯穎元大96購01  ,0,0,0,0,0,0,0,0,0,-2000,0,0,0,10000,12000,-2000,-2000
049522,華通兆豐94購02  ,0,0,0,0,0,0,0,0,0,-2000,0,0,0,308000,310000,-2000,-2000
049597,泰鼎元大96購01  ,0,0,0,0,0,0,0,0,0,-2000,0,0,0,10000,12000,-2000,-2000
049484,台積電元大95購02,0,0,0,0,0,0,0,0,0,-2000,0,0,0,0,2000,-2000,-2000
049480,同欣電永豐94購01,0,0,0,0,0,0,0,0,0,-2000,0,0,0,70000,72000,-2000,-2000
049458,SP黃豆元富96購01,0,0,0,0,0,0,0,0,0,-2000,0,0,0,0,2000,-2000,-2000
049525,華新科兆豐94購01,0,0,0,0,0,0,0,0,0,-2000,0,0,0,19000,21000,-2000,-2000
049489,美律元大94購05  ,0,0,0,0,0,0,0,0,0,-2000,0,0,0,79000,81000,-2000,-2000
049672,臺股指富邦94購01,0,0,0,0,0,0,0,0,0,-2000,0,0,0,0,2000,-2000,-2000
049842,道瓊反中信98購01,0,0,0,0,0,0,0,0,0,-2000,0,0,0,0,2000,-2000,-2000
04977P,力成凱基96售01  ,0,0,0,0,0,0,0,0,0,-2000,0,0,0,1000,3000,-2000,-2000
047746,宏碁元富93購01  ,0,0,0,0,0,0,0,0,0,-2000,0,0,0,14000,16000,-2000,-2000
047321,日月光元大93購03,0,0,0,0,0,0,0,0,0,-2000,0,0,0,0,2000,-2000,-2000
047322,日月光元大93購04,0,0,0,0,0,0,0,0,0,-2000,0,0,0,0,2000,-2000,-2000
047295,欣興元富96購02  ,0,0,0,0,0,0,0,0,0,-2000,0,0,0,1000,3000,-2000,-2000
04735P,聯茂兆豐94售01  ,0,0,0,0,0,0,0,0,0,-2000,0,0,0,0,2000,-2000,-2000
051909,潤泰全元大95購02,0,0,0,0,0,0,0,0,0,-2000,0,0,0,0,2000,-2000,-2000
051933,嘉聯益國票97購03,0,0,0,0,0,0,0,0,0,-2000,0,0,0,0,2000,-2000,-2000
05169P,玉晶光元大95售03,0,0,0,0,0,0,0,0,0,-2000,0,0,0,0,2000,-2000,-2000
051649,中磊永豐95購02  ,0,0,0,0,0,0,0,0,0,-2000,0,0,0,0,2000,-2000,-2000
050832,力成凱基95購01  ,0,0,0,0,0,0,0,0,0,-2000,0,0,0,1000,3000,-2000,-2000
051280,台積電兆豐95購04,0,0,0,0,0,0,0,0,0,-2000,0,0,0,347000,349000,-2000,-2000
051269,康友富邦97購01  ,0,0,0,0,0,0,0,0,0,-2000,0,0,0,0,2000,-2000,-2000
051341,訊連永豐95購02  ,0,0,0,0,0,0,0,0,0,-2000,0,0,0,0,2000,-2000,-2000
051315,同欣電麥證95購01,0,0,0,48000,50000,-2000,0,0,0,-2000,0,0,0,48000,50000,-2000,-2000
051324,康友國票96購01  ,0,0,0,0,0,0,0,0,0,-2000,0,0,0,17000,19000,-2000,-2000
051333,義隆永豐95購02  ,0,0,0,0,0,0,0,0,0,-2000,0,0,0,3000,5000,-2000,-2000
053004,燿華永豐96購01  ,0,0,0,0,0,0,0,0,0,-2000,0,0,0,0,2000,-2000,-2000
053021,國巨國泰97購04  ,0,0,0,0,0,0,0,0,0,-2000,0,0,0,0,2000,-2000,-2000
053023,泰鼎國泰97購01  ,0,0,0,0,0,0,0,0,0,-2000,0,0,0,3000,5000,-2000,-2000
052469,宏碁亞東95購01  ,0,0,0,0,0,0,0,0,0,-2000,0,0,0,0,2000,-2000,-2000
052345,矽力凱基95購01  ,0,0,0,0,0,0,0,0,0,-2000,0,0,0,0,2000,-2000,-2000
052343,同欣電凱基95購03,0,0,0,0,0,0,0,0,0,-2000,0,0,0,8000,10000,-2000,-2000
052202,矽力統一96購01  ,0,0,0,0,0,0,0,0,0,-2000,0,0,0,0,2000,-2000,-2000
05275P,國巨凱基95售05  ,0,0,0,0,0,0,0,0,0,-2000,0,0,0,0,2000,-2000,-2000
052739,國巨元大96購04  ,0,0,0,0,0,0,0,0,0,-2000,0,0,0,10000,12000,-2000,-2000
05250P,臻鼎國票96售01  ,0,0,0,0,0,0,0,0,0,-2000,0,0,0,10000,12000,-2000,-2000
052523,奇力新元大97購01,0,0,0,0,0,0,0,0,0,-2000,0,0,0,438000,440000,-2000,-2000
052526,智伸科元大96購02,0,0,0,0,0,0,0,0,0,-2000,0,0,0,8000,10000,-2000,-2000
2114,鑫永銓          ,0,2000,-2000,0,0,0,0,0,0,0,0,0,0,0,0,0,-2000
2115,六暉-KY         ,0,2000,-2000,0,0,0,0,0,0,0,0,0,0,0,0,0,-2000
2302,麗正            ,0,2000,-2000,0,0,0,0,0,0,0,0,0,0,0,0,0,-2000
2397,友通            ,4000,5000,-1000,0,0,0,0,0,0,-1000,0,1000,-1000,0,0,0,-2000
2424,隴華            ,0,2000,-2000,0,0,0,0,0,0,0,0,0,0,0,0,0,-2000
2430,燦坤            ,3000,5000,-2000,0,0,0,0,0,0,0,0,0,0,0,0,0,-2000
1805,寶徠            ,0,1000,-1000,0,0,0,0,0,0,-1000,0,1000,-1000,0,0,0,-2000
2013,中鋼構          ,7000,8000,-1000,0,0,0,0,0,0,-1000,0,1000,-1000,0,0,0,-2000
1737,臺鹽            ,11000,12000,-1000,0,0,0,0,0,0,-1000,0,1000,-1000,0,0,0,-2000
1463,強盛            ,7000,9000,-2000,0,0,0,0,0,0,0,0,0,0,0,0,0,-2000
1533,車王電          ,3000,5000,-2000,0,0,0,0,0,0,0,0,0,0,0,0,0,-2000
2597,潤弘            ,9000,8000,1000,0,0,0,0,0,0,-3000,0,3000,-3000,0,0,0,-2000
2540,愛山林          ,0,2000,-2000,0,0,0,0,0,0,0,0,0,0,0,0,0,-2000
2528,皇普            ,8000,9000,-1000,0,0,0,0,0,0,-1000,0,1000,-1000,0,0,0,-2000
2882A,國泰特          ,0,2000,-2000,0,0,0,0,0,0,0,0,0,0,0,0,0,-2000
4108,懷特            ,4000,6000,-2000,0,0,0,0,0,0,0,0,0,0,0,0,0,-2000
3694,海華            ,2000,4000,-2000,0,0,0,0,0,0,0,0,0,0,0,0,0,-2000
3528,安馳            ,2000,4000,-2000,0,0,0,0,0,0,0,0,0,0,0,0,0,-2000
3021,鴻名            ,3000,4000,-1000,0,0,0,0,0,0,-1000,0,1000,-1000,0,0,0,-2000
3054,立萬利          ,1000,3000,-2000,0,0,0,0,0,0,0,2000,2000,0,0,0,0,-2000
4562,穎漢            ,0,1000,-1000,0,0,0,0,0,0,-1000,0,1000,-1000,0,0,0,-2000
4764,雙鍵            ,1000,3000,-2000,0,0,0,0,0,0,0,0,0,0,0,0,0,-2000
8462,柏文            ,64000,65000,-1000,0,0,0,0,0,0,-1000,0,1000,-1000,0,0,0,-2000
9136,巨騰-DR         ,1000,3000,-2000,0,0,0,0,0,0,0,0,0,0,0,0,0,-2000
6581,鋼聯            ,4000,6000,-2000,0,0,0,0,0,0,0,0,0,0,0,0,0,-2000
6671,三能-KY         ,0,2000,-2000,0,0,0,0,0,0,0,0,0,0,0,0,0,-2000
8201,無敵            ,4000,6000,-2000,0,0,0,0,0,0,0,0,0,0,0,0,0,-2000
8222,寶一            ,4000,3000,1000,0,0,0,0,0,0,-3000,0,3000,-3000,0,0,0,-2000
05753P,臺股指中信99售02,0,0,0,0,0,0,0,0,0,-2000,0,0,0,0,2000,-2000,-2000
05697P,友達凱基96售01  ,0,0,0,0,0,0,0,0,0,-2000,0,0,0,0,2000,-2000,-2000
056434,國巨凱基98購03  ,0,0,0,0,0,0,0,0,0,-2000,0,0,0,0,2000,-2000,-2000
056493,晶技國泰99購01  ,0,0,0,0,0,0,0,0,0,-2000,0,0,0,0,2000,-2000,-2000
056196,聯茂富邦98購02  ,0,0,0,0,0,0,0,0,0,-2000,0,0,0,0,2000,-2000,-2000
056105,智原永豐97購01  ,0,0,0,0,0,0,0,0,0,-2000,0,0,0,0,2000,-2000,-2000
05991P,聯茂群益96售05  ,0,0,0,0,0,0,0,0,0,-2000,0,0,0,0,2000,-2000,-2000
05921P,同欣電元大96售06,0,0,0,0,0,0,0,0,0,-2000,0,0,0,0,2000,-2000,-2000
06179P,國巨群益97售04  ,0,0,0,0,0,0,0,0,0,-2000,0,0,0,0,2000,-2000,-2000
06121P,同欣電凱基97售02,0,0,0,0,0,0,0,0,0,-2000,0,0,0,0,2000,-2000,-2000
06054P,臺股指中信9A售01,0,0,0,0,0,0,0,0,0,-2000,0,0,0,5000,7000,-2000,-2000
06282P,聯鈞永豐97售02  ,0,0,0,0,0,0,0,0,0,-2000,0,0,0,0,2000,-2000,-2000
06318P,臺股指元富97售05,0,0,0,0,0,0,0,0,0,-2000,0,0,0,0,2000,-2000,-2000
1410,南染            ,1000,3000,-2000,0,0,0,0,0,0,0,0,0,0,0,0,0,-2000
1235,興泰            ,0,3000,-3000,0,0,0,0,0,0,1000,1000,0,1000,0,0,0,-2000
3027,盛達            ,6002,9000,-2998,0,0,0,0,0,0,0,0,0,0,0,0,0,-2998
055817,京鼎國票99購01  ,0,0,0,0,0,0,0,0,0,-3000,0,0,0,0,3000,-3000,-3000
055427,技嘉群益98購01  ,0,0,0,0,0,0,0,0,0,-3000,0,0,0,0,3000,-3000,-3000
055541,聚陽凱基98購01  ,0,0,0,0,0,0,0,0,0,-3000,0,0,0,2000,5000,-3000,-3000
055646,漢唐元富97購01  ,0,0,0,0,0,0,0,0,0,-3000,0,0,0,14000,17000,-3000,-3000
055689,台郡凱基99購01  ,0,0,0,0,0,0,0,0,0,-3000,0,0,0,0,3000,-3000,-3000
054771,茂林國票98購02  ,0,0,0,0,0,0,0,0,0,-3000,0,0,0,1000,4000,-3000,-3000
054808,東元元大9A購01  ,0,0,0,0,0,0,0,0,0,-3000,0,0,0,42000,45000,-3000,-3000
055238,茂林台新97購01  ,0,0,0,0,0,0,0,0,0,-3000,0,0,0,0,3000,-3000,-3000
054131,南亞科元大96購04,0,0,0,0,0,0,0,0,0,-3000,0,0,0,5000,8000,-3000,-3000
054161,友訊凱基98購01  ,0,0,0,0,0,0,0,0,0,-3000,0,0,0,5000,8000,-3000,-3000
054177,牧德台新97購01  ,0,0,0,0,0,0,0,0,0,-3000,0,0,0,0,3000,-3000,-3000
054355,上海銀富邦98購01,0,0,0,0,0,0,0,0,0,-3000,0,0,0,0,3000,-3000,-3000
054409,亞光國票97購02  ,0,0,0,0,0,0,0,0,0,-3000,0,0,0,0,3000,-3000,-3000
054451,上銀亞東98購01  ,0,0,0,0,0,0,0,0,0,-3000,0,0,0,0,3000,-3000,-3000
053698,中磊元大96購02  ,0,0,0,0,0,0,0,0,0,-3000,0,0,0,3000,6000,-3000,-3000
053899,矽創群益96購02  ,0,0,0,0,0,0,0,0,0,-3000,0,0,0,0,3000,-3000,-3000
053977,新日興元大96購03,0,0,0,0,0,0,0,0,0,-3000,0,0,0,30000,33000,-3000,-3000
046537,聯發科群益93購02,0,0,0,0,0,0,0,0,0,-3000,0,0,0,33000,36000,-3000,-3000
046275,台表科凱基94購01,0,0,0,0,0,0,0,0,0,-3000,0,0,0,12000,15000,-3000,-3000
046220,滬深2X元大95購03,0,0,0,0,0,0,0,0,0,-3000,0,0,0,0,3000,-3000,-3000
046185,正崴凱基93購02  ,0,0,0,0,0,0,0,0,0,-3000,0,0,0,7000,10000,-3000,-3000
045907,鴻海中信94購02  ,0,0,0,0,0,0,0,0,0,-3000,0,0,0,11000,14000,-3000,-3000
045854,貿聯富邦93購01  ,0,0,0,0,0,0,0,0,0,-3000,0,0,0,0,3000,-3000,-3000
048966,佳世達元大95購01,0,0,0,0,0,0,0,0,0,-3000,0,0,0,0,3000,-3000,-3000
046951,GIS元大93購08   ,0,0,0,0,0,0,0,0,0,-3000,0,0,0,12000,15000,-3000,-3000
045170,鴻海日盛92購01  ,0,0,0,0,0,0,0,0,0,-3000,0,0,0,369000,372000,-3000,-3000
04166P,美利達元富93售03,0,0,0,0,0,0,0,0,0,-3000,0,0,0,0,3000,-3000,-3000
04350P,欣興國票94售01  ,0,0,0,0,0,0,0,0,0,-3000,0,0,0,10000,13000,-3000,-3000
04450P,京元電凱基94售01,0,0,0,0,0,0,0,0,0,-3000,0,0,0,10000,13000,-3000,-3000
042315,T50反1台新96購01,0,0,0,0,0,0,0,0,0,-3000,0,0,0,0,3000,-3000,-3000
046666,欣興元大93購05  ,0,0,0,0,0,0,0,0,0,-3000,0,0,0,2000,5000,-3000,-3000
04159P,滬深2X中信95售08,0,0,0,0,0,0,0,0,0,-3000,0,0,0,0,3000,-3000,-3000
03437P,道瓊銀凱基05售03,0,0,0,0,0,0,0,0,0,-3000,0,0,0,0,3000,-3000,-3000
036628,統一台新99購01  ,0,0,0,0,0,0,0,0,0,-3000,0,0,0,0,3000,-3000,-3000
03074P,大立光國泰03售05,0,0,0,0,0,0,0,0,0,-3000,0,0,0,0,3000,-3000,-3000
03126P,旭富凱基01售04  ,0,0,0,0,0,0,0,0,0,-3000,0,0,0,0,3000,-3000,-3000
03154P,華新科群益01售07,0,0,0,0,0,0,0,0,0,-3000,0,0,0,0,3000,-3000,-3000
00709,富邦歐洲        ,0,0,0,0,0,0,0,0,0,-3000,0,0,0,100000,103000,-3000,-3000
047670,矽力永豐93購01  ,0,0,0,0,0,0,0,0,0,-3000,0,0,0,12000,15000,-3000,-3000
049797,台積電元大94購17,0,0,0,0,0,0,0,0,0,-3000,0,0,0,0,3000,-3000,-3000
04831P,聯詠富邦96售01  ,0,0,0,0,0,0,0,0,0,-3000,0,0,0,0,3000,-3000,-3000
049273,臺股指元大94購08,0,0,0,0,0,0,0,0,0,-3000,0,0,0,3000,6000,-3000,-3000
049250,華通元大95購04  ,0,0,0,0,0,0,0,0,0,-3000,0,0,0,23000,26000,-3000,-3000
049986,嘉澤凱基94購02  ,0,0,0,0,0,0,0,0,0,-3000,0,0,0,18000,21000,-3000,-3000
050056,國巨凱基94購04  ,0,0,0,0,0,0,0,0,0,-3000,0,0,0,73000,76000,-3000,-3000
050075,南電凱基94購04  ,0,0,0,0,0,0,0,0,0,-3000,0,0,0,0,3000,-3000,-3000
048199,大立光元大94購03,0,0,0,0,0,0,0,0,0,-3000,0,0,0,0,3000,-3000,-3000
048001,中工元大96購01  ,0,0,0,0,0,0,0,0,0,-3000,0,0,0,118000,121000,-3000,-3000
048495,南亞科元大93購04,0,0,0,0,0,0,0,0,0,-3000,0,0,0,27000,30000,-3000,-3000
048469,微星永豐93購03  ,0,0,0,0,0,0,0,0,0,-3000,0,0,0,10000,13000,-3000,-3000
050452,智原元大95購04  ,0,0,0,0,0,0,0,0,0,-3000,0,0,0,17000,20000,-3000,-3000
050557,台積電統一94購13,0,0,0,0,0,0,0,0,0,-3000,0,0,0,0,3000,-3000,-3000
050288,台積電凱基94購32,0,0,0,0,0,0,0,0,0,-3000,0,0,0,0,3000,-3000,-3000
050242,義隆凱基94購04  ,0,0,0,0,0,0,0,0,0,-3000,0,0,0,0,3000,-3000,-3000
055337,超眾兆豐98購01  ,0,0,0,0,0,0,0,0,0,-3000,0,0,0,26000,29000,-3000,-3000
052774,京元電亞東96購01,0,0,0,0,0,0,0,0,0,-3000,0,0,0,0,3000,-3000,-3000
052391,瑞儀群益95購01  ,0,0,0,0,0,0,0,0,0,-3000,0,0,0,126000,129000,-3000,-3000
052457,日月光元富95購01,0,0,0,0,0,0,0,0,0,-3000,0,0,0,0,3000,-3000,-3000
053109,聯發科兆豐96購01,0,0,0,0,0,0,0,0,0,-3000,0,0,0,0,3000,-3000,-3000
053083,中環元大99購01  ,0,0,0,0,0,0,0,0,0,-3000,0,0,0,31000,34000,-3000,-3000
05285P,同欣電群益95售02,0,0,0,0,0,0,0,0,0,-3000,0,0,0,0,3000,-3000,-3000
051239,國巨元大96購02  ,0,0,0,0,0,0,0,0,0,-3000,0,0,0,7000,10000,-3000,-3000
051071,聯發科國票96購01,0,0,0,0,0,0,0,0,0,-3000,0,0,0,67000,70000,-3000,-3000
051731,聯電國票96購02  ,0,0,0,0,0,0,0,0,0,-3000,0,0,0,0,3000,-3000,-3000
051453,智伸科元大95購02,0,0,0,0,0,0,0,0,0,-3000,0,0,0,7000,10000,-3000,-3000
051928,大立光中信96購03,0,0,0,0,0,0,0,0,0,-3000,0,0,0,13000,16000,-3000,-3000
052040,臺股指永昌95購01,0,0,0,0,0,0,0,0,0,-3000,0,0,0,0,3000,-3000,-3000
052105,南亞科兆豐95購01,0,0,0,0,0,0,0,0,0,-3000,0,0,0,41000,44000,-3000,-3000
3058,立德            ,3000,6000,-3000,0,0,0,0,0,0,0,0,0,0,0,0,0,-3000
3296,勝德            ,0,0,0,0,0,0,0,0,0,-3000,0,3000,-3000,0,0,0,-3000
4526,東台            ,4000,7000,-3000,0,0,0,0,0,0,0,0,0,0,0,0,0,-3000
4426,利勤            ,55000,56000,-1000,0,0,0,0,0,0,-2000,0,2000,-2000,0,0,0,-3000
2739,寒舍            ,0,3000,-3000,0,0,0,0,0,0,0,0,0,0,0,0,0,-3000
2630,亞航            ,0,3000,-3000,0,0,0,0,0,0,0,0,0,0,0,0,0,-3000
2613,中櫃            ,3000,5000,-2000,0,0,0,0,0,0,-1000,0,1000,-1000,0,0,0,-3000
1539,巨庭            ,0,3000,-3000,0,0,0,0,0,0,0,0,0,0,0,0,0,-3000
1603,華電            ,10000,13000,-3000,0,0,0,0,0,0,0,1000,1000,0,0,0,0,-3000
6666,羅麗芬-KY       ,26000,28000,-2000,0,0,0,0,0,0,-1000,0,0,0,0,1000,-1000,-3000
8480,泰昇-KY         ,22000,26000,-4000,0,0,0,0,0,0,1000,1000,0,1000,0,0,0,-3000
9943,好樂迪          ,6000,9000,-3000,0,0,0,0,0,0,0,0,0,0,0,0,0,-3000
4571,鈞興-KY         ,0,2000,-2000,0,0,0,0,0,0,-1000,0,1000,-1000,0,0,0,-3000
4572,駐龍            ,0,3000,-3000,0,0,0,0,0,0,0,0,0,0,0,0,0,-3000
4722,國精化          ,0,3000,-3000,0,0,0,0,0,0,0,0,0,0,0,0,0,-3000
4737,華廣            ,12000,12000,0,0,0,0,0,0,0,-3000,0,3000,-3000,0,0,0,-3000
4999,鑫禾            ,3000,6000,-3000,0,0,0,0,0,0,0,0,0,0,0,0,0,-3000
1307,三芳            ,10000,12000,-2000,0,0,0,0,0,0,-1000,0,1000,-1000,0,0,0,-3000
1218,泰山            ,36000,36000,0,0,0,0,0,0,0,-3000,1000,4000,-3000,0,0,0,-3000
06476P,臺股指永豐98售01,0,0,0,0,0,0,0,0,0,-3000,0,0,0,0,3000,-3000,-3000
06278P,臺股指凱基97售10,0,0,0,0,0,0,0,0,0,-3000,0,0,0,0,3000,-3000,-3000
06024P,台郡國票97售05  ,0,0,0,0,0,0,0,0,0,-3000,0,0,0,0,3000,-3000,-3000
06029P,聯發科台新96售02,0,0,0,0,0,0,0,0,0,-3000,0,0,0,4000,7000,-3000,-3000
06107P,美律群益98售02  ,0,0,0,0,0,0,0,0,0,-3000,0,0,0,7000,10000,-3000,-3000
05825P,臺股指凱基96售22,0,0,0,0,0,0,0,0,0,-3000,0,0,0,0,3000,-3000,-3000
05873P,華通群益97售02  ,0,0,0,0,0,0,0,0,0,-3000,0,0,0,10000,13000,-3000,-3000
056178,嘉澤元富97購02  ,0,0,0,0,0,0,0,0,0,-3000,0,0,0,0,3000,-3000,-3000
056219,T50反1日盛02購01,0,0,0,0,0,0,0,0,0,-3000,0,0,0,0,3000,-3000,-3000
056423,奇鋐統一98購01  ,0,0,0,0,0,0,0,0,0,-3000,0,0,0,0,3000,-3000,-3000
05633P,台表科群益96售04,0,0,0,0,0,0,0,0,0,-3000,0,0,0,2000,5000,-3000,-3000
056512,易華電永豐98購01,0,0,0,0,0,0,0,0,0,-3000,0,0,0,0,3000,-3000,-3000
05651P,大立光元大97售02,0,0,0,0,0,0,0,0,0,-3000,0,0,0,14000,17000,-3000,-3000
1476,儒鴻            ,625000,562441,62559,0,0,0,0,35035,-35035,-31000,2000,36000,-34000,4000,1000,3000,-3476
1760,寶齡富錦        ,14001,11000,3001,0,0,0,0,0,0,-7000,0,1000,-1000,0,6000,-6000,-3999
053966,旺宏元大96購08  ,0,0,0,0,0,0,0,0,0,-4000,0,0,0,181000,185000,-4000,-4000
05378P,台積電凱基96售02,0,0,0,0,0,0,0,0,0,-4000,0,0,0,1000,5000,-4000,-4000
053443,智邦凱基97購01  ,0,0,0,0,0,0,0,0,0,-4000,0,0,0,80000,84000,-4000,-4000
054347,上緯控國票96購02,1000,0,1000,0,0,0,0,0,0,-5000,0,0,0,3000,8000,-5000,-4000
054317,昇陽半凱基98購01,0,0,0,0,0,0,0,0,0,-4000,0,0,0,0,4000,-4000,-4000
054153,宏達電國泰97購01,0,0,0,0,0,0,0,0,0,-4000,0,0,0,2000,6000,-4000,-4000
054199,大立光永昌96購07,0,0,0,0,0,0,0,0,0,-4000,0,0,0,0,4000,-4000,-4000
054115,台塑康和96購01  ,0,0,0,0,0,0,0,0,0,-4000,0,0,0,0,4000,-4000,-4000
055114,新日興凱基98購01,0,0,0,0,0,0,0,0,0,-4000,0,0,0,20000,24000,-4000,-4000
055029,帆宣國泰99購01  ,0,0,0,0,0,0,0,0,0,-4000,0,0,0,89000,93000,-4000,-4000
054736,南亞科凱基98購01,0,0,0,0,0,0,0,0,0,-4000,0,0,0,0,4000,-4000,-4000
05571P,大立光統一96售03,0,0,0,0,0,0,0,0,0,-4000,0,0,0,0,4000,-4000,-4000
055713,國巨元大98購09  ,0,0,0,0,0,0,0,0,0,-4000,0,0,0,76000,80000,-4000,-4000
055874,中環元富9A購01  ,0,0,0,0,0,0,0,0,0,-4000,0,0,0,111000,115000,-4000,-4000
055926,國巨群益98購06  ,0,0,0,0,0,0,0,0,0,-4000,0,0,0,0,4000,-4000,-4000
00736,國泰新興市場    ,0,0,0,0,0,0,0,0,0,-4000,0,0,0,176000,180000,-4000,-4000
0053,元大電子        ,0,0,0,0,0,0,0,0,0,-4000,0,0,0,0,4000,-4000,-4000
03978P,瑞儀元大93售01  ,0,0,0,0,0,0,0,0,0,-4000,0,0,0,0,4000,-4000,-4000
03841P,聯發科統一93售02,0,0,0,0,0,0,0,0,0,-4000,0,0,0,14000,18000,-4000,-4000
04146P,可成凱基93售14  ,0,0,0,0,0,0,0,0,0,-4000,0,0,0,27000,31000,-4000,-4000
04420P,奇鋐永豐94售01  ,0,0,0,0,0,0,0,0,0,-4000,0,0,0,0,4000,-4000,-4000
044039,康控群益93購01  ,0,0,0,0,0,0,0,0,0,-4000,0,0,0,5000,9000,-4000,-4000
046584,可成元大92購11  ,0,0,0,0,0,0,0,0,0,-4000,0,0,0,0,4000,-4000,-4000
04205P,臺股指元大93售45,0,0,0,0,0,0,0,0,0,-4000,0,0,0,0,4000,-4000,-4000
044493,京元電元大92購02,0,0,0,0,0,0,0,0,0,-4000,0,0,0,0,4000,-4000,-4000
049091,訊連凱基94購01  ,0,0,0,0,0,0,0,0,0,-4000,0,0,0,0,4000,-4000,-4000
048772,智易凱基94購01  ,0,0,0,0,0,0,0,0,0,-4000,0,0,0,0,4000,-4000,-4000
048794,易華電元大97購01,0,0,0,0,0,0,0,0,0,-4000,0,0,0,4000,8000,-4000,-4000
045830,亞德客群益92購02,0,0,0,0,0,0,0,0,0,-4000,0,0,0,0,4000,-4000,-4000
047112,聯發科元大93購11,0,0,0,0,0,0,0,0,0,-4000,0,0,0,61000,65000,-4000,-4000
055284,全新元大99購01  ,0,0,0,0,0,0,0,0,0,-4000,0,0,0,0,4000,-4000,-4000
050553,緯穎凱基94購06  ,0,0,0,0,0,0,0,0,0,-4000,0,0,0,0,4000,-4000,-4000
050433,華新科凱基94購11,0,0,0,0,0,0,0,0,0,-4000,0,0,0,0,4000,-4000,-4000
050419,鴻海凱基95購02  ,0,0,0,0,0,0,0,0,0,-4000,0,0,0,0,4000,-4000,-4000
050604,上証2X永昌94購01,0,0,0,0,0,0,0,0,0,-4000,0,0,0,2000,6000,-4000,-4000
050645,台積電凱基94購39,0,0,0,0,0,0,0,0,0,-4000,0,0,0,0,4000,-4000,-4000
048111,奇力新群益93購06,0,0,0,0,0,0,0,0,0,-4000,0,0,0,0,4000,-4000,-4000
050074,訊芯凱基94購05  ,0,0,0,0,0,0,0,0,0,-4000,0,0,0,0,4000,-4000,-4000
050116,嘉澤元大94購03  ,0,0,0,0,0,0,0,0,0,-4000,0,0,0,34000,38000,-4000,-4000
050110,京元電元大94購03,0,0,0,0,0,0,0,0,0,-4000,0,0,0,0,4000,-4000,-4000
047840,新日興元大93購03,0,0,0,0,0,0,0,0,0,-4000,0,0,0,10000,14000,-4000,-4000
049357,微星富邦94購01  ,0,0,0,0,0,0,0,0,0,-4000,0,0,0,6000,10000,-4000,-4000
048619,台表科凱基93購07,0,0,0,0,0,0,0,0,0,-4000,0,0,0,11000,15000,-4000,-4000
04745P,祥碩元大94售04  ,0,0,0,0,0,0,0,0,0,-4000,0,0,0,47000,51000,-4000,-4000
049716,台積電凱基94購24,0,0,0,0,0,0,0,0,0,-4000,0,0,0,0,4000,-4000,-4000
049450,友達統一94購02  ,0,0,0,0,0,0,0,0,0,-4000,0,0,0,0,4000,-4000,-4000
047638,瑞昱元大93購11  ,0,0,0,0,0,0,0,0,0,-4000,0,0,0,0,4000,-4000,-4000
047332,訊芯元大93購04  ,0,0,0,0,0,0,0,0,0,-4000,0,0,0,1000,5000,-4000,-4000
047751,玉山金元富93購01,0,0,0,0,0,0,0,0,0,-4000,0,0,0,22000,26000,-4000,-4000
047433,鴻海元大93購16  ,0,0,0,0,0,0,0,0,0,-4000,0,0,0,42000,46000,-4000,-4000
052010,兆豐金中信95購01,0,0,0,0,0,0,0,0,0,-4000,0,0,0,36000,40000,-4000,-4000
052073,矽力統一95購03  ,0,0,0,0,0,0,0,0,0,-4000,0,0,0,10000,14000,-4000,-4000
052081,臺股指元富95購03,0,0,0,0,0,0,0,0,0,-4000,0,0,0,0,4000,-4000,-4000
051701,華通群益97購01  ,0,0,0,0,0,0,0,0,0,-4000,0,0,0,21000,25000,-4000,-4000
050728,新日興國票94購01,0,0,0,0,0,0,0,0,0,-4000,0,0,0,0,4000,-4000,-4000
051251,信邦元大95購01  ,0,0,0,0,0,0,0,0,0,-4000,0,0,0,0,4000,-4000,-4000
051216,為升元富95購01  ,0,0,0,0,0,0,0,0,0,-4000,0,0,0,60000,64000,-4000,-4000
051411,聯發科國票95購05,0,0,0,0,0,0,0,0,0,-4000,0,0,0,0,4000,-4000,-4000
052919,鈺齊富邦98購01  ,0,0,0,0,0,0,0,0,0,-4000,0,0,0,3000,7000,-4000,-4000
053262,華邦電群益96購02,0,0,0,0,0,0,0,0,0,-4000,0,0,0,231000,235000,-4000,-4000
053218,TPK凱基96購01   ,0,0,0,0,0,0,0,0,0,-4000,0,0,0,0,4000,-4000,-4000
052186,宏達電群益95購04,0,0,0,0,0,0,0,0,0,-4000,0,0,0,0,4000,-4000,-4000
052674,智邦國泰98購01  ,0,0,0,0,0,0,0,0,0,-4000,0,0,0,204000,208000,-4000,-4000
1736,喬山            ,401000,428000,-27000,0,0,0,0,0,0,23000,1000,3000,-2000,34000,9000,25000,-4000
1713,國化            ,1000,5000,-4000,0,0,0,0,0,0,0,0,0,0,0,0,0,-4000
1817,凱撒衛          ,3000,7000,-4000,0,0,0,0,0,0,0,0,0,0,0,0,0,-4000
1906,寶隆            ,1000,4000,-3000,0,0,0,0,0,0,-1000,0,1000,-1000,0,0,0,-4000
1459,聯發            ,0,4000,-4000,0,0,0,0,0,0,0,0,0,0,0,0,0,-4000
1541,錩泰            ,3000,5000,-2000,0,0,0,0,0,0,-2000,0,2000,-2000,0,0,0,-4000
2427,三商電          ,2000,5000,-3000,0,0,0,0,0,0,-1000,0,1000,-1000,0,0,0,-4000
2239,英利-KY         ,1000,5000,-4000,0,0,0,0,0,0,0,0,0,0,0,0,0,-4000
2062,橋椿            ,4000,7000,-3000,0,0,0,0,0,0,-1000,0,1000,-1000,0,0,0,-4000
2069,運錩            ,1000,5000,-4000,0,0,0,0,0,0,0,0,0,0,0,0,0,-4000
2466,冠西電          ,0,4000,-4000,0,0,0,0,0,0,0,0,0,0,0,0,0,-4000
6201,亞弘電          ,0,4000,-4000,0,0,0,0,0,0,0,0,0,0,0,0,0,-4000
8473,山林水          ,2000,6000,-4000,0,0,0,0,0,0,0,0,0,0,0,0,0,-4000
8478,東哥遊艇        ,0,4000,-4000,0,0,0,0,0,0,0,0,0,0,0,0,0,-4000
8374,羅昇            ,5000,9000,-4000,0,0,0,0,0,0,0,0,0,0,0,0,0,-4000
05728P,滬深2X凱基98售03,0,0,0,0,0,0,0,0,0,-4000,0,0,0,36000,40000,-4000,-4000
05749P,臺股指群益99售03,0,0,0,0,0,0,0,0,0,-4000,0,0,0,11000,15000,-4000,-4000
05809P,臺股指國票96售02,0,0,0,0,0,0,0,0,0,-4000,0,0,0,0,4000,-4000,-4000
056368,祥碩元大98購02  ,0,0,0,0,0,0,0,0,0,-4000,0,0,0,17000,21000,-4000,-4000
056500,大立光富邦9B購02,0,0,0,0,0,0,0,0,0,-4000,0,0,0,998000,1002000,-4000,-4000
056256,聯茂元富97購03  ,0,0,0,0,0,0,0,0,0,-4000,0,0,0,99000,103000,-4000,-4000
056257,聯茂元富97購04  ,0,0,0,0,0,0,0,0,0,-4000,0,0,0,99000,103000,-4000,-4000
056258,訊芯元富97購04  ,0,0,0,0,0,0,0,0,0,-4000,0,0,0,0,4000,-4000,-4000
056300,聯發科元大97購23,0,0,0,0,0,0,0,0,0,-4000,0,0,0,120000,124000,-4000,-4000
05961P,鴻海群益97售01  ,0,0,0,0,0,0,0,0,0,-4000,0,0,0,6000,10000,-4000,-4000
05994P,奇鋐元大96售02  ,0,0,0,0,0,0,0,0,0,-4000,0,0,0,28000,32000,-4000,-4000
06083P,華通統一98售02  ,0,0,0,0,0,0,0,0,0,-4000,0,0,0,0,4000,-4000,-4000
06071P,大立光永豐97售01,0,0,0,0,0,0,0,0,0,-4000,0,0,0,10000,14000,-4000,-4000
06161P,聯發科群益97售03,0,0,0,0,0,0,0,0,0,-4000,0,0,0,23000,27000,-4000,-4000
06345P,臺股指統一9A售01,0,0,0,0,0,0,0,0,0,-4000,0,0,0,0,4000,-4000,-4000
06365P,鴻海凱基97售09  ,0,0,0,0,0,0,0,0,0,-4000,0,0,0,0,4000,-4000,-4000
06449P,台積電元大98售09,0,0,0,0,0,0,0,0,0,-4000,0,0,0,4000,8000,-4000,-4000
1219,福壽            ,0,4000,-4000,0,0,0,0,0,0,0,0,0,0,0,0,0,-4000
1232,大統益          ,4000,7000,-3000,0,0,0,0,0,0,-1000,0,1000,-1000,0,0,0,-4000
1203,味王            ,1000,5000,-4000,0,0,0,0,0,0,0,0,0,0,0,0,0,-4000
1312A,國喬特          ,0,0,0,0,0,0,0,0,0,-4000,0,4000,-4000,0,0,0,-4000
055940,致新群益98購01  ,0,0,0,0,0,0,0,0,0,-5000,0,0,0,170000,175000,-5000,-5000
055719,可成元大97購03  ,0,0,0,0,0,0,0,0,0,-5000,0,0,0,21000,26000,-5000,-5000
055698,茂林國票98購03  ,0,0,0,0,0,0,0,0,0,-5000,0,0,0,0,5000,-5000,-5000
055762,智伸科群益97購01,0,0,0,0,0,0,0,0,0,-5000,0,0,0,6000,11000,-5000,-5000
055776,宏達電凱基98購02,0,0,0,0,0,0,0,0,0,-5000,0,0,0,0,5000,-5000,-5000
055561,奇鋐凱基97購01  ,0,0,0,0,0,0,0,0,0,-5000,0,0,0,0,5000,-5000,-5000
055580,南茂統一97購01  ,0,0,0,0,0,0,0,0,0,-5000,0,0,0,50000,55000,-5000,-5000
055441,緯穎國票98購01  ,0,0,0,0,0,0,0,0,0,-5000,0,0,0,5000,10000,-5000,-5000
054939,台積電元大97購15,0,0,0,0,0,0,0,0,0,-5000,0,0,0,5000,10000,-5000,-5000
054887,大毅統一98購01  ,0,0,0,0,0,0,0,0,0,-5000,0,0,0,44000,49000,-5000,-5000
055137,GIS富邦98購01   ,0,0,0,0,0,0,0,0,0,-5000,0,0,0,145000,150000,-5000,-5000
055153,台光電元大98購02,0,0,0,0,0,0,0,0,0,-5000,0,0,0,5000,10000,-5000,-5000
05527P,聯茂群益96售01  ,0,0,0,0,0,0,0,0,0,-5000,0,0,0,1000,6000,-5000,-5000
055251,華新科統一99購01,0,0,0,0,0,0,0,0,0,-5000,0,0,0,51000,56000,-5000,-5000
054070,創意國泰96購02  ,0,0,0,0,0,0,0,0,0,-5000,0,0,0,21000,26000,-5000,-5000
054090,瑞昱群益97購01  ,0,0,0,0,0,0,0,0,0,-5000,0,0,0,44000,49000,-5000,-5000
054151,瑞昱國泰97購01  ,0,0,0,0,0,0,0,0,0,-5000,0,0,0,111000,116000,-5000,-5000
054172,易華電凱基98購01,0,0,0,0,0,0,0,0,0,-5000,0,0,0,0,5000,-5000,-5000
05430P,台積電統一95售07,0,0,0,0,0,0,0,0,0,-5000,0,0,0,0,5000,-5000,-5000
054598,鴻海台新98購01  ,0,0,0,0,0,0,0,0,0,-5000,0,0,0,0,5000,-5000,-5000
05346P,臺股指統一95售06,0,0,0,0,0,0,0,0,0,-5000,0,0,0,6000,11000,-5000,-5000
053486,T50反1兆豐96購01,0,0,0,0,0,0,0,0,0,-5000,0,0,0,0,5000,-5000,-5000
053566,大立光富邦99購03,0,0,0,0,0,0,0,0,0,-5000,0,0,0,0,5000,-5000,-5000
053681,臺股指富邦96購02,0,0,0,0,0,0,0,0,0,-5000,0,0,0,20000,25000,-5000,-5000
053614,台積電群益96購08,0,0,0,0,0,0,0,0,0,-5000,0,0,0,15000,20000,-5000,-5000
05380P,鴻海群益95售11  ,0,0,0,0,0,0,0,0,0,-5000,0,0,0,0,5000,-5000,-5000
047186,大立光元大93購20,0,0,0,0,0,0,0,0,0,-5000,0,0,0,40000,45000,-5000,-5000
045752,全新國泰93購01  ,0,0,0,0,0,0,0,0,0,-5000,0,0,0,5000,10000,-5000,-5000
04645P,禾伸堂凱基94售03,0,0,0,0,0,0,0,0,0,-5000,0,0,0,0,5000,-5000,-5000
04482P,臺股指日盛94售01,0,0,0,0,0,0,0,0,0,-5000,0,0,0,0,5000,-5000,-5000
044711,台郡元大93購01  ,0,0,0,0,0,0,0,0,0,-5000,0,0,0,15000,20000,-5000,-5000
04877P,聯發科麥證94售04,0,0,0,0,5000,-5000,0,0,0,-5000,0,0,0,0,5000,-5000,-5000
048804,和碩富邦94購01  ,0,0,0,0,0,0,0,0,0,-5000,0,0,0,0,5000,-5000,-5000
04904P,奇力新永豐94售05,0,0,0,0,0,0,0,0,0,-5000,0,0,0,0,5000,-5000,-5000
048959,凌華康和94購01  ,0,0,0,0,0,0,0,0,0,-5000,0,0,0,0,5000,-5000,-5000
048954,裕民康和94購01  ,0,0,0,0,0,0,0,0,0,-5000,0,0,0,0,5000,-5000,-5000
04514P,元石油中信97售01,0,0,0,0,0,0,0,0,0,-5000,0,0,0,65000,70000,-5000,-5000
045437,大立光統一94購02,0,0,0,0,0,0,0,0,0,-5000,0,0,0,5000,10000,-5000,-5000
045308,泰鼎元大93購02  ,0,0,0,0,0,0,0,0,0,-5000,0,0,0,0,5000,-5000,-5000
045016,創意元大94購01  ,0,0,0,0,0,0,0,0,0,-5000,0,0,0,0,5000,-5000,-5000
04500P,燿華統一94售01  ,0,0,0,0,0,0,0,0,0,-5000,0,0,0,0,5000,-5000,-5000
04488P,聯發科凱基94售05,0,0,0,0,0,0,0,0,0,-5000,0,0,0,0,5000,-5000,-5000
042928,台積電中信95購01,0,0,0,0,0,0,0,0,0,-5000,0,0,0,0,5000,-5000,-5000
04254P,亞德客國票93售03,0,0,0,0,0,0,0,0,0,-5000,0,0,0,0,5000,-5000,-5000
04338P,亞光元大93售04  ,0,0,0,0,0,0,0,0,0,-5000,0,0,0,0,5000,-5000,-5000
043177,致新國泰93購01  ,0,0,0,0,0,0,0,0,0,-5000,0,0,0,30000,35000,-5000,-5000
046625,勤誠凱基93購01  ,0,0,0,0,0,0,0,0,0,-5000,0,0,0,5000,10000,-5000,-5000
046630,京元電元富95購03,0,0,0,0,0,0,0,0,0,-5000,0,0,0,0,5000,-5000,-5000
045644,祥碩凱基92購01  ,0,0,0,0,0,0,0,0,0,-5000,0,0,0,0,5000,-5000,-5000
042281,元油2X富邦96購02,0,0,0,0,0,0,0,0,0,-5000,0,0,0,0,5000,-5000,-5000
044611,正崴兆豐92購01  ,0,0,0,0,0,0,0,0,0,-5000,0,0,0,15000,20000,-5000,-5000
04109P,臺股指永昌93售04,0,82000,-82000,0,0,0,0,0,0,77000,23000,0,23000,422000,368000,54000,-5000
043891,羅麗芬元大94購01,0,0,0,0,0,0,0,0,0,-5000,0,0,0,0,5000,-5000,-5000
03943P,可成群益93售01  ,0,0,0,0,0,0,0,0,0,-5000,0,0,0,0,5000,-5000,-5000
04018P,亞光永豐93售01  ,0,0,0,0,0,0,0,0,0,-5000,0,0,0,0,5000,-5000,-5000
03039X,元展36          ,0,0,0,0,0,0,0,0,0,-5000,0,0,0,0,5000,-5000,-5000
00674R,元大S&P黃金反1  ,0,0,0,0,0,0,0,0,0,-5000,0,0,0,0,5000,-5000,-5000
047722,南電凱基94購02  ,0,0,0,0,0,0,0,0,0,-5000,0,0,0,147000,152000,-5000,-5000
047304,元油2X元大96購02,0,0,0,0,0,0,0,0,0,-5000,0,0,0,0,5000,-5000,-5000
049871,T50反1台新9A購02,0,0,0,0,0,0,0,0,0,-5000,0,0,0,0,5000,-5000,-5000
047205,GIS元富93購03   ,0,0,0,0,0,0,0,0,0,-5000,0,0,0,5000,10000,-5000,-5000
04962P,易華電凱基96售01,0,0,0,0,0,0,0,0,0,-5000,0,0,0,0,5000,-5000,-5000
049691,可成元大94購06  ,0,0,0,0,0,0,0,0,0,-5000,0,0,0,10000,15000,-5000,-5000
049737,美食群益94購03  ,0,0,0,0,0,0,0,0,0,-5000,0,0,0,0,5000,-5000,-5000
048912,牧德富邦94購01  ,0,0,0,0,0,0,0,0,0,-5000,0,0,0,15000,20000,-5000,-5000
048881,美律統一94購02  ,0,0,0,0,0,0,0,0,0,-5000,0,0,0,55000,60000,-5000,-5000
048310,台達電凱基93購05,0,0,0,0,0,0,0,0,0,-5000,0,0,0,0,5000,-5000,-5000
049033,大成鋼兆豐94購01,0,0,0,0,0,0,0,0,0,-5000,0,0,0,0,5000,-5000,-5000
049001,川湖中信94購01  ,0,0,0,0,0,0,0,0,0,-5000,0,0,0,0,5000,-5000,-5000
049011,元油2X群益94購01,0,0,0,0,0,0,0,0,0,-5000,0,0,0,0,5000,-5000,-5000
049187,義隆台新94購01  ,0,0,0,0,0,0,0,0,0,-5000,0,0,0,0,5000,-5000,-5000
04932P,香港2X中信96售01,0,0,0,0,0,0,0,0,0,-5000,0,0,0,0,5000,-5000,-5000
049299,矽創群益94購01  ,0,0,0,0,0,0,0,0,0,-5000,0,0,0,0,5000,-5000,-5000
04760P,旺宏凱基94售02  ,0,0,0,0,0,0,0,0,0,-5000,0,0,0,200000,205000,-5000,-5000
049915,瑞昱元大94購07  ,0,0,0,0,0,0,0,0,0,-5000,0,0,0,0,5000,-5000,-5000
050127,台積電凱基94購31,0,0,0,0,0,0,0,0,0,-5000,0,0,0,0,5000,-5000,-5000
050069,禾伸堂凱基94購04,0,0,0,0,0,0,0,0,0,-5000,0,0,0,10000,15000,-5000,-5000
050027,義隆元大94購03  ,0,0,0,0,0,0,0,0,0,-5000,0,0,0,0,5000,-5000,-5000
049934,緯穎元大94購08  ,0,0,0,0,0,0,0,0,0,-5000,0,0,0,78000,83000,-5000,-5000
048160,GIS兆豐95購01   ,0,0,0,0,0,0,0,0,0,-5000,0,0,0,0,5000,-5000,-5000
048500,樺漢元大93購03  ,0,0,0,0,0,0,0,0,0,-5000,0,0,0,0,5000,-5000,-5000
048072,GIS元富93購05   ,0,0,0,0,0,0,0,0,0,-5000,0,0,0,0,5000,-5000,-5000
04805P,創意元富94售01  ,0,0,0,0,0,0,0,0,0,-5000,0,0,0,0,5000,-5000,-5000
050583,瑞儀國票94購01  ,0,0,0,0,0,0,0,0,0,-5000,0,0,0,0,5000,-5000,-5000
05040P,聯發科凱基95售05,0,0,0,0,0,0,0,0,0,-5000,0,0,0,22000,27000,-5000,-5000
050269,欣興元大94購09  ,0,0,0,0,0,0,0,0,0,-5000,0,0,0,0,5000,-5000,-5000
050171,臺指反元大97購03,0,0,0,0,0,0,0,0,0,-5000,0,0,0,0,5000,-5000,-5000
052606,聯發科元大97購04,0,0,0,0,0,0,0,0,0,-5000,0,0,0,31000,36000,-5000,-5000
052740,聯發科元大96購07,0,0,0,0,0,0,0,0,0,-5000,0,0,0,65000,70000,-5000,-5000
05269P,臻鼎元大95售05  ,0,0,0,0,0,0,0,0,0,-5000,0,0,0,40000,45000,-5000,-5000
052311,台積電富邦95購09,0,0,0,0,0,0,0,0,0,-5000,0,0,0,6000,11000,-5000,-5000
052291,鴻海元富97購02  ,0,0,0,0,0,0,0,0,0,-5000,0,0,0,0,5000,-5000,-5000
052462,上銀統一95購03  ,0,0,0,0,0,0,0,0,0,-5000,0,0,0,0,5000,-5000,-5000
052354,健策群益96購02  ,0,0,0,0,0,0,0,0,0,-5000,0,0,0,60000,65000,-5000,-5000
052383,臺股指元大95購29,0,0,0,0,0,0,0,0,0,-5000,0,0,0,1000,6000,-5000,-5000
053290,元油反中信97購01,0,0,0,0,0,0,0,0,0,-5000,0,0,0,0,5000,-5000,-5000
052918,智易富邦97購02  ,0,0,0,0,0,0,0,0,0,-5000,0,0,0,0,5000,-5000,-5000
052933,祥碩元大96購01  ,0,0,0,0,0,0,0,0,0,-5000,0,0,0,5000,10000,-5000,-5000
052980,上銀元大96購03  ,0,0,0,0,0,0,0,0,0,-5000,0,0,0,62000,67000,-5000,-5000
05304P,國巨國泰97售02  ,0,0,0,0,0,0,0,0,0,-5000,0,0,0,0,5000,-5000,-5000
051394,奇鋐兆豐95購01  ,0,0,0,0,0,0,0,0,0,-5000,0,0,0,105000,110000,-5000,-5000
051335,華固永豐95購01  ,0,0,0,0,0,0,0,0,0,-5000,0,0,0,10000,15000,-5000,-5000
051327,元油2X永豐95購02,0,0,0,0,0,0,0,0,0,-5000,0,0,0,250000,255000,-5000,-5000
051187,晶相光永豐95購01,0,0,0,0,0,0,0,0,0,-5000,0,0,0,30000,35000,-5000,-5000
050785,全新國泰96購01  ,0,0,0,0,0,0,0,0,0,-5000,0,0,0,5000,10000,-5000,-5000
050855,華通台新95購01  ,0,0,0,0,0,0,0,0,0,-5000,0,0,0,142000,147000,-5000,-5000
050906,臺股指元大95購13,0,0,0,0,0,0,0,0,0,-5000,0,0,0,10000,15000,-5000,-5000
05102P,臺股指凱基96售09,0,0,0,0,0,0,0,0,0,-5000,0,0,0,0,5000,-5000,-5000
051006,中磊中信95購01  ,0,0,0,0,0,0,0,0,0,-5000,0,0,0,22000,27000,-5000,-5000
050954,樺漢群益95購01  ,0,0,0,0,0,0,0,0,0,-5000,0,0,0,0,5000,-5000,-5000
051716,康控康和95購01  ,0,0,0,0,0,0,0,0,0,-5000,0,0,0,0,5000,-5000,-5000
05145P,道瓊反元大98售01,0,0,0,0,0,0,0,0,0,-5000,0,0,0,0,5000,-5000,-5000
051467,GIS富邦96購01   ,0,0,0,0,0,0,0,0,0,-5000,0,0,0,145000,150000,-5000,-5000
051503,玉晶光統一97購01,0,0,0,0,0,0,0,0,0,-5000,0,0,0,0,5000,-5000,-5000
052137,台表科凱基96購02,0,0,0,0,0,0,0,0,0,-5000,0,0,0,20000,25000,-5000,-5000
052145,京元電群益95購02,0,0,0,0,0,0,0,0,0,-5000,0,0,0,0,5000,-5000,-5000
05189P,新光金凱基97售02,0,0,0,0,0,0,0,0,0,-5000,0,0,0,0,5000,-5000,-5000
051971,元金2X凱基97購02,0,0,0,0,0,0,0,0,0,-5000,0,0,0,0,5000,-5000,-5000
051862,旺宏凱基95購05  ,0,0,0,0,0,0,0,0,0,-5000,0,0,0,33000,38000,-5000,-5000
051810,欣興凱基95購03  ,0,0,0,0,0,0,0,0,0,-5000,0,0,0,0,5000,-5000,-5000
1323,永裕            ,0,5000,-5000,0,0,0,0,0,0,0,0,0,0,0,0,0,-5000
1436,華友聯          ,2000,7000,-5000,0,0,0,0,0,0,0,0,0,0,0,0,0,-5000
1101B,台泥乙特        ,0,0,0,0,0,0,0,0,0,-5000,5000,10000,-5000,0,0,0,-5000
06466P,台積電統一9B售01,0,0,0,0,0,0,0,0,0,-5000,0,0,0,0,5000,-5000,-5000
06315P,臺股指元富97售02,0,0,0,0,0,0,0,0,0,-5000,0,0,0,0,5000,-5000,-5000
06281P,臺股指凱基97售13,0,0,0,0,0,0,0,0,0,-5000,0,0,0,0,5000,-5000,-5000
06306P,臺股指元大97售12,0,0,0,0,0,0,0,0,0,-5000,0,0,0,0,5000,-5000,-5000
06158P,玉晶光元富97售08,0,0,0,0,0,0,0,0,0,-5000,0,0,0,40000,45000,-5000,-5000
06117P,臺股指日盛97售02,0,0,0,0,0,0,0,0,0,-5000,0,0,0,0,5000,-5000,-5000
06100P,台積電日盛97售03,0,0,0,0,0,0,0,0,0,-5000,0,0,0,400000,405000,-5000,-5000
05929P,宏達電康和96售01,0,0,0,0,0,0,0,0,0,-5000,0,0,0,0,5000,-5000,-5000
05870P,聯發科凱基96售19,0,0,0,0,0,0,0,0,0,-5000,0,0,0,0,5000,-5000,-5000
05892P,大立光中信98售03,0,0,0,0,0,0,0,0,0,-5000,0,0,0,22000,27000,-5000,-5000
05618P,聯發科元富96售02,0,0,0,0,0,0,0,0,0,-5000,0,0,0,0,5000,-5000,-5000
056440,智邦凱基98購03  ,0,0,0,0,0,0,0,0,0,-5000,0,0,0,5000,10000,-5000,-5000
056424,泰碩統一98購01  ,0,0,0,0,0,0,0,0,0,-5000,0,0,0,0,5000,-5000,-5000
05798P,臺股指群益96售12,0,0,0,0,0,0,0,0,0,-5000,0,0,0,0,5000,-5000,-5000
05787P,臺股指永昌96售04,0,0,0,0,0,0,0,0,0,-5000,80000,0,80000,280000,365000,-85000,-5000
05770P,聯發科凱基96售16,0,0,0,0,0,0,0,0,0,-5000,0,0,0,3000,8000,-5000,-5000
05773P,臺股指凱基99售03,0,0,0,0,0,0,0,0,0,-5000,0,0,0,0,5000,-5000,-5000
6541,泰福-KY         ,27000,30000,-3000,0,0,0,0,0,0,-2000,0,2000,-2000,0,0,0,-5000
2509,全坤建          ,0,5000,-5000,0,0,0,0,0,0,0,0,0,0,0,0,0,-5000
4540,全球傳動        ,42000,47000,-5000,0,0,0,0,0,0,0,0,0,0,0,0,0,-5000
3164,景岳            ,1000,6000,-5000,0,0,0,0,0,0,0,0,0,0,0,0,0,-5000
3130,一零四          ,0,5000,-5000,0,0,0,0,0,0,0,0,0,0,0,0,0,-5000
2402,毅嘉            ,346000,349000,-3000,0,0,0,0,0,0,-2000,3000,5000,-2000,0,0,0,-5000
053992,中環群益96購01  ,0,0,0,0,0,0,0,0,0,-6000,0,0,0,5000,11000,-6000,-6000
053985,矽創元大96購02  ,0,0,0,0,0,0,0,0,0,-6000,0,0,0,0,6000,-6000,-6000
053905,華新科凱基96購10,0,0,0,0,0,0,0,0,0,-6000,0,0,0,0,6000,-6000,-6000
053652,友達凱基98購04  ,0,0,0,0,0,0,0,0,0,-6000,0,0,0,0,6000,-6000,-6000
053746,彰銀康和96購01  ,0,0,0,0,0,0,0,0,0,-6000,0,0,0,68000,74000,-6000,-6000
053525,台積電中信96購04,0,0,0,0,0,0,0,0,0,-6000,0,0,0,43000,49000,-6000,-6000
054386,鴻海統一98購03  ,0,0,0,0,0,0,0,0,0,-6000,0,0,0,0,6000,-6000,-6000
054309,禾伸堂凱基98購01,0,0,0,0,0,0,0,0,0,-6000,0,0,0,10000,16000,-6000,-6000
054364,智伸科凱基96購01,0,0,0,0,0,0,0,0,0,-6000,0,0,0,109000,115000,-6000,-6000
054374,信邦中信96購01  ,0,0,0,0,0,0,0,0,0,-6000,0,0,0,23000,29000,-6000,-6000
054111,緯穎凱基97購01  ,0,0,0,0,0,0,0,0,0,-6000,0,0,0,0,6000,-6000,-6000
05513P,玉山金台新96售01,0,0,0,0,0,0,0,0,0,-6000,0,0,0,0,6000,-6000,-6000
055863,緯穎元大97購05  ,0,0,0,0,0,0,0,0,0,-6000,0,0,0,672000,678000,-6000,-6000
035277,景碩台新97購01  ,0,0,0,0,0,0,0,0,0,-6000,0,0,0,6000,12000,-6000,-6000
044217,華新科凱基93購03,0,0,0,0,0,0,0,0,0,-6000,0,0,0,24000,30000,-6000,-6000
04554P,可成中信94售01  ,0,0,0,0,0,0,0,0,0,-6000,0,0,0,10000,16000,-6000,-6000
043748,漢唐元大93購01  ,0,0,0,0,0,0,0,0,0,-6000,0,0,0,1000,7000,-6000,-6000
04241P,欣興國泰95售02  ,0,0,0,0,0,0,0,0,0,-6000,0,0,0,45000,51000,-6000,-6000
045001,旺宏富邦94購01  ,0,0,0,0,0,0,0,0,0,-6000,0,0,0,119000,125000,-6000,-6000
045031,上銀群益93購02  ,0,0,0,0,0,0,0,0,0,-6000,0,0,0,14000,20000,-6000,-6000
044972,元金2X國票96購01,0,0,0,0,0,0,0,0,0,-6000,0,0,0,0,6000,-6000,-6000
046026,友訊元大92購01  ,0,0,0,0,0,0,0,0,0,-6000,0,0,0,0,6000,-6000,-6000
048784,台積電元大94購04,0,0,0,0,0,0,0,0,0,-6000,0,0,0,49000,55000,-6000,-6000
046848,和大元大93購01  ,0,0,0,0,0,0,0,0,0,-6000,0,0,0,0,6000,-6000,-6000
046287,禾伸堂兆豐92購01,0,0,0,0,0,0,0,0,0,-6000,0,0,0,10000,16000,-6000,-6000
047104,和大元大93購02  ,0,0,0,0,0,0,0,0,0,-6000,0,0,0,0,6000,-6000,-6000
050445,鴻海元大94購21  ,0,0,0,0,0,0,0,0,0,-6000,0,0,0,317000,323000,-6000,-6000
050494,可成永昌96購01  ,0,0,0,0,0,0,0,0,0,-6000,0,0,0,262000,268000,-6000,-6000
05070P,鴻海統一96售04  ,0,0,0,0,0,0,0,0,0,-6000,0,0,0,8000,14000,-6000,-6000
05010P,台郡元富95售01  ,0,0,0,0,0,0,0,0,0,-6000,0,0,0,20000,26000,-6000,-6000
049020,可成群益94購02  ,0,0,0,0,0,0,0,0,0,-6000,0,0,0,25000,31000,-6000,-6000
048991,昇陽半元大94購01,0,0,0,0,0,0,0,0,0,-6000,0,0,0,0,6000,-6000,-6000
048591,台郡兆豐94購01  ,0,0,0,0,0,0,0,0,0,-6000,0,0,0,14000,20000,-6000,-6000
047518,儒鴻元大93購07  ,0,0,0,0,0,0,0,0,0,-6000,0,0,0,0,6000,-6000,-6000
04961P,貿聯凱基94售03  ,0,0,0,0,0,0,0,0,0,-6000,0,0,0,0,6000,-6000,-6000
049851,致伸群益94購03  ,0,0,0,0,0,0,0,0,0,-6000,0,0,0,0,6000,-6000,-6000
051864,聯發科凱基96購03,0,0,0,0,0,0,0,0,0,-6000,0,0,0,0,6000,-6000,-6000
05196P,台積電永豐95售03,0,0,0,0,0,0,0,0,0,-6000,0,0,0,0,6000,-6000,-6000
052141,百和凱基95購02  ,0,0,0,0,0,0,0,0,0,-6000,0,0,0,4000,10000,-6000,-6000
051528,亞泥國票96購01  ,0,0,0,0,0,0,0,0,0,-6000,0,0,0,10000,16000,-6000,-6000
05089P,亞德客元大95售01,0,0,0,0,0,0,0,0,0,-6000,0,0,0,0,6000,-6000,-6000
050769,聯發科元大94購17,0,0,0,0,0,0,0,0,0,-6000,0,0,0,0,6000,-6000,-6000
052978,貿聯麥證97購01  ,0,0,0,0,6000,-6000,0,0,0,-6000,0,0,0,0,6000,-6000,-6000
052845,旺宏統一97購01  ,0,0,0,0,0,0,0,0,0,-6000,0,0,0,6000,12000,-6000,-6000
05330P,臺股指凱基95售14,0,0,0,0,0,0,0,0,0,-6000,0,0,0,5000,11000,-6000,-6000
052724,力成統一97購01  ,0,0,0,0,0,0,0,0,0,-6000,0,0,0,0,6000,-6000,-6000
052583,友達台新96購02  ,0,0,0,0,0,0,0,0,0,-6000,0,0,0,22000,28000,-6000,-6000
1540,喬福            ,0,6000,-6000,0,0,0,0,0,0,0,0,0,0,0,0,0,-6000
3321,同泰            ,41000,6000,35000,0,0,0,0,0,0,-41000,0,41000,-41000,0,0,0,-6000
2497,怡利電          ,5000,11000,-6000,0,0,0,0,0,0,0,0,0,0,0,0,0,-6000
2468,華經            ,2000,7000,-5000,0,0,0,0,0,0,-1000,0,1000,-1000,0,0,0,-6000
8011,台通            ,29000,34000,-5000,0,0,0,0,0,0,-1000,0,1000,-1000,0,0,0,-6000
8411,福貞-KY         ,0,5000,-5000,0,0,0,0,0,0,-1000,0,1000,-1000,0,0,0,-6000
8422,可寧衛          ,18000,23000,-5000,0,0,0,0,0,0,-1000,0,1000,-1000,0,0,0,-6000
911868,同方友友-DR     ,0,6000,-6000,0,0,0,0,0,0,0,0,0,0,0,0,0,-6000
8499,鼎炫-KY         ,23000,29000,-6000,0,0,0,0,0,0,0,0,0,0,0,0,0,-6000
6224,聚鼎            ,15000,20000,-5000,0,0,0,0,0,0,-1000,0,1000,-1000,0,0,0,-6000
6136,富爾特          ,0,6000,-6000,0,0,0,0,0,0,0,0,0,0,0,0,0,-6000
4755,三福化          ,0,6000,-6000,0,0,0,0,0,0,0,0,0,0,0,0,0,-6000
4576,大銀微系統      ,4000,10000,-6000,0,0,0,0,0,0,0,0,0,0,0,0,0,-6000
4952,凌通            ,15000,20000,-5000,0,0,0,0,0,0,-1000,0,1000,-1000,0,0,0,-6000
05698P,群創凱基96售01  ,0,0,0,0,0,0,0,0,0,-6000,0,0,0,10000,16000,-6000,-6000
056399,上証2X群益9C購01,0,0,0,0,0,0,0,0,0,-6000,0,0,0,0,6000,-6000,-6000
056486,樺漢元大98購04  ,0,0,0,0,0,0,0,0,0,-6000,0,0,0,0,6000,-6000,-6000
05626P,景碩國票97售03  ,0,0,0,0,0,0,0,0,0,-6000,0,0,0,0,6000,-6000,-6000
056229,可成凱基97購04  ,0,0,0,0,0,0,0,0,0,-6000,0,0,0,0,6000,-6000,-6000
05970P,超眾永豐96售03  ,0,0,0,0,0,0,0,0,0,-6000,0,0,0,0,6000,-6000,-6000
06122P,亞光元大98售01  ,0,0,0,0,0,0,0,0,0,-6000,0,0,0,0,6000,-6000,-6000
06459P,亞德客元富98售01,0,0,0,0,0,0,0,0,0,-6000,0,0,0,0,6000,-6000,-6000
1416,廣豐            ,0,5000,-5000,0,0,0,0,0,0,-1000,0,1000,-1000,0,0,0,-6000
05570P,聯發科統一96售04,0,0,0,0,0,0,0,0,0,-7000,0,0,0,0,7000,-7000,-7000
055658,南電元富97購01  ,0,0,0,0,0,0,0,0,0,-7000,0,0,0,1000,8000,-7000,-7000
055640,鴻海元富97購03  ,0,0,0,0,0,0,0,0,0,-7000,0,0,0,78000,85000,-7000,-7000
05562P,鴻海元大96售16  ,0,0,0,0,0,0,0,0,0,-7000,0,0,0,50000,57000,-7000,-7000
055197,致新元富97購02  ,0,0,0,0,0,0,0,0,0,-7000,0,0,0,3000,10000,-7000,-7000
054976,上証2X元富9A購01,0,0,0,0,0,0,0,0,0,-7000,0,0,0,0,7000,-7000,-7000
05483P,國巨凱基95售07  ,0,0,0,0,0,0,0,0,0,-7000,0,0,0,3000,10000,-7000,-7000
054114,新光金台新97購01,0,0,0,0,0,0,0,0,0,-7000,0,0,0,0,7000,-7000,-7000
05351P,臺股指元富95售05,0,0,0,0,0,0,0,0,0,-7000,0,0,0,0,7000,-7000,-7000
053837,貿聯永豐96購02  ,0,0,0,0,0,0,0,0,0,-7000,0,0,0,22000,29000,-7000,-7000
053847,美律元富96購02  ,0,0,0,0,0,0,0,0,0,-7000,0,0,0,29000,36000,-7000,-7000
047123,中石化中信95購01,0,0,0,0,0,0,0,0,0,-7000,0,0,0,34000,41000,-7000,-7000
046863,康友元大93購01  ,0,0,0,0,0,0,0,0,0,-7000,0,0,0,3000,10000,-7000,-7000
046324,健策元大92購05  ,0,0,0,0,0,0,0,0,0,-7000,0,0,0,18000,25000,-7000,-7000
046796,南電元富93購01  ,0,0,0,0,0,0,0,0,0,-7000,0,0,0,3000,10000,-7000,-7000
045205,鈺齊凱基92購01  ,0,0,0,0,0,0,0,0,0,-7000,0,0,0,9000,16000,-7000,-7000
045652,緯穎凱基92購01  ,0,0,0,0,0,0,0,0,0,-7000,0,0,0,0,7000,-7000,-7000
03351P,台積電麥證02售07,0,0,0,0,0,0,0,0,0,-7000,0,0,0,7000,14000,-7000,-7000
00681R,元大美債20反1   ,0,0,0,0,0,0,0,0,0,-7000,0,0,0,0,7000,-7000,-7000
03203P,台積電凱基01售26,0,0,0,0,0,0,0,0,0,-7000,0,0,0,0,7000,-7000,-7000
049880,健策永豐94購02  ,0,0,0,0,0,0,0,0,0,-7000,0,0,0,53000,60000,-7000,-7000
049877,南亞科永豐94購01,0,0,0,0,0,0,0,0,0,-7000,0,0,0,13000,20000,-7000,-7000
049318,樺漢凱基94購01  ,0,0,0,0,0,0,0,0,0,-7000,0,0,0,0,7000,-7000,-7000
048019,GIS麥證94購01   ,0,0,0,3000,10000,-7000,0,0,0,-7000,0,0,0,3000,10000,-7000,-7000
050410,燿華永豐95購03  ,0,0,0,0,0,0,0,0,0,-7000,0,0,0,4000,11000,-7000,-7000
050201,光磊群益94購01  ,0,0,0,0,0,0,0,0,0,-7000,0,0,0,22000,29000,-7000,-7000
050290,南亞科凱基94購06,0,0,0,0,0,0,0,0,0,-7000,0,0,0,0,7000,-7000,-7000
055349,京元電凱基97購02,0,0,0,0,0,0,0,0,0,-7000,0,0,0,0,7000,-7000,-7000
055323,貿聯國票98購01  ,0,0,0,0,0,0,0,0,0,-7000,0,0,0,37000,44000,-7000,-7000
052578,大立光統一97購01,0,0,0,0,0,0,0,0,0,-7000,0,0,0,3000,10000,-7000,-7000
052566,國巨凱基96購04  ,0,0,0,0,0,0,0,0,0,-7000,0,0,0,2000,9000,-7000,-7000
052547,光磊兆豐96購01  ,0,0,0,0,0,0,0,0,0,-7000,0,0,0,143000,150000,-7000,-7000
052615,鴻海國泰98購01  ,0,0,0,0,0,0,0,0,0,-7000,0,0,0,38000,45000,-7000,-7000
052838,新唐國泰98購01  ,0,0,0,0,0,0,0,0,0,-7000,0,0,0,33000,40000,-7000,-7000
052926,旺宏元大98購02  ,0,0,0,0,0,0,0,0,0,-7000,0,0,0,504000,511000,-7000,-7000
051166,可成元大95購02  ,0,0,0,0,0,0,0,0,0,-7000,0,0,0,0,7000,-7000,-7000
051347,國巨元大95購06  ,0,0,0,0,0,0,0,0,0,-7000,0,0,0,10000,17000,-7000,-7000
051535,新日興國票96購01,0,0,0,0,0,0,0,0,0,-7000,0,0,0,0,7000,-7000,-7000
051596,超眾元大95購05  ,0,0,0,0,0,0,0,0,0,-7000,0,0,0,194000,201000,-7000,-7000
06247P,同欣電元富97售02,0,0,0,0,0,0,0,0,0,-7000,0,0,0,6000,13000,-7000,-7000
06249P,億光統一97售02  ,0,0,0,0,0,0,0,0,0,-7000,0,0,0,122000,129000,-7000,-7000
06330P,南亞科群益97售03,0,0,0,0,0,0,0,0,0,-7000,0,0,0,4000,11000,-7000,-7000
06046P,健策統一96售03  ,0,0,0,0,0,0,0,0,0,-7000,0,0,0,76000,83000,-7000,-7000
06008P,燿華統一96售04  ,0,0,0,0,0,0,0,0,0,-7000,0,0,0,0,7000,-7000,-7000
056228,可成凱基97購03  ,0,0,0,0,0,0,0,0,0,-7000,0,0,0,0,7000,-7000,-7000
056449,義隆凱基98購03  ,0,0,0,0,0,0,0,0,0,-7000,0,0,0,0,7000,-7000,-7000
056390,台積電富邦9B購01,0,0,0,0,0,0,0,0,0,-7000,0,0,0,0,7000,-7000,-7000
4566,時碩工業        ,29000,34000,-5000,0,0,0,0,0,0,-2000,0,2000,-2000,0,0,0,-7000
5243,乙盛-KY         ,77000,82000,-5000,0,0,0,0,0,0,-2000,3000,5000,-2000,0,0,0,-7000
6172,互億            ,3000,0,3000,0,0,0,0,0,0,-10000,0,10000,-10000,0,0,0,-7000
8466,美吉吉-KY       ,0,6000,-6000,0,0,0,0,0,0,-1000,0,1000,-1000,0,0,0,-7000
6431,光麗-KY         ,0,0,0,0,0,0,0,0,0,-7000,0,7000,-7000,0,0,0,-7000
2616,山隆            ,4000,11000,-7000,0,0,0,0,0,0,0,0,0,0,0,0,0,-7000
2906,高林            ,0,7000,-7000,0,0,0,0,0,0,0,0,0,0,0,0,0,-7000
1517,利奇            ,3000,10000,-7000,0,0,0,0,0,0,0,0,0,0,0,0,0,-7000
2028,威致            ,0,7000,-7000,0,0,0,0,0,0,0,0,0,0,0,0,0,-7000
2373,震旦行          ,1000,6000,-5000,0,0,0,0,0,0,-2000,0,2000,-2000,0,0,0,-7000
2227,裕日車          ,17000,22000,-5000,0,0,0,0,0,0,-2000,0,2000,-2000,0,0,0,-7000
2501,國建            ,297000,297280,-280,0,0,0,0,0,0,-7000,0,7000,-7000,0,0,0,-7280
053882,聯發科中信98購02,0,0,0,0,0,0,0,0,0,-8000,0,0,0,12000,20000,-8000,-8000
053919,可成國票97購02  ,0,0,0,0,0,0,0,0,0,-8000,0,0,0,32000,40000,-8000,-8000
053927,牧德國票97購01  ,0,0,0,0,0,0,0,0,0,-8000,0,0,0,60000,68000,-8000,-8000
053986,矽創第一96購01  ,0,0,0,0,0,0,0,0,0,-8000,0,0,0,0,8000,-8000,-8000
053558,訊芯凱基96購02  ,0,0,0,0,0,0,0,0,0,-8000,0,0,0,3000,11000,-8000,-8000
053697,臻鼎元大96購02  ,0,0,0,0,0,0,0,0,0,-8000,0,0,0,169000,177000,-8000,-8000
054066,緯穎國票97購03  ,0,0,0,0,0,0,0,0,0,-8000,0,0,0,0,8000,-8000,-8000
054321,上銀台新96購01  ,0,0,0,0,0,0,0,0,0,-8000,0,0,0,2000,10000,-8000,-8000
054313,麗豐凱基96購02  ,0,0,0,0,0,0,0,0,0,-8000,0,0,0,2000,10000,-8000,-8000
05446P,緯穎元大95售04  ,0,0,0,0,0,0,0,0,0,-8000,0,0,0,0,8000,-8000,-8000
054523,GIS元大96購05   ,0,0,0,0,0,0,0,0,0,-8000,0,0,0,6000,14000,-8000,-8000
05471P,聯電統一95售01  ,0,0,0,0,0,0,0,0,0,-8000,0,0,0,0,8000,-8000,-8000
054998,玉晶光元富97購02,0,0,0,0,0,0,0,0,0,-8000,0,0,0,0,8000,-8000,-8000
055690,矽力凱基97購02  ,0,0,0,0,0,0,0,0,0,-8000,0,0,0,0,8000,-8000,-8000
05559P,臺股指麥證96售01,0,0,0,0,8000,-8000,0,0,0,-8000,0,0,0,0,8000,-8000,-8000
055461,TPK永豐97購01   ,0,0,0,0,0,0,0,0,0,-8000,0,0,0,2000,10000,-8000,-8000
055881,康控元富97購01  ,0,0,0,0,0,0,0,0,0,-8000,0,0,0,91000,99000,-8000,-8000
03090X,元展84          ,0,0,0,0,0,0,0,0,0,-8000,0,0,0,0,8000,-8000,-8000
044049,元金2X元大94購03,0,0,0,0,0,0,0,0,0,-8000,0,0,0,0,8000,-8000,-8000
04187P,麗豐元富93售02  ,0,0,0,0,0,0,0,0,0,-8000,0,0,0,0,8000,-8000,-8000
044510,台光電凱基93購04,0,0,0,0,0,0,0,0,0,-8000,0,0,0,0,8000,-8000,-8000
042787,新日興兆豐93購01,0,0,0,0,0,0,0,0,0,-8000,0,0,0,0,8000,-8000,-8000
04380P,欣興元大94售02  ,0,0,0,0,0,0,0,0,0,-8000,0,0,0,0,8000,-8000,-8000
04595P,臺股指元大94售13,0,0,0,0,0,0,0,0,0,-8000,0,0,0,0,8000,-8000,-8000
048644,華固元大93購01  ,0,0,0,0,0,0,0,0,0,-8000,0,0,0,0,8000,-8000,-8000
048677,智伸科國泰94購01,0,0,0,0,0,0,0,0,0,-8000,0,0,0,2000,10000,-8000,-8000
04621P,楠梓電統一94售02,0,0,0,0,0,0,0,0,0,-8000,0,0,0,0,8000,-8000,-8000
046574,泰鼎國泰94購01  ,0,0,0,0,0,0,0,0,0,-8000,0,0,0,119000,127000,-8000,-8000
055303,鈺齊元大97購01  ,0,0,0,0,0,0,0,0,0,-8000,0,0,0,0,8000,-8000,-8000
050337,南電國泰95購01  ,0,0,0,0,0,0,0,0,0,-8000,0,0,0,50000,58000,-8000,-8000
050239,廣達凱基94購01  ,0,0,0,0,0,0,0,0,0,-8000,0,0,0,80000,88000,-8000,-8000
048568,緯穎元大93購06  ,0,0,0,0,0,0,0,0,0,-8000,0,0,0,13000,21000,-8000,-8000
049352,泰鼎永豐95購01  ,0,0,0,0,0,0,0,0,0,-8000,0,0,0,72000,80000,-8000,-8000
04888P,臺股指凱基95售03,0,0,0,0,0,0,0,0,0,-8000,0,0,0,160000,168000,-8000,-8000
048871,晶豪科國票94購01,0,0,0,0,0,0,0,0,0,-8000,0,0,0,5000,13000,-8000,-8000
047543,鴻海凱基94購09  ,0,0,0,0,0,0,0,0,0,-8000,0,0,0,1000,9000,-8000,-8000
047569,世紀鋼國票94購02,0,0,0,0,0,0,0,0,0,-8000,0,0,0,0,8000,-8000,-8000
047222,鴻海凱基94購04  ,0,0,0,0,0,0,0,0,0,-8000,0,0,0,5000,13000,-8000,-8000
047251,麗豐群益93購01  ,0,0,0,0,0,0,0,0,0,-8000,0,0,0,0,8000,-8000,-8000
047336,臺股指元大93購31,0,0,0,0,0,0,0,0,0,-8000,0,0,0,0,8000,-8000,-8000
049605,旺宏第一94購01  ,0,0,0,0,0,0,0,0,0,-8000,0,0,0,0,8000,-8000,-8000
049751,牧德永豐95購01  ,0,0,0,0,0,0,0,0,0,-8000,0,0,0,0,8000,-8000,-8000
051537,牧德國票96購01  ,0,0,0,0,0,0,0,0,0,-8000,0,0,0,0,8000,-8000,-8000
051523,牧德凱基95購02  ,0,0,0,0,0,0,0,0,0,-8000,0,0,0,41000,49000,-8000,-8000
051486,玉晶光凱基97購03,0,0,0,0,0,0,0,0,0,-8000,0,0,0,39000,47000,-8000,-8000
051332,奇力新永豐95購01,0,0,0,0,0,0,0,0,0,-8000,0,0,0,101000,109000,-8000,-8000
05130P,聯發科統一95售03,0,0,0,0,0,0,0,0,0,-8000,0,0,0,2000,10000,-8000,-8000
051436,訊芯元富95購01  ,0,0,0,0,0,0,0,0,0,-8000,0,0,0,0,8000,-8000,-8000
050764,鴻海元大94購27  ,0,0,0,0,0,0,0,0,0,-8000,0,0,0,403000,411000,-8000,-8000
050848,日月光國票95購01,0,0,0,0,0,0,0,0,0,-8000,0,0,0,182000,190000,-8000,-8000
051012,台積電凱基95購04,0,0,0,0,0,0,0,0,0,-8000,0,0,0,0,8000,-8000,-8000
05284P,鴻海兆豐95售04  ,0,0,0,0,0,0,0,0,0,-8000,0,0,0,2000,10000,-8000,-8000
053084,國巨元大98購01  ,0,0,0,0,0,0,0,0,0,-8000,0,0,0,168000,176000,-8000,-8000
053335,易華電永豐96購01,0,0,0,0,0,0,0,0,0,-8000,0,0,0,0,8000,-8000,-8000
053397,國泰金中信96購01,0,0,0,0,0,0,0,0,0,-8000,0,0,0,0,8000,-8000,-8000
053418,旺宏永豐96購02  ,0,0,0,0,0,0,0,0,0,-8000,0,0,0,363000,371000,-8000,-8000
052574,茂林凱基96購02  ,0,0,0,0,0,0,0,0,0,-8000,0,0,0,66000,74000,-8000,-8000
052403,麗豐凱基96購01  ,0,0,0,0,0,0,0,0,0,-8000,0,0,0,40000,48000,-8000,-8000
052497,楠梓電永豐96購01,0,0,0,0,0,0,0,0,0,-8000,0,0,0,2000,10000,-8000,-8000
052246,超眾康和95購01  ,0,0,0,0,0,0,0,0,0,-8000,0,0,0,398000,406000,-8000,-8000
2515,中工            ,479000,482000,-3000,0,0,0,0,0,0,-5000,0,8000,-8000,3000,0,3000,-8000
2888A,新光金甲特      ,0,8000,-8000,0,0,0,0,0,0,0,0,0,0,0,0,0,-8000
2702,華園            ,61000,69000,-8000,0,0,0,0,0,0,0,0,0,0,0,0,0,-8000
3018,同開            ,87000,95000,-8000,0,0,0,0,0,0,0,0,0,0,0,0,0,-8000
2017,官田鋼          ,0,8000,-8000,0,0,0,0,0,0,0,0,0,0,0,0,0,-8000
4766,南寶            ,24000,12000,12000,0,0,0,0,20000,-20000,0,0,0,0,0,0,0,-8000
056418,台光電元富98購01,0,0,0,0,0,0,0,0,0,-8000,0,0,0,0,8000,-8000,-8000
05613P,臻鼎台新96售01  ,0,0,0,0,0,0,0,0,0,-8000,0,0,0,0,8000,-8000,-8000
06140P,華新科群益97售06,0,0,0,0,0,0,0,0,0,-8000,0,0,0,16000,24000,-8000,-8000
1441,大東            ,27000,25000,2000,0,0,0,0,0,0,-10000,0,10000,-10000,0,0,0,-8000
1340,勝悅-KY         ,5000,13000,-8000,0,0,0,0,0,0,0,0,0,0,0,0,0,-8000
9914,美利達          ,385000,398600,-13600,0,0,0,0,0,0,5000,28000,23000,5000,0,0,0,-8600
055780,禾伸堂凱基99購01,0,0,0,0,0,0,0,0,0,-9000,0,0,0,0,9000,-9000,-9000
055842,建準元大98購01  ,0,0,0,0,0,0,0,0,0,-9000,0,0,0,1000,10000,-9000,-9000
055477,同欣電凱基98購01,0,0,0,0,0,0,0,0,0,-9000,0,0,0,14000,23000,-9000,-9000
055593,華新科元大97購10,0,0,0,0,0,0,0,0,0,-9000,0,0,0,12000,21000,-9000,-9000
055564,茂林凱基98購01  ,0,0,0,0,0,0,0,0,0,-9000,0,0,0,91000,100000,-9000,-9000
054694,聯鈞永豐97購01  ,0,0,0,0,0,0,0,0,0,-9000,0,0,0,110000,119000,-9000,-9000
05535P,台積電元大97售06,0,0,0,0,0,0,0,0,0,-9000,0,0,0,503000,512000,-9000,-9000
054315,訊芯凱基98購01  ,0,0,0,0,0,0,0,0,0,-9000,0,0,0,11000,20000,-9000,-9000
054088,華新群益98購02  ,0,0,0,0,0,0,0,0,0,-9000,0,0,0,2000,11000,-9000,-9000
053506,南茂兆豐97購01  ,0,0,0,0,0,0,0,0,0,-9000,0,0,0,2000,11000,-9000,-9000
054031,中鋼中信98購01  ,0,0,0,0,0,0,0,0,0,-9000,0,0,0,11000,20000,-9000,-9000
046552,晶技麥證92購01  ,0,0,0,0,9000,-9000,0,0,0,-9000,0,0,0,0,9000,-9000,-9000
046757,漢唐凱基93購02  ,0,0,0,0,0,0,0,0,0,-9000,0,0,0,40000,49000,-9000,-9000
046886,喬山群益93購01  ,0,0,0,0,0,0,0,0,0,-9000,0,0,0,1000,10000,-9000,-9000
048787,義隆元大94購02  ,0,0,0,0,0,0,0,0,0,-9000,0,0,0,1000,10000,-9000,-9000
048764,台光電凱基94購03,0,0,0,0,0,0,0,0,0,-9000,0,0,0,0,9000,-9000,-9000
048825,華新科凱基94購05,0,0,0,0,0,0,0,0,0,-9000,0,0,0,3000,12000,-9000,-9000
045963,新光金凱基93購01,0,0,0,0,0,0,0,0,0,-9000,0,0,0,75000,84000,-9000,-9000
045946,華通兆豐92購02  ,0,0,0,0,0,0,0,0,0,-9000,0,0,0,1000,10000,-9000,-9000
045086,玉晶光元大94購02,0,0,0,0,0,0,0,0,0,-9000,0,0,0,21000,30000,-9000,-9000
044462,漢唐兆豐93購01  ,0,0,0,0,0,0,0,0,0,-9000,0,0,0,60000,69000,-9000,-9000
049828,華新科凱基94購06,0,0,0,0,0,0,0,0,0,-9000,0,0,0,40000,49000,-9000,-9000
049569,光磊統一94購02  ,0,0,0,0,0,0,0,0,0,-9000,0,0,0,76000,85000,-9000,-9000
049500,聯茂元大94購04  ,0,0,0,0,0,0,0,0,0,-9000,0,0,0,1000,10000,-9000,-9000
04856P,光磊元富94售01  ,0,0,0,0,0,0,0,0,0,-9000,0,0,0,1000,10000,-9000,-9000
049385,茂林元大94購03  ,0,0,0,0,0,0,0,0,0,-9000,0,0,0,1000,10000,-9000,-9000
048091,漢唐凱基93購03  ,0,0,0,0,0,0,0,0,0,-9000,0,0,0,10000,19000,-9000,-9000
048130,美利達元大96購01,0,0,0,0,0,0,0,0,0,-9000,0,0,0,6000,15000,-9000,-9000
052282,宏達電凱基95購05,0,0,0,0,0,0,0,0,0,-9000,0,0,0,94000,103000,-9000,-9000
052516,臺股指凱基95購20,0,0,0,0,0,0,0,0,0,-9000,0,0,0,170000,179000,-9000,-9000
052413,上証反中信97購01,0,0,0,0,0,0,0,0,0,-9000,0,0,0,10000,19000,-9000,-9000
052771,GIS群益96購01   ,0,0,0,0,0,0,0,0,0,-9000,0,0,0,11000,20000,-9000,-9000
053269,同欣電群益96購01,0,0,0,0,0,0,0,0,0,-9000,0,0,0,102000,111000,-9000,-9000
053082,聯電元大98購03  ,0,0,0,0,0,0,0,0,0,-9000,0,0,0,0,9000,-9000,-9000
053063,力山群益98購01  ,0,0,0,0,0,0,0,0,0,-9000,0,0,0,2000,11000,-9000,-9000
051029,緯創元富95購01  ,0,0,0,0,0,0,0,0,0,-9000,0,0,0,0,9000,-9000,-9000
051372,樺漢富邦96購01  ,0,0,0,0,0,0,0,0,0,-9000,0,0,0,1000,10000,-9000,-9000
4919,新唐            ,84000,104000,-20000,0,0,0,0,0,0,11000,0,2000,-2000,19000,6000,13000,-9000
4960,誠美材          ,0,9000,-9000,0,0,0,0,0,0,0,0,0,0,0,0,0,-9000
6142,友勁            ,0,15000,-15000,0,0,0,0,0,0,6000,6000,0,6000,0,0,0,-9000
1903,士紙            ,0,7000,-7000,0,0,0,0,0,0,-2000,0,2000,-2000,0,0,0,-9000
1466,聚隆            ,0,9000,-9000,0,0,0,0,0,0,0,0,0,0,0,0,0,-9000
2436,偉詮電          ,70000,69000,1000,0,0,0,0,0,0,-10000,0,10000,-10000,0,0,0,-9000
2881A,富邦特          ,0,0,0,0,0,0,0,0,0,-9000,1000,10000,-9000,0,0,0,-9000
2506,太設            ,2000,10000,-8000,0,0,0,0,0,0,-1000,0,1000,-1000,0,0,0,-9000
06131P,京鼎元富97售02  ,0,0,0,0,0,0,0,0,0,-9000,0,0,0,1000,10000,-9000,-9000
06048P,大立光富邦96售05,0,0,0,0,0,0,0,0,0,-9000,0,0,0,1000,10000,-9000,-9000
05950P,台積電國票97售04,0,0,0,0,0,0,0,0,0,-9000,0,0,0,21000,30000,-9000,-9000
05609P,國泰金凱基96售01,0,0,0,0,0,0,0,0,0,-9000,0,0,0,1000,10000,-9000,-9000
054048,國泰金元大96購04,0,0,0,0,0,0,0,0,0,-10000,0,0,0,11000,21000,-10000,-10000
053930,S&P反1統一98購01,0,0,0,0,0,0,0,0,0,-10000,0,0,0,0,10000,-10000,-10000
05386P,臺股指永豐95售05,0,0,0,0,0,0,0,0,0,-10000,0,0,0,0,10000,-10000,-10000
053832,聯發科台新96購01,0,0,0,0,0,0,0,0,0,-10000,0,0,0,0,10000,-10000,-10000
053804,富邦金凱基96購01,0,0,0,0,0,0,0,0,0,-10000,0,0,0,0,10000,-10000,-10000
053549,南亞科凱基96購02,0,0,0,0,0,0,0,0,0,-10000,0,0,0,0,10000,-10000,-10000
053553,聯詠凱基96購03  ,0,0,0,0,0,0,0,0,0,-10000,0,0,0,0,10000,-10000,-10000
05345P,臺股指統一95售05,0,0,0,0,0,0,0,0,0,-10000,0,0,0,2000,12000,-10000,-10000
053422,可成永豐96購01  ,0,0,0,0,0,0,0,0,0,-10000,0,0,0,68000,78000,-10000,-10000
053701,台積電兆豐96購05,0,0,0,0,0,0,0,0,0,-10000,0,0,0,109000,119000,-10000,-10000
053618,新唐群益96購01  ,0,0,0,0,0,0,0,0,0,-10000,0,0,0,0,10000,-10000,-10000
054140,智易元大97購03  ,0,0,0,0,0,0,0,0,0,-10000,0,0,0,0,10000,-10000,-10000
054318,台虹凱基98購01  ,0,0,0,0,0,0,0,0,0,-10000,0,0,0,10000,20000,-10000,-10000
054365,遠東新中信96購01,0,0,0,0,0,0,0,0,0,-10000,0,0,0,78000,88000,-10000,-10000
054279,揚明光群益98購01,0,0,0,0,0,0,0,0,0,-10000,0,0,0,0,10000,-10000,-10000
054247,華邦電元大96購04,0,0,0,0,0,0,0,0,0,-10000,0,0,0,0,10000,-10000,-10000
054263,聯茂元大96購02  ,0,0,0,0,0,0,0,0,0,-10000,0,0,0,13000,23000,-10000,-10000
054252,奇力新元大96購04,0,0,0,0,0,0,0,0,0,-10000,0,0,0,70000,80000,-10000,-10000
054531,聯發科國泰97購02,0,0,0,0,0,0,0,0,0,-10000,0,0,0,0,10000,-10000,-10000
054493,同欣電台新96購01,0,0,0,0,0,0,0,0,0,-10000,0,0,0,0,10000,-10000,-10000
05448P,臺股指元大95售25,0,0,0,0,0,0,0,0,0,-10000,0,0,0,0,10000,-10000,-10000
054468,台郡凱基98購01  ,0,0,0,0,0,0,0,0,0,-10000,0,0,0,10000,20000,-10000,-10000
054481,鎧勝中信96購01  ,0,0,0,0,0,0,0,0,0,-10000,0,0,0,0,10000,-10000,-10000
054561,奇力新群益97購03,0,0,0,0,0,0,0,0,0,-10000,0,0,0,0,10000,-10000,-10000
055278,旺宏元大98購05  ,0,0,0,0,0,0,0,0,0,-10000,0,0,0,187000,197000,-10000,-10000
055241,T50反1統一99購01,0,0,0,0,0,0,0,0,0,-10000,0,0,0,0,10000,-10000,-10000
054712,上証2X中信98購02,0,0,0,0,0,0,0,0,0,-10000,0,0,0,0,10000,-10000,-10000
054728,聯發科日盛97購01,0,0,0,0,0,0,0,0,0,-10000,0,0,0,0,10000,-10000,-10000
054836,勤誠中信97購01  ,0,0,0,0,0,0,0,0,0,-10000,0,0,0,33000,43000,-10000,-10000
054834,帆宣中信97購01  ,0,0,0,0,0,0,0,0,0,-10000,0,0,0,0,10000,-10000,-10000
054816,聯發科元大97購12,0,0,0,0,0,0,0,0,0,-10000,0,0,0,0,10000,-10000,-10000
054792,揚明光群益97購01,0,0,0,0,0,0,0,0,0,-10000,0,0,0,0,10000,-10000,-10000
055008,隆達元富97購01  ,0,0,0,0,0,0,0,0,0,-10000,0,0,0,0,10000,-10000,-10000
054957,興富發元大97購01,0,0,0,0,0,0,0,0,0,-10000,0,0,0,0,10000,-10000,-10000
054876,群電群益97購02  ,0,0,0,0,0,0,0,0,0,-10000,0,0,0,0,10000,-10000,-10000
055594,華新科元大98購02,0,0,0,0,0,0,0,0,0,-10000,0,0,0,12000,22000,-10000,-10000
055585,國巨元大98購08  ,0,0,0,0,0,0,0,0,0,-10000,0,0,0,15000,25000,-10000,-10000
055682,智原凱基98購02  ,0,0,0,0,0,0,0,0,0,-10000,0,0,0,0,10000,-10000,-10000
05566P,景碩永豐96售01  ,0,0,0,0,0,0,0,0,0,-10000,0,0,0,0,10000,-10000,-10000
055410,元油反富邦9A購01,0,0,0,0,0,0,0,0,0,-10000,0,0,0,0,10000,-10000,-10000
055840,南亞科元大97購03,0,0,0,0,0,0,0,0,0,-10000,0,0,0,0,10000,-10000,-10000
055826,中石化元大97購01,0,0,0,0,0,0,0,0,0,-10000,0,0,0,0,10000,-10000,-10000
055777,冠德凱基97購01  ,0,0,0,0,0,0,0,0,0,-10000,0,0,0,0,10000,-10000,-10000
055790,南電凱基97購01  ,0,0,0,0,0,0,0,0,0,-10000,0,0,0,0,10000,-10000,-10000
055717,聯發科元大97購19,0,0,0,0,0,0,0,0,0,-10000,0,0,0,15000,25000,-10000,-10000
055869,臺股指元大97購08,0,0,0,0,0,0,0,0,0,-10000,0,0,0,0,10000,-10000,-10000
055880,神達元富97購02  ,0,0,0,0,0,0,0,0,0,-10000,0,0,0,0,10000,-10000,-10000
055851,智原元大98購01  ,0,0,0,0,0,0,0,0,0,-10000,0,0,0,0,10000,-10000,-10000
055946,元油反元大97購02,0,0,0,0,0,0,0,0,0,-10000,0,0,0,0,10000,-10000,-10000
055960,義隆元大97購01  ,0,0,0,0,0,0,0,0,0,-10000,0,0,0,12000,22000,-10000,-10000
044463,全新兆豐93購01  ,0,0,0,0,0,0,0,0,0,-10000,0,0,0,0,10000,-10000,-10000
044397,微星凱基92購01  ,0,0,0,0,0,0,0,0,0,-10000,0,0,0,0,10000,-10000,-10000
042930,大立光中信94購01,0,0,0,0,0,0,0,0,0,-10000,0,0,0,0,10000,-10000,-10000
042916,佐登元大94購01  ,0,0,0,0,0,0,0,0,0,-10000,0,0,0,10000,20000,-10000,-10000
04269P,華通國票93售03  ,0,0,0,0,0,0,0,0,0,-10000,0,0,0,0,10000,-10000,-10000
04206P,臺股指元大93售46,0,0,0,0,0,0,0,0,0,-10000,0,0,0,0,10000,-10000,-10000
04223P,友達統一93售05  ,0,0,0,0,0,0,0,0,0,-10000,0,0,0,0,10000,-10000,-10000
04460P,元油2X元富96售04,0,0,0,0,0,0,0,0,0,-10000,0,0,0,0,10000,-10000,-10000
04461P,燿華元富94售01  ,0,0,0,0,0,0,0,0,0,-10000,0,0,0,0,10000,-10000,-10000
044563,亞德客凱基92購01,0,0,0,0,0,0,0,0,0,-10000,0,0,0,10000,20000,-10000,-10000
04181P,嘉晶國票93售04  ,0,0,0,0,0,0,0,0,0,-10000,0,0,0,0,10000,-10000,-10000
044633,台郡元大92購03  ,0,0,0,0,0,0,0,0,0,-10000,0,0,0,0,10000,-10000,-10000
045537,華新群益94購01  ,0,0,0,0,0,0,0,0,0,-10000,0,0,0,0,10000,-10000,-10000
045568,上証2X元大95購01,0,0,0,0,0,0,0,0,0,-10000,0,0,0,0,10000,-10000,-10000
045512,訊芯凱基92購01  ,0,0,0,0,0,0,0,0,0,-10000,0,0,0,30000,40000,-10000,-10000
045608,鴻海群益93購02  ,0,0,0,0,0,0,0,0,0,-10000,0,0,0,30000,40000,-10000,-10000
046720,元油2X元大95購08,0,0,0,0,0,0,0,0,0,-10000,0,0,0,0,10000,-10000,-10000
045715,華邦電凱基92購04,0,0,0,0,0,0,0,0,0,-10000,0,0,0,0,10000,-10000,-10000
046635,華通台新93購01  ,0,0,0,0,0,0,0,0,0,-10000,0,0,0,0,10000,-10000,-10000
04658P,臺股指永昌94售02,0,0,0,0,0,0,0,0,0,-10000,10000,0,10000,0,20000,-20000,-10000
046617,台積電凱基93購01,0,0,0,0,0,0,0,0,0,-10000,0,0,0,10000,20000,-10000,-10000
04665P,臺股指國票94售04,0,0,0,0,0,0,0,0,0,-10000,0,0,0,0,10000,-10000,-10000
044645,元金2X群益93購01,0,0,0,0,0,0,0,0,0,-10000,0,0,0,0,10000,-10000,-10000
044304,臻鼎兆豐93購01  ,0,0,0,0,0,0,0,0,0,-10000,0,0,0,10000,20000,-10000,-10000
03332P,台積電元大02售17,0,0,0,0,0,0,0,0,0,-10000,0,0,0,0,10000,-10000,-10000
03401P,聯發科凱基03售09,0,0,0,0,0,0,0,0,0,-10000,0,0,0,0,10000,-10000,-10000
03492P,創意元大02售03  ,0,0,0,0,0,0,0,0,0,-10000,0,0,0,0,10000,-10000,-10000
03584P,聯發科元大02售22,0,0,0,0,0,0,0,0,0,-10000,0,0,0,0,10000,-10000,-10000
03109P,台積電元大01售41,0,0,0,0,0,0,0,0,0,-10000,0,0,0,90000,100000,-10000,-10000
03279P,滬深2X國票03售04,0,0,0,0,0,0,0,0,0,-10000,0,0,0,0,10000,-10000,-10000
03240P,臺股指元大02售05,0,0,0,0,0,0,0,0,0,-10000,0,0,0,0,10000,-10000,-10000
03889P,國巨國泰94售04  ,0,0,0,0,0,0,0,0,0,-10000,0,0,0,0,10000,-10000,-10000
00753L,中信中國50正2   ,0,0,0,0,0,0,0,0,0,-10000,0,0,0,169000,179000,-10000,-10000
03758P,GIS永豐93售01   ,0,0,0,0,0,0,0,0,0,-10000,0,0,0,10000,20000,-10000,-10000
045171,可成兆豐92購02  ,0,0,0,0,0,0,0,0,0,-10000,0,0,0,0,10000,-10000,-10000
045203,同欣電凱基92購01,0,0,0,0,0,0,0,0,0,-10000,0,0,0,0,10000,-10000,-10000
045180,上緯控永豐92購01,0,0,0,0,0,0,0,0,0,-10000,0,0,0,0,10000,-10000,-10000
045379,智邦元大93購01  ,0,0,0,0,0,0,0,0,0,-10000,0,0,0,0,10000,-10000,-10000
045371,元石油元大95購01,0,0,0,0,0,0,0,0,0,-10000,0,0,0,0,10000,-10000,-10000
045369,康控兆豐93購01  ,0,0,0,0,0,0,0,0,0,-10000,0,0,0,18000,28000,-10000,-10000
046956,矽力國票93購01  ,0,0,0,0,0,0,0,0,0,-10000,0,0,0,0,10000,-10000,-10000
044887,亞光麥證93購01  ,0,0,0,0,10000,-10000,0,0,0,-10000,0,0,0,0,10000,-10000,-10000
044863,矽創兆豐93購01  ,0,0,0,0,0,0,0,0,0,-10000,0,0,0,0,10000,-10000,-10000
048857,晶豪科群益94購01,0,0,0,0,0,0,0,0,0,-10000,0,0,0,10000,20000,-10000,-10000
048774,麗豐凱基94購04  ,0,0,0,0,0,0,0,0,0,-10000,0,0,0,0,10000,-10000,-10000
04870P,大立光元富94售11,0,0,0,0,0,0,0,0,0,-10000,0,0,0,0,10000,-10000,-10000
048719,亞光永豐94購01  ,0,0,0,0,0,0,0,0,0,-10000,0,0,0,2000,12000,-10000,-10000
048735,美利達麥證95購01,0,0,0,0,10000,-10000,0,0,0,-10000,0,0,0,0,10000,-10000,-10000
048731,創意麥證94購01  ,0,0,0,0,10000,-10000,0,0,0,-10000,0,0,0,0,10000,-10000,-10000
049103,易華電國泰96購01,0,0,0,0,0,0,0,0,0,-10000,0,0,0,0,10000,-10000,-10000
049058,茂林永豐94購02  ,0,0,0,0,0,0,0,0,0,-10000,0,0,0,0,10000,-10000,-10000
048946,崇越永豐94購01  ,0,0,0,0,0,0,0,0,0,-10000,0,0,0,0,10000,-10000,-10000
048272,新光金富邦98購01,0,0,0,0,0,0,0,0,0,-10000,0,0,0,0,10000,-10000,-10000
046882,智易富邦97購01  ,0,0,0,0,0,0,0,0,0,-10000,0,0,0,0,10000,-10000,-10000
046159,群創群益98購04  ,0,0,0,0,0,0,0,0,0,-10000,0,0,0,4000,14000,-10000,-10000
04611P,元油2X群益98售02,0,0,0,0,0,0,0,0,0,-10000,0,0,0,0,10000,-10000,-10000
047127,臻鼎中信95購01  ,0,0,0,0,0,0,0,0,0,-10000,0,0,0,20000,30000,-10000,-10000
047164,亞光台新93購01  ,0,0,0,0,0,0,0,0,0,-10000,0,0,0,0,10000,-10000,-10000
046929,大立光統一93購03,0,0,0,0,0,0,0,0,0,-10000,0,0,0,0,10000,-10000,-10000
046911,達方凱基93購01  ,0,0,0,0,0,0,0,0,0,-10000,0,0,0,0,10000,-10000,-10000
047110,智邦元大93購05  ,0,0,0,0,0,0,0,0,0,-10000,0,0,0,0,10000,-10000,-10000
045908,矽創中信92購01  ,0,0,0,0,0,0,0,0,0,-10000,0,0,0,0,10000,-10000,-10000
047063,漢唐凱基95購01  ,0,0,0,0,0,0,0,0,0,-10000,0,0,0,0,10000,-10000,-10000
045778,大立光元大93購10,0,0,0,0,0,0,0,0,0,-10000,0,0,0,0,10000,-10000,-10000
045863,健策統一92購01  ,0,0,0,0,0,0,0,0,0,-10000,0,0,0,0,10000,-10000,-10000
045843,燿華台新92購01  ,0,0,0,0,0,0,0,0,0,-10000,0,0,0,10000,20000,-10000,-10000
045858,元油2X統一94購02,0,0,0,0,0,0,0,0,0,-10000,0,0,0,0,10000,-10000,-10000
047033,日月光中信95購01,0,0,0,0,0,0,0,0,0,-10000,0,0,0,20000,30000,-10000,-10000
046201,台郡凱基92購01  ,0,0,0,0,0,0,0,0,0,-10000,0,0,0,0,10000,-10000,-10000
046838,勤誠群益93購01  ,0,0,0,0,0,0,0,0,0,-10000,0,0,0,0,10000,-10000,-10000
046186,南亞科凱基92購03,0,0,0,0,0,0,0,0,0,-10000,0,0,0,0,10000,-10000,-10000
046248,技嘉群益93購02  ,0,0,0,0,0,0,0,0,0,-10000,0,0,0,0,10000,-10000,-10000
046536,聯發科群益92購08,0,0,0,0,0,0,0,0,0,-10000,0,0,0,20000,30000,-10000,-10000
046459,大立光凱基92購12,0,0,0,0,0,0,0,0,0,-10000,0,0,0,0,10000,-10000,-10000
046353,聯發科群益92購04,0,0,0,0,0,0,0,0,0,-10000,0,0,0,30000,40000,-10000,-10000
048120,台泥元大93購02  ,0,0,0,0,0,0,0,0,0,-10000,0,0,0,0,10000,-10000,-10000
048214,滬深2X凱基96購03,0,0,0,0,0,0,0,0,0,-10000,0,0,0,0,10000,-10000,-10000
048270,T50反1富邦99購01,0,0,0,0,0,0,0,0,0,-10000,0,0,0,100000,110000,-10000,-10000
047892,康控兆豐94購01  ,0,0,0,0,0,0,0,0,0,-10000,0,0,0,0,10000,-10000,-10000
047906,中石化元大94購01,0,0,0,0,0,0,0,0,0,-10000,0,0,0,0,10000,-10000,-10000
04808P,訊芯永豐94售02  ,0,0,0,0,0,0,0,0,0,-10000,0,0,0,554000,564000,-10000,-10000
04800P,聯茂元大94售08  ,0,0,0,0,0,0,0,0,0,-10000,0,0,0,0,10000,-10000,-10000
047990,臺指反元大96購02,0,0,0,0,0,0,0,0,0,-10000,0,0,0,0,10000,-10000,-10000
048524,GIS元富94購01   ,0,0,0,0,0,0,0,0,0,-10000,0,0,0,0,10000,-10000,-10000
047816,大立光凱基93購26,0,0,0,0,0,0,0,0,0,-10000,0,0,0,0,10000,-10000,-10000
047915,鴻海凱基93購27  ,0,0,0,0,0,0,0,0,0,-10000,0,0,0,10000,20000,-10000,-10000
047957,鎧勝永豐93購01  ,0,0,0,0,0,0,0,0,0,-10000,0,0,0,0,10000,-10000,-10000
049931,矽力元大94購01  ,0,0,0,0,0,0,0,0,0,-10000,0,0,0,0,10000,-10000,-10000
049907,鴻海元大94購07  ,0,0,0,0,0,0,0,0,0,-10000,0,0,0,51000,61000,-10000,-10000
047858,臺股指國票93購13,0,0,0,0,0,0,0,0,0,-10000,0,0,0,0,10000,-10000,-10000
050126,國巨凱基94購08  ,0,0,0,0,0,0,0,0,0,-10000,0,0,0,37000,47000,-10000,-10000
050236,旺宏凱基94購06  ,0,0,0,0,0,0,0,0,0,-10000,0,0,0,22000,32000,-10000,-10000
050245,大立光凱基94購12,0,0,0,0,0,0,0,0,0,-10000,0,0,0,0,10000,-10000,-10000
050246,大立光凱基94購13,0,0,0,0,0,0,0,0,0,-10000,0,0,0,0,10000,-10000,-10000
050263,旺宏元大94購10  ,0,0,0,0,0,0,0,0,0,-10000,0,0,0,56000,66000,-10000,-10000
05025P,聯發科群益95售02,0,0,0,0,0,0,0,0,0,-10000,0,0,0,10000,20000,-10000,-10000
050295,大立光凱基94購16,0,0,0,0,0,0,0,0,0,-10000,0,0,0,0,10000,-10000,-10000
050167,T50反1富邦96購01,0,0,0,0,0,0,0,0,0,-10000,0,0,0,0,10000,-10000,-10000
050343,鴻海元富94購01  ,0,0,0,0,0,0,0,0,0,-10000,0,0,0,83000,93000,-10000,-10000
050341,光寶科元富94購01,0,0,0,0,0,0,0,0,0,-10000,0,0,0,0,10000,-10000,-10000
050356,緯穎群益94購05  ,0,0,0,0,0,0,0,0,0,-10000,0,0,0,149000,159000,-10000,-10000
050456,聯茂元大94購09  ,0,0,0,0,0,0,0,0,0,-10000,0,0,0,0,10000,-10000,-10000
050486,可成元富94購05  ,0,0,0,0,0,0,0,0,0,-10000,0,0,0,20000,30000,-10000,-10000
050510,元油2X元大94購10,0,0,0,0,0,0,0,0,0,-10000,0,0,0,0,10000,-10000,-10000
050509,元油2X元大94購09,0,0,0,0,0,0,0,0,0,-10000,0,0,0,0,10000,-10000,-10000
050710,元黃金中信96購01,0,0,0,0,0,0,0,0,0,-10000,0,0,0,0,10000,-10000,-10000
050711,TPK中信94購01   ,0,0,0,0,0,0,0,0,0,-10000,0,0,0,0,10000,-10000,-10000
050638,創意國票94購02  ,0,0,0,0,0,0,0,0,0,-10000,0,0,0,0,10000,-10000,-10000
050675,奇鋐富邦96購01  ,0,0,0,0,0,0,0,0,0,-10000,0,0,0,0,10000,-10000,-10000
050667,國巨永豐94購06  ,0,0,0,0,0,0,0,0,0,-10000,0,0,0,0,10000,-10000,-10000
049328,元上證統一94購01,0,0,0,0,0,0,0,0,0,-10000,0,0,0,0,10000,-10000,-10000
048368,燿華統一93購01  ,0,0,0,0,0,0,0,0,0,-10000,0,0,0,0,10000,-10000,-10000
048449,強茂凱基93購03  ,0,0,0,0,0,0,0,0,0,-10000,0,0,0,0,10000,-10000,-10000
048426,超眾元富93購01  ,0,0,0,0,0,0,0,0,0,-10000,0,0,0,248000,258000,-10000,-10000
049158,元油2X中信94購03,0,0,0,0,0,0,0,0,0,-10000,0,0,0,0,10000,-10000,-10000
048335,和大元大93購03  ,0,0,0,0,0,0,0,0,0,-10000,0,0,0,0,10000,-10000,-10000
04860P,鴻海群益94售07  ,0,0,0,0,0,0,0,0,0,-10000,0,0,0,0,10000,-10000,-10000
048983,牧德元大95購01  ,0,0,0,0,0,0,0,0,0,-10000,0,0,0,11000,21000,-10000,-10000
04755P,大立光元富94售07,0,0,0,0,0,0,0,0,0,-10000,0,0,0,0,10000,-10000,-10000
047574,和大群益93購03  ,0,0,0,0,0,0,0,0,0,-10000,0,0,0,36000,46000,-10000,-10000
049004,聯發科中信96購01,0,0,0,0,0,0,0,0,0,-10000,0,0,0,18000,28000,-10000,-10000
049146,南亞科元大94購02,0,0,0,0,0,0,0,0,0,-10000,0,0,0,0,10000,-10000,-10000
049497,茂林元大94購04  ,0,0,0,0,0,0,0,0,0,-10000,0,0,0,0,10000,-10000,-10000
049490,京元電元大95購02,0,0,0,0,0,0,0,0,0,-10000,0,0,0,105000,115000,-10000,-10000
049511,奇力新凱基94購03,0,0,0,0,0,0,0,0,0,-10000,0,0,0,20000,30000,-10000,-10000
049486,旺宏元大94購08  ,0,0,0,0,0,0,0,0,0,-10000,0,0,0,30000,40000,-10000,-10000
049571,華固統一94購02  ,0,0,0,0,0,0,0,0,0,-10000,0,0,0,0,10000,-10000,-10000
049588,聯發科元大94購06,0,0,0,0,0,0,0,0,0,-10000,0,0,0,0,10000,-10000,-10000
04979P,臺股指凱基96售07,0,0,0,0,0,0,0,0,0,-10000,0,0,0,0,10000,-10000,-10000
049771,GIS元富94購02   ,0,0,0,0,0,0,0,0,0,-10000,0,0,0,0,10000,-10000,-10000
04970P,中環元富94售02  ,0,0,0,0,0,0,0,0,0,-10000,0,0,0,0,10000,-10000,-10000
049713,鴻海凱基94購17  ,0,0,0,0,0,0,0,0,0,-10000,0,0,0,11000,21000,-10000,-10000
047356,貿聯兆豐94購01  ,0,0,0,0,0,0,0,0,0,-10000,0,0,0,0,10000,-10000,-10000
047405,香港2X統一96購01,0,0,0,0,0,0,0,0,0,-10000,0,0,0,0,10000,-10000,-10000
04911P,美律元富94售02  ,0,0,0,0,0,0,0,0,0,-10000,0,0,0,10000,20000,-10000,-10000
049123,可成元富94購01  ,0,0,0,0,0,0,0,0,0,-10000,0,0,0,10000,20000,-10000,-10000
047427,貿聯亞東93購01  ,0,0,0,0,0,0,0,0,0,-10000,0,0,0,0,10000,-10000,-10000
047754,嘉澤元富93購02  ,0,0,0,0,0,0,0,0,0,-10000,0,0,0,0,10000,-10000,-10000
04775P,台積電凱基94售29,0,0,0,0,0,0,0,0,0,-10000,0,0,0,10000,20000,-10000,-10000
047760,元油反元大96購03,0,0,0,0,0,0,0,0,0,-10000,0,0,0,5000,15000,-10000,-10000
04726P,TPK凱基94售04   ,0,0,0,0,0,0,0,0,0,-10000,0,0,0,10000,20000,-10000,-10000
047702,鴻海凱基94購13  ,0,0,0,0,0,0,0,0,0,-10000,0,0,0,0,10000,-10000,-10000
04910P,台積電統一94售12,0,0,0,0,0,0,0,0,0,-10000,0,0,0,0,10000,-10000,-10000
049872,聯發科台新94購03,0,0,0,0,0,0,0,0,0,-10000,0,0,0,0,10000,-10000,-10000
04984P,臺股指康和94售04,0,0,0,0,0,0,0,0,0,-10000,0,0,0,0,10000,-10000,-10000
051387,新光金麥證96購01,0,0,0,0,10000,-10000,0,0,0,-10000,0,0,0,0,10000,-10000,-10000
051276,SGBR2X中信97購01,0,0,0,0,0,0,0,0,0,-10000,0,0,0,0,10000,-10000,-10000
051150,宏達電凱基95購02,0,0,0,0,0,0,0,0,0,-10000,0,0,0,0,10000,-10000,-10000
051210,S&P反1統一97購01,0,0,0,0,0,0,0,0,0,-10000,0,0,0,0,10000,-10000,-10000
05125P,鴻海群益95售06  ,0,0,0,0,0,0,0,0,0,-10000,0,0,0,0,10000,-10000,-10000
051240,台積電元大95購12,0,0,0,0,0,0,0,0,0,-10000,0,0,0,208000,218000,-10000,-10000
05106P,鴻海永豐95售02  ,0,0,0,0,0,0,0,0,0,-10000,0,0,0,4000,14000,-10000,-10000
050918,南亞科日盛95購01,0,0,0,0,0,0,0,0,0,-10000,0,0,0,0,10000,-10000,-10000
050822,亞光凱基95購01  ,0,0,0,0,0,0,0,0,0,-10000,0,0,0,1000,11000,-10000,-10000
050882,華泰國泰96購01  ,0,0,0,0,0,0,0,0,0,-10000,0,0,0,20000,30000,-10000,-10000
05080P,亞光永豐95售02  ,0,0,0,0,0,0,0,0,0,-10000,0,0,0,0,10000,-10000,-10000
051500,聯茂群益95購01  ,0,0,0,0,0,0,0,0,0,-10000,0,0,0,133000,143000,-10000,-10000
051520,新光金凱基97購01,0,0,0,0,0,0,0,0,0,-10000,0,0,0,0,10000,-10000,-10000
051525,日月光凱基95購02,0,0,0,0,0,0,0,0,0,-10000,0,0,0,0,10000,-10000,-10000
05152P,玉晶光群益96售05,0,0,0,0,0,0,0,0,0,-10000,0,0,0,0,10000,-10000,-10000
051542,南茂國票96購01  ,0,0,0,0,0,0,0,0,0,-10000,0,0,0,0,10000,-10000,-10000
051610,GIS群益95購02   ,0,0,0,0,0,0,0,0,0,-10000,0,0,0,0,10000,-10000,-10000
051581,聯發科元大95購12,0,0,0,0,0,0,0,0,0,-10000,0,0,0,0,10000,-10000,-10000
051768,臻鼎元大95購04  ,0,0,0,0,0,0,0,0,0,-10000,0,0,0,0,10000,-10000,-10000
051697,康友中信95購02  ,0,0,0,0,0,0,0,0,0,-10000,0,0,0,0,10000,-10000,-10000
051622,和碩凱基96購01  ,0,0,0,0,0,0,0,0,0,-10000,0,0,0,0,10000,-10000,-10000
052136,瑞儀凱基95購01  ,0,0,0,0,0,0,0,0,0,-10000,0,0,0,0,10000,-10000,-10000
052110,可成元富95購02  ,0,0,0,0,0,0,0,0,0,-10000,0,0,0,0,10000,-10000,-10000
051996,康友元大95購01  ,0,0,0,0,0,0,0,0,0,-10000,0,0,0,0,10000,-10000,-10000
052017,奇鋐永豐95購01  ,0,0,0,0,0,0,0,0,0,-10000,0,0,0,0,10000,-10000,-10000
052018,京鼎永豐95購02  ,0,0,0,0,0,0,0,0,0,-10000,0,0,0,0,10000,-10000,-10000
05183P,台積電元富95售07,0,0,0,0,0,0,0,0,0,-10000,0,0,0,0,10000,-10000,-10000
053005,微星永豐96購01  ,0,0,0,0,0,0,0,0,0,-10000,0,0,0,100000,110000,-10000,-10000
052932,正文元大97購01  ,0,0,0,0,0,0,0,0,0,-10000,0,0,0,115000,125000,-10000,-10000
05293P,廣達凱基95售01  ,0,0,0,0,0,0,0,0,0,-10000,0,0,0,0,10000,-10000,-10000
053214,冠德凱基96購02  ,0,0,0,0,0,0,0,0,0,-10000,0,0,0,0,10000,-10000,-10000
053241,元油反國票9A購01,0,0,0,0,0,0,0,0,0,-10000,0,0,0,0,10000,-10000,-10000
053193,超眾統一97購01  ,0,0,0,0,0,0,0,0,0,-10000,0,0,0,0,10000,-10000,-10000
05318P,臺股指永昌95售03,0,0,0,0,0,0,0,0,0,-10000,0,0,0,0,10000,-10000,-10000
053399,創意中信96購01  ,0,0,0,0,0,0,0,0,0,-10000,0,0,0,0,10000,-10000,-10000
053376,鴻海元大96購19  ,0,0,0,0,0,0,0,0,0,-10000,0,0,0,63000,73000,-10000,-10000
053298,SP黃豆凱基99購01,0,0,0,0,0,0,0,0,0,-10000,0,0,0,0,10000,-10000,-10000
053324,康舒群益96購01  ,0,0,0,0,0,0,0,0,0,-10000,0,0,0,22000,32000,-10000,-10000
053325,GIS群益96購02   ,0,0,0,0,0,0,0,0,0,-10000,0,0,0,0,10000,-10000,-10000
052778,智原國票97購01  ,0,0,0,0,0,0,0,0,0,-10000,0,0,0,77000,87000,-10000,-10000
052797,樺漢兆豐96購01  ,0,0,0,0,0,0,0,0,0,-10000,0,0,0,0,10000,-10000,-10000
05280P,華通元大95售08  ,0,0,0,0,0,0,0,0,0,-10000,0,0,0,27000,37000,-10000,-10000
052708,楠梓電永豐97購01,0,0,0,0,0,0,0,0,0,-10000,0,0,0,0,10000,-10000,-10000
052576,聯茂凱基96購01  ,0,0,0,0,0,0,0,0,0,-10000,0,0,0,50000,60000,-10000,-10000
052591,康友永豐97購01  ,0,0,0,0,0,0,0,0,0,-10000,0,0,0,0,10000,-10000,-10000
052543,聯詠元富95購01  ,0,0,0,0,0,0,0,0,0,-10000,0,0,0,0,10000,-10000,-10000
052640,台表科凱基97購01,0,0,0,0,0,0,0,0,0,-10000,0,0,0,0,10000,-10000,-10000
052355,為升永豐95購02  ,0,0,0,0,0,0,0,0,0,-10000,0,0,0,25000,35000,-10000,-10000
052514,嘉澤凱基96購01  ,0,0,0,0,0,0,0,0,0,-10000,0,0,0,5000,15000,-10000,-10000
052503,大成鋼日盛95購02,0,0,0,0,0,0,0,0,0,-10000,0,0,0,0,10000,-10000,-10000
052432,康友永豐95購04  ,0,0,0,0,0,0,0,0,0,-10000,0,0,0,0,10000,-10000,-10000
052283,TPK凱基97購01   ,0,0,0,0,0,0,0,0,0,-10000,0,0,0,0,10000,-10000,-10000
052342,茂林凱基96購01  ,0,0,0,0,0,0,0,0,0,-10000,0,0,0,89000,99000,-10000,-10000
052197,台郡元富95購03  ,0,0,0,0,0,0,0,0,0,-10000,0,0,0,0,10000,-10000,-10000
052216,康友元大96購01  ,0,0,0,0,0,0,0,0,0,-10000,0,0,0,0,10000,-10000,-10000
05602P,國巨元大96售06  ,0,0,0,0,0,0,0,0,0,-10000,0,0,0,147000,157000,-10000,-10000
056161,康控凱基98購02  ,0,0,0,0,0,0,0,0,0,-10000,0,0,0,17000,27000,-10000,-10000
056173,廣達元富97購01  ,0,0,0,0,0,0,0,0,0,-10000,0,0,0,0,10000,-10000,-10000
056205,貿聯永豐97購01  ,0,0,0,0,0,0,0,0,0,-10000,0,0,0,2000,12000,-10000,-10000
056265,國泰金統一97購01,0,0,0,0,0,0,0,0,0,-10000,0,0,0,0,10000,-10000,-10000
056296,旺宏元大97購07  ,0,0,0,0,0,0,0,0,0,-10000,0,0,0,95000,105000,-10000,-10000
056393,精元永豐98購01  ,0,0,0,0,0,0,0,0,0,-10000,0,0,0,0,10000,-10000,-10000
05640P,旺宏元富96售03  ,0,0,0,0,0,0,0,0,0,-10000,0,0,0,0,10000,-10000,-10000
056459,茂林凱基99購01  ,0,0,0,0,0,0,0,0,0,-10000,0,0,0,0,10000,-10000,-10000
056455,群創凱基9A購01  ,0,0,0,0,0,0,0,0,0,-10000,0,0,0,0,10000,-10000,-10000
056472,美律元大99購03  ,0,0,0,0,0,0,0,0,0,-10000,0,0,0,9000,19000,-10000,-10000
056354,國巨元大98購10  ,0,0,0,0,0,0,0,0,0,-10000,0,0,0,115000,125000,-10000,-10000
056350,上銀元大98購02  ,0,0,0,0,0,0,0,0,0,-10000,0,0,0,0,10000,-10000,-10000
056320,京鼎群益99購01  ,0,0,0,0,0,0,0,0,0,-10000,0,0,0,8000,18000,-10000,-10000
05739P,臺股指統一97售02,0,0,0,0,0,0,0,0,0,-10000,0,0,0,0,10000,-10000,-10000
05666P,聯發科凱基96售14,0,0,0,0,0,0,0,0,0,-10000,0,0,0,18000,28000,-10000,-10000
05769P,台積電凱基96售16,0,0,0,0,0,0,0,0,0,-10000,0,0,0,9000,19000,-10000,-10000
05756P,臺股指中信99售05,0,0,0,0,0,0,0,0,0,-10000,0,0,0,0,10000,-10000,-10000
05796P,臺股指群益96售10,0,0,0,0,0,0,0,0,0,-10000,0,0,0,0,10000,-10000,-10000
05822P,臺股指凱基96售19,0,0,0,0,0,0,0,0,0,-10000,0,0,0,0,10000,-10000,-10000
05962P,大立光群益96售07,0,0,0,0,0,0,0,0,0,-10000,0,0,0,0,10000,-10000,-10000
06014P,聯發科富邦97售02,0,0,0,0,0,0,0,0,0,-10000,0,0,0,29000,39000,-10000,-10000
05996P,華新科群益96售03,0,0,0,0,0,0,0,0,0,-10000,0,0,0,0,10000,-10000,-10000
05988P,光磊元富96售02  ,0,0,0,0,0,0,0,0,0,-10000,0,0,0,0,10000,-10000,-10000
05855P,滬深2X中信9C售01,0,0,0,0,0,0,0,0,0,-10000,0,0,0,10000,20000,-10000,-10000
06032P,健策群益97售03  ,0,0,0,0,0,0,0,0,0,-10000,0,0,0,11000,21000,-10000,-10000
06037P,超眾國票98售02  ,0,0,0,0,0,0,0,0,0,-10000,0,0,0,0,10000,-10000,-10000
06074P,台積電凱基98售04,0,0,0,0,0,0,0,0,0,-10000,0,0,0,0,10000,-10000,-10000
06085P,義隆台新97售01  ,0,0,0,0,0,0,0,0,0,-10000,0,0,0,0,10000,-10000,-10000
06115P,台積電統一97售04,0,0,0,0,0,0,0,0,0,-10000,0,0,0,100000,110000,-10000,-10000
06126P,凌陽元富97售02  ,0,0,0,0,0,0,0,0,0,-10000,0,0,0,0,10000,-10000,-10000
06160P,台達電群益97售01,0,0,0,0,0,0,0,0,0,-10000,0,0,0,0,10000,-10000,-10000
06197P,國巨元大97售08  ,0,0,0,0,0,0,0,0,0,-10000,0,0,0,157000,167000,-10000,-10000
06187P,國巨統一97售05  ,0,0,0,0,0,0,0,0,0,-10000,0,0,0,0,10000,-10000,-10000
06188P,大立光元富97售01,0,0,0,0,0,0,0,0,0,-10000,0,0,0,23000,33000,-10000,-10000
06415P,台積電群益97售07,0,0,0,0,0,0,0,0,0,-10000,0,0,0,0,10000,-10000,-10000
06423P,亞光台新97售01  ,0,0,0,0,0,0,0,0,0,-10000,0,0,0,0,10000,-10000,-10000
06309P,光罩元富97售03  ,0,0,0,0,0,0,0,0,0,-10000,0,0,0,0,10000,-10000,-10000
06338P,亞德客統一97售02,0,0,0,0,0,0,0,0,0,-10000,0,0,0,10000,20000,-10000,-10000
06370P,貿聯凱基97售03  ,0,0,0,0,0,0,0,0,0,-10000,0,0,0,0,10000,-10000,-10000
06307P,聚陽元富97售02  ,0,0,0,0,0,0,0,0,0,-10000,0,0,0,0,10000,-10000,-10000
06267P,大立光凱基97售12,0,0,0,0,0,0,0,0,0,-10000,0,0,0,321000,331000,-10000,-10000
06291P,臺股指國票97售05,0,0,0,0,0,0,0,0,0,-10000,0,0,0,0,10000,-10000,-10000
06202P,大立光元大98售06,0,0,0,0,0,0,0,0,0,-10000,0,0,0,16000,26000,-10000,-10000
3015,全漢            ,5000,15000,-10000,0,0,0,0,0,0,0,0,0,0,0,0,0,-10000
2450,神腦            ,3000,12000,-9000,0,0,0,0,0,0,-1000,0,1000,-1000,0,0,0,-10000
1615,大山            ,4000,13000,-9000,0,0,0,0,0,0,-1000,0,1000,-1000,0,0,0,-10000
1810,和成            ,1000,10000,-9000,0,0,0,0,0,0,-1000,0,1000,-1000,0,0,0,-10000
9930,中聯資源        ,1000,9000,-8000,0,0,0,0,0,0,-2000,0,2000,-2000,0,0,0,-10000
8467,波力-KY         ,3000,7000,-4000,0,0,0,0,0,0,-6000,0,6000,-6000,0,0,0,-10000
8104,錸寶            ,69000,34000,35000,0,0,0,0,45000,-45000,0,0,0,0,0,0,0,-10000
3033,威健            ,22001,32000,-9999,0,0,0,0,0,0,-1000,0,1000,-1000,0,0,0,-10999
055850,聯詠元大97購06  ,0,0,0,0,0,0,0,0,0,-11000,0,0,0,114000,125000,-11000,-11000
055884,臺股指元富97購01,0,0,0,0,0,0,0,0,0,-11000,0,0,0,10000,21000,-11000,-11000
055692,緯穎凱基97購03  ,0,0,0,0,0,0,0,0,0,-11000,0,0,0,1000,12000,-11000,-11000
055785,祥碩凱基97購02  ,0,0,0,0,0,0,0,0,0,-11000,0,0,0,0,11000,-11000,-11000
055534,晶技群益97購03  ,0,0,0,0,0,0,0,0,0,-11000,0,0,0,0,11000,-11000,-11000
054878,和大統一97購02  ,0,0,0,0,0,0,0,0,0,-11000,0,0,0,105000,116000,-11000,-11000
055026,健和興國泰98購01,0,0,0,0,0,0,0,0,0,-11000,0,0,0,37000,48000,-11000,-11000
055031,南港富邦99購01  ,0,0,0,0,0,0,0,0,0,-11000,0,0,0,0,11000,-11000,-11000
054433,南亞科台新96購02,0,0,0,0,0,0,0,0,0,-11000,0,0,0,56000,67000,-11000,-11000
054234,可成群益96購05  ,0,0,0,0,0,0,0,0,0,-11000,0,0,0,10000,21000,-11000,-11000
054345,世芯國票96購02  ,0,0,0,0,0,0,0,0,0,-11000,0,0,0,9000,20000,-11000,-11000
05431P,台光電統一97售01,0,0,0,0,0,0,0,0,0,-11000,0,0,0,0,11000,-11000,-11000
05421P,鴻海元大96售12  ,0,0,0,0,0,0,0,0,0,-11000,0,0,0,180000,191000,-11000,-11000
054091,晶豪科群益96購01,0,0,0,0,0,0,0,0,0,-11000,0,0,0,1000,12000,-11000,-11000
054092,大立光群益97購01,0,0,0,0,0,0,0,0,0,-11000,0,0,0,29000,40000,-11000,-11000
053710,華通凱基96購05  ,0,0,0,0,0,0,0,0,0,-11000,0,0,0,0,11000,-11000,-11000
053815,聯發科群益96購01,0,0,0,0,0,0,0,0,0,-11000,0,0,0,0,11000,-11000,-11000
053897,台郡群益96購01  ,0,0,0,0,0,0,0,0,0,-11000,0,0,0,0,11000,-11000,-11000
046269,禾伸堂凱基92購03,0,0,0,0,0,0,0,0,0,-11000,0,0,0,49000,60000,-11000,-11000
046330,祥碩元大92購02  ,0,0,0,0,0,0,0,0,0,-11000,0,0,0,0,11000,-11000,-11000
045818,鴻海凱基93購10  ,0,0,0,0,0,0,0,0,0,-11000,0,0,0,10000,21000,-11000,-11000
046107,勤誠永豐92購01  ,0,0,0,0,0,0,0,0,0,-11000,0,0,0,0,11000,-11000,-11000
048711,台郡台新94購01  ,0,0,0,0,0,0,0,0,0,-11000,0,0,0,0,11000,-11000,-11000
048849,光寶科群益94購01,0,0,0,0,0,0,0,0,0,-11000,0,0,0,0,11000,-11000,-11000
046972,同欣電群益93購01,0,0,0,0,0,0,0,0,0,-11000,0,0,0,0,11000,-11000,-11000
006207,FH滬深          ,1922000,247000,1675000,0,0,0,0,0,0,-1686000,200000,200000,0,1597000,3283000,-1686000,-11000
04038P,聯茂群益93售03  ,0,0,0,0,0,0,0,0,0,-11000,0,0,0,0,11000,-11000,-11000
03625P,欣興群益92售04  ,0,0,0,0,0,0,0,0,0,-11000,0,0,0,0,11000,-11000,-11000
044064,大立光元大92購08,0,0,0,0,0,0,0,0,0,-11000,0,0,0,0,11000,-11000,-11000
045695,英業達兆豐93購01,0,0,0,0,0,0,0,0,0,-11000,0,0,0,0,11000,-11000,-11000
042295,大立光元大92購04,0,0,0,0,0,0,0,0,0,-11000,0,0,0,10000,21000,-11000,-11000
04769P,高股息元大94售01,0,0,0,0,0,0,0,0,0,-11000,0,0,0,10000,21000,-11000,-11000
04742P,瑞昱統一94售01  ,0,0,0,0,0,0,0,0,0,-11000,0,0,0,30000,41000,-11000,-11000
047410,上銀元富96購01  ,0,0,0,0,0,0,0,0,0,-11000,0,0,0,143000,154000,-11000,-11000
04732P,聯茂群益94售01  ,0,0,0,0,0,0,0,0,0,-11000,0,0,0,0,11000,-11000,-11000
047442,聯詠元大93購09  ,0,0,0,0,0,0,0,0,0,-11000,0,0,0,0,11000,-11000,-11000
048862,中磊群益94購01  ,0,0,0,0,0,0,0,0,0,-11000,0,0,0,0,11000,-11000,-11000
047576,技嘉群益94購01  ,0,0,0,0,0,0,0,0,0,-11000,0,0,0,0,11000,-11000,-11000
049340,鴻海統一94購03  ,0,0,0,0,0,0,0,0,0,-11000,0,0,0,10000,21000,-11000,-11000
050718,茂林群益94購04  ,0,0,0,0,0,0,0,0,0,-11000,0,0,0,16000,27000,-11000,-11000
048055,燿華國泰95購02  ,0,0,0,0,0,0,0,0,0,-11000,0,0,0,10000,21000,-11000,-11000
048221,鴻海凱基95購01  ,0,0,0,0,0,0,0,0,0,-11000,0,0,0,1000,12000,-11000,-11000
048191,亞德客元大93購06,0,0,0,0,0,0,0,0,0,-11000,0,0,0,5000,16000,-11000,-11000
052221,東元凱基95購01  ,0,0,0,0,0,0,0,0,0,-11000,0,0,0,0,11000,-11000,-11000
05226P,智邦統一95售01  ,0,0,0,0,0,0,0,0,0,-11000,0,0,0,1000,12000,-11000,-11000
052448,新光金元大96購03,0,0,0,0,0,0,0,0,0,-11000,0,0,0,10000,21000,-11000,-11000
053260,喬山群益96購01  ,0,0,0,0,0,0,0,0,0,-11000,0,0,0,0,11000,-11000,-11000
05294P,亞光凱基95售02  ,0,0,0,0,0,0,0,0,0,-11000,0,0,0,0,11000,-11000,-11000
053071,南電群益96購01  ,0,0,0,0,0,0,0,0,0,-11000,0,0,0,0,11000,-11000,-11000
051840,康友國泰97購02  ,0,0,0,0,0,0,0,0,0,-11000,0,0,0,105000,116000,-11000,-11000
051709,TPK群益95購02   ,0,0,0,0,0,0,0,0,0,-11000,0,0,0,0,11000,-11000,-11000
050783,旺宏國泰96購02  ,0,0,0,0,0,0,0,0,0,-11000,0,0,0,35000,46000,-11000,-11000
050953,臻鼎群益95購01  ,0,0,0,0,0,0,0,0,0,-11000,0,0,0,0,11000,-11000,-11000
051042,中磊永豐95購01  ,0,0,0,0,0,0,0,0,0,-11000,0,0,0,0,11000,-11000,-11000
051241,台積電元大95購13,0,0,0,0,0,0,0,0,0,-11000,0,0,0,239000,250000,-11000,-11000
05124P,華新科富邦97售02,0,0,0,0,0,0,0,0,0,-11000,0,0,0,0,11000,-11000,-11000
051444,聯發科元大95購11,0,0,0,0,0,0,0,0,0,-11000,0,0,0,0,11000,-11000,-11000
2614,東森            ,36000,44000,-8000,0,0,0,0,0,0,-3000,0,3000,-3000,0,0,0,-11000
2012,春雨            ,0,10000,-10000,0,0,0,0,0,0,-1000,0,1000,-1000,0,0,0,-11000
2029,盛餘            ,3000,13000,-10000,0,0,0,0,0,0,-1000,0,1000,-1000,0,0,0,-11000
1503,士電            ,7000,16000,-9000,0,0,0,0,0,0,-2000,0,2000,-2000,0,0,0,-11000
2414,精技            ,4000,15000,-11000,0,0,0,0,0,0,0,0,0,0,0,0,0,-11000
9905,大華            ,1000,11000,-10000,0,0,0,0,0,0,-1000,0,1000,-1000,0,0,0,-11000
9940,信義            ,90000,83000,7000,0,0,0,0,0,0,-18000,0,18000,-18000,0,0,0,-11000
1316,上曜            ,22000,32000,-10000,0,0,0,0,0,0,-1000,0,1000,-1000,0,0,0,-11000
05953P,台積電國票98售02,0,0,0,0,0,0,0,0,0,-11000,0,0,0,0,11000,-11000,-11000
056505,聯發科永豐98購01,0,0,0,0,0,0,0,0,0,-11000,0,0,0,908000,919000,-11000,-11000
056494,緯創國泰99購01  ,0,0,0,0,0,0,0,0,0,-11000,0,0,0,0,11000,-11000,-11000
056239,宏達電群益98購01,0,0,0,0,0,0,0,0,0,-11000,0,0,0,5000,16000,-11000,-11000
056170,鴻海元富97購09  ,0,0,0,0,0,0,0,0,0,-11000,0,0,0,56000,67000,-11000,-11000
056019,燿華群益97購02  ,0,0,0,0,0,0,0,0,0,-11000,0,0,0,28000,39000,-11000,-11000
056041,禾伸堂凱基98購03,0,0,0,0,0,0,0,0,0,-11000,0,0,0,5000,16000,-11000,-11000
3311,閎暉            ,4001,16000,-11999,0,0,0,0,0,0,0,0,0,0,0,0,0,-11999
053728,茂林凱基97購01  ,0,0,0,0,0,0,0,0,0,-12000,0,0,0,1000,13000,-12000,-12000
054259,健策元大97購03  ,0,0,0,0,0,0,0,0,0,-12000,0,0,0,49000,61000,-12000,-12000
054517,高鐵元大96購01  ,0,0,0,0,0,0,0,0,0,-12000,0,0,0,91000,103000,-12000,-12000
054667,神基元富97購01  ,0,0,0,0,0,0,0,0,0,-12000,0,0,0,31000,43000,-12000,-12000
055064,碩天永豐97購01  ,0,0,0,0,0,0,0,0,0,-12000,0,0,0,0,12000,-12000,-12000
055143,臻鼎永豐97購01  ,0,0,0,0,0,0,0,0,0,-12000,0,0,0,68000,80000,-12000,-12000
055015,帆宣元富97購01  ,0,0,0,0,0,0,0,0,0,-12000,0,0,0,12000,24000,-12000,-12000
054794,貿聯群益98購01  ,0,0,0,0,0,0,0,0,0,-12000,0,0,0,2000,14000,-12000,-12000
055587,智邦元大97購02  ,0,0,0,0,0,0,0,0,0,-12000,0,0,0,50000,62000,-12000,-12000
055465,和大凱基97購03  ,0,0,0,0,0,0,0,0,0,-12000,0,0,0,20000,32000,-12000,-12000
055457,聚陽永豐97購01  ,0,0,0,0,0,0,0,0,0,-12000,0,0,0,0,12000,-12000,-12000
055498,大立光元大97購07,0,0,0,0,0,0,0,0,0,-12000,0,0,0,7000,19000,-12000,-12000
042280,元石油富邦96購01,0,0,0,0,0,0,0,0,0,-12000,0,0,0,0,12000,-12000,-12000
045555,友達國票93購01  ,0,0,0,0,0,0,0,0,0,-12000,0,0,0,4000,16000,-12000,-12000
04567P,臺股指凱基95售01,0,0,0,0,0,0,0,0,0,-12000,0,0,0,0,12000,-12000,-12000
044284,聯電凱基92購01  ,0,0,0,0,0,0,0,0,0,-12000,0,0,0,0,12000,-12000,-12000
044296,嘉聯益凱基93購01,0,0,0,0,0,0,0,0,0,-12000,0,0,0,0,12000,-12000,-12000
03987P,亞光群益93售02  ,0,0,0,0,0,0,0,0,0,-12000,0,0,0,0,12000,-12000,-12000
046984,友達日盛93購01  ,0,0,0,0,0,0,0,0,0,-12000,0,0,0,48000,60000,-12000,-12000
045424,友達凱基92購02  ,0,0,0,0,0,0,0,0,0,-12000,0,0,0,1000,13000,-12000,-12000
046037,大立光元大92購16,0,0,0,0,0,0,0,0,0,-12000,0,0,0,10000,22000,-12000,-12000
046121,大立光元大92購18,0,0,0,0,0,0,0,0,0,-12000,0,0,0,10000,22000,-12000,-12000
046229,大立光元大92購19,0,0,0,0,0,0,0,0,0,-12000,0,0,0,10000,22000,-12000,-12000
046831,大立光群益94購01,0,0,0,0,0,0,0,0,0,-12000,0,0,0,16000,28000,-12000,-12000
044846,旺宏統一93購01  ,0,0,0,0,0,0,0,0,0,-12000,0,0,0,10000,22000,-12000,-12000
050642,和大凱基94購03  ,0,0,0,0,0,0,0,0,0,-12000,0,0,0,5000,17000,-12000,-12000
050586,康友國票94購01  ,0,0,0,0,0,0,0,0,0,-12000,0,0,0,0,12000,-12000,-12000
055330,上銀兆豐98購02  ,0,0,0,0,0,0,0,0,0,-12000,0,0,0,118000,130000,-12000,-12000
049243,佳世達元富96購02,0,0,0,0,0,0,0,0,0,-12000,0,0,0,0,12000,-12000,-12000
049003,智邦中信95購01  ,0,0,0,0,0,0,0,0,0,-12000,0,0,0,0,12000,-12000,-12000
048876,牧德國票95購02  ,0,0,0,0,0,0,0,0,0,-12000,0,0,0,10000,22000,-12000,-12000
047688,亞德客富邦95購01,0,0,0,0,0,0,0,0,0,-12000,0,0,0,65000,77000,-12000,-12000
047227,華新科凱基94購01,0,0,0,0,0,0,0,0,0,-12000,0,0,0,38000,50000,-12000,-12000
049734,瑞昱群益94購02  ,0,0,0,0,0,0,0,0,0,-12000,0,0,0,0,12000,-12000,-12000
049776,全新統一95購02  ,0,0,0,0,0,0,0,0,0,-12000,0,0,0,10000,22000,-12000,-12000
049799,旺宏元大96購01  ,0,0,0,0,0,0,0,0,0,-12000,0,0,0,37000,49000,-12000,-12000
051334,宏達電永豐95購01,0,0,0,0,0,0,0,0,0,-12000,0,0,0,10000,22000,-12000,-12000
051316,T50反1國票95購02,0,0,0,0,0,0,0,0,0,-12000,0,0,0,0,12000,-12000,-12000
051220,大立光元富95購08,0,0,0,0,0,0,0,0,0,-12000,0,0,0,0,12000,-12000,-12000
051209,百和麥證95購01  ,0,0,0,8000,20000,-12000,0,0,0,-12000,0,0,0,8000,20000,-12000,-12000
05073P,臺股指中信95售09,0,0,0,0,0,0,0,0,0,-12000,0,0,0,3000,15000,-12000,-12000
050867,聯鈞永豐95購01  ,0,0,0,0,0,0,0,0,0,-12000,0,0,0,81000,93000,-12000,-12000
051812,臻鼎凱基95購03  ,0,0,0,0,0,0,0,0,0,-12000,0,0,0,10000,22000,-12000,-12000
051875,聯發科兆豐95購04,0,0,0,0,0,0,0,0,0,-12000,0,0,0,75000,87000,-12000,-12000
051967,康友永豐95購02  ,0,0,0,0,0,0,0,0,0,-12000,0,0,0,0,12000,-12000,-12000
053172,瑞儀群益97購01  ,0,0,0,0,0,0,0,0,0,-12000,0,0,0,0,12000,-12000,-12000
052440,上証2X元大95購02,0,0,0,0,0,0,0,0,0,-12000,0,0,0,0,12000,-12000,-12000
05239P,欣興永豐95售03  ,0,0,0,0,0,0,0,0,0,-12000,0,0,0,10000,22000,-12000,-12000
052397,燿華凱基96購02  ,0,0,0,0,0,0,0,0,0,-12000,0,0,0,0,12000,-12000,-12000
052672,世紀鋼群益96購02,0,0,0,0,0,0,0,0,0,-12000,0,0,0,100000,112000,-12000,-12000
3705,永信            ,16000,28000,-12000,0,0,0,0,0,0,0,1000,1000,0,0,0,0,-12000
1507,永大            ,30000,40000,-10000,0,0,0,0,0,0,-2000,0,2000,-2000,0,0,0,-12000
1460,宏遠            ,20000,30000,-10000,0,0,0,0,0,0,-2000,0,2000,-2000,0,0,0,-12000
1618,合機            ,1000,12000,-11000,0,0,0,0,0,0,-1000,0,1000,-1000,0,0,0,-12000
1773,勝一            ,11000,23000,-12000,0,0,0,0,0,0,0,1000,1000,0,0,0,0,-12000
056096,超眾元富9A購01  ,0,0,0,0,0,0,0,0,0,-12000,0,0,0,149000,161000,-12000,-12000
05625P,國巨國票97售01  ,0,0,0,0,0,0,0,0,0,-12000,0,0,0,0,12000,-12000,-12000
056411,緯穎國票99購01  ,0,0,0,0,0,0,0,0,0,-12000,0,0,0,0,12000,-12000,-12000
05854P,華新科凱基96售09,0,0,0,0,0,0,0,0,0,-12000,0,0,0,8000,20000,-12000,-12000
06110P,國巨國泰98售02  ,0,0,0,0,0,0,0,0,0,-12000,0,0,0,100000,112000,-12000,-12000
06036P,台表科凱基96售04,0,0,0,0,0,0,0,0,0,-12000,0,0,0,0,12000,-12000,-12000
06256P,臺股指群益97售09,0,0,0,0,0,0,0,0,0,-12000,0,0,0,0,12000,-12000,-12000
06357P,臺股指永豐97售03,0,0,0,0,0,0,0,0,0,-12000,0,0,0,0,12000,-12000,-12000
06331P,南亞科群益97售04,0,0,0,0,0,0,0,0,0,-12000,0,0,0,7000,19000,-12000,-12000
5525,順天            ,4000,16836,-12836,0,0,0,0,0,0,0,0,0,0,0,0,0,-12836
055763,鎧勝群益97購01  ,0,0,0,0,0,0,0,0,0,-13000,0,0,0,0,13000,-13000,-13000
054910,信錦凱基97購01  ,0,0,0,0,0,0,0,0,0,-13000,0,0,0,10000,23000,-13000,-13000
055155,奇力新元大99購01,0,0,0,0,0,0,0,0,0,-13000,0,0,0,210000,223000,-13000,-13000
055212,和大凱基97購02  ,0,0,0,0,0,0,0,0,0,-13000,0,0,0,0,13000,-13000,-13000
054682,東元永豐97購01  ,0,0,0,0,0,0,0,0,0,-13000,0,0,0,23000,36000,-13000,-13000
053685,台積電元大96購18,0,0,0,0,0,0,0,0,0,-13000,0,0,0,61000,74000,-13000,-13000
053773,上銀元大96購04  ,0,0,0,0,0,0,0,0,0,-13000,0,0,0,82000,95000,-13000,-13000
046351,智邦群益92購01  ,0,0,0,0,0,0,0,0,0,-13000,0,0,0,7000,20000,-13000,-13000
046538,大立光群益93購06,0,0,0,0,0,0,0,0,0,-13000,0,0,0,14000,27000,-13000,-13000
04082P,智邦統一93售03  ,0,0,0,0,0,0,0,0,0,-13000,0,0,0,20000,33000,-13000,-13000
04451P,可成凱基94售04  ,0,0,0,0,0,0,0,0,0,-13000,0,0,0,65000,78000,-13000,-13000
044569,華邦電凱基92購01,0,0,0,0,0,0,0,0,0,-13000,0,0,0,0,13000,-13000,-13000
049564,聯電統一94購03  ,0,0,0,0,0,0,0,0,0,-13000,0,0,0,58000,71000,-13000,-13000
049013,川湖群益94購01  ,0,0,0,0,0,0,0,0,0,-13000,0,0,0,1000,14000,-13000,-13000
048348,矽力元大93購03  ,0,0,0,0,0,0,0,0,0,-13000,0,0,0,0,13000,-13000,-13000
05024P,華通國票96售01  ,0,0,0,0,0,0,0,0,0,-13000,0,0,0,102000,115000,-13000,-13000
050480,健策國票95購04  ,0,0,0,0,0,0,0,0,0,-13000,0,0,0,10000,23000,-13000,-13000
050407,聯詠台新94購02  ,0,0,0,0,0,0,0,0,0,-13000,0,0,0,37000,50000,-13000,-13000
050131,新光金凱基94購01,0,0,0,0,0,0,0,0,0,-13000,0,0,0,0,13000,-13000,-13000
050031,嘉澤元大95購01  ,0,0,0,0,0,0,0,0,0,-13000,0,0,0,161000,174000,-13000,-13000
052388,旺宏群益96購05  ,0,0,0,0,0,0,0,0,0,-13000,0,0,0,47000,60000,-13000,-13000
052328,台表科中信99購01,0,0,0,0,0,0,0,0,0,-13000,0,0,0,0,13000,-13000,-13000
052318,友達元大98購01  ,0,0,0,0,0,0,0,0,0,-13000,0,0,0,1000,14000,-13000,-13000
9925,新保            ,8000,19000,-11000,0,0,0,0,0,0,-2000,0,2000,-2000,0,0,0,-13000
9927,泰銘            ,6000,18000,-12000,0,0,0,0,0,0,-1000,0,1000,-1000,0,0,0,-13000
1531,高林股          ,2000,15000,-13000,0,0,0,0,0,0,0,0,0,0,0,0,0,-13000
2462,良得電          ,2000,15000,-13000,0,0,0,0,0,0,0,0,0,0,0,0,0,-13000
4141,龍燈-KY         ,1000,13000,-12000,0,0,0,0,0,0,-1000,0,1000,-1000,0,0,0,-13000
2527,宏璟            ,7000,17000,-10000,0,0,0,0,0,0,-3000,0,3000,-3000,0,0,0,-13000
06272P,台郡凱基97售04  ,0,0,0,0,0,0,0,0,0,-13000,0,0,0,24000,37000,-13000,-13000
06234P,亞德客元大97售02,0,0,0,0,0,0,0,0,0,-13000,0,0,0,3000,16000,-13000,-13000
06242P,大立光元富9A售02,0,0,0,0,0,0,0,0,0,-13000,0,0,0,29000,42000,-13000,-13000
1108,幸福            ,5000,18000,-13000,0,0,0,0,0,0,0,0,0,0,0,0,0,-13000
1231,聯華食          ,17000,29000,-12000,0,0,0,0,0,0,-1000,0,1000,-1000,0,0,0,-13000
06411P,晶相光永豐97售03,0,0,0,0,0,0,0,0,0,-13000,0,0,0,0,13000,-13000,-13000
06448P,華通元大99售01  ,0,0,0,0,0,0,0,0,0,-13000,0,0,0,0,13000,-13000,-13000
06125P,楠梓電元富99售01,0,0,0,0,0,0,0,0,0,-13000,0,0,0,28000,41000,-13000,-13000
056470,旺宏元大99購01  ,0,0,0,0,0,0,0,0,0,-13000,0,0,0,35000,48000,-13000,-13000
056313,聯茂元大98購01  ,0,0,0,0,0,0,0,0,0,-13000,0,0,0,87000,100000,-13000,-13000
05720P,可成中信98售01  ,0,0,0,0,0,0,0,0,0,-13000,0,0,0,0,13000,-13000,-13000
05603P,聯發科元大96售09,0,0,0,0,0,0,0,0,0,-13000,0,0,0,19000,32000,-13000,-13000
3450,聯鈞            ,703000,980179,-277179,0,0,0,0,0,0,264000,27000,2000,25000,267000,28000,239000,-13179
054054,光磊國票97購02  ,0,0,0,0,0,0,0,0,0,-14000,0,0,0,0,14000,-14000,-14000
053602,台虹元大96購01  ,0,0,0,0,0,0,0,0,0,-14000,0,0,0,6000,20000,-14000,-14000
053507,百和兆豐96購01  ,0,0,0,0,0,0,0,0,0,-14000,0,0,0,7000,21000,-14000,-14000
055131,茂林康和97購01  ,0,0,0,0,0,0,0,0,0,-14000,0,0,0,11000,25000,-14000,-14000
054757,南亞國票98購01  ,0,0,0,0,0,0,0,0,0,-14000,0,0,0,12000,26000,-14000,-14000
044512,奇力新凱基93購02,0,0,0,0,0,0,0,0,0,-14000,0,0,0,54000,68000,-14000,-14000
045448,宏達電國泰93購02,0,0,0,0,0,0,0,0,0,-14000,0,0,0,0,14000,-14000,-14000
046707,友達康和93購01  ,0,0,0,0,0,0,0,0,0,-14000,0,0,0,44000,58000,-14000,-14000
046579,台積電元大92購32,0,0,0,0,0,0,0,0,0,-14000,0,0,0,10000,24000,-14000,-14000
046365,禾伸堂永豐92購02,0,0,0,0,0,0,0,0,0,-14000,0,0,0,70000,84000,-14000,-14000
046286,高鐵兆豐93購01  ,0,0,0,0,0,0,0,0,0,-14000,0,0,0,0,14000,-14000,-14000
050713,矽格麥證94購01  ,0,0,0,1000,15000,-14000,0,0,0,-14000,0,0,0,1000,15000,-14000,-14000
055346,國巨凱基98購02  ,0,0,0,0,0,0,0,0,0,-14000,0,0,0,41000,55000,-14000,-14000
048583,智原富邦98購01  ,0,0,0,0,0,0,0,0,0,-14000,0,0,0,1000,15000,-14000,-14000
048629,滬深2X元大96購04,0,0,0,0,0,0,0,0,0,-14000,0,0,0,66000,80000,-14000,-14000
048610,華新科凱基94購04,0,0,0,0,0,0,0,0,0,-14000,0,0,0,0,14000,-14000,-14000
047547,友達凱基99購02  ,0,0,0,0,0,0,0,0,0,-14000,0,0,0,0,14000,-14000,-14000
048273,南電富邦97購01  ,0,0,0,0,0,0,0,0,0,-14000,0,0,0,16000,30000,-14000,-14000
04958P,和大凱基94售04  ,0,0,0,0,0,0,0,0,0,-14000,0,0,0,49000,63000,-14000,-14000
049498,茂林元大95購01  ,0,0,0,0,0,0,0,0,0,-14000,0,0,0,16000,30000,-14000,-14000
049857,緯穎群益94購03  ,0,0,0,0,0,0,0,0,0,-14000,0,0,0,140000,154000,-14000,-14000
047369,漢唐國票94購01  ,0,0,0,0,0,0,0,0,0,-14000,0,0,0,0,14000,-14000,-14000
052703,貿聯國票97購01  ,0,0,0,0,0,0,0,0,0,-14000,0,0,0,10000,24000,-14000,-14000
052741,聯發科元大96購08,0,0,0,0,0,0,0,0,0,-14000,0,0,0,4000,18000,-14000,-14000
052829,上銀群益96購01  ,0,0,0,0,0,0,0,0,0,-14000,0,0,0,0,14000,-14000,-14000
052794,群創兆豐97購01  ,0,0,0,0,0,0,0,0,0,-14000,0,0,0,57000,71000,-14000,-14000
052570,華新科凱基96購06,0,0,0,0,0,0,0,0,0,-14000,0,0,0,32000,46000,-14000,-14000
05328P,臺股指凱基95售12,0,0,0,0,0,0,0,0,0,-14000,0,0,0,0,14000,-14000,-14000
053081,上銀元大97購02  ,0,0,0,0,0,0,0,0,0,-14000,0,0,0,42000,56000,-14000,-14000
051612,緯創日盛95購01  ,0,0,0,0,0,0,0,0,0,-14000,0,0,0,0,14000,-14000,-14000
051062,超眾群益95購02  ,0,0,0,0,0,0,0,0,0,-14000,0,0,0,120000,134000,-14000,-14000
2496,卓越            ,1000,15000,-14000,0,0,0,0,0,0,0,0,0,0,0,0,0,-14000
2706,第一店          ,3000,15000,-12000,0,0,0,0,0,0,-2000,0,2000,-2000,0,0,0,-14000
9937,全國            ,0,13000,-13000,0,0,0,0,0,0,-1000,0,1000,-1000,0,0,0,-14000
6183,關貿            ,2000,16000,-14000,0,0,0,0,0,0,0,0,0,0,0,0,0,-14000
056502,A50正2永豐98購01,0,0,0,0,0,0,0,0,0,-14000,0,0,0,0,14000,-14000,-14000
05661P,聯發科統一96售06,0,0,0,0,0,0,0,0,0,-14000,0,0,0,0,14000,-14000,-14000
05676P,欣興群益96售04  ,0,0,0,0,0,0,0,0,0,-14000,0,0,0,4000,18000,-14000,-14000
056480,京鼎元大98購02  ,0,0,0,0,0,0,0,0,0,-14000,0,0,0,0,14000,-14000,-14000
06028P,智邦台新97售01  ,0,0,0,0,0,0,0,0,0,-14000,0,0,0,29000,43000,-14000,-14000
06090P,旺宏統一97售06  ,0,0,0,0,0,0,0,0,0,-14000,0,0,0,27000,41000,-14000,-14000
06007P,世芯永豐96售01  ,0,0,0,0,0,0,0,0,0,-14000,0,0,0,0,14000,-14000,-14000
1225,福懋油          ,2000,15000,-13000,0,0,0,0,0,0,-1000,1000,2000,-1000,0,0,0,-14000
3557,嘉威            ,0,14783,-14783,0,0,0,0,0,0,0,0,0,0,0,0,0,-14783
05468P,鴻海元大96售14  ,0,0,0,0,0,0,0,0,0,-15000,0,0,0,311000,326000,-15000,-15000
055010,佐登元富97購01  ,0,0,0,0,0,0,0,0,0,-15000,0,0,0,10000,25000,-15000,-15000
054941,凱美元大97購01  ,0,0,0,0,0,0,0,0,0,-15000,0,0,0,45000,60000,-15000,-15000
055110,美律凱基98購02  ,0,0,0,0,0,0,0,0,0,-15000,0,0,0,0,15000,-15000,-15000
055055,精元永豐97購01  ,0,0,0,0,0,0,0,0,0,-15000,0,0,0,36000,51000,-15000,-15000
055355,大立光凱基97購05,0,0,0,0,0,0,0,0,0,-15000,0,0,0,5000,20000,-15000,-15000
055705,微星永豐97購01  ,0,0,0,0,0,0,0,0,0,-15000,0,0,0,78000,93000,-15000,-15000
055830,上銀元大97購07  ,0,0,0,0,0,0,0,0,0,-15000,0,0,0,91000,106000,-15000,-15000
055828,上銀元大97購05  ,0,0,0,0,0,0,0,0,0,-15000,0,0,0,43000,58000,-15000,-15000
053504,祥碩兆豐96購01  ,0,0,0,0,0,0,0,0,0,-15000,0,0,0,6000,21000,-15000,-15000
053593,晶技元大98購01  ,0,0,0,0,0,0,0,0,0,-15000,0,0,0,0,15000,-15000,-15000
053643,漢唐國票97購02  ,0,0,0,0,0,0,0,0,0,-15000,0,0,0,11000,26000,-15000,-15000
053679,緯創富邦96購01  ,0,0,0,0,0,0,0,0,0,-15000,0,0,0,0,15000,-15000,-15000
053906,宏達電凱基96購02,0,0,0,0,0,0,0,0,0,-15000,0,0,0,0,15000,-15000,-15000
053767,臻鼎富邦97購02  ,0,0,0,0,0,0,0,0,0,-15000,0,0,0,0,15000,-15000,-15000
05466P,旺宏富邦97售01  ,0,0,0,0,0,0,0,0,0,-15000,0,0,0,20000,35000,-15000,-15000
054605,鴻海永豐97購01  ,0,0,0,0,0,0,0,0,0,-15000,0,0,0,0,15000,-15000,-15000
05442P,鴻海元大96售13  ,0,0,0,0,0,0,0,0,0,-15000,0,0,0,120000,135000,-15000,-15000
054301,楠梓電凱基98購01,0,0,0,0,0,0,0,0,0,-15000,0,0,0,0,15000,-15000,-15000
054375,貿聯中信99購01  ,0,0,0,0,0,0,0,0,0,-15000,0,0,0,0,15000,-15000,-15000
046356,智伸科群益93購01,0,0,0,0,0,0,0,0,0,-15000,0,0,0,10000,25000,-15000,-15000
047182,智邦元大93購07  ,0,0,0,0,0,0,0,0,0,-15000,0,0,0,5000,20000,-15000,-15000
04708P,國巨元大94售11  ,0,0,0,0,0,0,0,0,0,-15000,0,0,0,15000,30000,-15000,-15000
04881P,高股息凱基96售01,0,0,0,0,0,0,0,0,0,-15000,0,0,0,0,15000,-15000,-15000
04664P,臺股指國票94售03,0,0,0,0,0,0,0,0,0,-15000,0,0,0,0,15000,-15000,-15000
04674P,全新統一95售01  ,0,0,0,0,0,0,0,0,0,-15000,0,0,0,35000,50000,-15000,-15000
045658,儒鴻國泰93購01  ,0,0,0,0,0,0,0,0,0,-15000,0,0,0,0,15000,-15000,-15000
04414P,牧德元富94售04  ,0,0,0,0,0,0,0,0,0,-15000,0,0,0,10000,25000,-15000,-15000
03103P,聯發科元富01售02,0,0,0,0,0,0,0,0,0,-15000,0,0,0,10000,25000,-15000,-15000
03788P,聯發科群益94售02,0,0,0,0,0,0,0,0,0,-15000,0,0,0,30000,45000,-15000,-15000
049444,元石油統一94購03,0,0,0,0,0,0,0,0,0,-15000,0,0,0,20000,35000,-15000,-15000
048359,奇鋐永豐93購02  ,0,0,0,0,0,0,0,0,0,-15000,0,0,0,0,15000,-15000,-15000
055348,旺宏凱基97購01  ,0,0,0,0,0,0,0,0,0,-15000,0,0,0,6000,21000,-15000,-15000
055293,晶相光元大97購01,0,0,0,0,0,0,0,0,0,-15000,0,0,0,75000,90000,-15000,-15000
050694,國巨凱基96購03  ,0,0,0,0,0,0,0,0,0,-15000,0,0,0,54000,69000,-15000,-15000
050595,緯穎永豐94購03  ,0,0,0,0,0,0,0,0,0,-15000,0,0,0,65000,80000,-15000,-15000
050450,富邦金元大94購03,0,0,0,0,0,0,0,0,0,-15000,0,0,0,10000,25000,-15000,-15000
047855,美律國票94購01  ,0,0,0,0,0,0,0,0,0,-15000,0,0,0,21000,36000,-15000,-15000
049914,瑞昱元大94購06  ,0,0,0,0,0,0,0,0,0,-15000,0,0,0,0,15000,-15000,-15000
04823P,台積電元富94售09,0,0,0,0,0,0,0,0,0,-15000,0,0,0,0,15000,-15000,-15000
047896,京元電群益93購01,0,0,0,0,0,0,0,0,0,-15000,0,0,0,0,15000,-15000,-15000
048014,貿聯國票93購03  ,0,0,0,0,0,0,0,0,0,-15000,0,0,0,0,15000,-15000,-15000
048516,麗豐凱基93購02  ,0,0,0,0,0,0,0,0,0,-15000,0,0,0,0,15000,-15000,-15000
047974,新光金兆豐93購01,0,0,0,0,0,0,0,0,0,-15000,0,0,0,15000,30000,-15000,-15000
04846P,旺宏凱基94售07  ,0,0,0,0,0,0,0,0,0,-15000,0,0,0,0,15000,-15000,-15000
05099P,台積電凱基95售06,0,0,0,0,0,0,0,0,0,-15000,0,0,0,0,15000,-15000,-15000
051127,同欣電群益95購01,0,0,0,0,0,0,0,0,0,-15000,0,0,0,92000,107000,-15000,-15000
051597,T50反1中信99購02,0,0,0,0,0,0,0,0,0,-15000,0,0,0,0,15000,-15000,-15000
051679,百和元大95購02  ,0,0,0,0,0,0,0,0,0,-15000,0,0,0,0,15000,-15000,-15000
051906,國巨元大95購09  ,0,0,0,0,0,0,0,0,0,-15000,0,0,0,51000,66000,-15000,-15000
052143,鴻海群益95購09  ,0,0,0,0,0,0,0,0,0,-15000,0,0,0,0,15000,-15000,-15000
053015,緯創統一96購01  ,0,0,0,0,0,0,0,0,0,-15000,0,0,0,48000,63000,-15000,-15000
05333P,臺股指國票95售02,0,0,0,0,0,0,0,0,0,-15000,0,0,0,0,15000,-15000,-15000
052324,康友元大96購02  ,0,0,0,0,0,0,0,0,0,-15000,0,0,0,0,15000,-15000,-15000
052336,矽力日盛95購01  ,0,0,0,0,0,0,0,0,0,-15000,0,0,0,0,15000,-15000,-15000
052233,台郡凱基96購01  ,0,0,0,0,0,0,0,0,0,-15000,0,0,0,8000,23000,-15000,-15000
052206,燿華中信95購02  ,0,0,0,0,0,0,0,0,0,-15000,0,0,0,65000,80000,-15000,-15000
052195,健策元富95購01  ,0,0,0,0,0,0,0,0,0,-15000,0,0,0,21000,36000,-15000,-15000
052183,華邦電群益95購01,0,0,0,0,0,0,0,0,0,-15000,0,0,0,0,15000,-15000,-15000
4536,拓凱            ,3000,14000,-11000,0,0,0,0,0,0,-4000,0,5000,-5000,1000,0,1000,-15000
3305,昇貿            ,4000,18000,-14000,0,0,0,0,0,0,-1000,0,1000,-1000,0,0,0,-15000
3266,昇陽            ,1000,14000,-13000,0,0,0,0,0,0,-2000,0,2000,-2000,0,0,0,-15000
2365,昆盈            ,0,15000,-15000,0,0,0,0,0,0,0,0,0,0,0,0,0,-15000
2020,美亞            ,1000,16000,-15000,0,0,0,0,0,0,0,0,0,0,0,0,0,-15000
4935,茂林-KY         ,246000,413000,-167000,0,0,0,10000,0,10000,142000,205000,84000,121000,77000,56000,21000,-15000
8488,吉源-KY         ,0,15000,-15000,0,0,0,0,0,0,0,0,0,0,0,0,0,-15000
8442,威宏-KY         ,2000,16000,-14000,0,0,0,0,0,0,-1000,0,1000,-1000,0,0,0,-15000
08749P,鴻海台新01售02  ,0,0,0,0,0,0,0,0,0,-15000,0,0,0,0,15000,-15000,-15000
06314P,GIS元富97售02   ,0,0,0,0,0,0,0,0,0,-15000,0,0,0,6000,21000,-15000,-15000
05966P,矽力凱基96售03  ,0,0,0,0,0,0,0,0,0,-15000,0,0,0,27000,42000,-15000,-15000
05867P,友達兆豐97售02  ,0,0,0,0,0,0,0,0,0,-15000,0,0,0,6000,21000,-15000,-15000
05847P,大立光元大96售08,0,0,0,0,0,0,0,0,0,-15000,0,0,0,14000,29000,-15000,-15000
06105P,國巨國票98售02  ,0,0,0,0,0,0,0,0,0,-15000,0,0,0,10000,25000,-15000,-15000
06034P,世芯凱基96售03  ,0,0,0,0,0,0,0,0,0,-15000,0,0,0,0,15000,-15000,-15000
06137P,玉晶光永豐97售04,0,0,0,0,0,0,0,0,0,-15000,0,0,0,0,15000,-15000,-15000
056485,同欣電元大98購01,0,0,0,0,0,0,0,0,0,-15000,0,0,0,2000,17000,-15000,-15000
056462,訊芯凱基98購03  ,0,0,0,0,0,0,0,0,0,-15000,0,0,0,0,15000,-15000,-15000
056318,鴻海群益98購02  ,0,0,0,0,0,0,0,0,0,-15000,0,0,0,0,15000,-15000,-15000
05694P,台積電凱基96售09,0,0,0,0,0,0,0,0,0,-15000,0,0,0,200000,215000,-15000,-15000
056056,旺宏元大97購06  ,0,0,0,0,0,0,0,0,0,-15000,0,0,0,164000,179000,-15000,-15000
056067,智原元大97購01  ,0,0,0,0,0,0,0,0,0,-15000,0,0,0,52000,67000,-15000,-15000
05436P,台積電群益95售07,0,0,0,0,0,0,0,0,0,-16000,0,0,0,14000,30000,-16000,-16000
053883,大立光中信98購02,0,0,0,0,0,0,0,0,0,-16000,0,0,0,0,16000,-16000,-16000
054025,鴻海凱基96購17  ,0,0,0,0,0,0,0,0,0,-16000,0,0,0,20000,36000,-16000,-16000
055788,緯穎凱基97購04  ,0,0,0,0,0,0,0,0,0,-16000,0,0,0,1000,17000,-16000,-16000
055382,台郡元大99購01  ,0,0,0,0,0,0,0,0,0,-16000,0,0,0,10000,26000,-16000,-16000
054912,群光凱基97購01  ,0,0,0,0,0,0,0,0,0,-16000,0,0,0,0,16000,-16000,-16000
054718,可成永豐97購01  ,0,0,0,0,0,0,0,0,0,-16000,0,0,0,68000,84000,-16000,-16000
00717,富邦美國特別股  ,0,0,0,0,0,0,0,0,0,-16000,50000,0,50000,550000,616000,-66000,-16000
044623,奇力新元大92購01,0,0,0,0,0,0,0,0,0,-16000,0,0,0,0,16000,-16000,-16000
045325,元油2X永豐94購01,0,0,0,0,0,0,0,0,0,-16000,0,0,0,0,16000,-16000,-16000
045996,南電富邦94購01  ,0,0,0,0,0,0,0,0,0,-16000,0,0,0,20000,36000,-16000,-16000
047117,禾伸堂元大93購02,0,0,0,0,0,0,0,0,0,-16000,0,0,0,21000,37000,-16000,-16000
046856,健鼎元大93購01  ,0,0,0,0,0,0,0,0,0,-16000,0,0,0,1000,17000,-16000,-16000
046827,漢唐群益93購02  ,0,0,0,0,0,0,0,0,0,-16000,0,0,0,20000,36000,-16000,-16000
047917,台積電凱基94購01,0,0,0,0,0,0,0,0,0,-16000,0,0,0,11000,27000,-16000,-16000
050687,上銀日盛94購01  ,0,0,0,0,0,0,0,0,0,-16000,0,0,0,44000,60000,-16000,-16000
050351,華新科群益95購02,0,0,0,0,0,0,0,0,0,-16000,0,0,0,103000,119000,-16000,-16000
050318,景碩國票94購02  ,0,0,0,0,0,0,0,0,0,-16000,0,0,0,10000,26000,-16000,-16000
048349,美利達元大96購02,0,0,0,0,0,0,0,0,0,-16000,0,0,0,0,16000,-16000,-16000
047444,晶技元大93購03  ,0,0,0,0,0,0,0,0,0,-16000,0,0,0,0,16000,-16000,-16000
049293,友訊群益95購01  ,0,0,0,0,0,0,0,0,0,-16000,0,0,0,43000,59000,-16000,-16000
049335,聯電統一97購01  ,0,0,0,0,0,0,0,0,0,-16000,0,0,0,43000,59000,-16000,-16000
049326,聯發科元富94購01,0,0,0,0,0,0,0,0,0,-16000,0,0,0,0,16000,-16000,-16000
047763,旺宏元大94購04  ,0,0,0,0,0,0,0,0,0,-16000,0,0,0,16000,32000,-16000,-16000
052278,國巨凱基95購06  ,0,0,0,0,0,0,0,0,0,-16000,0,0,0,36000,52000,-16000,-16000
053337,聯電國票97購01  ,0,0,0,0,0,0,0,0,0,-16000,0,0,0,32000,48000,-16000,-16000
052983,國巨元大96購07  ,0,0,0,0,0,0,0,0,0,-16000,0,0,0,53000,69000,-16000,-16000
051549,健鼎永豐95購01  ,0,0,0,0,0,0,0,0,0,-16000,0,0,0,4000,20000,-16000,-16000
051227,技嘉群益97購01  ,0,0,0,0,0,0,0,0,0,-16000,0,0,0,0,16000,-16000,-16000
056076,超眾元大97購05  ,0,0,0,0,0,0,0,0,0,-16000,0,0,0,131000,147000,-16000,-16000
06230P,亞德客永豐97售03,0,0,0,0,0,0,0,0,0,-16000,0,0,0,0,16000,-16000,-16000
2701,萬企            ,0,17000,-17000,0,0,0,0,0,0,1000,1000,0,1000,0,0,0,-16000
2530,華建            ,1000,16000,-15000,0,0,0,0,0,0,-1000,0,1000,-1000,0,0,0,-16000
054811,裕隆元大9A購01  ,0,0,0,0,0,0,0,0,0,-17000,0,0,0,6000,23000,-17000,-17000
055216,友達凱基98購05  ,0,0,0,0,0,0,0,0,0,-17000,0,0,0,45000,62000,-17000,-17000
055487,國巨元大98購07  ,0,0,0,0,0,0,0,0,0,-17000,0,0,0,14000,31000,-17000,-17000
055677,喬山凱基97購01  ,0,0,0,0,0,0,0,0,0,-17000,0,0,0,0,17000,-17000,-17000
05371P,臺股指中信95售10,0,0,0,0,0,0,0,0,0,-17000,0,0,0,0,17000,-17000,-17000
054366,和大中信98購01  ,0,0,0,0,0,0,0,0,0,-17000,0,0,0,11000,28000,-17000,-17000
054193,鴻海麥證96購02  ,0,0,0,24000,41000,-17000,0,0,0,-17000,0,0,0,24000,41000,-17000,-17000
054143,茂林元大96購04  ,0,0,0,0,0,0,0,0,0,-17000,0,0,0,51000,68000,-17000,-17000
046205,明基材凱基93購01,0,0,0,0,0,0,0,0,0,-17000,0,0,0,343000,360000,-17000,-17000
046325,日月光元大92購03,0,0,0,0,0,0,0,0,0,-17000,0,0,0,0,17000,-17000,-17000
046961,大立光中信95購02,0,0,0,0,0,0,0,0,0,-17000,0,0,0,52000,69000,-17000,-17000
044592,元油2X國票93購02,0,0,0,0,0,0,0,0,0,-17000,0,0,0,0,17000,-17000,-17000
00657,國泰日經225     ,0,0,0,0,0,0,0,0,0,-17000,0,0,0,126000,143000,-17000,-17000
047383,鴻海元大95購01  ,0,0,0,0,0,0,0,0,0,-17000,0,0,0,53000,70000,-17000,-17000
049388,南電元大94購05  ,0,0,0,0,0,0,0,0,0,-17000,0,0,0,0,17000,-17000,-17000
048403,聯發科群益93購10,0,0,0,0,0,0,0,0,0,-17000,0,0,0,0,17000,-17000,-17000
049909,國巨元大95購01  ,0,0,0,0,0,0,0,0,0,-17000,0,0,0,15000,32000,-17000,-17000
050053,訊芯群益94購03  ,0,0,0,0,0,0,0,0,0,-17000,0,0,0,0,17000,-17000,-17000
048162,矽力麥證93購01  ,0,0,0,10000,27000,-17000,0,0,0,-17000,0,0,0,10000,27000,-17000,-17000
048159,聯詠兆豐93購03  ,0,0,0,0,0,0,0,0,0,-17000,0,0,0,10000,27000,-17000,-17000
051225,台積電群益95購02,0,0,0,0,0,0,0,0,0,-17000,0,0,0,151000,168000,-17000,-17000
051001,緯穎元大96購02  ,0,0,0,0,0,0,0,0,0,-17000,0,0,0,220000,237000,-17000,-17000
052784,緯穎國票97購02  ,0,0,0,0,0,0,0,0,0,-17000,0,0,0,2000,19000,-17000,-17000
2913,農林            ,35000,47000,-12000,0,0,0,0,0,0,-5000,2000,7000,-5000,0,0,0,-17000
4438,廣越            ,3000,16000,-13000,0,0,0,0,0,0,-4000,3000,7000,-4000,0,0,0,-17000
4133,亞諾法          ,74000,91000,-17000,0,0,0,0,0,0,0,0,0,0,0,0,0,-17000
4104,佳醫            ,13000,30000,-17000,0,0,0,0,0,0,0,0,0,0,0,0,0,-17000
5007,三星            ,3000,18000,-15000,0,0,0,0,0,0,-2000,0,2000,-2000,0,0,0,-17000
6152,百一            ,10000,27000,-17000,0,0,0,0,0,0,0,0,0,0,0,0,0,-17000
5608,四維航          ,4000,21000,-17000,0,0,0,0,0,0,0,0,0,0,0,0,0,-17000
06255P,臺股指群益97售08,0,0,0,0,0,0,0,0,0,-17000,0,0,0,22000,39000,-17000,-17000
1256,鮮活果汁-KY     ,6000,24000,-18000,0,0,0,0,0,0,1000,1000,0,1000,0,0,0,-17000
05975P,國巨日盛99售02  ,0,0,0,0,0,0,0,0,0,-17000,0,0,0,30000,47000,-17000,-17000
06023P,超眾國票96售03  ,0,0,0,0,0,0,0,0,0,-17000,0,0,0,0,17000,-17000,-17000
056287,亞光永豐97購02  ,0,0,0,0,0,0,0,0,0,-17000,0,0,0,27000,44000,-17000,-17000
05655P,南亞科統一96售01,0,0,0,0,0,0,0,0,0,-17000,0,0,0,28000,45000,-17000,-17000
054463,瑞昱凱基97購01  ,0,0,0,0,0,0,0,0,0,-18000,0,0,0,15000,33000,-18000,-18000
054630,聯鈞凱基98購01  ,0,0,0,0,0,0,0,0,0,-18000,0,0,0,55000,73000,-18000,-18000
053527,創意中信97購01  ,0,0,0,0,0,0,0,0,0,-18000,0,0,0,0,18000,-18000,-18000
053555,日月光凱基97購01,0,0,0,0,0,0,0,0,0,-18000,0,0,0,0,18000,-18000,-18000
053557,聯茂凱基96購04  ,0,0,0,0,0,0,0,0,0,-18000,0,0,0,0,18000,-18000,-18000
053438,玉晶光麥證97購02,0,0,0,13000,31000,-18000,0,0,0,-18000,0,0,0,13000,31000,-18000,-18000
053503,臻鼎兆豐97購01  ,0,0,0,0,0,0,0,0,0,-18000,0,0,0,40000,58000,-18000,-18000
053835,南亞科永豐96購02,0,0,0,0,0,0,0,0,0,-18000,0,0,0,5000,23000,-18000,-18000
05374P,台積電國票96售07,0,0,0,0,0,0,0,0,0,-18000,0,0,0,375000,393000,-18000,-18000
055611,燿華國票98購02  ,0,0,0,0,0,0,0,0,0,-18000,0,0,0,67000,85000,-18000,-18000
055400,緯穎統一97購01  ,0,0,0,0,0,0,0,0,0,-18000,0,0,0,388000,406000,-18000,-18000
054856,得力群益99購01  ,0,0,0,0,0,0,0,0,0,-18000,0,0,0,0,18000,-18000,-18000
054962,玉晶光元大99購02,0,0,0,0,0,0,0,0,0,-18000,0,0,0,39000,57000,-18000,-18000
054996,聯陽元富97購01  ,0,0,0,0,0,0,0,0,0,-18000,0,0,0,0,18000,-18000,-18000
044134,訊芯凱基93購01  ,0,0,0,0,0,0,0,0,0,-18000,0,0,0,10000,28000,-18000,-18000
044608,奇力新富邦93購01,0,0,0,0,0,0,0,0,0,-18000,0,0,0,0,18000,-18000,-18000
041916,大立光中信93購01,0,0,0,0,0,0,0,0,0,-18000,0,0,0,2000,20000,-18000,-18000
046581,聯發科元大92購22,0,0,0,0,0,0,0,0,0,-18000,0,0,0,0,18000,-18000,-18000
048821,光磊凱基95購01  ,0,0,0,0,0,0,0,0,0,-18000,0,0,0,100000,118000,-18000,-18000
046915,禾伸堂台新93購01,0,0,0,0,0,0,0,0,0,-18000,0,0,0,0,18000,-18000,-18000
045866,南茂統一94購01  ,0,0,0,0,0,0,0,0,0,-18000,0,0,0,3000,21000,-18000,-18000
050425,國巨凱基94購12  ,0,0,0,0,0,0,0,0,0,-18000,0,0,0,9000,27000,-18000,-18000
050541,智邦凱基94購04  ,0,0,0,0,0,0,0,0,0,-18000,0,0,0,417000,435000,-18000,-18000
049231,鴻海富邦95購02  ,0,0,0,0,0,0,0,0,0,-18000,0,0,0,2000,20000,-18000,-18000
049121,元油2X元富94購06,0,0,0,0,0,0,0,0,0,-18000,0,0,0,17000,35000,-18000,-18000
047224,台光電凱基94購01,0,0,0,0,0,0,0,0,0,-18000,0,0,0,0,18000,-18000,-18000
049440,T50反1統一94購04,0,0,0,0,0,0,0,0,0,-18000,0,0,0,12000,30000,-18000,-18000
049826,光磊凱基94購02  ,0,0,0,0,0,0,0,0,0,-18000,0,0,0,0,18000,-18000,-18000
052534,貿聯國泰96購02  ,0,0,0,0,0,0,0,0,0,-18000,0,0,0,18000,36000,-18000,-18000
052979,上銀元大96購02  ,0,0,0,0,0,0,0,0,0,-18000,0,0,0,124000,142000,-18000,-18000
052871,群創凱基98購07  ,0,0,0,0,0,0,0,0,0,-18000,0,0,0,75000,93000,-18000,-18000
053036,聯電凱基98購01  ,0,0,0,0,0,0,0,0,0,-18000,0,0,0,9000,27000,-18000,-18000
051319,光磊國票96購02  ,0,0,0,0,0,0,0,0,0,-18000,0,0,0,10000,28000,-18000,-18000
051476,聯發科凱基95購09,0,0,0,0,0,0,0,0,0,-18000,0,0,0,12000,30000,-18000,-18000
051692,深中小統一95購01,0,0,0,0,0,0,0,0,0,-18000,0,0,0,6000,24000,-18000,-18000
051616,鴻海凱基96購08  ,0,0,0,0,0,0,0,0,0,-18000,0,0,0,10000,28000,-18000,-18000
05727P,新光金日盛96售02,0,0,0,0,0,0,0,0,0,-18000,0,0,0,0,18000,-18000,-18000
056314,力成元大97購01  ,0,0,0,0,0,0,0,0,0,-18000,0,0,0,0,18000,-18000,-18000
05635P,健策台新96售02  ,0,0,0,0,0,0,0,0,0,-18000,0,0,0,0,18000,-18000,-18000
056288,健鼎永豐97購01  ,0,0,0,0,0,0,0,0,0,-18000,0,0,0,40000,58000,-18000,-18000
056274,彩晶統一98購02  ,0,0,0,0,0,0,0,0,0,-18000,0,0,0,0,18000,-18000,-18000
06043P,創意永豐96售06  ,0,0,0,0,0,0,0,0,0,-18000,0,0,0,17000,35000,-18000,-18000
06378P,國巨統一97售08  ,0,0,0,0,0,0,0,0,0,-18000,0,0,0,0,18000,-18000,-18000
6582,申豐            ,4000,22000,-18000,0,0,0,0,0,0,0,0,0,0,0,0,0,-18000
2607,榮運            ,48000,60000,-12000,0,0,0,0,0,0,-6000,0,6000,-6000,0,0,0,-18000
2207,和泰車          ,223047,237117,-14070,0,0,0,0,0,0,-4000,0,4000,-4000,0,0,0,-18070
054973,台郡元大98購02  ,0,0,0,0,0,0,0,0,0,-19000,0,0,0,57000,76000,-19000,-19000
055005,晶相光元富97購01,0,0,0,0,0,0,0,0,0,-19000,0,0,0,10000,29000,-19000,-19000
054784,順德群益9A購01  ,0,0,0,0,0,0,0,0,0,-19000,0,0,0,0,19000,-19000,-19000
055201,興勤群益98購01  ,0,0,0,0,0,0,0,0,0,-19000,0,0,0,0,19000,-19000,-19000
055043,中砂永豐97購01  ,0,0,0,0,0,0,0,0,0,-19000,0,0,0,0,19000,-19000,-19000
055637,亞德客元富97購01,0,0,0,0,0,0,0,0,0,-19000,0,0,0,65000,84000,-19000,-19000
055745,臻鼎元富97購01  ,0,0,0,0,0,0,0,0,0,-19000,0,0,0,31000,50000,-19000,-19000
055908,GIS日盛97購01   ,0,0,0,0,0,0,0,0,0,-19000,0,0,0,70000,89000,-19000,-19000
053934,A50正2元富96購02,0,0,0,0,0,0,0,0,0,-19000,0,0,0,51000,70000,-19000,-19000
054466,欣興凱基97購03  ,0,0,0,0,0,0,0,0,0,-19000,0,0,0,3000,22000,-19000,-19000
054471,T50反1中信9C購01,0,0,0,0,0,0,0,0,0,-19000,0,0,0,0,19000,-19000,-19000
054165,亞光凱基96購02  ,0,0,0,0,0,0,0,0,0,-19000,0,0,0,50000,69000,-19000,-19000
054327,亞光台新96購02  ,0,0,0,0,0,0,0,0,0,-19000,0,0,0,0,19000,-19000,-19000
04471P,華通元大95售03  ,0,0,0,0,0,0,0,0,0,-19000,0,0,0,1000,20000,-19000,-19000
043442,大立光台新01購01,0,0,0,0,0,0,0,0,0,-19000,0,0,0,70000,89000,-19000,-19000
04430P,晶相光元大94售04,0,0,0,0,0,0,0,0,0,-19000,0,0,0,0,19000,-19000,-19000
041527,T50反1中信96購01,0,0,0,0,0,0,0,0,0,-19000,0,0,0,101000,120000,-19000,-19000
048154,旺宏兆豐94購01  ,0,0,0,0,0,0,0,0,0,-19000,0,0,0,45000,64000,-19000,-19000
048533,景碩國票94購01  ,0,0,0,0,0,0,0,0,0,-19000,0,0,0,39000,58000,-19000,-19000
051729,華新國票96購01  ,0,0,0,0,0,0,0,0,0,-19000,0,0,0,31000,50000,-19000,-19000
05206P,南茂元大95售01  ,0,0,0,0,0,0,0,0,0,-19000,0,0,0,0,19000,-19000,-19000
051149,可成凱基95購04  ,0,0,0,0,0,0,0,0,0,-19000,0,0,0,1000,20000,-19000,-19000
051059,康普群益95購01  ,0,0,0,0,0,0,0,0,0,-19000,0,0,0,0,19000,-19000,-19000
051047,深中小群益99購01,0,0,0,0,0,0,0,0,0,-19000,0,0,0,299000,318000,-19000,-19000
050943,楠梓電群益96購01,0,0,0,0,0,0,0,0,0,-19000,0,0,0,0,19000,-19000,-19000
053121,上証2X凱基9C購01,0,0,0,0,0,0,0,0,0,-19000,0,0,0,31000,50000,-19000,-19000
052948,景碩國票97購02  ,0,0,0,0,0,0,0,0,0,-19000,0,0,0,0,19000,-19000,-19000
053212,友達凱基99購04  ,0,0,0,0,0,0,0,0,0,-19000,0,0,0,0,19000,-19000,-19000
052612,康舒元大97購01  ,0,0,0,0,0,0,0,0,0,-19000,0,0,0,81000,100000,-19000,-19000
052335,新光金日盛95購02,0,0,0,0,0,0,0,0,0,-19000,0,0,0,0,19000,-19000,-19000
05218P,大立光永昌96售04,0,0,0,0,0,0,0,0,0,-19000,0,0,0,419000,438000,-19000,-19000
2358,廷鑫            ,22000,41000,-19000,0,0,0,0,0,0,0,0,0,0,0,0,0,-19000
1717,長興            ,116000,126000,-10000,0,0,0,0,0,0,-9000,0,9000,-9000,0,0,0,-19000
9946,三發地產        ,229000,250000,-21000,0,0,0,0,0,0,2000,3000,1000,2000,0,0,0,-19000
06375P,矽力元大97售06  ,0,0,0,0,0,0,0,0,0,-19000,0,0,0,240000,259000,-19000,-19000
06327P,台積電中信01售01,0,0,0,0,0,0,0,0,0,-19000,0,0,0,0,19000,-19000,-19000
06294P,臺股指國票97售08,0,0,0,0,0,0,0,0,0,-19000,0,0,0,0,19000,-19000,-19000
056098,矽創元富97購02  ,0,0,0,0,0,0,0,0,0,-19000,0,0,0,20000,39000,-19000,-19000
05813P,臺股指國票96售06,0,0,0,0,0,0,0,0,0,-19000,0,0,0,0,19000,-19000,-19000
05417P,燿華永豐95售07  ,0,0,0,0,0,0,0,0,0,-20000,0,0,0,12000,32000,-20000,-20000
054181,華新康和96購01  ,0,0,0,0,0,0,0,0,0,-20000,0,0,0,48000,68000,-20000,-20000
054476,聯發科中信96購03,0,0,0,0,0,0,0,0,0,-20000,0,0,0,0,20000,-20000,-20000
053954,貿聯康和96購01  ,0,0,0,0,0,0,0,0,0,-20000,0,0,0,0,20000,-20000,-20000
053964,上銀元大96購05  ,0,0,0,0,0,0,0,0,0,-20000,0,0,0,42000,62000,-20000,-20000
05404P,台積電群益95售06,0,0,0,0,0,0,0,0,0,-20000,0,0,0,0,20000,-20000,-20000
053777,台積電元大96購20,0,0,0,0,0,0,0,0,0,-20000,0,0,0,141000,161000,-20000,-20000
053814,美律群益97購02  ,0,0,0,0,0,0,0,0,0,-20000,0,0,0,104000,124000,-20000,-20000
053454,創意統一96購02  ,0,0,0,0,0,0,0,0,0,-20000,0,0,0,30000,50000,-20000,-20000
053706,S&P反1凱基99購01,0,0,0,0,0,0,0,0,0,-20000,0,0,0,0,20000,-20000,-20000
053655,全新凱基98購02  ,0,0,0,0,0,0,0,0,0,-20000,0,0,0,0,20000,-20000,-20000
055879,神達元富97購01  ,0,0,0,0,0,0,0,0,0,-20000,0,0,0,0,20000,-20000,-20000
055941,百和群益98購02  ,0,0,0,0,0,0,0,0,0,-20000,0,0,0,0,20000,-20000,-20000
055737,開發金元富97購01,0,0,0,0,0,0,0,0,0,-20000,0,0,0,0,20000,-20000,-20000
055642,廣宇元富97購01  ,0,0,0,0,0,0,0,0,0,-20000,0,0,0,0,20000,-20000,-20000
055648,可成元富97購01  ,0,0,0,0,0,0,0,0,0,-20000,0,0,0,0,20000,-20000,-20000
055599,TPK元大97購01   ,0,0,0,0,0,0,0,0,0,-20000,0,0,0,45000,65000,-20000,-20000
055566,台表科凱基97購03,0,0,0,0,0,0,0,0,0,-20000,0,0,0,10000,30000,-20000,-20000
055389,國巨統一98購02  ,0,0,0,0,0,0,0,0,0,-20000,0,0,0,5000,25000,-20000,-20000
054857,信錦群益97購01  ,0,0,0,0,0,0,0,0,0,-20000,0,0,0,10000,30000,-20000,-20000
054851,樺漢兆豐97購01  ,0,0,0,0,0,0,0,0,0,-20000,0,0,0,0,20000,-20000,-20000
054826,復盛元大9A購01  ,0,0,0,0,0,0,0,0,0,-20000,0,0,0,21000,41000,-20000,-20000
054697,凌華永豐97購01  ,0,0,0,0,0,0,0,0,0,-20000,0,0,0,0,20000,-20000,-20000
054701,宏全永豐97購01  ,0,0,0,0,0,0,0,0,0,-20000,0,0,0,0,20000,-20000,-20000
054740,強茂凱基99購01  ,0,0,0,0,0,0,0,0,0,-20000,0,0,0,0,20000,-20000,-20000
04401P,玉晶光兆豐94售01,0,0,0,0,0,0,0,0,0,-20000,0,0,0,0,20000,-20000,-20000
04013P,漢唐元大93售05  ,0,0,0,0,0,0,0,0,0,-20000,0,0,0,0,20000,-20000,-20000
03857P,聯發科元富99售02,0,0,0,0,0,0,0,0,0,-20000,0,0,0,0,20000,-20000,-20000
043190,宏達電元大93購01,0,0,0,0,0,0,0,0,0,-20000,0,0,0,0,20000,-20000,-20000
042191,元油2X富邦93購01,0,0,0,0,0,0,0,0,0,-20000,0,0,0,0,20000,-20000,-20000
044508,微星凱基92購02  ,0,0,0,0,0,0,0,0,0,-20000,0,0,0,10000,30000,-20000,-20000
043696,瑞儀兆豐93購01  ,0,0,0,0,0,0,0,0,0,-20000,0,0,0,0,20000,-20000,-20000
04373P,滬深2X元大97售01,0,0,0,0,0,0,0,0,0,-20000,0,0,0,0,20000,-20000,-20000
044403,新日興凱基92購01,0,0,0,0,0,0,0,0,0,-20000,0,0,0,0,20000,-20000,-20000
044437,台郡元大92購02  ,0,0,0,0,0,0,0,0,0,-20000,0,0,0,0,20000,-20000,-20000
046660,宏達電元大93購07,0,0,0,0,0,0,0,0,0,-20000,0,0,0,0,20000,-20000,-20000
045645,祥碩凱基93購03  ,0,0,0,0,0,0,0,0,0,-20000,0,0,0,12000,32000,-20000,-20000
045592,台郡元大92購04  ,0,0,0,0,0,0,0,0,0,-20000,0,0,0,0,20000,-20000,-20000
045499,技嘉凱基92購02  ,0,0,0,0,0,0,0,0,0,-20000,0,0,0,10000,30000,-20000,-20000
04455P,台積電統一94售07,0,0,0,0,0,0,0,0,0,-20000,0,0,0,0,20000,-20000,-20000
046387,臻鼎凱基92購04  ,0,0,0,0,0,0,0,0,0,-20000,0,0,0,0,20000,-20000,-20000
04653P,臺股指凱基94售12,0,0,0,0,0,0,0,0,0,-20000,0,0,0,0,20000,-20000,-20000
046491,滬深2X富邦95購02,0,0,0,0,0,0,0,0,0,-20000,0,0,0,390000,410000,-20000,-20000
046232,智易元大93購05  ,0,0,0,0,0,0,0,0,0,-20000,0,0,0,0,20000,-20000,-20000
046222,上銀元大92購08  ,0,0,0,0,0,0,0,0,0,-20000,0,0,0,0,20000,-20000,-20000
046814,鴻海凱基93購20  ,0,0,0,0,0,0,0,0,0,-20000,0,0,0,0,20000,-20000,-20000
045865,緯穎統一93購02  ,0,0,0,0,0,0,0,0,0,-20000,0,0,0,0,20000,-20000,-20000
04586P,光罩永豐94售02  ,0,0,0,0,0,0,0,0,0,-20000,0,0,0,0,20000,-20000,-20000
046894,日月光群益93購01,0,0,0,0,0,0,0,0,0,-20000,0,0,0,0,20000,-20000,-20000
046903,友達凱基99購01  ,0,0,0,0,0,0,0,0,0,-20000,0,0,0,0,20000,-20000,-20000
047135,可成凱基93購05  ,0,0,0,0,0,0,0,0,0,-20000,0,0,0,0,20000,-20000,-20000
046119,國泰金元大92購02,0,0,0,0,0,0,0,0,0,-20000,0,0,0,0,20000,-20000,-20000
046862,台郡元大94購01  ,0,0,0,0,0,0,0,0,0,-20000,0,0,0,0,20000,-20000,-20000
046140,景碩統一92購01  ,0,0,0,0,0,0,0,0,0,-20000,0,0,0,0,20000,-20000,-20000
046889,燿華群益93購02  ,0,0,0,0,0,0,0,0,0,-20000,0,0,0,0,20000,-20000,-20000
048837,牧德凱基94購04  ,0,0,0,0,0,0,0,0,0,-20000,0,0,0,14000,34000,-20000,-20000
04894P,世紀鋼元大94售02,0,0,0,0,0,0,0,0,0,-20000,0,0,0,0,20000,-20000,-20000
049088,上緯控凱基94購02,1000,0,1000,0,0,0,0,0,0,-21000,0,0,0,0,21000,-21000,-20000
046959,技嘉中信93購01  ,0,0,0,0,0,0,0,0,0,-20000,0,0,0,0,20000,-20000,-20000
044944,技嘉群益93購01  ,0,0,0,0,0,0,0,0,0,-20000,0,0,0,0,20000,-20000,-20000
045013,大立光元大93購04,0,0,0,0,0,0,0,0,0,-20000,0,0,0,0,20000,-20000,-20000
045348,大立光凱基93購06,0,0,0,0,0,0,0,0,0,-20000,0,0,0,10000,30000,-20000,-20000
045276,臻鼎統一92購01  ,0,0,0,0,0,0,0,0,0,-20000,0,0,0,0,20000,-20000,-20000
045202,力成凱基92購01  ,0,0,0,0,0,0,0,0,0,-20000,0,0,0,0,20000,-20000,-20000
045152,大立光凱基93購03,0,0,0,0,0,0,0,0,0,-20000,0,0,0,10000,30000,-20000,-20000
047784,元油反富邦94購03,0,0,0,0,0,0,0,0,0,-20000,0,0,0,0,20000,-20000,-20000
047993,鑽全元大96購01  ,0,0,0,0,0,0,0,0,0,-20000,0,0,0,0,20000,-20000,-20000
048012,嘉晶國票94購01  ,0,0,0,0,0,0,0,0,0,-20000,0,0,0,0,20000,-20000,-20000
048128,超眾元大95購01  ,0,0,0,0,0,0,0,0,0,-20000,0,0,0,8000,28000,-20000,-20000
049143,智邦元大94購02  ,0,0,0,0,0,0,0,0,0,-20000,0,0,0,24000,44000,-20000,-20000
050128,旺宏凱基94購04  ,0,0,0,0,0,0,0,0,0,-20000,0,0,0,41000,61000,-20000,-20000
050118,臻鼎元大94購01  ,0,0,0,0,0,0,0,0,0,-20000,0,0,0,0,20000,-20000,-20000
049936,柏文元大94購02  ,0,0,0,0,0,0,0,0,0,-20000,0,0,0,0,20000,-20000,-20000
04988P,楠梓電元大94售01,0,0,0,0,0,0,0,0,0,-20000,0,0,0,0,20000,-20000,-20000
047815,大立光凱基93購25,0,0,0,0,0,0,0,0,0,-20000,0,0,0,0,20000,-20000,-20000
047830,智邦元大93購08  ,0,0,0,0,0,0,0,0,0,-20000,0,0,0,0,20000,-20000,-20000
050505,可成凱基94購12  ,0,0,0,0,0,0,0,0,0,-20000,0,0,0,0,20000,-20000,-20000
050436,大立光凱基94購18,0,0,0,0,0,0,0,0,0,-20000,0,0,0,0,20000,-20000,-20000
050610,鴻海元大94購24  ,0,0,0,0,0,0,0,0,0,-20000,0,0,0,105000,125000,-20000,-20000
050621,易華電元大95購01,0,0,0,0,0,0,0,0,0,-20000,0,0,0,10000,30000,-20000,-20000
050273,GIS元大94購04   ,0,0,0,0,0,0,0,0,0,-20000,0,0,0,0,20000,-20000,-20000
05037P,華新科元大95售09,0,0,0,0,0,0,0,0,0,-20000,0,0,0,0,20000,-20000,-20000
049800,瑞昱元大94購05  ,0,0,0,0,0,0,0,0,0,-20000,0,0,0,0,20000,-20000,-20000
049759,元黃金富邦9A購01,0,0,0,0,0,0,0,0,0,-20000,0,0,0,0,20000,-20000,-20000
049717,微星凱基94購01  ,0,0,0,0,0,0,0,0,0,-20000,0,0,0,0,20000,-20000,-20000
049640,大成鋼凱基94購02,0,0,0,0,0,0,0,0,0,-20000,0,0,0,0,20000,-20000,-20000
049501,台郡元大95購01  ,0,0,0,0,0,0,0,0,0,-20000,0,0,0,0,20000,-20000,-20000
049600,緯穎元大95購02  ,0,0,0,0,0,0,0,0,0,-20000,0,0,0,2000,22000,-20000,-20000
049574,新日興統一94購03,0,0,0,0,0,0,0,0,0,-20000,0,0,0,0,20000,-20000,-20000
047290,台積電元富93購04,0,0,0,0,0,0,0,0,0,-20000,0,0,0,0,20000,-20000,-20000
049111,元油2X統一94購03,0,0,0,0,0,0,0,0,0,-20000,0,0,0,0,20000,-20000,-20000
047431,儒鴻元大93購06  ,0,0,0,0,0,0,0,0,0,-20000,0,0,0,0,20000,-20000,-20000
047344,亞德客凱基93購02,0,0,0,0,0,0,0,0,0,-20000,0,0,0,0,20000,-20000,-20000
049333,深中小統一94購03,0,0,0,0,0,0,0,0,0,-20000,0,0,0,0,20000,-20000,-20000
049343,華新科統一94購03,0,0,0,0,0,0,0,0,0,-20000,0,0,0,75000,95000,-20000,-20000
048441,台積電凱基93購29,0,0,0,0,0,0,0,0,0,-20000,0,0,0,10000,30000,-20000,-20000
04759P,台積電凱基94售27,0,0,0,0,0,0,0,0,0,-20000,0,0,0,0,20000,-20000,-20000
04928P,大立光凱基95售07,0,0,0,0,0,0,0,0,0,-20000,0,0,0,0,20000,-20000,-20000
049161,聯發科亞東94購01,0,0,0,0,0,0,0,0,0,-20000,0,0,0,0,20000,-20000,-20000
048285,華新科亞東93購01,0,0,0,0,0,0,0,0,0,-20000,0,0,0,0,20000,-20000,-20000
048287,嘉晶兆豐94購01  ,0,0,0,0,0,0,0,0,0,-20000,0,0,0,0,20000,-20000,-20000
048986,訊連元大94購01  ,0,0,0,0,0,0,0,0,0,-20000,0,0,0,7000,27000,-20000,-20000
05224P,華通統一95售03  ,0,0,0,0,0,0,0,0,0,-20000,0,0,0,10000,30000,-20000,-20000
052310,聯電富邦95購01  ,0,0,0,0,0,0,0,0,0,-20000,0,0,0,0,20000,-20000,-20000
052297,旭富國票96購01  ,0,0,0,0,0,0,0,0,0,-20000,0,0,0,0,20000,-20000,-20000
05253P,智邦凱基95售08  ,0,0,0,0,0,0,0,0,0,-20000,0,0,0,0,20000,-20000,-20000
052529,力成元大95購03  ,0,0,0,0,0,0,0,0,0,-20000,0,0,0,10000,30000,-20000,-20000
052575,茂林凱基96購04  ,0,0,0,0,0,0,0,0,0,-20000,0,0,0,0,20000,-20000,-20000
052569,聯發科凱基96購08,0,0,0,0,0,0,0,0,0,-20000,0,0,0,150000,170000,-20000,-20000
052580,高鐵元富96購01  ,0,0,0,0,0,0,0,0,0,-20000,0,0,0,11000,31000,-20000,-20000
052683,鴻海元大97購03  ,0,0,0,0,0,0,0,0,0,-20000,0,0,0,0,20000,-20000,-20000
053206,聯發科麥證96購02,0,0,0,59000,79000,-20000,0,0,0,-20000,0,0,0,59000,79000,-20000,-20000
053174,同欣電群益98購02,0,0,0,0,0,0,0,0,0,-20000,0,0,0,67000,87000,-20000,-20000
053145,元黃金元大96購02,0,0,0,0,0,0,0,0,0,-20000,0,0,0,0,20000,-20000,-20000
05334P,臺股指國票95售03,0,0,0,0,0,0,0,0,0,-20000,0,0,0,0,20000,-20000,-20000
052878,台虹凱基96購01  ,0,0,0,0,0,0,0,0,0,-20000,0,0,0,0,20000,-20000,-20000
053079,世紀鋼永豐96購01,0,0,0,0,0,0,0,0,0,-20000,0,0,0,0,20000,-20000,-20000
053053,京元電國票97購02,0,0,0,0,0,0,0,0,0,-20000,0,0,0,0,20000,-20000,-20000
050948,華固群益95購01  ,0,0,0,0,0,0,0,0,0,-20000,0,0,0,0,20000,-20000,-20000
051003,中環中信97購01  ,0,0,0,0,0,0,0,0,0,-20000,0,0,0,0,20000,-20000,-20000
051233,力成群益97購01  ,0,0,0,0,0,0,0,0,0,-20000,0,0,0,70000,90000,-20000,-20000
051199,鴻海麥證95購03  ,0,0,0,0,20000,-20000,0,0,0,-20000,0,0,0,0,20000,-20000,-20000
051186,創意永豐95購01  ,0,0,0,0,0,0,0,0,0,-20000,0,0,0,0,20000,-20000,-20000
051318,上銀國票96購01  ,0,0,0,0,0,0,0,0,0,-20000,0,0,0,0,20000,-20000,-20000
051299,致茂凱基95購01  ,0,0,0,0,0,0,0,0,0,-20000,0,0,0,25000,45000,-20000,-20000
051303,奇鋐凱基95購01  ,0,0,0,0,0,0,0,0,0,-20000,0,0,0,0,20000,-20000,-20000
051441,鴻海元大95購13  ,0,0,0,0,0,0,0,0,0,-20000,0,0,0,0,20000,-20000,-20000
052051,京鼎凱基95購01  ,0,0,0,0,0,0,0,0,0,-20000,0,0,0,0,20000,-20000,-20000
052030,GIS群益95購04   ,0,0,0,0,0,0,0,0,0,-20000,0,0,0,0,20000,-20000,-20000
052090,聯發科元大97購03,0,0,0,0,0,0,0,0,0,-20000,0,0,0,74000,94000,-20000,-20000
051903,T50反1元大97購02,0,0,0,0,0,0,0,0,0,-20000,0,0,0,0,20000,-20000,-20000
051938,旭富群益95購01  ,0,0,0,0,0,0,0,0,0,-20000,0,0,0,0,20000,-20000,-20000
051851,TPK群益95購03   ,0,0,0,0,0,0,0,0,0,-20000,0,0,0,0,20000,-20000,-20000
05168P,鴻海元大95售14  ,0,0,0,0,0,0,0,0,0,-20000,0,0,0,38000,58000,-20000,-20000
051463,世芯國泰97購02  ,0,0,0,0,0,0,0,0,0,-20000,0,0,0,86000,106000,-20000,-20000
05799P,臺股指群益96售13,0,0,0,0,0,0,0,0,0,-20000,0,0,0,0,20000,-20000,-20000
05735P,臺股指統一96售05,0,0,0,0,0,0,0,0,0,-20000,0,0,0,0,20000,-20000,-20000
05686P,臺股指元大96售11,0,0,0,0,0,0,0,0,0,-20000,0,0,0,0,20000,-20000,-20000
05644P,大立光中信9A售03,0,0,0,0,0,0,0,0,0,-20000,0,0,0,10000,30000,-20000,-20000
056417,欣興中信98購01  ,0,0,0,0,0,0,0,0,0,-20000,0,0,0,0,20000,-20000,-20000
056415,聯發科中信98購04,0,0,0,0,0,0,0,0,0,-20000,0,0,0,0,20000,-20000,-20000
05642P,玉晶光兆豐97售02,0,0,0,0,0,0,0,0,0,-20000,0,0,0,0,20000,-20000,-20000
056124,華通國票98購02  ,0,0,0,0,0,0,0,0,0,-20000,0,0,0,0,20000,-20000,-20000
05612P,台積電元大96售13,0,0,0,0,0,0,0,0,0,-20000,0,0,0,0,20000,-20000,-20000
05604P,聯發科元大96售10,0,0,0,0,0,0,0,0,0,-20000,0,0,0,253000,273000,-20000,-20000
056015,華通群益99購01  ,0,0,0,0,0,0,0,0,0,-20000,0,0,0,22000,42000,-20000,-20000
05597P,鴻海元富96售06  ,0,0,0,0,0,0,0,0,0,-20000,0,0,0,24000,44000,-20000,-20000
056295,國巨元大97購16  ,0,0,0,0,0,0,0,0,0,-20000,0,0,0,46000,66000,-20000,-20000
056131,鴻海元大97購12  ,0,0,0,0,0,0,0,0,0,-20000,0,0,0,12000,32000,-20000,-20000
06232P,智易永豐97售01  ,0,0,0,0,0,0,0,0,0,-20000,0,0,0,0,20000,-20000,-20000
06319P,臺股指元富97售06,0,0,0,0,0,0,0,0,0,-20000,0,0,0,0,20000,-20000,-20000
06322P,超眾統一97售04  ,0,0,0,0,0,0,0,0,0,-20000,0,0,0,0,20000,-20000,-20000
06366P,鴻海凱基97售10  ,0,0,0,0,0,0,0,0,0,-20000,0,0,0,0,20000,-20000,-20000
06380P,臺股指統一98售02,0,0,0,0,0,0,0,0,0,-20000,0,0,0,0,20000,-20000,-20000
1234,黑松            ,0,18000,-18000,0,0,0,0,0,0,-2000,0,2000,-2000,0,0,0,-20000
08484P,台灣50中信96售01,0,0,0,0,0,0,0,0,0,-20000,0,0,0,0,20000,-20000,-20000
08422P,玉晶光群益02售03,0,0,0,0,0,0,0,0,0,-20000,0,0,0,0,20000,-20000,-20000
06434P,超眾群益98售02  ,0,0,0,0,0,0,0,0,0,-20000,0,0,0,10000,30000,-20000,-20000
06406P,可成元富97售04  ,0,0,0,0,0,0,0,0,0,-20000,0,0,0,0,20000,-20000,-20000
06027P,鴻海台新96售04  ,0,0,0,0,0,0,0,0,0,-20000,0,0,0,0,20000,-20000,-20000
06047P,聯發科富邦99售04,0,0,0,0,0,0,0,0,0,-20000,0,0,0,11000,31000,-20000,-20000
06127P,泰碩元富97售01  ,0,0,0,0,0,0,0,0,0,-20000,0,0,0,0,20000,-20000,-20000
05989P,健策元富96售01  ,0,0,0,0,0,0,0,0,0,-20000,0,0,0,0,20000,-20000,-20000
05862P,大立光國泰98售01,0,0,0,0,0,0,0,0,0,-20000,0,0,0,74000,94000,-20000,-20000
05902P,華通國票96售02  ,0,0,0,0,0,0,0,0,0,-20000,0,0,0,0,20000,-20000,-20000
6670,復盛應用        ,202000,218000,-16000,0,0,0,0,0,0,-4000,0,8000,-8000,6000,2000,4000,-20000
2459,敦吉            ,7000,26000,-19000,0,0,0,0,0,0,-1000,0,1000,-1000,0,0,0,-20000
2467,志聖            ,42000,57000,-15000,0,0,0,0,0,0,-5000,0,5000,-5000,0,0,0,-20000
054989,精元元富97購01  ,0,0,0,0,0,0,0,0,0,-21000,0,0,0,10000,31000,-21000,-21000
055493,華新科元大97購09,0,0,0,0,0,0,0,0,0,-21000,0,0,0,0,21000,-21000,-21000
055839,瑞昱元大97購04  ,0,0,0,0,0,0,0,0,0,-21000,0,0,0,3000,24000,-21000,-21000
053962,聯茂永豐96購01  ,0,0,0,0,0,0,0,0,0,-21000,0,0,0,68000,89000,-21000,-21000
054593,滬深2X永昌9A購01,0,0,0,0,0,0,0,0,0,-21000,0,0,0,17000,38000,-21000,-21000
054203,滬深2X國票96購03,0,0,0,0,0,0,0,0,0,-21000,0,0,0,0,21000,-21000,-21000
054074,健策富邦98購01  ,0,0,0,0,0,0,0,0,0,-21000,0,0,0,79000,100000,-21000,-21000
054266,緯穎元大96購07  ,0,0,0,0,0,0,0,0,0,-21000,0,0,0,122000,143000,-21000,-21000
047020,智邦元大93購04  ,0,0,0,0,0,0,0,0,0,-21000,0,0,0,0,21000,-21000,-21000
047087,亞泥元富93購01  ,0,0,0,0,0,0,0,0,0,-21000,0,0,0,0,21000,-21000,-21000
046448,亞德客凱基92購03,0,0,0,0,0,0,0,0,0,-21000,0,0,0,10000,31000,-21000,-21000
046541,超眾群益93購01  ,0,0,0,0,0,0,0,0,0,-21000,0,0,0,0,21000,-21000,-21000
00731,FH富時高息低波  ,0,0,0,0,0,0,0,0,0,-21000,0,0,0,179000,200000,-21000,-21000
049399,台光電群益94購02,0,0,0,0,0,0,0,0,0,-21000,0,0,0,0,21000,-21000,-21000
049742,日月光群益94購02,0,0,0,0,0,0,0,0,0,-21000,0,0,0,11000,32000,-21000,-21000
049811,聯鈞元大94購01  ,0,0,0,0,0,0,0,0,0,-21000,0,0,0,11000,32000,-21000,-21000
050402,緯穎中信96購01  ,0,0,0,0,0,0,0,0,0,-21000,0,0,0,49000,70000,-21000,-21000
047805,台積電凱基93購21,0,0,0,0,0,0,0,0,0,-21000,0,0,0,0,21000,-21000,-21000
047932,麗豐凱基93購01  ,0,0,0,0,0,0,0,0,0,-21000,0,0,0,0,21000,-21000,-21000
049894,嘉聯益富邦98購01,0,0,0,0,0,0,0,0,0,-21000,0,0,0,50000,71000,-21000,-21000
050072,京鼎凱基94購02  ,0,0,0,0,0,0,0,0,0,-21000,0,0,0,12000,33000,-21000,-21000
047982,奇力新群益93購05,0,0,0,0,0,0,0,0,0,-21000,0,0,0,0,21000,-21000,-21000
048498,嘉澤元大94購01  ,0,0,0,0,0,0,0,0,0,-21000,0,0,0,37000,58000,-21000,-21000
051468,智邦日盛95購01  ,0,0,0,0,0,0,0,0,0,-21000,0,0,0,6000,27000,-21000,-21000
051872,矽力凱基96購01  ,0,0,0,0,0,0,0,0,0,-21000,0,0,0,1000,22000,-21000,-21000
05190P,鴻海國票96售02  ,0,0,0,0,0,0,0,0,0,-21000,0,0,0,0,21000,-21000,-21000
052152,創意富邦98購01  ,0,0,0,0,0,0,0,0,0,-21000,0,0,0,10000,31000,-21000,-21000
051445,可成元大95購06  ,0,0,0,0,0,0,0,0,0,-21000,0,0,0,0,21000,-21000,-21000
051340,健策永豐95購03  ,0,0,0,0,0,0,0,0,0,-21000,0,0,0,0,21000,-21000,-21000
051058,景碩群益96購01  ,0,0,0,0,0,0,0,0,0,-21000,0,0,0,0,21000,-21000,-21000
050995,貿聯元大95購02  ,0,0,0,0,0,0,0,0,0,-21000,0,0,0,2000,23000,-21000,-21000
050821,國泰金凱基95購01,0,0,0,0,0,0,0,0,0,-21000,0,0,0,0,21000,-21000,-21000
050771,華新科元大94購06,0,0,0,0,0,0,0,0,0,-21000,0,0,0,6000,27000,-21000,-21000
053123,京元電凱基96購01,0,0,0,0,0,0,0,0,0,-21000,0,0,0,0,21000,-21000,-21000
053346,群創國票97購04  ,0,0,0,0,0,0,0,0,0,-21000,0,0,0,27000,48000,-21000,-21000
053347,茂林國票98購01  ,0,0,0,0,0,0,0,0,0,-21000,0,0,0,0,21000,-21000,-21000
053322,京鼎群益97購01  ,0,0,0,0,0,0,0,0,0,-21000,0,0,0,31000,52000,-21000,-21000
052743,華新科元大97購01,0,0,0,0,0,0,0,0,0,-21000,0,0,0,0,21000,-21000,-21000
052721,友達統一96購01  ,0,0,0,0,0,0,0,0,0,-21000,0,0,0,56000,77000,-21000,-21000
052231,景碩凱基96購01  ,0,0,0,0,0,0,0,0,0,-21000,0,0,0,0,21000,-21000,-21000
2472,立隆電          ,96000,54000,42000,0,0,0,0,0,0,-63000,6000,69000,-63000,0,0,0,-21000
06093P,華通元富97售03  ,0,0,0,0,0,0,0,0,0,-21000,0,0,0,12000,33000,-21000,-21000
06420P,大立光統一98售06,0,0,0,0,0,0,0,0,0,-21000,0,0,0,0,21000,-21000,-21000
05628P,茂林國票97售02  ,0,0,0,0,0,0,0,0,0,-21000,0,0,0,90000,111000,-21000,-21000
056464,臺股指凱基99購06,0,0,0,0,0,0,0,0,0,-21000,0,0,0,0,21000,-21000,-21000
05814P,臺股指國票96售07,0,0,0,0,0,0,0,0,0,-21000,0,0,0,0,21000,-21000,-21000
05820P,臺股指凱基96售17,0,0,0,0,0,0,0,0,0,-21000,0,0,0,2000,23000,-21000,-21000
9921,巨大            ,582000,460886,121114,0,0,0,0,133000,-133000,-10000,1000,8000,-7000,0,3000,-3000,-21886
054094,創意群益96購02  ,0,0,0,0,0,0,0,0,0,-22000,0,0,0,0,22000,-22000,-22000
053695,智易元大97購02  ,0,0,0,0,0,0,0,0,0,-22000,0,0,0,0,22000,-22000,-22000
053502,智伸科兆豐97購01,0,0,0,0,0,0,0,0,0,-22000,0,0,0,29000,51000,-22000,-22000
055927,南亞科群益97購01,0,0,0,0,0,0,0,0,0,-22000,0,0,0,2000,24000,-22000,-22000
055395,泰鼎統一97購01  ,0,0,0,0,0,0,0,0,0,-22000,0,0,0,110000,132000,-22000,-22000
055535,緯創群益98購01  ,0,0,0,0,0,0,0,0,0,-22000,0,0,0,10000,32000,-22000,-22000
054946,億光元大97購01  ,0,0,0,0,0,0,0,0,0,-22000,0,0,0,29000,51000,-22000,-22000
054863,億光群益97購01  ,0,0,0,0,0,0,0,0,0,-22000,0,0,0,17000,39000,-22000,-22000
055357,欣興凱基97購04  ,0,0,0,0,0,0,0,0,0,-22000,0,0,0,13000,35000,-22000,-22000
0054,元大台商50      ,0,0,0,0,0,0,0,0,0,-22000,0,0,0,0,22000,-22000,-22000
03064X,元展59          ,0,0,0,0,0,0,0,0,0,-22000,0,0,0,10000,32000,-22000,-22000
03026X,元展23          ,0,0,0,0,0,0,0,0,0,-22000,0,0,0,0,22000,-22000,-22000
045534,深中小群益94購01,0,0,0,0,0,0,0,0,0,-22000,0,0,0,15000,37000,-22000,-22000
041909,大立光元大92購01,0,0,0,0,0,0,0,0,0,-22000,0,0,0,0,22000,-22000,-22000
042433,元油2X永豐96購01,0,0,0,0,0,0,0,0,0,-22000,0,0,0,0,22000,-22000,-22000
046569,同欣電元富92購02,0,0,0,0,0,0,0,0,0,-22000,0,0,0,50000,72000,-22000,-22000
044784,華邦電中信96購01,0,0,0,0,0,0,0,0,0,-22000,0,0,0,15000,37000,-22000,-22000
046122,晶技元大92購01  ,0,0,0,0,0,0,0,0,0,-22000,0,0,0,0,22000,-22000,-22000
045081,大立光元大93購07,0,0,0,0,0,0,0,0,0,-22000,0,0,0,0,22000,-22000,-22000
048530,大立光國票93購04,0,0,0,0,0,0,0,0,0,-22000,0,0,0,0,22000,-22000,-22000
04807P,聯茂元富94售01  ,0,0,0,0,0,0,0,0,0,-22000,0,0,0,8000,30000,-22000,-22000
050083,旺宏元富94購01  ,0,0,0,0,0,0,0,0,0,-22000,0,0,0,98000,120000,-22000,-22000
049977,瑞昱凱基94購03  ,0,0,0,0,0,0,0,0,0,-22000,0,0,0,49000,71000,-22000,-22000
050640,致新國票94購01  ,0,0,0,0,0,0,0,0,0,-22000,0,0,0,0,22000,-22000,-22000
049806,臺企銀元大94購01,0,0,0,0,0,0,0,0,0,-22000,0,0,0,0,22000,-22000,-22000
04857P,美律元富94售01  ,0,0,0,0,0,0,0,0,0,-22000,0,0,0,0,22000,-22000,-22000
047505,元金2X國票9B購01,0,0,0,0,0,0,0,0,0,-22000,0,0,0,0,22000,-22000,-22000
052831,華固群益96購01  ,0,0,0,0,0,0,0,0,0,-22000,0,0,0,0,22000,-22000,-22000
052998,拓凱康和96購01  ,0,0,0,0,0,0,0,0,0,-22000,0,0,0,3000,25000,-22000,-22000
051344,鴻海元大95購08  ,0,0,0,0,0,0,0,0,0,-22000,0,0,0,400000,422000,-22000,-22000
051501,康友群益95購02  ,0,0,0,0,0,0,0,0,0,-22000,0,0,0,10000,32000,-22000,-22000
5283,禾聯碩          ,9000,23000,-14000,0,0,0,0,0,0,-8000,0,14000,-14000,6000,0,6000,-22000
3031,佰鴻            ,35000,56000,-21000,0,0,0,0,0,0,-1000,0,1000,-1000,0,0,0,-22000
3028,增你強          ,29000,51000,-22000,0,0,0,0,0,0,0,0,0,0,0,0,0,-22000
2007,燁興            ,0,19000,-19000,0,0,0,0,0,0,-3000,0,3000,-3000,0,0,0,-22000
1626,艾美特-KY       ,26000,32000,-6000,0,0,0,0,0,0,-16000,0,16000,-16000,0,0,0,-22000
05788P,臺股指永昌96售05,0,0,0,0,0,0,0,0,0,-22000,110000,0,110000,470000,602000,-132000,-22000
05784P,臺股指元大96售18,0,1000,-1000,0,0,0,0,0,0,-21000,0,0,0,1000,22000,-21000,-22000
05723P,華通永豐96售03  ,0,0,0,0,0,0,0,0,0,-22000,0,0,0,20000,42000,-22000,-22000
056391,大立光富邦9C購01,0,0,0,0,0,0,0,0,0,-22000,0,0,0,20000,42000,-22000,-22000
056083,億光統一97購03  ,0,0,0,0,0,0,0,0,0,-22000,0,0,0,62000,84000,-22000,-22000
1417,嘉裕            ,18000,40000,-22000,0,0,0,0,0,0,0,0,0,0,0,0,0,-22000
06152P,玉晶光元大98售06,0,0,0,0,0,0,0,0,0,-22000,0,0,0,91000,113000,-22000,-22000
05982P,漢唐國票96售03  ,0,0,0,0,0,0,0,0,0,-22000,0,0,0,20000,42000,-22000,-22000
05942P,奇力新凱基96售04,0,0,0,0,0,0,0,0,0,-22000,0,0,0,0,22000,-22000,-22000
055261,帆宣統一98購01  ,0,0,0,0,0,0,0,0,0,-23000,0,0,0,162000,185000,-23000,-23000
055668,欣興群益97購01  ,0,0,0,0,0,0,0,0,0,-23000,0,0,0,15000,38000,-23000,-23000
05538P,玉晶光國票97售02,0,0,0,0,0,0,0,0,0,-23000,0,0,0,0,23000,-23000,-23000
055856,新唐元大97購03  ,0,0,0,0,0,0,0,0,0,-23000,0,0,0,0,23000,-23000,-23000
055862,矽力元大97購04  ,0,0,0,0,0,0,0,0,0,-23000,0,0,0,10000,33000,-23000,-23000
055731,美律元富97購01  ,0,0,0,0,0,0,0,0,0,-23000,0,0,0,50000,73000,-23000,-23000
053972,華新科元大96購06,0,0,0,0,0,0,0,0,0,-23000,0,0,0,21000,44000,-23000,-23000
053809,上銀群益96購02  ,0,0,0,0,0,0,0,0,0,-23000,0,0,0,1000,24000,-23000,-23000
054477,聯發科中信9C購02,0,0,0,0,0,0,0,0,0,-23000,0,0,0,30000,53000,-23000,-23000
054489,牧德台新97購02  ,0,0,0,0,0,0,0,0,0,-23000,0,0,0,1000,24000,-23000,-23000
04520P,欣興群益94售02  ,0,0,0,0,0,0,0,0,0,-23000,0,0,0,2000,25000,-23000,-23000
04596P,臺股指元大94售14,0,0,0,0,0,0,0,0,0,-23000,0,0,0,0,23000,-23000,-23000
047134,聯發科凱基93購10,0,0,0,0,0,0,0,0,0,-23000,0,0,0,6000,29000,-23000,-23000
046178,聯發科日盛92購01,0,0,0,0,0,0,0,0,0,-23000,0,0,0,22000,45000,-23000,-23000
04207P,臺股指元大93售47,0,0,0,0,0,0,0,0,0,-23000,0,0,0,7000,30000,-23000,-23000
04003P,麗豐凱基94售03  ,0,0,0,0,0,0,0,0,0,-23000,0,0,0,0,23000,-23000,-23000
049696,欣興元大95購02  ,0,0,0,0,0,0,0,0,0,-23000,0,0,0,0,23000,-23000,-23000
049847,旺宏群益94購04  ,0,0,0,0,0,0,0,0,0,-23000,0,0,0,10000,33000,-23000,-23000
050190,麗豐元大95購02  ,0,0,0,0,0,0,0,0,0,-23000,0,0,0,0,23000,-23000,-23000
05008P,大立光元富95售05,0,0,0,0,0,0,0,0,0,-23000,0,0,0,0,23000,-23000,-23000
048000,義隆元大93購03  ,0,0,0,0,0,0,0,0,0,-23000,0,0,0,0,23000,-23000,-23000
048109,旺宏群益94購02  ,0,0,0,0,0,0,0,0,0,-23000,0,0,0,25000,48000,-23000,-23000
05148P,臻鼎元大95售01  ,0,0,0,0,0,0,0,0,0,-23000,0,0,0,0,23000,-23000,-23000
051607,緯創群益96購02  ,0,0,0,0,0,0,0,0,0,-23000,0,0,0,0,23000,-23000,-23000
051785,臻鼎兆豐96購01  ,0,0,0,0,0,0,0,0,0,-23000,0,0,0,187000,210000,-23000,-23000
051224,華通群益96購03  ,0,0,0,0,0,0,0,0,0,-23000,0,0,0,3000,26000,-23000,-23000
050774,健策元大96購02  ,0,0,0,0,0,0,0,0,0,-23000,0,0,0,31000,54000,-23000,-23000
050744,健策永豐94購04  ,0,0,0,0,0,0,0,0,0,-23000,0,0,0,123000,146000,-23000,-23000
050759,貿聯元富94購02  ,0,0,0,0,0,0,0,0,0,-23000,0,0,0,34000,57000,-23000,-23000
050880,大立光元富95購03,0,0,0,0,0,0,0,0,0,-23000,0,0,0,30000,53000,-23000,-23000
053093,緯穎元大96購06  ,0,0,0,0,0,0,0,0,0,-23000,0,0,0,216000,239000,-23000,-23000
052207,台郡中信95購02  ,0,0,0,0,0,0,0,0,0,-23000,0,0,0,5000,28000,-23000,-23000
052313,聯電元大98購01  ,0,0,0,0,0,0,0,0,0,-23000,0,0,0,116000,139000,-23000,-23000
06142P,台虹康和97售02  ,0,0,0,0,0,0,0,0,0,-23000,0,0,0,20000,43000,-23000,-23000
06458P,玉晶光統一9A售02,0,0,0,0,0,0,0,0,0,-23000,0,0,0,10000,33000,-23000,-23000
06348P,鈺齊元富97售02  ,0,0,0,0,0,0,0,0,0,-23000,0,0,0,0,23000,-23000,-23000
05610P,國巨群益98售01  ,0,0,0,0,0,0,0,0,0,-23000,0,0,0,10000,33000,-23000,-23000
056227,奇力新凱基98購04,0,0,0,0,0,0,0,0,0,-23000,0,0,0,38000,61000,-23000,-23000
056496,康控國泰99購01  ,0,0,0,0,0,0,0,0,0,-23000,0,0,0,16000,39000,-23000,-23000
05742P,可成元大96售04  ,0,0,0,0,0,0,0,0,0,-23000,0,0,0,203000,226000,-23000,-23000
05775P,台積電國泰98售02,0,0,0,0,0,0,0,0,0,-23000,0,0,0,33000,56000,-23000,-23000
1709,和益            ,5000,30000,-25000,0,0,0,0,0,0,2000,3000,1000,2000,0,0,0,-23000
2423,固緯            ,23000,46000,-23000,0,0,0,0,0,0,0,0,0,0,0,0,0,-23000
8070,長華*           ,1000,29000,-28000,0,0,0,0,0,0,5000,5000,0,5000,0,0,0,-23000
6214,精誠            ,49000,90496,-41496,0,0,0,0,0,0,18000,20000,2000,18000,0,0,0,-23496
053892,景碩群益96購02  ,0,0,0,0,0,0,0,0,0,-24000,0,0,0,0,24000,-24000,-24000
055834,國巨元大97購13  ,0,0,0,0,0,0,0,0,0,-24000,0,0,0,130000,154000,-24000,-24000
055770,欣興麥證97購01  ,0,0,0,0,24000,-24000,0,0,0,-24000,0,0,0,0,24000,-24000,-24000
055771,台積電日盛97購04,0,0,0,0,0,0,0,0,0,-24000,0,0,0,0,24000,-24000,-24000
055930,可成群益98購01  ,0,0,0,0,0,0,0,0,0,-24000,0,0,0,20000,44000,-24000,-24000
055544,鴻海凱基97購05  ,0,0,0,0,0,0,0,0,0,-24000,0,0,0,16000,40000,-24000,-24000
055173,瑞昱統一97購01  ,0,0,0,0,0,0,0,0,0,-24000,0,0,0,20000,44000,-24000,-24000
055240,京元電元富97購01,0,0,0,0,0,0,0,0,0,-24000,0,0,0,0,24000,-24000,-24000
055028,佐登國泰98購01  ,0,0,0,0,0,0,0,0,0,-24000,0,0,0,25000,49000,-24000,-24000
055025,華新科國泰98購02,0,0,0,0,0,0,0,0,0,-24000,0,0,0,0,24000,-24000,-24000
04172P,大立光凱基93售34,0,0,0,0,0,0,0,0,0,-24000,0,0,0,0,24000,-24000,-24000
046586,大立光元大92購26,0,0,0,0,0,0,0,0,0,-24000,0,0,0,0,24000,-24000,-24000
046348,嘉澤兆豐93購01  ,0,0,0,0,0,0,0,0,0,-24000,0,0,0,0,24000,-24000,-24000
046937,聯電元大99購01  ,0,0,0,0,0,0,0,0,0,-24000,0,0,0,184000,208000,-24000,-24000
049075,光磊凱基94購01  ,0,0,0,0,0,0,0,0,0,-24000,0,0,0,0,24000,-24000,-24000
048732,台勝科麥證95購01,0,0,0,0,24000,-24000,0,0,0,-24000,0,0,0,0,24000,-24000,-24000
048107,華通群益93購02  ,0,0,0,0,0,0,0,0,0,-24000,0,0,0,32000,56000,-24000,-24000
048121,亞德客元大93購05,0,0,0,0,0,0,0,0,0,-24000,0,0,0,5000,29000,-24000,-24000
047897,可成群益94購01  ,0,0,0,0,0,0,0,0,0,-24000,0,0,0,96000,120000,-24000,-24000
048210,鴻海日盛93購01  ,0,0,0,0,0,0,0,0,0,-24000,0,0,0,47000,71000,-24000,-24000
048552,鴻海元大94購03  ,0,0,0,0,0,0,0,0,0,-24000,0,0,0,18000,42000,-24000,-24000
047787,正崴群益93購01  ,0,0,0,0,0,0,0,0,0,-24000,0,0,0,1000,25000,-24000,-24000
04792P,智邦元大94售06  ,0,0,0,0,0,0,0,0,0,-24000,0,0,0,41000,65000,-24000,-24000
050415,力成永豐94購01  ,0,0,0,0,0,0,0,0,0,-24000,0,0,0,6000,30000,-24000,-24000
047491,旺宏統一94購03  ,0,0,0,0,0,0,0,0,0,-24000,0,0,0,2000,26000,-24000,-24000
047583,深中小永豐94購01,0,0,0,0,0,0,0,0,0,-24000,0,0,0,0,24000,-24000,-24000
052247,深中小永豐95購01,0,0,0,0,0,0,0,0,0,-24000,0,0,0,0,24000,-24000,-24000
05238P,禾伸堂永豐95售01,0,0,0,0,0,0,0,0,0,-24000,0,0,0,0,24000,-24000,-24000
052762,欣興群益96購01  ,0,0,0,0,0,0,0,0,0,-24000,0,0,0,0,24000,-24000,-24000
051157,華新科富邦98購01,0,0,0,0,0,0,0,0,0,-24000,0,0,0,166000,190000,-24000,-24000
051131,玉山金台新95購01,0,0,0,0,0,0,0,0,0,-24000,0,0,0,51000,75000,-24000,-24000
051548,鈺齊康和95購01  ,0,0,0,0,0,0,0,0,0,-24000,0,0,0,76000,100000,-24000,-24000
05151P,台光電群益95售02,0,0,0,0,0,0,0,0,0,-24000,0,0,0,0,24000,-24000,-24000
8249,菱光            ,49000,73000,-24000,0,0,0,0,0,0,0,0,0,0,0,0,0,-24000
2106,建大            ,39000,58000,-19000,0,0,0,0,0,0,-5000,0,5000,-5000,0,0,0,-24000
3059,華晶科          ,68000,90000,-22000,0,0,0,0,0,0,-2000,0,2000,-2000,0,0,0,-24000
3501,維熹            ,13000,19000,-6000,0,0,0,0,0,0,-18000,0,18000,-18000,0,0,0,-24000
05801P,正崴兆豐96售01  ,0,0,0,0,0,0,0,0,0,-24000,0,0,0,0,24000,-24000,-24000
05692P,聯發科中信9A售02,0,0,0,0,0,0,0,0,0,-24000,0,0,0,2000,26000,-24000,-24000
056308,TPK元大97購02   ,0,0,0,0,0,0,0,0,0,-24000,0,0,0,0,24000,-24000,-24000
056120,聯茂群益97購02  ,0,0,0,0,0,0,0,0,0,-24000,0,0,0,0,24000,-24000,-24000
06457P,玉晶光統一98售02,0,0,0,0,0,0,0,0,0,-24000,0,0,0,0,24000,-24000,-24000
06094P,台達電中信97售01,0,0,0,0,0,0,0,0,0,-24000,0,0,0,0,24000,-24000,-24000
06011P,貿聯元富96售04  ,0,0,0,0,0,0,0,0,0,-24000,0,0,0,4000,28000,-24000,-24000
055140,晶相光永豐97購01,0,0,0,0,0,0,0,0,0,-25000,0,0,0,0,25000,-25000,-25000
054788,華新科群益98購02,0,0,0,0,0,0,0,0,0,-25000,0,0,0,80000,105000,-25000,-25000
05403P,台積電富邦95售08,0,0,0,0,0,0,0,0,0,-25000,0,0,0,316000,341000,-25000,-25000
053449,超眾凱基98購01  ,0,0,0,0,0,0,0,0,0,-25000,0,0,0,23000,48000,-25000,-25000
054416,禾伸堂元大97購01,0,0,0,0,0,0,0,0,0,-25000,0,0,0,10000,35000,-25000,-25000
05422P,大立光中信97售02,0,0,0,0,0,0,0,0,0,-25000,0,0,0,0,25000,-25000,-25000
048972,晶豪科元大94購01,0,0,0,0,0,0,0,0,0,-25000,0,0,0,0,25000,-25000,-25000
045984,亞光麥證93購02  ,0,0,0,3000,28000,-25000,0,0,0,-25000,0,0,0,3000,28000,-25000,-25000
045090,瀚宇博元大93購01,0,0,0,0,0,0,0,0,0,-25000,0,0,0,0,25000,-25000,-25000
047138,智伸科凱基93購04,0,0,0,0,0,0,0,0,0,-25000,0,0,0,4000,29000,-25000,-25000
046332,同欣電元大92購01,0,0,0,0,0,0,0,0,0,-25000,0,0,0,0,25000,-25000,-25000
046259,和大凱基92購02  ,0,0,0,0,0,0,0,0,0,-25000,0,0,0,10000,35000,-25000,-25000
046194,禾伸堂凱基92購02,0,0,0,0,0,0,0,0,0,-25000,0,0,0,70000,95000,-25000,-25000
04484P,台積電凱基94售09,0,0,0,0,0,0,0,0,0,-25000,0,0,0,0,25000,-25000,-25000
04235P,鴻海群益93售08  ,0,0,0,0,0,0,0,0,0,-25000,0,0,0,0,25000,-25000,-25000
03199P,台積電統一01售16,0,0,0,0,0,0,0,0,0,-25000,0,0,0,175000,200000,-25000,-25000
044126,奇力新凱基93購01,0,0,0,0,0,0,0,0,0,-25000,0,0,0,22000,47000,-25000,-25000
049197,信邦永豐94購01  ,0,0,0,0,0,0,0,0,0,-25000,0,0,0,0,25000,-25000,-25000
048410,和碩群益93購01  ,0,0,0,0,0,0,0,0,0,-25000,0,0,0,51000,76000,-25000,-25000
047314,大立光元大93購22,0,0,0,0,0,0,0,0,0,-25000,0,0,0,0,25000,-25000,-25000
049670,鈺齊國泰96購01  ,0,0,0,0,0,0,0,0,0,-25000,0,0,0,0,25000,-25000,-25000
049562,和大統一94購01  ,0,0,0,0,0,0,0,0,0,-25000,0,0,0,30000,55000,-25000,-25000
050211,貿聯國票95購01  ,0,0,0,0,0,0,0,0,0,-25000,0,0,0,58000,83000,-25000,-25000
050272,訊芯元大94購03  ,0,0,0,0,0,0,0,0,0,-25000,0,0,0,0,25000,-25000,-25000
047883,臺股指永昌93購01,0,0,0,0,0,0,0,0,0,-25000,0,0,0,80000,105000,-25000,-25000
047979,中石化群益95購01,0,0,0,0,0,0,0,0,0,-25000,0,0,0,0,25000,-25000,-25000
047903,滬深2X元大96購01,0,0,0,0,0,0,0,0,0,-25000,0,0,0,0,25000,-25000,-25000
048189,臺指反元大96購06,0,0,0,0,0,0,0,0,0,-25000,0,0,0,0,25000,-25000,-25000
051912,健鼎元大96購01  ,0,0,0,0,0,0,0,0,0,-25000,0,0,0,6000,31000,-25000,-25000
051254,健策元大96購04  ,0,0,0,0,0,0,0,0,0,-25000,0,0,0,0,25000,-25000,-25000
050917,瀚宇博兆豐96購01,0,0,0,0,0,0,0,0,0,-25000,0,0,0,0,25000,-25000,-25000
052804,淘帝元大96購01  ,0,0,0,0,0,0,0,0,0,-25000,0,0,0,0,25000,-25000,-25000
052695,台表科中信98購01,0,0,0,0,0,0,0,0,0,-25000,0,0,0,0,25000,-25000,-25000
052642,滬深2X永豐96購03,0,0,0,0,0,0,0,0,0,-25000,0,0,0,79000,104000,-25000,-25000
053065,大立光群益96購01,0,0,0,0,0,0,0,0,0,-25000,0,0,0,13000,38000,-25000,-25000
06106P,國巨群益97售02  ,0,0,0,0,0,0,0,0,0,-25000,0,0,0,10000,35000,-25000,-25000
06087P,國巨永豐97售01  ,0,0,0,0,0,0,0,0,0,-25000,0,0,0,0,25000,-25000,-25000
06144P,台光電永豐97售01,0,0,0,0,0,0,0,0,0,-25000,0,0,0,5000,30000,-25000,-25000
06354P,大立光永豐97售04,0,0,0,0,0,0,0,0,0,-25000,0,0,0,10000,35000,-25000,-25000
06310P,精元元富97售02  ,0,0,0,0,0,0,0,0,0,-25000,0,0,0,0,25000,-25000,-25000
056293,上銀元大97購10  ,0,0,0,0,0,0,0,0,0,-25000,0,0,0,12000,37000,-25000,-25000
056168,鴻海元富97購07  ,0,0,0,0,0,0,0,0,0,-25000,0,0,0,25000,50000,-25000,-25000
056332,台郡國票99購01  ,0,0,0,0,0,0,0,0,0,-25000,0,0,0,0,25000,-25000,-25000
056386,TPK國泰99購01   ,0,0,0,0,0,0,0,0,0,-25000,0,0,0,12000,37000,-25000,-25000
056463,台虹凱基98購02  ,0,0,0,0,0,0,0,0,0,-25000,0,0,0,0,25000,-25000,-25000
056456,群創凱基9B購01  ,0,0,0,0,0,0,0,0,0,-25000,0,0,0,0,25000,-25000,-25000
2420,新巨            ,100000,100000,0,0,0,0,0,0,0,-25000,0,25000,-25000,0,0,0,-25000
2457,飛宏            ,49000,72000,-23000,0,0,0,0,0,0,-2000,0,2000,-2000,0,0,0,-25000
6024,群益期          ,18000,43000,-25000,0,0,0,0,0,0,0,0,0,0,0,0,0,-25000
6120,達運            ,119000,125000,-6000,0,0,0,0,0,0,-19000,0,5000,-5000,0,14000,-14000,-25000
1537,廣隆            ,2000,26800,-24800,0,0,0,0,0,0,-1000,0,1000,-1000,0,0,0,-25800
054148,矽創元大96購03  ,0,0,0,0,0,0,0,0,0,-26000,0,0,0,24000,50000,-26000,-26000
05469P,台積電元大95售24,0,0,0,0,0,0,0,0,0,-26000,0,0,0,463000,489000,-26000,-26000
054883,億光統一97購01  ,0,0,0,0,0,0,0,0,0,-26000,0,0,0,57000,83000,-26000,-26000
055156,華新科元大99購02,0,0,0,0,0,0,0,0,0,-26000,0,0,0,40000,66000,-26000,-26000
055119,力成凱基98購01  ,0,0,0,0,0,0,0,0,0,-26000,0,0,0,0,26000,-26000,-26000
055021,亞德客國泰98購01,0,0,0,0,0,0,0,0,0,-26000,0,0,0,211000,237000,-26000,-26000
055200,和大群益98購01  ,0,0,0,0,0,0,0,0,0,-26000,0,0,0,50000,76000,-26000,-26000
055556,奇力新凱基98購03,0,0,0,0,0,0,0,0,0,-26000,0,0,0,44000,70000,-26000,-26000
055586,旺宏元大98購06  ,0,0,0,0,0,0,0,0,0,-26000,0,0,0,10000,36000,-26000,-26000
055845,大立光元大97購08,0,0,0,0,0,0,0,0,0,-26000,0,0,0,0,26000,-26000,-26000
044305,瀚宇博兆豐93購01,0,0,0,0,0,0,0,0,0,-26000,0,0,0,0,26000,-26000,-26000
046741,GIS群益94購01   ,0,0,0,0,0,0,0,0,0,-26000,0,0,0,0,26000,-26000,-26000
046871,美律元富93購01  ,0,0,0,0,0,0,0,0,0,-26000,0,0,0,0,26000,-26000,-26000
045235,致茂中信93購01  ,0,0,0,0,0,0,0,0,0,-26000,0,0,0,0,26000,-26000,-26000
047014,元油反元大99購01,0,0,0,0,0,0,0,0,0,-26000,0,0,0,25000,51000,-26000,-26000
044964,旺宏中信94購01  ,0,0,0,0,0,0,0,0,0,-26000,0,0,0,550000,576000,-26000,-26000
048256,鴻海統一93購08  ,0,0,0,0,0,0,0,0,0,-26000,0,0,0,53000,79000,-26000,-26000
047771,緯創元大93購01  ,0,0,0,0,0,0,0,0,0,-26000,0,0,0,17000,43000,-26000,-26000
04753P,台積電統一94售11,0,0,0,0,0,0,0,0,0,-26000,0,0,0,0,26000,-26000,-26000
053319,可成群益96購04  ,0,0,0,0,0,0,0,0,0,-26000,0,0,0,155000,181000,-26000,-26000
052370,滬深2X元大95購04,0,0,0,0,0,0,0,0,0,-26000,0,0,0,78000,104000,-26000,-26000
050900,台郡元大95購02  ,0,0,0,0,0,0,0,0,0,-26000,0,0,0,52000,78000,-26000,-26000
050760,矽力元富94購03  ,0,0,0,0,0,0,0,0,0,-26000,0,0,0,40000,66000,-26000,-26000
051086,鴻海元大96購04  ,0,0,0,0,0,0,0,0,0,-26000,0,0,0,408000,434000,-26000,-26000
05187P,力山凱基95售01  ,0,0,0,0,0,0,0,0,0,-26000,0,0,0,10000,36000,-26000,-26000
052159,瑞昱永豐95購01  ,0,0,0,0,0,0,0,0,0,-26000,0,0,0,74000,100000,-26000,-26000
051499,康控群益95購02  ,0,0,0,0,0,0,0,0,0,-26000,0,0,0,102000,128000,-26000,-26000
05160P,國巨國票96售03  ,0,0,0,0,0,0,0,0,0,-26000,0,0,0,0,26000,-26000,-26000
051795,T50反1台新05購02,0,0,0,0,0,0,0,0,0,-26000,0,0,0,0,26000,-26000,-26000
051769,矽力元大95購01  ,0,0,0,0,0,0,0,0,0,-26000,0,0,0,12000,38000,-26000,-26000
2010,春源            ,3000,28000,-25000,0,0,0,0,0,0,-1000,0,1000,-1000,0,0,0,-26000
056467,上証2X元大98購02,0,0,0,0,0,0,0,0,0,-26000,0,0,0,0,26000,-26000,-26000
05695P,台積電凱基96售10,0,0,0,0,0,0,0,0,0,-26000,0,0,0,0,26000,-26000,-26000
056139,貿聯元大97購04  ,0,0,0,0,0,0,0,0,0,-26000,0,0,0,2000,28000,-26000,-26000
056009,奇力新中信98購03,0,0,0,0,0,0,0,0,0,-26000,0,0,0,470000,496000,-26000,-26000
06308P,國巨元富97售06  ,0,0,0,0,0,0,0,0,0,-26000,0,0,0,0,26000,-26000,-26000
055123,億光兆豐97購01  ,0,0,0,0,0,0,0,0,0,-27000,0,0,0,99000,126000,-27000,-27000
054710,東元元富97購01  ,0,0,0,0,0,0,0,0,0,-27000,0,0,0,18000,45000,-27000,-27000
054547,鴻海凱基98購02  ,0,0,0,0,0,0,0,0,0,-27000,0,0,0,20000,47000,-27000,-27000
054548,鴻海凱基98購03  ,0,0,0,0,0,0,0,0,0,-27000,0,0,0,20000,47000,-27000,-27000
054053,聯茂元大96購01  ,0,0,0,0,0,0,0,0,0,-27000,0,0,0,72000,99000,-27000,-27000
053923,亞光國票97購01  ,0,0,0,0,0,0,0,0,0,-27000,0,0,0,3000,30000,-27000,-27000
045361,鈺齊凱基93購01  ,0,0,0,0,0,0,0,0,0,-27000,0,0,0,4000,31000,-27000,-27000
048688,瑞昱群益94購01  ,0,0,0,0,0,0,0,0,0,-27000,0,0,0,115000,142000,-27000,-27000
048773,貿聯凱基94購01  ,0,0,0,0,0,0,0,0,0,-27000,0,0,0,23000,50000,-27000,-27000
046362,華通永豐92購02  ,0,0,0,0,0,0,0,0,0,-27000,0,0,0,33000,60000,-27000,-27000
042040,大立光群益93購01,0,0,0,0,0,0,0,0,0,-27000,0,0,0,5000,32000,-27000,-27000
00743,國泰中國A150    ,0,26000,-26000,0,0,0,0,0,0,-1000,0,0,0,3000,4000,-1000,-27000
048025,鴻海凱基93購30  ,0,0,0,0,0,0,0,0,0,-27000,0,0,0,193000,220000,-27000,-27000
048086,鴻海凱基93購33  ,0,0,0,0,0,0,0,0,0,-27000,0,0,0,363000,390000,-27000,-27000
050064,華新科凱基94購08,0,0,0,0,0,0,0,0,0,-27000,0,0,0,1000,28000,-27000,-27000
051696,新日興中信96購01,0,0,0,0,0,0,0,0,0,-27000,0,0,0,142000,169000,-27000,-27000
051866,聯發科凱基96購05,0,0,0,0,0,0,0,0,0,-27000,0,0,0,149000,176000,-27000,-27000
051401,華新科永豐95購01,0,0,0,0,0,0,0,0,0,-27000,0,0,0,20000,47000,-27000,-27000
052607,大立光元大96購03,0,0,0,0,0,0,0,0,0,-27000,0,0,0,17000,44000,-27000,-27000
06305P,臺股指元大97售11,0,0,0,0,0,0,0,0,0,-27000,0,0,0,2000,29000,-27000,-27000
06222P,致茂元富97售02  ,0,0,0,0,0,0,0,0,0,-27000,0,0,0,10000,37000,-27000,-27000
06446P,大立光凱基98售10,0,0,0,0,0,0,0,0,0,-27000,0,0,0,0,27000,-27000,-27000
06109P,華新科群益97售05,0,0,0,0,0,0,0,0,0,-27000,0,0,0,26000,53000,-27000,-27000
056128,和大中信99購01  ,0,0,0,0,0,0,0,0,0,-27000,0,0,0,51000,78000,-27000,-27000
056087,世芯統一97購01  ,0,0,0,0,0,0,0,0,0,-27000,0,0,0,194000,221000,-27000,-27000
056207,茂林永豐97購03  ,0,0,0,0,0,0,0,0,0,-27000,0,0,0,0,27000,-27000,-27000
056474,華新科元大99購05,0,0,0,0,0,0,0,0,0,-27000,0,0,0,0,27000,-27000,-27000
056378,欣興元富98購01  ,0,0,0,0,0,0,0,0,0,-27000,0,0,0,0,27000,-27000,-27000
056309,合勤控元大97購01,0,0,0,0,0,0,0,0,0,-27000,0,0,0,6000,33000,-27000,-27000
6257,矽格            ,842000,694000,148000,0,0,0,0,85000,-85000,-90000,12000,64000,-52000,7000,45000,-38000,-27000
9902,台火            ,9000,35000,-26000,0,0,0,0,0,0,-1000,0,1000,-1000,0,0,0,-27000
055167,友訊統一97購01  ,0,0,0,0,0,0,0,0,0,-28000,0,0,0,108000,136000,-28000,-28000
05593P,鴻海國票97售03  ,0,0,0,0,0,0,0,0,0,-28000,0,0,0,0,28000,-28000,-28000
055773,瑞昱凱基97購03  ,0,0,0,0,0,0,0,0,0,-28000,0,0,0,34000,62000,-28000,-28000
055432,臻鼎群益97購02  ,0,0,0,0,0,0,0,0,0,-28000,0,0,0,12000,40000,-28000,-28000
03947P,新光金國泰94售01,0,0,0,0,0,0,0,0,0,-28000,0,0,0,0,28000,-28000,-28000
044298,南電凱基93購01  ,0,0,0,0,0,0,0,0,0,-28000,0,0,0,65000,93000,-28000,-28000
044290,群創凱基93購05  ,0,0,0,0,0,0,0,0,0,-28000,0,0,0,312000,340000,-28000,-28000
03388P,元油2X元富98售02,0,0,0,0,0,0,0,0,0,-28000,0,0,0,112000,140000,-28000,-28000
04543P,鴻海富邦95售03  ,0,0,0,0,0,0,0,0,0,-28000,0,0,0,10000,38000,-28000,-28000
046369,同欣電日盛92購01,0,0,0,0,0,0,0,0,0,-28000,0,0,0,60000,88000,-28000,-28000
046958,鴻海中信93購01  ,0,0,0,0,0,0,0,0,0,-28000,0,0,0,20000,48000,-28000,-28000
050132,日電貿凱基94購02,0,0,0,0,0,0,0,0,0,-28000,0,0,0,2000,30000,-28000,-28000
049917,華新科元大94購02,0,0,0,0,0,0,0,0,0,-28000,0,0,0,42000,70000,-28000,-28000
050432,聯發科凱基94購19,0,0,0,0,0,0,0,0,0,-28000,0,0,0,50000,78000,-28000,-28000
048878,康控國票95購02  ,0,0,0,0,0,0,0,0,0,-28000,0,0,0,40000,68000,-28000,-28000
049344,華固統一94購01  ,0,0,0,0,0,0,0,0,0,-28000,0,0,0,0,28000,-28000,-28000
049113,大立光統一94購06,0,0,0,0,0,0,0,0,0,-28000,0,0,0,1000,29000,-28000,-28000
047255,訊芯群益93購01  ,0,0,0,0,0,0,0,0,0,-28000,0,0,0,60000,88000,-28000,-28000
049544,台積電群益94購08,0,0,0,0,0,0,0,0,0,-28000,0,0,0,148000,176000,-28000,-28000
049453,新日興統一94購01,0,0,0,0,0,0,0,0,0,-28000,0,0,0,0,28000,-28000,-28000
052788,開發金中信98購02,0,0,0,0,0,0,0,0,0,-28000,0,0,0,72000,100000,-28000,-28000
052864,奇力新凱基96購02,0,0,0,0,0,0,0,0,0,-28000,0,0,0,62000,90000,-28000,-28000
051237,鴻海元大97購01  ,0,0,0,0,0,0,0,0,0,-28000,0,0,0,401000,429000,-28000,-28000
1608,華榮            ,10000,36000,-26000,0,0,0,0,0,0,-2000,0,2000,-2000,0,0,0,-28000
2359,所羅門          ,57000,84000,-27000,0,0,0,0,0,0,-1000,0,1000,-1000,0,0,0,-28000
056306,晶相光元大98購01,0,0,0,0,0,0,0,0,0,-28000,0,0,0,35000,63000,-28000,-28000
056469,國巨元大99購01  ,0,0,0,0,0,0,0,0,0,-28000,0,0,0,125000,153000,-28000,-28000
056282,S&P反1永豐97購01,0,0,0,0,0,0,0,0,0,-28000,0,0,0,0,28000,-28000,-28000
06108P,奇力新群益97售05,0,0,0,0,0,0,0,0,0,-28000,0,0,0,19000,47000,-28000,-28000
06171P,台積電統一97售06,0,0,0,0,0,0,0,0,0,-28000,0,0,0,0,28000,-28000,-28000
06192P,高股息中信98售01,0,0,0,0,0,0,0,0,0,-28000,0,0,0,2000,30000,-28000,-28000
06383P,聯茂元富97售01  ,0,0,0,0,0,0,0,0,0,-28000,0,0,0,0,28000,-28000,-28000
055394,健策統一97購01  ,0,0,0,0,0,0,0,0,0,-29000,0,0,0,86000,115000,-29000,-29000
055458,燿華永豐98購01  ,0,0,0,0,0,0,0,0,0,-29000,0,0,0,0,29000,-29000,-29000
055486,國巨元大98購06  ,0,0,0,0,0,0,0,0,0,-29000,0,0,0,60000,89000,-29000,-29000
05522P,友達元富96售02  ,0,0,0,0,0,0,0,0,0,-29000,0,0,0,1000,30000,-29000,-29000
055230,大毅國票98購01  ,0,0,0,0,0,0,0,0,0,-29000,0,0,0,26000,55000,-29000,-29000
055262,台虹國泰98購01  ,0,0,0,0,0,0,0,0,0,-29000,0,0,0,1000,30000,-29000,-29000
054849,日月光兆豐97購01,0,0,0,0,0,0,0,0,0,-29000,0,0,0,5000,34000,-29000,-29000
053850,嘉澤元富96購03  ,0,0,0,0,0,0,0,0,0,-29000,0,0,0,10000,39000,-29000,-29000
053498,大立光兆豐96購03,0,0,0,0,0,0,0,0,0,-29000,0,0,0,1000,30000,-29000,-29000
053600,同欣電元大96購04,0,0,0,0,0,0,0,0,0,-29000,0,0,0,2000,31000,-29000,-29000
054191,香港2X中信98購01,0,0,0,0,0,0,0,0,0,-29000,0,0,0,61000,90000,-29000,-29000
046374,台積電凱基92購20,0,0,0,0,0,0,0,0,0,-29000,0,0,0,23000,52000,-29000,-29000
046346,旺宏兆豐92購02  ,0,0,0,0,0,0,0,0,0,-29000,0,0,0,0,29000,-29000,-29000
04025P,宏達電國泰94售01,0,0,0,0,0,0,0,0,0,-29000,0,0,0,9000,38000,-29000,-29000
049026,晶相光群益94購01,0,0,0,0,0,0,0,0,0,-29000,0,0,0,13000,42000,-29000,-29000
050339,鴻海統一94購06  ,0,0,0,0,0,0,0,0,0,-29000,0,0,0,131000,160000,-29000,-29000
047916,台積電凱基93購22,0,0,0,0,0,0,0,0,0,-29000,0,0,0,13000,42000,-29000,-29000
050028,華新科元大94購03,0,0,0,0,0,0,0,0,0,-29000,0,0,0,12000,41000,-29000,-29000
048080,元石油凱基96購01,0,0,0,0,0,0,0,0,0,-29000,0,0,0,0,29000,-29000,-29000
048269,瀚宇博國泰95購01,0,0,0,0,0,0,0,0,0,-29000,0,0,0,45000,74000,-29000,-29000
05123P,鴻海永昌96售07  ,0,0,0,0,0,0,0,0,0,-29000,0,0,0,619000,648000,-29000,-29000
051002,華邦電亞東96購01,0,0,0,0,0,0,0,0,0,-29000,0,0,0,0,29000,-29000,-29000
05096P,台積電日盛95售01,0,0,0,0,0,0,0,0,0,-29000,0,0,0,1000,30000,-29000,-29000
050791,聯發科富邦96購01,0,0,0,0,0,0,0,0,0,-29000,0,0,0,80000,109000,-29000,-29000
051801,牧德永豐95購04  ,0,0,0,0,0,0,0,0,0,-29000,0,0,0,82000,111000,-29000,-29000
052004,泰碩國泰97購03  ,0,0,0,0,0,0,0,0,0,-29000,0,0,0,11000,40000,-29000,-29000
052380,臺股指元大95購21,0,0,0,0,0,0,0,0,0,-29000,0,0,0,1000,30000,-29000,-29000
05217P,鴻海統一95售08  ,0,0,0,0,0,0,0,0,0,-29000,0,0,0,5000,34000,-29000,-29000
06417P,台積電兆豐97售03,0,0,0,0,0,0,0,0,0,-29000,0,0,0,100000,129000,-29000,-29000
05924P,超眾元富96售04  ,0,0,0,0,0,0,0,0,0,-29000,0,0,0,35000,64000,-29000,-29000
05841P,華通元大96售04  ,0,0,0,0,0,0,0,0,0,-29000,0,0,0,1000,30000,-29000,-29000
056246,祥碩群益97購01  ,0,0,0,0,0,0,0,0,0,-29000,0,0,0,48000,77000,-29000,-29000
056053,和大元大97購05  ,0,0,0,0,0,0,0,0,0,-29000,0,0,0,108000,137000,-29000,-29000
055990,矽創元富97購01  ,0,0,0,0,0,0,0,0,0,-29000,0,0,0,0,29000,-29000,-29000
2480,敦陽科          ,15000,43000,-28000,0,0,0,0,0,0,-1000,0,1000,-1000,0,0,0,-29000
2015,豐興            ,7000,33903,-26903,0,0,0,0,0,0,-3000,0,3000,-3000,0,0,0,-29903
054162,光罩凱基98購01  ,0,0,0,0,0,0,0,0,0,-30000,0,0,0,10000,40000,-30000,-30000
054230,上銀群益96購03  ,0,0,0,0,0,0,0,0,0,-30000,0,0,0,0,30000,-30000,-30000
05458P,台積電凱基97售02,0,0,0,0,0,0,0,0,0,-30000,0,0,0,0,30000,-30000,-30000
054653,聯發科麥證97購02,0,0,0,100000,130000,-30000,0,0,0,-30000,0,0,0,100000,130000,-30000,-30000
054500,美律永豐96購02  ,0,0,0,0,0,0,0,0,0,-30000,0,0,0,0,30000,-30000,-30000
05367P,鴻海元富95售13  ,0,0,0,0,0,0,0,0,0,-30000,0,0,0,0,30000,-30000,-30000
053725,晶相光凱基96購01,0,0,0,0,0,0,0,0,0,-30000,0,0,0,35000,65000,-30000,-30000
053485,矽創國票97購04  ,0,0,0,0,0,0,0,0,0,-30000,0,0,0,0,30000,-30000,-30000
05379P,可成凱基95售11  ,0,0,0,0,0,0,0,0,0,-30000,0,0,0,0,30000,-30000,-30000
05391P,鴻海統一95售12  ,0,0,0,0,0,0,0,0,0,-30000,0,0,0,0,30000,-30000,-30000
054024,中鋼康和96購01  ,0,0,0,0,0,0,0,0,0,-30000,0,0,0,70000,100000,-30000,-30000
054005,旺宏統一97購04  ,0,0,0,0,0,0,0,0,0,-30000,0,0,0,106000,136000,-30000,-30000
054968,佐登元大97購01  ,0,0,0,0,0,0,0,0,0,-30000,0,0,0,10000,40000,-30000,-30000
05505P,聯發科凱基96售09,0,0,0,0,0,0,0,0,0,-30000,0,0,0,0,30000,-30000,-30000
055492,華新科元大97購08,0,0,0,0,0,0,0,0,0,-30000,0,0,0,28000,58000,-30000,-30000
055597,禾伸堂元大98購02,0,0,0,0,0,0,0,0,0,-30000,0,0,0,3000,33000,-30000,-30000
055533,大立光群益97購03,0,0,0,0,0,0,0,0,0,-30000,0,0,0,30000,60000,-30000,-30000
05576P,群創日盛99售02  ,0,0,0,0,0,0,0,0,0,-30000,0,0,0,0,30000,-30000,-30000
04035P,全新群益93售03  ,0,0,0,0,0,0,0,0,0,-30000,0,0,0,0,30000,-30000,-30000
03025P,國巨元大01售12  ,0,0,0,0,0,0,0,0,0,-30000,0,0,0,11000,41000,-30000,-30000
03208P,國巨中信02售02  ,0,0,0,0,0,0,0,0,0,-30000,0,0,0,13000,43000,-30000,-30000
03252P,台積電台新02售01,0,0,0,0,0,0,0,0,0,-30000,0,0,0,0,30000,-30000,-30000
00702,國泰標普低波高息,0,0,0,0,0,0,0,0,0,-30000,0,0,0,2000,32000,-30000,-30000
00689R,國泰20年美債反1 ,0,0,0,0,0,0,0,0,0,-30000,0,0,0,284000,314000,-30000,-30000
03362P,台積電元大02售19,0,0,0,0,0,0,0,0,0,-30000,0,0,0,0,30000,-30000,-30000
03305P,台達電台新02售01,0,0,0,0,0,0,0,0,0,-30000,0,0,0,0,30000,-30000,-30000
043940,京元電兆豐92購01,0,0,0,0,0,0,0,0,0,-30000,0,0,0,0,30000,-30000,-30000
044124,燿華凱基93購01  ,0,0,0,0,0,0,0,0,0,-30000,0,0,0,20000,50000,-30000,-30000
04419P,奇力新永豐94售01,0,0,0,0,0,0,0,0,0,-30000,0,0,0,0,30000,-30000,-30000
04233P,儒鴻兆豐93售01  ,0,0,0,0,0,0,0,0,0,-30000,0,0,0,110000,140000,-30000,-30000
043695,臻鼎兆豐92購01  ,0,0,0,0,0,0,0,0,0,-30000,0,0,0,0,30000,-30000,-30000
043591,智邦元大92購02  ,0,0,0,0,0,0,0,0,0,-30000,0,0,0,0,30000,-30000,-30000
044312,A50正2永豐92購01,0,0,0,0,0,0,0,0,0,-30000,0,0,0,0,30000,-30000,-30000
044330,T50反1統一93購01,0,0,0,0,0,0,0,0,0,-30000,0,0,0,0,30000,-30000,-30000
044376,日月光兆豐92購01,0,0,0,0,0,0,0,0,0,-30000,0,0,0,10000,40000,-30000,-30000
042644,貿聯兆豐92購01  ,0,0,0,0,0,0,0,0,0,-30000,0,0,0,0,30000,-30000,-30000
046303,台積電元大92購25,0,0,0,0,0,0,0,0,0,-30000,0,0,0,0,30000,-30000,-30000
046402,華泰元大92購03  ,0,0,0,0,0,0,0,0,0,-30000,0,0,0,0,30000,-30000,-30000
046377,聯發科凱基92購03,0,0,0,0,0,0,0,0,0,-30000,0,0,0,30000,60000,-30000,-30000
044736,聯發科國泰93購01,0,0,0,0,0,0,0,0,0,-30000,0,0,0,97000,127000,-30000,-30000
04474P,聯發科元大94售03,0,0,0,0,0,0,0,0,0,-30000,0,0,0,110000,140000,-30000,-30000
046561,可成凱基92購11  ,0,0,0,0,0,0,0,0,0,-30000,0,0,0,0,30000,-30000,-30000
046457,可成凱基92購09  ,0,0,0,0,0,0,0,0,0,-30000,0,0,0,0,30000,-30000,-30000
04605P,台積電兆豐94售03,0,0,0,0,0,0,0,0,0,-30000,0,0,0,0,30000,-30000,-30000
047148,和鑫群益93購01  ,0,0,0,0,0,0,0,0,0,-30000,0,0,0,0,30000,-30000,-30000
04693P,超眾群益95售01  ,0,0,0,0,0,0,0,0,0,-30000,0,0,0,30000,60000,-30000,-30000
047039,晶技群益93購02  ,0,0,0,0,0,0,0,0,0,-30000,0,0,0,0,30000,-30000,-30000
045836,群創群益98購01  ,0,0,0,0,0,0,0,0,0,-30000,0,0,0,0,30000,-30000,-30000
044864,道瓊反國票96購01,0,0,0,0,0,0,0,0,0,-30000,0,0,0,0,30000,-30000,-30000
045378,智邦元大92購04  ,0,0,0,0,0,0,0,0,0,-30000,0,0,0,0,30000,-30000,-30000
045389,TPK元大93購03   ,0,0,0,0,0,0,0,0,0,-30000,0,0,0,0,30000,-30000,-30000
048707,南電國票95購01  ,0,0,0,0,0,0,0,0,0,-30000,0,0,0,30000,60000,-30000,-30000
048802,聯發科富邦94購03,0,0,0,0,0,0,0,0,0,-30000,0,0,0,0,30000,-30000,-30000
048144,華固統一93購01  ,0,0,0,0,0,0,0,0,0,-30000,0,0,0,0,30000,-30000,-30000
048482,柏文中信94購01  ,0,0,0,0,0,0,0,0,0,-30000,0,0,0,0,30000,-30000,-30000
050035,聯茂元大94購07  ,0,0,0,0,0,0,0,0,0,-30000,0,0,0,24000,54000,-30000,-30000
050058,國巨凱基94購06  ,0,0,0,0,0,0,0,0,0,-30000,0,0,0,27000,57000,-30000,-30000
049911,智邦元大94購05  ,0,0,0,0,0,0,0,0,0,-30000,0,0,0,2000,32000,-30000,-30000
05032P,台積電國泰96售05,0,0,0,0,0,0,0,0,0,-30000,0,0,0,1000,31000,-30000,-30000
050358,致新群益94購01  ,0,0,0,0,0,0,0,0,0,-30000,0,0,0,40000,70000,-30000,-30000
050316,上証2X國票98購01,0,0,0,0,0,0,0,0,0,-30000,0,0,0,0,30000,-30000,-30000
050228,中磊中信96購01  ,0,0,0,0,0,0,0,0,0,-30000,0,0,0,30000,60000,-30000,-30000
050157,臻鼎群益94購02  ,0,0,0,0,0,0,0,0,0,-30000,0,0,0,70000,100000,-30000,-30000
050421,鴻海凱基95購04  ,0,0,0,0,0,0,0,0,0,-30000,0,0,0,0,30000,-30000,-30000
049006,和鑫中信94購01  ,0,0,0,0,0,0,0,0,0,-30000,0,0,0,0,30000,-30000,-30000
047461,大立光群益93購09,0,0,0,0,0,0,0,0,0,-30000,0,0,0,40000,70000,-30000,-30000
049190,元油2X永豐94購04,0,0,0,0,0,0,0,0,0,-30000,0,0,0,0,30000,-30000,-30000
049235,元油2X元富96購05,0,0,0,0,0,0,0,0,0,-30000,0,0,0,0,30000,-30000,-30000
048391,友訊國票94購01  ,0,0,0,0,0,0,0,0,0,-30000,0,0,0,0,30000,-30000,-30000
049282,易華電國票95購01,0,0,0,0,0,0,0,0,0,-30000,0,0,0,0,30000,-30000,-30000
049443,元石油統一94購02,0,0,0,0,0,0,0,0,0,-30000,0,0,0,0,30000,-30000,-30000
049493,可成元大94購05  ,0,0,0,0,0,0,0,0,0,-30000,0,0,0,0,30000,-30000,-30000
049516,光罩國票94購02  ,0,0,0,0,0,0,0,0,0,-30000,0,0,0,30000,60000,-30000,-30000
04951P,緯創中信94售01  ,0,0,0,0,0,0,0,0,0,-30000,0,0,0,0,30000,-30000,-30000
049707,華通麥證94購02  ,0,0,0,0,30000,-30000,0,0,0,-30000,0,0,0,0,30000,-30000,-30000
049727,台積電中信94購02,0,0,0,0,0,0,0,0,0,-30000,0,0,0,90000,120000,-30000,-30000
047246,華新科群益93購01,0,0,0,0,0,0,0,0,0,-30000,0,0,0,138000,168000,-30000,-30000
049846,台泥群益94購01  ,0,0,0,0,0,0,0,0,0,-30000,0,0,0,10000,40000,-30000,-30000
047766,聯發科元大93購19,0,0,0,0,0,0,0,0,0,-30000,0,0,0,0,30000,-30000,-30000
047313,華新科元大93購08,0,0,0,0,0,0,0,0,0,-30000,0,0,0,14000,44000,-30000,-30000
047349,可成凱基93購06  ,0,0,0,0,0,0,0,0,0,-30000,0,0,0,0,30000,-30000,-30000
052319,可成元大95購12  ,0,0,0,0,0,0,0,0,0,-30000,0,0,0,35000,65000,-30000,-30000
052327,聯詠中信95購03  ,0,0,0,0,0,0,0,0,0,-30000,0,0,0,0,30000,-30000,-30000
052290,鴻海元富97購01  ,0,0,0,0,0,0,0,0,0,-30000,0,0,0,10000,40000,-30000,-30000
052379,鈺齊元大95購04  ,0,0,0,0,0,0,0,0,0,-30000,0,0,0,248000,278000,-30000,-30000
05252P,華通凱基95售01  ,0,0,0,0,0,0,0,0,0,-30000,0,0,0,0,30000,-30000,-30000
053087,冠德元大96購02  ,0,0,0,0,0,0,0,0,0,-30000,0,0,0,12000,42000,-30000,-30000
053129,緯穎凱基96購01  ,0,0,0,0,0,0,0,0,0,-30000,0,0,0,16000,46000,-30000,-30000
053351,A50正2兆豐97購01,0,0,0,0,0,0,0,0,0,-30000,0,0,0,60000,90000,-30000,-30000
05320P,華通凱基96售03  ,0,0,0,0,0,0,0,0,0,-30000,0,0,0,10000,40000,-30000,-30000
052108,鴻海元富95購11  ,0,0,0,0,0,0,0,0,0,-30000,0,0,0,0,30000,-30000,-30000
05178P,大立光凱基96售05,0,0,0,0,0,0,0,0,0,-30000,0,0,0,43000,73000,-30000,-30000
051806,華通凱基96購02  ,0,0,0,0,0,0,0,0,0,-30000,0,0,0,0,30000,-30000,-30000
051826,智邦元大95購03  ,0,0,0,0,0,0,0,0,0,-30000,0,0,0,36000,66000,-30000,-30000
051831,緯穎元大96購04  ,0,0,0,0,0,0,0,0,0,-30000,0,0,0,8000,38000,-30000,-30000
051850,臻鼎中信96購01  ,0,0,0,0,0,0,0,0,0,-30000,0,0,0,0,30000,-30000,-30000
051965,傳奇永豐95購01  ,0,0,0,0,0,0,0,0,0,-30000,0,0,0,0,30000,-30000,-30000
051682,元黃金凱基97購01,0,0,0,0,0,0,0,0,0,-30000,0,0,0,0,30000,-30000,-30000
05176P,台積電凱基95售11,0,0,0,0,0,0,0,0,0,-30000,0,0,0,0,30000,-30000,-30000
051773,元大金中信95購02,0,0,0,0,0,0,0,0,0,-30000,0,0,0,0,30000,-30000,-30000
050927,聯詠凱基95購01  ,0,0,0,0,0,0,0,0,0,-30000,0,0,0,0,30000,-30000,-30000
051005,緯創中信95購02  ,0,0,0,0,0,0,0,0,0,-30000,0,0,0,30000,60000,-30000,-30000
051161,喬山元大95購02  ,0,0,0,0,0,0,0,0,0,-30000,0,0,0,0,30000,-30000,-30000
051181,鴻海永豐95購03  ,0,0,0,0,0,0,0,0,0,-30000,0,0,0,30000,60000,-30000,-30000
051300,台光電凱基96購02,0,0,0,0,0,0,0,0,0,-30000,0,0,0,0,30000,-30000,-30000
2908,特力            ,16000,44000,-28000,0,0,0,0,0,0,-2000,0,2000,-2000,0,0,0,-30000
5533,皇鼎            ,0,30000,-30000,0,0,0,0,0,0,0,0,0,0,0,0,0,-30000
056163,嘉聯益凱基98購03,0,0,0,0,0,0,0,0,0,-30000,0,0,0,0,30000,-30000,-30000
056395,玉晶光永豐9B購01,0,0,0,0,0,0,0,0,0,-30000,0,0,0,0,30000,-30000,-30000
056345,嘉聯益凱基99購01,0,0,0,0,0,0,0,0,0,-30000,0,0,0,30000,60000,-30000,-30000
05846P,大立光元大96售07,0,0,0,0,0,0,0,0,0,-30000,0,0,0,10000,40000,-30000,-30000
06138P,台積電中信99售01,0,0,0,0,0,0,0,0,0,-30000,0,0,0,2000,32000,-30000,-30000
06431P,新日興元大97售05,0,0,0,0,0,0,0,0,0,-30000,0,0,0,0,30000,-30000,-30000
06468P,華新科統一98售02,0,0,0,0,0,0,0,0,0,-30000,0,0,0,0,30000,-30000,-30000
07917P,可成永豐9B售01  ,0,0,0,0,0,0,0,0,0,-30000,0,0,0,0,30000,-30000,-30000
06377P,華通統一97售04  ,0,0,0,0,0,0,0,0,0,-30000,0,0,0,0,30000,-30000,-30000
06208P,台郡凱基97售03  ,0,0,0,0,0,0,0,0,0,-30000,0,0,0,14000,44000,-30000,-30000
06259P,臺股指群益97售12,0,0,0,0,0,0,0,0,0,-30000,0,0,0,0,30000,-30000,-30000
06280P,臺股指凱基97售12,0,0,0,0,0,0,0,0,0,-30000,0,0,0,0,30000,-30000,-30000
055782,新日興凱基99購01,0,0,0,0,0,0,0,0,0,-31000,0,0,0,10000,41000,-31000,-31000
055634,訊芯永豐97購02  ,0,0,0,0,0,0,0,0,0,-31000,0,0,0,20000,51000,-31000,-31000
053753,啟碁永豐96購01  ,0,0,0,0,0,0,0,0,0,-31000,0,0,0,58000,89000,-31000,-31000
053826,光磊麥證97購01  ,0,0,0,0,31000,-31000,0,0,0,-31000,0,0,0,0,31000,-31000,-31000
054470,緯穎國票97購04  ,0,0,0,0,0,0,0,0,0,-31000,0,0,0,1000,32000,-31000,-31000
054294,世芯元大96購02  ,0,0,0,0,0,0,0,0,0,-31000,0,0,0,58000,89000,-31000,-31000
048742,瀚宇博統一94購01,0,0,0,0,0,0,0,0,0,-31000,0,0,0,118000,149000,-31000,-31000
042895,鴻海永昌93購03  ,0,0,0,0,0,0,0,0,0,-31000,0,0,0,459000,490000,-31000,-31000
04104P,臺股指國票93售11,0,0,0,0,0,0,0,0,0,-31000,0,0,0,1000,32000,-31000,-31000
03564P,為升群益02售02  ,0,0,0,0,0,0,0,0,0,-31000,0,0,0,30000,61000,-31000,-31000
049788,智伸科兆豐95購01,0,0,0,0,0,0,0,0,0,-31000,0,0,0,12000,43000,-31000,-31000
049587,美律元大95購01  ,0,0,0,0,0,0,0,0,0,-31000,0,0,0,89000,120000,-31000,-31000
04835P,鴻海元大94售18  ,0,0,0,0,0,0,0,0,0,-31000,0,0,0,1000,32000,-31000,-31000
050444,卜蜂元大94購03  ,0,0,0,0,0,0,0,0,0,-31000,0,0,0,0,31000,-31000,-31000
055331,國巨兆豐99購01  ,0,0,0,0,0,0,0,0,0,-31000,0,0,0,20000,51000,-31000,-31000
055314,華邦電中信99購01,0,0,0,0,0,0,0,0,0,-31000,0,0,0,59000,90000,-31000,-31000
048114,景碩群益93購02  ,0,0,0,0,0,0,0,0,0,-31000,0,0,0,25000,56000,-31000,-31000
051267,美律富邦96購01  ,0,0,0,0,0,0,0,0,0,-31000,0,0,0,0,31000,-31000,-31000
051369,新光金富邦9A購01,0,0,0,0,0,0,0,0,0,-31000,0,0,0,0,31000,-31000,-31000
053047,寶成中信97購01  ,0,0,0,0,0,0,0,0,0,-31000,0,0,0,0,31000,-31000,-31000
05261P,鴻海元大95售20  ,0,0,0,0,0,0,0,0,0,-31000,0,0,0,343000,374000,-31000,-31000
052204,台泥中信96購01  ,0,0,0,0,0,0,0,0,0,-31000,0,0,0,58000,89000,-31000,-31000
052256,台泥國泰96購01  ,0,0,0,0,0,0,0,0,0,-31000,0,0,0,40000,71000,-31000,-31000
06382P,大毅元富97售02  ,0,0,0,0,0,0,0,0,0,-31000,0,0,0,0,31000,-31000,-31000
05939P,聯發科凱基96售20,0,0,0,0,0,0,0,0,0,-31000,0,0,0,12000,43000,-31000,-31000
05944P,富邦金中信96售01,0,0,0,0,0,0,0,0,0,-31000,0,0,0,1000,32000,-31000,-31000
053963,百和永豐96購01  ,0,0,0,0,0,0,0,0,0,-32000,0,0,0,0,32000,-32000,-32000
055691,訊芯凱基97購02  ,0,0,0,0,0,0,0,0,0,-32000,0,0,0,0,32000,-32000,-32000
055562,欣興凱基97購06  ,0,0,0,0,0,0,0,0,0,-32000,0,0,0,11000,43000,-32000,-32000
055598,欣興元大97購03  ,0,0,0,0,0,0,0,0,0,-32000,0,0,0,157000,189000,-32000,-32000
055171,凱美統一97購01  ,0,0,0,0,0,0,0,0,0,-32000,0,0,0,0,32000,-32000,-32000
04173P,上海銀凱基93售02,0,0,0,0,0,0,0,0,0,-32000,0,0,0,0,32000,-32000,-32000
048855,華新科群益94購02,0,0,0,0,0,0,0,0,0,-32000,0,0,0,70000,102000,-32000,-32000
048239,嘉澤國票93購01  ,0,0,0,0,0,0,0,0,0,-32000,0,0,0,0,32000,-32000,-32000
049611,緯穎兆豐95購02  ,0,0,0,0,0,0,0,0,0,-32000,0,0,0,0,32000,-32000,-32000
049527,國巨中信95購01  ,0,0,0,0,0,0,0,0,0,-32000,0,0,0,10000,42000,-32000,-32000
049648,大立光凱基94購08,0,0,0,0,0,0,0,0,0,-32000,0,0,0,10000,42000,-32000,-32000
052502,瀚宇博永豐95購02,0,0,0,0,0,0,0,0,0,-32000,0,0,0,0,32000,-32000,-32000
052952,矽創國票97購02  ,0,0,0,0,0,0,0,0,0,-32000,0,0,0,0,32000,-32000,-32000
052988,智易元大96購02  ,0,0,0,0,0,0,0,0,0,-32000,0,0,0,37000,69000,-32000,-32000
053156,緯創元大96購02  ,0,0,0,0,0,0,0,0,0,-32000,0,0,0,6000,38000,-32000,-32000
051313,緯創麥證95購02  ,0,0,0,30000,62000,-32000,0,0,0,-32000,0,0,0,30000,62000,-32000,-32000
051020,健策凱基96購02  ,0,0,0,0,0,0,0,0,0,-32000,0,0,0,45000,77000,-32000,-32000
050896,華新科元大96購02,0,0,0,0,0,0,0,0,0,-32000,0,0,0,0,32000,-32000,-32000
050833,台郡凱基95購01  ,0,0,0,0,0,0,0,0,0,-32000,0,0,0,41000,73000,-32000,-32000
05911P,南亞科永豐96售03,0,0,0,0,0,0,0,0,0,-32000,0,0,0,0,32000,-32000,-32000
06364P,鴻海凱基97售08  ,0,0,0,0,0,0,0,0,0,-32000,0,0,0,4000,36000,-32000,-32000
06283P,祥碩永豐97售01  ,0,0,0,0,0,0,0,0,0,-32000,0,0,0,35000,67000,-32000,-32000
06452P,大立光元大98售08,0,0,0,0,0,0,0,0,0,-32000,0,0,0,10000,42000,-32000,-32000
056370,台郡元大98購03  ,0,0,0,0,0,0,0,0,0,-32000,0,0,0,0,32000,-32000,-32000
056113,新日興兆豐98購01,0,0,0,0,0,0,0,0,0,-32000,0,0,0,109000,141000,-32000,-32000
5288,豐祥-KY         ,15000,45000,-30000,0,0,0,0,0,0,-2000,0,2000,-2000,0,0,0,-32000
4532,瑞智            ,40000,70679,-30679,0,0,0,0,0,0,-2000,0,2000,-2000,0,0,0,-32679
054753,復盛凱基98購01  ,0,0,0,0,0,0,0,0,0,-33000,0,0,0,54000,87000,-33000,-33000
054290,奇力新元大96購05,0,0,0,0,0,0,0,0,0,-33000,0,0,0,2000,35000,-33000,-33000
048964,劍麟元大94購01  ,0,0,0,0,0,0,0,0,0,-33000,0,0,0,0,33000,-33000,-33000
04667P,臺股指國票94售06,0,0,0,0,0,0,0,0,0,-33000,0,0,0,10000,43000,-33000,-33000
03828P,致茂中信95售01  ,0,0,0,0,0,0,0,0,0,-33000,0,0,0,6000,39000,-33000,-33000
049561,道瓊銀統一96購01,0,0,0,0,0,0,0,0,0,-33000,0,0,0,58000,91000,-33000,-33000
047385,華邦電元大94購02,0,0,0,0,0,0,0,0,0,-33000,0,0,0,0,33000,-33000,-33000
048339,友達元大95購01  ,0,0,0,0,0,0,0,0,0,-33000,0,0,0,2000,35000,-33000,-33000
048165,嘉澤康和93購01  ,0,0,0,0,0,0,0,0,0,-33000,0,0,0,20000,53000,-33000,-33000
047789,景碩群益93購01  ,0,0,0,0,0,0,0,0,0,-33000,0,0,0,0,33000,-33000,-33000
051747,貿聯國泰96購01  ,0,0,0,0,0,0,0,0,0,-33000,0,0,0,19000,52000,-33000,-33000
052950,超眾國票98購01  ,0,0,0,0,0,0,0,0,0,-33000,0,0,0,88000,121000,-33000,-33000
2514,龍邦            ,2000,34000,-32000,0,0,0,0,0,0,-1000,0,1000,-1000,0,0,0,-33000
4746,台耀            ,71000,94000,-23000,0,0,0,0,0,0,-10000,1000,11000,-10000,0,0,0,-33000
056169,鴻海元富97購08  ,0,0,0,0,0,0,0,0,0,-33000,0,0,0,28000,61000,-33000,-33000
056365,欣興元大98購01  ,0,0,0,0,0,0,0,0,0,-33000,0,0,0,16000,49000,-33000,-33000
056317,華通群益99購02  ,0,0,0,0,0,0,0,0,0,-33000,0,0,0,0,33000,-33000,-33000
05700P,臻鼎凱基96售02  ,0,0,0,0,0,0,0,0,0,-33000,0,0,0,0,33000,-33000,-33000
054689,華新科永豐97購01,0,0,0,0,0,0,0,0,0,-34000,0,0,0,156000,190000,-34000,-34000
054742,京鼎凱基99購01  ,0,0,0,0,0,0,0,0,0,-34000,0,0,0,1000,35000,-34000,-34000
055190,華新科元富97購01,0,0,0,0,0,0,0,0,0,-34000,0,0,0,23000,57000,-34000,-34000
00640L,富邦日本正2     ,0,1000,-1000,0,0,0,0,0,0,-33000,0,0,0,304000,337000,-33000,-34000
045685,康控元大95購01  ,0,0,0,0,0,0,0,0,0,-34000,0,0,0,110000,144000,-34000,-34000
04691P,智邦群益94售02  ,0,0,0,0,0,0,0,0,0,-34000,0,0,0,39000,73000,-34000,-34000
050013,淘帝國泰95購01  ,0,0,0,0,0,0,0,0,0,-34000,0,0,0,0,34000,-34000,-34000
05014P,臺股指元大95售05,0,0,0,0,0,0,0,0,0,-34000,0,0,0,0,34000,-34000,-34000
05049P,矽創永豐95售01  ,0,0,0,0,0,0,0,0,0,-34000,0,0,0,28000,62000,-34000,-34000
049157,矽創元大95購01  ,0,0,0,0,0,0,0,0,0,-34000,0,0,0,0,34000,-34000,-34000
048892,台郡元富97購01  ,0,0,0,0,0,0,0,0,0,-34000,0,0,0,10000,44000,-34000,-34000
052899,和大國票97購01  ,0,80000,-80000,0,0,0,0,0,0,46000,0,0,0,88000,42000,46000,-34000
052055,緯穎凱基95購03  ,0,0,0,0,0,0,0,0,0,-34000,0,0,0,86000,120000,-34000,-34000
056375,玉晶光統一01購01,0,0,0,0,0,0,0,0,0,-34000,0,0,0,0,34000,-34000,-34000
056401,國巨群益98購07  ,0,0,0,0,0,0,0,0,0,-34000,0,0,0,0,34000,-34000,-34000
056107,智易永豐97購02  ,0,0,0,0,0,0,0,0,0,-34000,0,0,0,30000,64000,-34000,-34000
06334P,臺股指群益9C售03,0,0,0,0,0,0,0,0,0,-34000,0,0,0,17000,51000,-34000,-34000
05952P,台積電國票97售06,0,0,0,0,0,0,0,0,0,-34000,0,0,0,29000,63000,-34000,-34000
2707,晶華            ,20000,50000,-30000,0,0,0,0,3000,-3000,-1000,0,0,0,0,1000,-1000,-34000
1532,勤美            ,5000,37000,-32000,0,0,0,0,0,0,-2000,0,2000,-2000,0,0,0,-34000
2838,聯邦銀          ,736000,758262,-22262,0,0,0,0,0,0,-12000,8000,20000,-12000,0,0,0,-34262
054797,臻鼎群益97購01  ,0,0,0,0,0,0,0,0,0,-35000,0,0,0,0,35000,-35000,-35000
054893,帆宣統一99購01  ,0,0,0,0,0,0,0,0,0,-35000,0,0,0,34000,69000,-35000,-35000
055567,訊芯凱基98購02  ,0,0,0,0,0,0,0,0,0,-35000,0,0,0,45000,80000,-35000,-35000
055678,上銀凱基97購02  ,0,0,0,0,0,0,0,0,0,-35000,0,0,0,0,35000,-35000,-35000
055955,微星元大97購01  ,0,0,0,0,0,0,0,0,0,-35000,0,0,0,36000,71000,-35000,-35000
054226,燿華元富96購02  ,0,0,0,0,0,0,0,0,0,-35000,0,0,0,10000,45000,-35000,-35000
053956,旺宏永豐96購04  ,0,0,0,0,0,0,0,0,0,-35000,0,0,0,22000,57000,-35000,-35000
053876,可成永昌98購01  ,0,0,0,0,0,0,0,0,0,-35000,0,0,0,201000,236000,-35000,-35000
045632,正崴凱基93購01  ,0,0,0,0,0,0,0,0,0,-35000,0,0,0,0,35000,-35000,-35000
04274P,滬深2X凱基94售01,0,0,0,0,0,0,0,0,0,-35000,0,0,0,10000,45000,-35000,-35000
03427P,聯電元大02售11  ,0,0,0,0,0,0,0,0,0,-35000,0,0,0,45000,80000,-35000,-35000
043970,為升富邦94購01  ,0,0,0,0,0,0,0,0,0,-35000,0,0,0,0,35000,-35000,-35000
048367,華邦電統一93購01,0,0,0,0,0,0,0,0,0,-35000,0,0,0,0,35000,-35000,-35000
050182,淘帝元大94購01  ,0,0,0,0,0,0,0,0,0,-35000,0,0,0,0,35000,-35000,-35000
050207,百和群益95購01  ,0,0,0,0,0,0,0,0,0,-35000,0,0,0,0,35000,-35000,-35000
050033,日月光元大94購01,0,0,0,0,0,0,0,0,0,-35000,0,0,0,0,35000,-35000,-35000
050123,群臺反凱基96購01,0,0,0,0,0,0,0,0,0,-35000,0,0,0,80000,115000,-35000,-35000
048460,盛群凱基94購01  ,0,0,0,0,0,0,0,0,0,-35000,0,0,0,40000,75000,-35000,-35000
05205P,緯穎元大95售03  ,0,0,0,0,0,0,0,0,0,-35000,0,0,0,40000,75000,-35000,-35000
051664,鴻海元大96購07  ,0,0,0,0,0,0,0,0,0,-35000,0,0,0,0,35000,-35000,-35000
051544,T50反1康和98購01,0,0,0,0,0,0,0,0,0,-35000,0,0,0,0,35000,-35000,-35000
051497,中磊亞東96購01  ,0,0,0,0,0,0,0,0,0,-35000,0,0,0,0,35000,-35000,-35000
051518,富邦金凱基95購01,0,0,0,0,0,0,0,0,0,-35000,0,0,0,1000,36000,-35000,-35000
05108P,欣興中信95售02  ,0,0,0,0,0,0,0,0,0,-35000,0,0,0,0,35000,-35000,-35000
051261,鴻海永昌96購05  ,0,0,0,0,0,0,0,0,0,-35000,0,0,0,162000,197000,-35000,-35000
052888,台表科中信9A購01,0,0,0,0,0,0,0,0,0,-35000,0,0,0,90000,125000,-35000,-35000
052893,聯電群益98購01  ,0,0,0,0,0,0,0,0,0,-35000,0,0,0,37000,72000,-35000,-35000
053070,訊芯群益96購01  ,0,0,0,0,0,0,0,0,0,-35000,0,0,0,66000,101000,-35000,-35000
053306,晶技凱基97購01  ,0,0,0,0,0,0,0,0,0,-35000,0,0,0,0,35000,-35000,-35000
053391,嘉聯益元大99購01,0,0,0,0,0,0,0,0,0,-35000,0,0,0,33000,68000,-35000,-35000
052421,元油反國票9B購01,0,0,0,0,0,0,0,0,0,-35000,0,0,0,0,35000,-35000,-35000
06078P,臺股指凱基9A售01,0,0,0,0,0,0,0,0,0,-35000,0,0,0,41000,76000,-35000,-35000
06030P,友達兆豐96售02  ,0,0,0,0,0,0,0,0,0,-35000,0,0,0,6000,41000,-35000,-35000
06369P,台積電凱基97售16,0,0,0,0,0,0,0,0,0,-35000,0,0,0,0,35000,-35000,-35000
06228P,亞德客凱基97售04,0,0,0,0,0,0,0,0,0,-35000,0,0,0,1000,36000,-35000,-35000
056095,臻鼎元富9A購01  ,0,0,0,0,0,0,0,0,0,-35000,0,0,0,0,35000,-35000,-35000
056030,華通日盛97購01  ,0,0,0,0,0,0,0,0,0,-35000,0,0,0,0,35000,-35000,-35000
056221,鴻海凱基99購01  ,0,0,0,0,0,0,0,0,0,-35000,0,0,0,0,35000,-35000,-35000
056231,嘉聯益凱基97購02,0,0,0,0,0,0,0,0,0,-35000,0,0,0,1000,36000,-35000,-35000
053872,臻鼎元大96購04  ,0,0,0,0,0,0,0,0,0,-36000,0,0,0,0,36000,-36000,-36000
054236,貿聯群益96購01  ,0,0,0,0,0,0,0,0,0,-36000,0,0,0,22000,58000,-36000,-36000
054154,智易國泰97購01  ,0,0,0,0,0,0,0,0,0,-36000,0,0,0,4000,40000,-36000,-36000
05456P,鴻海凱基95售19  ,0,0,0,0,0,0,0,0,0,-36000,0,0,0,0,36000,-36000,-36000
055759,技嘉群益98購02  ,0,0,0,0,0,0,0,0,0,-36000,0,0,0,0,36000,-36000,-36000
054922,文曄凱基98購01  ,0,0,0,0,0,0,0,0,0,-36000,0,0,0,0,36000,-36000,-36000
055274,華泰元大97購02  ,0,0,0,0,0,0,0,0,0,-36000,0,0,0,20000,56000,-36000,-36000
05526P,茂林群益96售03  ,0,0,0,0,0,0,0,0,0,-36000,0,0,0,22000,58000,-36000,-36000
055013,訊連元富97購01  ,0,0,0,0,0,0,0,0,0,-36000,0,0,0,135000,171000,-36000,-36000
04179P,滬深2X國票93售03,0,0,0,0,0,0,0,0,0,-36000,0,0,0,0,36000,-36000,-36000
04544P,欣興富邦96售02  ,0,0,0,0,0,0,0,0,0,-36000,0,0,0,0,36000,-36000,-36000
048668,奇力新永豐93購04,0,0,0,0,0,0,0,0,0,-36000,0,0,0,119000,155000,-36000,-36000
049066,元石油凱基97購01,0,0,0,0,0,0,0,0,0,-36000,0,0,0,0,36000,-36000,-36000
048836,牧德凱基94購03  ,0,0,0,0,0,0,0,0,0,-36000,0,0,0,54000,90000,-36000,-36000
046003,欣興統一92購02  ,0,0,0,0,0,0,0,0,0,-36000,0,0,0,0,36000,-36000,-36000
049924,欣興元大95購04  ,0,0,0,0,0,0,0,0,0,-36000,0,0,0,14000,50000,-36000,-36000
05012P,台積電元大95售07,0,0,0,0,0,0,0,0,0,-36000,0,0,0,2000,38000,-36000,-36000
05026P,貿聯群益95售01  ,0,0,0,0,0,0,0,0,0,-36000,0,0,0,10000,46000,-36000,-36000
050616,潤泰全元大94購01,0,0,0,0,0,0,0,0,0,-36000,0,0,0,0,36000,-36000,-36000
047229,大立光凱基93購18,0,0,0,0,0,0,0,0,0,-36000,0,0,0,0,36000,-36000,-36000
049434,茂林國票95購01  ,0,0,0,0,0,0,0,0,0,-36000,0,0,0,0,36000,-36000,-36000
053189,聯發科統一96購05,0,0,0,0,0,0,0,0,0,-36000,0,0,0,20000,56000,-36000,-36000
051253,緯創元大95購02  ,0,0,0,0,0,0,0,0,0,-36000,0,0,0,20000,56000,-36000,-36000
050959,元金2X永豐95購02,0,0,0,0,0,0,0,0,0,-36000,0,0,0,4000,40000,-36000,-36000
056398,南茂永豐98購01  ,0,0,0,0,0,0,0,0,0,-36000,0,0,0,0,36000,-36000,-36000
2539,櫻花建          ,2000,34000,-32000,0,0,0,0,0,0,-4000,0,4000,-4000,0,0,0,-36000
5264,鎧勝-KY         ,141000,184000,-43000,0,0,0,0,0,0,7000,0,2000,-2000,11000,2000,9000,-36000
055270,上銀元大97購03  ,0,0,0,0,0,0,0,0,0,-37000,0,0,0,88000,125000,-37000,-37000
055381,茂林元大97購02  ,0,0,0,0,0,0,0,0,0,-37000,0,0,0,28000,65000,-37000,-37000
054805,台苯元大9A購01  ,0,0,0,0,0,0,0,0,0,-37000,0,0,0,70000,107000,-37000,-37000
054773,台郡國票98購01  ,0,0,0,0,0,0,0,0,0,-37000,0,0,0,101000,138000,-37000,-37000
055931,冠德群益97購02  ,0,0,0,0,0,0,0,0,0,-37000,0,0,0,6000,43000,-37000,-37000
055643,宏碁元富97購01  ,0,0,0,0,0,0,0,0,0,-37000,0,0,0,0,37000,-37000,-37000
055501,創意元大97購01  ,0,0,0,0,0,0,0,0,0,-37000,0,0,0,23000,60000,-37000,-37000
05435P,鴻海群益95售12  ,0,0,0,0,0,0,0,0,0,-37000,0,0,0,0,37000,-37000,-37000
04907P,超眾國票95售01  ,0,0,0,0,0,0,0,0,0,-37000,0,0,0,0,37000,-37000,-37000
048924,光罩永豐94購01  ,0,0,0,0,0,0,0,0,0,-37000,0,0,0,4000,41000,-37000,-37000
047095,聯詠麥證93購01  ,0,0,0,51000,88000,-37000,0,0,0,-37000,0,0,0,51000,88000,-37000,-37000
045449,嘉聯益國泰94購01,0,0,0,0,0,0,0,0,0,-37000,0,0,0,345000,382000,-37000,-37000
045720,台光電凱基93購07,0,0,0,0,0,0,0,0,0,-37000,0,0,0,0,37000,-37000,-37000
044224,超眾凱基93購01  ,0,0,0,0,0,0,0,0,0,-37000,0,0,0,63000,100000,-37000,-37000
049714,國巨凱基94購02  ,0,0,0,0,0,0,0,0,0,-37000,0,0,0,85000,122000,-37000,-37000
047242,上銀群益93購04  ,0,0,0,0,0,0,0,0,0,-37000,0,0,0,29000,66000,-37000,-37000
047412,鴻海永昌93購05  ,0,0,0,0,0,0,0,0,0,-37000,0,0,0,429000,466000,-37000,-37000
049023,玉晶光群益96購04,0,0,0,0,0,0,0,0,0,-37000,0,0,0,10000,47000,-37000,-37000
055313,南電群益97購01  ,0,0,0,0,0,0,0,0,0,-37000,0,0,0,59000,96000,-37000,-37000
05144P,美律永豐95售02  ,0,0,0,0,0,0,0,0,0,-37000,0,0,0,0,37000,-37000,-37000
052079,康友元富98購01  ,0,0,0,0,0,0,0,0,0,-37000,0,0,0,121000,158000,-37000,-37000
053176,矽力群益96購02  ,0,0,0,0,0,0,0,0,0,-37000,0,0,0,57000,94000,-37000,-37000
3617,碩天            ,12000,48000,-36000,0,0,0,0,0,0,-1000,0,1000,-1000,0,0,0,-37000
1451,年興            ,2000,38000,-36000,0,0,0,0,0,0,-1000,0,1000,-1000,0,0,0,-37000
056150,台光電凱基98購02,0,0,0,0,0,0,0,0,0,-37000,0,0,0,6000,43000,-37000,-37000
054490,臻鼎台新96購02  ,0,0,0,0,0,0,0,0,0,-38000,0,0,0,0,38000,-38000,-38000
054428,禾伸堂富邦98購01,0,0,0,0,0,0,0,0,0,-38000,0,0,0,32000,70000,-38000,-38000
053924,京鼎國票97購01  ,0,0,0,0,0,0,0,0,0,-38000,0,0,0,0,38000,-38000,-38000
055384,緯穎元大98購02  ,0,0,0,0,0,0,0,0,0,-38000,0,0,0,113000,151000,-38000,-38000
055620,樺漢國票98購01  ,0,0,0,0,0,0,0,0,0,-38000,0,0,0,0,38000,-38000,-38000
045714,台積電凱基92購13,0,0,0,0,0,0,0,0,0,-38000,0,0,0,0,38000,-38000,-38000
042558,瑞昱中信94購01  ,0,0,0,0,0,0,0,0,0,-38000,0,0,0,0,38000,-38000,-38000
047030,日月光元大93購02,0,0,0,0,0,0,0,0,0,-38000,0,0,0,1000,39000,-38000,-38000
046193,大立光凱基92購06,0,0,0,0,0,0,0,0,0,-38000,0,0,0,10000,48000,-38000,-38000
04526P,美律凱基94售03  ,0,0,0,0,0,0,0,0,0,-38000,0,0,0,15000,53000,-38000,-38000
050335,正崴國泰96購01  ,0,0,0,0,0,0,0,0,0,-38000,0,0,0,6000,44000,-38000,-38000
050408,臻鼎台新94購02  ,0,0,0,0,0,0,0,0,0,-38000,0,0,0,0,38000,-38000,-38000
047548,友達凱基99購03  ,0,0,0,0,0,0,0,0,0,-38000,0,0,0,5000,43000,-38000,-38000
048279,聯鈞永豐93購01  ,0,0,0,0,0,0,0,0,0,-38000,0,0,0,2000,40000,-38000,-38000
053395,致茂中信96購01  ,0,0,0,0,0,0,0,0,0,-38000,0,0,0,30000,68000,-38000,-38000
05299P,旺宏元大95售04  ,0,0,0,0,0,0,0,0,0,-38000,0,0,0,0,38000,-38000,-38000
052968,燿華群益98購01  ,0,0,0,0,0,0,0,0,0,-38000,0,0,0,54000,92000,-38000,-38000
052180,緯穎元大96購05  ,0,0,0,0,0,0,0,0,0,-38000,0,0,0,244000,282000,-38000,-38000
05259P,臺股指凱基96售12,0,0,0,0,0,0,0,0,0,-38000,0,0,0,4000,42000,-38000,-38000
051946,健策統一98購01  ,0,0,0,0,0,0,0,0,0,-38000,0,0,0,353000,391000,-38000,-38000
051823,矽力元富95購02  ,0,0,0,0,0,0,0,0,0,-38000,0,0,0,1000,39000,-38000,-38000
05120P,聯發科國泰97售01,0,0,0,0,0,0,0,0,0,-38000,0,0,0,100000,138000,-38000,-38000
051322,國泰金國票96購01,0,0,0,0,0,0,0,0,0,-38000,0,0,0,0,38000,-38000,-38000
05140P,台表科國票96售01,0,0,0,0,0,0,0,0,0,-38000,0,0,0,27000,65000,-38000,-38000
056290,正文永豐98購01  ,0,0,0,0,0,0,0,0,0,-38000,0,0,0,0,38000,-38000,-38000
056057,華邦電元大97購05,0,0,0,0,0,0,0,0,0,-38000,0,0,0,6000,44000,-38000,-38000
055975,鴻海統一98購05  ,0,0,0,0,0,0,0,0,0,-38000,0,0,0,10000,48000,-38000,-38000
06129P,玉晶光元富97售06,0,0,0,0,0,0,0,0,0,-38000,0,0,0,49000,87000,-38000,-38000
2832,台產            ,19001,58000,-38999,0,0,0,0,0,0,0,0,0,0,0,0,0,-38999
055563,智易凱基97購02  ,0,0,0,0,0,0,0,0,0,-39000,0,0,0,68000,107000,-39000,-39000
054925,神達凱基97購01  ,0,0,0,0,0,0,0,0,0,-39000,0,0,0,81000,120000,-39000,-39000
055087,瑞昱亞東97購01  ,0,0,0,0,0,0,0,0,0,-39000,0,0,0,0,39000,-39000,-39000
054305,光磊凱基98購01  ,0,0,0,0,0,0,0,0,0,-39000,0,0,0,0,39000,-39000,-39000
054195,亞泥國泰98購01  ,0,0,0,0,0,0,0,0,0,-39000,0,0,0,30000,69000,-39000,-39000
048844,訊芯凱基94購02  ,0,0,0,0,0,0,0,0,0,-39000,0,0,0,30000,69000,-39000,-39000
04876P,台光電中信94售02,0,0,0,0,0,0,0,0,0,-39000,0,0,0,11000,50000,-39000,-39000
046715,美律國泰94購01  ,0,0,0,0,0,0,0,0,0,-39000,0,0,0,0,39000,-39000,-39000
043912,華新科凱基93購01,0,0,0,0,0,0,0,0,0,-39000,0,0,0,41000,80000,-39000,-39000
048371,華固統一93購02  ,0,0,0,0,0,0,0,0,0,-39000,0,0,0,0,39000,-39000,-39000
047778,美利達元大93購01,0,0,0,0,0,0,0,0,0,-39000,0,0,0,0,39000,-39000,-39000
047368,南電群益93購01  ,0,0,0,0,0,0,0,0,0,-39000,0,0,0,0,39000,-39000,-39000
04733P,康控兆豐95售01  ,0,0,0,0,0,0,0,0,0,-39000,0,0,0,20000,59000,-39000,-39000
049488,智邦元大95購01  ,0,0,0,0,0,0,0,0,0,-39000,0,0,0,16000,55000,-39000,-39000
049622,聯詠群益94購02  ,0,0,0,0,0,0,0,0,0,-39000,0,0,0,0,39000,-39000,-39000
048179,臻鼎富邦97購01  ,0,0,0,0,0,0,0,0,0,-39000,0,0,0,51000,90000,-39000,-39000
050789,矽創國泰96購01  ,0,0,0,0,0,0,0,0,0,-39000,0,0,0,20000,59000,-39000,-39000
051854,鴻海麥證95購04  ,0,0,0,1000,40000,-39000,0,0,0,-39000,0,0,0,1000,40000,-39000,-39000
051910,大立光元大97購01,0,0,0,0,0,0,0,0,0,-39000,0,0,0,2000,41000,-39000,-39000
052714,義隆凱基96購02  ,0,0,0,0,0,0,0,0,0,-39000,0,0,0,1000,40000,-39000,-39000
053003,國巨永豐96購02  ,0,0,0,0,0,0,0,0,0,-39000,0,0,0,83000,122000,-39000,-39000
2852,第一保          ,6000,45000,-39000,0,0,0,0,0,0,0,0,0,0,0,0,0,-39000
1457,宜進            ,36000,62000,-26000,0,0,0,0,0,0,-13000,0,13000,-13000,0,0,0,-39000
2023,燁輝            ,78000,108000,-30000,0,0,0,0,0,0,-9000,0,9000,-9000,0,0,0,-39000
4916,事欣科          ,7000,45000,-38000,0,0,0,0,0,0,-1000,0,1000,-1000,0,0,0,-39000
6715,嘉基            ,15000,54000,-39000,0,0,0,0,0,0,0,0,0,0,0,0,0,-39000
6477,安集            ,10000,48000,-38000,0,0,0,0,0,0,-1000,0,1000,-1000,0,0,0,-39000
06265P,美律凱基97售01  ,0,0,0,0,0,0,0,0,0,-39000,0,0,0,0,39000,-39000,-39000
056085,聯發科統一97購01,0,0,0,0,0,0,0,0,0,-39000,0,0,0,174000,213000,-39000,-39000
056078,勤誠元大97購01  ,0,0,0,0,0,0,0,0,0,-39000,0,0,0,10000,49000,-39000,-39000
056477,欣興元大98購02  ,0,0,0,0,0,0,0,0,0,-39000,0,0,0,128000,167000,-39000,-39000
056372,訊芯元大98購04  ,0,0,0,0,0,0,0,0,0,-39000,0,0,0,0,39000,-39000,-39000
1558,伸興            ,3000,24061,-21061,0,0,0,0,0,0,-18000,0,18000,-18000,0,0,0,-39061
6452,康友-KY         ,115275,170000,-54725,0,0,0,0,0,0,15000,0,1000,-1000,20000,4000,16000,-39725
054101,茂林國票97購04  ,0,0,0,0,0,0,0,0,0,-40000,0,0,0,0,40000,-40000,-40000
054270,寶滬深中信98購01,0,0,0,0,0,0,0,0,0,-40000,0,0,0,10000,50000,-40000,-40000
054553,宏達電凱基99購01,0,0,0,0,0,0,0,0,0,-40000,0,0,0,0,40000,-40000,-40000
053481,同欣電元大97購01,0,0,0,0,0,0,0,0,0,-40000,0,0,0,128000,168000,-40000,-40000
053441,旺宏凱基98購01  ,0,0,0,0,0,0,0,0,0,-40000,0,0,0,43000,83000,-40000,-40000
053565,台光電富邦98購01,0,0,0,0,0,0,0,0,0,-40000,0,0,0,70000,110000,-40000,-40000
053556,康控凱基97購02  ,0,0,0,0,0,0,0,0,0,-40000,0,0,0,0,40000,-40000,-40000
053575,聯詠元富96購01  ,0,0,0,0,0,0,0,0,0,-40000,0,0,0,0,40000,-40000,-40000
055074,台虹永豐97購01  ,0,0,0,0,0,0,0,0,0,-40000,0,0,0,0,40000,-40000,-40000
054829,亞光國泰99購01  ,0,0,0,0,0,0,0,0,0,-40000,0,0,0,34000,74000,-40000,-40000
055550,華邦電凱基97購03,0,0,0,0,0,0,0,0,0,-40000,0,0,0,3000,43000,-40000,-40000
055679,華通凱基99購01  ,0,0,0,0,0,0,0,0,0,-40000,0,0,0,0,40000,-40000,-40000
05568P,台積電統一96售03,0,0,0,0,0,0,0,0,0,-40000,0,0,0,0,40000,-40000,-40000
055661,亞德客中信98購01,0,0,0,0,0,0,0,0,0,-40000,0,0,0,42000,82000,-40000,-40000
055953,上銀元大97購09  ,0,0,0,0,0,0,0,0,0,-40000,0,0,0,56000,96000,-40000,-40000
055970,聯茂元大97購04  ,0,0,0,0,0,0,0,0,0,-40000,0,0,0,3000,43000,-40000,-40000
055706,大立光永豐97購03,0,0,0,0,0,0,0,0,0,-40000,0,0,0,0,40000,-40000,-40000
03917P,鴻海凱基94售07  ,0,0,0,0,0,0,0,0,0,-40000,0,0,0,100000,140000,-40000,-40000
045716,智邦凱基92購02  ,0,0,0,0,0,0,0,0,0,-40000,0,0,0,0,40000,-40000,-40000
04463P,可成元富94售03  ,0,0,0,0,0,0,0,0,0,-40000,0,0,0,0,40000,-40000,-40000
045480,滬深2X中信94購01,0,0,0,0,0,0,0,0,0,-40000,0,0,0,310000,350000,-40000,-40000
043144,台肥統一93購01  ,0,0,0,0,0,0,0,0,0,-40000,0,0,0,10000,50000,-40000,-40000
043023,康普元大94購01  ,0,0,0,0,0,0,0,0,0,-40000,0,0,0,0,40000,-40000,-40000
043757,欣興元大93購01  ,0,0,0,0,0,0,0,0,0,-40000,0,0,0,10000,50000,-40000,-40000
045418,上銀凱基92購01  ,0,0,0,0,0,0,0,0,0,-40000,0,0,0,10000,50000,-40000,-40000
04492P,元油2X永豐94售03,0,0,0,0,0,0,0,0,0,-40000,0,0,0,0,40000,-40000,-40000
046758,聯發科凱基93購05,0,0,0,0,0,0,0,0,0,-40000,0,0,0,0,40000,-40000,-40000
046791,台郡統一96購01  ,0,0,0,0,0,0,0,0,0,-40000,0,0,0,28000,68000,-40000,-40000
046436,新光金群益92購02,0,0,0,0,0,0,0,0,0,-40000,0,0,0,20000,60000,-40000,-40000
046487,鴻海永昌92購01  ,0,0,0,0,0,0,0,0,0,-40000,0,0,0,389000,429000,-40000,-40000
046551,聯發科麥證92購02,0,0,0,0,40000,-40000,0,0,0,-40000,0,0,0,0,40000,-40000,-40000
046571,瑞昱國泰93購01  ,0,0,0,0,0,0,0,0,0,-40000,0,0,0,0,40000,-40000,-40000
047131,鴻海凱基94購03  ,0,0,0,0,0,0,0,0,0,-40000,0,0,0,0,40000,-40000,-40000
048155,瑞昱兆豐93購01  ,0,0,0,0,0,0,0,0,0,-40000,0,0,0,20000,60000,-40000,-40000
04809P,台光電群益94售04,0,0,0,0,0,0,0,0,0,-40000,0,0,0,10000,50000,-40000,-40000
04821P,臺股指永豐94售01,0,0,0,0,0,0,0,0,0,-40000,0,0,0,0,40000,-40000,-40000
049133,為升元大94購02  ,0,0,0,0,0,0,0,0,0,-40000,0,0,0,10000,50000,-40000,-40000
049140,台積電元大94購07,0,0,0,0,0,0,0,0,0,-40000,0,0,0,68000,108000,-40000,-40000
047757,達運元富93購01  ,0,0,0,0,0,0,0,0,0,-40000,0,0,0,0,40000,-40000,-40000
050016,緯穎富邦95購01  ,0,0,0,0,0,0,0,0,0,-40000,0,0,0,21000,61000,-40000,-40000
050009,昇陽半永豐94購02,0,0,0,0,0,0,0,0,0,-40000,0,0,0,20000,60000,-40000,-40000
050409,華通永豐94購01  ,0,0,0,0,0,0,0,0,0,-40000,0,0,0,0,40000,-40000,-40000
050531,訊芯元大95購02  ,0,0,0,0,0,0,0,0,0,-40000,0,0,0,0,40000,-40000,-40000
050662,智易元大96購01  ,0,0,0,0,0,0,0,0,0,-40000,0,0,0,0,40000,-40000,-40000
050683,智原元富94購02  ,0,0,0,0,0,0,0,0,0,-40000,0,0,0,0,40000,-40000,-40000
050697,冠德凱基96購01  ,0,0,0,0,0,0,0,0,0,-40000,0,0,0,0,40000,-40000,-40000
050721,台泥國票94購01  ,0,0,0,0,0,0,0,0,0,-40000,0,0,0,58000,98000,-40000,-40000
050255,GIS富邦95購01   ,0,0,0,0,0,0,0,0,0,-40000,0,0,0,0,40000,-40000,-40000
04741P,台積電統一94售10,0,0,0,0,0,0,0,0,0,-40000,0,0,0,0,40000,-40000,-40000
049860,亞德客兆豐94購01,0,0,0,0,0,0,0,0,0,-40000,0,0,0,36000,76000,-40000,-40000
049870,南電兆豐94購01  ,0,0,0,0,0,0,0,0,0,-40000,0,0,0,0,40000,-40000,-40000
047601,上海銀中信93購01,0,0,0,0,0,0,0,0,0,-40000,0,0,0,0,40000,-40000,-40000
049267,瀚宇博元大95購02,0,0,0,0,0,0,0,0,0,-40000,0,0,0,88000,128000,-40000,-40000
049425,喬山兆豐95購01  ,0,0,0,0,0,0,0,0,0,-40000,0,0,0,0,40000,-40000,-40000
048288,T50反1群益93購05,0,0,0,0,0,0,0,0,0,-40000,0,0,0,0,40000,-40000,-40000
049377,聯詠元大94購01  ,0,0,0,0,0,0,0,0,0,-40000,0,0,0,10000,50000,-40000,-40000
048634,華通元大94購01  ,0,0,0,0,0,0,0,0,0,-40000,0,0,0,106000,146000,-40000,-40000
052975,嘉聯益群益96購01,0,0,0,0,0,0,0,0,0,-40000,0,0,0,0,40000,-40000,-40000
053125,宏達電凱基96購01,0,0,0,0,0,0,0,0,0,-40000,0,0,0,0,40000,-40000,-40000
052900,大成鋼國票97購01,0,0,0,0,0,0,0,0,0,-40000,0,0,0,0,40000,-40000,-40000
052706,台虹國票97購01  ,0,0,0,0,0,0,0,0,0,-40000,0,0,0,0,40000,-40000,-40000
052732,新唐國泰97購01  ,0,0,0,0,0,0,0,0,0,-40000,0,0,0,0,40000,-40000,-40000
052614,聯電國泰97購01  ,0,0,0,0,0,0,0,0,0,-40000,0,0,0,64000,104000,-40000,-40000
052392,台表科群益96購02,0,0,0,0,0,0,0,0,0,-40000,0,0,0,56000,96000,-40000,-40000
052377,景碩元大96購02  ,0,0,0,0,0,0,0,0,0,-40000,0,0,0,11000,51000,-40000,-40000
051900,臻鼎富邦95購01  ,0,0,0,0,0,0,0,0,0,-40000,0,0,0,10000,50000,-40000,-40000
051939,同欣電群益97購01,0,0,0,0,0,0,0,0,0,-40000,0,0,0,96000,136000,-40000,-40000
051974,華新科凱基96購05,0,0,0,0,0,0,0,0,0,-40000,0,0,0,101000,141000,-40000,-40000
05197P,智原永豐95售02  ,0,0,0,0,0,0,0,0,0,-40000,0,0,0,0,40000,-40000,-40000
052169,鴻海元大97購02  ,0,0,0,0,0,0,0,0,0,-40000,0,0,0,40000,80000,-40000,-40000
051552,牧德永豐95購03  ,0,0,0,0,0,0,0,0,0,-40000,0,0,0,30000,70000,-40000,-40000
051572,上銀元大95購01  ,0,0,0,0,0,0,0,0,0,-40000,0,0,0,16000,56000,-40000,-40000
051624,智邦麥證95購02  ,0,0,0,67000,107000,-40000,0,0,0,-40000,0,0,0,67000,107000,-40000,-40000
05097P,聯發科日盛95售01,0,0,0,0,0,0,0,0,0,-40000,0,0,0,0,40000,-40000,-40000
2204,中華            ,13000,54000,-41000,0,0,0,0,0,0,1000,4000,3000,1000,0,0,0,-40000
056342,中工凱基98購01  ,0,0,0,0,0,0,0,0,0,-40000,0,0,0,0,40000,-40000,-40000
05664P,國巨凱基96售09  ,0,0,0,0,0,0,0,0,0,-40000,0,0,0,0,40000,-40000,-40000
056267,文曄統一97購02  ,0,0,0,0,0,0,0,0,0,-40000,0,0,0,0,40000,-40000,-40000
056234,GIS麥證97購01   ,0,0,0,0,40000,-40000,0,0,0,-40000,0,0,0,0,40000,-40000,-40000
056157,聯詠凱基97購03  ,0,0,0,0,0,0,0,0,0,-40000,0,0,0,0,40000,-40000,-40000
056138,群創元大9B購01  ,0,0,0,0,0,0,0,0,0,-40000,0,0,0,95000,135000,-40000,-40000
06042P,華新科永豐96售04,0,0,0,0,0,0,0,0,0,-40000,0,0,0,0,40000,-40000,-40000
06096P,全新永豐97售02  ,0,0,0,0,0,0,0,0,0,-40000,0,0,0,0,40000,-40000,-40000
05889P,群創元大98售02  ,0,0,0,0,0,0,0,0,0,-40000,0,0,0,22000,62000,-40000,-40000
055871,群創台新97購02  ,0,0,0,0,0,0,0,0,0,-41000,0,0,0,0,41000,-41000,-41000
055684,京鼎凱基97購01  ,0,0,0,0,0,0,0,0,0,-41000,0,0,0,4000,45000,-41000,-41000
054717,亞德客永豐97購01,0,0,0,0,0,0,0,0,0,-41000,0,0,0,144000,185000,-41000,-41000
053552,華新科凱基96購08,0,0,0,0,0,0,0,0,0,-41000,0,0,0,22000,63000,-41000,-41000
053532,台積電永豐96購03,0,0,0,0,0,0,0,0,0,-41000,0,0,0,216000,257000,-41000,-41000
053669,台積電統一96購08,0,0,0,0,0,0,0,0,0,-41000,0,0,0,73000,114000,-41000,-41000
054577,世芯元大98購01  ,0,0,0,0,0,0,0,0,0,-41000,0,0,0,0,41000,-41000,-41000
054383,傳奇群益97購01  ,0,0,0,0,0,0,0,0,0,-41000,0,0,0,13000,54000,-41000,-41000
054401,康普永豐96購01  ,0,0,0,0,0,0,0,0,0,-41000,0,0,0,29000,70000,-41000,-41000
04604P,華新科國票95售01,0,0,0,0,0,0,0,0,0,-41000,0,0,0,69000,110000,-41000,-41000
047015,上銀元大93購03  ,0,0,0,0,0,0,0,0,0,-41000,0,0,0,0,41000,-41000,-41000
046999,康控富邦99購01  ,0,0,0,0,0,0,0,0,0,-41000,0,0,0,16000,57000,-41000,-41000
03890P,聯詠國泰94售02  ,0,0,0,0,0,0,0,0,0,-41000,0,0,0,0,41000,-41000,-41000
047614,台郡群益93購02  ,0,0,0,0,0,0,0,0,0,-41000,0,0,0,39000,80000,-41000,-41000
048369,友達統一93購06  ,0,0,0,0,0,0,0,0,0,-41000,0,0,0,40000,81000,-41000,-41000
047249,欣興群益93購03  ,0,0,0,0,0,0,0,0,0,-41000,0,0,0,0,41000,-41000,-41000
047219,美律麥證94購01  ,0,0,0,50000,382000,-332000,0,0,0,-41000,0,0,0,341000,382000,-41000,-41000
049537,元石油群益97購01,0,0,0,0,0,0,0,0,0,-41000,0,0,0,0,41000,-41000,-41000
049528,台積電中信94購01,0,0,0,0,0,0,0,0,0,-41000,0,0,0,116000,157000,-41000,-41000
049463,華新科富邦97購01,0,0,0,0,0,0,0,0,0,-41000,0,0,0,12000,53000,-41000,-41000
055339,緯穎兆豐98購01  ,0,0,0,0,0,0,0,0,0,-41000,0,0,0,10000,51000,-41000,-41000
050446,鴻海元大94購22  ,0,0,0,0,0,0,0,0,0,-41000,0,0,0,143000,184000,-41000,-41000
048261,鴻海元富95購01  ,0,0,0,0,0,0,0,0,0,-41000,0,0,0,5000,46000,-41000,-41000
051415,晶技國票96購01  ,0,0,0,0,0,0,0,0,0,-41000,0,0,0,20000,61000,-41000,-41000
051934,緯穎國票96購01  ,0,0,0,0,0,0,0,0,0,-41000,0,0,0,1000,42000,-41000,-41000
051873,緯穎凱基95購02  ,0,0,0,0,0,0,0,0,0,-41000,0,0,0,87000,128000,-41000,-41000
052367,聯茂國票96購02  ,0,0,0,0,0,0,0,0,0,-41000,0,0,0,179000,220000,-41000,-41000
052393,康友群益95購05  ,0,0,0,0,0,0,0,0,0,-41000,0,0,0,11000,52000,-41000,-41000
052509,鴻海凱基96購10  ,0,0,0,0,0,0,0,0,0,-41000,0,0,0,2000,43000,-41000,-41000
052619,茂林國泰99購01  ,0,0,0,0,0,0,0,0,0,-41000,0,0,0,0,41000,-41000,-41000
053012,國巨統一96購03  ,0,0,0,0,0,0,0,0,0,-41000,0,0,0,870000,911000,-41000,-41000
053292,美律中信98購01  ,0,0,0,0,0,0,0,0,0,-41000,0,0,0,67000,108000,-41000,-41000
053271,喬山元大97購01  ,0,0,0,0,0,0,0,0,0,-41000,0,0,0,29000,70000,-41000,-41000
06170P,禾伸堂元富97售02,0,0,0,0,0,0,0,0,0,-41000,0,0,0,0,41000,-41000,-41000
056206,泰鼎永豐97購01  ,0,0,0,0,0,0,0,0,0,-41000,0,0,0,5000,46000,-41000,-41000
056042,京鼎凱基97購02  ,0,0,0,0,0,0,0,0,0,-41000,0,0,0,0,41000,-41000,-41000
056363,華新科元大99購04,0,0,0,0,0,0,0,0,0,-41000,0,0,0,0,41000,-41000,-41000
2453,凌群            ,42000,82000,-40000,0,0,0,0,0,0,-1000,0,1000,-1000,0,0,0,-41000
2731,雄獅            ,34000,74000,-40000,0,0,0,0,0,0,-1000,0,1000,-1000,0,0,0,-41000
9942,茂順            ,3000,41000,-38000,0,0,0,0,0,0,-3000,0,3000,-3000,0,0,0,-41000
054380,世芯群益97購02  ,0,0,0,0,0,0,0,0,0,-42000,0,0,0,17000,59000,-42000,-42000
054516,國巨元大97購02  ,0,0,0,0,0,0,0,0,0,-42000,0,0,0,10000,52000,-42000,-42000
054447,國泰金兆豐96購01,0,0,0,0,0,0,0,0,0,-42000,0,0,0,138000,180000,-42000,-42000
054602,聯詠台新97購01  ,0,0,0,0,0,0,0,0,0,-42000,0,0,0,0,42000,-42000,-42000
054164,強茂凱基98購01  ,0,0,0,0,0,0,0,0,0,-42000,0,0,0,10000,52000,-42000,-42000
053635,技嘉永豐96購01  ,0,0,0,0,0,0,0,0,0,-42000,0,0,0,42000,84000,-42000,-42000
055151,台積電元大98購05,0,0,0,0,0,0,0,0,0,-42000,0,0,0,314000,356000,-42000,-42000
055365,華通元大97購03  ,0,0,0,0,0,0,0,0,0,-42000,0,0,0,19000,61000,-42000,-42000
05583P,訊芯凱基96售01  ,0,0,0,0,0,0,0,0,0,-42000,0,0,0,373000,415000,-42000,-42000
00662,富邦NASDAQ      ,0,0,0,0,0,0,0,0,0,-42000,0,0,0,100000,142000,-42000,-42000
00668,國泰美國道瓊    ,0,18000,-18000,0,0,0,0,0,0,-24000,0,0,0,0,24000,-24000,-42000
04598P,光罩凱基94售03  ,0,0,0,0,0,0,0,0,0,-42000,0,0,0,10000,52000,-42000,-42000
046123,嘉澤元大92購02  ,0,0,0,0,0,0,0,0,0,-42000,0,0,0,0,42000,-42000,-42000
048493,微星元大93購04  ,0,0,0,0,0,0,0,0,0,-42000,0,0,0,0,42000,-42000,-42000
050722,聯電國票96購01  ,0,0,0,0,0,0,0,0,0,-42000,0,0,0,40000,82000,-42000,-42000
049115,創意統一94購03  ,0,0,0,0,0,0,0,0,0,-42000,0,0,0,0,42000,-42000,-42000
053155,晶技元大97購02  ,0,0,0,0,0,0,0,0,0,-42000,0,0,0,20000,62000,-42000,-42000
052713,智邦凱基96購01  ,0,0,0,0,0,0,0,0,0,-42000,0,0,0,0,42000,-42000,-42000
052682,上銀元大97購01  ,0,0,0,0,0,0,0,0,0,-42000,0,0,0,10000,52000,-42000,-42000
2348,海悅            ,2000,34000,-32000,0,0,0,0,0,0,-10000,0,10000,-10000,0,0,0,-42000
05711P,茂林國票97售03  ,0,0,0,0,0,0,0,0,0,-42000,0,0,0,0,42000,-42000,-42000
05765P,臺股指永豐96售01,0,0,0,0,0,0,0,0,0,-42000,0,0,0,0,42000,-42000,-42000
06388P,鴻海兆豐97售04  ,0,0,0,0,0,0,0,0,0,-42000,0,0,0,0,42000,-42000,-42000
055882,嘉聯益元富97購01,0,0,0,0,0,0,0,0,0,-43000,0,0,0,0,43000,-43000,-43000
055149,國巨元大97購06  ,0,0,0,0,0,0,0,0,0,-43000,0,0,0,65000,108000,-43000,-43000
054801,康友群益97購02  ,0,0,0,0,0,0,0,0,0,-43000,0,0,0,10000,53000,-43000,-43000
054924,景碩凱基98購01  ,0,0,0,0,0,0,0,0,0,-43000,0,0,0,15000,58000,-43000,-43000
053908,貿聯凱基98購01  ,0,0,0,0,0,0,0,0,0,-43000,0,0,0,122000,165000,-43000,-43000
05429P,鴻海統一95售16  ,0,0,0,0,0,0,0,0,0,-43000,0,0,0,5000,48000,-43000,-43000
045960,聯發科凱基92購01,0,0,0,0,0,0,0,0,0,-43000,0,0,0,15000,58000,-43000,-43000
044884,嘉澤群益93購01  ,0,0,0,0,0,0,0,0,0,-43000,0,0,0,40000,83000,-43000,-43000
045312,矽創元大93購02  ,0,0,0,0,0,0,0,0,0,-43000,0,0,0,0,43000,-43000,-43000
045213,A50正2元大95購01,0,0,0,0,0,0,0,0,0,-43000,0,0,0,0,43000,-43000,-43000
03833P,台光電群益93售01,0,0,0,0,0,0,0,0,0,-43000,0,0,0,0,43000,-43000,-43000
046588,大立光元大93購13,0,0,0,0,0,0,0,0,0,-43000,0,0,0,0,43000,-43000,-43000
046642,南電永豐93購01  ,0,0,0,0,0,0,0,0,0,-43000,0,0,0,10000,53000,-43000,-43000
049861,正崴兆豐94購01  ,0,0,0,0,0,0,0,0,0,-43000,0,0,0,100000,143000,-43000,-43000
049206,大立光群益94購04,0,0,0,0,0,0,0,0,0,-43000,0,0,0,0,43000,-43000,-43000
049149,華新科元大95購03,0,0,0,0,0,0,0,0,0,-43000,0,0,0,26000,69000,-43000,-43000
050688,大立光日盛94購03,0,0,0,0,0,0,0,0,0,-43000,0,0,0,0,43000,-43000,-43000
050558,台積電統一94購14,0,0,0,0,0,0,0,0,0,-43000,0,0,0,60000,103000,-43000,-43000
050359,T50反1元大94購05,0,0,0,0,0,0,0,0,0,-43000,0,0,0,0,43000,-43000,-43000
048211,大立光日盛93購01,0,0,0,0,0,0,0,0,0,-43000,0,0,0,1000,44000,-43000,-43000
048557,瑞昱元大94購01  ,0,0,0,0,0,0,0,0,0,-43000,0,0,0,17000,60000,-43000,-43000
048558,漢唐元大93購06  ,0,0,0,0,0,0,0,0,0,-43000,0,0,0,23000,66000,-43000,-43000
052807,貿聯元大98購01  ,0,0,0,0,0,0,0,0,0,-43000,0,0,0,162000,205000,-43000,-43000
053407,台積電兆豐96購02,0,0,0,0,0,0,0,0,0,-43000,0,0,0,53000,96000,-43000,-43000
053066,欣興群益96購02  ,0,0,0,0,0,0,0,0,0,-43000,0,0,0,1000,44000,-43000,-43000
052955,國巨日盛96購01  ,0,0,0,0,0,0,0,0,0,-43000,0,0,0,42000,85000,-43000,-43000
051365,瀚宇博國泰97購01,0,0,0,0,0,0,0,0,0,-43000,0,0,0,14000,57000,-43000,-43000
1304,台聚            ,115000,157000,-42000,0,0,0,0,0,0,-1000,6000,7000,-1000,0,0,0,-43000
056130,新日興麥證97購01,0,0,0,108000,151000,-43000,0,0,0,-43000,0,0,0,108000,151000,-43000,-43000
2107,厚生            ,9000,51000,-42000,0,0,0,0,0,0,-1000,0,1000,-1000,0,0,0,-43000
3704,合勤控          ,796000,851000,-55000,0,0,0,0,0,0,12000,3000,3000,0,32000,20000,12000,-43000
054320,國喬台新96購01  ,0,0,0,0,0,0,0,0,0,-44000,0,0,0,0,44000,-44000,-44000
054414,全新元大97購02  ,0,0,0,0,0,0,0,0,0,-44000,0,0,0,6000,50000,-44000,-44000
05393P,鴻海統一95售14  ,0,0,0,0,0,0,0,0,0,-44000,0,0,0,41000,85000,-44000,-44000
053819,大立光群益96購04,0,0,0,0,0,0,0,0,0,-44000,0,0,0,0,44000,-44000,-44000
055704,亞德客永豐97購04,0,0,0,0,0,0,0,0,0,-44000,0,0,0,22000,66000,-44000,-44000
055644,致茂元富97購01  ,0,0,0,0,0,0,0,0,0,-44000,0,0,0,16000,60000,-44000,-44000
055552,瑞昱凱基97購02  ,0,0,0,0,0,0,0,0,0,-44000,0,0,0,7000,51000,-44000,-44000
055473,禾伸堂凱基97購01,0,0,0,0,0,0,0,0,0,-44000,0,0,0,2000,46000,-44000,-44000
045254,台積電凱基92購05,0,0,0,0,0,0,0,0,0,-44000,0,0,0,0,44000,-44000,-44000
044735,光磊國泰93購01  ,0,0,0,0,0,0,0,0,0,-44000,0,0,0,0,44000,-44000,-44000
047930,嘉澤凱基93購03  ,0,0,0,0,0,0,0,0,0,-44000,0,0,0,21000,65000,-44000,-44000
048258,國泰金統一93購01,0,0,0,0,0,0,0,0,0,-44000,0,0,0,16000,60000,-44000,-44000
051345,鴻海元大95購09  ,0,0,0,0,0,0,0,0,0,-44000,0,0,0,0,44000,-44000,-44000
051813,GIS凱基96購02   ,0,0,0,0,0,0,0,0,0,-44000,0,0,0,0,44000,-44000,-44000
051914,健策元大96購06  ,0,0,0,0,0,0,0,0,0,-44000,0,0,0,29000,73000,-44000,-44000
051623,和碩凱基96購02  ,0,0,0,0,0,0,0,0,0,-44000,0,0,0,0,44000,-44000,-44000
052923,台積電永豐96購02,0,0,0,0,0,0,0,0,0,-44000,0,0,0,407000,451000,-44000,-44000
2351,順德            ,33000,62000,-29000,0,0,0,0,0,0,-15000,0,12000,-12000,0,3000,-3000,-44000
8131,福懋科          ,32000,71000,-39000,0,0,0,0,0,0,-5000,0,2000,-2000,0,3000,-3000,-44000
056026,智易群益97購01  ,0,0,0,0,0,0,0,0,0,-44000,0,0,0,0,44000,-44000,-44000
1315,達新            ,65000,110000,-45000,0,0,0,0,0,0,1000,2000,1000,1000,0,0,0,-44000
055536,嘉聯益群益99購02,0,0,0,0,0,0,0,0,0,-45000,0,0,0,38000,83000,-45000,-45000
055641,鴻海元富97購04  ,0,0,0,0,0,0,0,0,0,-45000,0,0,0,33000,78000,-45000,-45000
055957,瑞昱元大97購06  ,0,0,0,0,0,0,0,0,0,-45000,0,0,0,0,45000,-45000,-45000
053839,華通統一96購01  ,0,0,0,0,0,0,0,0,0,-45000,0,0,0,73000,118000,-45000,-45000
054439,健策台新96購03  ,0,0,0,0,0,0,0,0,0,-45000,0,0,0,0,45000,-45000,-45000
054670,康友元富97購01  ,0,0,0,0,0,0,0,0,0,-45000,0,0,0,0,45000,-45000,-45000
054617,超眾永豐97購01  ,0,0,0,0,0,0,0,0,0,-45000,0,0,0,60000,105000,-45000,-45000
054310,牧德凱基98購01  ,0,0,0,0,0,0,0,0,0,-45000,0,0,0,20000,65000,-45000,-45000
054289,聯發科元大97購11,0,0,0,0,0,0,0,0,0,-45000,0,0,0,15000,60000,-45000,-45000
044820,臻鼎兆豐93購02  ,0,0,0,0,0,0,0,0,0,-45000,0,0,0,0,45000,-45000,-45000
04629P,康控元大94售05  ,0,0,0,0,0,0,0,0,0,-45000,0,0,0,0,45000,-45000,-45000
047074,大立光兆豐94購02,0,0,0,0,0,0,0,0,0,-45000,0,0,0,17000,62000,-45000,-45000
04710P,台積電元大94售16,0,0,0,0,0,0,0,0,0,-45000,0,0,0,0,45000,-45000,-45000
044514,亞光凱基93購02  ,0,0,0,0,0,0,0,0,0,-45000,0,0,0,5000,50000,-45000,-45000
044340,TPK統一93購01   ,0,0,0,0,0,0,0,0,0,-45000,0,0,0,0,45000,-45000,-45000
03047X,元展44          ,0,0,0,0,0,0,0,0,0,-45000,0,0,0,0,45000,-45000,-45000
048177,臺指反富邦99購01,0,0,0,0,0,0,0,0,0,-45000,0,0,0,20000,65000,-45000,-45000
049957,智邦統一94購01  ,0,0,0,0,0,0,0,0,0,-45000,0,0,0,100000,145000,-45000,-45000
055298,啟碁元大97購02  ,0,0,0,0,0,0,0,0,0,-45000,0,0,0,116000,161000,-45000,-45000
048345,緯創元大94購01  ,0,0,0,0,0,0,0,0,0,-45000,0,0,0,17000,62000,-45000,-45000
049284,瑞昱中信94購02  ,0,0,0,0,0,0,0,0,0,-45000,0,0,0,10000,55000,-45000,-45000
052646,淘帝永豐96購01  ,0,0,0,0,0,0,0,0,0,-45000,0,0,0,0,45000,-45000,-45000
052467,嘉聯益統一96購01,0,0,0,0,0,0,0,0,0,-45000,0,0,0,62000,107000,-45000,-45000
052299,T50反1台新05購03,0,0,0,0,0,0,0,0,0,-45000,0,0,0,55000,100000,-45000,-45000
052163,康舒永豐95購02  ,0,0,0,0,0,0,0,0,0,-45000,0,0,0,20000,65000,-45000,-45000
051226,英業達群益95購01,0,0,0,0,0,0,0,0,0,-45000,0,0,0,0,45000,-45000,-45000
06300P,緯穎元大97售04  ,0,0,0,0,0,0,0,0,0,-45000,0,0,0,32000,77000,-45000,-45000
05616P,台光電永豐96售01,0,0,0,0,0,0,0,0,0,-45000,0,0,0,10000,55000,-45000,-45000
05793P,臺股指中信99售08,0,0,0,0,0,0,0,0,0,-45000,0,0,0,0,45000,-45000,-45000
056387,智伸科國泰99購01,0,0,0,0,0,0,0,0,0,-45000,0,0,0,0,45000,-45000,-45000
056346,聯茂凱基99購02  ,0,0,0,0,0,0,0,0,0,-45000,0,0,0,54000,99000,-45000,-45000
5234,達興材料        ,14000,56000,-42000,0,0,0,0,0,0,-3000,0,1000,-1000,0,2000,-2000,-45000
3029,零壹            ,112001,149000,-36999,0,0,0,0,0,0,-9000,0,9000,-9000,0,0,0,-45999
053810,台達電群益96購01,0,0,0,0,0,0,0,0,0,-46000,0,0,0,42000,88000,-46000,-46000
053661,嘉澤凱基97購01  ,0,0,0,0,0,0,0,0,0,-46000,0,0,0,0,46000,-46000,-46000
055433,嘉聯益群益99購01,0,0,0,0,0,0,0,0,0,-46000,0,0,0,6000,52000,-46000,-46000
04103P,臺股指國票93售10,0,0,0,0,0,0,0,0,0,-46000,0,0,0,5000,51000,-46000,-46000
046694,智邦凱基93購01  ,0,0,0,0,0,0,0,0,0,-46000,0,0,0,0,46000,-46000,-46000
049170,亞德客凱基94購01,0,0,0,0,0,0,0,0,0,-46000,0,0,0,13000,59000,-46000,-46000
049624,嘉澤群益94購01  ,0,0,0,0,0,0,0,0,0,-46000,0,0,0,0,46000,-46000,-46000
050158,上海銀群益96購01,0,0,0,0,0,0,0,0,0,-46000,0,0,0,141000,187000,-46000,-46000
050600,瑞儀國泰95購01  ,0,0,0,0,0,0,0,0,0,-46000,0,0,0,0,46000,-46000,-46000
050120,GIS元大95購02   ,0,0,0,0,0,0,0,0,0,-46000,0,0,0,4000,50000,-46000,-46000
051158,嘉晶富邦96購01  ,0,0,0,0,0,0,0,0,0,-46000,0,0,0,0,46000,-46000,-46000
051433,中磊元富95購01  ,0,0,0,0,0,0,0,0,0,-46000,0,0,0,15000,61000,-46000,-46000
051019,大立光凱基95購08,0,0,0,0,0,0,0,0,0,-46000,0,0,0,0,46000,-46000,-46000
050893,鴻海元大96購03  ,0,0,0,0,0,0,0,0,0,-46000,0,0,0,29000,75000,-46000,-46000
052895,台積電群益96購04,0,0,0,0,0,0,0,0,0,-46000,0,0,0,78000,124000,-46000,-46000
05340P,臺股指國票95售08,0,0,0,0,0,0,0,0,0,-46000,0,0,0,8000,54000,-46000,-46000
053266,全新群益98購01  ,0,0,0,0,0,0,0,0,0,-46000,0,0,0,12000,58000,-46000,-46000
05321P,鴻海凱基95售17  ,0,0,0,0,0,0,0,0,0,-46000,0,0,0,3000,49000,-46000,-46000
3712,永崴投控        ,38000,83000,-45000,0,0,0,0,0,0,-1000,0,1000,-1000,0,0,0,-46000
3622,洋華            ,46000,90000,-44000,0,0,0,0,0,0,-2000,1000,3000,-2000,0,0,0,-46000
05824P,臺股指凱基96售21,0,0,0,0,0,0,0,0,0,-46000,0,0,0,0,46000,-46000,-46000
06174P,國巨元大97售07  ,0,0,0,0,0,0,0,0,0,-46000,0,0,0,214000,260000,-46000,-46000
06186P,鴻海統一97售02  ,0,0,0,0,0,0,0,0,0,-46000,0,0,0,4000,50000,-46000,-46000
05837P,臺股指富邦96售04,0,0,0,0,0,0,0,0,0,-46000,0,0,0,5000,51000,-46000,-46000
055929,聯發科群益97購05,0,0,0,0,0,0,0,0,0,-47000,0,0,0,51000,98000,-47000,-47000
055974,上銀統一97購05  ,0,0,0,0,0,0,0,0,0,-47000,0,0,0,81000,128000,-47000,-47000
055795,茂林國泰98購01  ,0,0,0,0,0,0,0,0,0,-47000,0,0,0,91000,138000,-47000,-47000
055797,華通富邦98購01  ,0,0,0,0,0,0,0,0,0,-47000,0,0,0,5000,52000,-47000,-47000
055080,正崴中信99購01  ,0,0,0,0,0,0,0,0,0,-47000,0,0,0,0,47000,-47000,-47000
053994,微星群益96購01  ,0,0,0,0,0,0,0,0,0,-47000,0,0,0,33000,80000,-47000,-47000
054052,日月光元大96購06,0,0,0,0,0,0,0,0,0,-47000,0,0,0,100000,147000,-47000,-47000
054303,國巨凱基96購15  ,0,0,0,0,0,0,0,0,0,-47000,0,0,0,4000,51000,-47000,-47000
054175,高鐵台新97購01  ,0,0,0,0,0,0,0,0,0,-47000,0,0,0,10000,57000,-47000,-47000
054579,聯茂元大97購01  ,0,0,0,0,0,0,0,0,0,-47000,0,0,0,0,47000,-47000,-47000
054527,國巨統一97購03  ,0,0,0,0,0,0,0,0,0,-47000,0,0,0,39000,86000,-47000,-47000
03543P,台泥中信02售01  ,0,0,0,0,0,0,0,0,0,-47000,0,0,0,190000,237000,-47000,-47000
046370,全新麥證93購01  ,0,0,0,1000,48000,-47000,0,0,0,-47000,0,0,0,1000,48000,-47000,-47000
050483,樺漢國票94購01  ,0,0,0,0,0,0,0,0,0,-47000,0,0,0,0,47000,-47000,-47000
048888,牧德元富94購02  ,0,0,0,0,0,0,0,0,0,-47000,0,0,0,3000,50000,-47000,-47000
053186,健策中信9C購01  ,0,0,0,0,0,0,0,0,0,-47000,0,0,0,0,47000,-47000,-47000
052260,為升富邦97購02  ,0,0,0,0,0,0,0,0,0,-47000,0,0,0,238000,285000,-47000,-47000
050883,嘉聯益國泰96購01,0,0,0,0,0,0,0,0,0,-47000,0,0,0,1000,48000,-47000,-47000
050836,緯穎凱基95購01  ,0,0,0,0,0,0,0,0,0,-47000,0,0,0,26000,73000,-47000,-47000
06172P,台虹永豐97售02  ,0,0,0,0,0,0,0,0,0,-47000,0,0,0,0,47000,-47000,-47000
06113P,台積電群益97售01,0,0,0,0,0,0,0,0,0,-47000,0,0,0,2000,49000,-47000,-47000
055985,聯鈞元富97購01  ,0,0,0,0,0,0,0,0,0,-47000,0,0,0,47000,94000,-47000,-47000
056097,訊芯元富97購02  ,0,0,0,0,0,0,0,0,0,-47000,0,0,0,0,47000,-47000,-47000
2362,藍天            ,56000,104000,-48000,0,0,0,0,0,0,1000,5000,4000,1000,0,0,0,-47000
1707,葡萄王          ,18000,44000,-26000,0,0,0,0,0,0,-21000,0,11000,-11000,0,10000,-10000,-47000
2727,王品            ,49000,96548,-47548,0,0,0,0,0,0,0,0,0,0,0,0,0,-47548
054684,裕隆永豐97購01  ,0,0,0,0,0,0,0,0,0,-48000,0,0,0,68000,116000,-48000,-48000
054166,日電貿凱基98購01,0,0,0,0,0,0,0,0,0,-48000,0,0,0,0,48000,-48000,-48000
053933,大立光統一96購06,0,0,0,0,0,0,0,0,0,-48000,0,0,0,0,48000,-48000,-48000
053467,鴻海元大96購20  ,0,0,0,0,0,0,0,0,0,-48000,0,0,0,281000,329000,-48000,-48000
054705,欣興亞東97購01  ,0,0,0,0,0,0,0,0,0,-48000,0,0,0,0,48000,-48000,-48000
04684P,欣興元大94售07  ,0,0,0,0,0,0,0,0,0,-48000,0,0,0,0,48000,-48000,-48000
04533P,臺股指凱基94售05,0,0,0,0,0,0,0,0,0,-48000,0,0,0,0,48000,-48000,-48000
044855,南電國泰93購01  ,0,0,0,0,0,0,0,0,0,-48000,0,0,0,0,48000,-48000,-48000
044221,群創凱基93購03  ,0,0,0,0,0,0,0,0,0,-48000,0,0,0,12000,60000,-48000,-48000
046628,大立光統一98購01,0,0,0,0,0,0,0,0,0,-48000,0,0,0,55000,103000,-48000,-48000
044639,京元電元富94購01,0,0,0,0,0,0,0,0,0,-48000,0,0,0,49000,97000,-48000,-48000
048334,A50正2元大96購01,0,0,0,0,0,0,0,0,0,-48000,0,0,0,7000,55000,-48000,-48000
049009,南亞科麥證94購01,0,0,0,12000,60000,-48000,0,0,0,-48000,0,0,0,12000,60000,-48000,-48000
049171,台達電凱基94購03,0,0,0,0,0,0,0,0,0,-48000,0,0,0,20000,68000,-48000,-48000
049297,日電貿群益95購01,0,0,0,0,0,0,0,0,0,-48000,0,0,0,12000,60000,-48000,-48000
049724,南電第一94購01  ,0,0,0,0,0,0,0,0,0,-48000,0,0,0,0,48000,-48000,-48000
047689,瑞昱富邦97購01  ,0,0,0,0,0,0,0,0,0,-48000,0,0,0,110000,158000,-48000,-48000
050437,聯詠凱基94購04  ,0,0,0,0,0,0,0,0,0,-48000,0,0,0,152000,200000,-48000,-48000
050628,美律中信94購02  ,0,0,0,0,0,0,0,0,0,-48000,0,0,0,48000,96000,-48000,-48000
050306,聯發科中信97購01,0,0,0,0,0,0,0,0,0,-48000,0,0,0,16000,64000,-48000,-48000
051041,大立光永豐95購01,0,0,0,0,0,0,0,0,0,-48000,0,0,0,20000,68000,-48000,-48000
051833,昇陽半元大96購01,0,0,0,0,0,0,0,0,0,-48000,0,0,0,5000,53000,-48000,-48000
051603,深中小群益99購03,0,0,0,0,0,0,0,0,0,-48000,0,0,0,6000,54000,-48000,-48000
053274,旺宏元大98購03  ,0,0,0,0,0,0,0,0,0,-48000,0,0,0,46000,94000,-48000,-48000
053392,致新元大96購01  ,0,0,0,0,0,0,0,0,0,-48000,0,0,0,95000,143000,-48000,-48000
053356,聯發科統一96購07,0,0,0,0,0,0,0,0,0,-48000,0,0,0,72000,120000,-48000,-48000
2929,淘帝-KY         ,204000,244000,-40000,0,0,0,0,0,0,-8000,3000,1000,2000,1000,11000,-10000,-48000
056307,貿聯元大97購05  ,0,0,0,0,0,0,0,0,0,-48000,0,0,0,4000,52000,-48000,-48000
056416,華新科中信98購01,0,0,0,0,0,0,0,0,0,-48000,0,0,0,0,48000,-48000,-48000
05946P,和碩中信96售01  ,0,0,0,0,0,0,0,0,0,-48000,0,0,0,0,48000,-48000,-48000
05984P,台積電統一98售01,0,0,0,0,0,0,0,0,0,-48000,0,0,0,2000,50000,-48000,-48000
1338,廣華-KY         ,18000,66000,-48000,0,0,0,0,0,0,0,1000,1000,0,0,0,0,-48000
1442,名軒            ,47000,94000,-47000,0,0,0,0,0,0,-1000,0,1000,-1000,0,0,0,-48000
06473P,鴻海元大99售03  ,0,0,0,0,0,0,0,0,0,-48000,0,0,0,75000,123000,-48000,-48000
055831,台達電元大97購01,0,0,0,0,0,0,0,0,0,-49000,0,0,0,116000,165000,-49000,-49000
05580P,美律凱基96售03  ,0,0,0,0,0,0,0,0,0,-49000,0,0,0,0,49000,-49000,-49000
055601,茂林元大97購03  ,0,0,0,0,0,0,0,0,0,-49000,0,0,0,3000,52000,-49000,-49000
053703,緯穎兆豐96購01  ,0,0,0,0,0,0,0,0,0,-49000,0,0,0,15000,64000,-49000,-49000
048699,嘉晶國票95購01  ,0,0,0,0,0,0,0,0,0,-49000,0,0,0,0,49000,-49000,-49000
050332,鴻海國泰96購05  ,0,0,0,0,0,0,0,0,0,-49000,0,0,0,39000,88000,-49000,-49000
047803,卜蜂凱基93購03  ,0,0,0,0,0,0,0,0,0,-49000,0,0,0,0,49000,-49000,-49000
048123,大立光元大93購27,0,0,0,0,0,0,0,0,0,-49000,0,0,0,0,49000,-49000,-49000
048548,緯穎永豐93購02  ,0,0,0,0,0,0,0,0,0,-49000,0,0,0,20000,69000,-49000,-49000
049479,矽格永豐94購01  ,0,0,0,0,0,0,0,0,0,-49000,0,0,0,0,49000,-49000,-49000
049519,新光金國票95購03,0,0,0,0,0,0,0,0,0,-49000,0,0,0,11000,60000,-49000,-49000
053026,奇力新富邦98購01,0,0,0,0,0,0,0,0,0,-49000,0,0,0,2000,51000,-49000,-49000
053028,康控富邦98購01  ,0,0,0,0,0,0,0,0,0,-49000,0,0,0,171000,220000,-49000,-49000
052803,冠德元大96購01  ,0,0,0,0,0,0,0,0,0,-49000,0,0,0,0,49000,-49000,-49000
051553,牧德永豐96購02  ,0,0,0,0,0,0,0,0,0,-49000,0,0,0,43000,92000,-49000,-49000
06045P,臺股指永豐96售03,0,0,0,0,0,0,0,0,0,-49000,0,0,0,6000,55000,-49000,-49000
06055P,華通凱基97售04  ,0,0,0,0,0,0,0,0,0,-49000,0,0,0,20000,69000,-49000,-49000
3010,華立            ,4000,52000,-48000,0,0,0,0,0,0,-1000,0,1000,-1000,0,0,0,-49000
054038,T50反1元大98購04,0,0,0,0,0,0,0,0,0,-50000,0,0,0,10000,60000,-50000,-50000
05444P,大立光元大95售10,0,0,0,0,0,0,0,0,0,-50000,0,0,0,0,50000,-50000,-50000
054467,隆達凱基97購01  ,0,0,0,0,0,0,0,0,0,-50000,0,0,0,0,50000,-50000,-50000
055596,新光金元大9B購02,0,0,0,0,0,0,0,0,0,-50000,0,0,0,0,50000,-50000,-50000
055591,全新元大98購01  ,0,0,0,0,0,0,0,0,0,-50000,0,0,0,0,50000,-50000,-50000
055956,瑞昱元大97購05  ,0,0,0,0,0,0,0,0,0,-50000,0,0,0,12000,62000,-50000,-50000
055847,大立光元大97購10,0,0,0,0,0,0,0,0,0,-50000,0,0,0,0,50000,-50000,-50000
054777,昇陽半國票98購01,0,0,0,0,0,0,0,0,0,-50000,0,0,0,10000,60000,-50000,-50000
055072,康友永豐97購02  ,0,0,0,0,0,0,0,0,0,-50000,0,0,0,10000,60000,-50000,-50000
048980,嘉澤元大94購02  ,0,0,0,0,0,0,0,0,0,-50000,0,0,0,29000,79000,-50000,-50000
048786,瑞昱元大94購02  ,0,0,0,0,0,0,0,0,0,-50000,0,0,0,0,50000,-50000,-50000
048756,志超元富96購02  ,0,0,0,0,0,0,0,0,0,-50000,0,0,0,0,50000,-50000,-50000
04489P,大立光凱基94售03,0,0,0,0,0,0,0,0,0,-50000,0,0,0,0,50000,-50000,-50000
046954,同欣電國票93購01,0,0,0,0,0,0,0,0,0,-50000,0,0,0,0,50000,-50000,-50000
046189,聯發科凱基92購02,0,0,0,0,0,0,0,0,0,-50000,0,0,0,0,50000,-50000,-50000
04633P,旺宏群益96售04  ,0,0,0,0,0,0,0,0,0,-50000,0,0,0,0,50000,-50000,-50000
046290,儒鴻統一93購01  ,0,0,0,0,0,0,0,0,0,-50000,0,0,0,0,50000,-50000,-50000
046378,聯發科凱基92購04,0,0,0,0,0,0,0,0,0,-50000,0,0,0,0,50000,-50000,-50000
044770,漢唐元大93購02  ,0,0,0,0,0,0,0,0,0,-50000,0,0,0,0,50000,-50000,-50000
045760,鴻海統一93購02  ,0,0,0,0,0,0,0,0,0,-50000,0,0,0,0,50000,-50000,-50000
04718P,亞德客凱基94售03,0,0,0,0,0,0,0,0,0,-50000,0,0,0,0,50000,-50000,-50000
044536,深中小群益92購01,0,0,0,0,0,0,0,0,0,-50000,0,0,0,0,50000,-50000,-50000
04571P,華新科國泰95售03,0,0,0,0,0,0,0,0,0,-50000,0,0,0,0,50000,-50000,-50000
04435P,台積電中信95售07,0,0,0,0,0,0,0,0,0,-50000,0,0,0,0,50000,-50000,-50000
041991,元油2X國票98購01,0,0,0,0,0,0,0,0,0,-50000,0,0,0,173000,223000,-50000,-50000
03458P,玉晶光凱基03售08,0,0,0,0,0,0,0,0,0,-50000,0,0,0,0,50000,-50000,-50000
03722P,華通元大93售04  ,0,0,0,0,0,0,0,0,0,-50000,0,0,0,0,50000,-50000,-50000
03641C,臺股指凱基95牛18,0,0,0,0,0,0,0,0,0,-50000,0,0,0,10000,60000,-50000,-50000
04045P,鴻海元大93售19  ,0,0,0,0,0,0,0,0,0,-50000,0,0,0,0,50000,-50000,-50000
049508,上銀凱基94購04  ,0,0,0,0,0,0,0,0,0,-50000,0,0,0,50000,100000,-50000,-50000
049494,華新科元大95購05,0,0,0,0,0,0,0,0,0,-50000,0,0,0,23000,73000,-50000,-50000
04964P,鴻海元大94售26  ,0,0,0,0,0,0,0,0,0,-50000,0,0,0,6000,56000,-50000,-50000
049814,超眾元大95購04  ,0,0,0,0,0,0,0,0,0,-50000,0,0,0,0,50000,-50000,-50000
047209,滬深2X富邦96購01,0,0,0,0,0,0,0,0,0,-50000,0,0,0,0,50000,-50000,-50000
047263,揚明光國票94購01,0,0,0,0,0,0,0,0,0,-50000,0,0,0,0,50000,-50000,-50000
047663,亞德客永豐93購03,0,0,0,0,0,0,0,0,0,-50000,0,0,0,15000,65000,-50000,-50000
049296,義隆群益96購01  ,0,0,0,0,0,0,0,0,0,-50000,0,0,0,0,50000,-50000,-50000
049281,嘉聯益國票95購01,0,0,0,0,0,0,0,0,0,-50000,0,0,0,0,50000,-50000,-50000
049167,元油2X凱基97購03,0,0,0,0,0,0,0,0,0,-50000,0,0,0,0,50000,-50000,-50000
049305,元油2X凱基95購06,0,0,0,0,0,0,0,0,0,-50000,0,0,0,0,50000,-50000,-50000
048331,臺指反富邦97購01,0,0,0,0,0,0,0,0,0,-50000,0,0,0,0,50000,-50000,-50000
048508,元上證凱基94購02,0,0,0,0,0,0,0,0,0,-50000,0,0,0,0,50000,-50000,-50000
048070,聯發科元富99購03,0,0,0,0,0,0,0,0,0,-50000,0,0,0,1000,51000,-50000,-50000
048125,和鑫元大96購01  ,0,0,0,0,0,0,0,0,0,-50000,0,0,0,0,50000,-50000,-50000
047923,聯發科凱基94購02,0,0,0,0,0,0,0,0,0,-50000,0,0,0,0,50000,-50000,-50000
049965,矽創元富94購01  ,0,0,0,0,0,0,0,0,0,-50000,0,0,0,10000,60000,-50000,-50000
050023,國巨元大94購12  ,0,0,0,0,0,0,0,0,0,-50000,0,0,0,24000,74000,-50000,-50000
050365,中石化元大94購02,0,0,0,0,0,0,0,0,0,-50000,0,0,0,0,50000,-50000,-50000
05534P,元油反元大96售06,0,0,0,0,0,0,0,0,0,-50000,0,0,0,0,50000,-50000,-50000
050398,上証2X中信97購01,0,0,0,0,0,0,0,0,0,-50000,0,0,0,0,50000,-50000,-50000
050317,和鑫國票95購02  ,0,0,0,0,0,0,0,0,0,-50000,0,0,0,42000,92000,-50000,-50000
050175,台光電元大94購08,0,0,0,0,0,0,0,0,0,-50000,0,0,0,10000,60000,-50000,-50000
050582,傳奇國票94購01  ,0,0,0,0,0,0,0,0,0,-50000,0,0,0,0,50000,-50000,-50000
050676,道瓊銀統一96購02,0,0,0,0,0,0,0,0,0,-50000,0,0,0,0,50000,-50000,-50000
050659,宏達電元大96購01,0,0,0,0,0,0,0,0,0,-50000,0,0,0,0,50000,-50000,-50000
050699,京鼎凱基96購01  ,0,0,0,0,0,0,0,0,0,-50000,0,0,0,1000,51000,-50000,-50000
050429,漢唐凱基94購04  ,0,0,0,0,0,0,0,0,0,-50000,0,0,0,0,50000,-50000,-50000
050474,鴻海永豐94購05  ,0,0,0,0,0,0,0,0,0,-50000,0,0,0,18000,68000,-50000,-50000
05157P,全新台新96售01  ,0,0,0,0,0,0,0,0,0,-50000,0,0,0,0,50000,-50000,-50000
05149P,緯穎國泰96售01  ,0,0,0,0,0,0,0,0,0,-50000,0,0,0,0,50000,-50000,-50000
051834,南電元大96購02  ,0,0,0,0,0,0,0,0,0,-50000,0,0,0,1000,51000,-50000,-50000
051936,力山群益95購02  ,0,0,0,0,0,0,0,0,0,-50000,0,0,0,0,50000,-50000,-50000
051987,廣達元大95購01  ,0,0,0,0,0,0,0,0,0,-50000,0,0,0,63000,113000,-50000,-50000
052106,明泰兆豐95購01  ,0,0,0,0,0,0,0,0,0,-50000,0,0,0,0,50000,-50000,-50000
051009,緯創麥證95購01  ,0,0,0,30000,80000,-50000,0,0,0,-50000,0,0,0,30000,80000,-50000,-50000
050874,康控永豐95購01  ,0,0,0,0,0,0,0,0,0,-50000,0,0,0,0,50000,-50000,-50000
051203,微星麥證95購01  ,0,0,0,3000,53000,-50000,0,0,0,-50000,0,0,0,3000,53000,-50000,-50000
052554,正崴國票97購01  ,0,0,0,0,0,0,0,0,0,-50000,0,0,0,0,50000,-50000,-50000
05256P,義隆凱基95售02  ,0,0,0,0,0,0,0,0,0,-50000,0,0,0,0,50000,-50000,-50000
052556,聯發科國票97購01,0,0,0,0,0,0,0,0,0,-50000,0,0,0,0,50000,-50000,-50000
052365,聯詠國票95購02  ,0,0,0,0,0,0,0,0,0,-50000,0,0,0,0,50000,-50000,-50000
053075,欣興永豐96購01  ,0,0,0,0,0,0,0,0,0,-50000,0,0,0,20000,70000,-50000,-50000
052924,旺宏永豐96購01  ,0,0,0,0,0,0,0,0,0,-50000,0,0,0,0,50000,-50000,-50000
053369,T50反1元大96購06,0,0,0,0,0,0,0,0,0,-50000,0,0,0,50000,100000,-50000,-50000
053345,欣興國票97購02  ,0,0,0,0,0,0,0,0,0,-50000,0,0,0,220000,270000,-50000,-50000
05329P,臺股指凱基95售13,0,0,0,0,0,0,0,0,0,-50000,0,0,0,0,50000,-50000,-50000
053208,鴻海凱基96購13  ,0,0,0,0,0,0,0,0,0,-50000,0,0,0,0,50000,-50000,-50000
4106,雃博            ,5000,53000,-48000,0,0,0,0,0,0,-2000,0,2000,-2000,0,0,0,-50000
1808,潤隆            ,72000,121000,-49000,0,0,0,0,0,0,-1000,0,1000,-1000,0,0,0,-50000
1731,美吾華          ,0,50000,-50000,0,0,0,0,0,0,0,0,0,0,0,0,0,-50000
9934,成霖            ,4000,53000,-49000,0,0,0,0,0,0,-1000,0,1000,-1000,0,0,0,-50000
05965P,健策凱基96售05  ,0,0,0,0,0,0,0,0,0,-50000,0,0,0,0,50000,-50000,-50000
05884P,旺宏統一96售01  ,0,0,0,0,0,0,0,0,0,-50000,0,0,0,27000,77000,-50000,-50000
08966P,臺指反元大04售07,0,0,0,0,0,0,0,0,0,-50000,0,0,0,0,50000,-50000,-50000
06321P,台積電統一98售03,0,0,0,0,0,0,0,0,0,-50000,0,0,0,0,50000,-50000,-50000
06337P,祥碩元大97售05  ,0,0,0,0,0,0,0,0,0,-50000,0,0,0,0,50000,-50000,-50000
056392,玉晶光富邦9C購01,0,0,0,0,0,0,0,0,0,-50000,0,0,0,0,50000,-50000,-50000
056359,旺宏元大9A購01  ,0,0,0,0,0,0,0,0,0,-50000,0,0,0,34000,84000,-50000,-50000
05733P,臺股指統一96售03,0,0,0,0,0,0,0,0,0,-50000,0,0,0,0,50000,-50000,-50000
056044,同欣電凱基97購03,0,0,0,0,0,0,0,0,0,-50000,0,0,0,0,50000,-50000,-50000
056175,可成元富97購03  ,0,0,0,0,0,0,0,0,0,-50000,0,0,0,0,50000,-50000,-50000
056210,矽創永豐97購02  ,0,0,0,0,0,0,0,0,0,-50000,0,0,0,0,50000,-50000,-50000
054803,味全元大9A購01  ,0,0,0,0,0,0,0,0,0,-51000,0,0,0,0,51000,-51000,-51000
054865,可成群益97購01  ,0,0,0,0,0,0,0,0,0,-51000,0,0,0,32000,83000,-51000,-51000
055873,聚陽元富97購01  ,0,0,0,0,0,0,0,0,0,-51000,0,0,0,6000,57000,-51000,-51000
055702,美律富邦98購01  ,0,0,0,0,0,0,0,0,0,-51000,0,0,0,0,51000,-51000,-51000
05461P,台積電亞東97售01,0,0,0,0,0,0,0,0,0,-51000,0,0,0,0,51000,-51000,-51000
054051,貿聯元大97購03  ,0,0,0,0,0,0,0,0,0,-51000,0,0,0,2000,53000,-51000,-51000
05402P,台郡永豐95售02  ,0,0,0,0,0,0,0,0,0,-51000,0,0,0,6000,57000,-51000,-51000
053761,健策國泰98購01  ,0,0,0,0,0,0,0,0,0,-51000,0,0,0,72000,123000,-51000,-51000
053853,康控國泰97購02  ,0,0,0,0,0,0,0,0,0,-51000,0,0,0,24000,75000,-51000,-51000
04021P,寶滬深元富93售01,0,0,0,0,0,0,0,0,0,-51000,0,0,0,2000,53000,-51000,-51000
042904,金寶元大94購02  ,0,0,0,0,0,0,0,0,0,-51000,0,0,0,10000,61000,-51000,-51000
045967,日電貿凱基92購01,0,0,0,0,0,0,0,0,0,-51000,0,0,0,0,51000,-51000,-51000
048978,晶相光元大94購02,0,0,0,0,0,0,0,0,0,-51000,0,0,0,21000,72000,-51000,-51000
050238,瑞昱凱基94購05  ,0,0,0,0,0,0,0,0,0,-51000,0,0,0,20000,71000,-51000,-51000
047845,美利達元大93購02,0,0,0,0,0,0,0,0,0,-51000,0,0,0,0,51000,-51000,-51000
048639,漢唐元大93購07  ,0,0,0,0,0,0,0,0,0,-51000,0,0,0,67000,118000,-51000,-51000
047617,瑞昱凱基93購07  ,0,0,0,0,0,0,0,0,0,-51000,0,0,0,0,51000,-51000,-51000
052898,樺漢群益96購01  ,0,0,0,0,0,0,0,0,0,-51000,0,0,0,10000,61000,-51000,-51000
05289P,鴻海永豐95售05  ,0,0,0,0,0,0,0,0,0,-51000,0,0,0,413000,464000,-51000,-51000
051242,台積電元大96購06,0,0,0,0,0,0,0,0,0,-51000,0,0,0,304000,355000,-51000,-51000
05116P,台積電群益95售03,0,0,0,0,0,0,0,0,0,-51000,0,0,0,0,51000,-51000,-51000
051427,聯發科統一95購04,0,0,0,0,0,0,0,0,0,-51000,0,0,0,59000,110000,-51000,-51000
050958,日月光台新95購01,0,0,0,0,0,0,0,0,0,-51000,0,0,0,0,51000,-51000,-51000
052053,泰鼎凱基96購01  ,0,0,0,0,0,0,0,0,0,-51000,0,0,0,178000,229000,-51000,-51000
05165P,欣興元富95售03  ,0,0,0,0,0,0,0,0,0,-51000,0,0,0,1000,52000,-51000,-51000
05708P,奇力新國票97售04,0,0,0,0,0,0,0,0,0,-51000,0,0,0,0,51000,-51000,-51000
1321,大洋            ,19000,69000,-50000,0,0,0,0,0,0,-1000,0,1000,-1000,0,0,0,-51000
06461P,玉晶光國泰9A售01,0,0,0,0,0,0,0,0,0,-51000,0,0,0,0,51000,-51000,-51000
6533,晶心科          ,243000,310000,-67000,0,0,0,0,0,0,16000,16000,0,16000,0,0,0,-51000
4763,材料-KY         ,13000,37000,-24000,0,0,0,0,0,0,-27000,6000,31000,-25000,0,2000,-2000,-51000
3583,辛耘            ,31000,81000,-50000,0,0,0,0,0,0,-1000,0,1000,-1000,0,0,0,-51000
054167,揚明光凱基98購01,0,0,0,0,0,0,0,0,0,-52000,0,0,0,0,52000,-52000,-52000
055606,矽創元大97購01  ,0,0,0,0,0,0,0,0,0,-52000,0,0,0,0,52000,-52000,-52000
055633,牧德永豐97購02  ,0,0,0,0,0,0,0,0,0,-52000,0,0,0,53000,105000,-52000,-52000
055385,昇陽半元大98購01,0,0,0,0,0,0,0,0,0,-52000,0,0,0,10000,62000,-52000,-52000
054824,同欣電元大97購04,0,0,0,0,0,0,0,0,0,-52000,0,0,0,6000,58000,-52000,-52000
055044,信錦永豐97購01  ,0,0,0,0,0,0,0,0,0,-52000,0,0,0,0,52000,-52000,-52000
055276,台積電元大97購20,0,0,0,0,0,0,0,0,0,-52000,0,0,0,144000,196000,-52000,-52000
055373,聯詠元大97購03  ,0,0,0,0,0,0,0,0,0,-52000,0,0,0,0,52000,-52000,-52000
055180,文曄統一97購01  ,0,0,0,0,0,0,0,0,0,-52000,0,0,0,0,52000,-52000,-52000
04867P,美律統一94售03  ,0,0,0,0,0,0,0,0,0,-52000,0,0,0,46000,98000,-52000,-52000
049777,華新科統一94購06,0,0,0,0,0,0,0,0,0,-52000,0,0,0,0,52000,-52000,-52000
049681,旺宏統一94購04  ,0,0,0,0,0,0,0,0,0,-52000,0,0,0,92000,144000,-52000,-52000
050733,寶成國票94購01  ,0,0,0,0,0,0,0,0,0,-52000,0,0,0,0,52000,-52000,-52000
053132,國巨國票97購02  ,0,0,0,0,0,0,0,0,0,-52000,0,0,0,408000,460000,-52000,-52000
053031,華新科第一96購01,0,0,0,0,0,0,0,0,0,-52000,0,0,0,0,52000,-52000,-52000
1730,花仙子          ,104000,155000,-51000,0,0,0,0,0,0,-1000,0,1000,-1000,0,0,0,-52000
1720,生達            ,38000,90000,-52000,0,0,0,0,0,0,0,0,0,0,0,0,0,-52000
2337,旺宏            ,18652000,19358000,-706000,0,0,0,314000,0,314000,340000,984000,927000,57000,897000,614000,283000,-52000
2231,為升            ,88000,100000,-12000,0,0,0,29000,0,29000,-69000,0,67000,-67000,7000,9000,-2000,-52000
5305,敦南            ,43000,94000,-51000,0,0,0,0,0,0,-1000,0,1000,-1000,0,0,0,-52000
05895P,奇力新群益96售03,0,0,0,0,0,0,0,0,0,-52000,0,0,0,20000,72000,-52000,-52000
05857P,旺宏中信98售02  ,0,0,0,0,0,0,0,0,0,-52000,0,0,0,19000,71000,-52000,-52000
056339,聯發科凱基99購02,0,0,0,0,0,0,0,0,0,-52000,0,0,0,2000,54000,-52000,-52000
053657,元大金凱基96購01,0,0,0,0,0,0,0,0,0,-53000,0,0,0,15000,68000,-53000,-53000
048977,晶相光元大94購01,0,0,0,0,0,0,0,0,0,-53000,0,0,0,1000,54000,-53000,-53000
048839,牧德凱基95購01  ,0,0,0,0,0,0,0,0,0,-53000,0,0,0,0,53000,-53000,-53000
044364,超眾中信94購01  ,0,0,0,0,0,0,0,0,0,-53000,0,0,0,7000,60000,-53000,-53000
03314P,台積電元大02售16,0,0,0,0,0,0,0,0,0,-53000,0,0,0,757000,810000,-53000,-53000
04863P,技嘉元大94售02  ,0,0,0,0,0,0,0,0,0,-53000,0,0,0,0,53000,-53000,-53000
048026,瑞昱凱基94購01  ,0,0,0,0,0,0,0,0,0,-53000,0,0,0,38000,91000,-53000,-53000
053099,正崴元富96購01  ,0,0,0,0,0,0,0,0,0,-53000,0,0,0,0,53000,-53000,-53000
052851,滬深2X元富96購02,0,0,0,0,0,0,0,0,0,-53000,0,0,0,28000,81000,-53000,-53000
052990,超眾元大97購01  ,0,0,0,0,0,0,0,0,0,-53000,0,0,0,170000,223000,-53000,-53000
052641,聯詠台新96購01  ,0,0,0,0,0,0,0,0,0,-53000,0,0,0,45000,98000,-53000,-53000
05087P,GIS國泰96售01   ,0,0,0,0,0,0,0,0,0,-53000,0,0,0,10000,63000,-53000,-53000
056433,鴻海凱基98購09  ,0,0,0,0,0,0,0,0,0,-53000,0,0,0,20000,73000,-53000,-53000
06013P,世芯國泰97售03  ,0,0,0,0,0,0,0,0,0,-53000,0,0,0,30000,83000,-53000,-53000
06204P,鴻海群益97售04  ,0,0,0,0,0,0,0,0,0,-53000,0,0,0,6000,59000,-53000,-53000
3030,德律            ,38000,91000,-53000,0,0,0,0,0,0,0,3000,3000,0,0,0,0,-53000
2748,雲品            ,9000,6000,3000,0,0,0,0,55000,-55000,-1000,0,1000,-1000,0,0,0,-53000
054142,致伸元大97購01  ,0,0,0,0,0,0,0,0,0,-54000,0,0,0,11000,65000,-54000,-54000
054656,深中小元大97購01,0,0,0,0,0,0,0,0,0,-54000,0,0,0,0,54000,-54000,-54000
054658,道瓊銀元大9A購01,0,0,0,0,0,0,0,0,0,-54000,0,0,0,0,54000,-54000,-54000
054443,樺漢台新96購02  ,0,0,0,0,0,0,0,0,0,-54000,0,0,0,118000,172000,-54000,-54000
055164,矽創元大98購01  ,0,0,0,0,0,0,0,0,0,-54000,0,0,0,0,54000,-54000,-54000
054880,華泰統一97購01  ,0,0,0,0,0,0,0,0,0,-54000,0,0,0,0,54000,-54000,-54000
046753,台積電凱基93購04,0,0,0,0,0,0,0,0,0,-54000,0,0,0,5000,59000,-54000,-54000
044848,華邦電統一94購01,0,0,0,0,0,0,0,0,0,-54000,0,0,0,0,54000,-54000,-54000
049998,奇力新永豐94購03,0,0,0,0,0,0,0,0,0,-54000,0,0,0,45000,99000,-54000,-54000
050101,台積電永昌96購03,0,0,0,0,0,0,0,0,0,-54000,0,0,0,496000,550000,-54000,-54000
050391,大立光統一94購07,0,0,0,0,0,0,0,0,0,-54000,0,0,0,25000,79000,-54000,-54000
049395,元油2X群益94購03,0,0,0,0,0,0,0,0,0,-54000,0,0,0,0,54000,-54000,-54000
050955,達方群益97購01  ,0,0,0,0,0,0,0,0,0,-54000,0,0,0,0,54000,-54000,-54000
051123,和鑫群益95購01  ,0,0,0,0,0,0,0,0,0,-54000,0,0,0,80000,134000,-54000,-54000
052400,聯詠凱基97購01  ,0,0,0,0,0,0,0,0,0,-54000,0,0,0,69000,123000,-54000,-54000
052943,奇力新國票96購02,0,0,0,0,0,0,0,0,0,-54000,0,0,0,107000,161000,-54000,-54000
053158,茂林元大96購01  ,0,0,0,0,0,0,0,0,0,-54000,0,0,0,7000,61000,-54000,-54000
4942,嘉彰            ,45000,104000,-59000,0,0,0,0,0,0,5000,6000,1000,5000,0,0,0,-54000
6491,晶碩            ,6000,42000,-36000,0,0,0,0,17000,-17000,-1000,0,1000,-1000,0,0,0,-54000
056412,上証2X中信9A購02,0,0,0,0,0,0,0,0,0,-54000,0,0,0,0,54000,-54000,-54000
05746P,台積電群益96售07,0,0,0,0,0,0,0,0,0,-54000,0,0,0,100000,154000,-54000,-54000
056156,禾伸堂凱基98購04,0,0,0,0,0,0,0,0,0,-54000,0,0,0,10000,64000,-54000,-54000
054958,亞光元大97購03  ,0,0,0,0,0,0,0,0,0,-55000,0,0,0,35000,90000,-55000,-55000
054981,國巨元富97購02  ,0,0,0,0,0,0,0,0,0,-55000,0,0,0,23000,78000,-55000,-55000
05477P,華新科群益95售06,0,0,0,0,0,0,0,0,0,-55000,0,0,0,0,55000,-55000,-55000
055711,上銀元大97購04  ,0,0,0,0,0,0,0,0,0,-55000,0,0,0,58000,113000,-55000,-55000
045665,聯電元富92購01  ,0,0,0,0,0,0,0,0,0,-55000,0,0,0,0,55000,-55000,-55000
04915P,鴻海永昌96售02  ,0,0,0,0,0,0,0,0,0,-55000,0,0,0,215000,270000,-55000,-55000
048167,旺宏永豐93購04  ,0,0,0,0,0,0,0,0,0,-55000,0,0,0,10000,65000,-55000,-55000
048240,嘉聯益國票94購03,0,0,0,0,0,0,0,0,0,-55000,0,0,0,30000,85000,-55000,-55000
053094,聯電統一97購02  ,0,0,0,0,0,0,0,0,0,-55000,0,0,0,40000,95000,-55000,-55000
050890,南電富邦99購01  ,0,0,0,0,0,0,0,0,0,-55000,0,0,0,0,55000,-55000,-55000
051430,瑞昱元富95購02  ,0,0,0,0,0,0,0,0,0,-55000,0,0,0,0,55000,-55000,-55000
055612,台光電國票97購04,0,0,0,0,0,0,0,0,0,-56000,0,0,0,68000,124000,-56000,-56000
055681,奇鋐凱基98購03  ,0,0,0,0,0,0,0,0,0,-56000,0,0,0,150000,206000,-56000,-56000
054800,訊芯群益99購01  ,0,0,0,0,0,0,0,0,0,-56000,0,0,0,47000,103000,-56000,-56000
054906,神達康和97購01  ,0,0,0,0,0,0,0,0,0,-56000,0,0,0,0,56000,-56000,-56000
054642,訊芯中信9A購01  ,0,0,0,0,0,0,0,0,0,-56000,0,0,0,15000,71000,-56000,-56000
053601,台表科元大98購01,0,0,0,0,0,0,0,0,0,-56000,0,0,0,6000,62000,-56000,-56000
03481P,欣興群益02售08  ,0,0,0,0,0,0,0,0,0,-56000,0,0,0,2000,58000,-56000,-56000
046242,大立光中信93購02,0,0,0,0,0,0,0,0,0,-56000,0,0,0,0,56000,-56000,-56000
049074,光罩凱基94購02  ,0,0,0,0,0,0,0,0,0,-56000,0,0,0,91000,147000,-56000,-56000
047940,台光電國票93購01,0,0,0,0,0,0,0,0,0,-56000,0,0,0,4000,60000,-56000,-56000
050212,瀚宇博國票95購02,0,0,0,0,0,0,0,0,0,-56000,0,0,0,10000,66000,-56000,-56000
050574,微星國票94購01  ,0,0,0,0,0,0,0,0,0,-56000,0,0,0,170000,226000,-56000,-56000
048430,瑞昱國票93購02  ,0,0,0,0,0,0,0,0,0,-56000,0,0,0,1000,57000,-56000,-56000
047612,瑞昱群益93購03  ,0,0,0,0,0,0,0,0,0,-56000,0,0,0,0,56000,-56000,-56000
049312,亞光凱基94購02  ,0,0,0,0,0,0,0,0,0,-56000,0,0,0,80000,136000,-56000,-56000
051000,台郡元大96購01  ,0,0,0,0,0,0,0,0,0,-56000,0,0,0,56000,112000,-56000,-56000
053289,臺股指元大96購17,0,0,0,0,0,0,0,0,0,-56000,0,0,0,9000,65000,-56000,-56000
05999P,世芯元大96售01  ,0,0,0,0,0,0,0,0,0,-56000,0,0,0,13000,69000,-56000,-56000
054586,健鼎國泰99購01  ,0,0,0,0,0,0,0,0,0,-57000,0,0,0,36000,93000,-57000,-57000
055179,大立光統一97購04,0,0,0,0,0,0,0,0,0,-57000,0,0,0,251000,308000,-57000,-57000
055664,和大群益98購02  ,0,0,0,0,0,0,0,0,0,-57000,0,0,0,247000,304000,-57000,-57000
04164P,滬深2X元富93售03,0,0,0,0,0,0,0,0,0,-57000,0,0,0,22000,79000,-57000,-57000
051541,GIS國票96購02   ,0,0,0,0,0,0,0,0,0,-57000,0,0,0,0,57000,-57000,-57000
051618,智邦凱基95購06  ,0,0,0,0,0,0,0,0,0,-57000,0,0,0,116000,173000,-57000,-57000
051913,緯創元大96購01  ,0,0,0,0,0,0,0,0,0,-57000,0,0,0,19000,76000,-57000,-57000
05615P,臺股指康和96售04,0,0,0,0,0,0,0,0,0,-57000,0,0,0,52000,109000,-57000,-57000
4552,力達-KY         ,7000,64000,-57000,0,0,0,0,0,0,0,0,0,0,0,0,0,-57000
055183,聯鈞統一97購01  ,0,0,0,0,0,0,0,0,0,-58000,0,0,0,66000,124000,-58000,-58000
055120,南港兆豐97購01  ,0,0,0,0,0,0,0,0,0,-58000,0,0,0,42000,100000,-58000,-58000
054934,金寶元大97購01  ,0,0,0,0,0,0,0,0,0,-58000,0,0,0,66000,124000,-58000,-58000
054612,慧洋永豐97購01  ,0,0,0,0,0,0,0,0,0,-58000,0,0,0,58000,116000,-58000,-58000
054396,日電貿永豐96購02,0,0,0,0,0,0,0,0,0,-58000,0,0,0,0,58000,-58000,-58000
054043,漢唐元大97購01  ,0,0,0,0,0,0,0,0,0,-58000,0,0,0,74000,132000,-58000,-58000
04032P,聯茂凱基94售02  ,0,0,0,0,0,0,0,0,0,-58000,0,0,0,0,58000,-58000,-58000
044402,景碩凱基93購01  ,0,0,0,0,0,0,0,0,0,-58000,0,0,0,30000,88000,-58000,-58000
046264,美律凱基93購05  ,0,0,0,0,0,0,0,0,0,-58000,0,0,0,10000,68000,-58000,-58000
046300,嘉聯益富邦94購01,0,0,0,0,0,0,0,0,0,-58000,0,0,0,11000,69000,-58000,-58000
049189,訊芯康和94購01  ,0,0,0,0,0,0,0,0,0,-58000,0,0,0,0,58000,-58000,-58000
04837P,華新科元大94售05,0,0,0,0,0,0,0,0,0,-58000,0,0,0,0,58000,-58000,-58000
050514,聯電元大94購01  ,0,0,0,0,0,0,0,0,0,-58000,0,0,0,0,58000,-58000,-58000
051931,美律國票96購02  ,0,0,0,0,0,0,0,0,0,-58000,0,0,0,0,58000,-58000,-58000
050969,台郡永豐95購01  ,0,0,0,0,0,0,0,0,0,-58000,0,0,0,10000,68000,-58000,-58000
051434,中磊元富95購02  ,0,0,0,0,0,0,0,0,0,-58000,0,0,0,20000,78000,-58000,-58000
053200,華邦電日盛96購01,0,0,0,0,0,0,0,0,0,-58000,0,0,0,50000,108000,-58000,-58000
05313P,臺股指群益95售12,0,0,0,0,0,0,0,0,0,-58000,0,0,0,0,58000,-58000,-58000
052450,嘉澤元大95購03  ,0,0,0,0,0,0,0,0,0,-58000,0,0,0,21000,79000,-58000,-58000
052478,大立光群益95購05,0,0,0,0,0,0,0,0,0,-58000,0,0,0,15000,73000,-58000,-58000
052814,上証2X永豐96購02,0,0,0,0,0,0,0,0,0,-58000,0,0,0,1908000,1966000,-58000,-58000
3016,嘉晶            ,223000,286000,-63000,0,0,0,0,0,0,5000,0,2000,-2000,18000,11000,7000,-58000
1789,神隆            ,54000,105000,-51000,0,0,0,0,0,0,-7000,4000,11000,-7000,0,0,0,-58000
053877,奇力新亞東96購01,0,0,0,0,0,0,0,0,0,-59000,0,0,0,1000,60000,-59000,-59000
046465,GIS凱基95購01   ,0,0,0,0,0,0,0,0,0,-59000,0,0,0,1000,60000,-59000,-59000
044464,滬深2X群益95購01,0,0,0,0,0,0,0,0,0,-59000,0,0,0,21000,80000,-59000,-59000
042028,滬深反凱基93購01,0,0,0,0,0,0,0,0,0,-59000,0,0,0,51000,110000,-59000,-59000
055316,上銀國票98購01  ,0,0,0,0,0,0,0,0,0,-59000,0,0,0,241000,300000,-59000,-59000
048052,力成中信93購01  ,0,0,0,0,0,0,0,0,0,-59000,0,0,0,97000,156000,-59000,-59000
04763P,臺股指凱基96售05,0,0,0,0,0,0,0,0,0,-59000,0,0,0,0,59000,-59000,-59000
047724,智邦群益93購03  ,0,0,0,0,0,0,0,0,0,-59000,0,0,0,0,59000,-59000,-59000
052470,華新科亞東97購01,0,0,0,0,0,0,0,0,0,-59000,0,0,0,1000,60000,-59000,-59000
051032,南電元富95購01  ,0,0,0,0,0,0,0,0,0,-59000,0,0,0,0,59000,-59000,-59000
051802,同欣電永豐95購02,0,0,0,0,0,0,0,0,0,-59000,0,0,0,48000,107000,-59000,-59000
051708,創意群益95購02  ,0,0,0,0,0,0,0,0,0,-59000,0,0,0,0,59000,-59000,-59000
3056,總太            ,160000,130000,30000,0,0,0,0,0,0,-89000,4000,93000,-89000,0,0,0,-59000
2612,中航            ,29000,28000,1000,0,0,0,0,55000,-55000,-5000,0,5000,-5000,0,0,0,-59000
05620P,大立光富邦9B售01,0,0,0,0,0,0,0,0,0,-59000,0,0,0,419000,478000,-59000,-59000
056047,台積電兆豐97購02,0,0,0,0,0,0,0,0,0,-59000,0,0,0,0,59000,-59000,-59000
06355P,聯茂永豐97售02  ,0,0,0,0,0,0,0,0,0,-59000,0,0,0,45000,104000,-59000,-59000
06403P,鴻海元富97售15  ,0,0,0,0,0,0,0,0,0,-59000,0,0,0,10000,69000,-59000,-59000
8404,百和興業-KY     ,172400,233000,-60600,0,0,0,0,0,0,1000,4000,3000,1000,0,0,0,-59600
053493,智邦兆豐97購02  ,0,0,0,0,0,0,0,0,0,-60000,0,0,0,50000,110000,-60000,-60000
054420,緯穎元大96購08  ,0,0,0,0,0,0,0,0,0,-60000,0,0,0,188000,248000,-60000,-60000
054676,牧德台新98購01  ,0,0,0,0,0,0,0,0,0,-60000,0,0,0,25000,85000,-60000,-60000
05420P,大立光國泰97售03,0,0,0,0,0,0,0,0,0,-60000,0,0,0,10000,70000,-60000,-60000
05426P,聯發科凱基95售12,0,0,0,0,0,0,0,0,0,-60000,0,0,0,0,60000,-60000,-60000
05493P,華新科富邦99售02,0,0,0,0,0,0,0,0,0,-60000,0,0,0,80000,140000,-60000,-60000
054852,奇鋐國票98購01  ,0,0,0,0,0,0,0,0,0,-60000,0,0,0,0,60000,-60000,-60000
055225,華邦電國票99購01,0,0,0,0,0,0,0,0,0,-60000,0,0,0,0,60000,-60000,-60000
055210,S&P正2凱基97購01,0,0,0,0,0,0,0,0,0,-60000,0,0,0,0,60000,-60000,-60000
055617,TPK國票98購04   ,0,0,0,0,0,0,0,0,0,-60000,0,0,0,0,60000,-60000,-60000
055497,開發金元大97購01,0,0,0,0,0,0,0,0,0,-60000,0,0,0,0,60000,-60000,-60000
055688,力成凱基98購02  ,0,0,0,0,0,0,0,0,0,-60000,0,0,0,25000,85000,-60000,-60000
042195,元石油元大93購01,0,0,0,0,0,0,0,0,0,-60000,0,0,0,0,60000,-60000,-60000
04354P,華新科永豐94售01,0,0,0,0,0,0,0,0,0,-60000,0,0,0,0,60000,-60000,-60000
03955P,華通統一93售04  ,0,0,0,0,0,0,0,0,0,-60000,0,0,0,0,60000,-60000,-60000
040160,SP黃豆元富95購01,0,0,0,0,0,0,0,0,0,-60000,0,0,0,20000,80000,-60000,-60000
046476,鴻海統一96購01  ,0,0,0,0,0,0,0,0,0,-60000,0,0,0,155000,215000,-60000,-60000
04648P,臺股指凱基94售07,0,0,0,0,0,0,0,0,0,-60000,0,0,0,0,60000,-60000,-60000
044836,宏達電元大93購05,0,0,0,0,0,0,0,0,0,-60000,0,0,0,0,60000,-60000,-60000
046343,和鑫國票93購02  ,0,0,0,0,0,0,0,0,0,-60000,0,0,0,0,60000,-60000,-60000
045820,京元電凱基92購04,0,0,0,0,0,0,0,0,0,-60000,0,0,0,0,60000,-60000,-60000
047102,潤泰全富邦95購01,0,0,0,0,0,0,0,0,0,-60000,0,0,0,0,60000,-60000,-60000
048771,嘉澤凱基94購01  ,0,0,0,0,0,0,0,0,0,-60000,0,0,0,0,60000,-60000,-60000
045293,鴻海元大94購01  ,0,0,0,0,0,0,0,0,0,-60000,0,0,0,7000,67000,-60000,-60000
045230,嘉聯益元大93購01,0,0,0,0,0,0,0,0,0,-60000,0,0,0,0,60000,-60000,-60000
04730P,臺股指中信96售02,0,0,0,0,0,0,0,0,0,-60000,0,0,0,0,60000,-60000,-60000
047374,麗豐國票93購01  ,0,0,0,0,0,0,0,0,0,-60000,0,0,0,0,60000,-60000,-60000
047376,南電國票94購01  ,0,0,0,0,0,0,0,0,0,-60000,0,0,0,0,60000,-60000,-60000
04723P,美律凱基94售06  ,0,0,0,0,0,0,0,0,0,-60000,0,0,0,0,60000,-60000,-60000
049419,欣興凱基94購04  ,0,0,0,0,0,0,0,0,0,-60000,0,0,0,0,60000,-60000,-60000
049420,日電貿凱基94購01,0,0,0,0,0,0,0,0,0,-60000,0,0,0,0,60000,-60000,-60000
047555,欣興凱基93購01  ,0,0,0,0,0,0,0,0,0,-60000,0,0,0,0,60000,-60000,-60000
048879,瀚宇博國票95購01,0,0,0,0,0,0,0,0,0,-60000,0,0,0,0,60000,-60000,-60000
048872,玉晶光國票94購02,0,0,0,0,0,0,0,0,0,-60000,0,0,0,240000,300000,-60000,-60000
048921,劍麟永豐94購01  ,0,0,0,0,0,0,0,0,0,-60000,0,0,0,0,60000,-60000,-60000
050091,喬山永豐94購02  ,0,0,0,0,0,0,0,0,0,-60000,0,0,0,5000,65000,-60000,-60000
049970,康控國票95購03  ,0,0,0,0,0,0,0,0,0,-60000,0,0,0,0,60000,-60000,-60000
049968,麗豐國票95購01  ,0,0,0,0,0,0,0,0,0,-60000,0,0,0,0,60000,-60000,-60000
055311,健策群益98購02  ,0,0,0,0,0,0,0,0,0,-60000,0,0,0,28000,88000,-60000,-60000
05018P,臺股指元大95售09,0,0,0,0,0,0,0,0,0,-60000,0,0,0,0,60000,-60000,-60000
050438,欣興凱基94購09  ,0,0,0,0,0,0,0,0,0,-60000,0,0,0,0,60000,-60000,-60000
050703,矽格凱基94購02  ,0,0,0,0,0,0,0,0,0,-60000,0,0,0,0,60000,-60000,-60000
050723,楠梓電國票94購01,0,0,0,0,0,0,0,0,0,-60000,0,0,0,0,60000,-60000,-60000
050637,欣興國票94購02  ,0,0,0,0,0,0,0,0,0,-60000,0,0,0,0,60000,-60000,-60000
050580,強茂國票95購01  ,0,0,0,0,0,0,0,0,0,-60000,0,0,0,0,60000,-60000,-60000
051539,瀚宇博國票97購01,0,0,0,0,0,0,0,0,0,-60000,0,0,0,0,60000,-60000,-60000
051587,大立光元大95購08,0,0,0,0,0,0,0,0,0,-60000,0,0,0,0,60000,-60000,-60000
052003,泰碩國泰97購02  ,0,0,0,0,0,0,0,0,0,-60000,0,0,0,10000,70000,-60000,-60000
052104,英業達兆豐96購01,0,0,0,0,0,0,0,0,0,-60000,0,0,0,10000,70000,-60000,-60000
051082,上証2X元大98購01,0,0,0,0,0,0,0,0,0,-60000,0,0,0,8000,68000,-60000,-60000
050929,中磊凱基95購01  ,0,0,0,0,0,0,0,0,0,-60000,0,0,0,0,60000,-60000,-60000
050940,嘉澤國票95購01  ,0,0,0,0,0,0,0,0,0,-60000,0,0,0,0,60000,-60000,-60000
050839,楠梓電國票96購01,0,0,0,0,0,0,0,0,0,-60000,0,0,0,0,60000,-60000,-60000
051420,康控國票95購05  ,0,0,0,0,0,0,0,0,0,-60000,0,0,0,0,60000,-60000,-60000
051323,康控國票96購01  ,0,0,0,0,0,0,0,0,0,-60000,0,0,0,0,60000,-60000,-60000
052280,聯發科凱基95購11,0,0,0,0,0,0,0,0,0,-60000,0,0,0,0,60000,-60000,-60000
052309,健策國泰97購01  ,0,0,0,0,0,0,0,0,0,-60000,0,0,0,40000,100000,-60000,-60000
052789,台積電麥證96購01,0,0,0,20000,80000,-60000,0,0,0,-60000,0,0,0,20000,80000,-60000,-60000
053060,大立光永昌96購05,0,0,0,0,0,0,0,0,0,-60000,0,0,0,131000,191000,-60000,-60000
053220,瀚宇博凱基98購01,0,0,0,0,0,0,0,0,0,-60000,0,0,0,0,60000,-60000,-60000
053243,楠梓電國票97購02,0,0,0,0,0,0,0,0,0,-60000,0,0,0,0,60000,-60000,-60000
8101,華冠            ,56000,115000,-59000,0,0,0,0,0,0,-1000,0,1000,-1000,0,0,0,-60000
06432P,上銀群益98售01  ,0,0,0,0,0,0,0,0,0,-60000,0,0,0,0,60000,-60000,-60000
06428P,國巨元大97售17  ,0,0,0,0,0,0,0,0,0,-60000,0,0,0,150000,210000,-60000,-60000
06450P,聯發科元大98售03,0,0,0,0,0,0,0,0,0,-60000,0,0,0,4000,64000,-60000,-60000
06073P,健策永豐97售01  ,0,0,0,0,0,0,0,0,0,-60000,0,0,0,0,60000,-60000,-60000
056504,國巨永豐98購02  ,0,0,0,0,0,0,0,0,0,-60000,0,0,0,0,60000,-60000,-60000
056453,禾伸堂凱基99購02,0,0,0,0,0,0,0,0,0,-60000,0,0,0,10000,70000,-60000,-60000
055900,瀚宇博中信97購01,0,0,0,0,0,0,0,0,0,-61000,0,0,0,0,61000,-61000,-61000
055361,樺漢凱基97購01  ,0,0,0,0,0,0,0,0,0,-61000,0,0,0,71000,132000,-61000,-61000
053520,康友群益96購01  ,0,0,0,0,0,0,0,0,0,-61000,0,0,0,0,61000,-61000,-61000
044717,旺宏統一94購01  ,0,0,0,0,0,0,0,0,0,-61000,0,0,0,300000,361000,-61000,-61000
046510,大立光元大92購25,0,0,0,0,0,0,0,0,0,-61000,0,0,0,0,61000,-61000,-61000
050224,台泥中信94購01  ,0,0,0,0,0,0,0,0,0,-61000,0,0,0,48000,109000,-61000,-61000
050261,國巨元大95購04  ,0,0,0,0,0,0,0,0,0,-61000,0,0,0,146000,207000,-61000,-61000
048132,冠德國票94購01  ,0,0,0,0,0,0,0,0,0,-61000,0,0,0,0,61000,-61000,-61000
048098,嘉澤凱基93購04  ,0,0,0,0,0,0,0,0,0,-61000,0,0,0,0,61000,-61000,-61000
049502,訊芯元大94購01  ,0,0,0,0,0,0,0,0,0,-61000,0,0,0,0,61000,-61000,-61000
053383,京元電元大97購01,0,0,0,0,0,0,0,0,0,-61000,0,0,0,108000,169000,-61000,-61000
053038,華邦電凱基97購01,0,0,0,0,0,0,0,0,0,-61000,0,0,0,0,61000,-61000,-61000
052621,台郡富邦97購01  ,0,0,0,0,0,0,0,0,0,-61000,0,0,0,196000,257000,-61000,-61000
051252,健鼎元大95購01  ,0,0,0,0,0,0,0,0,0,-61000,0,0,0,193000,254000,-61000,-61000
051825,中環元大95購01  ,0,0,0,0,0,0,0,0,0,-61000,0,0,0,191000,252000,-61000,-61000
051925,瀚宇博第一95購01,0,0,0,0,0,0,0,0,0,-61000,0,0,0,0,61000,-61000,-61000
051532,潤泰全國票96購01,0,0,0,0,0,0,0,0,0,-61000,0,0,0,0,61000,-61000,-61000
05688P,臺股指元大96售13,0,0,0,0,0,0,0,0,0,-61000,0,0,0,22000,83000,-61000,-61000
055997,矽創國泰99購01  ,0,0,0,0,0,0,0,0,0,-61000,0,0,0,50000,111000,-61000,-61000
06150P,奇力新元大97售06,0,0,0,0,0,0,0,0,0,-61000,0,0,0,11000,72000,-61000,-61000
06386P,欣興永豐97售03  ,0,0,0,0,0,0,0,0,0,-61000,0,0,0,0,61000,-61000,-61000
2545,皇翔            ,52000,111000,-59000,0,0,0,0,0,0,-2000,0,2000,-2000,0,0,0,-61000
055518,華新科中信99購01,0,0,0,0,0,0,0,0,0,-62000,0,0,0,297000,359000,-62000,-62000
048324,訊芯凱基93購03  ,0,0,0,0,0,0,0,0,0,-62000,0,0,0,0,62000,-62000,-62000
05068P,鴻海統一95售06  ,0,0,0,0,0,0,0,0,0,-62000,0,0,0,69000,131000,-62000,-62000
051527,台郡凱基95購03  ,0,0,0,0,0,0,0,0,0,-62000,0,0,0,5000,67000,-62000,-62000
052610,貿聯元大97購01  ,0,0,0,0,0,0,0,0,0,-62000,0,0,0,67000,129000,-62000,-62000
052891,台泥群益96購01  ,0,0,0,0,0,0,0,0,0,-62000,0,0,0,32000,94000,-62000,-62000
053258,上証2X群益9A購03,0,0,0,0,0,0,0,0,0,-62000,0,0,0,189000,251000,-62000,-62000
2030,彰源            ,6000,66000,-60000,0,0,0,0,0,0,-2000,0,2000,-2000,0,0,0,-62000
06328P,台積電中信01售02,0,0,0,0,0,0,0,0,0,-62000,0,0,0,30000,92000,-62000,-62000
06286P,世芯國票97售02  ,0,0,0,0,0,0,0,0,0,-62000,0,0,0,1000,63000,-62000,-62000
056232,瑞儀凱基98購01  ,0,0,0,0,0,0,0,0,0,-62000,0,0,0,0,62000,-62000,-62000
05762P,昇陽半永豐96售04,0,0,0,0,0,0,0,0,0,-62000,0,0,0,13000,75000,-62000,-62000
055411,國巨富邦9A購02  ,0,0,0,0,0,0,0,0,0,-63000,0,0,0,422000,485000,-63000,-63000
055621,國巨國泰98購03  ,0,0,0,0,0,0,0,0,0,-63000,0,0,0,403000,466000,-63000,-63000
055858,聯茂元大97購03  ,0,0,0,0,0,0,0,0,0,-63000,0,0,0,41000,104000,-63000,-63000
055368,台積電元大97購24,0,0,0,0,0,0,0,0,0,-63000,0,0,0,310000,373000,-63000,-63000
054979,南港元富97購01  ,0,0,0,0,0,0,0,0,0,-63000,0,0,0,12000,75000,-63000,-63000
053865,欣興元大97購02  ,0,0,0,0,0,0,0,0,0,-63000,0,0,0,205000,268000,-63000,-63000
053998,泰鼎群益98購01  ,0,0,0,0,0,0,0,0,0,-63000,0,0,0,266000,329000,-63000,-63000
054530,台光電國泰97購03,0,0,0,0,0,0,0,0,0,-63000,0,0,0,35000,98000,-63000,-63000
041978,貿聯中信93購01  ,0,0,0,0,0,0,0,0,0,-63000,0,0,0,4000,67000,-63000,-63000
044588,元金2X統一93購01,0,0,0,0,0,0,0,0,0,-63000,0,0,0,47000,110000,-63000,-63000
04550P,超眾元大94售01  ,0,0,0,0,0,0,0,0,0,-63000,0,0,0,5000,68000,-63000,-63000
055319,國巨國票98購03  ,0,0,0,0,0,0,0,0,0,-63000,0,0,0,3000,66000,-63000,-63000
048158,大立光兆豐95購01,0,0,0,0,0,0,0,0,0,-63000,0,0,0,2000,65000,-63000,-63000
048885,中環元富94購01  ,0,0,0,0,0,0,0,0,0,-63000,0,0,0,0,63000,-63000,-63000
049351,揚明光永豐94購01,0,0,0,0,0,0,0,0,0,-63000,0,0,0,12000,75000,-63000,-63000
049210,昇陽半群益94購02,0,0,0,0,0,0,0,0,0,-63000,0,0,0,0,63000,-63000,-63000
056174,億光元富97購01  ,0,0,0,0,0,0,0,0,0,-63000,0,0,0,0,63000,-63000,-63000
056064,大立光元大97購14,0,0,0,0,0,0,0,0,0,-63000,0,0,0,110000,173000,-63000,-63000
1902,台紙            ,53000,46000,7000,0,0,0,0,0,0,-70000,0,70000,-70000,0,0,0,-63000
2816,旺旺保          ,11000,74000,-63000,0,0,0,0,0,0,0,0,0,0,0,0,0,-63000
2851,中再保          ,32000,95000,-63000,0,0,0,0,0,0,0,0,0,0,0,0,0,-63000
054341,燿華元富96購03  ,0,0,0,0,0,0,0,0,0,-64000,0,0,0,0,64000,-64000,-64000
053974,大立光元大96購10,0,0,0,0,0,0,0,0,0,-64000,0,0,0,0,64000,-64000,-64000
053598,日月光元大96購04,0,0,0,0,0,0,0,0,0,-64000,0,0,0,6000,70000,-64000,-64000
054776,矽創國票98購01  ,0,0,0,0,0,0,0,0,0,-64000,0,0,0,0,64000,-64000,-64000
055122,國巨兆豐98購01  ,0,0,0,0,0,0,0,0,0,-64000,0,0,0,39000,103000,-64000,-64000
04625P,燿華元大94售03  ,0,0,0,0,0,0,0,0,0,-64000,0,0,0,6000,70000,-64000,-64000
049304,元油2X凱基95購05,0,0,0,0,0,0,0,0,0,-64000,0,0,0,0,64000,-64000,-64000
048330,大立光永昌93購07,0,0,0,0,0,0,0,0,0,-64000,0,0,0,0,64000,-64000,-64000
049517,台光電國票94購02,0,0,0,0,0,0,0,0,0,-64000,0,0,0,3000,67000,-64000,-64000
049980,奇力新凱基94購04,0,0,0,0,0,0,0,0,0,-64000,0,0,0,13000,77000,-64000,-64000
055307,瑞昱群益97購02  ,0,0,0,0,0,0,0,0,0,-64000,0,0,0,21000,85000,-64000,-64000
050477,矽力永豐94購01  ,0,0,0,0,0,0,0,0,0,-64000,0,0,0,25000,89000,-64000,-64000
053233,大立光永豐96購01,0,0,0,0,0,0,0,0,0,-64000,0,0,0,4000,68000,-64000,-64000
052581,訊芯元富98購01  ,0,0,0,0,0,0,0,0,0,-64000,0,0,0,4000,68000,-64000,-64000
052372,台泥元大95購02  ,0,0,0,0,0,0,0,0,0,-64000,0,0,0,0,64000,-64000,-64000
051839,和鑫國泰96購01  ,0,0,0,0,0,0,0,0,0,-64000,0,0,0,40000,104000,-64000,-64000
05730P,臺股指凱基97售03,0,0,0,0,0,0,0,0,0,-64000,0,0,0,8000,72000,-64000,-64000
1598,岱宇            ,16000,79150,-63150,0,0,0,0,0,0,-1000,0,1000,-1000,0,0,0,-64150
055903,鈺齊中信97購02  ,0,0,0,0,0,0,0,0,0,-65000,0,0,0,0,65000,-65000,-65000
046489,大立光永昌92購01,0,0,0,0,0,0,0,0,0,-65000,0,0,0,6000,71000,-65000,-65000
047048,華邦電國票93購02,0,0,0,0,0,0,0,0,0,-65000,0,0,0,7000,72000,-65000,-65000
045883,元油2X元大95購07,0,0,0,0,0,0,0,0,0,-65000,0,0,0,0,65000,-65000,-65000
046116,京元電元大92購05,0,0,0,0,0,0,0,0,0,-65000,0,0,0,0,65000,-65000,-65000
055302,達方元大97購01  ,0,0,0,0,0,0,0,0,0,-65000,0,0,0,77000,142000,-65000,-65000
050205,牧德群益94購02  ,0,0,0,0,0,0,0,0,0,-65000,0,0,0,18000,83000,-65000,-65000
050141,國巨統一94購07  ,0,0,0,0,0,0,0,0,0,-65000,0,0,0,10000,75000,-65000,-65000
047928,禾伸堂凱基93購04,0,0,0,0,0,0,0,0,0,-65000,0,0,0,0,65000,-65000,-65000
049902,大立光元富94購05,0,0,0,0,0,0,0,0,0,-65000,0,0,0,187000,252000,-65000,-65000
048465,南電台新93購01  ,0,0,0,0,0,0,0,0,0,-65000,0,0,0,0,65000,-65000,-65000
047399,華通康和93購01  ,0,0,0,0,0,0,0,0,0,-65000,0,0,0,0,65000,-65000,-65000
047523,瑞昱元大93購09  ,0,0,0,0,0,0,0,0,0,-65000,0,0,0,0,65000,-65000,-65000
051425,昇陽半國票97購01,0,0,0,0,0,0,0,0,0,-65000,0,0,0,0,65000,-65000,-65000
052863,友達凱基98購02  ,0,0,0,0,0,0,0,0,0,-65000,0,0,0,0,65000,-65000,-65000
2476,鉅祥            ,1000,62000,-61000,0,0,0,0,0,0,-4000,0,4000,-4000,0,0,0,-65000
9907,統一實          ,72000,128000,-56000,0,0,0,0,0,0,-9000,0,9000,-9000,0,0,0,-65000
5607,遠雄港          ,129000,142000,-13000,0,0,0,0,0,0,-52000,0,52000,-52000,0,0,0,-65000
056082,旺宏統一99購02  ,0,0,0,0,0,0,0,0,0,-65000,0,0,0,15000,80000,-65000,-65000
056218,億光中信98購01  ,0,0,0,0,0,0,0,0,0,-65000,0,0,0,0,65000,-65000,-65000
056248,康友群益97購04  ,0,0,0,0,0,0,0,0,0,-65000,0,0,0,12000,77000,-65000,-65000
055933,欣興群益98購02  ,0,0,0,0,0,0,0,0,0,-66000,0,0,0,1000,67000,-66000,-66000
055575,華新科統一98購01,0,0,0,0,0,0,0,0,0,-66000,0,0,0,139000,205000,-66000,-66000
053447,京鼎凱基96購03  ,0,0,0,0,0,0,0,0,0,-66000,0,0,0,0,66000,-66000,-66000
054122,康友永豐96購01  ,0,0,0,0,0,0,0,0,0,-66000,0,0,0,10000,76000,-66000,-66000
046813,聯電凱基96購01  ,0,0,0,0,0,0,0,0,0,-66000,0,0,0,46000,112000,-66000,-66000
042994,葡萄王元大94購02,0,0,0,0,0,0,0,0,0,-66000,0,0,0,56000,122000,-66000,-66000
048401,南電國票93購03  ,0,0,0,0,0,0,0,0,0,-66000,0,0,0,0,66000,-66000,-66000
047347,台積電凱基93購14,0,0,0,0,0,0,0,0,0,-66000,0,0,0,69000,135000,-66000,-66000
049623,創意群益94購01  ,0,0,0,0,0,0,0,0,0,-66000,0,0,0,0,66000,-66000,-66000
048476,同欣電永豐93購01,0,0,0,0,0,0,0,0,0,-66000,0,0,0,58000,124000,-66000,-66000
05006P,華通元富95售01  ,0,0,0,0,0,0,0,0,0,-66000,0,0,0,53000,119000,-66000,-66000
053076,貿聯永豐96購01  ,0,0,0,0,0,0,0,0,0,-66000,0,0,0,2000,68000,-66000,-66000
052312,美律富邦96購02  ,0,0,0,0,0,0,0,0,0,-66000,0,0,0,0,66000,-66000,-66000
052273,新光金群益95購02,0,0,0,0,0,0,0,0,0,-66000,0,0,0,35000,101000,-66000,-66000
052781,瀚宇博國票97購03,0,0,0,0,0,0,0,0,0,-66000,0,0,0,20000,86000,-66000,-66000
050755,和大元富94購01  ,0,0,0,0,0,0,0,0,0,-66000,0,0,0,62000,128000,-66000,-66000
051481,聯詠凱基95購02  ,0,0,0,0,0,0,0,0,0,-66000,0,0,0,10000,76000,-66000,-66000
054544,統一中信97購01  ,0,0,0,0,0,0,0,0,0,-67000,0,0,0,0,67000,-67000,-67000
055469,台光電凱基97購01,0,0,0,0,0,0,0,0,0,-67000,0,0,0,0,67000,-67000,-67000
05584P,臺股指凱基96售13,0,0,0,0,0,0,0,0,0,-67000,0,0,0,20000,87000,-67000,-67000
055807,勤誠永豐97購01  ,0,0,0,0,0,0,0,0,0,-67000,0,0,0,62000,129000,-67000,-67000
054985,光罩元富97購01  ,0,0,0,0,0,0,0,0,0,-67000,0,0,0,20000,87000,-67000,-67000
050717,京鼎群益96購01  ,0,0,0,0,0,0,0,0,0,-67000,0,0,0,14000,81000,-67000,-67000
1109,信大            ,67000,134000,-67000,0,0,0,0,0,0,0,0,0,0,0,0,0,-67000
054698,同欣電永豐97購01,0,0,0,0,0,0,0,0,0,-68000,0,0,0,0,68000,-68000,-68000
055100,得力凱基97購01  ,0,0,0,0,0,0,0,0,0,-68000,0,0,0,0,68000,-68000,-68000
055042,得力永豐97購01  ,0,0,0,0,0,0,0,0,0,-68000,0,0,0,0,68000,-68000,-68000
055052,凱美永豐97購01  ,0,0,0,0,0,0,0,0,0,-68000,0,0,0,10000,78000,-68000,-68000
055049,智邦永豐97購01  ,0,0,0,0,0,0,0,0,0,-68000,0,0,0,0,68000,-68000,-68000
055805,矽力永豐97購01  ,0,0,0,0,0,0,0,0,0,-68000,0,0,0,148000,216000,-68000,-68000
055639,上銀元富97購02  ,0,0,0,0,0,0,0,0,0,-68000,0,0,0,0,68000,-68000,-68000
054573,漢唐元大98購01  ,0,0,0,0,0,0,0,0,0,-68000,0,0,0,2000,70000,-68000,-68000
054393,漢唐永豐96購01  ,0,0,0,0,0,0,0,0,0,-68000,0,0,0,0,68000,-68000,-68000
053937,光磊元富96購01  ,0,0,0,0,0,0,0,0,0,-68000,0,0,0,0,68000,-68000,-68000
045479,T50反1中信95購01,0,0,0,0,0,0,0,0,0,-68000,0,0,0,0,68000,-68000,-68000
047083,大立光永豐93購01,0,0,0,0,0,0,0,0,0,-68000,0,0,0,1000,69000,-68000,-68000
050489,聯詠元富94購01  ,0,0,0,0,0,0,0,0,0,-68000,0,0,0,0,68000,-68000,-68000
050454,嘉澤元大94購04  ,0,0,0,0,0,0,0,0,0,-68000,0,0,0,32000,100000,-68000,-68000
050502,聯發科凱基94購21,0,0,0,0,0,0,0,0,0,-68000,0,0,0,0,68000,-68000,-68000
050503,聯發科凱基94購22,0,0,0,0,0,0,0,0,0,-68000,0,0,0,0,68000,-68000,-68000
047929,景碩凱基93購03  ,0,0,0,0,0,0,0,0,0,-68000,0,0,0,0,68000,-68000,-68000
047924,可成凱基93購10  ,0,0,0,0,0,0,0,0,0,-68000,0,0,0,0,68000,-68000,-68000
048089,智邦凱基93購10  ,0,0,0,0,0,0,0,0,0,-68000,0,0,0,0,68000,-68000,-68000
049535,臻鼎永豐94購01  ,0,0,0,0,0,0,0,0,0,-68000,0,0,0,0,68000,-68000,-68000
049836,矽創凱基94購02  ,0,0,0,0,0,0,0,0,0,-68000,0,0,0,0,68000,-68000,-68000
047345,鴻海凱基94購06  ,0,0,0,0,0,0,0,0,0,-68000,0,0,0,0,68000,-68000,-68000
047234,晶技凱基93購01  ,0,0,0,0,0,0,0,0,0,-68000,0,0,0,0,68000,-68000,-68000
047230,大立光凱基93購19,0,0,0,0,0,0,0,0,0,-68000,0,0,0,0,68000,-68000,-68000
049415,智邦凱基94購02  ,0,0,0,0,0,0,0,0,0,-68000,0,0,0,0,68000,-68000,-68000
048318,大立光凱基93購37,0,0,0,0,0,0,0,0,0,-68000,0,0,0,0,68000,-68000,-68000
049150,新光金元大96購01,0,0,0,0,0,0,0,0,0,-68000,0,0,0,0,68000,-68000,-68000
048910,和鑫富邦98購01  ,0,0,0,0,0,0,0,0,0,-68000,0,0,0,70000,138000,-68000,-68000
048992,昇陽半元大94購02,0,0,0,0,0,0,0,0,0,-68000,0,0,0,0,68000,-68000,-68000
051968,勤誠永豐95購01  ,0,0,0,0,0,0,0,0,0,-68000,0,0,0,38000,106000,-68000,-68000
050961,美律永豐95購01  ,0,0,0,0,0,0,0,0,0,-68000,0,0,0,0,68000,-68000,-68000
051298,智邦凱基95購03  ,0,0,0,0,0,0,0,0,0,-68000,0,0,0,0,68000,-68000,-68000
052573,智伸科凱基97購01,0,0,0,0,0,0,0,0,0,-68000,0,0,0,0,68000,-68000,-68000
05267P,欣興元大95售08  ,0,0,0,0,0,0,0,0,0,-68000,0,0,0,48000,116000,-68000,-68000
052286,力成凱基95購02  ,0,0,0,0,0,0,0,0,0,-68000,0,0,0,2000,70000,-68000,-68000
056215,華新科國票97購03,30000,0,30000,0,0,0,0,0,0,-98000,0,0,0,10000,108000,-98000,-68000
056004,南電永豐97購02  ,0,0,0,0,0,0,0,0,0,-68000,0,0,0,0,68000,-68000,-68000
1734,杏輝            ,110000,184000,-74000,0,0,0,0,0,0,6000,7000,1000,6000,0,0,0,-68000
054524,華通元富96購03  ,0,0,0,0,0,0,0,0,0,-69000,0,0,0,6000,75000,-69000,-69000
055115,日月光凱基98購01,0,0,0,0,0,0,0,0,0,-69000,0,0,0,474000,543000,-69000,-69000
054796,康普群益98購01  ,0,0,0,0,0,0,0,0,0,-69000,0,0,0,0,69000,-69000,-69000
048926,燿華永豐95購01  ,0,0,0,0,0,0,0,0,0,-69000,0,0,0,0,69000,-69000,-69000
04213P,台光電凱基93售11,0,0,0,0,0,0,0,0,0,-69000,0,0,0,1000,70000,-69000,-69000
048291,台積電群益93購09,0,0,0,0,0,0,0,0,0,-69000,0,0,0,24000,93000,-69000,-69000
050081,聯發科統一94購07,0,0,0,0,0,0,0,0,0,-69000,0,0,0,269000,338000,-69000,-69000
050670,牧德永豐94購03  ,0,0,0,0,0,0,0,0,0,-69000,0,0,0,109000,178000,-69000,-69000
050197,矽格元大94購04  ,0,0,0,0,0,0,0,0,0,-69000,0,0,0,11000,80000,-69000,-69000
052493,上証2X中信97購02,0,0,0,0,0,0,0,0,0,-69000,0,0,0,31000,100000,-69000,-69000
052759,京元電群益96購01,0,0,0,0,0,0,0,0,0,-69000,0,0,0,50000,119000,-69000,-69000
053162,緯穎元大97購01  ,0,0,0,0,0,0,0,0,0,-69000,0,0,0,138000,207000,-69000,-69000
051578,智邦元大96購01  ,0,0,0,0,0,0,0,0,0,-69000,0,0,0,119000,188000,-69000,-69000
1447,力鵬            ,18000,84000,-66000,0,0,0,0,0,0,-3000,0,3000,-3000,0,0,0,-69000
05704P,矽力群益96售04  ,0,0,0,0,0,0,0,0,0,-69000,0,0,0,0,69000,-69000,-69000
056326,TPK兆豐98購01   ,0,0,0,0,0,0,0,0,0,-69000,0,0,0,0,69000,-69000,-69000
2382,廣達            ,3801614,3740150,61464,0,0,0,0,10000,-10000,-121000,10000,157000,-147000,80000,54000,26000,-69536
054743,聯鈞凱基99購01  ,0,0,0,0,0,0,0,0,0,-70000,0,0,0,50000,120000,-70000,-70000
055009,合勤控元富97購01,0,0,0,0,0,0,0,0,0,-70000,0,0,0,0,70000,-70000,-70000
05556P,全新國票96售04  ,0,0,0,0,0,0,0,0,0,-70000,0,0,0,0,70000,-70000,-70000
053893,京鼎群益97購02  ,0,0,0,0,0,0,0,0,0,-70000,0,0,0,0,70000,-70000,-70000
053758,華新科國泰97購02,0,0,0,0,0,0,0,0,0,-70000,0,0,0,28000,98000,-70000,-70000
053778,旺宏元大97購03  ,0,0,0,0,0,0,0,0,0,-70000,0,0,0,9000,79000,-70000,-70000
053457,旺宏國泰98購03  ,0,0,0,0,0,0,0,0,0,-70000,0,0,0,112000,182000,-70000,-70000
046647,高鐵國泰93購01  ,0,0,0,0,0,0,0,0,0,-70000,0,0,0,0,70000,-70000,-70000
043758,創意元大92購03  ,0,0,0,0,0,0,0,0,0,-70000,0,0,0,0,70000,-70000,-70000
00710B,FH彭博高收益債  ,0,0,0,0,0,0,0,0,0,-70000,0,0,0,145000,215000,-70000,-70000
040988,滬深反凱基92購01,0,0,0,0,0,0,0,0,0,-70000,0,0,0,0,70000,-70000,-70000
04413P,玉晶光元富94售01,0,0,0,0,0,0,0,0,0,-70000,0,0,0,0,70000,-70000,-70000
03410P,聯發科元大02售15,0,0,0,0,0,0,0,0,0,-70000,0,0,0,0,70000,-70000,-70000
043907,鴻海凱基93購01  ,0,0,0,0,0,0,0,0,0,-70000,0,0,0,0,70000,-70000,-70000
048642,聯發科元大94購02,0,0,0,0,0,0,0,0,0,-70000,0,0,0,165000,235000,-70000,-70000
045142,聯茂兆豐93購02  ,0,0,0,0,0,0,0,0,0,-70000,0,0,0,0,70000,-70000,-70000
04508P,臺股指元大94售03,0,0,0,0,0,0,0,0,0,-70000,0,0,0,0,70000,-70000,-70000
045018,矽創元大93購01  ,0,0,0,0,0,0,0,0,0,-70000,0,0,0,37000,107000,-70000,-70000
047057,瀚宇博國票93購01,0,0,0,0,0,0,0,0,0,-70000,0,0,0,20000,90000,-70000,-70000
04630P,嘉聯益元大95售02,0,0,0,0,0,0,0,0,0,-70000,0,0,0,10000,80000,-70000,-70000
050229,鴻海麥證94購02  ,0,0,0,23000,90000,-67000,0,0,0,-70000,0,0,0,23000,93000,-70000,-70000
050525,嘉晶元大95購02  ,0,0,0,0,0,0,0,0,0,-70000,0,0,0,0,70000,-70000,-70000
050071,明泰凱基94購01  ,0,0,0,0,0,0,0,0,0,-70000,0,0,0,0,70000,-70000,-70000
048139,南電國票94購02  ,0,0,0,0,0,0,0,0,0,-70000,0,0,0,0,70000,-70000,-70000
049404,訊芯群益94購02  ,0,0,0,0,0,0,0,0,0,-70000,0,0,0,3000,73000,-70000,-70000
049301,致新群益95購01  ,0,0,0,0,0,0,0,0,0,-70000,0,0,0,20000,90000,-70000,-70000
04927P,大立光凱基95售06,0,0,0,0,0,0,0,0,0,-70000,0,0,0,26000,96000,-70000,-70000
049845,台積電麥證94購01,0,0,0,10000,80000,-70000,0,0,0,-70000,0,0,0,10000,80000,-70000,-70000
047748,漢唐元富93購02  ,0,0,0,0,0,0,0,0,0,-70000,0,0,0,50000,120000,-70000,-70000
049721,晶技凱基94購02  ,0,0,0,0,0,0,0,0,0,-70000,0,0,0,0,70000,-70000,-70000
051585,美食元大95購01  ,0,0,0,0,0,0,0,0,0,-70000,0,0,0,80000,150000,-70000,-70000
051289,大立光統一96購01,0,0,0,0,0,0,0,0,0,-70000,0,0,0,0,70000,-70000,-70000
050752,美律統一94購05  ,0,0,0,0,0,0,0,0,0,-70000,0,0,0,50000,120000,-70000,-70000
050750,上銀統一94購02  ,0,0,0,0,0,0,0,0,0,-70000,0,0,0,323000,393000,-70000,-70000
052989,麗豐元大98購01  ,0,0,0,0,0,0,0,0,0,-70000,0,0,0,30000,100000,-70000,-70000
052681,T50反1元大98購02,0,0,0,0,0,0,0,0,0,-70000,0,0,0,0,70000,-70000,-70000
052635,奇力新凱基98購01,0,0,0,0,0,0,0,0,0,-70000,0,0,0,82000,152000,-70000,-70000
056049,奇力新國票98購01,0,0,0,0,0,0,0,0,0,-70000,0,0,0,12000,82000,-70000,-70000
8016,矽創            ,118000,170187,-52187,0,0,0,0,22000,-22000,4000,0,3000,-3000,9000,2000,7000,-70187
6525,捷敏-KY         ,12000,81600,-69600,0,0,0,0,0,0,-1000,0,1000,-1000,0,0,0,-70600
054390,智邦元富96購03  ,0,0,0,0,0,0,0,0,0,-71000,0,0,0,0,71000,-71000,-71000
054683,川湖永豐97購01  ,0,0,0,0,0,0,0,0,0,-71000,0,0,0,3000,74000,-71000,-71000
055489,瑞昱元大97購02  ,0,0,0,0,0,0,0,0,0,-71000,0,0,0,42000,113000,-71000,-71000
046844,旺宏永豐93購01  ,0,0,0,0,0,0,0,0,0,-71000,0,0,0,158000,229000,-71000,-71000
047052,大毅國票93購01  ,0,0,0,0,0,0,0,0,0,-71000,0,0,0,20000,91000,-71000,-71000
047221,日月光麥證93購01,0,0,0,0,71000,-71000,0,0,0,-71000,0,0,0,0,71000,-71000,-71000
047960,鈺齊永豐93購01  ,0,0,0,0,0,0,0,0,0,-71000,0,0,0,2000,73000,-71000,-71000
05528P,臺股指群益96售01,0,0,0,0,0,0,0,0,0,-71000,0,0,0,0,71000,-71000,-71000
052452,茂林元大95購03  ,0,0,0,0,0,0,0,0,0,-71000,0,0,0,21000,92000,-71000,-71000
050729,聯鈞國票94購01  ,0,0,0,0,0,0,0,0,0,-71000,0,0,0,81000,152000,-71000,-71000
050784,美律國泰96購01  ,0,0,0,0,0,0,0,0,0,-71000,0,0,0,140000,211000,-71000,-71000
051404,牧德永豐96購01  ,0,0,0,0,0,0,0,0,0,-71000,0,0,0,117000,188000,-71000,-71000
051941,樺漢群益95購02  ,0,0,0,0,0,0,0,0,0,-71000,0,0,0,5000,76000,-71000,-71000
3708,上緯投控        ,62000,129000,-67000,0,0,0,0,0,0,-4000,0,4000,-4000,0,0,0,-71000
056371,樺漢元大98購03  ,0,0,0,0,0,0,0,0,0,-71000,0,0,0,0,71000,-71000,-71000
054913,億光凱基97購01  ,0,0,0,0,0,0,0,0,0,-72000,0,0,0,91000,163000,-72000,-72000
053536,明泰永豐96購01  ,0,0,0,0,0,0,0,0,0,-72000,0,0,0,0,72000,-72000,-72000
053639,禾伸堂永豐96購01,0,0,0,0,0,0,0,0,0,-72000,0,0,0,61000,133000,-72000,-72000
053671,可成統一96購03  ,0,0,0,0,0,0,0,0,0,-72000,0,0,0,193000,265000,-72000,-72000
045058,華邦電國泰94購01,0,0,0,0,0,0,0,0,0,-72000,0,0,0,0,72000,-72000,-72000
044167,大立光元大93購03,0,0,0,0,0,0,0,0,0,-72000,0,0,0,0,72000,-72000,-72000
04194P,欣興永豐93售05  ,0,0,0,0,0,0,0,0,0,-72000,0,0,0,20000,92000,-72000,-72000
043396,世紀鋼元大93購01,0,0,0,0,0,0,0,0,0,-72000,0,0,0,28000,100000,-72000,-72000
050512,台泥元大94購01  ,0,0,0,0,0,0,0,0,0,-72000,0,0,0,41000,113000,-72000,-72000
049885,緯穎永豐94購01  ,0,0,0,0,0,0,0,0,0,-72000,0,0,0,6000,78000,-72000,-72000
048027,京元電凱基93購03,0,0,0,0,0,0,0,0,0,-72000,0,0,0,0,72000,-72000,-72000
048453,嘉澤凱基93購05  ,0,0,0,0,0,0,0,0,0,-72000,0,0,0,10000,82000,-72000,-72000
049612,香港反中信96購01,0,0,0,0,0,0,0,0,0,-72000,0,0,0,20000,92000,-72000,-72000
051830,健策元大97購01  ,0,0,0,0,0,0,0,0,0,-72000,0,0,0,0,72000,-72000,-72000
05257P,欣興凱基95售04  ,0,0,0,0,0,0,0,0,0,-72000,0,0,0,22000,94000,-72000,-72000
052826,嘉聯益永豐96購01,0,0,0,0,0,0,0,0,0,-72000,0,0,0,6000,78000,-72000,-72000
06070P,漢唐永豐97售01  ,0,0,0,0,0,0,0,0,0,-72000,0,0,0,0,72000,-72000,-72000
2836,高雄銀          ,138000,212000,-74000,0,0,0,0,0,0,2000,2000,0,2000,0,0,0,-72000
053713,漢唐凱基96購04  ,0,0,0,0,0,0,0,0,0,-73000,0,0,0,0,73000,-73000,-73000
053901,T50反1凱基99購03,0,0,0,0,0,0,0,0,0,-73000,0,0,0,0,73000,-73000,-73000
054582,致新元大97購01  ,0,0,0,0,0,0,0,0,0,-73000,0,0,0,6000,79000,-73000,-73000
054585,禾伸堂國泰99購01,0,0,0,0,0,0,0,0,0,-73000,0,0,0,0,73000,-73000,-73000
054081,聯電元富96購01  ,0,0,0,0,0,0,0,0,0,-73000,0,0,0,0,73000,-73000,-73000
054332,世芯永豐97購01  ,0,0,0,0,0,0,0,0,0,-73000,0,0,0,90000,163000,-73000,-73000
055243,國巨統一97購04  ,0,0,0,0,0,0,0,0,0,-73000,0,0,0,6000,79000,-73000,-73000
055419,國巨永豐97購03  ,0,0,0,0,0,0,0,0,0,-73000,0,0,0,0,73000,-73000,-73000
055804,祥碩永豐97購02  ,0,0,0,0,0,0,0,0,0,-73000,0,0,0,204000,277000,-73000,-73000
049573,長榮航統一95購01,0,0,0,0,0,0,0,0,0,-73000,0,0,0,20000,93000,-73000,-73000
048902,昇陽半國泰96購01,0,0,0,0,0,0,0,0,0,-73000,0,0,0,20000,93000,-73000,-73000
048217,亞德客凱基93購06,0,0,0,0,0,0,0,0,0,-73000,0,0,0,5000,78000,-73000,-73000
052636,大立光凱基96購10,0,0,0,0,0,0,0,0,0,-73000,0,0,0,5000,78000,-73000,-73000
052622,貿聯兆豐97購01  ,0,0,0,0,0,0,0,0,0,-73000,0,0,0,0,73000,-73000,-73000
051685,台光電凱基95購01,0,0,0,0,0,0,0,0,0,-73000,0,0,0,0,73000,-73000,-73000
051258,鈺齊國泰97購01  ,0,0,0,0,0,0,0,0,0,-73000,0,0,0,210000,283000,-73000,-73000
050928,日月光凱基95購01,0,0,0,0,0,0,0,0,0,-73000,0,0,0,10000,83000,-73000,-73000
2642,宅配通          ,1000,74000,-73000,0,0,0,0,0,0,0,0,0,0,0,0,0,-73000
055503,健策元大98購05  ,0,0,0,0,0,0,0,0,0,-74000,0,0,0,35000,109000,-74000,-74000
055085,大毅國票97購01  ,0,0,0,0,0,0,0,0,0,-74000,0,0,0,19000,93000,-74000,-74000
054358,矽創兆豐96購01  ,0,0,0,0,0,0,0,0,0,-74000,0,0,0,0,74000,-74000,-74000
054220,國巨統一97購02  ,0,0,0,0,0,0,0,0,0,-74000,0,0,0,30000,104000,-74000,-74000
053727,麗豐凱基97購01  ,0,0,0,0,0,0,0,0,0,-74000,0,0,0,51000,125000,-74000,-74000
053574,奇力新元富99購01,0,0,0,0,0,0,0,0,0,-74000,0,0,0,109000,183000,-74000,-74000
043048,金寶國泰93購01  ,0,0,0,0,0,0,0,0,0,-74000,0,0,0,0,74000,-74000,-74000
051014,智邦凱基95購01  ,0,0,0,0,0,0,0,0,0,-74000,0,0,0,0,74000,-74000,-74000
050913,全新中信97購01  ,0,0,0,0,0,0,0,0,0,-74000,0,0,0,0,74000,-74000,-74000
6112,聚碩            ,44000,118700,-74700,0,0,0,0,0,0,0,0,0,0,0,0,0,-74700
054200,美律富邦97購02  ,0,0,0,0,0,0,0,0,0,-75000,0,0,0,2000,77000,-75000,-75000
054059,欣興國票97購03  ,0,0,0,0,0,0,0,0,0,-75000,0,0,0,0,75000,-75000,-75000
054591,GIS國泰98購01   ,0,0,0,0,0,0,0,0,0,-75000,0,0,0,5000,80000,-75000,-75000
054518,亞光元大97購01  ,0,0,0,0,0,0,0,0,0,-75000,0,0,0,100000,175000,-75000,-75000
055282,聯發科元大97購15,0,0,0,0,0,0,0,0,0,-75000,0,0,0,98000,173000,-75000,-75000
055509,訊芯元大97購03  ,0,0,0,0,0,0,0,0,0,-75000,0,0,0,52000,127000,-75000,-75000
00670L,富邦NASDAQ正2   ,0,0,0,0,0,0,0,0,0,-75000,0,0,0,154000,229000,-75000,-75000
047003,鴻海統一93購05  ,0,0,0,0,0,0,0,0,0,-75000,0,0,0,38000,113000,-75000,-75000
048793,超眾元大95購02  ,0,0,0,0,0,0,0,0,0,-75000,0,0,0,120000,195000,-75000,-75000
046101,大立光永豐92購04,0,0,0,0,0,0,0,0,0,-75000,0,0,0,0,75000,-75000,-75000
047898,嘉澤群益93購02  ,0,0,0,0,0,0,0,0,0,-75000,0,0,0,20000,95000,-75000,-75000
047457,旺宏群益95購01  ,0,0,0,0,0,0,0,0,0,-75000,0,0,0,43000,118000,-75000,-75000
05076P,深中小群益99售02,0,0,0,0,0,0,0,0,0,-75000,0,0,0,0,75000,-75000,-75000
051112,台郡統一95購01  ,0,0,0,0,0,0,0,0,0,-75000,0,0,0,122000,197000,-75000,-75000
051524,貿聯凱基95購02  ,0,0,0,0,0,0,0,0,0,-75000,0,0,0,0,75000,-75000,-75000
06072P,牧德永豐97售01  ,0,0,0,0,0,0,0,0,0,-75000,0,0,0,49000,124000,-75000,-75000
05906P,國巨元富96售05  ,0,0,0,0,0,0,0,0,0,-75000,0,0,0,1000,76000,-75000,-75000
06454P,緯穎元大98售04  ,0,0,0,0,0,0,0,0,0,-75000,0,0,0,0,75000,-75000,-75000
06304P,臺股指元大97售10,0,0,0,0,0,0,0,0,0,-75000,0,0,0,2000,77000,-75000,-75000
06211P,鴻海元大98售04  ,0,0,0,0,0,0,0,0,0,-75000,0,0,0,16000,91000,-75000,-75000
056351,鴻海元大98購06  ,0,0,0,0,0,0,0,0,0,-75000,0,0,0,120000,195000,-75000,-75000
056315,同欣電元大97購05,0,0,0,0,0,0,0,0,0,-75000,0,0,0,47000,122000,-75000,-75000
05550P,臺股指元大96售07,0,0,0,0,0,0,0,0,0,-76000,0,0,0,0,76000,-76000,-76000
05585P,臺股指凱基96售14,0,0,0,0,0,0,0,0,0,-76000,0,0,0,10000,86000,-76000,-76000
00686R,群益臺灣加權反1 ,0,0,0,0,0,0,0,0,0,-76000,0,0,0,162000,238000,-76000,-76000
049019,美律群益94購02  ,0,0,0,0,0,0,0,0,0,-76000,0,0,0,56000,132000,-76000,-76000
048600,嘉澤國票94購01  ,0,0,0,0,0,0,0,0,0,-76000,0,0,0,0,76000,-76000,-76000
048346,智易元大95購01  ,0,0,0,0,0,0,0,0,0,-76000,0,0,0,124000,200000,-76000,-76000
047856,GIS國票94購01   ,0,0,0,0,0,0,0,0,0,-76000,0,0,0,0,76000,-76000,-76000
050495,大立光永昌96購01,0,0,0,0,0,0,0,0,0,-76000,0,0,0,590000,666000,-76000,-76000
05041P,大立光凱基95售09,0,0,0,0,0,0,0,0,0,-76000,0,0,0,24000,100000,-76000,-76000
050730,復盛國票94購01  ,0,0,0,0,0,0,0,0,0,-76000,0,0,0,100000,176000,-76000,-76000
052670,茂林群益96購02  ,0,0,0,0,0,0,0,0,0,-76000,0,0,0,32000,108000,-76000,-76000
055992,智原台新97購02  ,0,0,0,0,0,0,0,0,0,-76000,0,0,0,0,76000,-76000,-76000
055994,聯發科國泰99購02,0,0,0,0,0,0,0,0,0,-76000,0,0,0,75000,151000,-76000,-76000
1314,中石化          ,4924000,4622000,302000,0,0,0,0,0,0,-378000,15000,407000,-392000,116000,102000,14000,-76000
06044P,同欣電永豐96售03,0,0,0,0,0,0,0,0,0,-76000,0,0,0,0,76000,-76000,-76000
2441,超豐            ,46000,119000,-73000,0,0,0,0,0,0,-3000,0,3000,-3000,0,0,0,-76000
1762,中化生          ,150000,230000,-80000,0,0,0,0,0,0,4000,5000,1000,4000,0,0,0,-76000
2428,興勤            ,120733,204000,-83267,0,0,0,0,0,0,7000,0,1000,-1000,13000,5000,8000,-76267
3596,智易            ,401000,555872,-154872,0,0,0,90000,0,90000,-12000,12000,85000,-73000,72000,11000,61000,-76872
054603,智易台新98購01  ,0,0,0,0,0,0,0,0,0,-77000,0,0,0,39000,116000,-77000,-77000
054538,台光電國票98購01,0,0,0,0,0,0,0,0,0,-77000,0,0,0,113000,190000,-77000,-77000
054113,奇力新台新97購01,0,0,0,0,0,0,0,0,0,-77000,0,0,0,64000,141000,-77000,-77000
053749,揚明光永豐97購01,0,0,0,0,0,0,0,0,0,-77000,0,0,0,0,77000,-77000,-77000
00690,兆豐藍籌30      ,0,0,0,0,0,0,0,0,0,-77000,0,0,0,157000,234000,-77000,-77000
04276P,聯發科凱基93售33,0,0,0,0,0,0,0,0,0,-77000,0,0,0,3000,80000,-77000,-77000
049895,國巨統一94購04  ,0,0,0,0,0,0,0,0,0,-77000,0,0,0,27000,104000,-77000,-77000
04796P,聯發科元大94售10,0,0,0,0,0,0,0,0,0,-77000,0,0,0,0,77000,-77000,-77000
049738,神基群益94購01  ,0,0,0,0,0,0,0,0,0,-77000,0,0,0,501000,578000,-77000,-77000
052254,康友永豐95購03  ,0,0,0,0,0,0,0,0,0,-77000,0,0,0,0,77000,-77000,-77000
053111,緯創兆豐97購01  ,0,0,0,0,0,0,0,0,0,-77000,0,0,0,0,77000,-77000,-77000
056360,智邦元大98購01  ,0,0,0,0,0,0,0,0,0,-77000,0,0,0,21000,98000,-77000,-77000
2006,東和鋼鐵        ,47000,126470,-79470,0,0,0,0,0,0,2000,7000,5000,2000,0,0,0,-77470
1319,東陽            ,119595,189488,-69893,0,0,0,0,0,0,-8000,25000,3000,22000,5000,35000,-30000,-77893
053640,上緯控永豐96購01,1000,0,1000,0,0,0,0,0,0,-79000,0,0,0,0,79000,-79000,-78000
054316,矽創凱基97購01  ,0,0,0,0,0,0,0,0,0,-78000,0,0,0,40000,118000,-78000,-78000
054446,美食兆豐97購01  ,0,0,0,0,0,0,0,0,0,-78000,0,0,0,125000,203000,-78000,-78000
055906,大立光兆豐97購03,0,0,0,0,0,0,0,0,0,-78000,0,0,0,1025000,1103000,-78000,-78000
03880P,華新科永豐93售01,0,0,0,0,0,0,0,0,0,-78000,0,0,0,0,78000,-78000,-78000
046069,禾伸堂凱基92購01,0,0,0,0,0,0,0,0,0,-78000,0,0,0,23000,101000,-78000,-78000
049054,禾伸堂永豐94購01,0,0,0,0,0,0,0,0,0,-78000,0,0,0,0,78000,-78000,-78000
048008,聯發科富邦95購02,0,0,0,0,0,0,0,0,0,-78000,0,0,0,20000,98000,-78000,-78000
05061P,鴻海富邦96售03  ,0,0,0,0,0,0,0,0,0,-78000,0,0,0,1222000,1300000,-78000,-78000
052876,GIS凱基96購03   ,0,0,0,0,0,0,0,0,0,-78000,0,0,0,0,78000,-78000,-78000
052661,奇力新國票97購03,0,0,0,0,0,0,0,0,0,-78000,0,0,0,89000,167000,-78000,-78000
052617,景碩國泰98購01  ,0,0,0,0,0,0,0,0,0,-78000,0,0,0,14000,92000,-78000,-78000
052723,新唐統一97購01  ,0,0,0,0,0,0,0,0,0,-78000,0,0,0,0,78000,-78000,-78000
052107,台積電統一95購06,0,0,0,0,0,0,0,0,0,-78000,0,0,0,133000,211000,-78000,-78000
05665P,台積電凱基96售08,0,0,0,0,0,0,0,0,0,-78000,0,0,0,5000,83000,-78000,-78000
05599P,欣興台新96售01  ,0,0,0,0,0,0,0,0,0,-78000,0,0,0,0,78000,-78000,-78000
056291,聯茂永豐97購03  ,0,0,0,0,0,0,0,0,0,-78000,0,0,0,0,78000,-78000,-78000
5285,界霖            ,33000,110000,-77000,0,0,0,0,0,0,-1000,0,1000,-1000,0,0,0,-78000
055708,茂林永豐97購02  ,0,0,0,0,0,0,0,0,0,-79000,0,0,0,71000,150000,-79000,-79000
054828,正崴國泰99購01  ,0,0,0,0,0,0,0,0,0,-79000,0,0,0,0,79000,-79000,-79000
054338,全新統一96購01  ,0,0,0,0,0,0,0,0,0,-79000,0,0,0,57000,136000,-79000,-79000
054284,和大元大96購03  ,0,0,0,0,0,0,0,0,0,-79000,0,0,0,0,79000,-79000,-79000
054240,訊芯群益96購03  ,0,0,0,0,0,0,0,0,0,-79000,0,0,0,22000,101000,-79000,-79000
054097,淘帝國票97購01  ,0,0,0,0,0,0,0,0,0,-79000,0,0,0,0,79000,-79000,-79000
054141,TPK元大96購02   ,0,0,0,0,0,0,0,0,0,-79000,0,0,0,0,79000,-79000,-79000
048923,國巨永豐94購02  ,0,0,0,0,0,0,0,0,0,-79000,0,0,0,82000,161000,-79000,-79000
046547,大立光永豐92購05,0,0,0,0,0,0,0,0,0,-79000,0,0,0,30000,109000,-79000,-79000
044061,聯發科元大92購03,0,0,0,0,0,0,0,0,0,-79000,0,0,0,1000,80000,-79000,-79000
042918,矽格元大94購01  ,0,0,0,0,0,0,0,0,0,-79000,0,0,0,10000,89000,-79000,-79000
055324,TPK國票98購03   ,0,0,0,0,0,0,0,0,0,-79000,0,0,0,0,79000,-79000,-79000
049669,訊芯國泰95購01  ,0,0,0,0,0,0,0,0,0,-79000,0,0,0,60000,139000,-79000,-79000
049188,可成台新94購01  ,0,0,0,0,0,0,0,0,0,-79000,0,0,0,0,79000,-79000,-79000
053273,國巨元大96購08  ,0,0,0,0,0,0,0,0,0,-79000,0,0,0,111000,190000,-79000,-79000
053315,漢唐群益96購02  ,0,0,0,0,0,0,0,0,0,-79000,0,0,0,20000,99000,-79000,-79000
1464,得力            ,39000,123000,-84000,0,0,0,0,0,0,5000,2000,2000,0,5000,0,5000,-79000
2201,裕隆            ,610000,678000,-68000,0,0,0,0,0,0,-11000,0,9000,-9000,0,2000,-2000,-79000
08653P,台灣50凱基96售07,0,0,0,0,0,0,0,0,0,-79000,0,0,0,315000,394000,-79000,-79000
06099P,鴻海日盛97售03  ,0,0,0,0,0,0,0,0,0,-79000,0,0,0,0,79000,-79000,-79000
054123,易華電永豐96購03,0,0,0,0,0,0,0,0,0,-80000,0,0,0,61000,141000,-80000,-80000
054362,亞光凱基96購03  ,0,0,0,0,0,0,0,0,0,-80000,0,0,0,50000,130000,-80000,-80000
054404,新日興康和96購01,0,0,0,0,0,0,0,0,0,-80000,0,0,0,10000,90000,-80000,-80000
055781,聯詠凱基98購01  ,0,0,0,0,0,0,0,0,0,-80000,0,0,0,25000,105000,-80000,-80000
055861,矽力元大97購03  ,1000,0,1000,0,0,0,0,0,0,-81000,0,0,0,15000,96000,-81000,-80000
043231,鴻海中信95購01  ,0,0,0,0,0,0,0,0,0,-80000,0,0,0,30000,110000,-80000,-80000
04412P,欣興元富94售01  ,0,0,0,0,0,0,0,0,0,-80000,0,0,0,30000,110000,-80000,-80000
044265,滬深2X中信95購05,0,0,0,0,0,0,0,0,0,-80000,0,0,0,10000,90000,-80000,-80000
03751P,旺宏富邦95售01  ,0,0,0,0,0,0,0,0,0,-80000,0,0,0,0,80000,-80000,-80000
046933,台泥元富93購01  ,0,0,0,0,0,0,0,0,0,-80000,0,0,0,21000,101000,-80000,-80000
04589P,祥碩永豐94售01  ,0,0,0,0,0,0,0,0,0,-80000,0,0,0,0,80000,-80000,-80000
045206,創意國泰93購02  ,0,0,0,0,0,0,0,0,0,-80000,0,0,0,10000,90000,-80000,-80000
049307,上銀凱基94購03  ,0,0,0,0,0,0,0,0,0,-80000,0,0,0,100000,180000,-80000,-80000
049159,同欣電中信96購01,0,0,0,0,0,0,0,0,0,-80000,0,0,0,63000,143000,-80000,-80000
048908,慧洋富邦95購01  ,0,0,0,0,0,0,0,0,0,-80000,0,0,0,20000,100000,-80000,-80000
048865,世紀鋼群益94購01,0,0,0,0,0,0,0,0,0,-80000,0,0,0,0,80000,-80000,-80000
049531,聯詠台新94購01  ,0,0,0,0,0,0,0,0,0,-80000,0,0,0,20000,100000,-80000,-80000
055341,台達電凱基97購02,0,0,0,0,0,0,0,0,0,-80000,0,0,0,32000,112000,-80000,-80000
050497,臺指反凱基96購02,0,0,0,0,0,0,0,0,0,-80000,0,0,0,0,80000,-80000,-80000
048230,瀚宇博凱基93購03,0,0,0,0,0,0,0,0,0,-80000,0,0,0,0,80000,-80000,-80000
047885,元金2X富邦99購01,0,0,0,0,0,0,0,0,0,-80000,0,0,0,50000,130000,-80000,-80000
050122,臺指反凱基96購01,0,0,0,0,0,0,0,0,0,-80000,0,0,0,0,80000,-80000,-80000
049948,聯發科麥證94購01,0,0,0,10000,90000,-80000,0,0,0,-80000,0,0,0,10000,90000,-80000,-80000
052982,鴻海元大97購06  ,0,0,0,0,0,0,0,0,0,-80000,0,0,0,30000,110000,-80000,-80000
05295P,緯創凱基95售01  ,0,0,0,0,0,0,0,0,0,-80000,0,0,0,0,80000,-80000,-80000
052508,矽力日盛95購02  ,0,0,0,0,0,0,0,0,0,-80000,0,0,0,15000,95000,-80000,-80000
051458,臺股指元大95購18,0,0,0,0,0,0,0,0,0,-80000,0,0,0,20000,100000,-80000,-80000
051667,光磊元大96購02  ,0,0,0,0,0,0,0,0,0,-80000,0,0,0,120000,200000,-80000,-80000
051798,國巨永豐95購03  ,0,0,0,0,0,0,0,0,0,-80000,0,0,0,1000,81000,-80000,-80000
051164,鴻海元大95購05  ,0,0,0,0,0,0,0,0,0,-80000,0,0,0,0,80000,-80000,-80000
06033P,可成凱基96售09  ,0,0,0,0,0,0,0,0,0,-80000,0,0,0,20000,100000,-80000,-80000
06368P,台積電凱基97售15,0,0,0,0,0,0,0,0,0,-80000,0,0,0,30000,110000,-80000,-80000
056251,聯發科兆豐97購02,0,0,0,0,0,0,0,0,0,-80000,0,0,0,0,80000,-80000,-80000
05791P,臺股指中信99售06,0,0,0,0,0,0,0,0,0,-80000,0,0,0,20000,100000,-80000,-80000
2534,宏盛            ,6000,26000,-20000,0,0,0,0,0,0,-60000,16000,3000,13000,0,73000,-73000,-80000
6605,帝寶            ,4000,83000,-79000,0,0,0,0,0,0,-1000,0,1000,-1000,0,0,0,-80000
055843,美律元大97購02  ,0,0,0,0,0,0,0,0,0,-81000,0,0,0,180000,261000,-81000,-81000
055760,新日興群益98購02,0,0,0,0,0,0,0,0,0,-81000,0,0,0,0,81000,-81000,-81000
055182,京鼎統一98購01  ,0,0,0,0,0,0,0,0,0,-81000,0,0,0,56000,137000,-81000,-81000
054229,超眾元富96購05  ,0,0,0,0,0,0,0,0,0,-81000,0,0,0,267000,348000,-81000,-81000
053712,台光電凱基96購04,0,0,0,0,0,0,0,0,0,-81000,0,0,0,1000,82000,-81000,-81000
042388,大立光永昌93購02,0,0,0,0,0,0,0,0,0,-81000,0,0,0,18000,99000,-81000,-81000
049667,大立光國泰96購01,0,0,0,0,0,0,0,0,0,-81000,0,0,0,38000,119000,-81000,-81000
049226,元石油富邦95購01,0,0,0,0,0,0,0,0,0,-81000,0,0,0,0,81000,-81000,-81000
051707,欣興群益95購02  ,0,0,0,0,0,0,0,0,0,-81000,0,0,0,30000,111000,-81000,-81000
052424,泰碩國票97購01  ,0,0,0,0,0,0,0,0,0,-81000,0,0,0,118000,199000,-81000,-81000
052757,華邦電群益96購01,0,0,0,0,0,0,0,0,0,-81000,0,0,0,50000,131000,-81000,-81000
056490,台積電國泰99購01,0,0,0,0,0,0,0,0,0,-81000,0,0,0,0,81000,-81000,-81000
056212,台光電國票98購03,0,0,0,0,0,0,0,0,0,-81000,0,0,0,20000,101000,-81000,-81000
054099,TPK國票98購01   ,0,0,0,0,0,0,0,0,0,-82000,0,0,0,0,82000,-82000,-82000
054213,欣興國票97購04  ,0,0,0,0,0,0,0,0,0,-82000,0,0,0,0,82000,-82000,-82000
048970,裕民元大94購01  ,0,0,0,0,0,0,0,0,0,-82000,0,0,0,10000,92000,-82000,-82000
052188,欣興群益95購03  ,0,0,0,0,0,0,0,0,0,-82000,0,0,0,2000,84000,-82000,-82000
053291,旺宏中信9A購01  ,0,0,0,0,0,0,0,0,0,-82000,0,0,0,52000,134000,-82000,-82000
056141,聯茂元大97購05  ,0,0,0,0,0,0,0,0,0,-82000,0,0,0,3000,85000,-82000,-82000
05811P,臺股指國票96售04,0,0,0,0,0,0,0,0,0,-82000,0,0,0,0,82000,-82000,-82000
054484,仁寶台新96購01  ,0,0,0,0,0,0,0,0,0,-83000,0,0,0,295000,378000,-83000,-83000
03417B,臺股指凱基95熊19,0,0,0,0,0,0,0,0,0,-83000,0,0,0,1000,84000,-83000,-83000
049285,宏碁兆豐94購01  ,0,0,0,0,0,0,0,0,0,-83000,0,0,0,0,83000,-83000,-83000
04972P,緯穎元富94售03  ,0,0,0,0,0,0,0,0,0,-83000,0,0,0,17000,100000,-83000,-83000
04731P,臺股指中信96售03,0,0,0,0,0,0,0,0,0,-83000,0,0,0,44000,127000,-83000,-83000
050254,大立光富邦96購02,0,0,0,0,0,0,0,0,0,-83000,0,0,0,0,83000,-83000,-83000
053263,華邦電群益96購03,0,0,0,0,0,0,0,0,0,-83000,0,0,0,0,83000,-83000,-83000
053143,昇陽半永豐96購03,0,0,0,0,0,0,0,0,0,-83000,0,0,0,71000,154000,-83000,-83000
053183,大立光元富96購03,0,0,0,0,0,0,0,0,0,-83000,0,0,0,30000,113000,-83000,-83000
052344,台表科凱基98購01,0,0,0,0,0,0,0,0,0,-83000,0,0,0,0,83000,-83000,-83000
06143P,鴻海永豐97售02  ,0,0,0,0,0,0,0,0,0,-83000,0,0,0,4000,87000,-83000,-83000
2101,南港            ,159000,173000,-14000,0,0,0,0,0,0,-69000,0,6000,-6000,14000,77000,-63000,-83000
054637,智邦中信98購01  ,0,0,0,0,0,0,0,0,0,-84000,0,0,0,108000,192000,-84000,-84000
055256,日電貿統一99購01,0,0,0,0,0,0,0,0,0,-84000,0,0,0,36000,120000,-84000,-84000
00678,群益NBI生技     ,0,0,0,0,0,0,0,0,0,-84000,0,0,0,450000,534000,-84000,-84000
050154,可成群益94購05  ,0,0,0,0,0,0,0,0,0,-84000,0,0,0,15000,99000,-84000,-84000
050472,和大永豐94購01  ,0,0,0,0,0,0,0,0,0,-84000,0,0,0,0,84000,-84000,-84000
05228P,大立光元富95售09,0,0,0,0,0,0,0,0,0,-84000,0,0,0,31000,115000,-84000,-84000
051988,台光電元大95購01,0,0,0,0,0,0,0,0,0,-84000,0,0,0,6000,90000,-84000,-84000
05139P,臺股指凱基95售06,0,0,0,0,0,0,0,0,0,-84000,0,0,0,36000,120000,-84000,-84000
8110,華東            ,146000,199000,-53000,0,0,0,0,0,0,-31000,0,31000,-31000,0,0,0,-84000
05703P,矽力群益96售03  ,0,0,0,0,0,0,0,0,0,-84000,0,0,0,1000,85000,-84000,-84000
054831,緯穎國泰98購01  ,0,0,0,0,0,0,0,0,0,-85000,0,0,0,22000,107000,-85000,-85000
055662,上銀中信99購01  ,0,0,0,0,0,0,0,0,0,-85000,0,0,0,71000,156000,-85000,-85000
054618,訊芯永豐97購01  ,0,0,0,0,0,0,0,0,0,-85000,0,0,0,20000,105000,-85000,-85000
050203,美律群益94購04  ,0,0,0,0,0,0,0,0,0,-85000,0,0,0,52000,137000,-85000,-85000
048226,大立光凱基93購35,0,0,0,0,0,0,0,0,0,-85000,0,0,0,0,85000,-85000,-85000
048056,全新國泰94購02  ,0,0,0,0,0,0,0,0,0,-85000,0,0,0,159000,244000,-85000,-85000
049283,滬深2X中信95購10,0,0,0,0,0,0,0,0,0,-85000,0,0,0,0,85000,-85000,-85000
051290,大立光統一96購02,0,0,0,0,0,0,0,0,0,-85000,0,0,0,15000,100000,-85000,-85000
051182,旺宏永豐95購01  ,0,0,0,0,0,0,0,0,0,-85000,0,0,0,45000,130000,-85000,-85000
052322,力成元大96購01  ,0,1000,-1000,0,0,0,0,0,0,-84000,0,0,0,75000,159000,-84000,-85000
052717,正文凱基96購01  ,0,0,0,0,0,0,0,0,0,-85000,0,0,0,15000,100000,-85000,-85000
052906,緯創國票97購01  ,0,0,0,0,0,0,0,0,0,-85000,0,0,0,15000,100000,-85000,-85000
05815P,台積電凱基97售06,0,0,0,0,0,0,0,0,0,-85000,0,0,0,0,85000,-85000,-85000
05897P,國巨凱基96售12  ,0,0,0,0,0,0,0,0,0,-85000,0,0,0,0,85000,-85000,-85000
4967,十銓            ,124000,230000,-106000,0,0,0,0,0,0,21000,92000,71000,21000,0,0,0,-85000
054124,達方永豐96購02  ,0,0,0,0,0,0,0,0,0,-86000,0,0,0,0,86000,-86000,-86000
055424,聚陽群益98購01  ,0,0,0,0,0,0,0,0,0,-86000,0,0,0,32000,118000,-86000,-86000
054960,新日興元大97購02,0,0,0,0,0,0,0,0,0,-86000,0,0,0,1000,87000,-86000,-86000
048276,旺宏永豐94購01  ,0,0,0,0,0,0,0,0,0,-86000,0,0,0,2000,88000,-86000,-86000
049106,大立光富邦94購01,0,0,0,0,0,0,0,0,0,-86000,0,0,0,0,86000,-86000,-86000
049590,華新科元大94購01,0,0,0,0,0,0,0,0,0,-86000,0,0,0,6000,92000,-86000,-86000
049898,緯穎統一95購01  ,0,0,0,0,0,0,0,0,0,-86000,0,0,0,0,86000,-86000,-86000
050226,華新科中信94購01,0,0,0,0,0,0,0,0,0,-86000,0,0,0,50000,136000,-86000,-86000
050404,元大金麥證94購01,0,0,0,130000,216000,-86000,0,0,0,-86000,0,0,0,130000,216000,-86000,-86000
051423,GIS國票97購01   ,0,0,0,0,0,0,0,0,0,-86000,0,0,0,0,86000,-86000,-86000
051592,健策元大96購05  ,0,0,0,0,0,0,0,0,0,-86000,0,0,0,14000,100000,-86000,-86000
6230,超眾            ,287000,511000,-224000,0,0,0,134000,0,134000,4000,50000,1000,49000,89000,134000,-45000,-86000
06214P,國巨國票98售04  ,0,0,0,0,0,0,0,0,0,-86000,0,0,0,40000,126000,-86000,-86000
05808P,臺股指國票96售01,0,0,0,0,0,0,0,0,0,-86000,0,0,0,0,86000,-86000,-86000
056048,同欣電兆豐97購01,0,0,0,0,0,0,0,0,0,-86000,0,0,0,51000,137000,-86000,-86000
055250,華新科統一97購02,0,0,0,0,0,0,0,0,0,-87000,0,0,0,140000,227000,-87000,-87000
055618,麗豐國票98購01  ,0,0,0,0,0,0,0,0,0,-87000,0,0,0,116000,203000,-87000,-87000
054209,台積電國票97購08,0,0,0,0,0,0,0,0,0,-87000,0,0,0,101000,188000,-87000,-87000
053456,大立光元富96購04,0,0,0,0,0,0,0,0,0,-87000,0,0,0,30000,117000,-87000,-87000
053935,華通元富96購02  ,0,0,0,0,0,0,0,0,0,-87000,0,0,0,12000,99000,-87000,-87000
054029,瀚宇博凱基96購02,0,0,0,0,0,0,0,0,0,-87000,0,0,0,0,87000,-87000,-87000
053845,和大元富96購01  ,0,0,0,0,0,0,0,0,0,-87000,0,0,0,30000,117000,-87000,-87000
053824,樺漢群益96購02  ,0,0,0,0,0,0,0,0,0,-87000,0,0,0,10000,97000,-87000,-87000
04227P,滬深2X永豐94售04,0,0,0,0,0,0,0,0,0,-87000,0,0,0,145000,232000,-87000,-87000
047073,大立光兆豐94購01,0,0,0,0,0,0,0,0,0,-87000,0,0,0,9000,96000,-87000,-87000
050569,英業達中信94購01,0,0,0,0,0,0,0,0,0,-87000,0,0,0,25000,112000,-87000,-87000
050188,貿聯元大96購01  ,0,0,0,0,0,0,0,0,0,-87000,0,0,0,60000,147000,-87000,-87000
049018,光罩群益94購01  ,0,0,0,0,0,0,0,0,0,-87000,0,0,0,2000,89000,-87000,-87000
049256,瑞昱元大94購04  ,0,0,0,0,0,0,0,0,0,-87000,0,0,0,0,87000,-87000,-87000
051400,國巨永豐95購01  ,0,0,0,0,0,0,0,0,0,-87000,0,0,0,31000,118000,-87000,-87000
050864,亞光永豐95購01  ,0,0,0,0,0,0,0,0,0,-87000,0,0,0,0,87000,-87000,-87000
052984,漢唐元大96購01  ,0,0,0,0,0,0,0,0,0,-87000,0,0,0,25000,112000,-87000,-87000
052668,聯發科群益97購01,0,0,0,0,0,0,0,0,0,-87000,0,0,0,12000,99000,-87000,-87000
052431,茂林永豐95購03  ,0,0,0,0,0,0,0,0,0,-87000,0,0,0,13000,100000,-87000,-87000
055254,聯詠統一97購03  ,0,0,0,0,0,0,0,0,0,-88000,0,0,0,73000,161000,-88000,-88000
046010,大立光元富92購03,0,0,0,0,0,0,0,0,0,-88000,0,0,0,25000,113000,-88000,-88000
048381,T50反1國票94購03,0,0,0,0,0,0,0,0,0,-88000,0,0,0,2000,90000,-88000,-88000
047588,大立光永豐94購01,0,0,0,0,0,0,0,0,0,-88000,0,0,0,0,88000,-88000,-88000
047706,燿華凱基95購01  ,0,0,0,0,0,0,0,0,0,-88000,0,0,0,0,88000,-88000,-88000
050384,嘉澤國票94購02  ,0,0,0,0,0,0,0,0,0,-88000,0,0,0,0,88000,-88000,-88000
050325,台積電永豐94購05,0,0,0,0,0,0,0,0,0,-88000,0,0,0,17000,105000,-88000,-88000
052744,聯詠元大97購01  ,0,0,0,0,0,0,0,0,0,-88000,0,0,0,22000,110000,-88000,-88000
050879,樺漢統一95購02  ,0,0,0,0,0,0,0,0,0,-88000,0,0,0,220000,308000,-88000,-88000
050740,旺宏永豐94購03  ,0,0,0,0,0,0,0,0,0,-88000,0,0,0,135000,223000,-88000,-88000
051026,健策統一96購01  ,0,0,0,0,0,0,0,0,0,-88000,0,0,0,0,88000,-88000,-88000
051899,欣興國泰97購01  ,0,0,0,0,0,0,0,0,0,-88000,0,0,0,22000,110000,-88000,-88000
051998,昇陽半元大96購02,0,0,0,0,0,0,0,0,0,-88000,0,0,0,0,88000,-88000,-88000
056100,楠梓電永豐97購02,0,0,0,0,0,0,0,0,0,-88000,0,0,0,135000,223000,-88000,-88000
056125,旺宏國票98購02  ,0,30000,-30000,0,0,0,0,0,0,-58000,0,0,0,59000,117000,-58000,-88000
056263,友訊統一99購01  ,0,0,0,0,0,0,0,0,0,-88000,0,0,0,16000,104000,-88000,-88000
05877P,大立光群益96售06,0,0,0,0,0,0,0,0,0,-88000,0,0,0,83000,171000,-88000,-88000
1712,興農            ,111000,198239,-87239,0,0,0,0,0,0,-1000,5000,6000,-1000,0,0,0,-88239
053699,臺股指元大96購22,0,0,0,0,0,0,0,0,0,-89000,0,0,0,111000,200000,-89000,-89000
054382,康控群益96購03  ,0,0,0,0,0,0,0,0,0,-89000,0,0,0,118000,207000,-89000,-89000
04427P,滬深2X元大97售02,0,0,0,0,0,0,0,0,0,-89000,0,0,0,400000,489000,-89000,-89000
05002P,台積電統一95售03,0,0,0,0,0,0,0,0,0,-89000,0,0,0,5000,94000,-89000,-89000
047736,聯發科台新94購01,0,0,0,0,0,0,0,0,0,-89000,0,0,0,51000,140000,-89000,-89000
049219,聯發科國票95購01,0,0,0,0,0,0,0,0,0,-89000,0,0,0,160000,249000,-89000,-89000
051962,晶相光永豐95購02,0,0,0,0,0,0,0,0,0,-89000,0,0,0,40000,129000,-89000,-89000
051764,欣興元大95購07  ,0,0,0,0,0,0,0,0,0,-89000,0,0,0,10000,99000,-89000,-89000
050956,鈺齊群益95購01  ,0,0,0,0,0,0,0,0,0,-89000,0,0,0,50000,139000,-89000,-89000
05090P,國巨元大95售05  ,0,0,0,0,0,0,0,0,0,-89000,0,0,0,300000,389000,-89000,-89000
051088,台積電元大95購09,0,0,0,0,0,0,0,0,0,-89000,0,0,0,166000,255000,-89000,-89000
05886P,華通元富96售01  ,0,0,0,0,0,0,0,0,0,-89000,0,0,0,0,89000,-89000,-89000
1104,環泥            ,15000,104000,-89000,0,0,0,0,0,0,0,0,0,0,0,0,0,-89000
05819P,臺股指凱基96售16,0,0,0,0,0,0,0,0,0,-89000,0,0,0,0,89000,-89000,-89000
054202,樺漢富邦97購01  ,0,0,0,0,0,0,0,0,0,-90000,0,0,0,0,90000,-90000,-90000
053737,華新科麥證96購01,0,0,0,53000,143000,-90000,0,0,0,-90000,0,0,0,53000,143000,-90000,-90000
053785,聯詠元大96購05  ,0,0,0,0,0,0,0,0,0,-90000,0,0,0,10000,100000,-90000,-90000
054768,泰碩國票99購02  ,0,0,0,0,0,0,0,0,0,-90000,0,0,0,145000,235000,-90000,-90000
05558P,鴻海麥證96售01  ,0,0,0,0,94000,-94000,0,0,0,-90000,0,0,0,4000,94000,-90000,-90000
055778,美食凱基97購01  ,0,0,0,0,0,0,0,0,0,-90000,0,0,0,50000,140000,-90000,-90000
044465,元油2X群益97購01,0,0,0,0,0,0,0,0,0,-90000,0,0,0,0,90000,-90000,-90000
044347,上証2X元大94購01,0,0,0,0,0,0,0,0,0,-90000,0,0,0,0,90000,-90000,-90000
049291,華通群益94購04  ,0,0,0,0,0,0,0,0,0,-90000,0,0,0,110000,200000,-90000,-90000
048278,聯發科永豐93購03,0,0,0,0,0,0,0,0,0,-90000,0,0,0,0,90000,-90000,-90000
048911,玉晶光富邦96購01,0,0,0,0,0,0,0,0,0,-90000,0,0,0,10000,100000,-90000,-90000
049832,麗豐凱基94購05  ,0,0,0,0,0,0,0,0,0,-90000,0,0,0,10000,100000,-90000,-90000
047931,日月光凱基93購01,0,0,0,0,0,0,0,0,0,-90000,0,0,0,10000,100000,-90000,-90000
050196,嘉聯益元大97購01,0,0,0,0,0,0,0,0,0,-90000,0,0,0,68000,158000,-90000,-90000
051175,國巨凱基95購04  ,0,0,0,0,0,0,0,0,0,-90000,0,0,0,12000,102000,-90000,-90000
050911,光磊中信98購01  ,0,0,0,0,0,0,0,0,0,-90000,0,0,0,8000,98000,-90000,-90000
051848,元金2X中信98購02,0,0,0,0,0,0,0,0,0,-90000,0,0,0,0,90000,-90000,-90000
056089,同欣電統一98購01,0,0,0,0,0,0,0,0,0,-90000,0,0,0,77000,167000,-90000,-90000
056039,宏達電凱基97購02,0,0,0,0,0,0,0,0,0,-90000,0,0,0,0,90000,-90000,-90000
06225P,華新科元富97售04,0,0,0,0,0,0,0,0,0,-90000,0,0,0,14000,104000,-90000,-90000
06235P,國巨元大97售12  ,0,0,0,0,0,0,0,0,0,-90000,0,0,0,230000,320000,-90000,-90000
05888P,友達元大97售01  ,0,0,0,0,0,0,0,0,0,-90000,0,0,0,0,90000,-90000,-90000
05920P,力成元大96售04  ,0,0,0,0,0,0,0,0,0,-90000,0,0,0,10000,100000,-90000,-90000
2103,台橡            ,79000,39000,40000,0,0,0,0,0,0,-130000,0,130000,-130000,0,0,0,-90000
055943,瑞昱麥證97購01  ,0,0,0,35000,111000,-76000,0,0,0,-91000,0,0,0,35000,126000,-91000,-91000
055963,欣興元大97購04  ,0,0,0,0,0,0,0,0,0,-91000,0,0,0,186000,277000,-91000,-91000
055146,華通元大98購04  ,0,0,0,0,0,0,0,0,0,-91000,0,0,0,0,91000,-91000,-91000
053873,力成元大96購03  ,0,0,0,0,0,0,0,0,0,-91000,0,0,0,65000,156000,-91000,-91000
04283P,麗豐永豐93售03  ,0,0,0,0,0,0,0,0,0,-91000,0,0,0,0,91000,-91000,-91000
049448,光磊統一94購01  ,0,0,0,0,0,0,0,0,0,-91000,0,0,0,20000,111000,-91000,-91000
047235,嘉澤凱基93購01  ,0,0,0,0,0,0,0,0,0,-91000,0,0,0,5000,96000,-91000,-91000
052941,康控兆豐97購01  ,0,0,0,0,0,0,0,0,0,-91000,0,0,0,249000,340000,-91000,-91000
052942,聯發科中信97購04,0,0,0,0,0,0,0,0,0,-91000,0,0,0,0,91000,-91000,-91000
053191,奇鋐統一96購01  ,0,0,0,0,0,0,0,0,0,-91000,0,0,0,55000,146000,-91000,-91000
053216,京鼎凱基96購02  ,0,0,0,0,0,0,0,0,0,-91000,0,0,0,9000,100000,-91000,-91000
05848P,臺股指元大96售24,0,0,0,0,0,0,0,0,0,-91000,0,0,0,0,91000,-91000,-91000
05718P,國巨元大96售09  ,0,0,0,0,0,0,0,0,0,-91000,0,0,0,145000,236000,-91000,-91000
054616,智伸科永豐97購01,0,0,0,0,0,0,0,0,0,-92000,0,0,0,0,92000,-92000,-92000
055369,友訊元大97購01  ,0,0,0,0,0,0,0,0,0,-92000,0,0,0,13000,105000,-92000,-92000
054699,復盛永豐97購01  ,0,0,0,0,0,0,0,0,0,-92000,0,0,0,0,92000,-92000,-92000
044433,華新科元大92購06,0,0,0,0,0,0,0,0,0,-92000,0,0,0,0,92000,-92000,-92000
045627,聯電凱基93購03  ,0,0,0,0,0,0,0,0,0,-92000,0,0,0,23000,115000,-92000,-92000
049361,華通元大94購02  ,0,0,0,0,0,0,0,0,0,-92000,0,0,0,1000,93000,-92000,-92000
052907,嘉澤國票97購01  ,0,0,0,0,0,0,0,0,0,-92000,0,0,0,0,92000,-92000,-92000
053034,上海銀兆豐96購01,0,0,0,0,0,0,0,0,0,-92000,0,0,0,19000,111000,-92000,-92000
052293,泰碩國票95購03  ,0,0,0,0,0,0,0,0,0,-92000,0,0,0,97000,189000,-92000,-92000
051918,聯茂元大95購01  ,0,0,0,0,0,0,0,0,0,-92000,0,0,0,101000,193000,-92000,-92000
052011,欣興中信96購01  ,0,0,0,0,0,0,0,0,0,-92000,0,0,0,23000,115000,-92000,-92000
056003,智伸科永豐97購02,0,0,0,0,0,0,0,0,0,-92000,0,0,0,0,92000,-92000,-92000
053554,欣興凱基97購02  ,0,0,0,0,0,0,0,0,0,-93000,0,0,0,0,93000,-93000,-93000
047546,瑞昱凱基93購06  ,0,0,0,0,0,0,0,0,0,-93000,0,0,0,0,93000,-93000,-93000
047408,嘉晶統一95購01  ,0,0,0,0,0,0,0,0,0,-93000,0,0,0,22000,115000,-93000,-93000
04957P,上証2X凱基96售02,0,0,0,0,0,0,0,0,0,-93000,0,0,0,62000,155000,-93000,-93000
049585,旺宏元大95購02  ,0,0,0,0,0,0,0,0,0,-93000,0,0,0,24000,117000,-93000,-93000
047998,美律元大93購06  ,0,0,0,0,0,0,0,0,0,-93000,0,0,0,8000,101000,-93000,-93000
051217,聯發科元富95購01,0,0,0,0,0,0,0,0,0,-93000,0,0,0,5000,98000,-93000,-93000
053278,禾伸堂元大96購01,0,0,0,0,0,0,0,0,0,-93000,0,0,0,205000,298000,-93000,-93000
053192,創意統一96購01  ,0,0,0,0,0,0,0,0,0,-93000,0,0,0,81000,174000,-93000,-93000
1723,中碳            ,8000,99000,-91000,0,0,0,0,0,0,-2000,0,2000,-2000,0,0,0,-93000
054069,亞光國泰98購01  ,0,0,0,0,0,0,0,0,0,-94000,0,0,0,29000,123000,-94000,-94000
054795,合勤控群益98購01,0,0,0,0,0,0,0,0,0,-94000,0,0,0,10000,104000,-94000,-94000
04228P,貿聯永豐93售03  ,0,0,0,0,0,0,0,0,0,-94000,0,0,0,0,94000,-94000,-94000
048962,宏全康和94購01  ,0,0,0,0,0,0,0,0,0,-94000,0,0,0,0,94000,-94000,-94000
049766,滬深2X元富94購02,0,0,0,0,0,0,0,0,0,-94000,0,0,0,425000,519000,-94000,-94000
052165,訊芯永豐95購03  ,0,0,0,0,0,0,0,0,0,-94000,0,0,0,10000,104000,-94000,-94000
051573,鴻海元大95購15  ,0,0,0,0,0,0,0,0,0,-94000,0,0,0,54000,148000,-94000,-94000
2419,仲琦            ,964000,1056000,-92000,0,0,0,0,0,0,-2000,0,2000,-2000,0,0,0,-94000
9933,中鼎            ,261000,333424,-72424,0,0,0,0,0,0,-22000,0,22000,-22000,0,0,0,-94424
055958,台光電元大97購02,0,0,0,0,0,0,0,0,0,-95000,0,0,0,0,95000,-95000,-95000
055725,嘉聯益元大98購03,0,0,0,0,0,0,0,0,0,-95000,0,0,0,15000,110000,-95000,-95000
055412,旺宏富邦99購01  ,0,0,0,0,0,0,0,0,0,-95000,0,0,0,0,95000,-95000,-95000
054323,旺宏台新96購02  ,0,0,0,0,0,0,0,0,0,-95000,0,0,0,50000,145000,-95000,-95000
054644,A50正2群益9B購01,0,0,0,0,0,0,0,0,0,-95000,0,0,0,5000,100000,-95000,-95000
053709,台達電凱基96購04,0,0,0,0,0,0,0,0,0,-95000,0,0,0,10000,105000,-95000,-95000
044996,嘉晶國泰95購01  ,0,0,0,0,0,0,0,0,0,-95000,0,0,0,5000,100000,-95000,-95000
04669P,臺股指國票94售08,0,0,0,0,0,0,0,0,0,-95000,0,0,0,40000,135000,-95000,-95000
042901,中纖元大94購01  ,0,0,0,0,0,0,0,0,0,-95000,0,0,0,20000,115000,-95000,-95000
043650,喬山國泰93購02  ,0,0,0,0,0,0,0,0,0,-95000,0,0,0,5000,100000,-95000,-95000
047270,元油2X永豐94購02,0,0,0,0,0,0,0,0,0,-95000,0,0,0,0,95000,-95000,-95000
04727P,臺股指凱基96售03,0,0,0,0,0,0,0,0,0,-95000,0,0,0,5000,100000,-95000,-95000
047788,欣興群益93購05  ,0,0,0,0,0,0,0,0,0,-95000,0,0,0,778000,873000,-95000,-95000
051560,玉晶光國泰97購03,0,0,0,0,0,0,0,0,0,-95000,0,0,0,195000,290000,-95000,-95000
051195,台郡中信95購01  ,0,0,0,0,0,0,0,0,0,-95000,0,0,0,6000,101000,-95000,-95000
052196,TPK元富95購01   ,0,0,0,0,0,0,0,0,0,-95000,0,0,0,0,95000,-95000,-95000
056000,佳世達永豐97購01,0,0,0,0,0,0,0,0,0,-95000,0,0,0,0,95000,-95000,-95000
055995,華擎國泰99購01  ,0,0,0,0,0,0,0,0,0,-95000,0,0,0,827000,922000,-95000,-95000
056266,開發金統一9A購01,0,0,0,0,0,0,0,0,0,-95000,0,0,0,0,95000,-95000,-95000
05654P,台光電統一96售01,0,0,0,0,0,0,0,0,0,-95000,0,0,0,6000,101000,-95000,-95000
2355,敬鵬            ,212000,234705,-22705,0,0,0,0,0,0,-73000,0,71000,-71000,0,2000,-2000,-95705
053736,友達麥證96購01  ,0,0,0,383000,479000,-96000,0,0,0,-96000,0,0,0,383000,479000,-96000,-96000
053514,麗豐群益96購01  ,0,0,0,0,0,0,0,0,0,-96000,0,0,0,0,96000,-96000,-96000
054007,貿聯統一96購01  ,0,0,0,0,0,0,0,0,0,-96000,0,0,0,2000,98000,-96000,-96000
054233,聯發科群益96購04,0,0,0,0,0,0,0,0,0,-96000,0,0,0,2000,98000,-96000,-96000
054096,佳世達國票97購01,0,0,0,0,0,0,0,0,0,-96000,0,0,0,160000,256000,-96000,-96000
055875,光罩元富97購02  ,0,0,0,0,0,0,0,0,0,-96000,0,0,0,0,96000,-96000,-96000
04020P,南茂永豐93售02  ,0,0,0,0,0,0,0,0,0,-96000,0,0,0,0,96000,-96000,-96000
04536P,長榮航統一94售01,0,0,0,0,0,0,0,0,0,-96000,0,0,0,0,96000,-96000,-96000
046896,臻鼎群益94購01  ,0,0,0,0,0,0,0,0,0,-96000,0,0,0,93000,189000,-96000,-96000
049930,上海銀元大94購02,0,0,0,0,0,0,0,0,0,-96000,0,0,0,103000,199000,-96000,-96000
050195,上海銀元大94購03,0,0,0,0,0,0,0,0,0,-96000,0,0,0,4000,100000,-96000,-96000
04833P,鴻海元大94售16  ,0,0,0,0,0,0,0,0,0,-96000,0,0,0,62000,158000,-96000,-96000
053131,華通國票97購03  ,0,0,0,0,0,0,0,0,0,-96000,0,0,0,403000,499000,-96000,-96000
2206,三陽工業        ,21000,113000,-92000,0,0,0,0,0,0,-4000,0,4000,-4000,0,0,0,-96000
05670P,台積電國票98售01,0,0,0,0,0,0,0,0,0,-96000,0,0,0,0,96000,-96000,-96000
056073,智伸科元大97購01,0,0,0,0,0,0,0,0,0,-96000,0,0,0,4000,100000,-96000,-96000
055219,啟碁凱基98購01  ,0,0,0,0,0,0,0,0,0,-97000,0,0,0,0,97000,-97000,-97000
05512P,華新科台新97售01,0,0,0,0,0,0,0,0,0,-97000,0,0,0,6000,103000,-97000,-97000
047007,大立光統一93購05,0,0,0,0,0,0,0,0,0,-97000,0,0,0,30000,127000,-97000,-97000
044602,大立光國泰93購01,0,0,0,0,0,0,0,0,0,-97000,0,0,0,345000,442000,-97000,-97000
049306,元油2X凱基96購01,0,0,0,0,0,0,0,0,0,-97000,0,0,0,0,97000,-97000,-97000
049259,聯發科元大94購04,0,0,0,0,0,0,0,0,0,-97000,0,0,0,55000,152000,-97000,-97000
055294,智易元大98購01  ,0,0,0,0,0,0,0,0,0,-97000,0,0,0,0,97000,-97000,-97000
049896,聯發科統一94購06,0,0,0,0,0,0,0,0,0,-97000,0,0,0,52000,149000,-97000,-97000
051640,GIS國票96購03   ,0,0,0,0,0,0,0,0,0,-97000,0,0,0,4000,101000,-97000,-97000
05617P,大立光統一97售02,0,0,0,0,0,0,0,0,0,-97000,0,0,0,0,97000,-97000,-97000
055232,泰碩國票98購01  ,0,0,0,0,0,0,0,0,0,-98000,0,0,0,5000,103000,-98000,-98000
055415,禾伸堂富邦9B購01,0,0,0,0,0,0,0,0,0,-98000,0,0,0,0,98000,-98000,-98000
053787,健策元大97購02  ,0,0,0,0,0,0,0,0,0,-98000,0,0,0,14000,112000,-98000,-98000
053651,台光電凱基98購01,0,0,0,0,0,0,0,0,0,-98000,0,0,0,47000,145000,-98000,-98000
049893,日月光富邦98購01,0,0,0,0,0,0,0,0,0,-98000,0,0,0,0,98000,-98000,-98000
052119,漢唐國票96購01  ,0,0,0,0,0,0,0,0,0,-98000,0,0,0,0,98000,-98000,-98000
051926,聯電中信97購01  ,0,0,0,0,0,0,0,0,0,-98000,0,0,0,110000,208000,-98000,-98000
051935,味全群益95購01  ,0,0,0,0,0,0,0,0,0,-98000,0,0,0,27000,125000,-98000,-98000
052389,聯發科群益95購05,0,0,0,0,0,0,0,0,0,-98000,0,0,0,0,98000,-98000,-98000
06136P,華新科國泰99售02,0,0,0,0,0,0,0,0,0,-98000,0,0,0,117000,215000,-98000,-98000
1582,信錦            ,39000,141000,-102000,0,0,0,0,0,0,4000,5000,1000,4000,0,0,0,-98000
053611,聯茂麥證96購01  ,0,0,0,11000,164000,-153000,0,0,0,-99000,0,0,0,65000,164000,-99000,-99000
053475,華新科元大96購05,0,0,0,0,0,0,0,0,0,-99000,0,0,0,49000,148000,-99000,-99000
053478,京鼎元大96購01  ,0,0,0,0,0,0,0,0,0,-99000,0,0,0,2000,101000,-99000,-99000
05549P,臺股指元大96售03,0,0,0,0,0,0,0,0,0,-99000,0,0,0,0,99000,-99000,-99000
055234,昇陽半國票98購02,0,0,0,0,0,0,0,0,0,-99000,0,0,0,65000,164000,-99000,-99000
055046,上銀永豐97購01  ,0,0,0,0,0,0,0,0,0,-99000,0,0,0,44000,143000,-99000,-99000
054721,揚明光永豐97購03,0,0,0,0,0,0,0,0,0,-99000,0,0,0,0,99000,-99000,-99000
04375P,卜蜂元大94售01  ,0,0,0,0,0,0,0,0,0,-99000,0,0,0,0,99000,-99000,-99000
04346P,大立光兆豐95售02,0,0,0,0,0,0,0,0,0,-99000,0,0,0,0,99000,-99000,-99000
04466P,大立光元富94售04,0,0,0,0,0,0,0,0,0,-99000,0,0,0,52000,151000,-99000,-99000
048769,聯鈞凱基94購01  ,0,0,0,0,0,0,0,0,0,-99000,0,0,0,36000,135000,-99000,-99000
055286,晶技元大98購03  ,0,0,0,0,0,0,0,0,0,-99000,0,0,0,49000,148000,-99000,-99000
050475,揚明光永豐95購01,0,0,0,0,0,0,0,0,0,-99000,0,0,0,0,99000,-99000,-99000
050680,上銀元富94購01  ,0,0,0,0,0,0,0,0,0,-99000,0,0,0,126000,225000,-99000,-99000
048350,世紀鋼元大95購01,0,0,0,0,0,0,0,0,0,-99000,0,0,0,1000,100000,-99000,-99000
049108,玉晶光富邦96購02,0,0,0,0,0,0,0,0,0,-99000,0,0,0,10000,109000,-99000,-99000
049703,訊芯元大95購01  ,0,0,0,0,0,0,0,0,0,-99000,0,0,0,0,99000,-99000,-99000
052375,奇力新元大96購02,0,0,0,0,0,0,0,0,0,-99000,0,0,0,366000,465000,-99000,-99000
052194,旺宏元富95購04  ,0,0,0,0,0,0,0,0,0,-99000,0,0,0,73000,172000,-99000,-99000
052243,致茂康和95購01  ,0,0,0,0,0,0,0,0,0,-99000,0,0,0,6000,105000,-99000,-99000
052522,聯發科元大96購05,0,0,0,0,0,0,0,0,0,-99000,0,0,0,14000,113000,-99000,-99000
05213P,台積電國票96售05,0,0,0,0,0,0,0,0,0,-99000,0,0,0,0,99000,-99000,-99000
052052,嘉澤凱基95購02  ,0,0,0,0,0,0,0,0,0,-99000,0,0,0,0,99000,-99000,-99000
055984,大立光元富97購02,0,0,0,0,0,0,0,0,0,-99000,0,0,0,0,99000,-99000,-99000
6412,群電            ,123000,220188,-97188,0,0,0,0,0,0,-2000,0,2000,-2000,0,0,0,-99188
05478P,智伸科國票96售02,0,0,0,0,0,0,0,0,0,-100000,0,0,0,0,100000,-100000,-100000
054943,群光元大97購01  ,0,0,0,0,0,0,0,0,0,-100000,0,0,0,0,100000,-100000,-100000
05511P,T50反1台新06售01,0,0,0,0,0,0,0,0,0,-100000,0,0,0,0,100000,-100000,-100000
055101,台肥凱基97購01  ,0,0,0,0,0,0,0,0,0,-100000,0,0,0,0,100000,-100000,-100000
055108,智邦凱基98購01  ,0,0,0,0,0,0,0,0,0,-100000,0,0,0,0,100000,-100000,-100000
055409,元黃金富邦01購01,0,0,0,0,0,0,0,0,0,-100000,0,0,0,0,100000,-100000,-100000
055569,聚陽統一98購01  ,0,0,0,0,0,0,0,0,0,-100000,0,0,0,37000,137000,-100000,-100000
055913,中信金凱基97購01,0,0,0,0,0,0,0,0,0,-100000,0,0,0,0,100000,-100000,-100000
054138,晶技元大98購02  ,0,0,0,0,0,0,0,0,0,-100000,0,0,0,0,100000,-100000,-100000
054256,創意元大96購07  ,0,0,0,0,0,0,0,0,0,-100000,0,0,0,0,100000,-100000,-100000
054291,高鐵元大97購01  ,0,0,0,0,0,0,0,0,0,-100000,0,0,0,17000,117000,-100000,-100000
054608,致茂永豐97購01  ,0,0,0,0,0,0,0,0,0,-100000,0,0,0,5000,105000,-100000,-100000
054411,光磊元大97購02  ,0,0,0,0,0,0,0,0,0,-100000,0,0,0,0,100000,-100000,-100000
048770,揚明光凱基94購01,0,0,0,0,0,0,0,0,0,-100000,0,0,0,0,100000,-100000,-100000
048965,佳世達元大94購01,0,0,0,0,0,0,0,0,0,-100000,0,0,0,10000,110000,-100000,-100000
048645,創意元大94購02  ,0,0,0,0,0,0,0,0,0,-100000,0,0,0,10000,110000,-100000,-100000
049085,揚明光凱基94購03,0,0,0,0,0,0,0,0,0,-100000,0,0,0,0,100000,-100000,-100000
048651,美利達元大96購05,0,0,0,0,0,0,0,0,0,-100000,0,0,0,0,100000,-100000,-100000
045173,A50正2國票95購01,0,0,0,0,0,0,0,0,0,-100000,0,0,0,0,100000,-100000,-100000
047141,宏達電兆豐94購01,0,0,0,0,0,0,0,0,0,-100000,0,0,0,0,100000,-100000,-100000
047108,華邦電元大93購03,0,0,0,0,0,0,0,0,0,-100000,0,0,0,0,100000,-100000,-100000
047041,貿聯群益93購02  ,0,0,0,0,0,0,0,0,0,-100000,0,0,0,0,100000,-100000,-100000
044675,廣宇凱基93購02  ,0,0,0,0,0,0,0,0,0,-100000,0,0,0,0,100000,-100000,-100000
046206,為升國泰93購01  ,0,0,0,0,0,0,0,0,0,-100000,0,0,0,0,100000,-100000,-100000
046811,和大凱基93購01  ,0,0,0,0,0,0,0,0,0,-100000,0,0,0,0,100000,-100000,-100000
044673,上銀凱基93購04  ,0,0,0,0,0,0,0,0,0,-100000,0,0,0,100000,200000,-100000,-100000
044254,深中小元大94購01,0,0,0,0,0,0,0,0,0,-100000,0,0,0,0,100000,-100000,-100000
04416P,牧德元富94售06  ,0,0,0,0,0,0,0,0,0,-100000,0,0,0,0,100000,-100000,-100000
03773P,南茂元大93售01  ,0,0,0,0,0,0,0,0,0,-100000,0,0,0,0,100000,-100000,-100000
04028P,燿華凱基94售02  ,0,0,0,0,0,0,0,0,0,-100000,0,0,0,0,100000,-100000,-100000
03259P,聯發科康和02售01,0,0,0,0,0,0,0,0,0,-100000,0,0,0,0,100000,-100000,-100000
04257P,景碩國票93售01  ,0,0,0,0,0,0,0,0,0,-100000,0,0,0,0,100000,-100000,-100000
046719,元石油元大95購02,0,0,0,0,0,0,0,0,0,-100000,0,0,0,0,100000,-100000,-100000
049469,元金2X永豐94購01,0,0,0,0,0,0,0,0,0,-100000,0,0,0,0,100000,-100000,-100000
04858P,健策元富94售01  ,0,0,0,0,0,0,0,0,0,-100000,0,0,0,0,100000,-100000,-100000
048590,貿聯兆豐94購02  ,0,0,0,0,0,0,0,0,0,-100000,0,0,0,30000,130000,-100000,-100000
048575,旺宏國泰94購04  ,0,0,0,0,0,0,0,0,0,-100000,0,0,0,29000,129000,-100000,-100000
049021,慧洋群益94購01  ,0,0,0,0,0,0,0,0,0,-100000,0,0,0,0,100000,-100000,-100000
047445,創意元大93購04  ,0,0,0,0,0,0,0,0,0,-100000,0,0,0,0,100000,-100000,-100000
048880,昇陽半國票94購01,0,0,0,0,0,0,0,0,0,-100000,0,0,0,0,100000,-100000,-100000
04749P,臺股指元大94售25,0,0,0,0,0,0,0,0,0,-100000,0,0,0,0,100000,-100000,-100000
049258,美律元大94購03  ,0,0,0,0,0,0,0,0,0,-100000,0,0,0,0,100000,-100000,-100000
049279,元油2X國票94購02,0,0,0,0,0,0,0,0,0,-100000,0,0,0,0,100000,-100000,-100000
049272,世紀鋼元大96購02,0,0,0,0,0,0,0,0,0,-100000,0,0,0,0,100000,-100000,-100000
049191,元油2X永豐95購01,0,0,0,0,0,0,0,0,0,-100000,0,0,0,0,100000,-100000,-100000
049370,可成元大94購03  ,0,0,0,0,0,0,0,0,0,-100000,0,0,0,0,100000,-100000,-100000
050440,揚明光凱基94購05,0,0,0,0,0,0,0,0,0,-100000,0,0,0,0,100000,-100000,-100000
049935,南電元大94購08  ,0,0,0,0,0,0,0,0,0,-100000,0,0,0,0,100000,-100000,-100000
048486,傳奇國泰95購01  ,0,0,0,0,0,0,0,0,0,-100000,0,0,0,0,100000,-100000,-100000
051763,新光金元大98購01,0,0,0,0,0,0,0,0,0,-100000,0,0,0,0,100000,-100000,-100000
051574,鴻海元大96購06  ,0,0,0,0,0,0,0,0,0,-100000,0,0,0,0,100000,-100000,-100000
051228,聯發科群益95購03,0,0,0,0,0,0,0,0,0,-100000,0,0,0,0,100000,-100000,-100000
051304,緯創凱基96購01  ,0,0,0,0,0,0,0,0,0,-100000,0,0,0,0,100000,-100000,-100000
051346,仁寶元大95購01  ,0,0,0,0,0,0,0,0,0,-100000,0,0,0,0,100000,-100000,-100000
050749,道瓊銀統一96購03,0,0,0,0,0,0,0,0,0,-100000,0,0,0,0,100000,-100000,-100000
050987,台泥富邦95購01  ,0,0,0,0,0,0,0,0,0,-100000,0,0,0,0,100000,-100000,-100000
051023,S&P反1統一95購02,0,0,0,0,0,0,0,0,0,-100000,0,0,0,0,100000,-100000,-100000
051072,強茂國票95購02  ,0,0,0,0,0,0,0,0,0,-100000,0,0,0,120000,220000,-100000,-100000
052524,新光金元大9B購01,0,0,0,0,0,0,0,0,0,-100000,0,0,0,0,100000,-100000,-100000
052664,麗豐國票96購02  ,0,0,0,0,0,0,0,0,0,-100000,0,0,0,0,100000,-100000,-100000
052175,可成元大95購10  ,0,0,0,0,0,0,0,0,0,-100000,0,0,0,0,100000,-100000,-100000
052411,嘉聯益亞東95購02,0,0,0,0,0,0,0,0,0,-100000,0,0,0,0,100000,-100000,-100000
05338P,臺股指國票95售07,0,0,0,0,0,0,0,0,0,-100000,0,0,0,0,100000,-100000,-100000
056080,世紀鋼元大97購03,10000,0,10000,0,0,0,0,0,0,-110000,0,0,0,0,110000,-110000,-100000
056160,智易凱基97購03  ,0,0,0,0,0,0,0,0,0,-100000,0,0,0,0,100000,-100000,-100000
056312,茂林元大98購01  ,0,0,0,0,0,0,0,0,0,-100000,0,0,0,1000,101000,-100000,-100000
06301P,臺股指元大97售04,0,0,0,0,0,0,0,0,0,-100000,0,0,0,205000,305000,-100000,-100000
06363P,臺股指麥證97售02,0,0,0,0,100000,-100000,0,0,0,-100000,0,0,0,0,100000,-100000,-100000
053487,台泥兆豐97購01  ,0,0,0,0,0,0,0,0,0,-101000,0,0,0,99000,200000,-101000,-101000
04019P,聯茂永豐93售01  ,0,0,0,0,0,0,0,0,0,-101000,0,0,0,0,101000,-101000,-101000
052586,晶豪科永豐96購01,0,0,0,0,0,0,0,0,0,-101000,0,0,0,20000,121000,-101000,-101000
06026P,華通台新97售01  ,0,0,0,0,0,0,0,0,0,-101000,0,0,0,3000,104000,-101000,-101000
06004P,奇力新永豐96售02,0,0,0,0,0,0,0,0,0,-101000,0,0,0,0,101000,-101000,-101000
056322,臺股指群益98購01,0,0,0,0,0,0,0,0,0,-101000,0,0,0,0,101000,-101000,-101000
056364,亞光元大99購02  ,0,0,0,0,0,0,0,0,0,-101000,0,0,0,0,101000,-101000,-101000
053907,揚明光凱基96購01,0,0,0,0,0,0,0,0,0,-102000,0,0,0,0,102000,-102000,-102000
053926,晶相光國票97購01,0,0,0,0,0,0,0,0,0,-102000,0,0,0,0,102000,-102000,-102000
04229P,臺股指中信95售05,0,0,0,0,0,0,0,0,0,-102000,0,0,0,0,102000,-102000,-102000
04685P,訊芯元大94售02  ,0,0,0,0,0,0,0,0,0,-102000,0,0,0,10000,112000,-102000,-102000
048768,景碩凱基94購02  ,0,0,0,0,0,0,0,0,0,-102000,0,0,0,0,102000,-102000,-102000
047797,臺股指群益93購08,0,0,0,0,0,0,0,0,0,-102000,0,0,0,5000,107000,-102000,-102000
049984,揚明光凱基94購04,0,0,0,0,0,0,0,0,0,-102000,0,0,0,0,102000,-102000,-102000
050062,聯發科凱基94購08,0,0,0,0,0,0,0,0,0,-102000,0,0,0,51000,153000,-102000,-102000
050251,樺漢凱基94購02  ,0,0,0,0,0,0,0,0,0,-102000,0,0,0,35000,137000,-102000,-102000
048875,晶相光國票94購01,0,0,0,0,0,0,0,0,0,-102000,0,0,0,12000,114000,-102000,-102000
051206,大立光麥證95購02,0,0,0,14000,116000,-102000,0,0,0,-102000,0,0,0,14000,116000,-102000,-102000
055962,晶豪科元大97購02,0,0,0,0,0,0,0,0,0,-103000,0,0,0,0,103000,-103000,-103000
055720,宏達電元大97購05,0,0,0,0,0,0,0,0,0,-103000,0,0,0,0,103000,-103000,-103000
054907,帆宣康和97購01  ,0,0,0,0,0,0,0,0,0,-103000,0,0,0,0,103000,-103000,-103000
045073,可成元大93購01  ,0,0,0,0,0,0,0,0,0,-103000,0,0,0,0,103000,-103000,-103000
046241,聯發科中信94購02,0,0,0,0,0,0,0,0,0,-103000,0,0,0,200000,303000,-103000,-103000
00713,元大台灣高息低波,0,43000,-43000,0,0,0,0,0,0,-60000,0,0,0,0,60000,-60000,-103000
049866,景碩兆豐94購01  ,0,0,0,0,0,0,0,0,0,-103000,0,0,0,259000,362000,-103000,-103000
050442,復盛凱基94購01  ,0,0,0,0,0,0,0,0,0,-103000,0,0,0,45000,148000,-103000,-103000
050092,鴻海永豐94購04  ,0,0,0,0,0,0,0,0,0,-103000,0,0,0,513000,616000,-103000,-103000
048237,致茂國票94購01  ,0,0,0,0,0,0,0,0,0,-103000,0,0,0,25000,128000,-103000,-103000
053386,聯詠元大96購03  ,0,0,0,0,0,0,0,0,0,-103000,0,0,0,67000,170000,-103000,-103000
053153,大立光元大99購02,0,0,0,0,0,0,0,0,0,-103000,0,0,0,63000,166000,-103000,-103000
052912,日月光統一96購01,0,0,0,0,0,0,0,0,0,-103000,0,0,0,54000,157000,-103000,-103000
056353,鴻海元大99購02  ,0,0,0,0,0,0,0,0,0,-103000,0,0,0,20000,123000,-103000,-103000
05653P,華邦電統一96售02,0,0,0,0,0,0,0,0,0,-103000,0,0,0,61000,164000,-103000,-103000
05900P,臺股指凱基99售05,0,0,0,0,0,0,0,0,0,-103000,0,0,0,0,103000,-103000,-103000
1325,恆大            ,17000,120000,-103000,0,0,0,0,0,0,0,0,0,0,0,0,0,-103000
2855,統一證          ,344000,447000,-103000,0,0,0,0,0,0,0,0,0,0,0,0,0,-103000
055654,景碩元富97購01  ,0,0,0,0,0,0,0,0,0,-104000,0,0,0,10000,114000,-104000,-104000
054596,聯發科麥證97購01,0,0,0,120000,224000,-104000,0,0,0,-104000,0,0,0,120000,224000,-104000,-104000
050282,T50反1凱基97購01,0,0,0,0,0,0,0,0,0,-104000,0,0,0,0,104000,-104000,-104000
04767P,台積電國泰95售04,0,0,0,0,0,0,0,0,0,-104000,0,0,0,24000,128000,-104000,-104000
049238,元油2X元富96購08,0,0,0,0,0,0,0,0,0,-104000,0,0,0,0,104000,-104000,-104000
052507,日月光日盛95購02,0,0,0,0,0,0,0,0,0,-104000,0,0,0,0,104000,-104000,-104000
051492,臻鼎凱基95購01  ,0,0,0,0,0,0,0,0,0,-104000,0,0,0,5000,109000,-104000,-104000
052088,漢唐元大95購02  ,0,0,0,0,0,0,0,0,0,-104000,0,0,0,0,104000,-104000,-104000
051832,復盛元大95購01  ,0,0,0,0,0,0,0,0,0,-104000,0,0,0,0,104000,-104000,-104000
1701,中化            ,84000,184000,-100000,0,0,0,0,0,0,-4000,0,4000,-4000,0,0,0,-104000
06123P,玉晶光元大97售04,0,0,0,0,0,0,0,0,0,-104000,0,0,0,5000,109000,-104000,-104000
06056P,台積電凱基98售02,0,0,0,0,0,0,0,0,0,-104000,0,0,0,0,104000,-104000,-104000
054504,聯鈞永豐96購01  ,0,0,0,0,0,0,0,0,0,-105000,0,0,0,68000,173000,-105000,-105000
053904,漢唐凱基97購01  ,0,0,0,0,0,0,0,0,0,-105000,0,0,0,0,105000,-105000,-105000
053855,康友國泰98購01  ,0,0,0,0,0,0,0,0,0,-105000,0,0,0,80000,185000,-105000,-105000
054921,文曄凱基97購01  ,0,0,0,0,0,0,0,0,0,-105000,0,0,0,0,105000,-105000,-105000
04454P,大立光富邦98售02,0,0,0,0,0,0,0,0,0,-105000,0,0,0,0,105000,-105000,-105000
045600,道瓊指國票95購01,0,0,0,0,0,0,0,0,0,-105000,0,0,0,0,105000,-105000,-105000
042561,南電兆豐92購01  ,0,0,0,0,0,0,0,0,0,-105000,0,0,0,50000,155000,-105000,-105000
047545,智邦凱基93購05  ,0,0,0,0,0,0,0,0,0,-105000,0,0,0,14000,119000,-105000,-105000
050618,緯創元大95購01  ,0,0,0,0,0,0,0,0,0,-105000,0,0,0,10000,115000,-105000,-105000
048093,聯發科凱基93購30,0,0,0,0,0,0,0,0,0,-105000,0,0,0,0,105000,-105000,-105000
049964,強茂元富94購01  ,0,0,0,0,0,0,0,0,0,-105000,0,0,0,0,105000,-105000,-105000
052026,漢唐群益95購01  ,0,0,0,0,0,0,0,0,0,-105000,0,0,0,61000,166000,-105000,-105000
051284,上銀統一95購02  ,0,0,0,0,0,0,0,0,0,-105000,0,0,0,180000,285000,-105000,-105000
051435,聯茂元富95購01  ,0,0,0,0,0,0,0,0,0,-105000,0,0,0,0,105000,-105000,-105000
052251,台光電永豐95購03,0,0,0,0,0,0,0,0,0,-105000,0,0,0,0,105000,-105000,-105000
053201,美律日盛96購01  ,0,0,0,0,0,0,0,0,0,-105000,0,0,0,30000,135000,-105000,-105000
06118P,上証2X凱基98售03,0,0,0,0,0,0,0,0,0,-105000,0,0,0,105000,210000,-105000,-105000
056385,創意國泰99購01  ,0,0,0,0,0,0,0,0,0,-105000,0,0,0,3000,108000,-105000,-105000
2538,基泰            ,0,101000,-101000,0,0,0,0,0,0,-4000,0,4000,-4000,0,0,0,-105000
055435,佳世達中信99購01,0,0,0,0,0,0,0,0,0,-106000,0,0,0,76000,182000,-106000,-106000
053751,康控永豐96購02  ,0,0,0,0,0,0,0,0,0,-106000,0,0,0,68000,174000,-106000,-106000
054370,台積電中信9A購01,0,0,0,0,0,0,0,0,0,-106000,0,0,0,79000,185000,-106000,-106000
03415B,臺股指元大93熊49,0,0,0,0,0,0,0,0,0,-106000,0,0,0,179000,285000,-106000,-106000
055352,奇力新凱基97購01,0,0,0,0,0,0,0,0,0,-106000,0,0,0,7000,113000,-106000,-106000
048404,大立光群益93購11,0,0,0,0,0,0,0,0,0,-106000,0,0,0,11000,117000,-106000,-106000
053371,滬深2X元大99購01,0,0,0,0,0,0,0,0,0,-106000,0,0,0,0,106000,-106000,-106000
051789,嘉澤國票96購01  ,0,0,0,0,0,0,0,0,0,-106000,0,0,0,0,106000,-106000,-106000
051647,華新科永豐95購02,0,0,0,0,0,0,0,0,0,-106000,0,0,0,46000,152000,-106000,-106000
3703,欣陸            ,46000,147000,-101000,0,0,0,0,0,0,-5000,0,5000,-5000,0,0,0,-106000
5531,鄉林            ,89000,195000,-106000,0,0,0,0,0,0,0,8000,8000,0,0,0,0,-106000
053741,漢唐國票97購03  ,0,0,0,0,0,0,0,0,0,-107000,0,0,0,18000,125000,-107000,-107000
055744,茂林元富97購02  ,0,0,0,0,0,0,0,0,0,-107000,0,0,0,32000,139000,-107000,-107000
055944,日月光麥證97購01,0,0,0,6000,113000,-107000,0,0,0,-107000,0,0,0,6000,113000,-107000,-107000
055910,瑞昱凱基98購01  ,0,0,0,0,0,0,0,0,0,-107000,0,0,0,0,107000,-107000,-107000
054966,貿聯元大98購02  ,0,0,0,0,0,0,0,0,0,-107000,0,0,0,22000,129000,-107000,-107000
055056,億光永豐97購01  ,0,0,0,0,0,0,0,0,0,-107000,0,0,0,6000,113000,-107000,-107000
03414B,臺股指凱基99熊01,0,0,0,0,0,0,0,0,0,-107000,0,0,0,51000,158000,-107000,-107000
00757,統一FANG+       ,0,0,0,0,0,0,0,0,0,-107000,0,0,0,208000,315000,-107000,-107000
006208,富邦台50        ,0,0,0,0,0,0,0,0,0,-107000,0,0,0,539000,646000,-107000,-107000
05531P,臺股指群益96售04,0,0,0,0,0,0,0,0,0,-107000,0,0,0,5000,112000,-107000,-107000
051109,美律統一95購02  ,0,0,0,0,0,0,0,0,0,-107000,0,0,0,96000,203000,-107000,-107000
5871,中租-KY         ,2184146,2227714,-43568,0,0,0,0,25879,-25879,-38000,1000,39000,-38000,0,0,0,-107447
055877,奇鋐元富97購01  ,0,0,0,0,0,0,0,0,0,-108000,0,0,0,10000,118000,-108000,-108000
053582,英業達元大97購01,0,0,0,0,0,0,0,0,0,-108000,0,0,0,50000,158000,-108000,-108000
03422B,臺股指凱基96熊28,0,0,0,0,0,0,0,0,0,-108000,0,0,0,0,108000,-108000,-108000
046870,大立光統一95購01,0,0,0,0,0,0,0,0,0,-108000,0,0,0,0,108000,-108000,-108000
048874,玉晶光國票96購01,0,0,0,0,0,0,0,0,0,-108000,0,0,0,10000,118000,-108000,-108000
047482,新光金凱基99購03,0,0,0,0,0,0,0,0,0,-108000,0,0,0,0,108000,-108000,-108000
052565,上銀凱基96購01  ,0,0,0,0,0,0,0,0,0,-108000,0,0,0,60000,168000,-108000,-108000
052725,為升元富96購01  ,0,0,0,0,0,0,0,0,0,-108000,0,0,0,2000,110000,-108000,-108000
1522,堤維西          ,76000,183000,-107000,0,0,0,0,0,0,-1000,0,1000,-1000,0,0,0,-108000
055979,聯鈞統一97購03  ,0,0,0,0,0,0,0,0,0,-108000,0,0,0,0,108000,-108000,-108000
06393P,台積電元大97售27,0,0,0,0,0,0,0,0,0,-108000,0,0,0,17000,125000,-108000,-108000
053560,漢唐國泰98購01  ,0,0,0,0,0,0,0,0,0,-109000,0,0,0,168000,277000,-109000,-109000
054599,正崴台新97購01  ,0,0,0,0,0,0,0,0,0,-109000,0,0,0,0,109000,-109000,-109000
046928,奇鋐富邦97購01  ,0,0,0,0,0,0,0,0,0,-109000,0,0,0,100000,209000,-109000,-109000
046934,智邦元富96購01  ,0,0,0,0,0,0,0,0,0,-109000,0,0,0,0,109000,-109000,-109000
048744,儒鴻元富97購01  ,0,0,0,0,0,0,0,0,0,-109000,0,0,0,5000,114000,-109000,-109000
047274,華新科永豐93購02,0,0,0,0,0,0,0,0,0,-109000,0,0,0,40000,149000,-109000,-109000
053009,大成鋼統一96購02,0,0,0,0,0,0,0,0,0,-109000,0,0,0,48000,157000,-109000,-109000
053001,力山永豐96購01  ,0,0,0,0,0,0,0,0,0,-109000,0,0,0,25000,134000,-109000,-109000
051277,聯發科中信9A購01,0,0,0,0,0,0,0,0,0,-109000,0,0,0,0,109000,-109000,-109000
050825,嘉澤凱基95購01  ,0,0,0,0,0,0,0,0,0,-109000,0,0,0,2000,111000,-109000,-109000
052173,廣達元大95購02  ,0,0,0,0,0,0,0,0,0,-109000,0,0,0,4000,113000,-109000,-109000
2474,可成            ,2342000,2538184,-196184,0,0,0,0,0,0,87000,27000,9000,18000,99000,30000,69000,-109184
053730,樺漢凱基98購01  ,0,0,0,0,0,0,0,0,0,-110000,0,0,0,20000,130000,-110000,-110000
054944,精元元大97購01  ,0,0,0,0,0,0,0,0,0,-110000,0,0,0,50000,160000,-110000,-110000
048973,禾伸堂元大94購01,0,0,0,0,0,0,0,0,0,-110000,0,0,0,0,110000,-110000,-110000
048979,晶相光元大94購03,0,0,0,0,0,0,0,0,0,-110000,0,0,0,148000,258000,-110000,-110000
046385,群創凱基98購03  ,0,0,0,0,0,0,0,0,0,-110000,0,0,0,10000,120000,-110000,-110000
047372,創意國票94購01  ,0,0,0,0,0,0,0,0,0,-110000,0,0,0,10000,120000,-110000,-110000
049455,上海銀統一94購02,0,0,0,0,0,0,0,0,0,-110000,0,0,0,0,110000,-110000,-110000
049599,樺漢元大95購01  ,0,0,0,0,0,0,0,0,0,-110000,0,0,0,12000,122000,-110000,-110000
04758P,國巨凱基94售03  ,0,0,0,0,0,0,0,0,0,-110000,0,0,0,0,110000,-110000,-110000
049000,元油2X中信95購02,0,0,0,0,0,0,0,0,0,-110000,0,0,0,0,110000,-110000,-110000
049176,漢唐凱基94購02  ,0,0,0,0,0,0,0,0,0,-110000,0,0,0,0,110000,-110000,-110000
050274,GIS元大94購05   ,0,0,0,0,0,0,0,0,0,-110000,0,0,0,20000,130000,-110000,-110000
052934,中磊元大96購01  ,0,0,0,0,0,0,0,0,0,-110000,0,0,0,38000,148000,-110000,-110000
053198,亞德客日盛96購01,0,0,0,0,0,0,0,0,0,-110000,0,0,0,30000,140000,-110000,-110000
053211,漢唐凱基96購03  ,0,0,0,0,0,0,0,0,0,-110000,0,0,0,0,110000,-110000,-110000
052434,茂林國泰97購01  ,0,0,0,0,0,0,0,0,0,-110000,0,0,0,30000,140000,-110000,-110000
1527,鑽全            ,30000,140000,-110000,0,0,0,0,0,0,0,0,0,0,0,0,0,-110000
05790P,臺股指永昌96售07,0,0,0,0,0,0,0,0,0,-110000,0,0,0,0,110000,-110000,-110000
05447P,臺股指元大95售24,0,0,0,0,0,0,0,0,0,-111000,0,0,0,7000,118000,-111000,-111000
046460,聯鈞凱基93購02  ,0,0,0,0,0,0,0,0,0,-111000,0,0,0,86000,197000,-111000,-111000
047042,佐登群益93購01  ,0,0,0,0,0,0,0,0,0,-111000,0,0,0,0,111000,-111000,-111000
046648,和鑫國泰94購01  ,0,0,0,0,0,0,0,0,0,-111000,0,0,0,10000,121000,-111000,-111000
051202,智邦麥證95購01  ,0,0,0,20000,131000,-111000,0,0,0,-111000,0,0,0,20000,131000,-111000,-111000
056007,上銀中信97購02  ,0,0,0,0,0,0,0,0,0,-111000,0,0,0,0,111000,-111000,-111000
2524,京城            ,1000,110000,-109000,0,0,0,0,0,0,-2000,0,2000,-2000,0,0,0,-111000
3563,牧德            ,61000,292000,-231000,0,0,0,40000,0,40000,80000,43000,15000,28000,68000,16000,52000,-111000
3036,文曄            ,237000,319000,-82000,0,0,0,0,0,0,-29000,35000,32000,3000,23000,55000,-32000,-111000
054492,嘉聯益台新96購01,0,0,0,0,0,0,0,0,0,-112000,0,0,0,0,112000,-112000,-112000
053770,元金2X元大98購01,0,0,0,0,0,0,0,0,0,-112000,0,0,0,0,112000,-112000,-112000
04459P,元油2X元富94售08,0,0,0,0,0,0,0,0,0,-112000,0,0,0,0,112000,-112000,-112000
03411P,欣興元大02售08  ,0,0,0,0,0,0,0,0,0,-112000,0,0,0,0,112000,-112000,-112000
044819,新日興兆豐93購02,0,0,0,0,0,0,0,0,0,-112000,0,0,0,0,112000,-112000,-112000
049104,元油2X富邦97購02,0,0,0,0,0,0,0,0,0,-112000,0,0,0,0,112000,-112000,-112000
048897,日電貿國泰95購01,0,0,0,0,0,0,0,0,0,-112000,0,0,0,40000,152000,-112000,-112000
051214,大立光統一95購02,0,0,0,0,0,0,0,0,0,-112000,0,0,0,10000,122000,-112000,-112000
051611,鈺齊群益95購02  ,0,0,0,0,0,0,0,0,0,-112000,0,0,0,12000,124000,-112000,-112000
051550,日電貿永豐95購01,0,0,0,0,0,0,0,0,0,-112000,0,0,0,17000,129000,-112000,-112000
052528,茂林元大95購05  ,0,0,0,0,0,0,0,0,0,-112000,0,0,0,162000,274000,-112000,-112000
054261,智伸科元大96購03,0,0,0,0,0,0,0,0,0,-113000,0,0,0,0,113000,-113000,-113000
05415P,台積電台新95售04,0,0,0,0,0,0,0,0,0,-113000,0,0,0,0,113000,-113000,-113000
055075,南電永豐97購01  ,0,0,0,0,0,0,0,0,0,-113000,0,0,0,0,113000,-113000,-113000
03956P,欣興統一93售02  ,0,0,0,0,0,0,0,0,0,-113000,0,0,0,0,113000,-113000,-113000
047286,美律統一93購02  ,0,0,0,0,0,0,0,0,0,-113000,0,0,0,308000,421000,-113000,-113000
04784P,超眾元富94售01  ,0,0,0,0,0,0,0,0,0,-113000,0,0,0,30000,143000,-113000,-113000
052568,漢唐凱基96購02  ,0,0,0,0,0,0,0,0,0,-113000,0,0,0,0,113000,-113000,-113000
052153,GIS富邦96購02   ,0,0,0,0,0,0,0,0,0,-113000,0,0,0,10000,123000,-113000,-113000
056270,群創統一98購04  ,0,0,0,0,0,0,0,0,0,-113000,0,0,0,166000,279000,-113000,-113000
056356,台積電元大99購01,0,0,0,0,0,0,0,0,0,-113000,0,0,0,315000,428000,-113000,-113000
03899P,滬深2X群益95售03,0,0,0,0,0,0,0,0,0,-114000,0,0,0,93000,207000,-114000,-114000
049890,嘉澤國泰95購01  ,0,0,0,0,0,0,0,0,0,-114000,0,0,0,0,114000,-114000,-114000
048566,上海銀元大93購04,0,0,0,0,0,0,0,0,0,-114000,0,0,0,46000,160000,-114000,-114000
050587,緯穎國票94購02  ,0,0,0,0,0,0,0,0,0,-114000,0,0,0,15000,129000,-114000,-114000
048571,美利達元大96購03,0,0,0,0,0,0,0,0,0,-114000,0,0,0,0,114000,-114000,-114000
048572,美利達元大96購04,0,0,0,0,0,0,0,0,0,-114000,0,0,0,0,114000,-114000,-114000
051073,同欣電國票96購01,0,0,0,0,0,0,0,0,0,-114000,0,0,0,66000,180000,-114000,-114000
1604,聲寶            ,10000,122000,-112000,0,0,0,0,0,0,-2000,0,2000,-2000,0,0,0,-114000
054972,聯茂元大97購02  ,0,0,0,0,0,0,0,0,0,-115000,0,0,0,118000,233000,-115000,-115000
054965,健策元大98購04  ,0,0,0,0,0,0,0,0,0,-115000,0,0,0,12000,127000,-115000,-115000
054938,國巨元大97購04  ,0,0,0,0,0,0,0,0,0,-115000,0,0,0,116000,231000,-115000,-115000
03085P,台積電元大01售34,0,0,0,0,0,0,0,0,0,-115000,0,0,0,0,115000,-115000,-115000
03640P,百和凱基93售05  ,0,0,0,0,0,0,0,0,0,-115000,0,0,0,0,115000,-115000,-115000
045053,聯發科元富98購01,0,0,0,0,0,0,0,0,0,-115000,0,0,0,187000,302000,-115000,-115000
050304,台光電中信94購01,0,0,0,0,0,0,0,0,0,-115000,0,0,0,100000,215000,-115000,-115000
04820P,聯茂永豐94售02  ,0,0,0,0,0,0,0,0,0,-115000,0,0,0,30000,145000,-115000,-115000
050992,台積電元大97購01,0,0,0,0,0,0,0,0,0,-115000,0,0,0,664000,779000,-115000,-115000
052861,台光電凱基96購03,0,0,0,0,0,0,0,0,0,-115000,0,0,0,0,115000,-115000,-115000
6177,達麗            ,0,113000,-113000,0,0,0,0,0,0,-2000,0,2000,-2000,0,0,0,-115000
056154,宏達電凱基97購03,0,0,0,0,0,0,0,0,0,-115000,0,0,0,33000,148000,-115000,-115000
056135,緯創元大98購01  ,0,0,0,0,0,0,0,0,0,-115000,0,0,0,62000,177000,-115000,-115000
05835P,臺股指元富96售07,0,0,0,0,0,0,0,0,0,-115000,0,0,0,10000,125000,-115000,-115000
054379,光磊群益98購01  ,0,0,0,0,0,0,0,0,0,-116000,0,0,0,22000,138000,-116000,-116000
054418,茂林元大97購01  ,0,0,0,0,0,0,0,0,0,-116000,0,0,0,12000,128000,-116000,-116000
048340,聯發科元大93購25,0,0,0,0,0,0,0,0,0,-116000,0,0,0,25000,141000,-116000,-116000
047536,正崴日盛93購01  ,0,0,0,0,0,0,0,0,0,-116000,0,0,0,69000,185000,-116000,-116000
048402,聯茂兆豐95購01  ,0,0,0,0,0,0,0,0,0,-116000,0,0,0,0,116000,-116000,-116000
049695,新光金元大9A購01,0,0,0,0,0,0,0,0,0,-116000,0,0,0,0,116000,-116000,-116000
053169,貿聯群益97購01  ,0,0,0,0,0,0,0,0,0,-116000,0,0,0,24000,140000,-116000,-116000
053299,台泥凱基96購01  ,0,0,0,0,0,0,0,0,0,-116000,0,0,0,100000,216000,-116000,-116000
053318,全新群益99購01  ,0,0,0,0,0,0,0,0,0,-116000,0,0,0,49000,165000,-116000,-116000
050997,麗豐元大95購03  ,0,0,0,0,0,0,0,0,0,-116000,0,0,0,18000,134000,-116000,-116000
050804,和大日盛95購01  ,0,0,0,0,0,0,0,0,0,-116000,0,0,0,23000,139000,-116000,-116000
056027,樺漢群益97購02  ,0,0,0,0,0,0,0,0,0,-116000,0,0,0,1000,117000,-116000,-116000
6504,南六            ,121000,257000,-136000,0,0,0,0,0,0,20000,16000,1000,15000,5000,0,5000,-116000
054563,泰碩群益99購01  ,0,0,0,0,0,0,0,0,0,-117000,0,0,0,11000,128000,-117000,-117000
054017,茂林永豐96購02  ,0,0,0,0,0,0,0,0,0,-117000,0,0,0,90000,207000,-117000,-117000
054702,智邦第一97購01  ,0,0,0,0,0,0,0,0,0,-117000,0,0,0,0,117000,-117000,-117000
049079,聯發科凱基94購04,0,0,0,0,0,0,0,0,0,-117000,0,0,0,0,117000,-117000,-117000
046864,和大統一97購01  ,0,0,0,0,0,0,0,0,0,-117000,0,0,0,592000,709000,-117000,-117000
04421P,玉晶光永豐94售02,0,0,0,0,0,0,0,0,0,-117000,0,0,0,20000,137000,-117000,-117000
04340P,易華電元大94售02,0,0,0,0,0,0,0,0,0,-117000,0,0,0,10000,127000,-117000,-117000
049177,美律凱基94購02  ,0,0,0,0,0,0,0,0,0,-117000,0,0,0,0,117000,-117000,-117000
052211,台積電元大95購22,0,0,0,0,0,0,0,0,0,-117000,0,0,0,183000,300000,-117000,-117000
05732P,臺股指統一96售02,0,0,0,0,0,0,0,0,0,-117000,0,0,0,5000,122000,-117000,-117000
06104P,大立光凱基97售04,0,0,0,0,0,0,0,0,0,-117000,0,0,0,4000,121000,-117000,-117000
2548,華固            ,112000,215044,-103044,0,0,0,0,0,0,-14000,2000,20000,-18000,21000,17000,4000,-117044
055057,興勤永豐97購01  ,0,0,0,0,0,0,0,0,0,-118000,0,0,0,0,118000,-118000,-118000
055231,大毅國票98購02  ,0,0,0,0,0,0,0,0,0,-118000,0,0,0,47000,165000,-118000,-118000
053968,華邦電元大97購01,0,0,0,0,0,0,0,0,0,-118000,0,0,0,0,118000,-118000,-118000
054613,大立光永豐97購02,0,0,0,0,0,0,0,0,0,-118000,0,0,0,0,118000,-118000,-118000
054378,楠梓電群益98購01,0,0,0,0,0,0,0,0,0,-118000,0,0,0,46000,164000,-118000,-118000
050230,聯發科麥證94購02,0,0,0,50000,168000,-118000,0,0,0,-118000,0,0,0,50000,168000,-118000,-118000
050231,聯發科麥證94購03,0,0,0,45000,163000,-118000,0,0,0,-118000,0,0,0,45000,163000,-118000,-118000
052477,美律群益98購01  ,0,0,0,0,0,0,0,0,0,-118000,0,0,0,30000,148000,-118000,-118000
052848,聯發科統一96購03,0,0,0,0,0,0,0,0,0,-118000,0,0,0,151000,269000,-118000,-118000
053115,滬深2X中信97購01,0,0,0,0,0,0,0,0,0,-118000,0,0,0,246000,364000,-118000,-118000
051816,臺股指凱基95購07,0,0,0,0,0,0,0,0,0,-118000,0,0,0,365000,483000,-118000,-118000
06376P,上銀統一99售01  ,0,0,0,0,0,0,0,0,0,-118000,0,0,0,147000,265000,-118000,-118000
056468,鴻海元大98購07  ,0,0,0,0,0,0,0,0,0,-118000,0,0,0,125000,243000,-118000,-118000
053928,智易國票97購03  ,0,0,0,0,0,0,0,0,0,-119000,0,0,0,0,119000,-119000,-119000
055672,國巨日盛97購02  ,0,0,0,0,0,0,0,0,0,-119000,0,0,0,105000,224000,-119000,-119000
055592,奇力新元大97購07,0,0,0,0,0,0,0,0,0,-119000,0,0,0,157000,276000,-119000,-119000
043170,喬山國泰93購01  ,0,0,0,0,0,0,0,0,0,-119000,0,0,0,0,119000,-119000,-119000
00830,國泰費城半導體  ,0,35000,-35000,0,0,0,0,0,0,-84000,0,0,0,102000,186000,-84000,-119000
050674,瑞昱富邦94購02  ,0,0,0,0,0,0,0,0,0,-119000,0,0,0,50000,169000,-119000,-119000
04914P,國巨國泰95售06  ,0,0,0,0,0,0,0,0,0,-119000,0,0,0,8000,127000,-119000,-119000
049549,瀚宇博群益94購01,0,0,0,0,0,0,0,0,0,-119000,0,0,0,0,119000,-119000,-119000
052140,鈺齊凱基95購02  ,0,0,0,0,0,0,0,0,0,-119000,0,0,0,0,119000,-119000,-119000
051388,大立光麥證95購03,0,0,0,0,119000,-119000,0,0,0,-119000,0,0,0,0,119000,-119000,-119000
052667,漢唐群益96購01  ,0,0,0,0,0,0,0,0,0,-119000,0,0,0,93000,212000,-119000,-119000
05383P,鴻海富邦95售06  ,0,0,0,0,0,0,0,0,0,-120000,0,0,0,60000,180000,-120000,-120000
03969P,華新科國票94售01,0,0,0,0,0,0,0,0,0,-120000,0,0,0,0,120000,-120000,-120000
043735,元金2X元大94購01,0,0,0,0,0,0,0,0,0,-120000,0,0,0,0,120000,-120000,-120000
042326,元油2X國票94購01,0,0,0,0,0,0,0,0,0,-120000,0,0,0,0,120000,-120000,-120000
044995,大立光國泰94購01,0,0,0,0,0,0,0,0,0,-120000,0,0,0,50000,170000,-120000,-120000
04532P,臺股指凱基94售04,0,0,0,0,0,0,0,0,0,-120000,0,0,0,0,120000,-120000,-120000
048298,華通麥證94購01  ,0,0,0,10000,130000,-120000,0,0,0,-120000,0,0,0,10000,130000,-120000,-120000
04762P,聯詠凱基94售03  ,0,0,0,0,0,0,0,0,0,-120000,0,0,0,0,120000,-120000,-120000
052833,康控群益96購01  ,0,0,0,0,0,0,0,0,0,-120000,0,0,0,506000,626000,-120000,-120000
052790,智邦兆豐97購01  ,0,0,0,0,0,0,0,0,0,-120000,0,0,0,139000,259000,-120000,-120000
051429,智邦元富95購01  ,0,0,0,0,0,0,0,0,0,-120000,0,0,0,519000,639000,-120000,-120000
050875,訊芯永豐95購01  ,0,0,0,0,0,0,0,0,0,-120000,0,0,0,0,120000,-120000,-120000
051076,緯創國泰96購01  ,0,0,0,0,0,0,0,0,0,-120000,0,0,0,105000,225000,-120000,-120000
051923,聯發科日盛95購02,0,0,0,0,0,0,0,0,0,-120000,0,0,0,0,120000,-120000,-120000
051762,國泰金元大95購01,0,0,0,0,0,0,0,0,0,-120000,0,0,0,10000,130000,-120000,-120000
056380,麗豐元富98購01  ,0,0,0,0,0,0,0,0,0,-120000,0,0,0,0,120000,-120000,-120000
05701P,彩晶凱基96售01  ,0,0,0,0,0,0,0,0,0,-120000,0,0,0,0,120000,-120000,-120000
054519,禾伸堂元大97購02,0,0,0,0,0,0,0,0,0,-121000,0,0,0,109000,230000,-121000,-121000
055079,台光電中信97購01,0,0,0,0,0,0,0,0,0,-121000,0,0,0,73000,194000,-121000,-121000
045484,聯電亞東94購01  ,0,0,0,0,0,0,0,0,0,-121000,0,0,0,0,121000,-121000,-121000
050119,瀚宇博元大95購03,0,0,0,0,0,0,0,0,0,-121000,0,0,0,4000,125000,-121000,-121000
05687P,臺股指元大96售12,0,0,0,0,0,0,0,0,0,-121000,0,0,0,6000,127000,-121000,-121000
056099,上銀永豐97購02  ,0,0,0,0,0,0,0,0,0,-121000,0,0,0,0,121000,-121000,-121000
056201,華新科永豐98購01,0,0,0,0,0,0,0,0,0,-121000,0,0,0,20000,141000,-121000,-121000
05934P,國巨凱基96售13  ,0,0,0,0,0,0,0,0,0,-121000,0,0,0,0,121000,-121000,-121000
054853,TPK國票98購02   ,0,0,0,0,0,0,0,0,0,-122000,0,0,0,38000,160000,-122000,-122000
054987,凱美元富97購01  ,0,0,0,0,0,0,0,0,0,-122000,0,0,0,213000,335000,-122000,-122000
054505,揚明光永豐97購02,0,0,0,0,0,0,0,0,0,-122000,0,0,0,2000,124000,-122000,-122000
043728,美律國泰93購01  ,0,0,0,0,0,0,0,0,0,-122000,0,0,0,32000,154000,-122000,-122000
050443,復盛凱基94購02  ,0,0,0,0,0,0,0,0,0,-122000,0,0,0,31000,153000,-122000,-122000
05154P,台積電兆豐95售05,0,0,0,0,0,0,0,0,0,-122000,0,0,0,10000,132000,-122000,-122000
051099,台郡元大95購03  ,0,0,0,0,0,0,0,0,0,-122000,0,0,0,8000,130000,-122000,-122000
052616,鴻海國泰98購02  ,0,0,0,0,0,0,0,0,0,-122000,0,0,0,20000,142000,-122000,-122000
052217,台光電日盛95購01,0,0,0,0,0,0,0,0,0,-122000,0,0,0,4000,126000,-122000,-122000
052929,可成元大96購02  ,0,0,0,0,0,0,0,0,0,-122000,0,0,0,0,122000,-122000,-122000
2455,全新            ,240000,319000,-79000,0,0,0,0,0,0,-43000,47000,92000,-45000,7000,5000,2000,-122000
053561,玉晶光國泰98購01,0,0,0,0,0,0,0,0,0,-123000,0,0,0,40000,163000,-123000,-123000
045462,美律元大93購04  ,0,0,0,0,0,0,0,0,0,-123000,0,0,0,0,123000,-123000,-123000
046703,瑞昱元富95購01  ,0,0,0,0,0,0,0,0,0,-123000,0,0,0,12000,135000,-123000,-123000
03896P,長榮航凱基95售01,0,0,0,0,0,0,0,0,0,-123000,0,0,0,112000,235000,-123000,-123000
048704,台表科國票95購01,0,0,0,0,0,0,0,0,0,-123000,0,0,0,77000,200000,-123000,-123000
048514,嘉澤凱基93購06  ,0,0,0,0,0,0,0,0,0,-123000,0,0,0,0,123000,-123000,-123000
048914,川湖台新94購01  ,0,0,0,0,0,0,0,0,0,-123000,0,0,0,151000,274000,-123000,-123000
051152,鴻海國泰97購01  ,0,0,0,0,0,0,0,0,0,-123000,0,0,0,100000,223000,-123000,-123000
052084,台泥元大95購01  ,0,0,0,0,0,0,0,0,0,-123000,0,0,0,90000,213000,-123000,-123000
054872,瀚宇博群益98購01,0,0,0,0,0,0,0,0,0,-124000,0,0,0,1000,125000,-124000,-124000
05525P,奇力新群益96售02,0,0,0,0,0,0,0,0,0,-124000,0,0,0,11000,135000,-124000,-124000
049675,台光電國票95購01,0,0,0,0,0,0,0,0,0,-124000,0,0,0,68000,192000,-124000,-124000
053059,聯發科永昌99購01,0,0,0,0,0,0,0,0,0,-124000,0,0,0,105000,229000,-124000,-124000
053182,大立光元富96購02,0,0,0,0,0,0,0,0,0,-124000,0,0,0,14000,138000,-124000,-124000
053237,揚明光永豐96購03,0,0,0,0,0,0,0,0,0,-124000,0,0,0,0,124000,-124000,-124000
052357,揚明光永豐95購03,0,0,0,0,0,0,0,0,0,-124000,0,0,0,0,124000,-124000,-124000
06422P,勤誠統一98售01  ,0,0,0,0,0,0,0,0,0,-124000,0,0,0,140000,264000,-124000,-124000
056137,聯鈞元大9A購01  ,0,0,0,0,0,0,0,0,0,-124000,0,0,0,0,124000,-124000,-124000
056348,S&P反1元大9A購01,0,0,0,0,0,0,0,0,0,-124000,0,0,0,0,124000,-124000,-124000
053420,華邦電永豐96購01,0,0,0,0,0,0,0,0,0,-125000,0,0,0,0,125000,-125000,-125000
050560,聯詠統一94購02  ,0,0,0,0,0,0,0,0,0,-125000,0,0,0,128000,253000,-125000,-125000
050315,和碩兆豐95購01  ,0,0,0,0,0,0,0,0,0,-125000,0,0,0,60000,185000,-125000,-125000
051662,大立光永昌96購03,0,0,0,0,0,0,0,0,0,-125000,0,0,0,106000,231000,-125000,-125000
05800P,台積電兆豐96售04,0,0,0,0,0,0,0,0,0,-125000,0,0,0,0,125000,-125000,-125000
056101,光磊永豐98購01  ,0,0,0,0,0,0,0,0,0,-125000,0,0,0,63000,188000,-125000,-125000
1802,台玻            ,171000,279000,-108000,0,0,0,0,0,0,-17000,0,17000,-17000,0,0,0,-125000
047197,美律統一94購01  ,0,0,0,0,0,0,0,0,0,-126000,0,0,0,0,126000,-126000,-126000
050314,晶技兆豐94購01  ,0,0,0,0,0,0,0,0,0,-126000,0,0,0,52000,178000,-126000,-126000
049763,美食國泰96購01  ,0,0,0,0,0,0,0,0,0,-126000,0,0,0,494000,620000,-126000,-126000
050751,聯電統一94購05  ,0,0,0,0,0,0,0,0,0,-126000,0,0,0,50000,176000,-126000,-126000
2511,太子            ,87000,176000,-89000,0,0,0,0,0,0,-37000,0,37000,-37000,0,0,0,-126000
06206P,台積電凱基97售11,0,0,0,0,0,0,0,0,0,-126000,0,0,0,160000,286000,-126000,-126000
05995P,T50正2中信9C售01,0,0,0,0,0,0,0,0,0,-126000,0,0,0,51000,177000,-126000,-126000
2034,允強            ,17000,141464,-124464,0,0,0,0,0,0,-2000,0,2000,-2000,0,0,0,-126464
055660,台光電兆豐97購01,0,0,0,0,0,0,0,0,0,-127000,0,0,0,294000,421000,-127000,-127000
048705,GIS國票95購01   ,0,0,0,0,0,0,0,0,0,-127000,0,0,0,60000,187000,-127000,-127000
048869,光罩國票94購01  ,0,0,0,0,0,0,0,0,0,-127000,0,0,0,0,127000,-127000,-127000
051570,和碩富邦97購01  ,0,0,0,0,0,0,0,0,0,-127000,0,0,0,259000,386000,-127000,-127000
052764,景碩群益98購01  ,0,0,0,0,0,0,0,0,0,-127000,0,0,0,0,127000,-127000,-127000
3413,京鼎            ,130000,253000,-123000,0,0,0,11000,0,11000,-15000,5000,21000,-16000,16000,15000,1000,-127000
056114,台達電群益97購02,0,0,0,0,0,0,0,0,0,-127000,0,0,0,11000,138000,-127000,-127000
055657,超眾元富97購02  ,0,0,0,0,0,0,0,0,0,-128000,0,0,0,239000,367000,-128000,-128000
055463,國喬凱基97購01  ,0,0,0,0,0,0,0,0,0,-128000,0,0,0,10000,138000,-128000,-128000
055220,緯穎凱基98購02  ,0,0,0,0,0,0,0,0,0,-128000,0,0,0,72000,200000,-128000,-128000
054377,臺股指中信99購09,0,0,0,0,0,0,0,0,0,-128000,0,0,0,298000,426000,-128000,-128000
054207,國巨國票98購01  ,0,0,0,0,0,0,0,0,0,-128000,0,0,0,19000,147000,-128000,-128000
054280,牧德群益98購01  ,0,0,0,0,0,0,0,0,0,-128000,0,0,0,45000,173000,-128000,-128000
048842,矽格凱基94購01  ,0,0,0,0,0,0,0,0,0,-128000,0,0,0,15000,143000,-128000,-128000
04639P,臺股指群益94售14,0,0,0,0,0,0,0,0,0,-128000,0,0,0,44000,172000,-128000,-128000
03102P,臺股指凱基03售08,0,0,0,0,0,0,0,0,0,-128000,0,0,0,0,128000,-128000,-128000
042805,智邦統一93購01  ,0,0,0,0,0,0,0,0,0,-128000,0,0,0,330000,458000,-128000,-128000
05057P,鴻海國票96售01  ,0,0,0,0,0,0,0,0,0,-128000,0,0,0,0,128000,-128000,-128000
056127,致新國票98購02  ,0,0,0,0,0,0,0,0,0,-128000,0,0,0,0,128000,-128000,-128000
05986P,大立光統一97售03,0,0,0,0,0,0,0,0,0,-128000,0,0,0,14000,142000,-128000,-128000
00730,富邦臺灣優質高息,0,0,0,0,0,0,0,0,0,-129000,0,0,0,140000,269000,-129000,-129000
056361,美律元大99購02  ,0,0,0,0,0,0,0,0,0,-129000,0,0,0,7000,136000,-129000,-129000
2609,陽明            ,53000,182000,-129000,0,0,0,0,0,0,0,0,0,0,0,0,0,-129000
053594,京鼎元大96購02  ,0,0,0,0,0,0,0,0,0,-130000,0,0,0,0,130000,-130000,-130000
053858,台達電元大96購05,0,0,0,0,0,0,0,0,0,-130000,0,0,0,0,130000,-130000,-130000
055244,國巨統一98購01  ,0,0,0,0,0,0,0,0,0,-130000,0,0,0,51000,181000,-130000,-130000
055030,帆宣國泰99購02  ,0,0,0,0,0,0,0,0,0,-130000,0,0,0,136000,266000,-130000,-130000
054871,明泰群益98購01  ,0,0,0,0,0,0,0,0,0,-130000,0,0,0,0,130000,-130000,-130000
054895,南電統一97購01  ,0,0,0,0,0,0,0,0,0,-130000,0,0,0,115000,245000,-130000,-130000
055453,華邦電元富97購01,0,0,0,0,0,0,0,0,0,-130000,0,0,0,0,130000,-130000,-130000
03763P,聯發科元富96售01,0,0,0,0,0,0,0,0,0,-130000,0,0,0,0,130000,-130000,-130000
03882P,鴻海元大93售10  ,0,0,0,0,0,0,0,0,0,-130000,0,0,0,435000,565000,-130000,-130000
042470,元油2X元大93購04,0,0,0,0,0,0,0,0,0,-130000,0,0,0,0,130000,-130000,-130000
046770,聯發科國泰94購01,0,0,0,0,0,0,0,0,0,-130000,0,0,0,186000,316000,-130000,-130000
05062P,大立光富邦98售03,0,0,0,0,0,0,0,0,0,-130000,0,0,0,30000,160000,-130000,-130000
047584,元金2X永豐95購01,0,0,0,0,0,0,0,0,0,-130000,0,0,0,250000,380000,-130000,-130000
049322,志超凱基94購02  ,0,0,0,0,0,0,0,0,0,-130000,0,0,0,0,130000,-130000,-130000
051677,達方元大95購01  ,0,0,0,0,0,0,0,0,0,-130000,0,0,0,76000,206000,-130000,-130000
051391,聯發科兆豐95購02,0,0,0,0,0,0,0,0,0,-130000,0,0,0,0,130000,-130000,-130000
051343,鴻海元大95購07  ,0,0,0,0,0,0,0,0,0,-130000,0,0,0,86000,216000,-130000,-130000
053529,國巨麥證96購01  ,0,0,0,40000,221000,-181000,0,0,0,-131000,0,0,0,90000,221000,-131000,-131000
054333,茂林永豐96購03  ,0,0,0,0,0,0,0,0,0,-131000,0,0,0,68000,199000,-131000,-131000
048941,牧德永豐94購02  ,0,0,0,0,0,0,0,0,0,-131000,0,0,0,168000,299000,-131000,-131000
049563,華新統一95購01  ,0,0,0,0,0,0,0,0,0,-131000,0,0,0,45000,176000,-131000,-131000
049595,麗豐元大95購01  ,0,0,0,0,0,0,0,0,0,-131000,0,0,0,40000,171000,-131000,-131000
051511,鈺齊中信97購01  ,0,0,0,0,0,0,0,0,0,-131000,0,0,0,9000,140000,-131000,-131000
6558,興能高          ,55000,117000,-62000,0,0,0,0,68000,-68000,-1000,0,1000,-1000,0,0,0,-131000
053965,聯電元大98購04  ,0,0,0,0,0,0,0,0,0,-132000,0,0,0,0,132000,-132000,-132000
055673,旺宏日盛97購01  ,0,0,0,0,0,0,0,0,0,-132000,0,0,0,0,132000,-132000,-132000
00646,元大S&P500      ,1000,0,1000,0,0,0,0,0,0,-133000,0,0,0,11000,144000,-133000,-132000
049478,祥碩永豐94購02  ,0,0,0,0,0,0,0,0,0,-132000,0,0,0,20000,152000,-132000,-132000
049733,旺宏群益94購03  ,0,0,0,0,0,0,0,0,0,-132000,0,0,0,0,132000,-132000,-132000
049144,瑞昱元大94購03  ,0,0,0,0,0,0,0,0,0,-132000,0,0,0,20000,152000,-132000,-132000
052154,緯創台新95購01  ,0,0,0,0,0,0,0,0,0,-132000,0,0,0,0,132000,-132000,-132000
05111P,台積電統一95售04,0,0,0,0,0,0,0,0,0,-132000,0,0,0,0,132000,-132000,-132000
052320,緯創元大95購05  ,0,0,0,0,0,0,0,0,0,-132000,0,0,0,15000,147000,-132000,-132000
052905,潤泰全國票97購01,0,0,0,0,0,0,0,0,0,-132000,0,0,0,0,132000,-132000,-132000
3014,聯陽            ,58000,183000,-125000,0,0,0,0,0,0,-7000,0,7000,-7000,0,0,0,-132000
056508,揚明光永豐98購01,0,0,0,0,0,0,0,0,0,-132000,0,0,0,0,132000,-132000,-132000
08897P,國巨群益01售10  ,0,0,0,0,0,0,0,0,0,-132000,0,0,0,15000,147000,-132000,-132000
054804,南亞元大9A購01  ,0,0,0,0,0,0,0,0,0,-133000,0,0,0,68000,201000,-133000,-133000
048547,訊芯永豐93購03  ,0,0,0,0,0,0,0,0,0,-133000,0,0,0,5000,138000,-133000,-133000
04946P,華通元大94售04  ,0,0,0,0,0,0,0,0,0,-133000,0,0,0,0,133000,-133000,-133000
052545,康控元富95購02  ,0,0,0,0,0,0,0,0,0,-133000,0,0,0,20000,153000,-133000,-133000
05823P,臺股指凱基96售20,0,0,0,0,0,0,0,0,0,-133000,0,0,0,50000,183000,-133000,-133000
056001,美食永豐97購01  ,0,0,0,0,0,0,0,0,0,-133000,0,0,0,0,133000,-133000,-133000
055378,晶相光元大97購02,0,0,0,0,0,0,0,0,0,-134000,0,0,0,112000,246000,-134000,-134000
03416B,臺股指凱基95熊05,0,0,0,0,0,0,0,0,0,-134000,0,0,0,2000,136000,-134000,-134000
050647,聯發科凱基96購01,0,0,0,0,0,0,0,0,0,-134000,0,0,0,23000,157000,-134000,-134000
05225P,鴻海統一95售09  ,0,0,0,0,0,0,0,0,0,-134000,0,0,0,30000,164000,-134000,-134000
051007,台光電麥證95購01,0,0,0,30000,164000,-134000,0,0,0,-134000,0,0,0,30000,164000,-134000,-134000
050965,揚明光永豐96購01,0,0,0,0,0,0,0,0,0,-134000,0,0,0,5000,139000,-134000,-134000
1905,華紙            ,5000,135000,-130000,0,0,0,0,0,0,-4000,0,4000,-4000,0,0,0,-134000
055172,凱美統一97購02  ,0,0,0,0,0,0,0,0,0,-135000,0,0,0,6000,141000,-135000,-135000
055192,世芯元富97購01  ,0,0,0,0,0,0,0,0,0,-135000,0,0,0,7000,142000,-135000,-135000
055089,金寶群益98購01  ,0,0,0,0,0,0,0,0,0,-135000,0,0,0,132000,267000,-135000,-135000
054835,致新中信97購01  ,0,0,0,0,0,0,0,0,0,-135000,0,0,0,15000,150000,-135000,-135000
055414,奇力新富邦9B購01,0,0,0,0,0,0,0,0,0,-135000,0,0,0,56000,191000,-135000,-135000
055835,華邦電元大97購03,0,0,0,0,0,0,0,0,0,-135000,0,0,0,0,135000,-135000,-135000
04395P,台積電群益94售06,0,0,0,0,0,0,0,0,0,-135000,0,0,0,0,135000,-135000,-135000
049700,瀚宇博元大97購01,0,0,0,0,0,0,0,0,0,-135000,0,0,0,62000,197000,-135000,-135000
051902,T50反1元大97購01,0,0,0,0,0,0,0,0,0,-135000,0,0,0,35000,170000,-135000,-135000
052371,元金2X元大95購01,0,0,0,0,0,0,0,0,0,-135000,0,0,0,0,135000,-135000,-135000
3698,隆達            ,110000,198000,-88000,0,0,0,0,0,0,-47000,11000,39000,-28000,0,19000,-19000,-135000
05853P,欣興群益96售05  ,0,0,0,0,0,0,0,0,0,-135000,0,0,0,0,135000,-135000,-135000
06120P,大立光凱基98售05,0,0,0,0,0,0,0,0,0,-135000,0,0,0,0,135000,-135000,-135000
055722,聯鈞元大97購03  ,0,0,0,0,0,0,0,0,0,-136000,0,0,0,44000,180000,-136000,-136000
04374P,深中小元大94售03,0,0,0,0,0,0,0,0,0,-136000,0,0,0,4000,140000,-136000,-136000
046727,新光金元大93購03,0,0,0,0,0,0,0,0,0,-136000,0,0,0,0,136000,-136000,-136000
047591,訊芯永豐93購02  ,0,0,0,0,0,0,0,0,0,-136000,0,0,0,0,136000,-136000,-136000
052006,康友富邦98購01  ,0,0,0,0,0,0,0,0,0,-136000,0,0,0,60000,196000,-136000,-136000
051758,瑞昱元大95購01  ,0,0,0,0,0,0,0,0,0,-136000,0,0,0,19000,155000,-136000,-136000
05839P,臺股指富邦96售06,0,0,0,0,0,0,0,0,0,-136000,0,0,0,8000,144000,-136000,-136000
07866P,上証2X國票97售01,0,0,0,0,0,0,0,0,0,-136000,0,0,0,204000,340000,-136000,-136000
056065,奇鋐元大97購01  ,0,0,0,0,0,0,0,0,0,-136000,0,0,0,0,136000,-136000,-136000
055820,矽力國票98購02  ,0,0,0,0,0,0,0,0,0,-137000,0,0,0,75000,212000,-137000,-137000
055095,啟碁群益98購01  ,0,0,0,0,0,0,0,0,0,-137000,0,0,0,64000,201000,-137000,-137000
053587,京元電元大98購01,0,0,0,0,0,0,0,0,0,-137000,0,0,0,133000,270000,-137000,-137000
049769,和鑫元富96購01  ,0,0,0,0,0,0,0,0,0,-137000,0,0,0,10000,147000,-137000,-137000
050529,矽格元大94購05  ,0,0,0,0,0,0,0,0,0,-137000,0,0,0,120000,257000,-137000,-137000
055333,晶豪科兆豐97購01,0,0,0,0,0,0,0,0,0,-137000,0,0,0,0,137000,-137000,-137000
052390,聯詠群益95購03  ,0,0,0,0,0,0,0,0,0,-137000,0,0,0,0,137000,-137000,-137000
052289,為升元富95購02  ,0,0,0,0,0,0,0,0,0,-137000,0,0,0,121000,258000,-137000,-137000
052909,上銀統一96購01  ,0,0,0,0,0,0,0,0,0,-137000,0,0,0,54000,191000,-137000,-137000
9938,百和            ,502000,488000,14000,0,0,0,100000,239000,-139000,-12000,6000,17000,-11000,3000,4000,-1000,-137000
054552,聯發科凱基98購03,0,0,0,0,0,0,0,0,0,-138000,0,0,0,80000,218000,-138000,-138000
055902,同欣電中信99購01,0,0,0,0,0,0,0,0,0,-138000,0,0,0,2000,140000,-138000,-138000
055574,美律統一97購01  ,0,0,0,0,0,0,0,0,0,-138000,0,0,0,83000,221000,-138000,-138000
048066,樺漢統一93購01  ,0,0,0,0,0,0,0,0,0,-138000,0,0,0,37000,175000,-138000,-138000
054314,嘉聯益凱基97購01,0,0,0,0,0,0,0,0,0,-139000,0,0,0,1000,140000,-139000,-139000
053196,康控元富96購01  ,0,0,0,0,0,0,0,0,0,-139000,0,0,0,16000,155000,-139000,-139000
051700,深中小群益99購04,0,0,0,0,0,0,0,0,0,-139000,0,0,0,2000,141000,-139000,-139000
050828,康控凱基95購01  ,0,0,0,0,0,0,0,0,0,-139000,0,0,0,10000,149000,-139000,-139000
051360,緯創元大95購03  ,0,0,0,0,0,0,0,0,0,-139000,0,0,0,17000,156000,-139000,-139000
3023,信邦            ,310400,496000,-185600,0,0,0,16000,0,16000,30000,32000,2000,30000,1000,1000,0,-139600
054436,高鐵台新97購02  ,0,0,0,0,0,0,0,0,0,-140000,0,0,0,0,140000,-140000,-140000
05563P,台積電元大97售07,0,0,0,0,0,0,0,0,0,-140000,0,0,0,501000,641000,-140000,-140000
050393,樺漢統一94購01  ,0,0,0,0,0,0,0,0,0,-140000,0,0,0,85000,225000,-140000,-140000
050252,聯發科國泰95購01,0,0,0,0,0,0,0,0,0,-140000,0,0,0,162000,302000,-140000,-140000
050168,緯創富邦95購01  ,0,0,0,0,0,0,0,0,0,-140000,0,0,0,20000,160000,-140000,-140000
049813,康控元大96購02  ,0,0,0,0,0,0,0,0,0,-140000,0,0,0,100000,240000,-140000,-140000
049128,滬深2X元大97購03,0,0,0,0,0,0,0,0,0,-140000,0,0,0,0,140000,-140000,-140000
05095P,景碩元大95售01  ,0,0,0,0,0,0,0,0,0,-140000,0,0,0,10000,150000,-140000,-140000
050986,上証2X永昌97購01,0,0,0,0,0,0,0,0,0,-140000,0,0,0,10000,150000,-140000,-140000
05174P,元金2X富邦9B售01,0,0,0,0,0,0,0,0,0,-140000,0,0,0,172000,312000,-140000,-140000
051994,瀚宇博元大96購01,0,0,0,0,0,0,0,0,0,-140000,0,0,0,10000,150000,-140000,-140000
052958,T50反1凱基99購02,0,0,0,0,0,0,0,0,0,-140000,0,0,0,0,140000,-140000,-140000
052453,崇越元大95購01  ,0,0,0,0,0,0,0,0,0,-140000,0,0,0,100000,240000,-140000,-140000
054761,台光電國票98購02,0,0,0,0,0,0,0,0,0,-141000,0,0,0,20000,161000,-141000,-141000
054661,嘉聯益元大97購03,0,0,0,0,0,0,0,0,0,-141000,0,0,0,2000,143000,-141000,-141000
04217P,漢唐國票93售01  ,0,0,0,0,0,0,0,0,0,-141000,0,0,0,0,141000,-141000,-141000
042941,永冠國票93購01  ,0,0,0,0,0,0,0,0,0,-141000,0,0,0,148000,289000,-141000,-141000
052399,台光電凱基95購03,0,0,0,0,0,0,0,0,0,-141000,0,0,0,0,141000,-141000,-141000
053016,鈺齊統一96購01  ,0,0,0,0,0,0,0,0,0,-141000,0,0,0,0,141000,-141000,-141000
056171,鴻海元富97購10  ,0,0,0,0,0,0,0,0,0,-141000,0,0,0,708000,849000,-141000,-141000
056331,聯鈞國票99購01  ,0,0,0,0,0,0,0,0,0,-141000,0,0,0,0,141000,-141000,-141000
054594,國巨麥證97購01  ,0,0,0,2000,144000,-142000,0,0,0,-142000,0,0,0,2000,144000,-142000,-142000
054480,和碩中信98購01  ,0,0,0,0,0,0,0,0,0,-142000,0,0,0,9000,151000,-142000,-142000
055422,康控永豐97購01  ,0,0,0,0,0,0,0,0,0,-142000,0,0,0,71000,213000,-142000,-142000
055800,欣興永豐97購02  ,0,0,0,0,0,0,0,0,0,-142000,0,0,0,0,142000,-142000,-142000
03608P,鴻海元大92售14  ,0,0,0,0,0,0,0,0,0,-142000,0,0,0,0,142000,-142000,-142000
04475P,欣興元大94售03  ,0,0,0,0,0,0,0,0,0,-142000,0,0,0,0,142000,-142000,-142000
050307,欣興中信95購01  ,0,0,0,0,0,0,0,0,0,-142000,0,0,0,58000,200000,-142000,-142000
053164,台光電群益96購02,0,0,0,0,0,0,0,0,0,-142000,0,0,0,105000,247000,-142000,-142000
052134,智邦凱基95購09  ,0,0,0,0,0,0,0,0,0,-142000,0,0,0,165000,307000,-142000,-142000
3645,達邁            ,64000,196000,-132000,0,0,0,0,0,0,-10000,0,10000,-10000,0,0,0,-142000
2108,南帝            ,16000,156000,-140000,0,0,0,0,0,0,-2000,0,2000,-2000,0,0,0,-142000
05460P,台郡凱基95售05  ,0,0,0,0,0,0,0,0,0,-143000,0,0,0,0,143000,-143000,-143000
04756P,大立光元富94售08,0,0,0,0,0,0,0,0,0,-143000,0,0,0,17000,160000,-143000,-143000
048630,南亞元大93購01  ,0,0,0,0,0,0,0,0,0,-143000,0,0,0,0,143000,-143000,-143000
051687,大立光凱基95購12,0,0,0,0,0,0,0,0,0,-143000,0,0,0,48000,191000,-143000,-143000
051353,聯發科元大95購08,0,0,0,0,0,0,0,0,0,-143000,0,0,0,57000,200000,-143000,-143000
053018,旺宏元富96購02  ,0,0,0,0,0,0,0,0,0,-143000,0,0,0,111000,254000,-143000,-143000
052463,聯電統一96購01  ,0,0,0,0,0,0,0,0,0,-143000,0,0,0,48000,191000,-143000,-143000
054265,GIS元大96購03   ,0,0,0,0,0,0,0,0,0,-144000,0,0,0,6000,150000,-144000,-144000
04078P,臺股指凱基93售14,0,0,0,0,0,0,0,0,0,-144000,0,0,0,20000,164000,-144000,-144000
00653L,富邦印度正2     ,8000,133000,-125000,0,0,0,0,0,0,-19000,0,0,0,110000,129000,-19000,-144000
04890P,台積電元大95售05,0,0,0,0,0,0,0,0,0,-144000,0,0,0,100000,244000,-144000,-144000
049685,T50反1元大94購01,0,0,0,0,0,0,0,0,0,-144000,0,0,0,30000,174000,-144000,-144000
050678,美律統一94購04  ,0,0,0,0,0,0,0,0,0,-144000,0,0,0,64000,208000,-144000,-144000
05229P,台積電群益95售05,0,0,0,0,0,0,0,0,0,-144000,0,0,0,64000,208000,-144000,-144000
053025,燿華富邦98購02  ,0,0,0,0,0,0,0,0,0,-144000,0,0,0,288000,432000,-144000,-144000
053138,華邦電富邦96購01,0,0,0,0,0,0,0,0,0,-144000,0,0,0,205000,349000,-144000,-144000
05094P,大立光元大95售07,0,0,0,0,0,0,0,0,0,-144000,0,0,0,10000,154000,-144000,-144000
056277,上銀富邦99購02  ,0,0,0,0,0,0,0,0,0,-144000,0,0,0,151000,295000,-144000,-144000
053918,美律國票97購01  ,0,0,0,0,0,0,0,0,0,-145000,0,0,0,0,145000,-145000,-145000
055195,昇陽半元富97購02,0,0,0,0,0,0,0,0,0,-145000,0,0,0,0,145000,-145000,-145000
049761,亞德客國泰95購03,0,0,0,0,0,0,0,0,0,-145000,0,0,0,134000,279000,-145000,-145000
04768P,大立光國泰96售03,0,0,0,0,0,0,0,0,0,-145000,0,0,0,95000,240000,-145000,-145000
053302,國巨凱基96購10  ,0,0,0,0,0,0,0,0,0,-145000,0,0,0,71000,216000,-145000,-145000
056250,瑞昱兆豐97購02  ,0,0,0,0,0,0,0,0,0,-145000,0,0,0,0,145000,-145000,-145000
06134P,緯穎元富97售03  ,0,0,0,0,0,0,0,0,0,-145000,0,0,0,70000,215000,-145000,-145000
1714,和桐            ,1078000,1249000,-171000,0,0,0,0,0,0,26000,31000,5000,26000,0,0,0,-145000
054755,世紀鋼凱基98購01,0,0,0,0,0,0,0,0,0,-146000,0,0,0,20000,166000,-146000,-146000
054621,華新科兆豐98購01,0,0,0,0,0,0,0,0,0,-146000,0,0,0,35000,181000,-146000,-146000
054507,鈺齊永豐96購01  ,0,0,0,0,0,0,0,0,0,-146000,0,0,0,352000,498000,-146000,-146000
049311,漢唐凱基94購03  ,0,0,0,0,0,0,0,0,0,-146000,0,0,0,0,146000,-146000,-146000
052456,滬深2X元富9B購03,0,0,0,0,0,0,0,0,0,-146000,0,0,0,203000,349000,-146000,-146000
056066,奇鋐元大98購02  ,0,0,0,0,0,0,0,0,0,-146000,0,0,0,0,146000,-146000,-146000
053993,旺宏群益98購02  ,0,0,0,0,0,0,0,0,0,-147000,0,0,0,66000,213000,-147000,-147000
053468,鴻海元大98購01  ,0,0,0,0,0,0,0,0,0,-147000,0,0,0,158000,305000,-147000,-147000
054950,奇力新元大98購02,0,0,0,0,0,0,0,0,0,-147000,0,0,0,114000,261000,-147000,-147000
055214,聯電凱基97購02  ,0,0,0,0,0,0,0,0,0,-147000,0,0,0,10000,157000,-147000,-147000
056407,嘉晶國票99購01  ,0,0,0,0,0,0,0,0,0,-147000,0,0,0,0,147000,-147000,-147000
055207,致新中信99購01  ,0,0,0,0,0,0,0,0,0,-148000,0,0,0,10000,158000,-148000,-148000
055437,禾伸堂中信99購01,0,0,0,0,0,0,0,0,0,-148000,0,0,0,15000,163000,-148000,-148000
055386,致新元大97購02  ,0,0,0,0,0,0,0,0,0,-148000,0,0,0,138000,286000,-148000,-148000
054674,台光電台新97購01,0,0,0,0,0,0,0,0,0,-148000,0,0,0,2000,150000,-148000,-148000
054246,國巨元大96購12  ,0,0,0,0,0,0,0,0,0,-148000,0,0,0,132000,280000,-148000,-148000
047009,大立光統一93購07,0,0,0,0,0,0,0,0,0,-148000,0,0,0,1000,149000,-148000,-148000
049165,元油2X凱基97購01,0,0,0,0,0,0,0,0,0,-148000,0,0,0,0,148000,-148000,-148000
050117,麗豐元大96購02  ,0,0,0,0,0,0,0,0,0,-148000,0,0,0,427000,575000,-148000,-148000
05287P,鴻海元富95售09  ,0,0,0,0,0,0,0,0,0,-148000,0,0,0,30000,178000,-148000,-148000
1229,聯華            ,135000,284000,-149000,0,0,0,0,0,0,1000,7000,6000,1000,0,0,0,-148000
054012,廣達永豐96購01  ,0,0,0,0,0,0,0,0,0,-149000,0,0,0,80000,229000,-149000,-149000
053969,瑞昱元大97購01  ,0,0,0,0,0,0,0,0,0,-149000,0,0,0,42000,191000,-149000,-149000
055388,華通統一97購03  ,0,0,0,0,0,0,0,0,0,-149000,0,0,0,9000,158000,-149000,-149000
055683,晶技凱基99購01  ,0,0,0,0,0,0,0,0,0,-149000,0,0,0,1000,150000,-149000,-149000
048850,聯電群益96購01  ,0,0,0,0,0,0,0,0,0,-149000,0,0,0,115000,264000,-149000,-149000
047035,華邦電群益94購02,0,0,0,0,0,0,0,0,0,-149000,0,0,0,0,149000,-149000,-149000
049978,瑞昱凱基94購04  ,0,0,0,0,0,0,0,0,0,-149000,0,0,0,20000,169000,-149000,-149000
048061,鴻海統一95購03  ,0,0,0,0,0,0,0,0,0,-149000,0,0,0,0,149000,-149000,-149000
050460,GIS元大95購03   ,0,0,0,0,0,0,0,0,0,-149000,0,0,0,1000,150000,-149000,-149000
049331,元石油統一94購01,0,0,0,0,0,0,0,0,0,-149000,0,0,0,60000,209000,-149000,-149000
049119,元油2X元富94購04,0,0,0,0,0,0,0,0,0,-149000,0,0,0,30000,179000,-149000,-149000
052830,台光電群益96購01,0,0,0,0,0,0,0,0,0,-149000,0,0,0,255000,404000,-149000,-149000
051279,喬山兆豐96購01  ,0,0,0,0,0,0,0,0,0,-149000,0,0,0,5000,154000,-149000,-149000
051102,訊芯元大96購01  ,0,0,0,0,0,0,0,0,0,-149000,0,0,0,100000,249000,-149000,-149000
051959,台郡台新95購03  ,0,0,0,0,0,0,0,0,0,-149000,0,0,0,0,149000,-149000,-149000
055058,大毅永豐97購01  ,0,0,0,0,0,0,0,0,0,-150000,0,0,0,88000,238000,-150000,-150000
053465,聯電元大96購05  ,0,0,0,0,0,0,0,0,0,-150000,0,0,0,0,150000,-150000,-150000
044809,道瓊反國票93購01,0,0,0,0,0,0,0,0,0,-150000,0,0,0,0,150000,-150000,-150000
04601P,大立光凱基94售07,0,0,0,0,0,0,0,0,0,-150000,0,0,0,0,150000,-150000,-150000
045165,台虹國泰93購01  ,0,0,0,0,0,0,0,0,0,-150000,0,0,0,0,150000,-150000,-150000
03421B,臺股指元大99熊01,0,0,0,0,0,0,0,0,0,-150000,0,0,0,0,150000,-150000,-150000
03429B,臺股指元富97熊07,0,0,0,0,0,0,0,0,0,-150000,0,0,0,0,150000,-150000,-150000
04378P,大立光元大94售05,0,0,0,0,0,0,0,0,0,-150000,0,0,0,10000,160000,-150000,-150000
04548P,大立光元大94售14,0,0,0,0,0,0,0,0,0,-150000,0,0,0,10000,160000,-150000,-150000
051268,創意富邦97購01  ,0,0,0,0,0,0,0,0,0,-150000,0,0,0,10000,160000,-150000,-150000
050980,欣興元富95購02  ,0,0,0,0,0,0,0,0,0,-150000,0,0,0,0,150000,-150000,-150000
052360,FB上証國票96購01,0,0,0,0,0,0,0,0,0,-150000,0,0,0,0,150000,-150000,-150000
05308P,台積電中信95售08,0,0,0,0,0,0,0,0,0,-150000,0,0,0,0,150000,-150000,-150000
5534,長虹            ,49000,200036,-151036,0,0,0,0,0,0,1000,0,1000,-1000,2000,0,2000,-150036
4142,國光生          ,707000,855836,-148836,0,0,0,0,0,0,-2000,0,2000,-2000,0,0,0,-150836
053474,聯發科元大97購06,0,0,0,0,0,0,0,0,0,-151000,0,0,0,712000,863000,-151000,-151000
055504,貿聯元大98購04  ,0,0,0,0,0,0,0,0,0,-151000,0,0,0,2000,153000,-151000,-151000
03581P,台積電群益03售04,0,0,0,0,0,0,0,0,0,-151000,0,0,0,0,151000,-151000,-151000
047348,台光電凱基94購02,0,0,0,0,0,0,0,0,0,-151000,0,0,0,0,151000,-151000,-151000
048584,欣興富邦95購01  ,0,0,0,0,0,0,0,0,0,-151000,0,0,0,0,151000,-151000,-151000
050093,國巨永豐94購05  ,0,0,0,0,0,0,0,0,0,-151000,0,0,0,128000,279000,-151000,-151000
051219,大立光元富95購07,0,0,0,0,0,0,0,0,0,-151000,0,0,0,10000,161000,-151000,-151000
053976,亞光元大96購02  ,0,0,0,0,0,0,0,0,0,-152000,0,0,0,143000,295000,-152000,-152000
044016,義隆凱基93購01  ,0,0,0,0,0,0,0,0,0,-152000,0,0,0,158000,310000,-152000,-152000
046557,亞泥凱基93購02  ,0,0,0,0,0,0,0,0,0,-152000,0,0,0,127000,279000,-152000,-152000
048096,大立光凱基93購33,0,0,0,0,0,0,0,0,0,-152000,0,0,0,0,152000,-152000,-152000
055292,聯鈞元大97購02  ,0,0,0,0,0,0,0,0,0,-152000,0,0,0,0,152000,-152000,-152000
047684,景碩國泰94購01  ,0,0,0,0,0,0,0,0,0,-152000,0,0,0,52000,204000,-152000,-152000
052043,瑞昱日盛95購01  ,0,0,0,0,0,0,0,0,0,-152000,0,0,0,66000,218000,-152000,-152000
5471,松翰            ,80000,232000,-152000,0,0,0,0,0,0,0,0,0,0,0,0,0,-152000
056147,鴻海日盛97購05  ,0,0,0,0,0,0,0,0,0,-152000,0,0,0,1271000,1423000,-152000,-152000
1702,南僑            ,19000,68812,-49812,0,0,0,0,100000,-100000,-3000,0,3000,-3000,0,0,0,-152812
05543P,鴻海元富96售04  ,0,0,0,0,0,0,0,0,0,-153000,0,0,0,12000,165000,-153000,-153000
046380,神基凱基93購01  ,0,0,0,0,0,0,0,0,0,-153000,0,0,0,47000,200000,-153000,-153000
051439,川湖元大95購01  ,0,0,0,0,0,0,0,0,0,-153000,0,0,0,7000,160000,-153000,-153000
2617,台航            ,6000,174000,-168000,0,0,0,0,0,0,15000,16000,1000,15000,0,0,0,-153000
055991,鈺齊元富97購01  ,0,0,0,0,0,0,0,0,0,-153000,0,0,0,17000,170000,-153000,-153000
053959,晶豪科永豐96購02,0,0,0,0,0,0,0,0,0,-154000,0,0,0,0,154000,-154000,-154000
044426,欣興國泰93購02  ,0,0,0,0,0,0,0,0,0,-154000,0,0,0,1000,155000,-154000,-154000
049459,全新元富95購02  ,0,0,0,0,0,0,0,0,0,-154000,0,0,0,1000,155000,-154000,-154000
04899P,力成中信94售02  ,0,0,0,0,0,0,0,0,0,-154000,0,0,0,0,154000,-154000,-154000
049225,達方國票94購01  ,0,0,0,0,0,0,0,0,0,-154000,0,0,0,0,154000,-154000,-154000
050079,元油2X統一94購06,0,0,0,0,0,0,0,0,0,-154000,0,0,0,6000,160000,-154000,-154000
052164,啟碁永豐95購01  ,0,0,0,0,0,0,0,0,0,-154000,0,0,0,0,154000,-154000,-154000
052482,茂林群益95購01  ,0,0,0,0,0,0,0,0,0,-154000,0,0,0,33000,187000,-154000,-154000
06410P,祥碩統一97售01  ,0,0,0,0,0,0,0,0,0,-154000,0,0,0,10000,164000,-154000,-154000
05826P,臺股指凱基96售23,0,0,0,0,0,0,0,0,0,-154000,0,0,0,35000,189000,-154000,-154000
054009,欣興元富96購03  ,0,0,0,0,0,0,0,0,0,-155000,0,0,0,0,155000,-155000,-155000
053724,聯詠凱基96購04  ,0,0,0,0,0,0,0,0,0,-155000,0,0,0,35000,190000,-155000,-155000
055603,超眾元大97購04  ,0,0,0,0,0,0,0,0,0,-155000,0,0,0,20000,175000,-155000,-155000
055918,和鑫凱基97購01  ,0,0,0,0,0,0,0,0,0,-155000,0,0,0,0,155000,-155000,-155000
04226P,宏達電元富93售01,0,0,0,0,0,0,0,0,0,-155000,0,0,0,35000,190000,-155000,-155000
05004P,健策統一95售01  ,0,0,0,0,0,0,0,0,0,-155000,0,0,0,0,155000,-155000,-155000
048127,麗豐元大94購01  ,0,0,0,0,0,0,0,0,0,-155000,0,0,0,105000,260000,-155000,-155000
050192,康控元大97購01  ,0,0,0,0,0,0,0,0,0,-155000,0,0,0,10000,165000,-155000,-155000
049240,華通元富94購01  ,0,0,0,0,0,0,0,0,0,-155000,0,0,0,79000,234000,-155000,-155000
047301,啟碁國泰94購01  ,0,0,0,0,0,0,0,0,0,-155000,0,0,0,0,155000,-155000,-155000
050742,新日興永豐94購01,0,0,0,0,0,0,0,0,0,-155000,0,0,0,195000,350000,-155000,-155000
05783P,嘉澤元富96售01  ,0,0,0,0,0,0,0,0,0,-155000,0,0,0,15000,170000,-155000,-155000
3090,日電貿          ,159000,372000,-213000,0,0,0,0,0,0,58000,0,6000,-6000,74000,10000,64000,-155000
055859,啟碁元大97購03  ,0,0,0,0,0,0,0,0,0,-156000,0,0,0,1000,157000,-156000,-156000
053431,志超永豐96購01  ,0,0,0,0,0,0,0,0,0,-156000,0,0,0,54000,210000,-156000,-156000
047713,大立光凱基93購24,0,0,0,0,0,0,0,0,0,-156000,0,0,0,0,156000,-156000,-156000
051380,禾伸堂群益95購01,0,0,0,0,0,0,0,0,0,-156000,0,0,0,2000,158000,-156000,-156000
051296,鴻海凱基97購01  ,0,0,0,0,0,0,0,0,0,-156000,0,0,0,0,156000,-156000,-156000
05211P,國巨國票96售05  ,0,0,0,0,0,0,0,0,0,-156000,0,0,0,0,156000,-156000,-156000
052541,大立光統一95購06,0,0,0,0,0,0,0,0,0,-156000,0,0,0,43000,199000,-156000,-156000
05263P,台積電元大96售09,0,0,0,0,0,0,0,0,0,-156000,0,0,0,115000,271000,-156000,-156000
053157,日月光元大96購03,0,0,0,0,0,0,0,0,0,-156000,0,0,0,209000,365000,-156000,-156000
053230,達方台新97購01  ,0,0,0,0,0,0,0,0,0,-156000,0,0,0,0,156000,-156000,-156000
056023,晶豪科群益97購01,0,0,0,0,0,0,0,0,0,-156000,0,0,0,6000,162000,-156000,-156000
055102,上銀凱基98購01  ,0,0,0,0,0,0,0,0,0,-157000,0,0,0,138000,295000,-157000,-157000
054850,上海銀兆豐97購01,0,0,0,0,0,0,0,0,0,-157000,0,0,0,68000,225000,-157000,-157000
050698,明泰凱基96購01  ,0,0,0,0,0,0,0,0,0,-157000,0,0,0,0,157000,-157000,-157000
053148,華邦電元大96購01,0,0,0,0,0,0,0,0,0,-157000,0,0,0,83000,240000,-157000,-157000
053332,創意永豐96購03  ,0,0,0,0,0,0,0,0,0,-157000,0,0,0,17000,174000,-157000,-157000
050767,京元電元大96購01,0,0,0,0,0,0,0,0,0,-157000,0,0,0,3000,160000,-157000,-157000
6591,動力-KY         ,112000,179000,-67000,0,0,0,0,0,0,-90000,0,90000,-90000,0,0,0,-157000
054832,興勤中信97購01  ,0,0,0,0,0,0,0,0,0,-158000,0,0,0,0,158000,-158000,-158000
046785,禾伸堂永豐93購01,0,0,0,0,0,0,0,0,0,-158000,0,0,0,51000,209000,-158000,-158000
048333,大立光富邦95購01,0,0,0,0,0,0,0,0,0,-158000,0,0,0,43000,201000,-158000,-158000
051115,華通麥證96購01  ,0,0,0,42000,200000,-158000,0,0,0,-158000,0,0,0,42000,200000,-158000,-158000
052966,光磊群益96購01  ,0,0,0,0,0,0,0,0,0,-158000,0,0,0,0,158000,-158000,-158000
9941,裕融            ,50000,66000,-16000,0,0,0,0,91500,-91500,-51000,0,51000,-51000,0,0,0,-158500
054841,亞德客兆豐97購01,0,0,0,0,0,0,0,0,0,-159000,0,0,0,47000,206000,-159000,-159000
055096,緯穎群益97購01  ,0,0,0,0,0,0,0,0,0,-159000,0,0,0,151000,310000,-159000,-159000
055966,茂林元大99購01  ,0,0,0,0,0,0,0,0,0,-159000,0,0,0,2000,161000,-159000,-159000
045163,瀚宇博國泰93購01,0,0,0,0,0,0,0,0,0,-159000,0,0,0,1000,160000,-159000,-159000
048418,瑞昱統一93購04  ,0,0,0,0,0,0,0,0,0,-159000,0,0,0,50000,209000,-159000,-159000
049576,元油2X元大94購06,0,0,0,0,0,0,0,0,0,-159000,0,0,0,2000,161000,-159000,-159000
050559,聯發科統一94購10,0,0,0,0,0,0,0,0,0,-159000,0,0,0,484000,643000,-159000,-159000
050036,矽格元大94購03  ,0,0,0,0,0,0,0,0,0,-159000,0,0,0,5000,164000,-159000,-159000
055011,元翎元富97購01  ,0,0,0,0,0,0,0,0,0,-160000,0,0,0,30000,190000,-160000,-160000
05401P,聯茂永豐95售03  ,0,0,0,0,0,0,0,0,0,-160000,0,0,0,0,160000,-160000,-160000
045255,華邦電凱基93購03,0,0,0,0,0,0,0,0,0,-160000,0,0,0,0,160000,-160000,-160000
044605,超眾國泰93購02  ,0,0,0,0,0,0,0,0,0,-160000,0,0,0,260000,420000,-160000,-160000
044362,元油2X中信94購01,0,0,0,0,0,0,0,0,0,-160000,0,0,0,0,160000,-160000,-160000
03831P,臺股指中信95售02,0,0,0,0,0,0,0,0,0,-160000,0,0,0,50000,210000,-160000,-160000
03859P,聯詠元富93售04  ,0,0,0,0,0,0,0,0,0,-160000,0,0,0,0,160000,-160000,-160000
053387,緯創元大97購01  ,0,0,0,0,0,0,0,0,0,-160000,0,0,0,12000,172000,-160000,-160000
052700,奇鋐國票97購02  ,0,0,0,0,0,0,0,0,0,-160000,0,0,0,0,160000,-160000,-160000
050957,T50反1台新05購01,0,0,0,0,0,0,0,0,0,-160000,0,0,0,0,160000,-160000,-160000
6166,凌華            ,47000,205000,-158000,0,0,0,0,0,0,-2000,2000,2000,0,0,2000,-2000,-160000
04607P,A50中信94售01   ,0,0,0,0,0,0,0,0,0,-161000,0,0,0,102000,263000,-161000,-161000
049946,智邦兆豐95購01  ,0,0,0,0,0,0,0,0,0,-161000,0,0,0,15000,176000,-161000,-161000
053501,明泰兆豐96購01  ,0,0,0,0,0,0,0,0,0,-162000,0,0,0,0,162000,-162000,-162000
054201,聯詠富邦97購02  ,0,0,0,0,0,0,0,0,0,-162000,0,0,0,50000,212000,-162000,-162000
054963,牧德元大97購02  ,0,0,0,0,0,0,0,0,0,-162000,0,0,0,349000,511000,-162000,-162000
04676P,彩晶統一94售03  ,0,0,0,0,0,0,0,0,0,-162000,0,0,0,0,162000,-162000,-162000
04311P,奇力新統一95售01,0,0,0,0,0,0,0,0,0,-162000,0,0,0,0,162000,-162000,-162000
049114,玉晶光統一94購02,0,0,0,0,0,0,0,0,0,-162000,0,0,0,287000,449000,-162000,-162000
048603,中磊國票94購02  ,0,0,0,0,0,0,0,0,0,-162000,0,0,0,0,162000,-162000,-162000
051668,智邦元大95購02  ,0,0,0,0,0,0,0,0,0,-162000,0,0,0,215000,377000,-162000,-162000
6416,瑞祺電通        ,109000,290000,-181000,0,0,0,0,0,0,19000,20000,1000,19000,0,0,0,-162000
055161,貿聯元大98購03  ,0,0,0,0,0,0,0,0,0,-163000,0,0,0,6000,169000,-163000,-163000
055728,緯穎元大97購03  ,0,0,0,0,0,0,0,0,0,-163000,0,0,0,140000,303000,-163000,-163000
054211,奇鋐國票97購03  ,0,0,0,0,0,0,0,0,0,-163000,0,0,0,0,163000,-163000,-163000
053523,T50反1中信9A購01,0,0,0,0,0,0,0,0,0,-163000,0,0,0,2000,165000,-163000,-163000
04439P,聯發科群益94售04,0,0,0,0,0,0,0,0,0,-163000,0,0,0,70000,233000,-163000,-163000
048656,大立光元富93購05,0,0,0,0,0,0,0,0,0,-163000,0,0,0,19000,182000,-163000,-163000
049910,智邦元大94購04  ,0,0,0,0,0,0,0,0,0,-163000,0,0,0,3000,166000,-163000,-163000
048268,長榮航中信95購01,0,0,0,0,0,0,0,0,0,-163000,0,0,0,0,163000,-163000,-163000
052967,智邦群益96購01  ,0,0,0,0,0,0,0,0,0,-163000,0,0,0,99000,262000,-163000,-163000
056111,力成永豐97購01  ,0,0,0,0,0,0,0,0,0,-163000,0,0,0,1000,164000,-163000,-163000
054000,訊芯群益96購02  ,0,0,0,0,0,0,0,0,0,-164000,0,0,0,28000,192000,-164000,-164000
054062,TPK國票96購02   ,0,0,0,0,0,0,0,0,0,-164000,0,0,0,5000,169000,-164000,-164000
055109,正崴凱基98購01  ,0,0,0,0,0,0,0,0,0,-164000,0,0,0,0,164000,-164000,-164000
03793P,超眾永豐93售01  ,0,0,0,0,0,0,0,0,0,-164000,0,0,0,0,164000,-164000,-164000
048029,聯發科凱基93購26,0,0,0,0,0,0,0,0,0,-164000,0,0,0,60000,224000,-164000,-164000
05532P,臺股指群益96售05,0,0,0,0,0,0,0,0,0,-164000,0,0,0,221000,385000,-164000,-164000
053357,可成統一96購02  ,0,0,0,0,0,0,0,0,0,-164000,0,0,0,185000,349000,-164000,-164000
052042,台積電日盛95購02,0,0,0,0,0,0,0,0,0,-164000,0,0,0,440000,604000,-164000,-164000
054952,大毅元大97購02  ,0,0,0,0,0,0,0,0,0,-165000,0,0,0,82000,247000,-165000,-165000
054752,易華電凱基97購02,0,0,0,0,0,0,0,0,0,-165000,0,0,0,10000,175000,-165000,-165000
044285,鴻海凱基93購06  ,0,0,0,0,0,0,0,0,0,-165000,0,0,0,0,165000,-165000,-165000
046987,智邦凱基93購04  ,0,0,0,0,0,0,0,0,0,-165000,0,0,0,3000,168000,-165000,-165000
045850,嘉澤永豐92購01  ,0,0,0,0,0,0,0,0,0,-165000,0,0,0,0,165000,-165000,-165000
047909,超眾元大93購03  ,0,0,0,0,0,0,0,0,0,-165000,0,0,0,0,165000,-165000,-165000
053229,南電台新97購01  ,0,0,0,0,0,0,0,0,0,-165000,0,0,0,115000,280000,-165000,-165000
052704,TPK國票97購01   ,0,0,0,0,0,0,0,0,0,-165000,0,0,0,0,165000,-165000,-165000
054858,台肥群益97購01  ,0,0,0,0,0,0,0,0,0,-166000,0,0,0,10000,176000,-166000,-166000
048135,瀚宇博國票94購01,0,0,0,0,0,0,0,0,0,-166000,0,0,0,0,166000,-166000,-166000
047352,和鑫凱基94購02  ,0,0,0,0,0,0,0,0,0,-166000,0,0,0,0,166000,-166000,-166000
04963P,鴻海元大94售25  ,0,0,0,0,0,0,0,0,0,-166000,0,0,0,176000,342000,-166000,-166000
052844,台積電統一96購02,0,0,0,0,0,0,0,0,0,-166000,0,0,0,174000,340000,-166000,-166000
056200,大毅永豐98購01  ,0,0,0,0,0,0,0,0,0,-166000,0,0,0,44000,210000,-166000,-166000
2031,新光鋼          ,189000,373000,-184000,0,0,0,0,0,0,18000,20000,1000,19000,0,1000,-1000,-166000
055221,矽創凱基97購02  ,0,0,0,0,0,0,0,0,0,-167000,0,0,0,40000,207000,-167000,-167000
04592P,台積電元大94售10,0,0,0,0,0,0,0,0,0,-167000,0,0,0,10000,177000,-167000,-167000
044408,聯茂凱基93購02  ,0,0,0,0,0,0,0,0,0,-167000,0,0,0,345000,512000,-167000,-167000
049645,台積電凱基94購22,0,0,0,0,0,0,0,0,0,-167000,0,0,0,6000,173000,-167000,-167000
053180,同欣電統一96購01,0,0,0,0,0,0,0,0,0,-167000,0,0,0,92000,259000,-167000,-167000
056414,國巨中信98購02  ,0,0,0,0,0,0,0,0,0,-167000,0,0,0,0,167000,-167000,-167000
055379,牧德元大97購03  ,0,0,0,0,0,0,0,0,0,-168000,0,0,0,130000,298000,-168000,-168000
047094,聯發科麥證93購02,0,0,0,0,318000,-318000,0,0,0,-168000,0,0,0,150000,318000,-168000,-168000
051385,矽創群益95購01  ,0,0,0,0,0,0,0,0,0,-168000,0,0,0,0,168000,-168000,-168000
054762,奇力新國票99購01,0,0,0,0,0,0,0,0,0,-169000,0,0,0,14000,183000,-169000,-169000
048937,玉晶光永豐95購01,0,0,0,0,0,0,0,0,0,-169000,0,0,0,141000,310000,-169000,-169000
03425B,臺股指元大9A熊01,0,0,0,0,0,0,0,0,0,-169000,0,0,0,4000,173000,-169000,-169000
047549,聯發科凱基93購12,0,0,0,0,0,0,0,0,0,-169000,0,0,0,5000,174000,-169000,-169000
055624,聯發科富邦99購07,0,0,0,0,0,0,0,0,0,-170000,0,0,0,187000,357000,-170000,-170000
054440,TPK台新98購01   ,0,0,0,0,0,0,0,0,0,-170000,0,0,0,0,170000,-170000,-170000
053950,緯穎富邦97購02  ,0,0,0,0,0,0,0,0,0,-170000,0,0,0,14000,184000,-170000,-170000
053766,友達富邦97購01  ,0,0,0,0,0,0,0,0,0,-170000,0,0,0,89000,259000,-170000,-170000
053802,南亞科凱基96購04,0,0,0,0,0,0,0,0,0,-170000,0,0,0,30000,200000,-170000,-170000
04457P,同欣電統一94售01,0,0,0,0,0,0,0,0,0,-170000,0,0,0,9000,179000,-170000,-170000
049041,和鑫兆豐94購01  ,0,0,0,0,0,0,0,0,0,-170000,0,0,0,0,170000,-170000,-170000
047454,滬深2X群益96購03,0,0,0,0,0,0,0,0,0,-170000,0,0,0,470000,640000,-170000,-170000
047673,瑞昱元富96購01  ,0,0,0,0,0,0,0,0,0,-170000,0,0,0,0,170000,-170000,-170000
052116,T50反1國票97購01,0,0,0,0,0,0,0,0,0,-170000,0,0,0,0,170000,-170000,-170000
053256,上銀富邦98購01  ,0,0,0,0,0,0,0,0,0,-170000,0,0,0,153000,323000,-170000,-170000
056269,新日興統一98購01,0,0,0,0,0,0,0,0,0,-170000,0,0,0,0,170000,-170000,-170000
08218P,滬深2X凱基96售01,0,0,0,0,0,0,0,0,0,-170000,0,0,0,302000,472000,-170000,-170000
08625P,台灣50凱基96售05,0,0,0,0,0,0,0,0,0,-170000,0,0,0,60000,230000,-170000,-170000
2849,安泰銀          ,3000,173000,-170000,0,0,0,0,0,0,0,0,0,0,0,0,0,-170000
055107,旺宏凱基98購04  ,0,0,0,0,0,0,0,0,0,-171000,0,0,0,87000,258000,-171000,-171000
048939,華擎永豐94購01  ,0,0,0,0,0,0,0,0,0,-171000,0,0,0,81000,252000,-171000,-171000
04898P,瑞儀中信95售01  ,0,0,0,0,0,0,0,0,0,-171000,0,0,0,16000,187000,-171000,-171000
053022,欣興國泰98購01  ,0,0,0,0,0,0,0,0,0,-171000,0,0,0,49000,220000,-171000,-171000
052770,聯茂群益96購02  ,0,0,0,0,0,0,0,0,0,-171000,0,0,0,21000,192000,-171000,-171000
051852,啟碁群益95購01  ,0,0,0,0,0,0,0,0,0,-171000,0,0,0,0,171000,-171000,-171000
055447,華新科統一97購04,0,0,0,0,0,0,0,0,0,-172000,0,0,0,154000,326000,-172000,-172000
053663,臺股指凱基96購24,0,0,0,0,0,0,0,0,0,-172000,0,0,0,10000,182000,-172000,-172000
054623,華新科第一97購01,0,0,0,0,0,0,0,0,0,-172000,0,0,0,227000,399000,-172000,-172000
041824,元油2X國票96購01,0,0,0,0,0,0,0,0,0,-172000,0,0,0,19000,191000,-172000,-172000
049241,智邦元富94購01  ,0,0,0,0,0,0,0,0,0,-172000,0,0,0,46000,218000,-172000,-172000
050135,禾伸堂兆豐95購01,0,0,0,0,0,0,0,0,0,-172000,0,0,0,51000,223000,-172000,-172000
051351,台積電元大95購15,0,0,0,0,0,0,0,0,0,-172000,0,0,0,158000,330000,-172000,-172000
052925,日電貿永豐96購01,0,0,0,0,0,0,0,0,0,-172000,0,0,0,22000,194000,-172000,-172000
054780,中石化群益99購01,0,0,0,0,0,0,0,0,0,-173000,0,0,0,0,173000,-173000,-173000
054845,智邦兆豐98購01  ,0,0,0,0,0,0,0,0,0,-173000,0,0,0,52000,225000,-173000,-173000
048851,台達電群益94購01,0,0,0,0,0,0,0,0,0,-173000,0,0,0,2000,175000,-173000,-173000
05978P,麗豐永豐96售02  ,0,0,0,0,0,0,0,0,0,-173000,0,0,0,55000,228000,-173000,-173000
054915,興勤凱基97購01  ,0,0,0,0,0,0,0,0,0,-174000,0,0,0,30000,204000,-174000,-174000
054292,欣興元大96購06  ,0,0,0,0,0,0,0,0,0,-174000,0,0,0,186000,360000,-174000,-174000
047826,台泥元大93購01  ,0,0,0,0,0,0,0,0,0,-174000,0,0,0,49000,223000,-174000,-174000
047528,高鐵元大93購03  ,0,0,0,0,0,0,0,0,0,-174000,0,0,0,8000,182000,-174000,-174000
04834P,鴻海元大94售17  ,0,0,0,0,0,0,0,0,0,-174000,0,0,0,0,174000,-174000,-174000
052687,國泰金元大96購03,0,0,0,0,0,0,0,0,0,-174000,0,0,0,18000,192000,-174000,-174000
056199,美律永豐97購01  ,0,0,0,0,0,0,0,0,0,-174000,0,0,0,0,174000,-174000,-174000
054499,台光電永豐96購02,0,0,0,0,0,0,0,0,0,-175000,0,0,0,0,175000,-175000,-175000
053419,光罩永豐96購01  ,0,0,0,0,0,0,0,0,0,-175000,0,0,0,0,175000,-175000,-175000
054747,麗豐凱基98購01  ,0,0,0,0,0,0,0,0,0,-175000,0,0,0,6000,181000,-175000,-175000
049017,旺宏群益96購03  ,0,0,0,0,0,0,0,0,0,-175000,0,0,0,45000,220000,-175000,-175000
049355,元油2X富邦96購04,0,0,0,0,0,0,0,0,0,-175000,0,0,0,10000,185000,-175000,-175000
055245,凱美統一99購01  ,0,0,0,0,0,0,0,0,0,-176000,0,0,0,65000,241000,-176000,-176000
047646,貿聯元大94購01  ,0,0,0,0,0,0,0,0,0,-176000,0,0,0,20000,196000,-176000,-176000
050394,大立光元富94購09,0,0,0,0,0,0,0,0,0,-176000,0,0,0,10000,186000,-176000,-176000
055285,華新科元大99購03,0,0,0,0,0,0,0,0,0,-176000,0,0,0,28000,204000,-176000,-176000
054400,健策永豐96購02  ,0,0,0,0,0,0,0,0,0,-177000,0,0,0,0,177000,-177000,-177000
054185,喬山永豐96購02  ,0,0,0,0,0,0,0,0,0,-177000,0,0,0,1000,178000,-177000,-177000
054861,智邦群益97購01  ,0,0,0,0,0,0,0,0,0,-178000,0,0,0,65000,243000,-178000,-178000
047160,台郡國票94購01  ,0,0,0,0,0,0,0,0,0,-178000,0,0,0,82000,260000,-178000,-178000
055322,欣興國票97購06  ,0,0,0,0,0,0,0,0,0,-178000,0,0,0,125000,303000,-178000,-178000
047708,聯發科凱基93購17,0,0,0,0,0,0,0,0,0,-178000,0,0,0,35000,213000,-178000,-178000
053404,致新群益96購01  ,0,0,0,0,0,0,0,0,0,-178000,0,0,0,97000,275000,-178000,-178000
051515,聯發科凱基95購10,0,0,0,0,0,0,0,0,0,-178000,0,0,0,0,178000,-178000,-178000
056204,嘉澤永豐97購01  ,0,0,0,0,0,0,0,0,0,-178000,0,0,0,0,178000,-178000,-178000
055272,國巨元大98購04  ,0,0,0,0,0,0,0,0,0,-179000,0,0,0,111000,290000,-179000,-179000
055039,神達富邦99購01  ,0,0,0,0,0,0,0,0,0,-180000,0,0,0,20000,200000,-180000,-180000
055434,樺漢群益97購01  ,0,0,0,0,0,0,0,0,0,-180000,0,0,0,10000,190000,-180000,-180000
055529,華邦電群益97購02,0,0,0,0,0,0,0,0,0,-180000,0,0,0,3000,183000,-180000,-180000
055967,臻鼎元大97購01  ,0,0,0,0,0,0,0,0,0,-180000,0,0,0,20000,200000,-180000,-180000
053900,T50反1日盛99購01,0,0,0,0,0,0,0,0,0,-180000,0,0,0,30000,210000,-180000,-180000
044095,大立光統一92購01,0,0,0,0,0,0,0,0,0,-180000,0,0,0,0,180000,-180000,-180000
049740,禾伸堂群益94購01,0,0,0,0,0,0,0,0,0,-180000,0,0,0,49000,229000,-180000,-180000
051338,揚明光永豐95購02,0,0,0,0,0,0,0,0,0,-180000,0,0,0,4000,184000,-180000,-180000
053406,國巨兆豐96購02  ,0,0,0,0,0,0,0,0,0,-180000,0,0,0,3000,183000,-180000,-180000
053373,台泥元大96購01  ,0,0,0,0,0,0,0,0,0,-180000,0,0,0,20000,200000,-180000,-180000
053014,旺宏統一97購02  ,0,0,0,0,0,0,0,0,0,-180000,0,0,0,101000,281000,-180000,-180000
055729,金寶元富99購01  ,0,0,0,0,0,0,0,0,0,-181000,0,0,0,66000,247000,-181000,-181000
055281,台光電元大98購03,0,0,0,0,0,0,0,0,0,-181000,0,0,0,0,181000,-181000,-181000
048689,台光電群益94購01,0,0,0,0,0,0,0,0,0,-181000,0,0,0,0,181000,-181000,-181000
049237,元油2X元富96購07,0,0,0,0,0,0,0,0,0,-181000,0,0,0,0,181000,-181000,-181000
052015,漢唐永豐95購02  ,0,0,0,0,0,0,0,0,0,-181000,0,0,0,68000,249000,-181000,-181000
06190P,玉晶光永豐97售05,0,0,0,0,0,0,0,0,0,-181000,0,0,0,0,181000,-181000,-181000
3518,柏騰            ,48000,228000,-180000,0,0,0,0,0,0,-1000,1000,2000,-1000,0,0,0,-181000
1907,永豐餘          ,233000,404000,-171000,0,0,0,0,0,0,-10000,0,10000,-10000,0,0,0,-181000
055152,旺宏元大98購04  ,0,0,0,0,0,0,0,0,0,-182000,0,0,0,132000,314000,-182000,-182000
054671,國巨國泰98購01  ,0,0,0,0,0,0,0,0,0,-182000,0,0,0,533000,715000,-182000,-182000
04512P,臺股指元大94售07,0,0,0,0,0,0,0,0,0,-182000,0,0,0,33000,215000,-182000,-182000
04617P,臺股指群益95售03,0,0,0,0,0,0,0,0,0,-182000,0,0,0,0,182000,-182000,-182000
03888P,大立光元富93售03,0,0,0,0,0,0,0,0,0,-182000,0,0,0,26000,208000,-182000,-182000
049744,亞德客永豐94購01,0,0,0,0,0,0,0,0,0,-182000,0,0,0,40000,222000,-182000,-182000
055288,日電貿元大97購02,0,0,0,0,0,0,0,0,0,-182000,0,0,0,32000,214000,-182000,-182000
055160,玉晶光元大99購03,0,0,0,0,0,0,0,0,0,-183000,0,0,0,27000,210000,-183000,-183000
055818,晶相光國票97購02,0,0,0,0,0,0,0,0,0,-183000,0,0,0,0,183000,-183000,-183000
046806,瀚宇博元大93購03,0,0,0,0,0,0,0,0,0,-183000,0,0,0,0,183000,-183000,-183000
044965,大立光中信95購01,0,0,0,0,0,0,0,0,0,-183000,0,0,0,75000,258000,-183000,-183000
051704,智邦群益95購02  ,0,0,0,0,0,0,0,0,0,-183000,0,0,0,22000,205000,-183000,-183000
048665,欣興統一93購07  ,0,0,0,0,0,0,0,0,0,-184000,0,0,0,75000,259000,-184000,-184000
046931,聯詠統一93購01  ,0,0,0,0,0,0,0,0,0,-184000,0,0,0,100000,284000,-184000,-184000
03945P,欣興群益94售01  ,0,0,0,0,0,0,0,0,0,-184000,0,0,0,31000,215000,-184000,-184000
03639C,元油2X元大9B牛01,0,0,0,0,0,0,0,0,0,-184000,0,0,0,0,184000,-184000,-184000
1904,正隆            ,68000,176695,-108695,0,0,0,0,0,0,-76000,17000,93000,-76000,0,0,0,-184695
055600,致伸元大97購02  ,0,0,0,0,0,0,0,0,0,-185000,0,0,0,0,185000,-185000,-185000
054903,億光康和97購02  ,0,0,0,0,0,0,0,0,0,-185000,0,0,0,0,185000,-185000,-185000
044750,鴻海凱基93購07  ,0,0,0,0,0,0,0,0,0,-185000,0,0,0,20000,205000,-185000,-185000
050700,健策凱基96購01  ,0,0,0,0,0,0,0,0,0,-185000,0,0,0,118000,303000,-185000,-185000
052965,廣宇群益97購01  ,0,0,0,0,0,0,0,0,0,-185000,0,0,0,0,185000,-185000,-185000
052464,大立光統一95購05,0,0,0,0,0,0,0,0,0,-185000,0,0,0,39000,224000,-185000,-185000
055496,高鐵元大97購02  ,0,0,0,0,0,0,0,0,0,-186000,0,0,0,19000,205000,-186000,-186000
053103,瀚宇博元富96購01,0,0,0,0,0,0,0,0,0,-186000,0,0,0,152000,338000,-186000,-186000
051354,聯發科元大95購09,0,0,0,0,0,0,0,0,0,-186000,0,0,0,0,186000,-186000,-186000
051192,緯創兆豐96購01  ,0,0,0,0,0,0,0,0,0,-186000,0,0,0,30000,216000,-186000,-186000
046604,康控群益93購02  ,0,0,0,0,0,0,0,0,0,-187000,0,0,0,10000,197000,-187000,-187000
052066,華邦電兆豐96購01,0,0,0,0,0,0,0,0,0,-187000,0,0,0,48000,235000,-187000,-187000
2637,慧洋-KY         ,179000,142000,37000,0,0,0,0,400000,-400000,176000,165000,3000,162000,22000,8000,14000,-187000
06063P,玉晶光元富97售01,0,0,0,0,0,0,0,0,0,-187000,0,0,0,18000,205000,-187000,-187000
053630,奇鋐兆豐97購01  ,0,0,0,0,0,0,0,0,0,-188000,0,0,0,159000,347000,-188000,-188000
042903,金寶元大94購01  ,0,0,0,0,0,0,0,0,0,-188000,0,0,0,10000,198000,-188000,-188000
03266P,寶成國票04售01  ,0,0,0,0,0,0,0,0,0,-188000,0,0,0,60000,248000,-188000,-188000
050129,聯發科凱基94購11,0,0,0,0,0,0,0,0,0,-188000,0,0,0,86000,274000,-188000,-188000
06124P,超眾元大97售03  ,0,0,0,0,0,0,0,0,0,-188000,0,0,0,0,188000,-188000,-188000
05356P,臺股指元富95售10,0,0,0,0,0,0,0,0,0,-189000,0,0,0,0,189000,-189000,-189000
055168,光罩統一98購01  ,0,0,0,0,0,0,0,0,0,-189000,0,0,0,11000,200000,-189000,-189000
053068,智伸科群益96購01,0,0,0,0,0,0,0,0,0,-189000,0,0,0,5000,194000,-189000,-189000
053170,茂林群益96購04  ,0,0,0,0,0,0,0,0,0,-189000,0,0,0,33000,222000,-189000,-189000
055743,TPK元富98購01   ,0,0,0,0,0,0,0,0,0,-190000,0,0,0,5000,195000,-190000,-190000
048306,A50反1凱基93購01,0,0,0,0,0,0,0,0,0,-190000,0,0,0,160000,350000,-190000,-190000
052092,貿聯元大96購02  ,0,0,0,0,0,0,0,0,0,-190000,0,0,0,29000,219000,-190000,-190000
05216P,國巨永豐95售02  ,0,0,0,0,0,0,0,0,0,-190000,0,0,0,0,190000,-190000,-190000
1215,卜蜂            ,40000,167000,-127000,0,0,0,0,58000,-58000,-5000,0,2000,-2000,0,3000,-3000,-190000
06295P,國巨元大97售14  ,0,0,0,0,0,0,0,0,0,-190000,0,0,0,63000,253000,-190000,-190000
055675,亞德客凱基97購02,0,0,0,0,0,0,0,0,0,-191000,0,0,0,20000,211000,-191000,-191000
04433P,上証2X國票95售01,0,0,0,0,0,0,0,0,0,-191000,0,0,0,13000,204000,-191000,-191000
043750,美律元大93購01  ,0,0,0,0,0,0,0,0,0,-191000,0,0,0,21000,212000,-191000,-191000
047264,貿聯國票93購02  ,0,0,0,0,0,0,0,0,0,-191000,0,0,0,0,191000,-191000,-191000
047434,台積電元大93購21,0,0,0,0,0,0,0,0,0,-191000,0,0,0,10000,201000,-191000,-191000
056032,勤誠康和97購03  ,0,0,0,0,0,0,0,0,0,-191000,0,0,0,24000,215000,-191000,-191000
047647,麗豐元大93購03  ,0,0,0,0,0,0,0,0,0,-192000,0,0,0,11000,203000,-192000,-192000
049996,元油2X永豐94購05,0,0,0,0,0,0,0,0,0,-192000,0,0,0,0,192000,-192000,-192000
052176,景碩元大96購01  ,0,0,0,0,0,0,0,0,0,-192000,0,0,0,0,192000,-192000,-192000
052227,瑞昱凱基95購05  ,0,0,0,0,0,0,0,0,0,-192000,0,0,0,143000,335000,-192000,-192000
05052P,友達群益97售01  ,0,0,0,0,0,0,0,0,0,-193000,0,0,0,0,193000,-193000,-193000
047296,日月光元富96購01,0,0,0,0,0,0,0,0,0,-193000,0,0,0,0,193000,-193000,-193000
051036,喬山台新95購01  ,0,0,0,0,0,0,0,0,0,-193000,0,0,0,0,193000,-193000,-193000
03638C,T50反1元大94牛03,0,0,0,0,0,0,0,0,0,-194000,0,0,0,0,194000,-194000,-194000
045258,漢唐凱基93購01  ,0,0,0,0,0,0,0,0,0,-194000,0,0,0,0,194000,-194000,-194000
045287,元油2X元大95購01,0,0,0,0,0,0,0,0,0,-194000,0,0,0,3000,197000,-194000,-194000
050754,元金2X元富9B購01,0,0,0,0,0,0,0,0,0,-194000,0,0,0,36000,230000,-194000,-194000
052091,緯創元大95購04  ,0,0,0,0,0,0,0,0,0,-194000,0,0,0,56000,250000,-194000,-194000
046396,矽創國泰93購01  ,0,0,0,0,0,0,0,0,0,-195000,0,0,0,119000,314000,-195000,-195000
049473,光罩永豐94購03  ,0,0,0,0,0,0,0,0,0,-195000,0,0,0,10000,205000,-195000,-195000
051582,聯發科元大97購02,0,0,0,0,0,0,0,0,0,-195000,0,0,0,170000,365000,-195000,-195000
05712P,友達統一97售03  ,0,0,0,0,0,0,0,0,0,-195000,0,0,0,78000,273000,-195000,-195000
055627,亞德客永豐97購02,0,0,0,0,0,0,0,0,0,-196000,0,0,0,5000,201000,-196000,-196000
049120,元油2X元富94購05,0,0,0,0,0,0,0,0,0,-196000,0,0,0,0,196000,-196000,-196000
2889,國票金          ,322000,523000,-201000,0,0,0,0,0,0,5000,5000,0,5000,0,0,0,-196000
054604,麗豐台新98購01  ,0,0,0,0,0,0,0,0,0,-197000,0,0,0,88000,285000,-197000,-197000
03412P,滬深2X群益98售01,0,0,0,0,0,0,0,0,0,-197000,0,0,0,94000,291000,-197000,-197000
04272P,元上證凱基94售01,0,0,0,0,0,0,0,0,0,-197000,0,0,0,24000,221000,-197000,-197000
047413,台積電永昌93購05,0,0,0,0,0,0,0,0,0,-197000,0,0,0,10000,207000,-197000,-197000
051665,台積電元大96購07,0,0,0,0,0,0,0,0,0,-197000,0,0,0,424000,621000,-197000,-197000
052210,華夏元大95購01  ,0,0,0,0,0,0,0,0,0,-197000,0,0,0,3000,200000,-197000,-197000
056279,新日興富邦99購01,0,0,0,0,0,0,0,0,0,-197000,0,0,0,220000,417000,-197000,-197000
05863P,滬深2X元大96售09,0,0,0,0,0,0,0,0,0,-197000,0,0,0,0,197000,-197000,-197000
053631,欣興兆豐97購01  ,0,0,0,0,0,0,0,0,0,-198000,0,0,0,105000,303000,-198000,-198000
046011,欣興元富95購01  ,0,0,0,0,0,0,0,0,0,-198000,0,0,0,163000,361000,-198000,-198000
049735,台光電群益94購03,0,0,0,0,0,0,0,0,0,-198000,0,0,0,15000,213000,-198000,-198000
054559,台光電群益99購01,0,0,0,0,0,0,0,0,0,-199000,0,0,0,11000,210000,-199000,-199000
03302P,聯發科元富02售08,0,0,0,0,0,0,0,0,0,-199000,0,0,0,100000,299000,-199000,-199000
00850,元大臺灣ESG永續 ,1000,722000,-721000,0,0,0,0,0,0,522000,0,0,0,1325000,803000,522000,-199000
049118,元油2X元富94購03,0,0,0,0,0,0,0,0,0,-199000,0,0,0,40000,239000,-199000,-199000
047596,元油反元富97購01,0,0,0,0,0,0,0,0,0,-199000,0,0,0,0,199000,-199000,-199000
048536,南電國票93購04  ,0,0,0,0,0,0,0,0,0,-199000,0,0,0,0,199000,-199000,-199000
054139,揚明光元大96購01,0,0,0,0,0,0,0,0,0,-200000,0,0,0,0,200000,-200000,-200000
054319,世紀鋼凱基96購02,0,0,0,0,0,0,0,0,0,-200000,0,0,0,0,200000,-200000,-200000
053469,光磊元大97購01  ,0,0,0,0,0,0,0,0,0,-200000,0,0,0,200000,400000,-200000,-200000
053806,鎧勝凱基96購02  ,0,0,0,0,0,0,0,0,0,-200000,0,0,0,0,200000,-200000,-200000
055827,中石化元大98購01,0,0,0,0,0,0,0,0,0,-200000,0,0,0,0,200000,-200000,-200000
05578P,鴻海凱基96售11  ,0,0,0,0,0,0,0,0,0,-200000,0,0,0,0,200000,-200000,-200000
05586P,臺股指凱基96售15,0,0,0,0,0,0,0,0,0,-200000,0,0,0,0,200000,-200000,-200000
055377,揚明光元大98購01,0,0,0,0,0,0,0,0,0,-200000,0,0,0,0,200000,-200000,-200000
03639P,祥碩凱基93售05  ,0,0,0,0,0,0,0,0,0,-200000,0,0,0,0,200000,-200000,-200000
044643,滬深2X群益96購01,0,0,0,0,0,0,0,0,0,-200000,0,0,0,0,200000,-200000,-200000
04349P,美律國票94售02  ,0,0,0,0,0,0,0,0,0,-200000,0,0,0,0,200000,-200000,-200000
045410,華邦電群益94購01,0,0,0,0,0,0,0,0,0,-200000,0,0,0,4000,204000,-200000,-200000
046147,道瓊指中信96購02,0,0,0,0,0,0,0,0,0,-200000,0,0,0,0,200000,-200000,-200000
049988,貿聯凱基94購02  ,0,0,0,0,0,0,0,0,0,-200000,0,0,0,15000,215000,-200000,-200000
047943,欣興國票93購06  ,0,0,0,0,0,0,0,0,0,-200000,0,0,0,0,200000,-200000,-200000
047838,亞光元大93購03  ,0,0,0,0,0,0,0,0,0,-200000,0,0,0,101000,301000,-200000,-200000
048424,揚明光元富95購01,0,0,0,0,0,0,0,0,0,-200000,0,0,0,0,200000,-200000,-200000
04842P,群創元大96售02  ,0,0,0,0,0,0,0,0,0,-200000,0,0,0,0,200000,-200000,-200000
049371,可成元大94購04  ,0,0,0,0,0,0,0,0,0,-200000,0,0,0,0,200000,-200000,-200000
048319,嘉晶凱基93購04  ,0,0,0,0,0,0,0,0,0,-200000,0,0,0,0,200000,-200000,-200000
049637,元石油凱基94購01,0,0,0,0,0,0,0,0,0,-200000,0,0,0,0,200000,-200000,-200000
049538,元油2X群益98購01,20000,0,20000,0,0,0,0,0,0,-220000,0,0,0,8000,228000,-220000,-200000
052184,台光電群益95購03,0,0,0,0,0,0,0,0,0,-200000,0,0,0,63000,263000,-200000,-200000
053411,深中小國票9B購01,0,0,0,0,0,0,0,0,0,-200000,0,0,0,15000,215000,-200000,-200000
053096,康控統一96購01  ,0,0,0,0,0,0,0,0,0,-200000,0,0,0,40000,240000,-200000,-200000
051621,欣興凱基95購02  ,0,0,0,0,0,0,0,0,0,-200000,0,0,0,0,200000,-200000,-200000
05177P,台積電凱基95售12,0,0,0,0,0,0,0,0,0,-200000,0,0,0,0,200000,-200000,-200000
051447,新光金元大97購01,0,0,0,0,0,0,0,0,0,-200000,0,0,0,0,200000,-200000,-200000
051263,深中小富邦96購01,0,0,0,0,0,0,0,0,0,-200000,0,0,0,200000,400000,-200000,-200000
055170,光磊統一97購01  ,0,0,0,0,0,0,0,0,0,-201000,0,0,0,139000,340000,-201000,-201000
055883,樺漢元富97購01  ,0,0,0,0,0,0,0,0,0,-201000,0,0,0,0,201000,-201000,-201000
049381,欣興元大94購05  ,0,0,0,0,0,0,0,0,0,-201000,0,0,0,5000,206000,-201000,-201000
051446,中壽元大96購01  ,0,0,0,0,0,0,0,0,0,-201000,0,0,0,0,201000,-201000,-201000
06358P,力成中信97售02  ,0,0,0,0,0,0,0,0,0,-201000,0,0,0,22000,223000,-201000,-201000
055199,國喬群益97購01  ,0,0,0,0,0,0,0,0,0,-202000,0,0,0,0,202000,-202000,-202000
053828,貿聯麥證96購01  ,0,0,0,60000,262000,-202000,0,0,0,-202000,0,0,0,60000,262000,-202000,-202000
053931,楠梓電統一96購01,0,0,0,0,0,0,0,0,0,-202000,0,0,0,0,202000,-202000,-202000
047027,新光金元大95購01,0,0,0,0,0,0,0,0,0,-202000,0,0,0,0,202000,-202000,-202000
045529,大立光永豐92購03,0,0,0,0,0,0,0,0,0,-202000,0,0,0,0,202000,-202000,-202000
050104,元石油元大97購02,0,0,0,0,0,0,0,0,0,-202000,0,0,0,105000,307000,-202000,-202000
052067,中磊兆豐96購01  ,0,0,0,0,0,0,0,0,0,-202000,0,0,0,0,202000,-202000,-202000
06194P,台積電元富97售05,0,0,0,0,0,0,0,0,0,-202000,0,0,0,555000,757000,-202000,-202000
05750P,臺股指群益99售04,0,0,0,0,0,0,0,0,0,-202000,0,0,0,0,202000,-202000,-202000
05376P,聯發科日盛95售04,0,0,0,0,0,0,0,0,0,-203000,0,0,0,0,203000,-203000,-203000
053696,日月光元大96購05,0,0,0,0,0,0,0,0,0,-203000,0,0,0,0,203000,-203000,-203000
054204,元金2X國票9B購02,0,0,0,0,0,0,0,0,0,-203000,0,0,0,2000,205000,-203000,-203000
03629C,元油2X元富98牛06,0,0,0,0,0,0,0,0,0,-203000,0,0,0,8000,211000,-203000,-203000
00861,元大全球未來通訊,168000,0,168000,0,0,0,0,0,0,-371000,0,0,0,741000,1112000,-371000,-203000
045089,中磊元大94購01  ,0,0,0,0,0,0,0,0,0,-203000,0,0,0,2000,205000,-203000,-203000
049869,訊芯兆豐94購01  ,0,0,0,0,0,0,0,0,0,-203000,0,0,0,47000,250000,-203000,-203000
051787,燿華國票96購02  ,0,0,0,0,0,0,0,0,0,-203000,0,0,0,10000,213000,-203000,-203000
9910,豐泰            ,800044,993636,-193592,0,0,0,0,0,0,-10000,0,10000,-10000,0,0,0,-203592
048895,光罩國泰95購01  ,0,0,0,0,0,0,0,0,0,-204000,0,0,0,0,204000,-204000,-204000
05202P,鴻海元大95售16  ,0,0,0,0,0,0,0,0,0,-204000,0,0,0,8000,212000,-204000,-204000
049084,欣興凱基94購03  ,0,0,0,0,0,0,0,0,0,-205000,0,0,0,5000,210000,-205000,-205000
04692P,大立光群益94售06,0,0,0,0,0,0,0,0,0,-205000,0,0,0,0,205000,-205000,-205000
049919,美食元大94購03  ,0,0,0,0,0,0,0,0,0,-205000,0,0,0,10000,215000,-205000,-205000
053128,瀚宇博凱基96購01,0,0,0,0,0,0,0,0,0,-205000,0,0,0,0,205000,-205000,-205000
052747,京鼎元大97購01  ,0,0,0,0,0,0,0,0,0,-205000,0,0,0,25000,230000,-205000,-205000
06264P,友達凱基98售06  ,0,0,0,0,0,0,0,0,0,-205000,0,0,0,24000,229000,-205000,-205000
054556,世芯凱基99購01  ,0,0,0,0,0,0,0,0,0,-206000,0,0,0,20000,226000,-206000,-206000
054015,晶豪科永豐96購03,0,0,0,0,0,0,0,0,0,-206000,0,0,0,0,206000,-206000,-206000
055027,牧德國泰99購01  ,0,0,0,0,0,0,0,0,0,-206000,0,0,0,411000,617000,-206000,-206000
048157,美律兆豐93購01  ,0,0,0,0,0,0,0,0,0,-206000,0,0,0,0,206000,-206000,-206000
055340,華新科日盛97購01,0,0,0,0,0,0,0,0,0,-206000,0,0,0,1053000,1259000,-206000,-206000
050395,大立光元富94購10,0,0,0,0,0,0,0,0,0,-206000,0,0,0,10000,216000,-206000,-206000
054194,國巨麥證96購02  ,0,0,0,30000,237000,-207000,0,0,0,-207000,0,0,0,30000,237000,-207000,-207000
04434P,玉晶光國票96售02,0,0,0,0,0,0,0,0,0,-207000,0,0,0,56000,263000,-207000,-207000
051619,智邦凱基95購07  ,0,0,0,0,0,0,0,0,0,-207000,0,0,0,117000,324000,-207000,-207000
056031,勤誠康和97購02  ,0,0,0,0,0,0,0,0,0,-207000,0,0,0,0,207000,-207000,-207000
054419,嘉聯益元大98購02,0,0,0,0,0,0,0,0,0,-208000,0,0,0,101000,309000,-208000,-208000
054509,上証反元大99購01,0,0,0,0,0,0,0,0,0,-208000,0,0,0,18000,226000,-208000,-208000
053896,麗豐群益97購01  ,0,0,0,0,0,0,0,0,0,-208000,0,0,0,40000,248000,-208000,-208000
055033,漢唐富邦98購01  ,0,0,0,0,0,0,0,0,0,-208000,0,0,0,7000,215000,-208000,-208000
051985,智邦元大95購05  ,0,0,0,0,0,0,0,0,0,-208000,0,0,0,3000,211000,-208000,-208000
056075,瀚宇博元大97購03,0,0,0,0,0,0,0,0,0,-208000,0,0,0,30000,238000,-208000,-208000
05763P,致新永豐96售01  ,0,0,0,0,0,0,0,0,0,-208000,0,0,0,0,208000,-208000,-208000
05774P,臺股指凱基99售04,0,0,0,0,0,0,0,0,0,-208000,0,0,0,6000,214000,-208000,-208000
046716,欣興國泰93購03  ,0,0,0,0,0,0,0,0,0,-209000,0,0,0,22000,231000,-209000,-209000
045055,聯發科元富98購03,0,0,0,0,0,0,0,0,0,-209000,0,0,0,51000,260000,-209000,-209000
047870,嘉澤永豐93購02  ,0,0,0,0,0,0,0,0,0,-209000,0,0,0,3000,212000,-209000,-209000
05173P,臺股指元大95售17,0,0,0,0,0,0,0,0,0,-209000,0,0,0,20000,229000,-209000,-209000
050939,健鼎國票96購01  ,0,0,0,0,0,0,0,0,0,-209000,0,0,0,30000,239000,-209000,-209000
4414,如興            ,45000,253000,-208000,0,0,0,0,0,0,-1000,14000,15000,-1000,0,0,0,-209000
2049,上銀            ,900173,1293950,-393777,0,0,0,69000,0,69000,115000,84000,33000,51000,111000,47000,64000,-209777
055035,興勤富邦98購01  ,0,0,0,0,0,0,0,0,0,-210000,0,0,0,0,210000,-210000,-210000
055260,晶相光統一98購01,0,0,0,0,0,0,0,0,0,-210000,0,0,0,40000,250000,-210000,-210000
054904,興勤康和97購01  ,0,0,0,0,0,0,0,0,0,-210000,0,0,0,0,210000,-210000,-210000
054881,光罩統一97購01  ,0,0,0,0,0,0,0,0,0,-210000,0,0,0,48000,258000,-210000,-210000
054735,漢唐凱基98購01  ,0,0,0,0,0,0,0,0,0,-210000,0,0,0,0,210000,-210000,-210000
055898,訊芯第一97購01  ,0,0,0,0,0,0,0,0,0,-210000,0,0,0,0,210000,-210000,-210000
04680P,臺股指統一94售05,0,0,0,0,0,0,0,0,0,-210000,0,0,0,0,210000,-210000,-210000
044439,南電元大93購01  ,0,0,0,0,0,0,0,0,0,-210000,0,0,0,0,210000,-210000,-210000
050324,訊芯台新94購01  ,0,0,0,0,0,0,0,0,0,-210000,0,0,0,0,210000,-210000,-210000
048614,欣興凱基93購05  ,0,0,0,0,0,0,0,0,0,-210000,0,0,0,0,210000,-210000,-210000
053983,樺漢元大97購02  ,0,0,0,0,0,0,0,0,0,-211000,0,0,0,55000,266000,-211000,-211000
052746,泰碩元大97購01  ,0,0,0,0,0,0,0,0,0,-211000,0,0,0,0,211000,-211000,-211000
054027,欣興凱基96購04  ,0,0,0,0,0,0,0,0,0,-212000,0,0,0,0,212000,-212000,-212000
055139,欣興永豐97購01  ,0,0,0,0,0,0,0,0,0,-212000,0,0,0,54000,266000,-212000,-212000
049268,聯茂元大94購03  ,0,0,0,0,0,0,0,0,0,-212000,0,0,0,47000,259000,-212000,-212000
052920,景碩台新96購02  ,0,0,0,0,0,0,0,0,0,-212000,0,0,0,99000,311000,-212000,-212000
054720,禾伸堂永豐97購01,0,0,0,0,0,0,0,0,0,-213000,0,0,0,0,213000,-213000,-213000
048974,日電貿元大94購01,0,0,0,0,0,0,0,0,0,-213000,0,0,0,25000,238000,-213000,-213000
048049,滬深反中信96購01,0,0,0,0,0,0,0,0,0,-213000,0,0,0,5000,218000,-213000,-213000
053326,瀚宇博台新96購01,0,0,0,0,0,0,0,0,0,-213000,0,0,0,0,213000,-213000,-213000
054155,美律第一96購01  ,0,0,0,0,0,0,0,0,0,-214000,0,0,0,0,214000,-214000,-214000
054130,漢唐元大97購02  ,0,0,0,0,0,0,0,0,0,-214000,0,0,0,51000,265000,-214000,-214000
047867,旺宏永豐93購02  ,0,0,0,0,0,0,0,0,0,-214000,0,0,0,110000,324000,-214000,-214000
047807,華邦電凱基93購06,0,0,0,0,0,0,0,0,0,-214000,0,0,0,0,214000,-214000,-214000
053354,康控兆豐97購02  ,0,0,0,0,0,0,0,0,0,-214000,0,0,0,20000,234000,-214000,-214000
1305,華夏            ,139000,241394,-102394,0,0,0,0,0,0,-112000,11000,123000,-112000,0,0,0,-214394
053442,光罩凱基96購01  ,0,0,0,0,0,0,0,0,0,-215000,0,0,0,0,215000,-215000,-215000
055066,佐登永豐97購01  ,0,0,0,0,0,0,0,0,0,-215000,0,0,0,0,215000,-215000,-215000
047984,禾伸堂群益93購01,0,0,0,0,0,0,0,0,0,-215000,0,0,0,0,215000,-215000,-215000
048599,和鑫國票96購01  ,0,0,0,0,0,0,0,0,0,-215000,0,0,0,0,215000,-215000,-215000
053062,緯穎富邦97購01  ,0,0,0,0,0,0,0,0,0,-215000,0,0,0,35000,250000,-215000,-215000
06231P,台積電永豐97售05,0,0,0,0,0,0,0,0,0,-215000,0,0,0,16000,231000,-215000,-215000
06154P,超眾元大98售01  ,0,0,0,0,0,0,0,0,0,-215000,0,0,0,40000,255000,-215000,-215000
2208,台船            ,15000,228000,-213000,0,0,0,0,0,0,-2000,0,2000,-2000,0,0,0,-215000
053884,緯穎第一96購01  ,0,0,0,0,0,0,0,0,0,-216000,0,0,0,375000,591000,-216000,-216000
048824,聯發科凱基94購03,0,0,0,0,0,0,0,0,0,-216000,0,0,0,30000,246000,-216000,-216000
049933,GIS元大95購01   ,0,0,0,0,0,0,0,0,0,-216000,0,0,0,10000,226000,-216000,-216000
054949,奇力新元大98購01,0,0,0,0,0,0,0,0,0,-217000,0,0,0,274000,491000,-217000,-217000
050715,台積電群益96購01,0,0,0,0,0,0,0,0,0,-217000,0,0,0,94000,311000,-217000,-217000
047710,聯發科凱基93購21,0,0,0,0,0,0,0,0,0,-217000,0,0,0,75000,292000,-217000,-217000
051368,國泰金富邦97購01,0,0,0,0,0,0,0,0,0,-217000,0,0,0,100000,317000,-217000,-217000
056394,晶豪科永豐98購01,0,0,0,0,0,0,0,0,0,-217000,0,0,0,0,217000,-217000,-217000
056237,智邦群益97購02  ,0,0,0,0,0,0,0,0,0,-217000,0,0,0,59000,276000,-217000,-217000
2357,華碩            ,547776,775800,-228024,0,0,0,0,0,0,11000,4000,5000,-1000,13000,1000,12000,-217024
054082,楠梓電元富96購01,0,0,0,0,0,0,0,0,0,-218000,0,0,0,184000,402000,-218000,-218000
051600,新日興兆豐96購02,0,0,0,0,0,0,0,0,0,-218000,0,0,0,70000,288000,-218000,-218000
3661,世芯-KY         ,1271000,984000,287000,0,0,0,0,207000,-207000,-298000,4000,315000,-311000,36000,23000,13000,-218000
054178,中磊台新97購01  ,0,0,0,0,0,0,0,0,0,-219000,0,0,0,0,219000,-219000,-219000
054525,奇鋐元富96購01  ,0,0,0,0,0,0,0,0,0,-219000,0,0,0,0,219000,-219000,-219000
046002,美律統一93購01  ,0,0,0,0,0,0,0,0,0,-219000,0,0,0,33000,252000,-219000,-219000
049028,麗豐群益94購01  ,0,0,0,0,0,0,0,0,0,-219000,0,0,0,0,219000,-219000,-219000
052707,景碩台新96購01  ,0,0,0,0,0,0,0,0,0,-219000,0,0,0,0,219000,-219000,-219000
054456,華泰群益99購01  ,0,0,0,0,0,0,0,0,0,-220000,0,0,0,0,220000,-220000,-220000
048755,志超元富96購01  ,0,0,0,0,0,0,0,0,0,-220000,0,0,0,0,220000,-220000,-220000
04862P,台積電元大94售26,0,0,0,0,0,0,0,0,0,-220000,0,0,0,100000,320000,-220000,-220000
04766P,緯穎永豐94售02  ,0,0,0,0,0,0,0,0,0,-220000,0,0,0,0,220000,-220000,-220000
047294,大立光元富93購04,0,0,0,0,0,0,0,0,0,-220000,0,0,0,0,220000,-220000,-220000
048259,新日興統一93購01,0,0,0,0,0,0,0,0,0,-220000,0,0,0,0,220000,-220000,-220000
056245,嘉澤群益97購01  ,0,0,0,0,0,0,0,0,0,-220000,0,0,0,0,220000,-220000,-220000
08163P,T50正2中信95售01,0,0,0,0,0,0,0,0,0,-220000,0,0,0,0,220000,-220000,-220000
054891,聯鈞統一99購02  ,0,0,0,0,0,0,0,0,0,-221000,0,0,0,0,221000,-221000,-221000
050716,可成群益96購01  ,0,0,0,0,0,0,0,0,0,-221000,0,0,0,0,221000,-221000,-221000
050597,聯電麥證94購01  ,0,0,0,56000,277000,-221000,0,0,0,-221000,0,0,0,56000,277000,-221000,-221000
053008,達方永豐96購01  ,0,0,0,0,0,0,0,0,0,-221000,0,0,0,0,221000,-221000,-221000
056238,聯發科群益98購02,0,0,0,0,0,0,0,0,0,-221000,0,0,0,0,221000,-221000,-221000
055520,矽力中信97購02  ,0,0,0,0,0,0,0,0,0,-222000,0,0,0,181000,403000,-222000,-222000
049073,光罩凱基94購01  ,0,0,0,0,0,0,0,0,0,-222000,0,0,0,0,222000,-222000,-222000
048092,聯發科凱基93購29,0,0,0,0,0,0,0,0,0,-222000,0,0,0,0,222000,-222000,-222000
051246,美律元大96購01  ,0,0,0,0,0,0,0,0,0,-222000,0,0,0,0,222000,-222000,-222000
050400,臻鼎中信97購01  ,0,0,0,0,0,0,0,0,0,-223000,0,0,0,50000,273000,-223000,-223000
047239,瀚宇博凱基94購01,0,0,0,0,0,0,0,0,0,-223000,0,0,0,10000,233000,-223000,-223000
05122P,鴻海永昌96售06  ,0,0,0,0,0,0,0,0,0,-223000,0,0,0,416000,639000,-223000,-223000
053296,貿聯中信98購01  ,0,0,0,0,0,0,0,0,0,-223000,0,0,0,0,223000,-223000,-223000
4915,致伸            ,419000,644377,-225377,0,0,0,0,0,0,2000,4000,3000,1000,4000,3000,1000,-223377
047419,聯發科富邦95購01,0,0,0,0,0,0,0,0,0,-224000,0,0,0,0,224000,-224000,-224000
05015P,臺股指元大95售06,0,0,0,0,0,0,0,0,0,-224000,0,0,0,339000,563000,-224000,-224000
056190,昇陽半統一97購01,0,0,0,0,0,0,0,0,0,-224000,0,0,0,127000,351000,-224000,-224000
053113,瀚宇博兆豐97購01,0,0,0,0,0,0,0,0,0,-225000,0,0,0,61000,286000,-225000,-225000
055604,訊芯元大98購02  ,0,0,0,0,0,0,0,0,0,-226000,0,0,0,59000,285000,-226000,-226000
054407,美律國票97購02  ,0,0,0,0,0,0,0,0,0,-226000,0,0,0,0,226000,-226000,-226000
03242P,聯電統一02售04  ,0,0,0,0,0,0,0,0,0,-226000,0,0,0,0,226000,-226000,-226000
04162P,南亞科統一94售02,0,0,0,0,0,0,0,0,0,-226000,0,0,0,0,226000,-226000,-226000
055976,台積電統一99購03,0,0,0,0,0,0,0,0,0,-226000,0,0,0,70000,296000,-226000,-226000
1309,台達化          ,24000,249000,-225000,0,0,0,0,0,0,-1000,0,1000,-1000,0,0,0,-226000
054584,貿聯元富97購01  ,0,0,0,0,0,0,0,0,0,-227000,0,0,0,54000,281000,-227000,-227000
08703P,華碩凱基01售02  ,0,0,0,0,0,0,0,0,0,-227000,0,0,0,211000,438000,-227000,-227000
056011,矽力中信99購01  ,0,0,0,0,0,0,0,0,0,-227000,0,0,0,112000,339000,-227000,-227000
056193,聯發科富邦99購08,0,0,0,0,0,0,0,0,0,-227000,0,0,0,118000,345000,-227000,-227000
044289,群創凱基93購04  ,0,0,0,0,0,0,0,0,0,-228000,0,0,0,115000,343000,-228000,-228000
00669R,國泰美國道瓊反1 ,0,123000,-123000,0,0,0,0,0,0,-105000,90000,0,90000,2111000,2306000,-195000,-228000
053533,光罩永豐96購03  ,0,0,0,0,0,0,0,0,0,-229000,0,0,0,0,229000,-229000,-229000
052862,正崴凱基96購01  ,0,0,0,0,0,0,0,0,0,-229000,0,0,0,0,229000,-229000,-229000
052259,深100富邦95購01 ,0,0,0,0,0,0,0,0,0,-229000,0,0,0,9000,238000,-229000,-229000
051212,國巨統一95購01  ,0,0,0,0,0,0,0,0,0,-229000,0,0,0,174000,403000,-229000,-229000
056223,華邦電凱基97購04,0,0,0,0,0,0,0,0,0,-229000,0,0,0,0,229000,-229000,-229000
06351P,臺股指台新99售03,0,0,0,0,0,0,0,0,0,-229000,0,0,0,0,229000,-229000,-229000
053455,台光電元富96購02,0,0,0,0,0,0,0,0,0,-230000,0,0,0,120000,350000,-230000,-230000
05375P,健策國票96售02  ,0,0,0,0,0,0,0,0,0,-230000,0,0,0,0,230000,-230000,-230000
04662P,臺股指國票94售01,0,0,0,0,0,0,0,0,0,-230000,0,0,0,0,230000,-230000,-230000
052305,GIS永豐95購03   ,0,0,0,0,0,0,0,0,0,-230000,0,0,0,2000,232000,-230000,-230000
06335P,台積電麥證97售02,0,0,0,300000,530000,-230000,0,0,0,-230000,0,0,0,300000,530000,-230000,-230000
056286,奇鋐永豐97購01  ,0,0,0,0,0,0,0,0,0,-230000,0,0,0,0,230000,-230000,-230000
052229,奇力新凱基96購01,0,0,0,0,0,0,0,0,0,-231000,0,0,0,35000,266000,-231000,-231000
05564P,玉晶光元大97售02,0,0,0,0,0,0,0,0,0,-232000,0,0,0,13000,245000,-232000,-232000
048545,嘉澤永豐93購03  ,0,0,0,0,0,0,0,0,0,-232000,0,0,0,1000,233000,-232000,-232000
053112,中磊兆豐97購01  ,0,0,0,0,0,0,0,0,0,-232000,0,0,0,45000,277000,-232000,-232000
054575,聯鈞元大97購01  ,0,0,0,0,0,0,0,0,0,-233000,0,0,0,16000,249000,-233000,-233000
043050,欣興國泰93購01  ,0,0,0,0,0,0,0,0,0,-233000,0,0,0,168000,401000,-233000,-233000
053499,禾伸堂兆豐96購01,0,0,0,0,0,0,0,0,0,-235000,0,0,0,27000,262000,-235000,-235000
055942,臺股指群益9C購01,0,0,0,0,0,0,0,0,0,-235000,0,0,0,162000,397000,-235000,-235000
050877,美律統一95購01  ,0,0,0,0,0,0,0,0,0,-235000,0,0,0,8000,243000,-235000,-235000
055680,美律凱基99購01  ,0,0,0,0,0,0,0,0,0,-236000,0,0,0,36000,272000,-236000,-236000
054437,欣興台新97購02  ,0,0,0,0,0,0,0,0,0,-236000,0,0,0,91000,327000,-236000,-236000
051609,貿聯群益95購03  ,0,0,0,0,0,0,0,0,0,-236000,0,0,0,29000,265000,-236000,-236000
055462,華邦電日盛97購01,0,0,0,0,0,0,0,0,0,-237000,0,0,0,297000,534000,-237000,-237000
051021,啟碁凱基95購02  ,0,0,0,0,0,0,0,0,0,-237000,0,0,0,21000,258000,-237000,-237000
053410,啟碁兆豐96購01  ,0,0,0,0,0,0,0,0,0,-237000,0,0,0,50000,287000,-237000,-237000
052597,茂林群益96購01  ,0,0,0,0,0,0,0,0,0,-237000,0,0,0,153000,390000,-237000,-237000
9958,世紀鋼          ,162000,254000,-92000,0,0,0,70000,200000,-130000,-15000,28000,10000,18000,8000,41000,-33000,-237000
056333,台積電日盛9B購01,0,0,0,0,0,0,0,0,0,-238000,0,0,0,201000,439000,-238000,-238000
055700,緯穎國泰98購02  ,0,0,0,0,0,0,0,0,0,-239000,0,0,0,97000,336000,-239000,-239000
053483,嘉澤第一96購01  ,0,0,0,0,0,0,0,0,0,-239000,0,0,0,270000,509000,-239000,-239000
03149P,鴻海群益01售12  ,0,0,0,0,0,0,0,0,0,-239000,0,0,0,0,239000,-239000,-239000
08795P,聯發科凱基01售11,0,0,0,0,0,0,0,0,0,-239000,0,0,0,121000,360000,-239000,-239000
05998P,台積電元大97售12,0,0,0,0,0,0,0,0,0,-239000,0,0,0,303000,542000,-239000,-239000
055919,景碩凱基98購02  ,0,0,0,0,0,0,0,0,0,-240000,0,0,0,0,240000,-240000,-240000
046970,聯詠群益93購01  ,0,0,0,0,0,0,0,0,0,-240000,0,0,0,10000,250000,-240000,-240000
046798,元油2X元大96購01,0,0,0,0,0,0,0,0,0,-240000,0,0,0,0,240000,-240000,-240000
047972,康控富邦95購01  ,0,0,0,0,0,0,0,0,0,-240000,0,0,0,10000,250000,-240000,-240000
048624,美律台新93購01  ,0,0,0,0,0,0,0,0,0,-240000,0,0,0,30000,270000,-240000,-240000
048917,和鑫台新94購01  ,0,0,0,0,0,0,0,0,0,-240000,0,0,0,0,240000,-240000,-240000
052881,康控凱基97購01  ,0,0,0,0,0,0,0,0,0,-240000,0,0,0,0,240000,-240000,-240000
05175P,TPK富邦99售01   ,0,0,0,0,0,0,0,0,0,-240000,0,0,0,0,240000,-240000,-240000
054837,欣興第一97購01  ,0,0,0,0,0,0,0,0,0,-241000,0,0,0,29000,270000,-241000,-241000
046020,滬深2X元大95購02,0,0,0,0,0,0,0,0,0,-241000,0,0,0,0,241000,-241000,-241000
050063,聯發科凱基94購09,0,0,0,0,0,0,0,0,0,-241000,0,0,0,111000,352000,-241000,-241000
051753,華通元大96購03  ,0,0,0,0,0,0,0,0,0,-241000,0,0,0,0,241000,-241000,-241000
051465,鴻海富邦97購02  ,0,0,0,0,0,0,0,0,0,-241000,0,0,0,0,241000,-241000,-241000
051378,奇力新群益95購01,0,0,0,0,0,0,0,0,0,-241000,0,0,0,275000,516000,-241000,-241000
08164P,滬深2X中信95售04,0,0,0,0,0,0,0,0,0,-241000,0,0,0,0,241000,-241000,-241000
053949,康控富邦9A購01  ,0,0,0,0,0,0,0,0,0,-242000,0,0,0,0,242000,-242000,-242000
054483,聯電台新96購01  ,0,0,0,0,0,0,0,0,0,-242000,0,0,0,50000,292000,-242000,-242000
049086,晶相光凱基94購01,0,0,0,0,0,0,0,0,0,-242000,0,0,0,20000,262000,-242000,-242000
051750,華通富邦96購01  ,0,0,0,0,0,0,0,0,0,-242000,0,0,0,0,242000,-242000,-242000
05286P,矽力統一95售02  ,0,0,0,0,0,0,0,0,0,-242000,0,0,0,100000,342000,-242000,-242000
2105,正新            ,1076000,1303834,-227834,0,0,0,0,1000,-1000,-14000,1000,15000,-14000,0,0,0,-242834
053562,玉晶光國泰98購02,0,0,0,0,0,0,0,0,0,-243000,0,0,0,91000,334000,-243000,-243000
053396,漢唐中信9A購01  ,0,0,0,0,0,0,0,0,0,-243000,0,0,0,0,243000,-243000,-243000
052326,滬深反中信99購01,0,0,0,0,0,0,0,0,0,-243000,0,0,0,13000,256000,-243000,-243000
054152,漢唐國泰98購02  ,0,0,0,0,0,0,0,0,0,-244000,0,0,0,116000,360000,-244000,-244000
054882,台光電統一97購02,0,0,0,0,0,0,0,0,0,-244000,0,0,0,40000,284000,-244000,-244000
054947,興勤元大97購01  ,0,0,0,0,0,0,0,0,0,-245000,0,0,0,37000,282000,-245000,-245000
047196,上銀統一97購01  ,0,0,0,0,0,0,0,0,0,-245000,0,0,0,243000,488000,-245000,-245000
052385,滬深2X群益99購05,0,0,0,0,0,0,0,0,0,-245000,0,0,0,443000,688000,-245000,-245000
054672,華新科國泰99購01,0,0,0,0,0,0,0,0,0,-246000,0,0,0,149000,395000,-246000,-246000
046771,聯發科國泰94購02,0,0,0,0,0,0,0,0,0,-246000,0,0,0,90000,336000,-246000,-246000
052133,華邦電凱基9B購01,0,0,0,0,0,0,0,0,0,-246000,0,0,0,54000,300000,-246000,-246000
8213,志超            ,244000,479000,-235000,0,0,0,0,0,0,-11000,2000,6000,-4000,13000,20000,-7000,-246000
06353P,電子類富邦99售02,0,0,0,0,0,0,0,0,0,-246000,0,0,0,11000,257000,-246000,-246000
053827,漢唐麥證9A購01  ,0,0,0,40000,287000,-247000,0,0,0,-247000,0,0,0,40000,287000,-247000,-247000
053851,鴻海國泰98購03  ,0,0,0,0,0,0,0,0,0,-247000,0,0,0,12000,259000,-247000,-247000
05515P,台積電群益96售03,0,0,0,0,0,0,0,0,0,-247000,0,0,0,86000,333000,-247000,-247000
045069,美律元大93購03  ,0,0,0,0,0,0,0,0,0,-247000,0,0,0,11000,258000,-247000,-247000
05529P,臺股指群益96售02,0,0,0,0,0,0,0,0,0,-247000,0,0,0,0,247000,-247000,-247000
047287,貿聯統一95購01  ,0,0,0,0,0,0,0,0,0,-247000,0,0,0,10000,257000,-247000,-247000
051814,鈺齊凱基95購01  ,0,0,0,0,0,0,0,0,0,-247000,0,0,0,0,247000,-247000,-247000
053759,晶相光國泰98購01,0,0,0,0,0,0,0,0,0,-248000,0,0,0,45000,293000,-248000,-248000
054666,強茂元富97購01  ,0,0,0,0,0,0,0,0,0,-248000,0,0,0,0,248000,-248000,-248000
053281,茂林元大96購02  ,0,0,0,0,0,0,0,0,0,-248000,0,0,0,23000,271000,-248000,-248000
052993,欣興台新97購01  ,0,0,0,0,0,0,0,0,0,-248000,0,0,0,0,248000,-248000,-248000
055959,美律元大97購03  ,0,0,0,0,0,0,0,0,0,-249000,0,0,0,0,249000,-249000,-249000
055687,瀚宇博凱基97購01,0,0,0,0,0,0,0,0,0,-249000,0,0,0,0,249000,-249000,-249000
045079,大立光元大93購05,0,0,0,0,0,0,0,0,0,-249000,0,0,0,0,249000,-249000,-249000
049067,元油2X凱基94購02,0,0,0,0,0,0,0,0,0,-249000,0,0,0,295000,544000,-249000,-249000
045893,貿聯元大92購04  ,0,0,0,0,0,0,0,0,0,-249000,0,0,0,0,249000,-249000,-249000
047292,台光電元富96購01,0,0,0,0,0,0,0,0,0,-249000,0,0,0,0,249000,-249000,-249000
05013P,台積電元大96售05,0,0,0,0,0,0,0,0,0,-249000,0,0,0,1000,250000,-249000,-249000
1589,永冠-KY         ,195000,410000,-215000,0,0,0,0,0,0,-34000,21000,46000,-25000,1000,10000,-9000,-249000
054222,大立光統一98購03,0,0,0,0,0,0,0,0,0,-250000,0,0,0,0,250000,-250000,-250000
048777,瀚宇博凱基94購02,0,0,0,0,0,0,0,0,0,-250000,0,0,0,0,250000,-250000,-250000
049973,T50反1日盛9A購01,0,0,0,0,0,0,0,0,0,-250000,0,0,0,0,250000,-250000,-250000
047750,開發金元富93購01,0,0,0,0,0,0,0,0,0,-250000,0,0,0,90000,340000,-250000,-250000
05215P,台積電台新95售03,0,0,0,0,0,0,0,0,0,-250000,0,0,0,0,250000,-250000,-250000
06075P,智邦凱基97售02  ,0,0,0,0,0,0,0,0,0,-250000,0,0,0,5000,255000,-250000,-250000
054442,啟碁台新96購01  ,0,0,0,0,0,0,0,0,0,-251000,0,0,0,0,251000,-251000,-251000
055573,國巨統一97購06  ,0,0,0,0,0,0,0,0,0,-251000,0,0,0,67000,318000,-251000,-251000
054708,華通統一97購02  ,0,0,0,0,0,0,0,0,0,-251000,0,0,0,24000,275000,-251000,-251000
03576P,台灣50元富06售01,0,0,0,0,0,0,0,0,0,-251000,0,0,0,77000,328000,-251000,-251000
054398,牧德永豐96購03  ,0,0,0,0,0,0,0,0,0,-252000,0,0,0,178000,430000,-252000,-252000
044531,欣興富邦93購01  ,0,0,0,0,0,0,0,0,0,-252000,0,0,0,0,252000,-252000,-252000
045168,欣興中信93購02  ,0,0,0,0,0,0,0,0,0,-252000,0,0,0,0,252000,-252000,-252000
047289,啟碁統一97購01  ,0,0,0,0,0,0,0,0,0,-252000,0,0,0,50000,302000,-252000,-252000
04974P,聯發科凱基96售02,0,0,0,0,0,0,0,0,0,-252000,0,0,0,3000,255000,-252000,-252000
052308,大立光國泰97購02,0,0,0,0,0,0,0,0,0,-252000,0,0,0,255000,507000,-252000,-252000
053689,台光電元大96購01,0,0,0,0,0,0,0,0,0,-253000,0,0,0,10000,263000,-253000,-253000
055539,億光台新97購01  ,0,0,0,0,0,0,0,0,0,-253000,0,0,0,35000,288000,-253000,-253000
052014,光罩永豐95購01  ,0,0,0,0,0,0,0,0,0,-253000,0,0,0,0,253000,-253000,-253000
051892,台光電元富95購03,0,0,0,0,0,0,0,0,0,-253000,0,0,0,0,253000,-253000,-253000
8046,南電            ,880000,1188000,-308000,0,0,0,0,60000,-60000,115000,15000,46000,-31000,187000,41000,146000,-253000
055579,健策統一9A購01  ,0,0,0,0,0,0,0,0,0,-254000,0,0,0,63000,317000,-254000,-254000
054932,台肥元大97購01  ,0,0,0,0,0,0,0,0,0,-254000,0,0,0,98000,352000,-254000,-254000
05000P,臺股指永豐95售01,0,0,0,0,0,0,0,0,0,-254000,0,0,0,40000,294000,-254000,-254000
049367,全新元大96購01  ,0,0,0,0,0,0,0,0,0,-255000,0,0,0,0,255000,-255000,-255000
054335,緯穎永豐96購02  ,0,0,0,0,0,0,0,0,0,-256000,0,0,0,116000,372000,-256000,-256000
054403,同欣電永豐96購02,0,0,0,0,0,0,0,0,0,-257000,0,0,0,11000,268000,-257000,-257000
054581,訊芯元大97購02  ,0,0,0,0,0,0,0,0,0,-257000,0,0,0,397000,654000,-257000,-257000
05363P,臺股指富邦95售03,0,0,0,0,0,0,0,0,0,-257000,0,0,0,20000,277000,-257000,-257000
04491P,光磊康和94售01  ,0,0,0,0,0,0,0,0,0,-257000,0,0,0,10000,267000,-257000,-257000
049290,元油2X群益94購02,0,0,0,0,0,0,0,0,0,-257000,0,0,0,0,257000,-257000,-257000
052078,大立光元富95購10,0,0,0,0,0,0,0,0,0,-257000,0,0,0,34000,291000,-257000,-257000
055279,華邦電元大97購02,0,0,0,0,0,0,0,0,0,-258000,0,0,0,0,258000,-258000,-258000
054491,瀚宇博台新96購02,0,0,0,0,0,0,0,0,0,-259000,0,0,0,0,259000,-259000,-259000
5519,隆大            ,16000,274000,-258000,0,0,0,0,0,0,-1000,0,1000,-1000,0,0,0,-259000
05807P,泰鼎永豐96售03  ,0,0,0,0,0,0,0,0,0,-259000,0,0,0,80000,339000,-259000,-259000
053971,聯發科元大97購09,0,0,0,0,0,0,0,0,0,-260000,0,0,0,10000,270000,-260000,-260000
048754,瀚宇博元富97購01,0,0,0,0,0,0,0,0,0,-260000,0,0,0,5000,265000,-260000,-260000
049465,美律台新94購01  ,0,0,0,0,0,0,0,0,0,-260000,0,0,0,0,260000,-260000,-260000
048271,可成富邦95購02  ,0,0,0,0,0,0,0,0,0,-260000,0,0,0,50000,310000,-260000,-260000
050403,台積電麥證94購02,0,0,0,30000,290000,-260000,0,0,0,-260000,0,0,0,30000,290000,-260000,-260000
051278,臻鼎中信97購02  ,0,0,0,0,0,0,0,0,0,-260000,0,0,0,0,260000,-260000,-260000
053569,漢唐統一98購01  ,0,0,0,0,0,0,0,0,0,-262000,0,0,0,28000,290000,-262000,-262000
051113,聯電元富95購01  ,0,0,0,0,0,0,0,0,0,-262000,0,0,0,376000,638000,-262000,-262000
052738,聯電元大98購02  ,0,0,0,0,0,0,0,0,0,-262000,0,0,0,125000,387000,-262000,-262000
056328,訊芯兆豐98購01  ,0,0,0,0,0,0,0,0,0,-262000,0,0,0,0,262000,-262000,-262000
056198,台光電永豐97購02,0,0,0,0,0,0,0,0,0,-262000,0,0,0,0,262000,-262000,-262000
2633,台灣高鐵        ,1281826,1626750,-344924,0,0,0,0,1000,-1000,83000,56000,18000,38000,157000,112000,45000,-262924
053843,訊芯統一96購01  ,0,0,0,0,0,0,0,0,0,-263000,0,0,0,54000,317000,-263000,-263000
050526,貿聯元大95購01  ,0,0,0,0,0,0,0,0,0,-263000,0,0,0,24000,287000,-263000,-263000
047271,華通永豐93購01  ,0,0,0,0,0,0,0,0,0,-263000,0,0,0,0,263000,-263000,-263000
049125,禾伸堂元富94購01,0,10000,-10000,0,0,0,0,0,0,-253000,0,0,0,376000,629000,-253000,-263000
049770,康控元富95購01  ,0,0,0,0,0,0,0,0,0,-264000,0,0,0,0,264000,-264000,-264000
054867,華航群益99購01  ,0,0,0,0,0,0,0,0,0,-265000,0,0,0,0,265000,-265000,-265000
055000,玉晶光元富97購04,0,0,0,0,0,0,0,0,0,-265000,0,0,0,10000,275000,-265000,-265000
052928,美律元大98購01  ,0,0,0,0,0,0,0,0,0,-265000,0,0,0,32000,297000,-265000,-265000
053077,同欣電永豐96購01,0,0,0,0,0,0,0,0,0,-265000,0,0,0,20000,285000,-265000,-265000
054057,晶豪科國票97購01,0,0,0,0,0,0,0,0,0,-266000,0,0,0,0,266000,-266000,-266000
048733,台勝科麥證95購02,0,0,0,174000,440000,-266000,0,0,0,-266000,0,0,0,174000,440000,-266000,-266000
048312,致茂凱基93購02  ,0,0,0,0,0,0,0,0,0,-266000,0,0,0,0,266000,-266000,-266000
050562,瑞昱元富94購02  ,0,0,0,0,0,0,0,0,0,-266000,0,0,0,50000,316000,-266000,-266000
052638,緯創凱基96購02  ,0,0,0,0,0,0,0,0,0,-266000,0,0,0,0,266000,-266000,-266000
052272,T50反1群益95購03,0,0,0,0,0,0,0,0,0,-266000,0,0,0,3000,269000,-266000,-266000
053915,光罩國票96購02  ,0,0,0,0,0,0,0,0,0,-267000,0,0,0,10000,277000,-267000,-267000
054308,嘉晶凱基98購01  ,0,0,0,0,0,0,0,0,0,-267000,0,0,0,77000,344000,-267000,-267000
054951,大毅元大97購01  ,0,0,0,0,0,0,0,0,0,-267000,0,0,0,74000,341000,-267000,-267000
06102P,智邦凱基97售03  ,0,0,0,0,0,0,0,0,0,-267000,0,0,0,1000,268000,-267000,-267000
055819,晶相光國票98購01,0,0,0,0,0,0,0,0,0,-268000,0,0,0,38000,306000,-268000,-268000
049350,麗豐康和94購01  ,0,0,0,0,0,0,0,0,0,-268000,0,0,0,30000,298000,-268000,-268000
051260,鴻海永昌96購04  ,0,0,0,0,0,0,0,0,0,-268000,0,0,0,225000,493000,-268000,-268000
4934,太極            ,24000,292000,-268000,0,0,0,0,0,0,0,0,0,0,0,0,0,-268000
03557P,欣興元大02售17  ,0,0,0,0,0,0,0,0,0,-269000,0,0,0,90000,359000,-269000,-269000
00762,元大全球AI      ,0,0,0,0,0,0,0,0,0,-270000,0,0,0,5000,275000,-270000,-270000
045814,可成麥證93購01  ,0,0,0,30000,300000,-270000,0,0,0,-270000,0,0,0,30000,300000,-270000,-270000
051196,喬山麥證95購01  ,0,0,0,0,270000,-270000,0,0,0,-270000,0,0,0,0,270000,-270000,-270000
052113,漢唐中信98購01  ,0,0,0,0,0,0,0,0,0,-270000,0,0,0,0,270000,-270000,-270000
056473,奇力新元大99購02,0,0,0,0,0,0,0,0,0,-270000,0,0,0,284000,554000,-270000,-270000
3026,禾伸堂          ,354000,888328,-534328,0,0,0,0,0,0,264000,1000,122000,-121000,406000,21000,385000,-270328
055608,華邦電康和97購01,0,0,0,0,0,0,0,0,0,-271000,0,0,0,0,271000,-271000,-271000
048847,A50群益98購01   ,0,0,0,0,0,0,0,0,0,-271000,0,0,0,0,271000,-271000,-271000
047808,智邦凱基93購07  ,0,0,0,0,0,0,0,0,0,-271000,0,0,0,0,271000,-271000,-271000
051982,深中小元大95購01,0,0,0,0,0,0,0,0,0,-271000,0,0,0,0,271000,-271000,-271000
05960P,欣興統一96售01  ,0,0,0,0,0,0,0,0,0,-271000,0,0,0,0,271000,-271000,-271000
050790,昇陽半國泰96購02,0,0,0,0,0,0,0,0,0,-272000,0,0,0,10000,282000,-272000,-272000
03795P,智邦元大93售03  ,0,0,0,0,0,0,0,0,0,-274000,0,0,0,0,274000,-274000,-274000
051419,麗豐國票96購01  ,0,0,0,0,0,0,0,0,0,-274000,0,0,0,0,274000,-274000,-274000
052115,T50反1國票95購03,0,0,0,0,0,0,0,0,0,-274000,0,0,0,647000,921000,-274000,-274000
056298,億光元大97購02  ,0,0,0,0,0,0,0,0,0,-274000,0,0,0,64000,338000,-274000,-274000
05405P,大立光群益95售04,0,0,0,0,0,0,0,0,0,-275000,0,0,0,0,275000,-275000,-275000
047416,台泥富邦94購01  ,0,0,0,0,0,0,0,0,0,-275000,0,0,0,145000,420000,-275000,-275000
05245P,台積電元大95售18,0,0,0,0,0,0,0,0,0,-275000,0,0,0,980000,1255000,-275000,-275000
055067,禾聯碩永豐97購01,0,0,0,0,0,0,0,0,0,-276000,0,0,0,0,276000,-276000,-276000
04747P,臺股指元大94售22,0,0,0,0,0,0,0,0,0,-276000,0,0,0,110000,386000,-276000,-276000
054351,華新科國泰97購03,0,0,0,0,0,0,0,0,0,-277000,0,0,0,143000,420000,-277000,-277000
053961,揚明光永豐96購04,0,0,0,0,0,0,0,0,0,-277000,0,0,0,68000,345000,-277000,-277000
045088,康控元大94購02  ,0,0,0,0,0,0,0,0,0,-277000,0,0,0,10000,287000,-277000,-277000
046134,致新國泰93購02  ,0,0,0,0,0,0,0,0,0,-277000,0,0,0,0,277000,-277000,-277000
05315P,鴻海永昌96售08  ,0,0,0,0,0,0,0,0,0,-277000,0,0,0,287000,564000,-277000,-277000
053142,緯穎永豐96購01  ,0,0,0,0,0,0,0,0,0,-278000,0,0,0,68000,346000,-278000,-278000
052957,T50反1凱基99購01,0,0,0,0,0,0,0,0,0,-278000,0,0,0,0,278000,-278000,-278000
051094,健策元大96購03  ,0,0,0,0,0,0,0,0,0,-278000,0,0,0,3000,281000,-278000,-278000
055460,華擎永豐97購01  ,0,0,0,0,0,0,0,0,0,-280000,0,0,0,195000,475000,-280000,-280000
048767,欣興凱基94購01  ,0,0,0,0,0,0,0,0,0,-280000,0,0,0,53000,333000,-280000,-280000
048641,美律元大94購01  ,0,0,0,0,0,0,0,0,0,-280000,0,0,0,0,280000,-280000,-280000
05209P,鴻海凱基96售09  ,0,0,0,0,0,0,0,0,0,-280000,0,0,0,0,280000,-280000,-280000
05291P,鴻海凱基95售16  ,0,0,0,0,0,0,0,0,0,-280000,0,0,0,0,280000,-280000,-280000
053215,禾伸堂凱基96購01,0,0,0,0,0,0,0,0,0,-280000,0,0,0,30000,310000,-280000,-280000
056059,美律元大98購02  ,0,0,0,0,0,0,0,0,0,-280000,0,0,0,14000,294000,-280000,-280000
3062,建漢            ,193000,466000,-273000,0,0,0,0,0,0,-7000,0,7000,-7000,0,0,0,-280000
054312,TPK凱基98購01   ,0,0,0,0,0,0,0,0,0,-281000,0,0,0,10000,291000,-281000,-281000
03177P,國巨群益01售12  ,0,0,0,0,0,0,0,0,0,-281000,0,0,0,0,281000,-281000,-281000
043656,上証反元大94購01,0,0,0,0,0,0,0,0,0,-281000,0,0,0,8000,289000,-281000,-281000
047755,麗豐元富93購01  ,0,0,0,0,0,0,0,0,0,-281000,0,0,0,30000,311000,-281000,-281000
047872,貿聯永豐93購02  ,0,0,0,0,0,0,0,0,0,-281000,0,0,0,40000,321000,-281000,-281000
049365,美律元大94購04  ,0,0,0,0,0,0,0,0,0,-282000,0,0,0,0,282000,-282000,-282000
3005,神基            ,252000,612016,-360016,0,0,0,0,0,0,78000,1000,3000,-2000,116000,36000,80000,-282016
049820,世紀鋼元大96購03,0,0,0,0,0,0,0,0,0,-283000,0,0,0,50000,333000,-283000,-283000
054546,玉晶光中信9B購01,0,0,0,0,0,0,0,0,0,-284000,0,0,0,494000,778000,-284000,-284000
055006,晶相光元富9A購01,0,0,0,0,0,0,0,0,0,-284000,0,0,0,50000,334000,-284000,-284000
054324,美律台新97購01  ,0,0,0,0,0,0,0,0,0,-285000,0,0,0,0,285000,-285000,-285000
054121,奇鋐永豐96購02  ,0,0,0,0,0,0,0,0,0,-285000,0,0,0,1000,286000,-285000,-285000
052261,台泥第一95購01  ,0,0,0,0,0,0,0,0,0,-285000,0,0,0,0,285000,-285000,-285000
052663,奇鋐國票97購01  ,0,0,0,0,0,0,0,0,0,-285000,0,0,0,260000,545000,-285000,-285000
051107,鴻海統一95購05  ,0,0,0,0,0,0,0,0,0,-285000,0,0,0,0,285000,-285000,-285000
06012P,世芯國票96售01  ,0,0,0,0,0,0,0,0,0,-285000,0,0,0,0,285000,-285000,-285000
2897,王道銀行        ,10000,313000,-303000,0,0,0,0,0,0,17000,17000,0,17000,0,0,0,-286000
047678,景碩台新93購01  ,0,0,0,0,0,0,0,0,0,-287000,0,0,0,94000,381000,-287000,-287000
053936,旺宏元富96購04  ,0,0,0,0,0,0,0,0,0,-288000,0,0,0,50000,338000,-288000,-288000
045861,智邦統一93購02  ,0,0,0,0,0,0,0,0,0,-288000,0,0,0,239000,527000,-288000,-288000
053642,瀚宇博永豐96購01,0,0,0,0,0,0,0,0,0,-289000,0,0,0,68000,357000,-289000,-289000
04729P,臺股指中信96售01,0,0,0,0,0,0,0,0,0,-289000,0,0,0,0,289000,-289000,-289000
050390,聯發科統一94購09,0,0,0,0,0,0,0,0,0,-289000,0,0,0,98000,387000,-289000,-289000
06426P,T50正2元大9B售01,0,0,0,0,0,0,0,0,0,-289000,0,0,0,70000,359000,-289000,-289000
055420,欣興永豐98購01  ,0,0,0,0,0,0,0,0,0,-290000,0,0,0,360000,650000,-290000,-290000
03765P,大立光元富96售01,0,0,0,0,0,0,0,0,0,-290000,0,0,0,0,290000,-290000,-290000
055694,光罩國票98購01  ,0,0,0,0,0,0,0,0,0,-291000,0,0,0,60000,351000,-291000,-291000
054781,台化群益99購01  ,0,0,0,0,0,0,0,0,0,-291000,0,0,0,0,291000,-291000,-291000
00650L,FH香港正2       ,0,0,0,0,0,0,0,0,0,-291000,0,166000,-166000,2395000,2520000,-125000,-291000
055655,群創元富99購07  ,0,0,0,0,0,0,0,0,0,-292000,0,0,0,275000,567000,-292000,-292000
054457,強茂群益96購01  ,0,0,0,0,0,0,0,0,0,-292000,0,0,0,0,292000,-292000,-292000
2634,漢翔            ,588000,898000,-310000,0,0,0,0,0,0,18000,50000,32000,18000,0,0,0,-292000
8464,億豐            ,382354,715700,-333346,0,0,0,50000,0,50000,-9000,0,9000,-9000,0,0,0,-292346
055712,金寶元大97購02  ,0,0,0,0,0,0,0,0,0,-294000,0,0,0,82000,376000,-294000,-294000
055855,牧德元大99購02  ,0,0,0,0,0,0,0,0,0,-295000,0,0,0,5000,300000,-295000,-295000
05540P,亞德客凱基96售01,0,0,0,0,0,0,0,0,0,-295000,0,0,0,77000,372000,-295000,-295000
2456,奇力新          ,870000,2511000,-1641000,0,0,0,557000,48000,509000,837000,710000,190000,520000,437000,120000,317000,-295000
056297,台光電元大97購04,0,0,0,0,0,0,0,0,0,-295000,0,0,0,37000,332000,-295000,-295000
055876,美食元富9A購01  ,0,0,0,0,0,0,0,0,0,-296000,0,0,0,0,296000,-296000,-296000
054942,凱美元大97購02  ,0,0,0,0,0,0,0,0,0,-297000,0,0,0,59000,356000,-297000,-297000
052827,昇陽半永豐97購01,0,0,0,0,0,0,0,0,0,-297000,0,0,0,83000,380000,-297000,-297000
054307,高鐵凱基98購01  ,0,0,0,0,0,0,0,0,0,-298000,0,0,0,0,298000,-298000,-298000
050361,T50反1元大94購07,0,0,0,0,0,0,0,0,0,-299000,0,0,0,0,299000,-299000,-299000
050599,美食麥證94購01  ,0,0,0,0,299000,-299000,0,0,0,-299000,0,0,0,0,299000,-299000,-299000
050990,T50反1元大95購01,0,0,0,0,0,0,0,0,0,-299000,0,0,0,0,299000,-299000,-299000
05818P,大立光凱基96售14,0,0,0,0,0,0,0,0,0,-299000,0,0,0,0,299000,-299000,-299000
05948P,茂林元大96售03  ,0,0,0,0,0,0,0,0,0,-299000,0,0,0,0,299000,-299000,-299000
054495,滬深2X永豐97購02,0,0,0,0,0,0,0,0,0,-300000,0,0,0,200000,500000,-300000,-300000
054890,聯鈞統一99購01  ,0,0,0,0,0,0,0,0,0,-300000,0,0,0,54000,354000,-300000,-300000
05484P,台積電凱基95售18,0,0,0,0,0,0,0,0,0,-300000,0,0,0,0,300000,-300000,-300000
03021P,玉晶光群益02售25,0,0,0,0,0,0,0,0,0,-300000,0,0,0,20000,320000,-300000,-300000
03563P,台灣50群益02售14,0,0,0,0,0,0,0,0,0,-300000,0,0,0,0,300000,-300000,-300000
04260P,亞德客群益93售01,0,0,0,0,0,0,0,0,0,-300000,0,0,0,0,300000,-300000,-300000
048667,旺宏永豐94購02  ,0,0,0,0,0,0,0,0,0,-300000,0,0,0,79000,379000,-300000,-300000
049668,大立光國泰96購02,0,0,0,0,0,0,0,0,0,-300000,0,0,0,224000,524000,-300000,-300000
049594,揚明光元大95購01,0,0,0,0,0,0,0,0,0,-300000,0,0,0,50000,350000,-300000,-300000
048302,上証反凱基93購01,0,0,0,0,0,0,0,0,0,-300000,0,0,0,0,300000,-300000,-300000
051776,上証2X群益99購01,0,0,0,0,0,0,0,0,0,-300000,0,0,0,20000,320000,-300000,-300000
06076P,大立光凱基98售03,0,0,0,0,0,0,0,0,0,-300000,0,0,0,0,300000,-300000,-300000
053247,麗豐國票97購01  ,0,0,0,0,0,0,0,0,0,-301000,0,0,0,110000,411000,-301000,-301000
053061,GIS富邦97購01   ,0,0,0,0,0,0,0,0,0,-301000,0,0,0,0,301000,-301000,-301000
054961,玉晶光元大99購01,0,0,0,0,0,0,0,0,0,-302000,0,0,0,94000,396000,-302000,-302000
04886P,臺股指凱基94售20,0,0,0,0,0,0,0,0,0,-302000,0,0,0,20000,322000,-302000,-302000
049792,元油2X元大94購08,0,0,0,0,0,0,0,0,0,-302000,0,0,0,0,302000,-302000,-302000
051096,日月光元大95購01,0,0,0,0,0,0,0,0,0,-302000,0,0,0,306000,608000,-302000,-302000
056068,欣興元大97購05  ,0,0,0,0,0,0,0,0,0,-302000,0,0,0,329000,631000,-302000,-302000
048823,漢唐凱基94購01  ,0,0,0,0,0,0,0,0,0,-303000,0,0,0,0,303000,-303000,-303000
049325,智邦元富94購02  ,0,0,0,0,0,0,0,0,0,-303000,0,0,0,0,303000,-303000,-303000
055144,T50反1元大97購03,0,0,0,0,0,0,0,0,0,-304000,0,0,0,381000,685000,-304000,-304000
055891,鴻海統一9A購01  ,0,0,0,0,0,0,0,0,0,-305000,0,0,0,376000,681000,-305000,-305000
044516,景碩凱基93購02  ,0,0,0,0,0,0,0,0,0,-305000,0,0,0,35000,340000,-305000,-305000
3653,健策            ,63000,548000,-485000,0,0,0,100000,0,100000,80000,43000,8000,35000,85000,40000,45000,-305000
054545,奇力新中信98購01,0,0,0,0,0,0,0,0,0,-306000,0,0,0,180000,486000,-306000,-306000
051723,嘉澤永豐95購01  ,0,0,0,0,0,0,0,0,0,-306000,0,0,0,0,306000,-306000,-306000
053154,聯詠元大96購01  ,0,0,0,0,0,0,0,0,0,-306000,0,0,0,194000,500000,-306000,-306000
052275,日月光群益95購01,0,0,0,0,0,0,0,0,0,-306000,0,0,0,0,306000,-306000,-306000
1909,榮成            ,204000,492931,-288931,0,0,0,0,0,0,-18000,5000,23000,-18000,0,0,0,-306931
049408,旺宏日盛94購01  ,0,0,0,0,0,0,0,0,0,-307000,0,0,0,5000,312000,-307000,-307000
04953P,台積電群益94售13,0,0,0,0,0,0,0,0,0,-307000,0,0,0,6000,313000,-307000,-307000
050660,欣興元大96購02  ,0,0,0,0,0,0,0,0,0,-307000,0,0,0,23000,330000,-307000,-307000
052931,麗豐元大97購01  ,0,0,0,0,0,0,0,0,0,-307000,0,0,0,15000,322000,-307000,-307000
051869,康控凱基96購01  ,0,0,0,0,0,0,0,0,0,-307000,0,0,0,4000,311000,-307000,-307000
2820,華票            ,363000,706000,-343000,0,0,0,0,0,0,36000,36000,0,36000,0,0,0,-307000
06069P,台積電永豐97售01,0,0,0,0,0,0,0,0,0,-308000,0,0,0,55000,363000,-308000,-308000
049539,元油2X群益9A購01,0,0,0,0,0,0,0,0,0,-309000,0,0,0,15000,324000,-309000,-309000
05162P,玉晶光國票96售03,0,0,0,0,0,0,0,0,0,-309000,0,0,0,0,309000,-309000,-309000
05901P,臺股指凱基9C售01,0,0,0,0,0,0,0,0,0,-309000,0,0,0,55000,364000,-309000,-309000
04652P,臺股指凱基94售11,0,0,0,0,0,0,0,0,0,-310000,0,0,0,0,310000,-310000,-310000
050552,禾伸堂凱基94購05,0,0,0,0,0,0,0,0,0,-310000,0,0,0,46000,356000,-310000,-310000
051846,S&P反1中信96購02,0,0,0,0,0,0,0,0,0,-310000,0,0,0,10000,320000,-310000,-310000
1722,台肥            ,32000,360442,-328442,0,0,0,0,0,0,18000,0,5000,-5000,33000,10000,23000,-310442
055178,晶豪科統一97購01,0,0,0,0,0,0,0,0,0,-312000,0,0,0,6000,318000,-312000,-312000
050971,緯穎永豐95購01  ,0,0,0,0,0,0,0,0,0,-312000,0,0,0,68000,380000,-312000,-312000
053187,國巨統一96購05  ,0,0,0,0,0,0,0,0,0,-312000,0,0,0,48000,360000,-312000,-312000
054959,禾伸堂元大98購01,0,0,0,0,0,0,0,0,0,-314000,0,0,0,51000,365000,-314000,-314000
04372P,臺股指凱基94售02,0,0,0,0,0,0,0,0,0,-314000,0,0,0,0,314000,-314000,-314000
3006,晶豪科          ,211000,588000,-377000,0,0,0,0,0,0,63000,27000,69000,-42000,151000,46000,105000,-314000
05479P,華新科台新96售01,0,0,0,0,0,0,0,0,0,-315000,0,0,0,10000,325000,-315000,-315000
054844,華邦電兆豐98購01,0,0,0,0,0,0,0,0,0,-316000,0,0,0,230000,546000,-316000,-316000
046626,台光電統一94購01,0,0,0,0,0,0,0,0,0,-316000,0,0,0,51000,367000,-316000,-316000
047735,華邦電台新94購01,0,0,0,0,0,0,0,0,0,-316000,0,0,0,0,316000,-316000,-316000
050658,台郡麥證96購01  ,0,0,0,87000,404000,-317000,0,0,0,-317000,0,0,0,87000,404000,-317000,-317000
051743,揚明光國票96購02,0,0,0,0,0,0,0,0,0,-317000,0,0,0,0,317000,-317000,-317000
1444,力麗            ,47000,357000,-310000,0,0,0,0,0,0,-7000,0,7000,-7000,0,0,0,-317000
055478,訊芯凱基97購01  ,0,0,0,0,0,0,0,0,0,-318000,0,0,0,74000,392000,-318000,-318000
056275,國巨國泰98購04  ,0,0,0,0,0,0,0,0,0,-318000,0,0,0,122000,440000,-318000,-318000
048145,大立光統一93購10,0,0,0,0,0,0,0,0,0,-319000,0,0,0,0,319000,-319000,-319000
048142,聯電統一93購01  ,0,0,0,0,0,0,0,0,0,-319000,0,0,0,150000,469000,-319000,-319000
046793,聯發科元富99購01,0,0,0,0,0,0,0,0,0,-321000,0,0,0,126000,447000,-321000,-321000
055287,日電貿元大97購01,0,0,0,0,0,0,0,0,0,-321000,0,0,0,24000,345000,-321000,-321000
055023,億光國泰98購01  ,0,0,0,0,0,0,0,0,0,-322000,0,0,0,184000,506000,-322000,-322000
04189P,台積電兆豐94售02,0,0,0,0,0,0,0,0,0,-322000,0,0,0,30000,352000,-322000,-322000
047968,南電國泰94購01  ,0,0,0,0,0,0,0,0,0,-322000,0,0,0,32000,354000,-322000,-322000
051671,和鑫元大96購02  ,0,0,0,0,0,0,0,0,0,-322000,0,0,0,8000,330000,-322000,-322000
052269,T50反1日盛9B購01,0,0,0,0,0,0,0,0,0,-322000,0,0,0,6000,328000,-322000,-322000
048073,南電元富93購02  ,0,0,0,0,0,0,0,0,0,-323000,0,0,0,100000,423000,-323000,-323000
052193,國巨元富95購06  ,0,0,0,0,0,0,0,0,0,-323000,0,0,0,112000,435000,-323000,-323000
053095,台光電統一98購01,0,0,0,0,0,0,0,0,0,-323000,0,0,0,469000,792000,-323000,-323000
054006,智易統一97購01  ,0,0,0,0,0,0,0,0,0,-325000,0,0,0,20000,345000,-325000,-325000
06395P,台積電元大97售29,0,0,0,0,0,0,0,0,0,-325000,0,0,0,85000,410000,-325000,-325000
2903,遠百            ,143000,464648,-321648,0,0,0,0,0,0,-4000,5000,9000,-4000,0,0,0,-325648
054394,奇力新永豐96購03,0,0,0,0,0,0,0,0,0,-326000,0,0,0,2000,328000,-326000,-326000
054384,瀚宇博群益96購02,0,0,0,0,0,0,0,0,0,-326000,0,0,0,0,326000,-326000,-326000
052429,禾伸堂永豐95購02,0,0,0,0,0,0,0,0,0,-326000,0,0,0,16000,342000,-326000,-326000
047354,訊芯凱基94購01  ,0,0,0,0,0,0,0,0,0,-327000,0,0,0,126000,453000,-327000,-327000
052594,友訊群益98購01  ,0,0,0,0,0,0,0,0,0,-327000,0,0,0,500000,827000,-327000,-327000
2014,中鴻            ,197000,427961,-230961,0,0,0,0,0,0,-98000,30000,128000,-98000,0,0,0,-328961
054886,大毅統一97購01  ,0,0,0,0,0,0,0,0,0,-329000,0,0,0,247000,576000,-329000,-329000
05312P,臺股指群益95售11,0,0,0,0,0,0,0,0,0,-329000,0,0,0,49000,378000,-329000,-329000
054589,聯鈞國泰99購01  ,0,0,0,0,0,0,0,0,0,-330000,0,0,0,71000,401000,-330000,-330000
044532,康控富邦93購01  ,0,0,0,0,0,0,0,0,0,-330000,0,0,0,0,330000,-330000,-330000
051136,可成永豐95購02  ,0,0,0,0,0,0,0,0,0,-330000,0,0,0,0,330000,-330000,-330000
055695,大毅國票98購03  ,0,0,0,0,0,0,0,0,0,-331000,0,0,0,33000,364000,-331000,-331000
048511,美律凱基93購07  ,0,0,0,0,0,0,0,0,0,-333000,0,0,0,13000,346000,-333000,-333000
052849,可成統一97購01  ,0,0,0,0,0,0,0,0,0,-333000,0,0,0,120000,453000,-333000,-333000
052729,國巨國泰97購03  ,0,0,0,0,0,0,0,0,0,-333000,0,0,0,52000,385000,-333000,-333000
054622,漢唐第一97購01  ,0,0,0,0,0,0,0,0,0,-335000,0,0,0,0,335000,-335000,-335000
048676,和鑫國泰94購02  ,0,0,0,0,0,0,0,0,0,-335000,0,0,0,0,335000,-335000,-335000
048156,正崴兆豐93購01  ,0,0,0,0,0,0,0,0,0,-335000,0,0,0,150000,485000,-335000,-335000
052818,智邦永豐96購01  ,0,0,0,0,0,0,0,0,0,-335000,0,0,0,90000,425000,-335000,-335000
051097,嘉聯益元大96購02,0,0,0,0,0,0,0,0,0,-335000,0,0,0,0,335000,-335000,-335000
053437,啟碁日盛96購01  ,0,0,0,0,0,0,0,0,0,-336000,0,0,0,0,336000,-336000,-336000
053472,漢唐元大96購02  ,0,0,0,0,0,0,0,0,0,-337000,0,0,0,50000,387000,-337000,-337000
049962,台光電元富94購01,0,0,0,0,0,0,0,0,0,-337000,0,0,0,0,337000,-337000,-337000
055917,禾伸堂凱基98購02,0,0,0,0,0,0,0,0,0,-338000,0,0,0,0,338000,-338000,-338000
043944,欣興兆豐93購02  ,0,0,0,0,0,0,0,0,0,-338000,0,0,0,71000,409000,-338000,-338000
041900,元油2X富邦96購01,0,0,0,0,0,0,0,0,0,-339000,0,0,0,190000,529000,-339000,-339000
052414,聯電麥證95購01  ,0,0,0,10000,349000,-339000,0,0,0,-339000,0,0,0,10000,349000,-339000,-339000
053334,訊芯永豐96購01  ,0,0,0,0,0,0,0,0,0,-339000,0,0,0,247000,586000,-339000,-339000
053563,台積電富邦97購01,0,0,0,0,0,0,0,0,0,-341000,0,0,0,382000,723000,-341000,-341000
047704,智邦凱基93購06  ,0,0,0,0,0,0,0,0,0,-342000,0,0,0,133000,475000,-342000,-342000
048828,禾伸堂凱基94購02,0,0,0,0,0,0,0,0,0,-343000,0,0,0,29000,372000,-343000,-343000
056194,聯發科富邦9B購01,0,0,0,0,0,0,0,0,0,-344000,0,0,0,70000,414000,-344000,-344000
046919,大毅永豐93購01  ,0,0,0,0,0,0,0,0,0,-347000,0,0,0,75000,422000,-347000,-347000
05266P,華新科元大95售11,0,0,0,0,0,0,0,0,0,-348000,0,0,0,0,348000,-348000,-348000
054257,揚明光元大96購02,0,0,0,0,0,0,0,0,0,-350000,0,0,0,0,350000,-350000,-350000
055635,緯穎永豐97購01  ,0,0,0,0,0,0,0,0,0,-350000,0,0,0,0,350000,-350000,-350000
054818,奇力新元大97購05,0,0,0,0,0,0,0,0,0,-350000,0,0,0,202000,552000,-350000,-350000
049686,T50反1元大94購02,0,0,0,0,0,0,0,0,0,-350000,0,0,0,0,350000,-350000,-350000
049265,揚明光元大94購03,0,0,0,0,0,0,0,0,0,-350000,0,0,0,0,350000,-350000,-350000
050164,揚明光國泰95購01,0,0,0,0,0,0,0,0,0,-350000,0,0,0,0,350000,-350000,-350000
052102,台泥兆豐96購01  ,0,0,0,0,0,0,0,0,0,-350000,0,0,0,0,350000,-350000,-350000
054297,台郡元大98購01  ,0,0,0,0,0,0,0,0,0,-352000,0,0,0,46000,398000,-352000,-352000
052491,泰碩國票99購01  ,0,0,0,0,0,0,0,0,0,-352000,0,0,0,56000,408000,-352000,-352000
05516P,台積電元大96售12,0,0,0,0,0,0,0,0,0,-355000,0,0,0,553000,908000,-355000,-355000
049780,智易統一94購02  ,0,0,0,0,0,0,0,0,0,-355000,0,0,0,0,355000,-355000,-355000
053951,T50反1台新06購02,0,0,0,0,0,0,0,0,0,-356000,0,0,0,5000,361000,-356000,-356000
048499,達運元大96購01  ,0,0,0,0,0,0,0,0,0,-357000,0,0,0,6000,363000,-357000,-357000
053137,旺宏富邦98購01  ,0,0,0,0,0,0,0,0,0,-358000,0,0,0,39000,397000,-358000,-358000
049762,華邦電國泰95購01,0,0,0,0,0,0,0,0,0,-359000,0,0,0,161000,520000,-359000,-359000
052985,美律元大96購02  ,0,0,0,0,0,0,0,0,0,-359000,0,0,0,12000,371000,-359000,-359000
054652,裕隆麥證97購01  ,0,0,0,20000,380000,-360000,0,0,0,-360000,0,0,0,20000,380000,-360000,-360000
050097,可成國泰96購02  ,0,0,0,0,0,0,0,0,0,-360000,0,0,0,90000,450000,-360000,-360000
050834,啟碁凱基95購01  ,0,0,0,0,0,0,0,0,0,-360000,0,0,0,100000,460000,-360000,-360000
051235,鴻海元大95購06  ,0,0,0,0,0,0,0,0,0,-361000,0,0,0,0,361000,-361000,-361000
05489P,臺股指凱基95售22,0,0,0,0,0,0,0,0,0,-362000,0,0,0,10000,372000,-362000,-362000
052974,瀚宇博群益96購01,0,0,0,0,0,0,0,0,0,-362000,0,0,0,0,362000,-362000,-362000
04956P,臺股指日盛94售02,0,0,0,0,0,0,0,0,0,-363000,0,0,0,19000,382000,-363000,-363000
050493,聯發科永昌96購01,0,0,0,0,0,0,0,0,0,-364000,0,0,0,66000,430000,-364000,-364000
2536,宏普            ,101000,464000,-363000,0,0,0,0,0,0,-2000,0,2000,-2000,0,0,0,-365000
053825,南電群益96購02  ,0,0,0,0,0,0,0,0,0,-367000,0,0,0,131000,498000,-367000,-367000
0061,元大寶滬深      ,0,342000,-342000,0,0,0,0,0,0,-25000,50000,220000,-170000,294000,149000,145000,-367000
050185,和鑫元大95購02  ,0,0,0,0,0,0,0,0,0,-367000,0,0,0,30000,397000,-367000,-367000
050284,台泥凱基94購01  ,0,0,0,0,0,0,0,0,0,-367000,0,0,0,10000,377000,-367000,-367000
05974P,國巨富邦97售03  ,0,0,0,0,0,0,0,0,0,-367000,0,0,0,15000,382000,-367000,-367000
055649,華新科元富97購03,0,0,0,0,0,0,0,0,0,-369000,0,0,0,1163000,1532000,-369000,-369000
04044P,鴻海元大93售18  ,0,0,0,0,0,0,0,0,0,-370000,0,0,0,0,370000,-370000,-370000
052023,鈺齊永豐95購02  ,0,0,0,0,0,0,0,0,0,-370000,0,0,0,0,370000,-370000,-370000
051642,鈺齊台新95購01  ,0,0,0,0,0,0,0,0,0,-370000,0,0,0,0,370000,-370000,-370000
055235,金寶台新98購01  ,0,0,0,0,0,0,0,0,0,-371000,0,0,0,64000,435000,-371000,-371000
052250,光磊永豐95購01  ,0,0,0,0,0,0,0,0,0,-371000,0,0,0,34000,405000,-371000,-371000
054988,凱美元富97購02  ,0,0,0,0,0,0,0,0,0,-372000,0,0,0,0,372000,-372000,-372000
2912,統一超          ,318666,685486,-366820,0,0,0,0,0,0,-6000,0,6000,-6000,0,0,0,-372820
05684P,臺股指元大96售09,0,0,0,0,0,0,0,0,0,-373000,0,0,0,0,373000,-373000,-373000
052181,南茂元大95購05  ,0,0,0,0,0,0,0,0,0,-375000,0,0,0,485000,860000,-375000,-375000
05103P,臺股指凱基96售10,0,0,0,0,0,0,0,0,0,-376000,0,0,0,96000,472000,-376000,-376000
6239,力成            ,1296744,1768253,-471509,0,0,0,100000,0,100000,-5000,49000,37000,12000,36000,53000,-17000,-376509
05914P,友達元大96售04  ,0,0,0,0,0,0,0,0,0,-377000,0,0,0,47000,424000,-377000,-377000
4958,臻鼎-KY         ,1236656,2110700,-874044,0,0,0,550000,217000,333000,163000,218000,62000,156000,19000,12000,7000,-378044
055017,緯穎元富97購01  ,0,0,0,0,0,0,0,0,0,-380000,0,0,0,7000,387000,-380000,-380000
054188,欣興永豐96購03  ,0,0,0,0,0,0,0,0,0,-380000,0,0,0,428000,808000,-380000,-380000
05319P,上銀凱基95售02  ,0,0,0,0,0,0,0,0,0,-380000,0,0,0,0,380000,-380000,-380000
053945,國巨富邦98購02  ,0,0,0,0,0,0,0,0,0,-381000,0,0,0,484000,865000,-381000,-381000
00676R,富邦臺灣加權反1 ,0,0,0,0,0,0,0,0,0,-381000,0,0,0,803000,1184000,-381000,-381000
6005,群益證          ,375000,758000,-383000,0,0,0,0,0,0,0,0,0,0,0,0,0,-383000
04422P,玉晶光永豐94售03,0,0,0,0,0,0,0,0,0,-385000,0,0,0,13000,398000,-385000,-385000
049785,華新科兆豐95購01,0,0,0,0,0,0,0,0,0,-385000,0,0,0,75000,460000,-385000,-385000
06379P,群創統一97售05  ,0,0,0,0,0,0,0,0,0,-385000,0,0,0,58000,443000,-385000,-385000
048928,華新科永豐94購02,0,0,0,0,0,0,0,0,0,-387000,0,0,0,102000,489000,-387000,-387000
049636,上証反凱基9A購01,0,0,0,0,0,0,0,0,0,-387000,0,0,0,39000,426000,-387000,-387000
1210,大成            ,43000,425153,-382153,0,0,0,0,0,0,-5000,0,5000,-5000,0,0,0,-387153
2027,大成鋼          ,183000,513000,-330000,0,0,0,0,0,0,-58000,3000,23000,-20000,119000,157000,-38000,-388000
1434,福懋            ,363000,742484,-379484,0,0,0,0,0,0,-9000,0,9000,-9000,0,0,0,-388484
05234P,美食康和95售01  ,0,0,0,0,0,0,0,0,0,-389000,0,0,0,5000,394000,-389000,-389000
052550,鴻海國票97購02  ,0,0,0,0,0,0,0,0,0,-389000,0,0,0,2000,391000,-389000,-389000
055734,奇力新元富97購02,0,0,0,0,0,0,0,0,0,-390000,0,0,0,105000,495000,-390000,-390000
051519,國泰金凱基95購02,8000,0,8000,0,0,0,0,0,0,-398000,0,0,0,10000,408000,-398000,-390000
4119,旭富            ,178000,541000,-363000,0,0,0,0,0,0,-28000,0,10000,-10000,0,18000,-18000,-391000
5434,崇越            ,156000,552000,-396000,0,0,0,0,0,0,2000,3000,1000,2000,0,0,0,-394000
045994,康控富邦94購01  ,0,0,0,0,0,0,0,0,0,-396000,0,0,0,4000,400000,-396000,-396000
053284,樺漢元大97購01  ,0,0,0,0,0,0,0,0,0,-396000,0,0,0,18000,414000,-396000,-396000
050765,鴻海元大96購02  ,0,0,0,0,0,0,0,0,0,-397000,0,0,0,317000,714000,-397000,-397000
2451,創見            ,218000,561000,-343000,0,0,0,0,94000,-94000,39000,3000,4000,-1000,40000,0,40000,-398000
04225P,台積電元富94售02,0,0,0,0,0,0,0,0,0,-399000,0,0,0,0,399000,-399000,-399000
04771P,友達元大96售02  ,0,0,0,0,0,0,0,0,0,-399000,0,0,0,0,399000,-399000,-399000
4551,智伸科          ,40000,248000,-208000,0,0,0,2000,215000,-213000,22000,41000,18000,23000,5000,6000,-1000,-399000
4906,正文            ,220000,587000,-367000,0,0,0,0,0,0,-32000,1000,12000,-11000,0,21000,-21000,-399000
054241,深中小元大98購01,0,0,0,0,0,0,0,0,0,-400000,0,0,0,5000,405000,-400000,-400000
043665,和鑫元大93購01  ,0,0,0,0,0,0,0,0,0,-400000,0,0,0,0,400000,-400000,-400000
04966P,台表科元大94售04,0,0,0,0,0,0,0,0,0,-400000,0,0,0,0,400000,-400000,-400000
048578,滬深2X富邦93購04,0,0,0,0,0,0,0,0,0,-400000,0,0,0,0,400000,-400000,-400000
049891,T50反1富邦94購02,0,0,0,0,0,0,0,0,0,-400000,0,0,0,10000,410000,-400000,-400000
05079P,可成永豐95售01  ,0,0,0,0,0,0,0,0,0,-400000,0,0,0,0,400000,-400000,-400000
04930P,國巨統一94售08  ,0,0,0,0,0,0,0,0,0,-401000,0,0,0,40000,441000,-401000,-401000
050949,亞光群益96購01  ,0,0,0,0,0,0,0,0,0,-402000,0,0,0,0,402000,-402000,-402000
055007,晶相光元富9A購02,0,0,0,0,0,0,0,0,0,-403000,0,0,0,2000,405000,-403000,-403000
051889,智邦元富95購02  ,0,0,0,0,0,0,0,0,0,-403000,0,0,0,307000,710000,-403000,-403000
056189,樺漢統一97購02  ,0,0,0,0,0,0,0,0,0,-404000,0,0,0,0,404000,-404000,-404000
5469,瀚宇博          ,1205314,1824000,-618686,0,0,0,0,0,0,213000,0,6000,-6000,279000,60000,219000,-405686
040760,T50反1凱基95購01,0,0,0,0,0,0,0,0,0,-408000,0,0,0,5000,413000,-408000,-408000
047723,廣宇群益94購01  ,0,0,0,0,0,0,0,0,0,-409000,0,0,0,0,409000,-409000,-409000
051655,欣興元富95購04  ,0,0,0,0,0,0,0,0,0,-409000,0,0,0,0,409000,-409000,-409000
04980P,臺股指凱基96售08,0,0,0,0,0,0,0,0,0,-410000,0,0,0,35000,445000,-410000,-410000
8081,致新            ,120000,288000,-168000,0,0,0,0,225000,-225000,-17000,0,15000,-15000,10000,12000,-2000,-410000
045618,元油2X永豐98購01,0,0,0,0,0,0,0,0,0,-411000,0,0,0,610000,1021000,-411000,-411000
048797,美律國泰95購02  ,0,0,0,0,0,0,0,0,0,-411000,0,0,0,168000,579000,-411000,-411000
05821P,臺股指凱基96售18,0,0,0,0,0,0,0,0,0,-411000,0,0,0,0,411000,-411000,-411000
055852,聯鈞元大98購01  ,0,0,0,0,0,0,0,0,0,-412000,0,0,0,10000,422000,-412000,-412000
056145,緯穎元大98購03  ,0,0,0,0,0,0,0,0,0,-413000,0,0,0,172000,585000,-413000,-413000
051168,訊連元大95購02  ,0,0,0,0,0,0,0,0,0,-414000,0,0,0,5000,419000,-414000,-414000
3045,台灣大          ,1235380,1706700,-471320,0,0,0,0,0,0,57000,80000,23000,57000,0,0,0,-414320
053675,臺股指元富96購02,0,0,0,0,0,0,0,0,0,-416000,0,0,0,598000,1014000,-416000,-416000
044852,華邦電國泰93購02,0,0,0,0,0,0,0,0,0,-416000,0,0,0,103000,519000,-416000,-416000
03418B,臺股指元大95熊20,0,0,0,0,0,0,0,0,0,-416000,0,0,0,37000,453000,-416000,-416000
049496,和鑫元大95購01  ,0,0,0,0,0,0,0,0,0,-418000,0,0,0,0,418000,-418000,-418000
03016P,滬深2X群益01售09,0,0,0,0,0,0,0,0,0,-419000,0,0,0,0,419000,-419000,-419000
052885,高鐵兆豐98購01  ,0,0,0,0,0,0,0,0,0,-420000,0,0,0,338000,758000,-420000,-420000
08525P,台灣50凱基96售02,0,0,0,0,0,0,0,0,0,-420000,0,0,0,0,420000,-420000,-420000
055018,緯穎元富97購02  ,0,0,0,0,0,0,0,0,0,-421000,0,0,0,4000,425000,-421000,-421000
056289,合勤控永豐97購01,0,0,0,0,0,0,0,0,0,-421000,0,0,0,1000,422000,-421000,-421000
055733,奇力新元富97購01,0,0,0,0,0,0,0,0,0,-422000,0,0,0,337000,759000,-422000,-422000
048021,滬深反凱基93購02,0,0,0,0,0,0,0,0,0,-422000,0,0,0,56000,478000,-422000,-422000
055973,亞德客統一97購01,0,0,0,0,0,0,0,0,0,-423000,0,0,0,290000,713000,-423000,-423000
051283,亞德客統一95購01,0,0,0,0,0,0,0,0,0,-423000,0,0,0,219000,642000,-423000,-423000
049389,元石油中信97購02,0,0,0,0,0,0,0,0,0,-424000,0,0,0,50000,474000,-424000,-424000
05536P,奇力新元大96售03,0,0,0,0,0,0,0,0,0,-425000,0,0,0,5000,430000,-425000,-425000
00715L,街口布蘭特油正2 ,0,0,0,0,0,0,0,0,0,-425000,0,0,0,0,425000,-425000,-425000
3530,晶相光          ,140000,602000,-462000,0,0,0,0,0,0,37000,1000,1000,0,41000,4000,37000,-425000
5521,工信            ,47000,472000,-425000,0,0,0,0,0,0,-3000,3000,6000,-3000,0,0,0,-428000
06180P,禾伸堂群益97售01,0,0,0,0,0,0,0,0,0,-429000,0,0,0,0,429000,-429000,-429000
055980,祥碩統一98購01  ,0,0,0,0,0,0,0,0,0,-430000,0,0,0,52000,482000,-430000,-430000
048841,聯茂凱基94購06  ,0,0,0,0,0,0,0,0,0,-431000,0,0,0,68000,499000,-431000,-431000
047202,欣興元富96購01  ,0,0,0,0,0,0,0,0,0,-432000,0,0,0,85000,517000,-432000,-432000
053019,禾伸堂元富96購01,0,0,0,0,0,0,0,0,0,-432000,0,0,0,0,432000,-432000,-432000
06347P,祥碩元富97售02  ,0,0,0,0,0,0,0,0,0,-434000,0,0,0,427000,861000,-434000,-434000
055334,禾伸堂兆豐97購01,0,0,0,0,0,0,0,0,0,-435000,0,0,0,0,435000,-435000,-435000
04875P,台積電中信94售04,0,0,0,0,0,0,0,0,0,-436000,0,0,0,0,436000,-436000,-436000
050088,禾伸堂台新94購01,0,0,0,0,0,0,0,0,0,-437000,0,0,0,0,437000,-437000,-437000
05039P,鴻海凱基95售10  ,0,0,0,0,0,0,0,0,0,-438000,0,0,0,1000,439000,-438000,-438000
053238,麗豐永豐96購01  ,0,0,0,0,0,0,0,0,0,-438000,0,0,0,0,438000,-438000,-438000
056272,嘉澤統一99購01  ,0,0,0,0,0,0,0,0,0,-439000,0,0,0,0,439000,-439000,-439000
05722P,玉晶光國票97售03,0,0,0,0,0,0,0,0,0,-439000,0,0,0,91000,530000,-439000,-439000
05530P,臺股指群益96售03,0,0,0,0,0,0,0,0,0,-440000,0,0,0,0,440000,-440000,-440000
1477,聚陽            ,81000,510296,-429296,0,0,0,0,6000,-6000,-5000,4000,13000,-9000,5000,1000,4000,-440296
055894,欣興統一97購03  ,0,0,0,0,0,0,0,0,0,-443000,0,0,0,66000,509000,-443000,-443000
00693U,街口S&P黃豆     ,0,437000,-437000,0,0,0,0,0,0,-6000,0,0,0,24000,30000,-6000,-443000
055769,智伸科中信97購01,0,0,0,0,0,0,0,0,0,-444000,0,0,0,8000,452000,-444000,-444000
049922,禾伸堂元大95購01,0,0,0,0,0,0,0,0,0,-444000,0,0,0,195000,639000,-444000,-444000
1201,味全            ,240000,677000,-437000,0,0,0,0,0,0,-8000,0,0,0,0,8000,-8000,-445000
046795,瀚宇博元富93購01,0,0,0,0,0,0,0,0,0,-446000,0,0,0,0,446000,-446000,-446000
050331,鈺齊永豐94購02  ,0,0,0,0,0,0,0,0,0,-447000,0,0,0,0,447000,-447000,-447000
2308,台達電          ,1998447,2051350,-52903,0,0,0,0,351000,-351000,-44000,9000,40000,-31000,14000,27000,-13000,-447903
2812,台中銀          ,366000,812000,-446000,0,0,0,0,0,0,-2000,0,2000,-2000,0,0,0,-448000
046066,長榮航凱基94購01,0,0,0,0,0,0,0,0,0,-449000,0,0,0,20000,469000,-449000,-449000
048898,晶相光國泰96購01,0,0,0,0,0,0,0,0,0,-449000,0,0,0,42000,491000,-449000,-449000
054574,美律元大99購01  ,0,0,0,0,0,0,0,0,0,-450000,0,0,0,0,450000,-450000,-450000
049053,可成永豐94購01  ,0,0,0,0,0,0,0,0,0,-450000,0,0,0,150000,600000,-450000,-450000
049706,世紀鋼元大95購02,0,0,0,0,0,0,0,0,0,-450000,0,0,0,0,450000,-450000,-450000
055887,上銀統一97購03  ,0,0,0,0,0,0,0,0,0,-451000,0,0,0,8000,459000,-451000,-451000
05501P,健策國票97售01  ,0,0,0,0,0,0,0,0,0,-451000,0,0,0,376000,827000,-451000,-451000
04705P,臺股指統一95售02,0,0,0,0,0,0,0,0,0,-451000,0,0,0,0,451000,-451000,-451000
04023P,臺股指元富99售02,0,0,0,0,0,0,0,0,0,-451000,0,0,0,65000,516000,-451000,-451000
03253P,台灣50國泰03售02,0,0,0,0,0,0,0,0,0,-451000,0,0,0,20000,471000,-451000,-451000
055844,大毅元大98購01  ,0,0,0,0,0,0,0,0,0,-453000,0,0,0,191000,644000,-453000,-453000
054714,和鑫台新98購01  ,0,0,0,0,0,0,0,0,0,-454000,0,0,0,38000,492000,-454000,-454000
05682P,大立光元大98售03,0,0,0,0,0,0,0,0,0,-454000,0,0,0,20000,474000,-454000,-454000
049783,元油2X兆豐95購01,0,0,0,0,0,0,0,0,0,-455000,0,0,0,0,455000,-455000,-455000
048745,儒鴻元富97購02  ,0,0,0,0,0,0,0,0,0,-457000,0,0,0,2000,459000,-457000,-457000
04230P,臺股指中信95售06,0,0,0,0,0,0,0,0,0,-458000,0,0,0,0,458000,-458000,-458000
051185,強茂永豐95購03  ,0,0,0,0,0,0,0,0,0,-458000,0,0,0,20000,478000,-458000,-458000
049730,滬深2X群益94購02,0,0,0,0,0,0,0,0,0,-459000,0,0,0,40000,499000,-459000,-459000
055774,台光電凱基97購02,0,0,0,0,0,0,0,0,0,-460000,0,0,0,1000,461000,-460000,-460000
04670P,臺股指國票94售09,0,0,0,0,0,0,0,0,0,-460000,0,0,0,60000,520000,-460000,-460000
05268P,玉晶光元大98售01,0,0,0,0,0,0,0,0,0,-460000,0,0,0,231000,691000,-460000,-460000
05311P,臺股指群益95售10,0,0,0,0,0,0,0,0,0,-461000,0,0,0,30000,491000,-461000,-461000
052442,中環元大95購02  ,0,0,0,0,0,0,0,0,0,-462000,0,0,0,0,462000,-462000,-462000
2379,瑞昱            ,574384,1024103,-449719,0,0,0,0,8000,-8000,-7000,28000,55000,-27000,55000,35000,20000,-464719
6202,盛群            ,41000,504000,-463000,0,0,0,0,0,0,-2000,0,2000,-2000,0,0,0,-465000
054243,國喬元大96購01  ,0,0,0,0,0,0,0,0,0,-467000,0,0,0,5000,472000,-467000,-467000
2401,凌陽            ,106000,565000,-459000,0,0,0,0,0,0,-8000,8000,0,8000,0,16000,-16000,-467000
043938,華邦電兆豐93購01,0,0,0,0,0,0,0,0,0,-469000,0,0,0,180000,649000,-469000,-469000
054685,國巨永豐97購02  ,0,0,0,0,0,0,0,0,0,-472000,0,0,0,743000,1215000,-472000,-472000
05472P,國巨統一96售02  ,0,0,0,0,0,0,0,0,0,-472000,0,0,0,0,472000,-472000,-472000
04337P,台積電元大93售25,0,0,0,0,0,0,0,0,0,-472000,0,0,0,3000,475000,-472000,-472000
048889,牧德元富94購03  ,0,0,0,0,0,0,0,0,0,-472000,0,0,0,86000,558000,-472000,-472000
4977,眾達-KY         ,234000,709000,-475000,0,0,0,0,0,0,3000,14000,11000,3000,0,0,0,-472000
053314,A50正2群益9A購01,0,0,0,0,0,0,0,0,0,-473000,0,0,0,343000,816000,-473000,-473000
050280,國巨日盛94購01  ,0,0,0,0,0,0,0,0,0,-474000,0,0,0,144000,618000,-474000,-474000
052937,國巨兆豐97購01  ,0,0,0,0,0,0,0,0,0,-476000,0,0,0,473000,949000,-476000,-476000
06394P,台積電元大97售28,0,0,0,0,0,0,0,0,0,-476000,0,0,0,30000,506000,-476000,-476000
051259,鴻海永昌96購03  ,0,0,0,0,0,0,0,0,0,-479000,0,0,0,4049000,4528000,-479000,-479000
053946,全新富邦97購02  ,0,0,0,0,0,0,0,0,0,-480000,0,0,0,0,480000,-480000,-480000
04527P,大立光凱基94售04,0,0,0,0,0,0,0,0,0,-480000,0,0,0,0,480000,-480000,-480000
054534,台積電富邦98購03,0,0,0,0,0,0,0,0,0,-483000,0,0,0,395000,878000,-483000,-483000
054905,國揚康和97購01  ,0,0,0,0,0,0,0,0,0,-484000,0,0,0,3000,487000,-484000,-484000
048178,上銀富邦95購02  ,0,0,0,0,0,0,0,0,0,-484000,0,0,0,49000,533000,-484000,-484000
055169,光罩統一99購01  ,0,0,0,0,0,0,0,0,0,-485000,0,0,0,0,485000,-485000,-485000
053024,國巨富邦97購02  ,0,0,0,0,0,0,0,0,0,-485000,0,0,0,88000,573000,-485000,-485000
055045,台肥永豐97購01  ,0,0,0,0,0,0,0,0,0,-487000,0,0,0,0,487000,-487000,-487000
050976,台光電統一95購01,0,0,0,0,0,0,0,0,0,-487000,0,0,0,270000,757000,-487000,-487000
05638P,國巨統一96售04  ,0,0,0,0,0,0,0,0,0,-487000,0,0,0,47000,534000,-487000,-487000
04770P,鴻海元大94售09  ,0,0,0,0,0,0,0,0,0,-490000,0,0,0,0,490000,-490000,-490000
053197,超眾元富96購02  ,0,0,0,0,0,0,0,0,0,-491000,0,0,0,335000,826000,-491000,-491000
08602P,台灣50凱基96售04,0,0,0,0,0,0,0,0,0,-491000,0,0,0,29000,520000,-491000,-491000
04655P,臺股指凱基94售14,0,0,0,0,0,0,0,0,0,-492000,0,0,0,20000,512000,-492000,-492000
6668,中揚光          ,72000,565000,-493000,0,0,0,0,0,0,1000,0,0,0,3000,2000,1000,-492000
048829,欣興凱基94購02  ,0,0,0,0,0,0,0,0,0,-493000,0,0,0,15000,508000,-493000,-493000
049236,元油2X元富96購06,0,0,0,0,0,0,0,0,0,-493000,0,0,0,145000,638000,-493000,-493000
049213,滬深2X國票94購02,0,0,0,0,0,0,0,0,0,-494000,0,0,0,5000,499000,-494000,-494000
049396,元油2X群益97購03,0,0,0,0,0,0,0,0,0,-494000,0,0,0,101000,595000,-494000,-494000
052405,聯茂凱基95購01  ,0,0,0,0,0,0,0,0,0,-494000,0,0,0,5000,499000,-494000,-494000
053996,晶相光群益97購01,0,0,0,0,0,0,0,0,0,-495000,0,0,0,10000,505000,-495000,-495000
05729P,臺股指凱基97售02,0,0,0,0,0,0,0,0,0,-495000,0,0,0,132000,627000,-495000,-495000
050975,楠梓電統一95購01,0,0,0,0,0,0,0,0,0,-497000,0,0,0,65000,562000,-497000,-497000
056202,國揚永豐97購01  ,0,0,0,0,0,0,0,0,0,-497000,0,0,0,0,497000,-497000,-497000
053363,旺宏國泰98購02  ,0,0,0,0,0,0,0,0,0,-498000,0,0,0,737000,1235000,-498000,-498000
045790,瀚宇博元大92購01,0,0,0,0,0,0,0,0,0,-499000,0,0,0,0,499000,-499000,-499000
04465P,大立光元富94售03,0,0,0,0,0,0,0,0,0,-499000,0,0,0,0,499000,-499000,-499000
045842,T50反1台新98購01,0,0,0,0,0,0,0,0,0,-500000,0,0,0,0,500000,-500000,-500000
049038,高鐵兆豐94購01  ,0,0,0,0,0,0,0,0,0,-502000,0,0,0,51000,553000,-502000,-502000
049745,國巨永豐94購04  ,0,0,0,0,0,0,0,0,0,-502000,0,0,0,239000,741000,-502000,-502000
052295,揚明光國票96購03,0,0,0,0,0,0,0,0,0,-503000,0,0,0,0,503000,-503000,-503000
047470,聯發科中信94購03,0,0,0,0,0,0,0,0,0,-504000,0,0,0,7000,511000,-504000,-504000
048484,大立光國泰95購02,0,0,0,0,0,0,0,0,0,-507000,0,0,0,48000,555000,-507000,-507000
6698,旭暉應材        ,42000,59000,-17000,0,0,0,0,90000,-90000,-401000,0,401000,-401000,0,0,0,-508000
00632R,元大台灣50反1   ,150000,843000,-693000,0,0,0,0,0,0,183921,8276000,6459000,1817000,21098000,22731079,-1633079,-509079
052292,緯穎元富95購02  ,0,0,0,0,0,0,0,0,0,-512000,0,0,0,151000,663000,-512000,-512000
055754,和大兆豐97購01  ,0,0,0,0,0,0,0,0,0,-514000,0,0,0,38000,552000,-514000,-514000
052212,可成元大95購11  ,0,0,0,0,0,0,0,0,0,-514000,0,0,0,38000,552000,-514000,-514000
049406,T50反1日盛97購01,0,0,0,0,0,0,0,0,0,-515000,0,0,0,5000,520000,-515000,-515000
053398,和鑫中信99購01  ,0,0,0,0,0,0,0,0,0,-515000,0,0,0,105000,620000,-515000,-515000
05631P,國巨富邦9A售01  ,0,0,0,0,0,0,0,0,0,-515000,0,0,0,33000,548000,-515000,-515000
05849P,臺股指元大96售25,0,0,0,0,0,0,0,0,0,-515000,0,0,0,0,515000,-515000,-515000
047232,禾伸堂凱基93購02,0,0,0,0,0,0,0,0,0,-516000,0,0,0,3000,519000,-516000,-516000
04294P,台積電元大95售01,0,0,0,0,0,0,0,0,0,-519000,0,0,0,105000,624000,-519000,-519000
053925,群創國票98購01  ,0,0,0,0,0,0,0,0,0,-522000,0,0,0,966000,1488000,-522000,-522000
050333,鴻海國泰96購06  ,0,0,0,0,0,0,0,0,0,-523000,0,0,0,61000,584000,-523000,-523000
9944,新麗            ,355000,883000,-528000,0,0,0,0,0,0,1000,1000,0,1000,0,0,0,-527000
04688P,大立光凱基94售09,0,0,0,0,0,0,0,0,0,-530000,0,0,0,0,530000,-530000,-530000
06217P,鴻海元富97售05  ,0,0,0,0,0,0,0,0,0,-530000,0,0,0,100000,630000,-530000,-530000
055796,南電國泰98購01  ,0,0,0,0,0,0,0,0,0,-531000,0,0,0,150000,681000,-531000,-531000
047418,智邦富邦97購01  ,0,0,0,0,0,0,0,0,0,-531000,0,0,0,1349000,1880000,-531000,-531000
056271,嘉澤統一97購01  ,0,0,0,0,0,0,0,0,0,-531000,0,0,0,0,531000,-531000,-531000
053989,奇力新兆豐97購01,0,0,0,0,0,0,0,0,0,-532000,0,0,0,237000,769000,-532000,-532000
050926,禾伸堂凱基95購01,0,0,0,0,0,0,0,0,0,-534000,0,0,0,25000,559000,-534000,-534000
06229P,欣興凱基97售07  ,0,0,0,0,0,0,0,0,0,-538000,0,0,0,91000,629000,-538000,-538000
06081P,深中小元大97售02,0,0,0,0,0,0,0,0,0,-540000,0,0,0,23000,563000,-540000,-540000
05551P,電子類元大96售01,0,0,0,0,0,0,0,0,0,-541000,0,0,0,139000,680000,-541000,-541000
4927,泰鼎-KY         ,628000,978878,-350878,0,0,0,300000,80000,220000,-411000,102000,154000,-52000,73000,432000,-359000,-541878
5522,遠雄            ,48000,645000,-597000,0,0,0,0,0,0,55000,60000,5000,55000,0,0,0,-542000
08663P,台灣50元大96售01,0,0,0,0,0,0,0,0,0,-544000,0,0,0,0,544000,-544000,-544000
049245,和鑫元富95購01  ,0,0,0,0,0,0,0,0,0,-547000,0,0,0,0,547000,-547000,-547000
05161P,華新科國票96售01,0,0,0,0,0,0,0,0,0,-549000,0,0,0,0,549000,-549000,-549000
00692,富邦公司治理    ,0,0,0,0,0,0,0,0,0,-550000,0,0,0,2087000,2637000,-550000,-550000
045572,元油2X元大98購01,0,0,0,0,0,0,0,0,0,-554000,0,0,0,0,554000,-554000,-554000
04786P,鴻海永昌96售01  ,0,0,0,0,0,0,0,0,0,-554000,0,0,0,20000,574000,-554000,-554000
05650P,台積電富邦96售01,0,0,0,0,0,0,0,0,0,-560000,0,0,0,0,560000,-560000,-560000
051141,鈺齊永豐95購01  ,0,0,0,0,0,0,0,0,0,-561000,0,0,0,0,561000,-561000,-561000
056362,聯發科元大99購01,0,0,0,0,0,0,0,0,0,-562000,0,0,0,21000,583000,-562000,-562000
055431,和鑫群益98購01  ,0,0,0,0,0,0,0,0,0,-563000,0,0,0,20000,583000,-563000,-563000
054488,禾伸堂台新96購01,0,0,0,0,0,0,0,0,0,-563000,0,0,0,0,563000,-563000,-563000
05171P,臺股指元大95售15,0,0,0,0,0,0,0,0,0,-566000,0,0,0,0,566000,-566000,-566000
046980,智邦兆豐94購01  ,0,0,0,0,0,0,0,0,0,-571000,0,0,0,40000,611000,-571000,-571000
044974,鴻海國票94購01  ,0,0,0,0,0,0,0,0,0,-571000,0,0,0,0,571000,-571000,-571000
051028,台光電元富95購02,0,0,0,0,0,0,0,0,0,-574000,0,0,0,100000,674000,-574000,-574000
05316P,台積電永昌96售06,0,0,0,0,0,0,0,0,0,-574000,0,0,0,500000,1074000,-574000,-574000
053625,國巨兆豐96購03  ,0,0,0,0,0,0,0,0,0,-577000,0,0,0,82000,659000,-577000,-577000
050641,上証反凱基96購01,0,0,0,0,0,0,0,0,0,-578000,0,0,0,0,578000,-578000,-578000
050360,T50反1元大94購06,0,0,0,0,0,0,0,0,0,-579000,0,0,0,0,579000,-579000,-579000
051359,中信金元大95購01,0,0,0,0,0,0,0,0,0,-580000,0,0,0,514000,1094000,-580000,-580000
3576,聯合再生        ,50000,149000,-99000,0,0,0,0,0,0,-482000,0,482000,-482000,0,0,0,-581000
04496P,國巨國泰96售02  ,0,0,0,0,0,0,0,0,0,-589000,0,0,0,348000,937000,-589000,-589000
05780P,台積電統一96售07,0,0,0,0,0,0,0,0,0,-589000,0,0,0,0,589000,-589000,-589000
05879P,台積電台新96售03,0,0,0,0,0,0,0,0,0,-590000,0,0,0,10000,600000,-590000,-590000
048286,滬深2X兆豐94購04,0,0,0,0,0,0,0,0,0,-591000,0,0,0,605000,1196000,-591000,-591000
056182,台光電統一97購03,0,0,0,0,0,0,0,0,0,-592000,0,0,0,340000,932000,-592000,-592000
053424,欣興永豐96購02  ,0,0,0,0,0,0,0,0,0,-593000,0,0,0,4000,597000,-593000,-593000
055392,凱美統一97購03  ,0,0,0,0,0,0,0,0,0,-594000,0,0,0,2000,596000,-594000,-594000
056086,奇力新統一98購01,0,0,0,0,0,0,0,0,0,-598000,0,0,0,246000,844000,-598000,-598000
05767P,國巨凱基96售11  ,0,0,0,0,0,0,0,0,0,-598000,0,0,0,2000,600000,-598000,-598000
04386P,大立光日盛94售01,0,0,0,0,0,0,0,0,0,-599000,0,0,0,0,599000,-599000,-599000
045517,元油2X元富98購01,0,0,0,0,0,0,0,0,0,-601000,0,0,0,20000,621000,-601000,-601000
04826P,華新科麥證95售01,0,0,0,0,601000,-601000,0,0,0,-601000,0,0,0,0,601000,-601000,-601000
1718,中纖            ,516000,1117000,-601000,0,0,0,0,0,0,0,0,0,0,0,0,0,-601000
054660,禾伸堂元大97購03,0,0,0,0,0,0,0,0,0,-604000,0,0,0,230000,834000,-604000,-604000
054120,奇力新永豐96購01,0,0,0,0,0,0,0,0,0,-608000,0,0,0,228000,836000,-608000,-608000
055391,光罩統一97購02  ,0,0,0,0,0,0,0,0,0,-609000,0,0,0,38000,647000,-609000,-609000
04210P,鴻海凱基93售36  ,0,0,0,0,0,0,0,0,0,-610000,0,0,0,20000,630000,-610000,-610000
6269,台郡            ,1346000,1875792,-529792,0,0,0,176000,100000,76000,-157000,87000,177000,-90000,29000,96000,-67000,-610792
047681,滬深反中信95購01,0,0,0,0,0,0,0,0,0,-611000,0,0,0,0,611000,-611000,-611000
3338,泰碩            ,321000,748000,-427000,0,0,0,0,218000,-218000,33000,112000,84000,28000,6000,1000,5000,-612000
3044,健鼎            ,332000,946600,-614600,0,0,0,0,0,0,-3000,29000,38000,-9000,15000,9000,6000,-617600
047690,美律富邦97購01  ,0,0,0,0,0,0,0,0,0,-620000,0,0,0,101000,721000,-620000,-620000
3035,智原            ,669000,899000,-230000,0,0,0,1000,450000,-449000,56000,78000,4000,74000,45000,63000,-18000,-623000
2601,益航            ,168000,790000,-622000,0,0,0,0,0,0,-2000,0,5000,-5000,35000,32000,3000,-624000
054678,麗豐台新98購02  ,0,0,0,0,0,0,0,0,0,-628000,0,0,0,36000,664000,-628000,-628000
051173,元油2X凱基98購01,0,0,0,0,0,0,0,0,0,-628000,0,0,0,0,628000,-628000,-628000
2383,台光電          ,857000,2135811,-1278811,0,0,0,883000,1000,882000,-234000,118000,461000,-343000,189000,80000,109000,-630811
048370,可成統一93購04  ,0,0,0,0,0,0,0,0,0,-633000,0,0,0,50000,683000,-633000,-633000
2605,新興            ,147000,216000,-69000,0,0,0,0,380000,-380000,-184500,20000,204500,-184500,0,0,0,-633500
04502P,元油2X元富98售08,0,0,0,0,0,0,0,0,0,-636000,0,0,0,0,636000,-636000,-636000
053537,玉晶光永豐98購02,0,0,0,0,0,0,0,0,0,-648000,0,0,0,65000,713000,-648000,-648000
04503P,元油2X元富98售09,0,0,0,0,0,0,0,0,0,-649000,0,0,0,85000,734000,-649000,-649000
049720,欣興凱基94購05  ,0,0,0,0,0,0,0,0,0,-649000,0,0,0,7000,656000,-649000,-649000
045870,元油2X元富96購02,0,0,0,0,0,0,0,0,0,-650000,0,0,0,0,650000,-650000,-650000
053637,強茂永豐96購01  ,0,0,0,0,0,0,0,0,0,-657000,0,0,0,0,657000,-657000,-657000
03769P,聯發科元大93售04,0,0,0,0,0,0,0,0,0,-657000,0,0,0,406000,1063000,-657000,-657000
2834,臺企銀          ,4539844,5406700,-866856,0,0,0,0,0,0,207000,1000,1000,0,210000,3000,207000,-659856
055148,鴻海元大98購02  ,0,0,0,0,0,0,0,0,0,-665000,0,0,0,20000,685000,-665000,-665000
048470,神基永豐93購01  ,0,0,0,0,0,0,0,0,0,-671000,0,0,0,0,671000,-671000,-671000
048007,明基材元大96購01,0,0,0,0,0,0,0,0,0,-677000,0,0,0,100000,777000,-677000,-677000
054793,牧德群益9A購01  ,0,0,0,0,0,0,0,0,0,-680000,0,0,0,11000,691000,-680000,-680000
049889,欣興國泰96購01  ,0,0,0,0,0,0,0,0,0,-686000,0,0,0,7000,693000,-686000,-686000
042196,元油2X元大93購02,0,0,0,0,0,0,0,0,0,-687000,0,0,0,34000,721000,-687000,-687000
03636C,元油2X元富04牛01,0,0,0,0,0,0,0,0,0,-689000,0,0,0,25000,714000,-689000,-689000
053841,美律統一96購01  ,0,0,0,0,0,0,0,0,0,-694000,0,0,0,56000,750000,-694000,-694000
04289P,臺股指中信95售07,0,0,0,0,0,0,0,0,0,-698000,0,0,0,135000,833000,-698000,-698000
6531,愛普            ,5000,712248,-707248,0,0,0,0,0,0,9000,22000,13000,9000,0,0,0,-698248
04563P,可成凱基94售05  ,0,0,0,0,0,0,0,0,0,-702000,0,0,0,0,702000,-702000,-702000
04690P,國巨群益94售06  ,0,0,0,0,0,0,0,0,0,-703000,0,0,0,214000,917000,-703000,-703000
5876,上海商銀        ,2614844,3333668,-718824,0,0,0,0,1000,-1000,14000,0,1000,-1000,55000,40000,15000,-705824
055176,大毅統一98購02  ,0,0,0,0,0,0,0,0,0,-707000,0,0,0,136000,843000,-707000,-707000
03520P,臺股指國票02售09,0,0,0,0,0,0,0,0,0,-710000,0,0,0,0,710000,-710000,-710000
8112,至上            ,351000,1055000,-704000,0,0,0,0,0,0,-6000,16000,22000,-6000,0,0,0,-710000
06414P,矽力凱基97售03  ,0,0,0,0,0,0,0,0,0,-711000,0,0,0,0,711000,-711000,-711000
3042,晶技            ,512000,1020000,-508000,0,0,0,0,58000,-58000,-146000,18000,132000,-114000,78000,110000,-32000,-712000
054072,台積電富邦98購02,0,0,0,0,0,0,0,0,0,-717000,0,0,0,1467000,2184000,-717000,-717000
044487,元油2X元大94購01,0,0,0,0,0,0,0,0,0,-718000,0,0,0,0,718000,-718000,-718000
049638,A50反1凱基94購01,0,0,0,0,0,0,0,0,0,-719000,0,0,0,20000,739000,-719000,-719000
03050X,元展47          ,0,0,0,0,0,0,0,0,0,-725000,0,0,0,0,725000,-725000,-725000
054118,國巨永豐96購04  ,0,0,0,0,0,0,0,0,0,-728000,0,0,0,33000,761000,-728000,-728000
055707,聯鈞永豐98購01  ,0,0,0,0,0,0,0,0,0,-730000,0,0,0,0,730000,-730000,-730000
1402,遠東新          ,2000157,2386050,-385893,0,0,0,0,2000,-2000,-346000,1000,310000,-309000,19000,56000,-37000,-733893
048627,T50反1元大96購02,0,0,0,0,0,0,0,0,0,-735000,0,0,0,0,735000,-735000,-735000
2347,聯強            ,950031,1876731,-926700,0,0,0,0,0,0,180000,112000,15000,97000,83000,0,83000,-746700
2547,日勝生          ,217000,961000,-744000,0,0,0,0,0,0,-4000,1000,5000,-4000,0,0,0,-748000
055038,華航富邦99購01  ,0,0,0,0,0,0,0,0,0,-750000,0,0,0,10000,760000,-750000,-750000
9919,康那香          ,330000,1081000,-751000,0,0,0,0,0,0,0,0,0,0,0,0,0,-751000
05858P,矽力中信96售01  ,0,0,0,0,0,0,0,0,0,-753000,0,0,0,30000,783000,-753000,-753000
055701,亞德客富邦99購01,0,0,0,0,0,0,0,0,0,-764000,0,0,0,150000,914000,-764000,-764000
052200,台光電統一95購02,0,0,0,0,0,0,0,0,0,-765000,0,0,0,125000,890000,-765000,-765000
05400P,台積電永豐95售05,0,0,0,0,0,0,0,0,0,-768000,0,0,0,17000,785000,-768000,-768000
03257P,聯電永豐02售01  ,0,0,0,0,0,0,0,0,0,-769000,0,0,0,30000,799000,-769000,-769000
04854P,鴻海國泰96售04  ,0,0,0,0,0,0,0,0,0,-769000,0,0,0,104000,873000,-769000,-769000
1795,美時            ,216000,611143,-395143,0,0,0,0,264000,-264000,-111000,12000,123000,-111000,0,0,0,-770143
05450P,臺股指元大95售27,0,0,0,0,0,0,0,0,0,-772000,0,0,0,16000,788000,-772000,-772000
045172,欣興兆豐94購01  ,0,0,0,0,0,0,0,0,0,-772000,0,0,0,500000,1272000,-772000,-772000
048894,光罩國泰94購01  ,0,0,0,0,0,0,0,0,0,-773000,0,0,0,0,773000,-773000,-773000
08714P,華碩元富01售03  ,0,0,0,0,0,0,0,0,0,-781000,0,0,0,0,781000,-781000,-781000
2915,潤泰全          ,174000,999350,-825350,0,0,0,0,0,0,40000,8000,5000,3000,49000,12000,37000,-785350
055468,智邦凱基97購04  ,0,0,0,0,0,0,0,0,0,-790000,0,0,0,0,790000,-790000,-790000
052914,奇力新元富96購01,0,0,0,0,0,0,0,0,0,-791000,0,0,0,862000,1653000,-791000,-791000
049069,元油2X凱基95購04,0,0,0,0,0,0,0,0,0,-800000,0,0,0,0,800000,-800000,-800000
055255,欣興統一97購02  ,0,0,0,0,0,0,0,0,0,-806000,0,0,0,128000,934000,-806000,-806000
2367,燿華            ,883000,1737505,-854505,0,0,0,0,0,0,47000,135000,123000,12000,182000,147000,35000,-807505
00656R,國泰中國A50反1  ,544000,0,544000,0,0,0,0,0,0,-1352000,0,0,0,826000,2178000,-1352000,-808000
054711,禾伸堂元富97購01,0,0,0,0,0,0,0,0,0,-809000,0,0,0,0,809000,-809000,-809000
6706,惠特            ,277000,265000,12000,0,0,0,35000,860000,-825000,3000,17000,14000,3000,0,0,0,-810000
04327P,台積電國泰95售01,0,0,0,0,0,0,0,0,0,-811000,0,0,0,200000,1011000,-811000,-811000
052694,開發金中信98購01,0,0,0,0,0,0,0,0,0,-812000,0,0,0,138000,950000,-812000,-812000
00671R,富邦NASDAQ反1   ,0,0,0,0,0,0,0,0,0,-815000,0,0,0,350000,1165000,-815000,-815000
055193,世芯元富97購02  ,0,0,0,0,0,0,0,0,0,-825000,0,0,0,129000,954000,-825000,-825000
03450P,元油2X元富98售05,0,0,0,0,0,0,0,0,0,-827000,0,0,0,168000,995000,-827000,-827000
4904,遠傳            ,2484654,3307850,-823196,0,0,0,0,1000,-1000,-3000,22000,25000,-3000,0,0,0,-827196
03887P,大立光元富93售02,0,0,0,0,0,0,0,0,0,-828000,0,0,0,0,828000,-828000,-828000
042116,元油2X國票97購01,0,0,0,0,0,0,0,0,0,-833000,0,0,0,0,833000,-833000,-833000
04051P,友達中信94售02  ,0,0,0,0,0,0,0,0,0,-839000,0,0,0,0,839000,-839000,-839000
055947,元油反元大98購03,0,0,0,0,0,0,0,0,0,-846000,0,0,0,0,846000,-846000,-846000
04682P,臺股指統一96售01,0,0,0,0,0,0,0,0,0,-848000,0,0,0,0,848000,-848000,-848000
3406,玉晶光          ,591000,1354000,-763000,0,0,0,40000,0,40000,-130000,43000,165000,-122000,19000,27000,-8000,-853000
2845,遠東銀          ,495000,1361000,-866000,0,0,0,0,0,0,-2000,0,2000,-2000,0,0,0,-868000
03413B,臺股指凱基94熊19,0,0,0,0,0,0,0,0,0,-869000,0,0,0,687000,1556000,-869000,-869000
055446,奇力新統一9A購01,0,0,0,0,0,0,0,0,0,-871000,0,0,0,747000,1618000,-871000,-871000
3706,神達            ,92000,1198000,-1106000,0,0,0,0,0,0,220000,224000,6000,218000,7000,5000,2000,-886000
03650C,T50反1元大98牛05,0,0,0,0,0,0,0,0,0,-890000,0,0,0,0,890000,-890000,-890000
6278,台表科          ,483000,1306000,-823000,0,0,0,0,0,0,-74000,2000,3000,-1000,16000,89000,-73000,-897000
6282,康舒            ,107000,983000,-876000,0,0,0,0,0,0,-27000,2000,0,2000,13000,42000,-29000,-903000
05091P,台積電元大95售11,0,0,0,0,0,0,0,0,0,-905000,0,0,0,725000,1630000,-905000,-905000
055166,台積電統一97購05,0,0,0,0,0,0,0,0,0,-909000,0,0,0,1367000,2276000,-909000,-909000
2385,群光            ,551098,1532917,-981819,0,0,0,40000,0,40000,31000,13000,13000,0,34000,3000,31000,-910819
3665,貿聯-KY         ,541500,1535000,-993500,0,0,0,202000,170000,32000,50000,53000,24000,29000,37000,16000,21000,-911500
055650,華新科元富98購01,0,0,0,0,0,0,0,0,0,-919000,0,0,0,1963000,2882000,-919000,-919000
06181P,國巨中信97售02  ,0,0,0,0,0,0,0,0,0,-921000,0,0,0,5000,926000,-921000,-921000
05397P,大立光凱基96售08,0,0,0,0,0,0,0,0,0,-924000,0,0,0,5000,929000,-924000,-924000
2615,萬海            ,148000,666000,-518000,0,0,0,0,400000,-400000,-7000,8000,15000,-7000,0,0,0,-925000
055755,禾伸堂兆豐97購02,0,0,0,0,0,0,0,0,0,-930000,0,0,0,50000,980000,-930000,-930000
6451,訊芯-KY         ,192000,1092000,-900000,0,0,0,6000,100000,-94000,60000,17000,37000,-20000,107000,27000,80000,-934000
03840P,台積電統一99售02,0,0,0,0,0,0,0,0,0,-940000,0,0,0,248000,1188000,-940000,-940000
050685,緯穎元富94購02  ,0,0,0,0,0,0,0,0,0,-941000,0,0,0,176000,1117000,-941000,-941000
047951,元油反永豐94購01,0,0,0,0,0,0,0,0,0,-963000,0,0,0,0,963000,-963000,-963000
6271,同欣電          ,546000,1533000,-987000,0,0,0,8000,100000,-92000,101000,186000,134000,52000,81000,32000,49000,-978000
08445P,臺股指麥證9C售03,0,0,0,0,0,0,0,0,0,-978000,0,0,0,20000,998000,-978000,-978000
052135,聯發科凱基9B購01,0,0,0,0,0,0,0,0,0,-979000,0,0,0,393000,1372000,-979000,-979000
055417,健策富邦98購02  ,0,0,0,0,0,0,0,0,0,-982000,0,0,0,0,982000,-982000,-982000
054036,T50反1元大96購08,0,0,0,0,0,0,0,0,0,-983000,0,0,0,0,983000,-983000,-983000
04368P,台積電凱基94售02,0,0,0,0,0,0,0,0,0,-998000,0,0,0,0,998000,-998000,-998000
2002,中鋼            ,6871348,7826211,-954863,0,0,0,0,11000,-11000,-36000,1000,40000,-39000,3000,0,3000,-1001863
055198,奇力新第一97購01,0,0,0,0,0,0,0,0,0,-1003000,0,0,0,293000,1296000,-1003000,-1003000
3017,奇鋐            ,1262000,2345000,-1083000,0,0,0,0,0,0,75000,2000,16000,-14000,154000,65000,89000,-1008000
054982,國巨元富97購03  ,0,0,0,0,0,0,0,0,0,-1014000,0,0,0,342000,1356000,-1014000,-1014000
00648R,元大S&P500反1   ,0,0,0,0,0,0,0,0,0,-1027000,0,0,0,363000,1390000,-1027000,-1027000
049708,滬深2X凱基94購02,0,0,0,0,0,0,0,0,0,-1028000,0,0,0,0,1028000,-1028000,-1028000
048509,上証反凱基99購02,0,0,0,0,0,0,0,0,0,-1029000,0,0,0,220000,1249000,-1029000,-1029000
5880,合庫金          ,6474811,7453650,-978839,0,0,0,0,5000,-5000,-51000,1000,6000,-5000,0,46000,-46000,-1034839
049051,滬深2X永豐94購05,0,0,0,0,0,0,0,0,0,-1038000,0,0,0,0,1038000,-1038000,-1038000
05301P,矽力元大95售02  ,0,0,0,0,0,0,0,0,0,-1046000,0,0,0,350000,1396000,-1046000,-1046000
04618P,電子類群益94售02,0,0,0,0,0,0,0,0,0,-1050000,0,0,0,175000,1225000,-1050000,-1050000
2376,技嘉            ,794000,1745497,-951497,0,0,0,0,0,0,-99000,25000,35000,-10000,81000,170000,-89000,-1050497
03438P,群創群益98售03  ,0,0,0,0,0,0,0,0,0,-1064000,0,0,0,0,1064000,-1064000,-1064000
049122,元油2X元富94購07,0,0,0,0,0,0,0,0,0,-1073000,0,0,0,0,1073000,-1073000,-1073000
1504,東元            ,554329,1632442,-1078113,0,0,0,0,0,0,-7000,6000,13000,-7000,0,0,0,-1085113
04672P,台積電統一94售09,0,0,0,0,0,0,0,0,0,-1088000,0,0,0,0,1088000,-1088000,-1088000
044457,滬深2X國票97購01,0,0,0,0,0,0,0,0,0,-1096000,0,0,0,305000,1401000,-1096000,-1096000
2867,三商壽          ,210000,1308000,-1098000,0,0,0,0,0,0,-2000,0,2000,-2000,0,0,0,-1100000
05034P,台積電元大95售08,0,0,0,0,0,0,0,0,0,-1101000,0,0,0,132000,1233000,-1101000,-1101000
2301,光寶科          ,1681507,2744150,-1062643,0,0,0,0,0,0,-63000,11000,83000,-72000,59000,50000,9000,-1125643
2892,第一金          ,6672872,7786939,-1114067,0,0,0,0,14000,-14000,-5000,0,5000,-5000,0,0,0,-1133067
8215,明基材          ,265000,1410000,-1145000,0,0,0,0,0,0,10000,14000,4000,10000,0,0,0,-1135000
03686P,大立光統一98售02,0,0,0,0,0,0,0,0,0,-1172000,0,0,0,61000,1233000,-1172000,-1172000
06195P,台積電元富97售06,0,0,0,0,0,0,0,0,0,-1179000,0,0,0,113000,1292000,-1179000,-1179000
050172,臺指反元大98購02,0,0,0,0,0,0,0,0,0,-1180000,0,0,0,3000,1183000,-1180000,-1180000
052114,華固中信95購01  ,0,0,0,0,0,0,0,0,0,-1189000,0,0,0,0,1189000,-1189000,-1189000
2520,冠德            ,263000,1202937,-939937,0,0,0,0,302000,-302000,31000,62000,30000,32000,13000,14000,-1000,-1210937
054532,強茂國泰98購01  ,0,0,0,0,0,0,0,0,0,-1215000,0,0,0,46000,1261000,-1215000,-1215000
8996,高力            ,207000,1502000,-1295000,0,0,0,0,0,0,78000,111000,33000,78000,0,0,0,-1217000
2439,美律            ,196000,1401562,-1205562,0,0,0,0,40000,-40000,19000,35000,77000,-42000,107000,46000,61000,-1226562
2542,興富發          ,1642000,2833200,-1191200,0,0,0,0,0,0,-42000,7000,49000,-42000,0,0,0,-1233200
050991,元油2X元大96購04,0,0,0,0,0,0,0,0,0,-1257000,0,0,0,25000,1282000,-1257000,-1257000
055495,長榮航元大97購01,1000,0,1000,0,0,0,0,0,0,-1262000,0,0,0,0,1262000,-1262000,-1261000
1301,台塑            ,2399255,3660650,-1261395,0,0,0,0,6000,-6000,-24000,7000,35000,-28000,4000,0,4000,-1291395
2356,英業達          ,2698491,4127550,-1429059,0,0,0,0,0,0,116000,0,28000,-28000,144000,0,144000,-1313059
045873,元油2X元富98購04,5000,0,5000,0,0,0,0,0,0,-1339000,0,0,0,651000,1990000,-1339000,-1334000
045871,元油2X元富96購03,0,0,0,0,0,0,0,0,0,-1342000,0,0,0,0,1342000,-1342000,-1342000
040215,上証反凱基95購01,0,0,0,0,0,0,0,0,0,-1352000,0,0,0,66000,1418000,-1352000,-1352000
039550,滬深反凱基94購01,0,0,0,0,0,0,0,0,0,-1370000,0,0,0,0,1370000,-1370000,-1370000
052281,全新凱基97購01  ,0,0,0,0,0,0,0,0,0,-1405000,0,0,0,10000,1415000,-1405000,-1405000
2454,聯發科          ,3206761,4850671,-1643910,0,0,0,0,435000,-435000,668000,467000,187000,280000,420000,32000,388000,-1410910
05449P,臺股指元大95售26,0,0,0,0,0,0,0,0,0,-1422000,0,0,0,0,1422000,-1422000,-1422000
1409,新纖            ,537000,1969000,-1432000,0,0,0,0,0,0,-13000,124000,137000,-13000,0,0,0,-1445000
06212P,華新科元大97售11,0,0,0,0,0,0,0,0,0,-1551000,0,0,0,100000,1651000,-1551000,-1551000
06151P,華新科元大97售07,0,0,0,0,0,0,0,0,0,-1636000,0,0,0,120000,1756000,-1636000,-1636000
052044,華通凱基97購01  ,0,0,0,0,0,0,0,0,0,-1645000,0,0,0,31000,1676000,-1645000,-1645000
6505,台塑化          ,915000,2432250,-1517250,0,0,0,0,28000,-28000,-102000,0,67000,-67000,153000,188000,-35000,-1647250
2886,兆豐金          ,8095412,9819700,-1724288,0,0,0,0,5000,-5000,76000,26000,6000,20000,93000,37000,56000,-1653288
048690,美律群益94購01  ,0,0,0,0,0,0,0,0,0,-1656000,0,0,0,0,1656000,-1656000,-1656000
2412,中華電          ,2035526,3702950,-1667424,0,0,0,0,1000,-1000,-6000,40000,46000,-6000,0,0,0,-1674424
1216,統一            ,6044588,7731973,-1687385,0,0,0,0,2000,-2000,-19000,3000,21000,-18000,1000,2000,-1000,-1708385
8039,台虹            ,367000,1566000,-1199000,0,0,0,0,450000,-450000,-67000,0,12000,-12000,17000,72000,-55000,-1716000
9945,潤泰新          ,311000,2082100,-1771100,0,0,0,0,0,0,23000,0,33000,-33000,56000,0,56000,-1748100
055249,大毅統一99購01  ,0,0,0,0,0,0,0,0,0,-1761000,0,0,0,314000,2075000,-1761000,-1761000
00664R,國泰臺灣加權反1 ,0,0,0,0,0,0,0,0,0,-1796000,0,0,0,449000,2245000,-1796000,-1796000
06193P,台積電元富97售04,0,0,0,0,0,0,0,0,0,-1811000,0,0,0,330000,2141000,-1811000,-1811000
05980P,台積電永昌96售09,0,0,0,0,0,0,0,0,0,-1816000,0,0,0,3408000,5224000,-1816000,-1816000
9904,寶成            ,2512000,4222466,-1710466,0,0,0,0,0,0,-128000,3000,131000,-128000,0,0,0,-1838466
0056,元大高股息      ,3000,3000,0,0,0,0,200000,0,200000,-2039000,201000,50000,151000,1073000,3263000,-2190000,-1839000
6176,瑞儀            ,198000,2037382,-1839382,0,0,0,0,0,0,-7000,12000,37000,-25000,31000,13000,18000,-1846382
048628,T50反1元大96購03,0,0,0,0,0,0,0,0,0,-1869000,0,0,0,0,1869000,-1869000,-1869000
052314,鴻海元大96購11  ,0,0,0,0,0,0,0,0,0,-1920000,0,0,0,94000,2014000,-1920000,-1920000
00637L,元大滬深300正2  ,24760000,20203000,4557000,0,0,0,0,850000,-850000,-5673000,0,1666000,-1666000,27927000,31934000,-4007000,-1966000
05214P,台積電國票97售02,0,0,0,0,0,0,0,0,0,-1968000,0,0,0,34000,2002000,-1968000,-1968000
3019,亞光            ,101000,1808000,-1707000,0,0,0,0,246000,-246000,-19000,57000,87000,-30000,59000,48000,11000,-1972000
2448,晶電            ,1510000,3340000,-1830000,0,0,0,100000,30000,70000,-267000,462000,729000,-267000,0,0,0,-2027000
04787P,台積電永昌96售04,0,0,0,0,0,0,0,0,0,-2038000,0,0,0,1741000,3779000,-2038000,-2038000
056052,T50反1元大97購06,0,0,0,0,0,0,0,0,0,-2047000,0,0,0,0,2047000,-2047000,-2047000
3711,日月光投控      ,6092680,8597950,-2505270,0,0,0,0,54000,-54000,489000,548000,169000,379000,226000,116000,110000,-2070270
054983,國巨元富97購04  ,0,0,0,0,0,0,0,0,0,-2080000,0,0,0,131000,2211000,-2080000,-2080000
048428,滬深2X國票93購05,0,0,0,0,0,0,0,0,0,-2096000,0,0,0,501000,2597000,-2096000,-2096000
2352,佳世達          ,184000,2310000,-2126000,0,0,0,0,0,0,-5000,0,19000,-19000,14000,0,14000,-2131000
055610,光磊國票98購01  ,0,0,0,0,0,0,0,0,0,-2182000,0,0,0,2609000,4791000,-2182000,-2182000
1326,台化            ,1967966,4000250,-2032284,0,0,0,0,222000,-222000,41000,31000,23000,8000,33000,0,33000,-2213284
2880,華南金          ,4721582,7018498,-2296916,0,0,0,0,5000,-5000,-8000,0,8000,-8000,0,0,0,-2309916
00634R,富邦上証反1     ,2481000,869000,1612000,0,0,0,0,0,0,-3944000,0,0,0,1686000,5630000,-3944000,-2332000
05322P,台積電凱基95售17,0,0,0,0,0,0,0,0,0,-2395000,0,0,0,0,2395000,-2395000,-2395000
07554P,玉晶光元大9A售06,0,0,0,0,0,0,0,0,0,-2493000,0,0,0,2000,2495000,-2493000,-2493000
2603,長榮            ,2609000,5032250,-2423250,0,0,0,0,0,0,-123000,57000,278000,-221000,98000,0,98000,-2546250
04049P,大立光元大95售02,0,0,0,0,0,0,0,0,0,-2558000,0,0,0,75000,2633000,-2558000,-2558000
00701,國泰股利精選30  ,0,139000,-139000,0,0,0,0,0,0,-2582000,0,0,0,217000,2799000,-2582000,-2721000
1310,台苯            ,413000,3316676,-2903676,0,0,0,0,0,0,-2000,0,2000,-2000,0,0,0,-2905676
050363,臺指反元大98購04,0,0,0,0,0,0,0,0,0,-2926000,0,0,0,130000,3056000,-2926000,-2926000
2618,長榮航          ,2653000,5487647,-2834647,0,0,0,0,0,0,-103000,185000,403000,-218000,115000,0,115000,-2937647
6213,聯茂            ,299943,2978744,-2678801,0,0,0,42000,35000,7000,-268000,215000,410000,-195000,27000,100000,-73000,-2939801
2882,國泰金          ,4389970,7479650,-3089680,0,0,0,0,4000,-4000,62000,0,0,0,112000,50000,62000,-3031680
2313,華通            ,5050000,7543000,-2493000,0,0,0,565000,0,565000,-1163000,507000,1310000,-803000,270000,630000,-360000,-3091000
2801,彰銀            ,2355898,5403587,-3047689,0,0,0,0,3000,-3000,-129000,1000,13000,-12000,10000,127000,-117000,-3179689
2449,京元電子        ,2189330,5298000,-3108670,0,0,0,25000,300000,-275000,70000,42000,53000,-11000,141000,60000,81000,-3313670
2408,南亞科          ,1917019,3493743,-1576724,0,0,0,310000,1897000,-1587000,-237000,133000,171000,-38000,118000,317000,-199000,-3400724
2610,華航            ,3139000,6811457,-3672457,0,0,0,0,0,0,136000,6000,125000,-119000,258000,3000,255000,-3536457
2458,義隆            ,386000,3714775,-3328775,0,0,0,0,257000,-257000,48000,112000,30000,82000,3000,37000,-34000,-3537775
1101,台泥            ,4143895,7902815,-3758920,0,0,0,0,232516,-232516,159000,125000,106000,19000,298000,158000,140000,-3832436
0050,元大台灣50      ,20000,4716000,-4696000,0,0,0,110000,59000,51000,609000,720000,73000,647000,850000,888000,-38000,-4036000
2317,鴻海            ,21321272,25174551,-3853279,0,0,0,0,461000,-461000,70000,47000,205000,-158000,1351000,1123000,228000,-4244279
2883,開發金          ,6946206,11643350,-4697144,0,0,0,0,6000,-6000,241000,1000,62000,-61000,306000,4000,302000,-4462144
2888,新光金          ,23636739,27600100,-3963361,0,0,0,0,0,0,-768000,3000,432000,-429000,655000,994000,-339000,-4731361
045872,元油2X元富98購03,0,0,0,0,0,0,0,0,0,-5218000,0,0,0,25000,5243000,-5218000,-5218000
03033P,微星國票03售01  ,0,0,0,0,0,0,0,0,0,-5345000,0,0,0,0,5345000,-5345000,-5345000
6116,彩晶            ,2694000,8064315,-5370315,0,0,0,0,0,0,-58000,1354000,350000,1004000,249000,1311000,-1062000,-5428315
1102,亞泥            ,4074740,9482477,-5407737,0,0,0,0,1000,-1000,-24000,194000,271000,-77000,102000,49000,53000,-5432737
2823,中壽            ,2286000,7832411,-5546411,0,0,0,0,0,0,87000,1000,8000,-7000,134000,40000,94000,-5459411
00638R,元大滬深300反1  ,456000,1020000,-564000,0,0,0,0,0,0,-6027000,700000,0,700000,531000,7258000,-6727000,-6591000
2368,金像電          ,1737001,7486000,-5748999,0,0,0,0,0,0,-1090000,470000,1560000,-1090000,0,0,0,-6838999
2344,華邦電          ,3292001,10401182,-7109181,0,0,0,0,2637000,-2637000,606000,285000,395000,-110000,1021000,305000,716000,-9140181
2891,中信金          ,19948293,29470950,-9522657,0,0,0,0,12000,-12000,-41000,0,41000,-41000,0,0,0,-9575657
2303,聯電            ,20936333,39643850,-18707517,0,0,0,0,5000,-5000,1286000,529000,88000,441000,956000,111000,845000,-17426517
3481,群創            ,31676658,67951250,-36274592,0,0,0,17604000,0,17604000,-10981000,2806000,5277000,-2471000,924000,9434000,-8510000,-29651592
00642U,元大S&P石油     ,92000,3694000,-3602000,0,0,0,0,0,0,-28945000,60000,0,60000,112000,29117000,-29005000,-32547000
00672L,元大S&P原油正2  ,147000,38740000,-38593000,0,0,0,0,0,0,-213130000,0,0,0,943000,214073000,-213130000,-251723000
