證券代號,證券名稱,外陸資買進股數(不含外資自營商),外陸資賣出股數(不含外資自營商),外陸資買賣超股數(不含外資自營商),外資自營商買進股數,外資自營商賣出股數,外資自營商買賣超股數,投信買進股數,投信賣出股數,投信買賣超股數,自營商買賣超股數,自營商買進股數(自行買賣),自營商賣出股數(自行買賣),自營商買賣超股數(自行買賣),自營商買進股數(避險),自營商賣出股數(避險),自營商買賣超股數(避險),三大法人買賣超股數
00673R,元大S&P原油反1  ,55016000,13000,55003000,0,0,0,0,0,0,75365000,680000,0,680000,76041000,1356000,74685000,130368000
00632R,元大台灣50反1   ,1139000,1666000,-527000,0,0,0,0,0,0,115340000,3704000,3350000,354000,121672000,6686000,114986000,114813000
00677U,富邦VIX         ,87486000,14415000,73071000,0,0,0,0,0,0,-7383000,0,6300000,-6300000,5666000,6749000,-1083000,65688000
00861,元大全球未來通訊,5421000,14000,5407000,0,0,0,0,0,0,11714000,0,300000,-300000,13114000,1100000,12014000,17121000
040498,滬深2X國票92購01,0,0,0,0,0,0,0,0,0,15632000,0,0,0,15632000,0,15632000,15632000
2448,晶電            ,20210000,6311000,13899000,0,0,0,1042000,2410000,-1368000,-874000,684000,1507000,-823000,0,51000,-51000,11657000
1605,華新            ,4834001,2077246,2756755,0,0,0,29000,0,29000,8820000,542000,301000,241000,8895000,316000,8579000,11605755
03033P,微星國票03售01  ,0,0,0,0,0,0,0,0,0,9307000,0,0,0,9421000,114000,9307000,9307000
2356,英業達          ,10531470,7550000,2981470,0,0,0,67000,2000,65000,3910000,17000,39000,-22000,3934000,2000,3932000,6956470
00708L,元大S&P黃金正2  ,2660000,72000,2588000,0,0,0,0,0,0,2850000,0,0,0,4028000,1178000,2850000,5438000
040760,T50反1凱基95購01,0,0,0,0,0,0,0,0,0,4381000,0,0,0,4631000,250000,4381000,4381000
0061,元大寶滬深      ,3378000,0,3378000,0,0,0,0,0,0,770000,120000,80000,40000,782000,52000,730000,4148000
050363,臺指反元大98購04,0,0,0,0,0,0,0,0,0,4082000,0,0,0,4268000,186000,4082000,4082000
3545,敦泰            ,4591000,597780,3993220,0,0,0,0,0,0,0,5000,5000,0,0,0,0,3993220
4927,泰鼎-KY         ,2623000,581000,2042000,0,0,0,1500000,0,1500000,116000,2000,40000,-38000,309000,155000,154000,3658000
00639,富邦深100       ,3661000,336000,3325000,0,0,0,0,0,0,294000,80000,70000,10000,1091000,807000,284000,3619000
055144,T50反1元大97購03,0,0,0,0,0,0,0,0,0,3583000,0,0,0,3740000,157000,3583000,3583000
00643,群益深証中小    ,1205000,0,1205000,0,0,0,0,0,0,2285000,670000,110000,560000,1979000,254000,1725000,3490000
03062P,世紀鋼凱基02售02,0,0,0,0,0,0,0,0,0,3448000,3348000,0,3348000,100000,0,100000,3448000
050123,群臺反凱基96購01,0,0,0,0,0,0,0,0,0,3381000,0,0,0,3496000,115000,3381000,3381000
2474,可成            ,8778944,5120237,3658707,0,0,0,22000,76000,-54000,-259000,52000,105000,-53000,74000,280000,-206000,3345707
2376,技嘉            ,2831139,1002000,1829139,0,0,0,0,0,0,1412000,34000,177000,-143000,1609000,54000,1555000,3241139
2393,億光            ,4048000,944000,3104000,0,0,0,0,0,0,-159000,32000,182000,-150000,55000,64000,-9000,2945000
2504,國產            ,7040000,2309000,4731000,0,0,0,0,0,0,-1822000,10000,1832000,-1822000,0,0,0,2909000
08422P,玉晶光群益02售03,0,0,0,0,0,0,0,0,0,2909000,0,0,0,2920000,11000,2909000,2909000
2027,大成鋼          ,547000,924000,-377000,0,0,0,0,0,0,3242000,27000,68000,-41000,3536000,253000,3283000,2865000
00676R,富邦臺灣加權反1 ,206000,100000,106000,0,0,0,0,0,0,2716000,0,0,0,4215000,1499000,2716000,2822000
049973,T50反1日盛9A購01,0,0,0,0,0,0,0,0,0,2800000,0,0,0,5101000,2301000,2800000,2800000
048628,T50反1元大96購03,0,0,0,0,0,0,0,0,0,2717000,0,0,0,3027000,310000,2717000,2717000
3005,神基            ,1435000,917000,518000,0,0,0,0,0,0,2174000,27000,2000,25000,2163000,14000,2149000,2692000
2377,微星            ,4996000,4264000,732000,0,0,0,212000,0,212000,1639000,760000,144000,616000,1067000,44000,1023000,2583000
03063P,臺股指凱基04售03,0,0,0,0,0,0,0,0,0,2567000,3352000,0,3352000,297000,1082000,-785000,2567000
2332,友訊            ,3373000,1997000,1376000,0,0,0,0,0,0,1177000,966000,1000,965000,298000,86000,212000,2553000
049212,T50反1國票94購04,0,0,0,0,0,0,0,0,0,2535000,0,0,0,2535000,0,2535000,2535000
04512P,臺股指元大94售07,0,0,0,0,0,0,0,0,0,2439000,0,0,0,2484000,45000,2439000,2439000
04655P,臺股指凱基94售14,0,0,0,0,0,0,0,0,0,2342000,0,0,0,3085000,743000,2342000,2342000
6239,力成            ,5905485,3256350,2649135,0,0,0,6000,1000,5000,-314000,62000,366000,-304000,3000,13000,-10000,2340135
8112,至上            ,2481000,257000,2224000,0,0,0,37000,0,37000,-16000,1000,17000,-16000,0,0,0,2245000
6269,台郡            ,5311000,1829000,3482000,0,0,0,5000,461000,-456000,-795000,300000,821000,-521000,19000,293000,-274000,2231000
2867,三商壽          ,3225000,1028000,2197000,0,0,0,0,0,0,7000,17000,10000,7000,0,0,0,2204000
2323,中環            ,4081000,1703000,2378000,0,0,0,0,0,0,-250000,12000,2000,10000,83000,343000,-260000,2128000
05660P,玉晶光第一96售01,0,0,0,0,0,0,0,0,0,1990000,0,0,0,1990000,0,1990000,1990000
2505,國揚            ,2112000,196000,1916000,0,0,0,0,0,0,-3000,6000,3000,3000,0,6000,-6000,1913000
2634,漢翔            ,2501000,583000,1918000,0,0,0,9000,0,9000,-28000,5000,33000,-28000,0,0,0,1899000
00636,國泰中國A50     ,2200100,3000,2197100,0,0,0,0,0,0,-313991,30000,50000,-20000,493000,786991,-293991,1883109
3481,群創            ,68705000,59877009,8827991,0,0,0,1733000,0,1733000,-8732000,3042000,7246000,-4204000,593000,5121000,-4528000,1828991
03840P,台積電統一99售02,0,0,0,0,0,0,0,0,0,1772000,0,0,0,2488000,716000,1772000,1772000
044081,鴻海國票92購01  ,0,0,0,0,0,0,0,0,0,1740000,0,0,0,1740000,0,1740000,1740000
04588P,茂林永豐94售04  ,0,0,0,0,0,0,0,0,0,1735000,0,0,0,1735000,0,1735000,1735000
048627,T50反1元大96購02,0,0,0,0,0,0,0,0,0,1722000,0,0,0,1752000,30000,1722000,1722000
039908,元油反富邦92購01,0,0,0,0,0,0,0,0,0,1704000,0,0,0,1704000,0,1704000,1704000
2369,菱生            ,2386000,684000,1702000,0,0,0,0,0,0,-7000,2000,9000,-7000,0,0,0,1695000
3006,晶豪科          ,2159000,342000,1817000,0,0,0,0,0,0,-128000,30000,50000,-20000,17000,125000,-108000,1689000
1513,中興電          ,1949000,294000,1655000,0,0,0,0,0,0,1000,2000,1000,1000,0,0,0,1656000
08484P,台灣50中信96售01,0,0,0,0,0,0,0,0,0,1589000,0,0,0,1609000,20000,1589000,1589000
2387,精元            ,2460000,859050,1600950,0,0,0,0,0,0,-33000,1000,3000,-2000,0,31000,-31000,1567950
046011,欣興元富95購01  ,0,0,0,0,0,0,0,0,0,1551000,0,0,0,1694000,143000,1551000,1551000
00680L,元大美債20正2   ,0,0,0,0,0,0,0,0,0,1526000,0,0,0,1634000,108000,1526000,1526000
00664R,國泰臺灣加權反1 ,0,44000,-44000,0,0,0,0,0,0,1570000,0,0,0,3769000,2199000,1570000,1526000
05374P,台積電國票96售07,0,0,0,0,0,0,0,0,0,1517000,0,0,0,1517000,0,1517000,1517000
04051P,友達中信94售02  ,0,0,0,0,0,0,0,0,0,1497000,0,0,0,1996000,499000,1497000,1497000
05959P,聯發科國票98售01,0,0,0,0,0,0,0,0,0,1497000,0,0,0,1497000,0,1497000,1497000
2303,聯電            ,95117126,91796779,3320347,0,0,0,285000,1714000,-1429000,-405000,915000,675000,240000,233000,878000,-645000,1486347
3706,神達            ,2212142,711000,1501142,0,0,0,0,0,0,-18000,9000,21000,-12000,50000,56000,-6000,1483142
1609,大亞            ,1809000,417000,1392000,0,0,0,5000,0,5000,63000,105000,42000,63000,0,0,0,1460000
2492,華新科          ,5235432,3706000,1529432,0,0,0,36000,796000,-760000,682549,79000,217000,-138000,883000,62451,820549,1451981
2889,國票金          ,2931000,1461000,1470000,0,0,0,6000,0,6000,-30000,4000,34000,-30000,0,0,0,1446000
03253P,台灣50國泰03售02,0,0,0,0,0,0,0,0,0,1438000,0,0,0,1586000,148000,1438000,1438000
2324,仁寶            ,8156750,12179000,-4022250,0,0,0,500000,3000,497000,4947000,49000,31000,18000,4989000,60000,4929000,1421750
00669R,國泰美國道瓊反1 ,148000,0,148000,0,0,0,0,0,0,1249000,100000,0,100000,2353000,1204000,1149000,1397000
1102,亞泥            ,12275867,13346192,-1070325,0,0,0,67000,666000,-599000,3060000,1874000,1209000,665000,2441000,46000,2395000,1390675
08539P,元油2X國票99售01,0,0,0,0,0,0,0,0,0,1388000,0,0,0,1393000,5000,1388000,1388000
1103,嘉泥            ,1631001,615000,1016001,0,0,0,0,0,0,337000,0,0,0,337000,0,337000,1353001
053951,T50反1台新06購02,0,0,0,0,0,0,0,0,0,1348000,0,0,0,1461000,113000,1348000,1348000
03387P,台積電凱基03售11,0,0,0,0,0,0,0,0,0,1341000,0,0,0,6341000,5000000,1341000,1341000
2451,創見            ,606000,452503,153497,0,0,0,0,0,0,1182000,2000,3000,-1000,1183000,0,1183000,1335497
042676,臺指反元大93購01,0,0,0,0,0,0,0,0,0,1324000,0,0,0,1324000,0,1324000,1324000
1227,佳格            ,2569005,1156262,1412743,0,0,0,0,0,0,-105000,8000,113000,-105000,0,0,0,1307743
4935,茂林-KY         ,1378000,270000,1108000,0,0,0,295000,0,295000,-110000,3000,146000,-143000,67000,34000,33000,1293000
3034,聯詠            ,6569666,4729519,1840147,0,0,0,25000,646000,-621000,68000,146000,301000,-155000,310000,87000,223000,1287147
051316,T50反1國票95購02,0,0,0,0,0,0,0,0,0,1244000,0,0,0,1254000,10000,1244000,1244000
2886,兆豐金          ,22719680,29517879,-6798199,0,0,0,1417000,1121000,296000,7730000,5055000,6000,5049000,2773000,92000,2681000,1227801
04682P,臺股指統一96售01,0,0,0,0,0,0,0,0,0,1220000,0,0,0,1380000,160000,1220000,1220000
2478,大毅            ,2132000,459000,1673000,0,0,0,0,0,0,-461000,0,291000,-291000,25000,195000,-170000,1212000
06161P,聯發科群益97售03,0,0,0,0,0,0,0,0,0,1172000,0,0,0,1204000,32000,1172000,1172000
8926,台汽電          ,1097000,91000,1006000,0,0,0,5000,0,5000,161000,202000,41000,161000,0,0,0,1172000
2327,國巨            ,4719086,3065875,1653211,0,0,0,100000,550000,-450000,-44000,67000,292000,-225000,409000,228000,181000,1159211
05180P,玉晶光凱基95售04,0,0,0,0,0,0,0,0,0,1151000,0,0,0,1241000,90000,1151000,1151000
2353,宏碁            ,8271000,6920000,1351000,0,0,0,27000,2000,25000,-241000,12000,8000,4000,24000,269000,-245000,1135000
1514,亞力            ,1578000,477000,1101000,0,0,0,0,0,0,1000,1000,0,1000,0,0,0,1102000
050636,上証2X國票94購01,0,0,0,0,0,0,0,0,0,1090000,0,0,0,1130000,40000,1090000,1090000
04747P,臺股指元大94售22,0,0,0,0,0,0,0,0,0,1061000,0,0,0,1206000,145000,1061000,1061000
04215P,鴻海國票93售02  ,0,0,0,0,0,0,0,0,0,1058000,0,0,0,2256000,1198000,1058000,1058000
052178,台郡元大96購03  ,0,0,0,0,0,0,0,0,0,1045000,0,0,0,1140000,95000,1045000,1045000
050094,T50反1國泰95購01,0,0,0,0,0,0,0,0,0,1040000,0,0,0,1315000,275000,1040000,1040000
050754,元金2X元富9B購01,0,0,0,0,0,0,0,0,0,1039000,0,0,0,1359000,320000,1039000,1039000
05790P,臺股指永昌96售07,0,0,0,0,0,0,0,0,0,1035000,0,0,0,1152000,117000,1035000,1035000
08994P,台灣50群益01售11,0,0,0,0,0,0,0,0,0,1028000,0,0,0,1028000,0,1028000,1028000
042903,金寶元大94購01  ,0,0,0,0,0,0,0,0,0,1023000,0,0,0,1028000,5000,1023000,1023000
2812,台中銀          ,2931000,2179100,751900,0,0,0,260000,0,260000,-4000,2000,6000,-4000,0,0,0,1007900
3661,世芯-KY         ,2907000,1397000,1510000,0,0,0,52000,465000,-413000,-91000,45000,130000,-85000,18000,24000,-6000,1006000
054218,S&P反1統一98購02,0,0,0,0,0,0,0,0,0,1002000,0,0,0,1002000,0,1002000,1002000
052544,牧德元富95購01  ,0,0,0,0,0,0,0,0,0,1000000,0,0,0,1000000,0,1000000,1000000
04408P,台積電統一94售06,0,0,0,0,0,0,0,0,0,999000,0,0,0,999000,0,999000,999000
8210,勤誠            ,1443000,454500,988500,0,0,0,0,0,0,1000,26000,7000,19000,0,18000,-18000,989500
04422P,玉晶光永豐94售03,0,0,0,0,0,0,0,0,0,984000,0,0,0,1285000,301000,984000,984000
047014,元油反元大99購01,0,0,0,0,0,0,0,0,0,983000,0,0,0,983000,0,983000,983000
048381,T50反1國票94購03,0,0,0,0,0,0,0,0,0,983000,0,0,0,983000,0,983000,983000
4414,如興            ,1293000,316000,977000,0,0,0,0,0,0,4000,11000,7000,4000,0,0,0,981000
1229,聯華            ,1467000,493144,973856,0,0,0,2000,0,2000,3000,6000,3000,3000,0,0,0,978856
00752,中信中國50      ,31000,50000,-19000,0,0,0,0,0,0,987000,0,0,0,1173000,186000,987000,968000
04061P,臺股指群益93售15,0,0,0,0,0,0,0,0,0,937000,0,0,0,937000,0,937000,937000
2421,建準            ,1619000,539000,1080000,0,0,0,0,0,0,-147000,1000,11000,-10000,28000,165000,-137000,933000
2404,漢唐            ,826000,415891,410109,0,0,0,0,0,0,515000,26000,42000,-16000,568000,37000,531000,925109
04534P,臻鼎元富94售03  ,0,0,0,0,0,0,0,0,0,919000,0,0,0,919000,0,919000,919000
3515,華擎            ,688000,187000,501000,0,0,0,450000,0,450000,-40000,0,35000,-35000,15000,20000,-5000,911000
049591,開發金元大98購01,0,0,0,0,0,0,0,0,0,901000,0,0,0,962000,61000,901000,901000
04700P,臺股指元富94售06,0,0,0,0,0,0,0,0,0,900000,0,0,0,900000,0,900000,900000
050098,嘉聯益國泰95購02,0,0,0,0,0,0,0,0,0,888000,0,0,0,1098000,210000,888000,888000
06226P,聯發科麥證97售03,0,0,0,897000,10000,887000,0,0,0,887000,0,0,0,897000,10000,887000,887000
6005,群益證          ,1507000,640000,867000,0,0,0,20000,0,20000,0,0,0,0,0,0,0,887000
048326,滬深2X國泰94購03,0,0,0,0,0,0,0,0,0,881000,0,0,0,1811000,930000,881000,881000
051292,牧德統一97購01  ,0,0,0,0,0,0,0,0,0,880000,0,0,0,880000,0,880000,880000
04057P,臺股指群益93售11,0,0,0,0,0,0,0,0,0,877000,0,0,0,877000,0,877000,877000
04294P,台積電元大95售01,0,0,0,0,0,0,0,0,0,871000,0,0,0,894000,23000,871000,871000
04219P,鴻海兆豐93售02  ,0,0,0,0,0,0,0,0,0,865000,0,0,0,915000,50000,865000,865000
05322P,台積電凱基95售17,0,0,0,0,0,0,0,0,0,858000,0,0,0,1060000,202000,858000,858000
03413B,臺股指凱基94熊19,80000,0,80000,0,0,0,0,0,0,777000,0,0,0,1315000,538000,777000,857000
05687P,臺股指元大96售12,0,0,0,0,0,0,0,0,0,852000,0,0,0,928000,76000,852000,852000
03638C,T50反1元大94牛03,0,0,0,0,0,0,0,0,0,850000,0,0,0,869000,19000,850000,850000
050568,為升中信97購01  ,0,0,0,0,0,0,0,0,0,848000,0,0,0,1028000,180000,848000,848000
00703,台新MSCI中國    ,0,0,0,0,0,0,0,0,0,846000,4000,0,4000,1173000,331000,842000,846000
052767,智伸科群益98購01,0,0,0,0,0,0,0,0,0,837000,0,0,0,938000,101000,837000,837000
044588,元金2X統一93購01,0,0,0,0,0,0,0,0,0,834000,0,0,0,864000,30000,834000,834000
2838,聯邦銀          ,1578000,744000,834000,0,0,0,0,0,0,0,2000,2000,0,0,0,0,834000
05739P,臺股指統一97售02,0,0,0,0,0,0,0,0,0,832000,0,0,0,842000,10000,832000,832000
03576P,台灣50元富06售01,0,0,0,0,0,0,0,0,0,819000,0,0,0,890000,71000,819000,819000
3532,台勝科          ,125000,427427,-302427,0,0,0,4000,0,4000,1109000,1000,5000,-4000,1125000,12000,1113000,810573
00783,富邦中証500     ,372000,0,372000,0,0,0,0,0,0,433000,0,0,0,1401000,968000,433000,805000
3030,德律            ,959000,148000,811000,0,0,0,0,0,0,-10000,2000,12000,-10000,0,0,0,801000
5521,工信            ,1521000,725000,796000,0,0,0,0,0,0,-4000,3000,7000,-4000,0,0,0,792000
043018,新光金元大93購01,0,0,0,0,0,0,0,0,0,788000,0,0,0,788000,0,788000,788000
05447P,臺股指元大95售24,0,0,0,0,0,0,0,0,0,786000,0,0,0,791000,5000,786000,786000
04930P,國巨統一94售08  ,0,0,0,0,0,0,0,0,0,782000,0,0,0,782000,0,782000,782000
052115,T50反1國票95購03,0,0,0,0,0,0,0,0,0,781000,0,0,0,788000,7000,781000,781000
046884,元油反群益95購01,0,0,0,0,0,0,0,0,0,775000,0,0,0,775000,0,775000,775000
4938,和碩            ,6613720,6939896,-326176,0,0,0,55000,207000,-152000,1243000,344000,58000,286000,1182000,225000,957000,764824
048286,滬深2X兆豐94購04,0,0,0,0,0,0,0,0,0,761000,0,0,0,1001000,240000,761000,761000
6214,精誠            ,784000,189000,595000,0,0,0,0,0,0,165000,170000,3000,167000,0,2000,-2000,760000
05042P,GIS凱基95售03   ,0,0,0,0,0,0,0,0,0,758000,0,0,0,1478000,720000,758000,758000
05268P,玉晶光元大98售01,0,0,0,0,0,0,0,0,0,757000,0,0,0,808000,51000,757000,757000
3019,亞光            ,2374000,1382000,992000,0,0,0,0,91000,-91000,-149000,93000,135000,-42000,33000,140000,-107000,752000
04858P,健策元富94售01  ,0,0,0,0,0,0,0,0,0,750000,0,0,0,850000,100000,750000,750000
1904,正隆            ,955151,215000,740151,0,0,0,0,0,0,-5000,23000,28000,-5000,0,0,0,735151
03520P,臺股指國票02售09,0,0,0,0,0,0,0,0,0,727000,0,0,0,737000,10000,727000,727000
1717,長興            ,777000,111909,665091,0,0,0,10000,0,10000,48000,58000,10000,48000,0,0,0,723091
04103P,臺股指國票93售10,0,0,0,0,0,0,0,0,0,721000,0,0,0,733000,12000,721000,721000
04890P,台積電元大95售05,0,0,0,0,0,0,0,0,0,719000,0,0,0,733000,14000,719000,719000
047096,元油反國泰96購01,0,0,0,0,0,0,0,0,0,715000,0,0,0,775000,60000,715000,715000
2104,國際中橡        ,1257000,539000,718000,0,0,0,0,0,0,-5000,10000,17000,-7000,2000,0,2000,713000
046745,國喬凱基93購01  ,0,0,0,0,0,0,0,0,0,711000,0,0,0,711000,0,711000,711000
4142,國光生          ,1765000,1006000,759000,0,0,0,0,0,0,-49000,1000,50000,-49000,0,0,0,710000
03857P,聯發科元富99售02,0,0,0,0,0,0,0,0,0,704000,0,0,0,708000,4000,704000,704000
054074,健策富邦98購01  ,0,0,0,0,0,0,0,0,0,701000,0,0,0,702000,1000,701000,701000
04001P,聯發科凱基93售15,0,0,0,0,0,0,0,0,0,700000,0,0,0,700000,0,700000,700000
052758,友達群益99購01  ,0,0,0,0,0,0,0,0,0,697000,0,0,0,762000,65000,697000,697000
6416,瑞祺電通        ,755000,80000,675000,0,0,0,20000,0,20000,2000,39000,37000,2000,0,0,0,697000
3665,貿聯-KY         ,1699000,701892,997108,0,0,0,83000,0,83000,-389000,18000,326000,-308000,46000,127000,-81000,691108
05677P,玉晶光群益98售03,0,0,0,0,0,0,0,0,0,689000,0,0,0,790000,101000,689000,689000
04313P,國巨元富95售03  ,0,0,0,0,0,0,0,0,0,685000,0,0,0,790000,105000,685000,685000
048270,T50反1富邦99購01,0,0,0,0,0,0,0,0,0,685000,0,0,0,700000,15000,685000,685000
3376,新日興          ,1673000,1208694,464306,0,0,0,278000,91000,187000,22000,111000,116000,-5000,35000,8000,27000,673306
03415B,臺股指元大93熊49,0,0,0,0,0,0,0,0,0,669000,0,0,0,817000,148000,669000,669000
2485,兆赫            ,822000,236000,586000,0,0,0,0,0,0,82000,5000,19000,-14000,96000,0,96000,668000
04697P,臺股指元富94售03,0,0,0,0,0,0,0,0,0,667000,0,0,0,667000,0,667000,667000
04289P,臺股指中信95售07,0,0,0,0,0,0,0,0,0,666000,0,0,0,1121000,455000,666000,666000
08714P,華碩元富01售03  ,0,0,0,0,0,0,0,0,0,665000,0,0,0,665000,0,665000,665000
04434P,玉晶光國票96售02,0,0,0,0,0,0,0,0,0,662000,0,0,0,912000,250000,662000,662000
00766L,台新MSCI中國正2 ,0,0,0,0,0,0,0,0,0,658000,0,0,0,707000,49000,658000,658000
00739,元大MSCI A股    ,0,0,0,0,0,0,0,0,0,656000,0,0,0,714000,58000,656000,656000
04104P,臺股指國票93售11,0,0,0,0,0,0,0,0,0,642000,0,0,0,857000,215000,642000,642000
041210,群創元富93購01  ,0,0,0,0,0,0,0,0,0,640000,0,0,0,849000,209000,640000,640000
6139,亞翔            ,722000,85000,637000,0,0,0,0,0,0,-2000,1000,3000,-2000,0,0,0,635000
048177,臺指反富邦99購01,0,0,0,0,0,0,0,0,0,631000,0,0,0,651000,20000,631000,631000
047503,T50反1國票93購03,0,0,0,0,0,0,0,0,0,618000,0,0,0,618000,0,618000,618000
052156,滬深2X永豐95購03,0,0,0,0,0,0,0,0,0,617000,0,0,0,700000,83000,617000,617000
006206,元大上證50      ,790000,427000,363000,0,0,0,0,0,0,237000,0,0,0,307000,70000,237000,600000
047692,T50反1國票94購01,0,0,0,0,0,0,0,0,0,600000,0,0,0,600000,0,600000,600000
06101P,聯發科日盛97售03,0,0,0,0,0,0,0,0,0,598000,0,0,0,615000,17000,598000,598000
046719,元石油元大95購02,0,0,0,0,0,0,0,0,0,597000,0,0,0,606000,9000,597000,597000
3042,晶技            ,2698000,815000,1883000,0,0,0,0,41000,-41000,-1258000,61000,1099000,-1038000,51000,271000,-220000,584000
6456,GIS-KY          ,1398000,669000,729000,0,0,0,0,0,0,-155000,3000,3000,0,5000,160000,-155000,574000
00688L,國泰20年美債正2 ,0,0,0,0,0,0,0,0,0,569000,0,0,0,591000,22000,569000,569000
05604P,聯發科元大96售10,0,0,0,0,0,0,0,0,0,548000,0,0,0,878000,330000,548000,548000
05013P,台積電元大96售05,0,0,0,0,0,0,0,0,0,543000,0,0,0,747000,204000,543000,543000
047978,元油反群益97購01,0,0,0,0,0,0,0,0,0,536000,0,0,0,536000,0,536000,536000
03720P,元油2X富邦95售01,0,0,0,0,0,0,0,0,0,534000,0,0,0,534000,0,534000,534000
00830,國泰費城半導體  ,629000,0,629000,0,0,0,0,0,0,-97000,0,0,0,77000,174000,-97000,532000
049439,牧德國泰96購01  ,0,0,0,0,0,0,0,0,0,530000,0,0,0,530000,0,530000,530000
2841,台開            ,1071000,250000,821000,0,0,0,0,0,0,-295000,32000,327000,-295000,0,0,0,526000
051366,康友國泰97購01  ,0,0,0,0,0,0,0,0,0,525000,0,0,0,681000,156000,525000,525000
04076P,臺股指凱基93售12,0,0,0,0,0,0,0,0,0,523000,0,0,0,1944000,1421000,523000,523000
5434,崇越            ,1036300,448049,588251,0,0,0,17000,0,17000,-83000,41000,97000,-56000,1000,28000,-27000,522251
03955P,華通統一93售04  ,0,0,0,0,0,0,0,0,0,520000,0,0,0,520000,0,520000,520000
052680,T50反1元大96購04,0,0,0,0,0,0,0,0,0,520000,0,0,0,535000,15000,520000,520000
050412,全新永豐94購04  ,0,0,0,0,0,0,0,0,0,515000,0,0,0,515000,0,515000,515000
2312,金寶            ,3125000,1191000,1934000,0,0,0,0,0,0,-1419000,26000,401000,-375000,6000,1050000,-1044000,515000
055379,牧德元大97購03  ,0,0,0,0,0,0,0,0,0,512000,0,0,0,724000,212000,512000,512000
049766,滬深2X元富94購02,0,0,0,0,0,0,0,0,0,511000,0,0,0,711000,200000,511000,511000
047630,元油反元大96購02,0,0,0,0,0,0,0,0,0,510000,0,0,0,510000,0,510000,510000
05767P,國巨凱基96售11  ,0,0,0,0,0,0,0,0,0,505000,0,0,0,515000,10000,505000,505000
04773P,金融類元大94售01,0,0,0,0,0,0,0,0,0,505000,0,0,0,505000,0,505000,505000
052926,旺宏元大98購02  ,0,0,0,0,0,0,0,0,0,503000,0,0,0,653000,150000,503000,503000
044971,元油2X國票92購02,0,0,0,0,0,0,0,0,0,500000,0,0,0,500000,0,500000,500000
053248,智伸科國票97購01,0,0,0,0,0,0,0,0,0,499000,0,0,0,499000,0,499000,499000
050983,新光金國泰97購01,0,0,0,0,0,0,0,0,0,497000,0,0,0,535000,38000,497000,497000
045237,欣興國票92購01  ,0,0,0,0,0,0,0,0,0,495000,0,0,0,499000,4000,495000,495000
8271,宇瞻            ,826000,327000,499000,0,0,0,0,0,0,-7000,23000,30000,-7000,0,0,0,492000
053912,T50反1國票97購02,0,0,0,0,0,0,0,0,0,491000,0,0,0,492000,1000,491000,491000
047584,元金2X永豐95購01,0,0,0,0,0,0,0,0,0,490000,0,0,0,545000,55000,490000,490000
047406,香港反統一94購01,0,0,0,0,0,0,0,0,0,489000,0,0,0,489000,0,489000,489000
6670,復盛應用        ,623000,116000,507000,0,0,0,0,0,0,-21000,3000,1000,2000,0,23000,-23000,486000
050172,臺指反元大98購02,0,0,0,0,0,0,0,0,0,473000,0,0,0,488000,15000,473000,473000
2456,奇力新          ,1932000,453000,1479000,0,0,0,137000,297000,-160000,-849000,107000,922000,-815000,15000,49000,-34000,470000
06029P,聯發科台新96售02,0,0,0,0,0,0,0,0,0,468000,0,0,0,498000,30000,468000,468000
2489,瑞軒            ,1203000,721000,482000,0,0,0,0,0,0,-15000,3000,18000,-15000,0,0,0,467000
2606,裕民            ,929000,357000,572000,0,0,0,11000,0,11000,-117000,7000,110000,-103000,0,14000,-14000,466000
053205,台光電麥證96購01,0,0,0,610000,147000,463000,0,0,0,463000,0,0,0,610000,147000,463000,463000
00717,富邦美國特別股  ,0,0,0,0,0,0,0,0,0,458000,0,0,0,940000,482000,458000,458000
048736,台達電統一94購01,0,0,0,0,0,0,0,0,0,458000,0,0,0,611000,153000,458000,458000
3518,柏騰            ,611000,155000,456000,0,0,0,0,0,0,0,0,0,0,0,0,0,456000
006207,FH滬深          ,449000,105000,344000,0,0,0,0,0,0,110000,0,0,0,133000,23000,110000,454000
5522,遠雄            ,1060000,411000,649000,0,0,0,1000,0,1000,-198000,4000,202000,-198000,0,0,0,452000
053938,彩晶元富96購01  ,0,0,0,0,0,0,0,0,0,451000,0,0,0,451000,0,451000,451000
05253P,智邦凱基95售08  ,0,0,0,0,0,0,0,0,0,448000,0,0,0,518000,70000,448000,448000
05062P,大立光富邦98售03,0,0,0,0,0,0,0,0,0,444000,0,0,0,740000,296000,444000,444000
8163,達方            ,1082000,564000,518000,0,0,0,2000,0,2000,-76000,17000,41000,-24000,8000,60000,-52000,444000
04667P,臺股指國票94售06,0,0,0,0,0,0,0,0,0,441000,0,0,0,441000,0,441000,441000
9911,櫻花            ,542000,129000,413000,0,0,0,0,0,0,28000,31000,3000,28000,0,0,0,441000
044039,康控群益93購01  ,0,0,0,0,0,0,0,0,0,440000,0,0,0,460000,20000,440000,440000
052483,超眾群益95購03  ,0,0,0,0,0,0,0,0,0,438000,0,0,0,468000,30000,438000,438000
05948P,茂林元大96售03  ,0,0,0,0,0,0,0,0,0,433000,0,0,0,533000,100000,433000,433000
3026,禾伸堂          ,535000,167000,368000,0,0,0,0,0,0,63788,80000,2000,78000,14000,28212,-14212,431788
050748,道瓊銀統一94購04,0,0,0,0,0,0,0,0,0,430000,0,0,0,430000,0,430000,430000
050807,群臺反凱基95購01,0,0,0,0,0,0,0,0,0,430000,0,0,0,430000,0,430000,430000
05110P,上銀統一95售01  ,0,0,0,0,0,0,0,0,0,430000,0,0,0,800000,370000,430000,430000
05201P,玉晶光國泰97售02,0,0,0,0,0,0,0,0,0,425000,0,0,0,436000,11000,425000,425000
05529P,臺股指群益96售02,0,0,0,0,0,0,0,0,0,424000,0,0,0,443000,19000,424000,424000
2031,新光鋼          ,644000,234000,410000,0,0,0,0,0,0,14000,38000,14000,24000,0,10000,-10000,424000
05103P,臺股指凱基96售10,0,0,0,0,0,0,0,0,0,423000,0,0,0,521000,98000,423000,423000
05409P,京元電元富95售05,0,0,0,0,0,0,0,0,0,422000,0,0,0,452000,30000,422000,422000
047903,滬深2X元大96購01,0,0,0,0,0,0,0,0,0,420000,0,0,0,650000,230000,420000,420000
05528P,臺股指群益96售01,0,0,0,0,0,0,0,0,0,419000,0,0,0,424000,5000,419000,419000
03870P,台積電群益93售06,0,0,0,0,0,0,0,0,0,419000,0,0,0,419000,0,419000,419000
051597,T50反1中信99購02,0,0,0,0,0,0,0,0,0,419000,0,0,0,419000,0,419000,419000
04056P,臺股指群益93售10,0,0,0,0,0,0,0,0,0,417000,0,0,0,417000,0,417000,417000
04185P,欣興統一93售05  ,0,0,0,0,0,0,0,0,0,416000,0,0,0,416000,0,416000,416000
05006P,華通元富95售01  ,0,0,0,0,0,0,0,0,0,414000,0,0,0,440000,26000,414000,414000
4551,智伸科          ,606000,117000,489000,0,0,0,197000,136000,61000,-136000,20000,40000,-20000,7000,123000,-116000,414000
05722P,玉晶光國票97售03,0,0,0,0,0,0,0,0,0,413000,0,0,0,934000,521000,413000,413000
9946,三發地產        ,1024000,614000,410000,0,0,0,0,0,0,-2000,11000,8000,3000,0,5000,-5000,408000
044977,華邦電國票92購01,0,0,0,0,0,0,0,0,0,406000,0,0,0,406000,0,406000,406000
00737,國泰AI+Robo     ,0,0,0,0,0,0,0,0,0,404701,0,0,0,407000,2299,404701,404701
04225P,台積電元富94售02,0,0,0,0,0,0,0,0,0,404000,0,0,0,404000,0,404000,404000
06097P,茂林永豐97售01  ,0,0,0,0,0,0,0,0,0,404000,0,0,0,404000,0,404000,404000
9933,中鼎            ,537200,127000,410200,0,0,0,2000,0,2000,-12000,3000,15000,-12000,0,0,0,400200
04058P,臺股指群益93售12,0,0,0,0,0,0,0,0,0,400000,0,0,0,400000,0,400000,400000
050281,台積電日盛94購03,0,0,0,0,0,0,0,0,0,400000,0,0,0,450000,50000,400000,400000
9103,美德醫療-DR     ,400000,0,400000,0,0,0,0,0,0,0,0,0,0,0,0,0,400000
03242P,聯電統一02售04  ,0,0,0,0,0,0,0,0,0,398000,0,0,0,528000,130000,398000,398000
03543P,台泥中信02售01  ,0,0,0,0,0,0,0,0,0,393000,0,0,0,1120000,727000,393000,393000
053523,T50反1中信9A購01,0,0,0,0,0,0,0,0,0,393000,0,0,0,403000,10000,393000,393000
047628,新光金國票95購02,0,0,0,0,0,0,0,0,0,392000,0,0,0,422000,30000,392000,392000
3090,日電貿          ,694000,258000,436000,0,0,0,0,0,0,-44000,15000,10000,5000,63000,112000,-49000,392000
04084P,台表科統一93售01,0,0,0,0,0,0,0,0,0,390000,0,0,0,390000,0,390000,390000
044999,滬深2X永昌93購02,0,0,0,0,0,0,0,0,0,390000,0,0,0,400000,10000,390000,390000
052255,T50反1國泰96購01,0,0,0,0,0,0,0,0,0,389000,0,0,0,1029000,640000,389000,389000
050604,上証2X永昌94購01,0,0,0,0,0,0,0,0,0,385000,0,0,0,387000,2000,385000,385000
04618P,電子類群益94售02,0,0,0,0,0,0,0,0,0,383000,0,0,0,387000,4000,383000,383000
053392,致新元大96購01  ,0,0,0,0,0,0,0,0,0,382000,0,0,0,616000,234000,382000,382000
04639P,臺股指群益94售14,0,0,0,0,0,0,0,0,0,375000,0,0,0,468000,93000,375000,375000
03786P,鴻海群益94售02  ,0,0,0,0,0,0,0,0,0,374000,0,0,0,374000,0,374000,374000
050957,T50反1台新05購01,0,0,0,0,0,0,0,0,0,373000,0,0,0,373000,0,373000,373000
2385,群光            ,2611830,3224808,-612978,0,0,0,12000,1000,11000,974000,4000,2000,2000,972000,0,972000,372022
00712,FH富時不動產    ,0,0,0,0,0,0,0,0,0,372000,0,0,0,579000,207000,372000,372000
04337P,台積電元大93售25,0,0,0,0,0,0,0,0,0,371000,0,0,0,872000,501000,371000,371000
047123,中石化中信95購01,0,0,0,0,0,0,0,0,0,366000,0,0,0,400000,34000,366000,366000
048243,儒鴻兆豐94購01  ,0,0,0,0,0,0,0,0,0,365000,0,0,0,600000,235000,365000,365000
03418B,臺股指元大95熊20,0,0,0,0,0,0,0,0,0,364000,0,0,0,610000,246000,364000,364000
4967,十銓            ,531000,180000,351000,0,0,0,0,0,0,10000,10000,0,10000,0,0,0,361000
048848,滬深2X群益98購02,0,0,0,0,0,0,0,0,0,360000,0,0,0,376000,16000,360000,360000
05575P,玉晶光元富96售01,0,0,0,0,0,0,0,0,0,358000,0,0,0,358000,0,358000,358000
2201,裕隆            ,1408000,1041000,367000,0,0,0,0,0,0,-9000,10000,7000,3000,0,12000,-12000,358000
1714,和桐            ,1722000,1368000,354000,0,0,0,0,0,0,4000,6000,2000,4000,0,0,0,358000
00670L,富邦NASDAQ正2   ,0,0,0,0,0,0,0,0,0,355000,0,0,0,490000,135000,355000,355000
04288P,台積電中信95售06,0,0,0,0,0,0,0,0,0,353000,0,0,0,373000,20000,353000,353000
050511,元油2X元大94購11,0,0,0,0,0,0,0,0,0,352000,0,0,0,352000,0,352000,352000
05375P,健策國票96售02  ,0,0,0,0,0,0,0,0,0,350000,0,0,0,500000,150000,350000,350000
00651R,FH香港反1       ,0,0,0,0,0,0,0,0,0,350000,0,38000,-38000,892000,504000,388000,350000
04905P,國巨國票94售04  ,0,0,0,0,0,0,0,0,0,350000,0,0,0,350000,0,350000,350000
05263P,台積電元大96售09,0,0,0,0,0,0,0,0,0,350000,0,0,0,386000,36000,350000,350000
1762,中化生          ,528000,180000,348000,0,0,0,0,0,0,0,0,0,0,0,0,0,348000
05173P,臺股指元大95售17,0,0,0,0,0,0,0,0,0,345000,0,0,0,365000,20000,345000,345000
00641R,富邦日本反1     ,173000,0,173000,0,0,0,0,0,0,169000,0,0,0,354000,185000,169000,342000
055187,彩晶統一98購01  ,0,0,0,0,0,0,0,0,0,334000,0,0,0,619000,285000,334000,334000
05304P,國巨國泰97售02  ,0,0,0,0,0,0,0,0,0,334000,0,0,0,464000,130000,334000,334000
05241P,鴻海國泰97售04  ,0,0,0,0,0,0,0,0,0,332000,0,0,0,357000,25000,332000,332000
04571P,華新科國泰95售03,0,0,0,0,0,0,0,0,0,331000,0,0,0,331000,0,331000,331000
052602,聯電元大97購01  ,0,0,0,0,0,0,0,0,0,330000,0,0,0,340000,10000,330000,330000
049695,新光金元大9A購01,0,0,0,0,0,0,0,0,0,329000,0,0,0,351000,22000,329000,329000
9802,鈺齊-KY         ,345000,46000,299000,0,0,0,30000,0,30000,-710,1000,0,1000,0,1710,-1710,328290
6282,康舒            ,1786000,1279000,507000,0,0,0,0,0,0,-180000,18000,30000,-12000,1000,169000,-168000,327000
05303P,華通國泰97售01  ,0,0,0,0,0,0,0,0,0,326000,0,0,0,595000,269000,326000,326000
04259P,滬深2X群益93售03,0,0,0,0,0,0,0,0,0,325000,0,0,0,330000,5000,325000,325000
047098,大毅國泰94購01  ,0,0,0,0,0,0,0,0,0,322000,0,0,0,322000,0,322000,322000
049265,揚明光元大94購03,0,0,0,0,0,0,0,0,0,320000,0,0,0,320000,0,320000,320000
054689,華新科永豐97購01,0,0,0,0,0,0,0,0,0,314000,0,0,0,480000,166000,314000,314000
03557P,欣興元大02售17  ,0,0,0,0,0,0,0,0,0,314000,0,0,0,367000,53000,314000,314000
04935P,鴻海中信96售01  ,0,0,0,0,0,0,0,0,0,313000,0,0,0,474000,161000,313000,313000
03421B,臺股指元大99熊01,0,0,0,0,0,0,0,0,0,312000,0,0,0,322000,10000,312000,312000
051375,道瓊反群益9A購01,0,0,0,0,0,0,0,0,0,312000,0,0,0,490000,178000,312000,312000
3024,憶聲            ,348000,37000,311000,0,0,0,0,0,0,1000,1000,0,1000,0,0,0,312000
036805,國巨元富93購02  ,0,0,0,0,0,0,0,0,0,309000,0,0,0,523000,214000,309000,309000
051286,國巨統一97購01  ,0,0,0,0,0,0,0,0,0,309000,0,0,0,329000,20000,309000,309000
2915,潤泰全          ,614984,1704091,-1089107,0,0,0,0,0,0,1398000,17000,10000,7000,1433000,42000,1391000,308893
2107,厚生            ,368000,58000,310000,0,0,0,0,0,0,-3000,9000,12000,-3000,0,0,0,307000
03483P,聯發科國泰04售01,0,0,0,0,0,0,0,0,0,304000,0,0,0,304000,0,304000,304000
05820P,臺股指凱基96售17,0,0,0,0,0,0,0,0,0,302000,0,0,0,361000,59000,302000,302000
045088,康控元大94購02  ,0,0,0,0,0,0,0,0,0,301000,0,0,0,400000,99000,301000,301000
06111P,上銀兆豐98售01  ,0,0,0,0,0,0,0,0,0,301000,0,0,0,612000,311000,301000,301000
03938P,聯鈞元大93售01  ,0,0,0,0,0,0,0,0,0,300000,0,0,0,300000,0,300000,300000
041877,T50反1國票92購01,0,0,0,0,0,0,0,0,0,300000,0,0,0,300000,0,300000,300000
048106,臺指反群益93購02,0,0,0,0,0,0,0,0,0,300000,0,0,0,300000,0,300000,300000
04699P,臺股指元富94售05,0,0,0,0,0,0,0,0,0,300000,0,0,0,300000,0,300000,300000
053055,聯詠國票97購01  ,0,0,0,0,0,0,0,0,0,300000,0,0,0,300000,0,300000,300000
06066P,群創台新98售01  ,0,0,0,0,0,0,0,0,0,300000,0,0,0,300000,0,300000,300000
055159,玉晶光元大98購05,0,0,0,0,0,0,0,0,0,298000,0,0,0,753000,455000,298000,298000
04395P,台積電群益94售06,0,0,0,0,0,0,0,0,0,298000,0,0,0,323000,25000,298000,298000
047466,新光金國泰95購01,0,0,0,0,0,0,0,0,0,298000,0,0,0,410000,112000,298000,298000
047513,嘉晶國票93購03  ,0,0,0,0,0,0,0,0,0,294000,0,0,0,294000,0,294000,294000
053460,緯穎國泰97購01  ,0,0,0,0,0,0,0,0,0,293000,0,0,0,323000,30000,293000,293000
08795P,聯發科凱基01售11,0,0,0,0,0,0,0,0,0,293000,0,0,0,468000,175000,293000,293000
3450,聯鈞            ,1000000,324000,676000,0,0,0,0,0,0,-383950,0,294000,-294000,59000,148950,-89950,292050
054280,牧德群益98購01  ,0,0,0,0,0,0,0,0,0,290000,0,0,0,290000,0,290000,290000
050885,T50反1富邦95購01,0,0,0,0,0,0,0,0,0,290000,0,0,0,300000,10000,290000,290000
04207P,臺股指元大93售47,0,0,0,0,0,0,0,0,0,288000,0,0,0,288000,0,288000,288000
6669,緯穎            ,1079277,781000,298277,0,0,0,24000,20000,4000,-15000,34000,28000,6000,9000,30000,-21000,287277
03050X,元展47          ,0,0,0,0,0,0,0,0,0,284000,0,0,0,554000,270000,284000,284000
05319P,上銀凱基95售02  ,0,0,0,0,0,0,0,0,0,281000,0,0,0,281000,0,281000,281000
05164P,南亞科元富95售04,0,0,0,0,0,0,0,0,0,279000,0,0,0,279000,0,279000,279000
043655,微星富邦93購01  ,0,0,0,0,0,0,0,0,0,278000,0,0,0,278000,0,278000,278000
04067P,聯發科凱基93售24,0,0,0,0,0,0,0,0,0,277000,0,0,0,292000,15000,277000,277000
6166,凌華            ,546000,246000,300000,0,0,0,0,0,0,-23000,3000,4000,-1000,1000,23000,-22000,277000
047964,元油反中信95購01,0,0,0,0,0,0,0,0,0,275000,0,0,0,275000,0,275000,275000
2515,中工            ,1418000,890000,528000,0,0,0,0,0,0,-253000,24000,69000,-45000,0,208000,-208000,275000
2382,廣達            ,11079938,13269445,-2189507,0,0,0,538000,275000,263000,2201000,915000,25000,890000,1430000,119000,1311000,274493
6412,群電            ,767000,394850,372150,0,0,0,3000,100000,-97000,-2000,1000,3000,-2000,0,0,0,273150
05692P,聯發科中信9A售02,0,0,0,0,0,0,0,0,0,273000,0,0,0,276000,3000,273000,273000
2905,三商            ,546000,277000,269000,0,0,0,0,0,0,3000,5000,2000,3000,0,0,0,272000
2614,東森            ,419000,143000,276000,0,0,0,0,0,0,-5000,2000,7000,-5000,0,0,0,271000
4746,台耀            ,350000,61000,289000,0,0,0,0,0,0,-18000,8000,26000,-18000,0,0,0,271000
06046P,健策統一96售03  ,0,0,0,0,0,0,0,0,0,271000,0,0,0,352000,81000,271000,271000
047494,華邦電元富96購01,0,0,0,0,0,0,0,0,0,270000,0,0,0,340000,70000,270000,270000
05214P,台積電國票97售02,0,0,0,0,0,0,0,0,0,270000,0,0,0,472000,202000,270000,270000
047908,南亞科元大93購02,0,0,0,0,0,0,0,0,0,268000,0,0,0,289000,21000,268000,268000
2453,凌群            ,387000,115000,272000,0,0,0,0,0,0,-4000,0,4000,-4000,0,0,0,268000
2360,致茂            ,1410203,1005423,404780,0,0,0,10000,3000,7000,-145000,12000,133000,-121000,4000,28000,-24000,266780
055327,致新國票98購01  ,0,0,0,0,0,0,0,0,0,265000,0,0,0,265000,0,265000,265000
048446,南亞科凱基93購07,0,0,0,0,0,0,0,0,0,265000,0,0,0,350000,85000,265000,265000
05035P,聯發科元大95售06,0,0,0,0,0,0,0,0,0,265000,0,0,0,508000,243000,265000,265000
2495,普安            ,333000,70000,263000,0,0,0,0,0,0,0,0,0,0,0,0,0,263000
1712,興農            ,258000,75000,183000,0,0,0,0,0,0,80000,81000,1000,80000,0,0,0,263000
04886P,臺股指凱基94售20,0,0,0,0,0,0,0,0,0,262000,0,0,0,870000,608000,262000,262000
04974P,聯發科凱基96售02,0,0,0,0,0,0,0,0,0,262000,0,0,0,312000,50000,262000,262000
3504,揚明光          ,398000,84000,314000,0,0,0,1000,0,1000,-54000,0,1000,-1000,0,53000,-53000,261000
08679P,台灣50元大01售15,0,160000,-160000,0,0,0,0,0,0,421000,0,0,0,421000,0,421000,261000
050639,GIS國票96購01   ,0,0,0,0,0,0,0,0,0,260000,0,0,0,260000,0,260000,260000
04946P,華通元大94售04  ,0,0,0,0,0,0,0,0,0,258000,0,0,0,268000,10000,258000,258000
05354P,臺股指元富95售08,0,0,0,0,0,0,0,0,0,256000,0,0,0,256000,0,256000,256000
04835P,鴻海元大94售18  ,0,0,0,0,0,0,0,0,0,255000,0,0,0,255000,0,255000,255000
053369,T50反1元大96購06,0,0,0,0,0,0,0,0,0,255000,0,0,0,255000,0,255000,255000
046230,亞光元大92購03  ,0,0,0,0,0,0,0,0,0,253000,0,0,0,253000,0,253000,253000
2524,京城            ,294000,47000,247000,0,0,0,0,0,0,6000,9000,3000,6000,0,0,0,253000
054809,大成鋼元大97購01,0,0,0,0,0,0,0,0,0,250000,0,0,0,310000,60000,250000,250000
04545P,國巨元大94售05  ,0,0,0,0,0,0,0,0,0,250000,0,0,0,250000,0,250000,250000
048380,T50反1國票94購02,0,0,0,0,0,0,0,0,0,250000,0,0,0,250000,0,250000,250000
050298,智伸科凱基94購02,0,0,0,0,0,0,0,0,0,250000,0,0,0,300000,50000,250000,250000
05383P,鴻海富邦95售06  ,0,0,0,0,0,0,0,0,0,249000,0,0,0,1751000,1502000,249000,249000
049114,玉晶光統一94購02,0,0,0,0,0,0,0,0,0,249000,0,0,0,559000,310000,249000,249000
042803,天鈺元大93購01  ,0,0,0,0,0,0,0,0,0,248000,0,0,0,250000,2000,248000,248000
054833,京鼎中信97購01  ,0,0,0,0,0,0,0,0,0,247000,0,0,0,420000,173000,247000,247000
052687,國泰金元大96購03,0,0,0,0,0,0,0,0,0,244000,0,0,0,561000,317000,244000,244000
05650P,台積電富邦96售01,0,0,0,0,0,0,0,0,0,242000,0,0,0,355000,113000,242000,242000
1560,中砂            ,447000,146812,300188,0,0,0,0,0,0,-60000,1000,61000,-60000,0,0,0,240188
043961,道瓊反國泰94購01,0,0,0,0,0,0,0,0,0,240000,0,0,0,250000,10000,240000,240000
04669P,臺股指國票94售08,0,0,0,0,0,0,0,0,0,240000,0,0,0,240000,0,240000,240000
04617P,臺股指群益95售03,0,0,0,0,0,0,0,0,0,239000,0,0,0,250000,11000,239000,239000
04416P,牧德元富94售06  ,0,0,0,0,0,0,0,0,0,239000,0,0,0,240000,1000,239000,239000
054962,玉晶光元大99購02,0,0,0,0,0,0,0,0,0,238000,0,0,0,302000,64000,238000,238000
2498,宏達電          ,1878000,1090975,787025,0,0,0,0,0,0,-550000,84000,126000,-42000,67000,575000,-508000,237025
051840,康友國泰97購02  ,0,0,0,0,0,0,0,0,0,237000,0,0,0,314000,77000,237000,237000
04551P,台表科元大94售02,0,0,0,0,0,0,0,0,0,236000,0,0,0,236000,0,236000,236000
3530,晶相光          ,325000,74000,251000,0,0,0,0,0,0,-15000,0,0,0,3000,18000,-15000,236000
03521P,欣興元大02售16  ,0,0,0,0,0,0,0,0,0,235000,0,0,0,235000,0,235000,235000
051488,健策凱基96購04  ,0,0,0,0,0,0,0,0,0,235000,0,0,0,313000,78000,235000,235000
2836,高雄銀          ,323000,95000,228000,0,0,0,0,0,0,6000,11000,5000,6000,0,0,0,234000
05405P,大立光群益95售04,0,0,0,0,0,0,0,0,0,231000,0,0,0,373000,142000,231000,231000
6196,帆宣            ,537000,293000,244000,0,0,0,0,0,0,-13000,1000,0,1000,2000,16000,-14000,231000
051047,深中小群益99購01,0,0,0,0,0,0,0,0,0,230000,0,0,0,230000,0,230000,230000
051155,聯發科國泰96購01,0,0,0,0,0,0,0,0,0,230000,0,0,0,336000,106000,230000,230000
054258,牧德元大97購01  ,0,0,0,0,0,0,0,0,0,229000,0,0,0,235000,6000,229000,229000
050801,元金2X群益98購01,0,0,0,0,0,0,0,0,0,228000,0,0,0,243000,15000,228000,228000
9939,宏全            ,793000,368000,425000,0,0,0,0,0,0,-197000,8000,161000,-153000,2000,46000,-44000,228000
055036,中工富邦9B購01  ,0,0,0,0,0,0,0,0,0,227000,0,0,0,300000,73000,227000,227000
05584P,臺股指凱基96售13,0,0,0,0,0,0,0,0,0,227000,0,0,0,239000,12000,227000,227000
00686R,群益臺灣加權反1 ,0,0,0,0,0,0,0,0,0,227000,0,0,0,508000,281000,227000,227000
03987P,亞光群益93售02  ,0,0,0,0,0,0,0,0,0,225000,0,0,0,225000,0,225000,225000
05536P,奇力新元大96售03,0,0,0,0,0,0,0,0,0,223000,0,0,0,233000,10000,223000,223000
049044,和碩兆豐94購01  ,0,0,0,0,0,0,0,0,0,223000,0,0,0,372000,149000,223000,223000
2731,雄獅            ,286000,0,286000,0,0,0,0,63000,-63000,0,0,0,0,0,0,0,223000
2535,達欣工          ,296000,73000,223000,0,0,0,0,0,0,0,0,0,0,0,0,0,223000
3443,創意            ,562000,165000,397000,0,0,0,1000,0,1000,-177000,12000,133000,-121000,7000,63000,-56000,221000
03304P,欣興元富02售02  ,0,0,0,0,0,0,0,0,0,220000,0,0,0,220000,0,220000,220000
044611,正崴兆豐92購01  ,0,0,0,0,0,0,0,0,0,220000,0,0,0,260000,40000,220000,220000
047421,聯茂富邦97購01  ,0,0,0,0,0,0,0,0,0,220000,0,0,0,220000,0,220000,220000
048642,聯發科元大94購02,0,0,0,0,0,0,0,0,0,220000,0,0,0,285000,65000,220000,220000
052223,聯電凱基96購02  ,0,0,0,0,0,0,0,0,0,220000,0,0,0,240000,20000,220000,220000
08995P,台灣50群益01售12,0,0,0,0,0,0,0,0,0,220000,0,0,0,240000,20000,220000,220000
052658,友達元富9C購01  ,0,0,0,0,0,0,0,0,0,219000,0,0,0,219000,0,219000,219000
049784,台積電兆豐94購05,0,0,0,0,0,0,0,0,0,218000,0,0,0,218000,0,218000,218000
05114P,臺股指元富95售02,0,0,0,0,0,0,0,0,0,218000,0,0,0,218000,0,218000,218000
9907,統一實          ,427000,173000,254000,0,0,0,0,0,0,-36000,5000,41000,-36000,0,0,0,218000
054239,台郡群益96購02  ,0,0,0,0,0,0,0,0,0,217000,0,0,0,520000,303000,217000,217000
2101,南港            ,1192000,932615,259385,0,0,0,0,0,0,-44000,6000,21000,-15000,3000,32000,-29000,215385
054942,凱美元大97購02  ,0,0,0,0,0,0,0,0,0,215000,0,0,0,220000,5000,215000,215000
049025,華擎群益94購01  ,0,0,0,0,0,0,0,0,0,214000,0,0,0,214000,0,214000,214000
054516,國巨元大97購02  ,0,0,0,0,0,0,0,0,0,213000,0,0,0,253000,40000,213000,213000
6206,飛捷            ,262000,37000,225000,0,0,0,0,0,0,-13000,0,13000,-13000,0,0,0,212000
00743,國泰中國A150    ,0,0,0,0,0,0,0,0,0,211943,0,0,0,218000,6057,211943,211943
054589,聯鈞國泰99購01  ,0,0,0,0,0,0,0,0,0,210000,0,0,0,235000,25000,210000,210000
03603P,群創凱基98售04  ,0,0,0,0,0,0,0,0,0,210000,0,0,0,210000,0,210000,210000
04388P,滬深2X凱基95售05,0,0,0,0,0,0,0,0,0,210000,0,0,0,220000,10000,210000,210000
04710P,台積電元大94售16,0,0,0,0,0,0,0,0,0,210000,0,0,0,260000,50000,210000,210000
050913,全新中信97購01  ,0,0,0,0,0,0,0,0,0,210000,0,0,0,272000,62000,210000,210000
2388,威盛            ,305000,97000,208000,0,0,0,0,0,0,2000,2000,0,2000,0,0,0,210000
055651,富邦金元富97購01,0,0,0,0,0,0,0,0,0,209000,0,0,0,310000,101000,209000,209000
04963P,鴻海元大94售25  ,0,0,0,0,0,0,0,0,0,209000,0,0,0,551000,342000,209000,209000
05002P,台積電統一95售03,0,0,0,0,0,0,0,0,0,209000,0,0,0,230000,21000,209000,209000
047517,元油反元大96購01,0,0,0,0,0,0,0,0,0,209000,0,0,0,239000,30000,209000,209000
3702A,大聯大甲特      ,581,0,581,0,0,0,0,0,0,207000,200000,0,200000,7000,0,7000,207581
045371,元石油元大95購01,0,0,0,0,0,0,0,0,0,206000,0,0,0,210000,4000,206000,206000
045280,儒鴻富邦94購01  ,0,0,0,0,0,0,0,0,0,206000,0,0,0,441000,235000,206000,206000
047177,上銀元大93購05  ,0,0,0,0,0,0,0,0,0,206000,0,0,0,218000,12000,206000,206000
05287P,鴻海元富95售09  ,0,0,0,0,0,0,0,0,0,206000,0,0,0,372000,166000,206000,206000
05874P,台積電群益96售10,0,0,0,0,0,0,0,0,0,206000,0,0,0,242000,36000,206000,206000
054422,T50反1富邦9A購01,0,0,0,0,0,0,0,0,0,205000,0,0,0,346000,141000,205000,205000
047760,元油反元大96購03,0,0,0,0,0,0,0,0,0,205000,0,0,0,205000,0,205000,205000
053533,光罩永豐96購03  ,0,0,0,0,0,0,0,0,0,205000,0,0,0,205000,0,205000,205000
4119,旭富            ,396000,232934,163066,0,0,0,1000,0,1000,38000,31000,0,31000,11000,4000,7000,202066
051584,可成元大95購08  ,0,0,0,0,0,0,0,0,0,202000,0,0,0,202000,0,202000,202000
054060,晶技國票97購02  ,0,0,0,0,0,0,0,0,0,201000,0,0,0,201000,0,201000,201000
04729P,臺股指中信96售01,0,0,0,0,0,0,0,0,0,201000,0,0,0,301000,100000,201000,201000
05274P,嘉聯益亞東95售01,0,0,0,0,0,0,0,0,0,201000,0,0,0,201000,0,201000,201000
3563,牧德            ,591000,131000,460000,0,0,0,15000,130000,-115000,-144000,12000,31000,-19000,8000,133000,-125000,201000
04444P,玉晶光永豐94售06,0,0,0,0,0,0,0,0,0,200000,0,0,0,200000,0,200000,200000
046315,淘帝元大92購01  ,0,0,0,0,0,0,0,0,0,200000,0,0,0,200000,0,200000,200000
04397P,玉晶光群益95售03,0,0,0,0,0,0,0,0,0,200000,0,0,0,200000,0,200000,200000
044768,深中小元大94購02,0,0,0,0,0,0,0,0,0,200000,0,0,0,500000,300000,200000,200000
046735,聯發科國票93購01,0,0,0,0,0,0,0,0,0,200000,0,0,0,200000,0,200000,200000
043010,友達元大92購01  ,0,0,0,0,0,0,0,0,0,200000,0,0,0,200000,0,200000,200000
047662,東陽永豐93購01  ,0,0,0,0,0,0,0,0,0,200000,0,0,0,200000,0,200000,200000
047992,東陽元大96購01  ,0,0,0,0,0,0,0,0,0,200000,0,0,0,200000,0,200000,200000
04784P,超眾元富94售01  ,0,0,0,0,0,0,0,0,0,200000,0,0,0,200000,0,200000,200000
05332P,臺股指國票95售01,0,0,0,0,0,0,0,0,0,200000,0,0,0,222000,22000,200000,200000
052209,深中小元大95購02,0,0,0,0,0,0,0,0,0,200000,0,0,0,500000,300000,200000,200000
054529,T50反1國泰97購02,0,0,0,0,0,0,0,0,0,199000,0,0,0,199000,0,199000,199000
05620P,大立光富邦9B售01,0,0,0,0,0,0,0,0,0,199000,0,0,0,396000,197000,199000,199000
043481,華新群益93購01  ,0,0,0,0,0,0,0,0,0,199000,0,0,0,199000,0,199000,199000
1537,廣隆            ,242000,44000,198000,0,0,0,0,0,0,0,0,0,0,0,0,0,198000
053865,欣興元大97購02  ,0,0,0,0,0,0,0,0,0,197000,0,0,0,251000,54000,197000,197000
047234,晶技凱基93購01  ,0,0,0,0,0,0,0,0,0,197000,0,0,0,270000,73000,197000,197000
05224P,華通統一95售03  ,0,0,0,0,0,0,0,0,0,197000,0,0,0,224000,27000,197000,197000
043028,南電元大92購01  ,0,0,0,0,0,0,0,0,0,196000,0,0,0,296000,100000,196000,196000
04269P,華通國票93售03  ,0,0,0,0,0,0,0,0,0,196000,0,0,0,216000,20000,196000,196000
00706L,元大S&P日圓正2  ,0,0,0,0,0,0,0,0,0,196000,0,0,0,196000,0,196000,196000
048125,和鑫元大96購01  ,0,0,0,0,0,0,0,0,0,196000,0,0,0,196000,0,196000,196000
047901,復盛群益93購01  ,0,0,0,0,0,0,0,0,0,196000,0,0,0,234000,38000,196000,196000
04748P,臺股指元大94售23,0,0,0,0,0,0,0,0,0,196000,0,0,0,246000,50000,196000,196000
08625P,台灣50凱基96售05,0,0,0,0,0,0,0,0,0,196000,0,0,0,266000,70000,196000,196000
055569,聚陽統一98購01  ,0,0,0,0,0,0,0,0,0,195000,0,0,0,200000,5000,195000,195000
05174P,元金2X富邦9B售01,0,0,0,0,0,0,0,0,0,195000,0,0,0,200000,5000,195000,195000
050714,深中小群益98購01,0,0,0,0,0,0,0,0,0,195000,0,0,0,195000,0,195000,195000
055009,合勤控元富97購01,0,0,0,0,0,0,0,0,0,194000,0,0,0,248000,54000,194000,194000
6715,嘉基            ,206000,6000,200000,0,0,0,0,0,0,-7000,0,7000,-7000,0,0,0,193000
9938,百和            ,935000,379000,556000,0,0,0,0,241000,-241000,-122000,11000,11000,0,21000,143000,-122000,193000
6415,矽力-KY         ,790213,510333,279880,0,0,0,10000,77000,-67000,-20000,0,10000,-10000,0,10000,-10000,192880
04102P,臺股指國票93售09,0,0,0,0,0,0,0,0,0,192000,0,0,0,212000,20000,192000,192000
05895P,奇力新群益96售03,0,0,0,0,0,0,0,0,0,192000,0,0,0,222000,30000,192000,192000
045749,智邦富邦93購01  ,0,0,0,0,0,0,0,0,0,191000,0,0,0,447000,256000,191000,191000
3607,谷崧            ,223000,31000,192000,0,0,0,0,0,0,-1000,0,1000,-1000,0,0,0,191000
2850,新產            ,225000,34000,191000,0,0,0,0,0,0,0,0,0,0,0,0,0,191000
05515P,台積電群益96售03,0,0,0,0,0,0,0,0,0,190000,0,0,0,456000,266000,190000,190000
05774P,臺股指凱基99售04,0,0,0,0,0,0,0,0,0,190000,0,0,0,259000,69000,190000,190000
06153P,健策元大97售04  ,0,0,0,0,0,0,0,0,0,190000,0,0,0,490000,300000,190000,190000
052208,力成麥證95購01  ,0,0,0,215000,26000,189000,0,0,0,189000,0,0,0,215000,26000,189000,189000
055055,精元永豐97購01  ,0,0,0,0,0,0,0,0,0,187000,0,0,0,192000,5000,187000,187000
03875P,滬深2X國票05售01,0,0,0,0,0,0,0,0,0,187000,0,0,0,207000,20000,187000,187000
3231,緯創            ,15585735,17635405,-2049670,0,0,0,572000,263000,309000,1927000,81000,50000,31000,2863000,967000,1896000,186330
05029P,鴻海元富95售04  ,0,0,0,0,0,0,0,0,0,186000,0,0,0,236000,50000,186000,186000
05489P,臺股指凱基95售22,0,0,0,0,0,0,0,0,0,184000,0,0,0,300000,116000,184000,184000
2379,瑞昱            ,3422168,3162214,259954,0,0,0,1000,1000,0,-76000,2000,64000,-62000,31000,45000,-14000,183954
054614,玉晶光永豐97購03,0,0,0,0,0,0,0,0,0,183000,0,0,0,410000,227000,183000,183000
054255,亞光元大96購05  ,0,0,0,0,0,0,0,0,0,182000,0,0,0,186000,4000,182000,182000
03199P,台積電統一01售16,0,0,0,0,0,0,0,0,0,182000,0,0,0,433000,251000,182000,182000
055391,光罩統一97購02  ,0,0,0,0,0,0,0,0,0,181000,0,0,0,309000,128000,181000,181000
05444P,大立光元大95售10,0,0,0,0,0,0,0,0,0,180000,0,0,0,200000,20000,180000,180000
050660,欣興元大96購02  ,0,0,0,0,0,0,0,0,0,180000,0,0,0,211000,31000,180000,180000
047248,奇鋐群益95購01  ,0,0,0,0,0,0,0,0,0,180000,0,0,0,180000,0,180000,180000
04831P,聯詠富邦96售01  ,0,0,0,0,0,0,0,0,0,180000,0,0,0,200000,20000,180000,180000
048278,聯發科永豐93購03,0,0,0,0,0,0,0,0,0,180000,0,0,0,300000,120000,180000,180000
08897P,國巨群益01售10  ,0,0,0,0,0,0,0,0,0,179000,0,0,0,294000,115000,179000,179000
052605,聯發科元大96購06,0,0,0,0,0,0,0,0,0,178000,0,0,0,200000,22000,178000,178000
2534,宏盛            ,331000,236200,94800,0,0,0,0,0,0,83000,0,0,0,125000,42000,83000,177800
05451P,臺股指元大95售28,0,0,0,0,0,0,0,0,0,177000,0,0,0,184000,7000,177000,177000
03552P,上銀元富08售02  ,0,0,0,0,0,0,0,0,0,177000,0,0,0,177000,0,177000,177000
04573P,聯電統一94售02  ,0,0,0,0,0,0,0,0,0,177000,0,0,0,324000,147000,177000,177000
053049,T50反1國票98購01,0,0,0,0,0,0,0,0,0,177000,0,0,0,177000,0,177000,177000
05090P,國巨元大95售05  ,0,0,0,0,0,0,0,0,0,177000,0,0,0,177000,0,177000,177000
053572,彩晶統一96購01  ,0,0,0,0,0,0,0,0,0,175000,0,0,0,178000,3000,175000,175000
055367,台積電元大97購23,0,0,0,0,0,0,0,0,0,175000,0,0,0,541000,366000,175000,175000
04508P,臺股指元大94售03,0,0,0,0,0,0,0,0,0,175000,0,0,0,175000,0,175000,175000
2855,統一證          ,821000,646000,175000,0,0,0,0,0,0,0,0,0,0,0,0,0,175000
8131,福懋科          ,272000,141000,131000,0,0,0,4000,0,4000,40000,17000,0,17000,23000,0,23000,175000
040197,晶電群益92購01  ,0,0,0,0,0,0,0,0,0,172000,0,0,0,187000,15000,172000,172000
046053,滬深2X群益94購01,0,0,0,0,0,0,0,0,0,172000,0,0,0,282000,110000,172000,172000
2349,錸德            ,308000,140000,168000,0,0,0,0,0,0,4000,4000,0,4000,0,0,0,172000
4919,新唐            ,680000,352000,328000,0,0,0,3000,75000,-72000,-85000,1000,7000,-6000,5000,84000,-79000,171000
05564P,玉晶光元大97售02,0,0,0,0,0,0,0,0,0,170000,0,0,0,395000,225000,170000,170000
03103P,聯發科元富01售02,0,0,0,0,0,0,0,0,0,170000,0,0,0,170000,0,170000,170000
048875,晶相光國票94購01,0,0,0,0,0,0,0,0,0,170000,0,0,0,170000,0,170000,170000
04760P,旺宏凱基94售02  ,0,0,0,0,0,0,0,0,0,170000,0,0,0,188000,18000,170000,170000
048620,易華電凱基94購02,0,0,0,0,0,0,0,0,0,170000,0,0,0,170000,0,170000,170000
020008,元大特股高息N   ,0,0,0,0,0,0,0,0,0,169000,0,0,0,207000,38000,169000,169000
04229P,臺股指中信95售05,0,0,0,0,0,0,0,0,0,168000,0,0,0,268000,100000,168000,168000
05446P,緯穎元大95售04  ,0,0,0,0,0,0,0,0,0,167000,0,0,0,177000,10000,167000,167000
048495,南亞科元大93購04,0,0,0,0,0,0,0,0,0,167000,0,0,0,210000,43000,167000,167000
04404P,玉晶光國票94售01,0,0,0,0,0,0,0,0,0,166000,0,0,0,166000,0,166000,166000
05458P,台積電凱基97售02,0,0,0,0,0,0,0,0,0,165000,0,0,0,165000,0,165000,165000
8482,商億-KY         ,252000,87000,165000,0,0,0,0,0,0,0,1000,1000,0,0,0,0,165000
042793,台積電台新9C購01,0,0,0,0,0,0,0,0,0,164000,0,0,0,240000,76000,164000,164000
03423B,臺股指元大94熊29,0,0,0,0,0,0,0,0,0,164000,0,0,0,165000,1000,164000,164000
00659R,國泰日本反1     ,173000,0,173000,0,0,0,0,0,0,-10000,0,0,0,71000,81000,-10000,163000
049373,大立光元大94購11,0,0,0,0,0,0,0,0,0,163000,0,0,0,215000,52000,163000,163000
4438,廣越            ,161000,31000,130000,0,0,0,0,0,0,33000,42000,6000,36000,1000,4000,-3000,163000
051935,味全群益95購01  ,0,0,0,0,0,0,0,0,0,162000,0,0,0,200000,38000,162000,162000
6668,中揚光          ,271000,93000,178000,0,0,0,0,0,0,-16000,0,30000,-30000,14000,0,14000,162000
04046P,台積電元大93售24,0,0,0,0,0,0,0,0,0,161000,0,0,0,161000,0,161000,161000
051268,創意富邦97購01  ,0,0,0,0,0,0,0,0,0,161000,0,0,0,231000,70000,161000,161000
1701,中化            ,210000,49000,161000,0,0,0,0,0,0,0,0,0,0,0,0,0,161000
1611,中電            ,175002,15000,160002,0,0,0,0,0,0,0,0,0,0,0,0,0,160002
055386,致新元大97購02  ,0,0,0,0,0,0,0,0,0,160000,0,0,0,200000,40000,160000,160000
046792,京元電元富96購01,0,0,0,0,0,0,0,0,0,160000,0,0,0,180000,20000,160000,160000
048009,中壽富邦94購01  ,0,0,0,0,0,0,0,0,0,160000,0,0,0,190000,30000,160000,160000
052367,聯茂國票96購02  ,0,0,0,0,0,0,0,0,0,160000,0,0,0,200000,40000,160000,160000
055022,精元國泰99購01  ,0,0,0,0,0,0,0,0,0,159000,0,0,0,159000,0,159000,159000
3055,蔚華科          ,247000,88000,159000,0,0,0,0,0,0,0,0,0,0,0,0,0,159000
049776,全新統一95購02  ,0,0,0,0,0,0,0,0,0,157000,0,0,0,349000,192000,157000,157000
00710B,FH彭博高收益債  ,0,0,0,0,0,0,0,0,0,156000,0,0,0,276000,120000,156000,156000
055966,茂林元大99購01  ,0,0,0,0,0,0,0,0,0,155000,0,0,0,170000,15000,155000,155000
2472,立隆電          ,203000,177000,26000,0,0,0,0,0,0,127000,142000,15000,127000,0,0,0,153000
046165,中磊兆豐93購01  ,0,0,0,0,0,0,0,0,0,152000,0,0,0,202000,50000,152000,152000
052690,台表科元大97購01,0,0,0,0,0,0,0,0,0,152000,0,0,0,152000,0,152000,152000
055627,亞德客永豐97購02,0,0,0,0,0,0,0,0,0,150000,0,0,0,150000,0,150000,150000
045117,玉晶光日盛92購01,0,0,0,0,0,0,0,0,0,150000,0,0,0,150000,0,150000,150000
04646P,TPK凱基94售03   ,0,0,0,0,0,0,0,0,0,150000,0,0,0,200000,50000,150000,150000
045570,元油2X元大92購02,0,0,0,0,0,0,0,0,0,150000,0,0,0,150000,0,150000,150000
04546P,台積電元大94售09,0,0,0,0,0,0,0,0,0,150000,0,0,0,150000,0,150000,150000
046282,全新永豐92購01  ,0,0,0,0,0,0,0,0,0,150000,0,0,0,150000,0,150000,150000
04681P,臺股指統一94售06,0,0,0,0,0,0,0,0,0,150000,0,0,0,200000,50000,150000,150000
04479P,同欣電中信96售02,0,0,0,0,0,0,0,0,0,150000,0,0,0,150000,0,150000,150000
049686,T50反1元大94購02,0,0,0,0,0,0,0,0,0,150000,0,0,0,150000,0,150000,150000
050279,彩晶第一94購01  ,0,0,0,0,0,0,0,0,0,150000,0,0,0,150000,0,150000,150000
052492,易華電國票96購02,0,0,0,0,0,0,0,0,0,150000,0,0,0,150000,0,150000,150000
8101,華冠            ,163000,14000,149000,0,0,0,0,0,0,1000,1000,0,1000,0,0,0,150000
020002,元富新中國N     ,0,0,0,0,0,0,0,0,0,149000,0,0,0,149000,0,149000,149000
03414B,臺股指凱基99熊01,0,0,0,0,0,0,0,0,0,149000,0,0,0,343000,194000,149000,149000
048936,玉晶光永豐94購05,0,0,0,0,0,0,0,0,0,149000,0,0,0,162000,13000,149000,149000
03893P,為升凱基93售03  ,0,0,0,0,0,0,0,0,0,148000,0,0,0,157000,9000,148000,148000
041527,T50反1中信96購01,0,0,0,0,0,0,0,0,0,148000,0,0,0,236000,88000,148000,148000
05318P,臺股指永昌95售03,0,0,0,0,0,0,0,0,0,146000,0,0,0,146000,0,146000,146000
03945P,欣興群益94售01  ,0,0,0,0,0,0,0,0,0,145000,0,0,0,145000,0,145000,145000
044536,深中小群益92購01,0,0,0,0,0,0,0,0,0,145000,0,0,0,145000,0,145000,145000
049951,全新群益94購03  ,0,0,0,0,0,0,0,0,0,145000,0,0,0,165000,20000,145000,145000
3059,華晶科          ,334000,190000,144000,0,0,0,0,0,0,1000,20000,16000,4000,0,3000,-3000,145000
049406,T50反1日盛97購01,0,0,0,0,0,0,0,0,0,144000,0,0,0,156000,12000,144000,144000
052254,康友永豐95購03  ,0,0,0,0,0,0,0,0,0,144000,0,0,0,144000,0,144000,144000
1789,神隆            ,519000,380000,139000,0,0,0,0,0,0,5000,8000,3000,5000,0,0,0,144000
6531,愛普            ,219000,66000,153000,0,0,0,0,0,0,-9000,18000,27000,-9000,0,0,0,144000
03643P,燿華永豐92售02  ,0,0,0,0,0,0,0,0,0,143000,0,0,0,143000,0,143000,143000
05229P,台積電群益95售05,0,0,0,0,0,0,0,0,0,142000,0,0,0,170000,28000,142000,142000
053629,玉山金兆豐96購01,0,0,0,0,0,0,0,0,0,141000,0,0,0,201000,60000,141000,141000
053380,南亞科元大97購01,0,0,0,0,0,0,0,0,0,141000,0,0,0,189000,48000,141000,141000
055873,聚陽元富97購01  ,0,0,0,0,0,0,0,0,0,140000,0,0,0,150000,10000,140000,140000
03656P,臺股指元大92售18,0,0,0,0,0,0,0,0,0,140000,115000,0,115000,25000,0,25000,140000
03765P,大立光元富96售01,0,0,0,0,0,0,0,0,0,140000,0,0,0,215000,75000,140000,140000
03020X,元展20          ,0,0,0,0,0,0,0,0,0,140000,0,0,0,140000,0,140000,140000
049925,創意元大95購02  ,0,0,0,0,0,0,0,0,0,140000,0,0,0,140000,0,140000,140000
048147,元油反元富95購01,0,0,0,0,0,0,0,0,0,140000,0,0,0,140000,0,140000,140000
05333P,臺股指國票95售02,0,0,0,0,0,0,0,0,0,140000,0,0,0,140000,0,140000,140000
050711,TPK中信94購01   ,0,0,0,0,0,0,0,0,0,140000,0,0,0,140000,0,140000,140000
3094,聯傑            ,203000,64000,139000,0,0,0,0,0,0,1000,1000,0,1000,0,0,0,140000
05708P,奇力新國票97售04,0,0,0,0,0,0,0,0,0,139000,0,0,0,154000,15000,139000,139000
048924,光罩永豐94購01  ,0,0,0,0,0,0,0,0,0,139000,0,0,0,154000,15000,139000,139000
05004P,健策統一95售01  ,0,0,0,0,0,0,0,0,0,139000,0,0,0,269000,130000,139000,139000
1711,永光            ,304000,158000,146000,0,0,0,0,0,0,-7000,2000,9000,-7000,0,0,0,139000
05448P,臺股指元大95售25,0,0,0,0,0,0,0,0,0,138000,0,0,0,168000,30000,138000,138000
047965,景碩中信93購01  ,0,0,0,0,0,0,0,0,0,138000,0,0,0,200000,62000,138000,138000
05217P,鴻海統一95售08  ,0,0,0,0,0,0,0,0,0,138000,0,0,0,156000,18000,138000,138000
05163P,聯發科統一96售02,0,0,0,0,0,0,0,0,0,138000,0,0,0,255000,117000,138000,138000
055585,國巨元大98購08  ,0,0,0,0,0,0,0,0,0,137000,0,0,0,157000,20000,137000,137000
045362,A50正2兆豐93購02,0,0,0,0,0,0,0,0,0,137000,0,0,0,200000,63000,137000,137000
2359,所羅門          ,295000,160000,135000,0,0,0,0,0,0,2000,3000,1000,2000,0,0,0,137000
3052,夆典            ,417000,279000,138000,0,0,0,0,0,0,-1000,0,1000,-1000,0,0,0,137000
054574,美律元大99購01  ,0,0,0,0,0,0,0,0,0,136000,0,0,0,335000,199000,136000,136000
4164,承業醫          ,206000,60000,146000,0,0,0,0,0,0,-10000,12000,22000,-10000,0,0,0,136000
1519,華城            ,308000,172000,136000,0,0,0,0,0,0,0,2000,2000,0,0,0,0,136000
047191,同欣電元大93購02,0,0,0,0,0,0,0,0,0,135000,0,0,0,135000,0,135000,135000
050766,燿華元大96購02  ,0,0,0,0,0,0,0,0,0,135000,0,0,0,181000,46000,135000,135000
2342,茂矽            ,310000,170000,140000,0,0,0,0,0,0,-5000,0,5000,-5000,0,0,0,135000
042028,滬深反凱基93購01,0,0,0,0,0,0,0,0,0,134000,0,0,0,190000,56000,134000,134000
04980P,臺股指凱基96售08,0,0,0,0,0,0,0,0,0,134000,0,0,0,192000,58000,134000,134000
050821,國泰金凱基95購01,0,0,0,0,0,0,0,0,0,134000,0,0,0,205000,71000,134000,134000
053693,欣興元大96購05  ,0,0,0,0,0,0,0,0,0,133000,0,0,0,149000,16000,133000,133000
049424,中石化兆豐94購01,0,0,0,0,0,0,0,0,0,133000,0,0,0,178000,45000,133000,133000
052086,鴻海元大96購08  ,0,0,0,0,0,0,0,0,0,133000,0,0,0,160000,27000,133000,133000
05330P,臺股指凱基95售14,0,0,0,0,0,0,0,0,0,133000,0,0,0,141000,8000,133000,133000
046602,新日興群益94購01,0,0,0,0,0,0,0,0,0,132000,0,0,0,173000,41000,132000,132000
05602P,國巨元大96售06  ,0,0,0,0,0,0,0,0,0,131000,0,0,0,131000,0,131000,131000
2608,嘉里大榮        ,170000,36000,134000,0,0,0,0,0,0,-3000,2000,5000,-3000,0,0,0,131000
04226P,宏達電元富93售01,0,0,0,0,0,0,0,0,0,130000,0,0,0,130000,0,130000,130000
03763P,聯發科元富96售01,0,0,0,0,0,0,0,0,0,130000,0,0,0,130000,0,130000,130000
03025P,國巨元大01售12  ,0,0,0,0,0,0,0,0,0,130000,0,0,0,170000,40000,130000,130000
03659P,臺股指元大92售21,0,0,0,0,0,0,0,0,0,130000,0,0,0,130000,0,130000,130000
00653L,富邦印度正2     ,2000,2000,0,0,0,0,0,0,0,130000,0,0,0,182000,52000,130000,130000
049052,台積電永豐94購02,0,0,0,0,0,0,0,0,0,130000,0,0,0,242000,112000,130000,130000
047188,聯詠元大93購04  ,0,0,0,0,0,0,0,0,0,130000,0,0,0,130000,0,130000,130000
047505,元金2X國票9B購01,0,0,0,0,0,0,0,0,0,130000,0,0,0,182000,52000,130000,130000
05329P,臺股指凱基95售13,0,0,0,0,0,0,0,0,0,130000,0,0,0,140000,10000,130000,130000
053608,彩晶第一96購01  ,0,0,0,0,0,0,0,0,0,129000,0,0,0,165000,36000,129000,129000
03787P,台積電群益94售02,0,0,0,0,0,0,0,0,0,129000,0,0,0,129000,0,129000,129000
046773,GIS富邦94購01   ,0,0,0,0,0,0,0,0,0,129000,0,0,0,130000,1000,129000,129000
04593P,台積電元大94售11,0,0,0,0,0,0,0,0,0,127000,0,0,0,127000,0,127000,127000
048062,南亞科統一93購05,0,0,0,0,0,0,0,0,0,127000,0,0,0,200000,73000,127000,127000
05296P,牧德凱基96售01  ,0,0,0,0,0,0,0,0,0,127000,0,0,0,147000,20000,127000,127000
051617,台積電凱基95購14,0,0,0,0,0,0,0,0,0,126000,0,0,0,290000,164000,126000,126000
043726,T50反1國泰93購01,0,0,0,0,0,0,0,0,0,125000,0,0,0,200000,75000,125000,125000
3617,碩天            ,155000,35000,120000,0,0,0,0,0,0,4000,5000,1000,4000,0,0,0,124000
00865B,國泰US短期公債  ,0,0,0,0,0,0,0,0,0,123000,0,0,0,123000,0,123000,123000
04654P,臺股指凱基94售13,0,0,0,0,0,0,0,0,0,123000,0,0,0,423000,300000,123000,123000
04889P,華通元大94售03  ,0,0,0,0,0,0,0,0,0,123000,0,0,0,134000,11000,123000,123000
8454,富邦媒          ,168000,70330,97670,0,0,0,25000,0,25000,0,1000,1000,0,0,0,0,122670
049547,新光金群益94購01,0,0,0,0,0,0,0,0,0,122000,0,0,0,122000,0,122000,122000
05041P,大立光凱基95售09,0,0,0,0,0,0,0,0,0,122000,0,0,0,164000,42000,122000,122000
051570,和碩富邦97購01  ,0,0,0,0,0,0,0,0,0,122000,0,0,0,172000,50000,122000,122000
052518,道瓊反元大95購02,0,0,0,0,0,0,0,0,0,122000,0,0,0,130000,8000,122000,122000
4977,眾達-KY         ,113000,3000,110000,0,0,0,0,0,0,12000,1000,5000,-4000,16000,0,16000,122000
046320,明泰元大92購02  ,0,0,0,0,0,0,0,0,0,121000,0,0,0,130000,9000,121000,121000
055395,泰鼎統一97購01  ,0,0,0,0,0,0,0,0,0,120000,0,0,0,139000,19000,120000,120000
048166,滬深2X永豐96購02,0,0,0,0,0,0,0,0,0,120000,0,0,0,120000,0,120000,120000
048395,南亞科國票93購02,0,0,0,0,0,0,0,0,0,120000,0,0,0,210000,90000,120000,120000
052212,可成元大95購11  ,0,0,0,0,0,0,0,0,0,120000,0,0,0,130000,10000,120000,120000
05099P,台積電凱基95售06,0,0,0,0,0,0,0,0,0,120000,0,0,0,135000,15000,120000,120000
2897A,王道銀甲特      ,0,0,0,0,0,0,0,0,0,120000,120000,0,120000,0,0,0,120000
2838A,聯邦銀甲特      ,0,0,0,0,0,0,0,0,0,120000,170000,50000,120000,0,0,0,120000
05530P,臺股指群益96售03,0,0,0,0,0,0,0,0,0,119000,0,0,0,319000,200000,119000,119000
036804,國巨元富93購01  ,0,0,0,0,0,0,0,0,0,119000,0,0,0,290000,171000,119000,119000
051075,智邦國泰97購01  ,0,0,0,0,0,0,0,0,0,119000,0,0,0,199000,80000,119000,119000
1707,葡萄王          ,128000,77000,51000,0,0,0,50000,0,50000,18000,22000,4000,18000,0,0,0,119000
05585P,臺股指凱基96售14,0,0,0,0,0,0,0,0,0,118000,0,0,0,148000,30000,118000,118000
054195,亞泥國泰98購01  ,0,0,0,0,0,0,0,0,0,118000,0,0,0,170000,52000,118000,118000
044049,元金2X元大94購03,0,0,0,0,0,0,0,0,0,118000,0,0,0,118000,0,118000,118000
03921P,亞光凱基94售01  ,0,0,0,0,0,0,0,0,0,118000,0,0,0,120000,2000,118000,118000
1442,名軒            ,271000,140000,131000,0,0,0,0,0,0,-13000,1000,14000,-13000,0,0,0,118000
048653,巨大元大96購02  ,0,0,0,0,0,0,0,0,0,117000,0,0,0,119000,2000,117000,117000
051826,智邦元大95購03  ,0,0,0,0,0,0,0,0,0,117000,0,0,0,217000,100000,117000,117000
041753,大立光兆豐92購01,0,0,0,0,0,0,0,0,0,116000,0,0,0,116000,0,116000,116000
051583,可成元大95購07  ,0,0,0,0,0,0,0,0,0,116000,0,0,0,176000,60000,116000,116000
05799P,臺股指群益96售13,0,0,0,0,0,0,0,0,0,115000,0,0,0,115000,0,115000,115000
055053,瑞昱永豐97購01  ,0,0,0,0,0,0,0,0,0,115000,0,0,0,218000,103000,115000,115000
046298,聯發科富邦94購01,0,0,0,0,0,0,0,0,0,115000,0,0,0,233000,118000,115000,115000
052920,景碩台新96購02  ,0,0,0,0,0,0,0,0,0,115000,0,0,0,140000,25000,115000,115000
1536,和大            ,802000,541000,261000,0,0,0,100000,143000,-43000,-103000,69000,202000,-133000,50000,20000,30000,115000
054944,精元元大97購01  ,0,0,0,0,0,0,0,0,0,114000,0,0,0,123000,9000,114000,114000
049296,義隆群益96購01  ,0,0,0,0,0,0,0,0,0,114000,0,0,0,210000,96000,114000,114000
05981P,可成永昌98售02  ,0,0,0,0,0,0,0,0,0,114000,0,0,0,207000,93000,114000,114000
2425,承啟            ,308000,191000,117000,0,0,0,0,0,0,-3000,0,3000,-3000,0,0,0,114000
03450P,元油2X元富98售05,0,0,0,0,0,0,0,0,0,113000,0,0,0,195000,82000,113000,113000
053996,晶相光群益97購01,0,0,0,0,0,0,0,0,0,112000,0,0,0,122000,10000,112000,112000
046648,和鑫國泰94購01  ,0,0,0,0,0,0,0,0,0,112000,0,0,0,142000,30000,112000,112000
055160,玉晶光元大99購03,0,0,0,0,0,0,0,0,0,111000,0,0,0,577000,466000,111000,111000
05638P,國巨統一96售04  ,0,0,0,0,0,0,0,0,0,111000,0,0,0,390000,279000,111000,111000
053920,新光金國票98購01,0,0,0,0,0,0,0,0,0,110000,0,0,0,110000,0,110000,110000
054766,智原國票98購01  ,0,0,0,0,0,0,0,0,0,110000,0,0,0,120000,10000,110000,110000
03388P,元油2X元富98售02,0,0,0,0,0,0,0,0,0,110000,0,0,0,120000,10000,110000,110000
03252P,台積電台新02售01,0,0,0,0,0,0,0,0,0,110000,0,0,0,110000,0,110000,110000
03820P,聯詠統一93售04  ,0,0,0,0,0,0,0,0,0,110000,0,0,0,110000,0,110000,110000
04509P,臺股指元大94售04,0,0,0,0,0,0,0,0,0,110000,0,0,0,110000,0,110000,110000
04806P,臻鼎元富94售06  ,0,0,0,0,0,0,0,0,0,110000,0,0,0,110000,0,110000,110000
050000,盟立永豐94購01  ,0,0,0,0,0,0,0,0,0,110000,0,0,0,110000,0,110000,110000
04496P,國巨國泰96售02  ,0,0,0,0,0,0,0,0,0,109000,0,0,0,546000,437000,109000,109000
047389,義隆元大94購01  ,0,0,0,0,0,0,0,0,0,109000,0,0,0,200000,91000,109000,109000
03258P,台積電中信02售04,0,0,0,0,0,0,0,0,0,108000,0,0,0,108000,0,108000,108000
03892P,元油2X中信95售01,0,0,0,0,0,0,0,0,0,108000,0,0,0,120000,12000,108000,108000
03874P,臺股指群益95售01,0,0,0,0,0,0,0,0,0,108000,0,0,0,108000,0,108000,108000
052321,華擎元大95購01  ,0,0,0,0,0,0,0,0,0,108000,0,0,0,108000,0,108000,108000
055056,億光永豐97購01  ,0,0,0,0,0,0,0,0,0,107000,0,0,0,107000,0,107000,107000
041851,台積電元大92購01,0,0,0,0,0,0,0,0,0,107000,0,0,0,107000,0,107000,107000
049128,滬深2X元大97購03,0,0,0,0,0,0,0,0,0,107000,0,0,0,147000,40000,107000,107000
050002,智原永豐94購02  ,0,0,0,0,0,0,0,0,0,107000,0,0,0,107000,0,107000,107000
055083,康友中信97購01  ,0,0,0,0,0,0,0,0,0,106000,0,0,0,158000,52000,106000,106000
055175,建準統一97購01  ,0,0,0,0,0,0,0,0,0,106000,0,0,0,200000,94000,106000,106000
048163,南亞科台新93購01,0,0,0,0,0,0,0,0,0,106000,0,0,0,200000,94000,106000,106000
05559P,臺股指麥證96售01,0,0,0,105000,0,105000,0,0,0,105000,0,0,0,105000,0,105000,105000
054155,美律第一96購01  ,0,0,0,0,0,0,0,0,0,105000,0,0,0,125000,20000,105000,105000
04086P,臺股指元富93售04,0,0,0,0,0,0,0,0,0,105000,0,0,0,105000,0,105000,105000
04543P,鴻海富邦95售03  ,0,0,0,0,0,0,0,0,0,105000,0,0,0,105000,0,105000,105000
045869,滬深2X元富95購01,0,0,0,0,0,0,0,0,0,105000,0,0,0,105000,0,105000,105000
051171,T50反1第一95購01,0,0,0,0,0,0,0,0,0,105000,0,0,0,105000,0,105000,105000
05897P,國巨凱基96售12  ,0,0,0,0,0,0,0,0,0,105000,0,0,0,135000,30000,105000,105000
08282P,南六群益9C售01  ,0,0,0,0,0,0,0,0,0,105000,0,0,0,105000,0,105000,105000
047511,義隆國票93購02  ,0,0,0,0,0,0,0,0,0,104000,0,0,0,474000,370000,104000,104000
05974P,國巨富邦97售03  ,0,0,0,0,0,0,0,0,0,104000,0,0,0,129000,25000,104000,104000
6197,佳必琪          ,175000,65000,110000,0,0,0,0,0,0,-6000,3000,9000,-6000,0,0,0,104000
05484P,台積電凱基95售18,0,0,0,0,0,0,0,0,0,103000,0,0,0,103000,0,103000,103000
2527,宏璟            ,141000,42000,99000,0,0,0,0,0,0,4000,5000,1000,4000,0,0,0,103000
1808,潤隆            ,217000,113000,104000,0,0,0,0,0,0,-1000,0,1000,-1000,0,0,0,103000
054881,光罩統一97購01  ,0,0,0,0,0,0,0,0,0,102000,0,0,0,113000,11000,102000,102000
054040,中石化元大9C購01,0,0,0,0,0,0,0,0,0,102000,0,0,0,102000,0,102000,102000
054949,奇力新元大98購01,0,0,0,0,0,0,0,0,0,102000,0,0,0,256000,154000,102000,102000
05808P,臺股指國票96售01,0,0,0,0,0,0,0,0,0,102000,0,0,0,105000,3000,102000,102000
052172,致茂元大95購01  ,0,0,0,0,0,0,0,0,0,102000,0,0,0,102000,0,102000,102000
05832P,臺股指元富96售04,0,0,0,0,0,0,0,0,0,102000,0,0,0,102000,0,102000,102000
05688P,臺股指元大96售13,0,0,0,0,0,0,0,0,0,101000,0,0,0,126000,25000,101000,101000
055271,鴻海元大98購03  ,0,0,0,0,0,0,0,0,0,101000,0,0,0,114000,13000,101000,101000
03777P,華通中信95售01  ,0,0,0,0,0,0,0,0,0,101000,0,0,0,316000,215000,101000,101000
00662,富邦NASDAQ      ,0,7000,-7000,0,0,0,0,0,0,108000,0,0,0,193000,85000,108000,101000
050283,T50反1凱基9A購01,0,0,0,0,0,0,0,0,0,101000,0,0,0,101000,0,101000,101000
051663,鴻海元大95購18  ,0,0,0,0,0,0,0,0,0,101000,0,0,0,101000,0,101000,101000
051049,亞德客群益95購01,0,0,0,0,0,0,0,0,0,101000,0,0,0,227000,126000,101000,101000
1455,集盛            ,128000,27000,101000,0,0,0,0,0,0,0,4000,4000,0,0,0,0,101000
08612P,嘉晶凱基9C售03  ,0,0,0,0,0,0,0,0,0,101000,0,0,0,101000,0,101000,101000
5283,禾聯碩          ,129000,27000,102000,0,0,0,0,0,0,-1000,0,1000,-1000,0,0,0,101000
055239,帆宣台新97購01  ,0,0,0,0,0,0,0,0,0,100000,0,0,0,100000,0,100000,100000
055705,微星永豐97購01  ,0,0,0,0,0,0,0,0,0,100000,0,0,0,100000,0,100000,100000
055840,南亞科元大97購03,0,0,0,0,0,0,0,0,0,100000,0,0,0,100000,0,100000,100000
03673P,康控元富92售02  ,0,0,0,0,0,0,0,0,0,100000,0,0,0,100000,0,100000,100000
03019X,元展19          ,0,0,0,0,0,0,0,0,0,100000,0,0,0,100000,0,100000,100000
040820,禾伸堂群益92購01,0,0,0,0,0,0,0,0,0,100000,0,0,0,100000,0,100000,100000
043323,緯穎統一92購01  ,0,0,0,0,0,0,0,0,0,100000,0,0,0,100000,0,100000,100000
043026,康友元大92購01  ,0,0,0,0,0,0,0,0,0,100000,0,0,0,100000,0,100000,100000
043049,奇鋐國泰93購01  ,0,0,0,0,0,0,0,0,0,100000,0,0,0,100000,0,100000,100000
04316P,華新科國票94售05,0,0,0,0,0,0,0,0,0,100000,0,0,0,100000,0,100000,100000
03202P,聯電凱基01售03  ,0,0,0,0,0,0,0,0,0,100000,0,0,0,110000,10000,100000,100000
03186P,台積電元大01售50,0,0,0,0,0,0,0,0,0,100000,0,0,0,100000,0,100000,100000
03400P,滬深2X凱基05售01,0,0,0,0,0,0,0,0,0,100000,0,0,0,100000,0,100000,100000
03454P,台積電凱基03售14,0,0,0,0,0,0,0,0,0,100000,0,0,0,100000,0,100000,100000
04205P,臺股指元大93售45,0,0,0,0,0,0,0,0,0,100000,0,0,0,100000,0,100000,100000
04175P,台積電群益94售05,0,0,0,0,0,0,0,0,0,100000,0,0,0,100000,0,100000,100000
043394,易華電元大94購01,0,0,0,0,0,0,0,0,0,100000,0,0,0,100000,0,100000,100000
044718,宏達電統一93購02,0,0,0,0,0,0,0,0,0,100000,0,0,0,100000,0,100000,100000
045438,台郡統一94購01  ,0,0,0,0,0,0,0,0,0,100000,0,0,0,100000,0,100000,100000
04540P,聯詠永豐94售02  ,0,0,0,0,0,0,0,0,0,100000,0,0,0,100000,0,100000,100000
049328,元上證統一94購01,0,0,0,0,0,0,0,0,0,100000,0,0,0,100000,0,100000,100000
046218,T50反1元大93購02,0,0,0,0,0,0,0,0,0,100000,0,0,0,100000,0,100000,100000
044512,奇力新凱基93購02,0,0,0,0,0,0,0,0,0,100000,0,0,0,100000,0,100000,100000
045000,鴻海富邦93購01  ,0,0,0,0,0,0,0,0,0,100000,0,0,0,100000,0,100000,100000
045005,上銀元大92購05  ,0,0,0,0,0,0,0,0,0,100000,0,0,0,100000,0,100000,100000
048197,義隆元大93購04  ,0,0,0,0,0,0,0,0,0,100000,0,0,0,122000,22000,100000,100000
049149,華新科元大95購03,0,0,0,0,0,0,0,0,0,100000,0,0,0,100000,0,100000,100000
047120,啟碁元大93購02  ,0,0,0,0,0,0,0,0,0,100000,0,0,0,100000,0,100000,100000
048224,聯發科凱基93購31,0,0,0,0,0,0,0,0,0,100000,0,0,0,120000,20000,100000,100000
047067,啟碁凱基93購01  ,0,0,0,0,0,0,0,0,0,100000,0,0,0,100000,0,100000,100000
04991P,台表科元大94售05,0,0,0,0,0,0,0,0,0,100000,0,0,0,100000,0,100000,100000
049876,智邦永豐94購01  ,0,0,0,0,0,0,0,0,0,100000,0,0,0,100000,0,100000,100000
046946,益航元大94購01  ,0,0,0,0,0,0,0,0,0,100000,0,0,0,100000,0,100000,100000
047852,矽創元富93購01  ,0,0,0,0,0,0,0,0,0,100000,0,0,0,100000,0,100000,100000
050916,聯茂中信95購01  ,0,0,0,0,0,0,0,0,0,100000,0,0,0,100000,0,100000,100000
050778,瑞儀元大96購01  ,0,0,0,0,0,0,0,0,0,100000,0,0,0,100000,0,100000,100000
051192,緯創兆豐96購01  ,0,0,0,0,0,0,0,0,0,100000,0,0,0,200000,100000,100000,100000
052353,高鐵群益97購01  ,0,0,0,0,0,0,0,0,0,100000,0,0,0,272000,172000,100000,100000
052272,T50反1群益95購03,0,0,0,0,0,0,0,0,0,100000,0,0,0,100000,0,100000,100000
053005,微星永豐96購01  ,0,0,0,0,0,0,0,0,0,100000,0,0,0,100000,0,100000,100000
08506P,台灣50中信96售02,0,0,0,0,0,0,0,0,0,100000,0,0,0,100000,0,100000,100000
046645,技嘉國泰94購01  ,0,0,0,0,0,0,0,0,0,99000,0,0,0,199000,100000,99000,99000
04011P,台積電元大93售22,0,0,0,0,0,0,0,0,0,99000,0,0,0,300000,201000,99000,99000
03530P,臺股指凱基02售09,0,0,0,0,0,0,0,0,0,99000,0,0,0,99000,0,99000,99000
049197,信邦永豐94購01  ,0,0,0,0,0,0,0,0,0,99000,0,0,0,155000,56000,99000,99000
055818,晶相光國票97購02,0,0,0,0,0,0,0,0,0,98000,0,0,0,100000,2000,98000,98000
03583P,微星元大02售03  ,0,0,0,0,0,0,0,0,0,98000,0,0,0,108000,10000,98000,98000
050555,道瓊銀統一94購01,0,0,0,0,0,0,0,0,0,98000,0,0,0,100000,2000,98000,98000
05351P,臺股指元富95售05,0,0,0,0,0,0,0,0,0,98000,0,0,0,116000,18000,98000,98000
050990,T50反1元大95購01,0,0,0,0,0,0,0,0,0,98000,0,0,0,599000,501000,98000,98000
051065,台積電國票96購01,0,0,0,0,0,0,0,0,0,98000,0,0,0,128000,30000,98000,98000
06054P,臺股指中信9A售01,0,0,0,0,0,0,0,0,0,98000,0,0,0,116000,18000,98000,98000
054064,台郡國票97購04  ,0,0,0,0,0,0,0,0,0,96000,0,0,0,96000,0,96000,96000
054495,滬深2X永豐97購02,0,0,0,0,0,0,0,0,0,96000,0,0,0,100000,4000,96000,96000
043442,大立光台新01購01,0,0,0,0,0,0,0,0,0,96000,0,0,0,106000,10000,96000,96000
05819P,臺股指凱基96售16,0,0,0,0,0,0,0,0,0,96000,0,0,0,96000,0,96000,96000
054481,鎧勝中信96購01  ,0,0,0,0,0,0,0,0,0,95000,0,0,0,100000,5000,95000,95000
044995,大立光國泰94購01,0,0,0,0,0,0,0,0,0,95000,0,0,0,105000,10000,95000,95000
046264,美律凱基93購05  ,0,0,0,0,0,0,0,0,0,95000,0,0,0,95000,0,95000,95000
050612,台積電元大95購06,0,0,0,0,0,0,0,0,0,95000,0,0,0,162000,67000,95000,95000
050353,華擎群益95購01  ,0,0,0,0,0,0,0,0,0,95000,0,0,0,212000,117000,95000,95000
05826P,臺股指凱基96售23,0,0,0,0,0,0,0,0,0,95000,0,0,0,130000,35000,95000,95000
055322,欣興國票97購06  ,0,0,0,0,0,0,0,0,0,94000,0,0,0,172000,78000,94000,94000
044639,京元電元富94購01,0,0,0,0,0,0,0,0,0,94000,0,0,0,265000,171000,94000,94000
045337,滬深2X凱基95購01,0,0,0,0,0,0,0,0,0,94000,0,0,0,94000,0,94000,94000
049009,南亞科麥證94購01,0,0,0,97000,3000,94000,0,0,0,94000,0,0,0,97000,3000,94000,94000
05124P,華新科富邦97售02,0,0,0,0,0,0,0,0,0,94000,0,0,0,94000,0,94000,94000
3588,通嘉            ,137000,43000,94000,0,0,0,0,0,0,0,0,0,0,0,0,0,94000
05703P,矽力群益96售03  ,0,0,0,0,0,0,0,0,0,93000,0,0,0,116000,23000,93000,93000
04731P,臺股指中信96售03,0,0,0,0,0,0,0,0,0,93000,0,0,0,337000,244000,93000,93000
048930,慧洋永豐94購01  ,0,0,0,0,0,0,0,0,0,93000,0,0,0,93000,0,93000,93000
04908P,南電國票95售03  ,0,0,0,0,0,0,0,0,0,93000,0,0,0,93000,0,93000,93000
052885,高鐵兆豐98購01  ,0,0,0,0,0,0,0,0,0,93000,0,0,0,455000,362000,93000,93000
1795,美時            ,650000,360041,289959,0,0,0,0,207000,-207000,10000,30000,20000,10000,0,0,0,92959
054295,世芯元大96購03  ,0,0,0,0,0,0,0,0,0,92000,0,0,0,113000,21000,92000,92000
054204,元金2X國票9B購02,0,0,0,0,0,0,0,0,0,92000,0,0,0,180000,88000,92000,92000
04826P,華新科麥證95售01,0,0,0,97000,5000,92000,0,0,0,92000,0,0,0,97000,5000,92000,92000
2545,皇翔            ,227000,137000,90000,0,0,0,0,0,0,2000,2000,0,2000,0,0,0,92000
1590,亞德客-KY       ,1516356,1447172,69184,0,0,0,63000,22000,41000,-19000,7000,5000,2000,7000,28000,-21000,91184
05091P,台積電元大95售11,0,0,0,0,0,0,0,0,0,91000,0,0,0,502000,411000,91000,91000
051902,T50反1元大97購01,0,0,0,0,0,0,0,0,0,91000,0,0,0,175000,84000,91000,91000
2538,基泰            ,204000,114000,90000,0,0,0,0,0,0,1000,3000,2000,1000,0,0,0,91000
054912,群光凱基97購01  ,0,0,0,0,0,0,0,0,0,90000,0,0,0,110000,20000,90000,90000
05700P,臻鼎凱基96售02  ,0,0,0,0,0,0,0,0,0,90000,0,0,0,100000,10000,90000,90000
045782,欣興元大93購04  ,0,0,0,0,0,0,0,0,0,90000,0,0,0,90000,0,90000,90000
04570P,台積電國票94售05,0,0,0,0,0,0,0,0,0,90000,0,0,0,260000,170000,90000,90000
044993,友達國泰93購01  ,0,0,0,0,0,0,0,0,0,90000,0,0,0,94000,4000,90000,90000
044173,矽創元大92購02  ,0,0,0,0,0,0,0,0,0,90000,0,0,0,90000,0,90000,90000
04152P,喬山永豐93售02  ,0,0,0,0,0,0,0,0,0,90000,0,0,0,90000,0,90000,90000
04144P,瑞昱凱基93售10  ,0,0,0,0,0,0,0,0,0,90000,0,0,0,90000,0,90000,90000
03655P,臺股指元大92售17,0,0,0,0,0,0,0,0,0,90000,0,0,0,90000,0,90000,90000
03539P,牧德元富08售01  ,0,0,0,0,0,0,0,0,0,90000,0,0,0,100000,10000,90000,90000
047257,南茂群益93購01  ,0,0,0,0,0,0,0,0,0,90000,0,0,0,90000,0,90000,90000
05051P,鴻海群益95售05  ,0,0,0,0,0,0,0,0,0,90000,0,0,0,100000,10000,90000,90000
04749P,臺股指元大94售25,0,0,0,0,0,0,0,0,0,90000,0,0,0,90000,0,90000,90000
053365,彩晶國泰98購01  ,0,0,0,0,0,0,0,0,0,90000,0,0,0,100000,10000,90000,90000
053074,嘉晶永豐96購02  ,0,0,0,0,0,0,0,0,0,90000,0,0,0,110000,20000,90000,90000
3622,洋華            ,168000,79000,89000,0,0,0,0,0,0,1000,1000,0,1000,0,0,0,90000
05989P,健策元富96售01  ,0,0,0,0,0,0,0,0,0,90000,0,0,0,110000,20000,90000,90000
055855,牧德元大99購02  ,0,0,0,0,0,0,0,0,0,89000,0,0,0,155000,66000,89000,89000
055050,敬鵬永豐97購01  ,0,0,0,0,0,0,0,0,0,89000,0,0,0,89000,0,89000,89000
04045P,鴻海元大93售19  ,0,0,0,0,0,0,0,0,0,89000,0,0,0,99000,10000,89000,89000
00647L,元大S&P500正2   ,0,0,0,0,0,0,0,0,0,89000,0,0,0,97000,8000,89000,89000
04447P,上銀凱基94售02  ,0,0,0,0,0,0,0,0,0,89000,0,0,0,180000,91000,89000,89000
052371,元金2X元大95購01,0,0,0,0,0,0,0,0,0,89000,0,0,0,109000,20000,89000,89000
051609,貿聯群益95購03  ,0,0,0,0,0,0,0,0,0,89000,0,0,0,125000,36000,89000,89000
2428,興勤            ,207000,117000,90000,0,0,0,0,0,0,-1000,0,0,0,5000,6000,-1000,89000
043027,康友元大92購02  ,0,0,0,0,0,0,0,0,0,88000,0,0,0,88000,0,88000,88000
03888P,大立光元富93售03,0,0,0,0,0,0,0,0,0,88000,0,0,0,143000,55000,88000,88000
05005P,台表科統一95售01,0,0,0,0,0,0,0,0,0,88000,0,0,0,88000,0,88000,88000
045571,元油2X元大95購04,0,0,0,0,0,0,0,0,0,87000,0,0,0,87000,0,87000,87000
048128,超眾元大95購01  ,0,0,0,0,0,0,0,0,0,87000,0,0,0,87000,0,87000,87000
050535,台表科群益94購02,0,0,0,0,0,0,0,0,0,86000,0,0,0,90000,4000,86000,86000
04796P,聯發科元大94售10,0,0,0,0,0,0,0,0,0,86000,0,0,0,106000,20000,86000,86000
052537,力成富邦95購01  ,0,0,0,0,0,0,0,0,0,86000,0,0,0,136000,50000,86000,86000
05421P,鴻海元大96售12  ,0,0,0,0,0,0,0,0,0,85000,0,0,0,227000,142000,85000,85000
046436,新光金群益92購02,0,0,0,0,0,0,0,0,0,85000,0,0,0,85000,0,85000,85000
04562P,南亞科凱基94售02,0,0,0,0,0,0,0,0,0,85000,0,0,0,85000,0,85000,85000
049966,旺宏國票95購02  ,0,0,0,0,0,0,0,0,0,85000,0,0,0,100000,15000,85000,85000
047745,廣宇元富93購01  ,0,0,0,0,0,0,0,0,0,85000,0,0,0,90000,5000,85000,85000
049177,美律凱基94購02  ,0,0,0,0,0,0,0,0,0,85000,0,0,0,105000,20000,85000,85000
3346,麗清            ,115000,30000,85000,0,0,0,0,0,0,0,0,0,0,0,0,0,85000
4737,華廣            ,114000,29000,85000,0,0,0,0,0,0,0,1000,1000,0,0,0,0,85000
03026P,國巨元大01售13  ,0,0,0,0,0,0,0,0,0,84000,0,0,0,89000,5000,84000,84000
050662,智易元大96購01  ,0,0,0,0,0,0,0,0,0,84000,0,0,0,86000,2000,84000,84000
052591,康友永豐97購01  ,0,0,0,0,0,0,0,0,0,84000,0,0,0,104000,20000,84000,84000
052957,T50反1凱基99購01,0,0,0,0,0,0,0,0,0,84000,0,0,0,102000,18000,84000,84000
6224,聚鼎            ,58000,118000,-60000,0,0,0,0,0,0,144000,147000,3000,144000,0,0,0,84000
05422P,大立光中信97售02,0,0,0,0,0,0,0,0,0,83000,0,0,0,84000,1000,83000,83000
049401,可成群益94購04  ,0,0,0,0,0,0,0,0,0,83000,0,0,0,83000,0,83000,83000
053325,GIS群益96購02   ,0,0,0,0,0,0,0,0,0,83000,0,0,0,104000,21000,83000,83000
053835,南亞科永豐96購02,0,0,0,0,0,0,0,0,0,82000,0,0,0,90000,8000,82000,82000
04869P,鴻海元富95售02  ,0,0,0,0,0,0,0,0,0,82000,0,0,0,122000,40000,82000,82000
052950,超眾國票98購01  ,0,0,0,0,0,0,0,0,0,82000,0,0,0,152000,70000,82000,82000
2881B,富邦金乙特      ,0,0,0,0,0,0,0,0,0,82000,92000,10000,82000,0,0,0,82000
053744,台郡國票97購03  ,0,0,0,0,0,0,0,0,0,81000,0,0,0,132000,51000,81000,81000
04513P,元石油中信94售01,0,0,0,0,0,0,0,0,0,81000,0,0,0,101000,20000,81000,81000
04550P,超眾元大94售01  ,0,0,0,0,0,0,0,0,0,81000,0,0,0,81000,0,81000,81000
045955,宏碁凱基93購01  ,0,0,0,0,0,0,0,0,0,81000,0,0,0,81000,0,81000,81000
05995P,T50正2中信9C售01,0,0,0,0,0,0,0,0,0,81000,0,0,0,91000,10000,81000,81000
05939P,聯發科凱基96售20,0,0,0,0,0,0,0,0,0,81000,0,0,0,144000,63000,81000,81000
06260P,臺股指群益97售13,0,0,0,0,0,0,0,0,0,81000,0,0,0,95000,14000,81000,81000
054125,元油反元大96購09,0,0,0,0,0,0,0,0,0,80000,0,0,0,80000,0,80000,80000
03885P,華新科統一96售01,0,0,0,0,0,0,0,0,0,80000,0,0,0,80000,0,80000,80000
046251,宏達電群益92購03,0,0,0,0,0,0,0,0,0,80000,0,0,0,80000,0,80000,80000
049409,滬深2X凱基96購04,0,0,0,0,0,0,0,0,0,80000,0,0,0,140000,60000,80000,80000
047453,電子類元大93購04,0,0,0,0,0,0,0,0,0,80000,0,0,0,80000,0,80000,80000
050045,祥碩兆豐94購01  ,0,0,0,0,0,0,0,0,0,80000,0,0,0,91000,11000,80000,80000
047596,元油反元富97購01,0,0,0,0,0,0,0,0,0,80000,0,0,0,80000,0,80000,80000
05069P,鴻海統一96售03  ,0,0,0,0,0,0,0,0,0,80000,0,0,0,80000,0,80000,80000
050317,和鑫國票95購02  ,0,0,0,0,0,0,0,0,0,80000,0,0,0,90000,10000,80000,80000
04726P,TPK凱基94售04   ,0,0,0,0,0,0,0,0,0,80000,0,0,0,100000,20000,80000,80000
052319,可成元大95購12  ,0,0,0,0,0,0,0,0,0,80000,0,0,0,145000,65000,80000,80000
05346P,臺股指統一95售06,0,0,0,0,0,0,0,0,0,80000,0,0,0,110000,30000,80000,80000
051138,訊連永豐95購01  ,0,0,0,0,0,0,0,0,0,80000,0,0,0,80000,0,80000,80000
054704,玉晶光第一97購01,0,0,0,0,0,0,0,0,0,79000,0,0,0,290000,211000,79000,79000
03128P,玉晶光國泰03售04,0,0,0,0,0,0,0,0,0,79000,0,0,0,79000,0,79000,79000
054394,奇力新永豐96購03,0,0,0,0,0,0,0,0,0,78000,0,0,0,80000,2000,78000,78000
055979,聯鈞統一97購03  ,0,0,0,0,0,0,0,0,0,78000,0,0,0,78000,0,78000,78000
05746P,台積電群益96售07,0,0,0,0,0,0,0,0,0,78000,0,0,0,132000,54000,78000,78000
048050,元油反中信93購01,0,0,0,0,0,0,0,0,0,78000,0,0,0,78000,0,78000,78000
05461P,台積電亞東97售01,0,0,0,0,0,0,0,0,0,77000,0,0,0,93000,16000,77000,77000
054892,彩晶統一99購01  ,0,0,0,0,0,0,0,0,0,77000,0,0,0,77000,0,77000,77000
051802,同欣電永豐95購02,0,0,0,0,0,0,0,0,0,77000,0,0,0,87000,10000,77000,77000
052973,冠德群益96購01  ,0,0,0,0,0,0,0,0,0,77000,0,0,0,77000,0,77000,77000
053026,奇力新富邦98購01,0,0,0,0,0,0,0,0,0,77000,0,0,0,86000,9000,77000,77000
045602,致伸國票92購01  ,0,0,0,0,0,0,0,0,0,76000,0,0,0,76000,0,76000,76000
053062,緯穎富邦97購01  ,0,0,0,0,0,0,0,0,0,76000,0,0,0,86000,10000,76000,76000
052946,智原國票97購02  ,0,0,0,0,0,0,0,0,0,76000,0,0,0,76000,0,76000,76000
052745,欣興元大96購04  ,0,0,0,0,0,0,0,0,0,76000,0,0,0,112000,36000,76000,76000
051031,康友元富95購02  ,0,0,0,0,0,0,0,0,0,76000,0,0,0,106000,30000,76000,76000
1315,達新            ,194000,119000,75000,0,0,0,0,0,0,1000,2000,1000,1000,0,0,0,76000
2049,上銀            ,4218050,4217974,76,0,0,0,36000,0,36000,39000,175000,204000,-29000,118000,50000,68000,75076
05491P,茂林元大95售04  ,0,0,0,0,0,0,0,0,0,75000,0,0,0,508000,433000,75000,75000
046374,台積電凱基92購20,0,0,0,0,0,0,0,0,0,75000,0,0,0,78000,3000,75000,75000
03420B,臺股指元大95熊31,0,0,0,0,0,0,0,0,0,75000,0,0,0,77000,2000,75000,75000
04261P,大立光群益93售12,0,0,0,0,0,0,0,0,0,75000,0,0,0,100000,25000,75000,75000
048752,廣越元富95購01  ,0,0,0,0,0,0,0,0,0,75000,0,0,0,100000,25000,75000,75000
048338,正崴元大93購01  ,0,0,0,0,0,0,0,0,0,75000,0,0,0,75000,0,75000,75000
050556,道瓊銀統一95購01,0,0,0,0,0,0,0,0,0,75000,0,0,0,100000,25000,75000,75000
051891,智邦元富95購04  ,0,0,0,0,0,0,0,0,0,75000,0,0,0,75000,0,75000,75000
054126,和大元大96購02  ,0,0,0,0,0,0,0,0,0,74000,0,0,0,75000,1000,74000,74000
055928,南亞科群益97購02,0,0,0,0,0,0,0,0,0,74000,0,0,0,110000,36000,74000,74000
043050,欣興國泰93購01  ,0,0,0,0,0,0,0,0,0,74000,0,0,0,74000,0,74000,74000
049325,智邦元富94購02  ,0,0,0,0,0,0,0,0,0,74000,0,0,0,75000,1000,74000,74000
044284,聯電凱基92購01  ,0,0,0,0,0,0,0,0,0,74000,0,0,0,100000,26000,74000,74000
048092,聯發科凱基93購29,0,0,0,0,0,0,0,0,0,74000,0,0,0,179000,105000,74000,74000
04746P,臺股指元大94售17,0,0,0,0,0,0,0,0,0,74000,0,0,0,74000,0,74000,74000
050153,義隆群益94購01  ,0,0,0,0,0,0,0,0,0,74000,0,0,0,85000,11000,74000,74000
053279,景碩元大97購01  ,0,0,0,0,0,0,0,0,0,74000,0,0,0,91000,17000,74000,74000
045106,玉晶光群益95購01,0,0,0,0,0,0,0,0,0,73000,0,0,0,103000,30000,73000,73000
04329P,TPK群益93售04   ,0,0,0,0,0,0,0,0,0,73000,0,0,0,100000,27000,73000,73000
05967P,臺股指麥證96售02,0,0,0,111000,38000,73000,0,0,0,73000,0,0,0,111000,38000,73000,73000
053708,道瓊反凱基98購01,0,0,0,0,0,0,0,0,0,72000,0,0,0,73000,1000,72000,72000
05371P,臺股指中信95售10,0,0,0,0,0,0,0,0,0,72000,0,0,0,72000,0,72000,72000
054345,世芯國票96購02  ,0,0,0,0,0,0,0,0,0,72000,0,0,0,103000,31000,72000,72000
04230P,臺股指中信95售06,0,0,0,0,0,0,0,0,0,72000,0,0,0,72000,0,72000,72000
046026,友訊元大92購01  ,0,0,0,0,0,0,0,0,0,72000,0,0,0,102000,30000,72000,72000
05921P,同欣電元大96售06,0,0,0,0,0,0,0,0,0,72000,0,0,0,250000,178000,72000,72000
04670P,臺股指國票94售09,0,0,0,0,0,0,0,0,0,71000,0,0,0,936000,865000,71000,71000
1809,中釉            ,127000,61000,66000,0,0,0,0,0,0,5000,5000,0,5000,0,0,0,71000
3008,大立光          ,713084,594630,118454,0,0,0,1000,15000,-14000,-34000,9000,34000,-25000,2000,11000,-9000,70454
054180,亞泥康和96購01  ,0,0,0,0,0,0,0,0,0,70000,0,0,0,70000,0,70000,70000
05775P,台積電國泰98售02,0,0,0,0,0,0,0,0,0,70000,0,0,0,98000,28000,70000,70000
055174,精元統一97購01  ,0,0,0,0,0,0,0,0,0,70000,0,0,0,70000,0,70000,70000
05538P,玉晶光國票97售02,0,0,0,0,0,0,0,0,0,70000,0,0,0,75000,5000,70000,70000
055504,貿聯元大98購04  ,0,0,0,0,0,0,0,0,0,70000,0,0,0,120000,50000,70000,70000
043023,康普元大94購01  ,0,0,0,0,0,0,0,0,0,70000,0,0,0,70000,0,70000,70000
045044,台積電凱基92購01,0,0,0,0,0,0,0,0,0,70000,0,0,0,70000,0,70000,70000
044534,南亞科麥證92購01,0,0,0,80000,10000,70000,0,0,0,70000,0,0,0,80000,10000,70000,70000
046933,台泥元富93購01  ,0,0,0,0,0,0,0,0,0,70000,0,0,0,100000,30000,70000,70000
048232,GIS凱基93購07   ,0,0,0,0,0,0,0,0,0,70000,0,0,0,70000,0,70000,70000
04737P,正崴永豐94售02  ,0,0,0,0,0,0,0,0,0,70000,0,0,0,70000,0,70000,70000
05343P,臺股指統一95售03,0,0,0,0,0,0,0,0,0,70000,0,0,0,70000,0,70000,70000
05317P,臺股指永昌95售02,0,0,0,0,0,0,0,0,0,70000,0,0,0,70000,0,70000,70000
05266P,華新科元大95售11,0,0,0,0,0,0,0,0,0,70000,0,0,0,70000,0,70000,70000
052290,鴻海元富97購01  ,0,0,0,0,0,0,0,0,0,70000,0,0,0,80000,10000,70000,70000
051654,致新永豐95購01  ,0,0,0,0,0,0,0,0,0,70000,0,0,0,70000,0,70000,70000
051232,貿聯群益95購02  ,0,0,0,0,0,0,0,0,0,70000,0,0,0,70000,0,70000,70000
051408,台積電國票95購03,0,0,0,0,0,0,0,0,0,70000,0,0,0,80000,10000,70000,70000
05840P,臺股指富邦96售07,0,0,0,0,0,0,0,0,0,70000,0,0,0,80000,10000,70000,70000
06129P,玉晶光元富97售06,0,0,0,0,0,0,0,0,0,70000,0,0,0,92000,22000,70000,70000
1337,再生-KY         ,143002,73000,70002,0,0,0,0,0,0,-1000,0,1000,-1000,0,0,0,69002
055192,世芯元富97購01  ,0,0,0,0,0,0,0,0,0,69000,0,0,0,69000,0,69000,69000
053003,國巨永豐96購02  ,0,0,0,0,0,0,0,0,0,69000,0,0,0,109000,40000,69000,69000
05823P,臺股指凱基96售20,0,0,0,0,0,0,0,0,0,69000,0,0,0,75000,6000,69000,69000
046663,亞光元大93購02  ,0,0,0,0,0,0,0,0,0,68000,0,0,0,68000,0,68000,68000
053371,滬深2X元大99購01,0,0,0,0,0,0,0,0,0,68000,0,0,0,75000,7000,68000,68000
052610,貿聯元大97購01  ,0,0,0,0,0,0,0,0,0,68000,0,0,0,110000,42000,68000,68000
051790,貿聯國票95購03  ,0,0,0,0,0,0,0,0,0,68000,0,0,0,110000,42000,68000,68000
05784P,臺股指元大96售18,1000,0,1000,0,0,0,0,0,0,66000,0,0,0,76000,10000,66000,67000
053574,奇力新元富99購01,0,0,0,0,0,0,0,0,0,67000,0,0,0,112000,45000,67000,67000
043671,GIS元大93購03   ,0,0,0,0,0,0,0,0,0,67000,0,0,0,67000,0,67000,67000
00646,元大S&P500      ,0,6000,-6000,0,0,0,0,0,0,73000,0,0,0,245000,172000,73000,67000
045400,康友富邦93購01  ,0,0,0,0,0,0,0,0,0,67000,0,0,0,67000,0,67000,67000
048184,達運群益93購01  ,0,0,0,0,0,0,0,0,0,67000,0,0,0,67000,0,67000,67000
051283,亞德客統一95購01,0,1000,-1000,0,0,0,0,0,0,68000,0,0,0,126000,58000,68000,67000
05877P,大立光群益96售06,0,0,0,0,0,0,0,0,0,67000,0,0,0,107000,40000,67000,67000
1720,生達            ,211000,144000,67000,0,0,0,0,0,0,0,1000,1000,0,0,0,0,67000
055168,光罩統一98購01  ,0,0,0,0,0,0,0,0,0,66000,0,0,0,99000,33000,66000,66000
03017X,元展17          ,0,0,0,0,0,0,0,0,0,66000,0,0,0,66000,0,66000,66000
052601,大成鋼元大96購01,0,0,0,0,0,0,0,0,0,66000,0,0,0,108000,42000,66000,66000
6192,巨路            ,194000,128000,66000,0,0,0,0,0,0,0,0,0,0,0,0,0,66000
055170,光磊統一97購01  ,0,0,0,0,0,0,0,0,0,65000,0,0,0,75000,10000,65000,65000
055072,康友永豐97購02  ,0,0,0,0,0,0,0,0,0,65000,0,0,0,90000,25000,65000,65000
05411P,台積電國票96售08,0,0,0,0,0,0,0,0,0,65000,0,0,0,65000,0,65000,65000
044429,元金2X元大94購04,0,0,0,0,0,0,0,0,0,65000,0,0,0,75000,10000,65000,65000
048161,旺宏麥證94購01  ,0,0,0,76000,11000,65000,0,0,0,65000,0,0,0,76000,11000,65000,65000
048331,臺指反富邦97購01,0,0,0,0,0,0,0,0,0,65000,0,0,0,525000,460000,65000,65000
04812P,國巨元大95售03  ,0,0,0,0,0,0,0,0,0,65000,0,0,0,65000,0,65000,65000
048061,鴻海統一95購03  ,0,0,0,0,0,0,0,0,0,65000,0,0,0,95000,30000,65000,65000
050051,智原群益94購01  ,0,0,0,0,0,0,0,0,0,65000,0,0,0,65000,0,65000,65000
051279,喬山兆豐96購01  ,0,0,0,0,0,0,0,0,0,65000,0,0,0,175000,110000,65000,65000
051903,T50反1元大97購02,0,0,0,0,0,0,0,0,0,65000,0,0,0,65000,0,65000,65000
052116,T50反1國票97購01,0,0,0,0,0,0,0,0,0,65000,0,0,0,65000,0,65000,65000
054429,中石化台新97購01,0,0,0,0,0,0,0,0,0,64000,0,0,0,138000,74000,64000,64000
050176,正崴元大94購03  ,0,0,0,0,0,0,0,0,0,64000,0,0,0,64000,0,64000,64000
052746,泰碩元大97購01  ,0,0,0,0,0,0,0,0,0,64000,0,0,0,64000,0,64000,64000
06139P,台積電中信99售02,0,0,0,0,0,0,0,0,0,64000,0,0,0,100000,36000,64000,64000
049690,義隆元大95購02  ,0,0,0,0,0,0,0,0,0,63000,0,0,0,73000,10000,63000,63000
08852P,台灣50台新01售01,0,0,0,0,0,0,0,0,0,63000,0,0,0,63000,0,63000,63000
054665,華通元富97購02  ,0,0,0,0,0,0,0,0,0,62000,0,0,0,154000,92000,62000,62000
054989,精元元富97購01  ,0,0,0,0,0,0,0,0,0,62000,0,0,0,62000,0,62000,62000
05698P,群創凱基96售01  ,0,0,0,0,0,0,0,0,0,62000,0,0,0,99000,37000,62000,62000
045223,潤泰全元大93購01,0,0,0,0,0,0,0,0,0,62000,0,0,0,62000,0,62000,62000
03498P,矽創凱基02售02  ,0,0,0,0,0,0,0,0,0,62000,0,0,0,102000,40000,62000,62000
03267P,台灣50元大02售06,0,0,0,0,0,0,0,0,0,62000,0,0,0,380000,318000,62000,62000
052369,矽力國票96購02  ,0,0,0,0,0,0,0,0,0,62000,0,0,0,72000,10000,62000,62000
053468,鴻海元大98購01  ,0,0,0,0,0,0,0,0,0,62000,0,0,0,159000,97000,62000,62000
051985,智邦元大95購05  ,0,0,0,0,0,0,0,0,0,62000,0,0,0,87000,25000,62000,62000
1592,英瑞-KY         ,105000,43000,62000,0,0,0,0,0,0,0,0,0,0,0,0,0,62000
05628P,茂林國票97售02  ,0,0,0,0,0,0,0,0,0,61000,0,0,0,93000,32000,61000,61000
044683,聯鈞凱基93購01  ,0,0,0,0,0,0,0,0,0,61000,0,0,0,109000,48000,61000,61000
04414P,牧德元富94售04  ,0,0,0,0,0,0,0,0,0,61000,0,0,0,70000,9000,61000,61000
049055,聯詠永豐94購01  ,0,0,0,0,0,0,0,0,0,61000,0,0,0,133000,72000,61000,61000
06075P,智邦凱基97售02  ,0,0,0,0,0,0,0,0,0,61000,0,0,0,76000,15000,61000,61000
05934P,國巨凱基96售13  ,0,0,0,0,0,0,0,0,0,61000,0,0,0,63000,2000,61000,61000
055514,亞光麥證97購01  ,0,0,0,60000,0,60000,0,0,0,60000,0,0,0,60000,0,60000,60000
046139,京元電統一92購04,0,0,0,0,0,0,0,0,0,60000,0,0,0,100000,40000,60000,60000
044299,南電凱基93購02  ,0,0,0,0,0,0,0,0,0,60000,0,0,0,60000,0,60000,60000
046393,瀚宇博元富92購01,0,0,0,0,0,0,0,0,0,60000,0,0,0,60000,0,60000,60000
04666P,臺股指國票94售05,0,0,0,0,0,0,0,0,0,60000,0,0,0,60000,0,60000,60000
045984,亞光麥證93購02  ,0,0,0,60000,0,60000,0,0,0,60000,0,0,0,60000,0,60000,60000
048313,南亞科凱基93購06,0,0,0,0,0,0,0,0,0,60000,0,0,0,100000,40000,60000,60000
048386,華新國票94購01  ,0,0,0,0,0,0,0,0,0,60000,0,0,0,100000,40000,60000,60000
047342,T50反1中信99購01,0,0,0,0,0,0,0,0,0,60000,0,0,0,60000,0,60000,60000
04788P,台積電永昌96售05,0,0,0,0,0,0,0,0,0,60000,0,0,0,60000,0,60000,60000
048577,GIS國泰94購01   ,0,0,0,0,0,0,0,0,0,60000,0,0,0,70000,10000,60000,60000
05018P,臺股指元大95售09,0,0,0,0,0,0,0,0,0,60000,0,0,0,60000,0,60000,60000
047578,新光金群益93購01,0,0,0,0,0,0,0,0,0,60000,0,0,0,180000,120000,60000,60000
051897,台光電國泰97購01,0,0,0,0,0,0,0,0,0,60000,0,0,0,130000,70000,60000,60000
051594,和碩元大96購01  ,0,0,0,0,0,0,0,0,0,60000,0,0,0,60000,0,60000,60000
051355,聯發科元大96購01,0,0,0,0,0,0,0,0,0,60000,0,0,0,76000,16000,60000,60000
051023,S&P反1統一95購02,0,0,0,0,0,0,0,0,0,60000,0,0,0,60000,0,60000,60000
053398,和鑫中信99購01  ,0,0,0,0,0,0,0,0,0,60000,0,0,0,60000,0,60000,60000
052841,群創富邦96購02  ,0,0,0,0,0,0,0,0,0,60000,0,0,0,74000,14000,60000,60000
05479P,華新科台新96售01,0,0,0,0,0,0,0,0,0,59000,0,0,0,99000,40000,59000,59000
04035P,全新群益93售03  ,0,0,0,0,0,0,0,0,0,59000,0,0,0,70000,11000,59000,59000
052445,南亞科元大95購05,0,0,0,0,0,0,0,0,0,59000,0,0,0,59000,0,59000,59000
050780,台表科元大96購01,0,0,0,0,0,0,0,0,0,59000,0,0,0,59000,0,59000,59000
051508,元黃金中信97購01,0,0,0,0,0,0,0,0,0,59000,0,0,0,59000,0,59000,59000
051528,亞泥國票96購01  ,0,0,0,0,0,0,0,0,0,59000,0,0,0,59000,0,59000,59000
055107,旺宏凱基98購04  ,0,0,0,0,0,0,0,0,0,58000,0,0,0,105000,47000,58000,58000
047937,元金2X國票97購02,0,0,0,0,0,0,0,0,0,58000,0,0,0,58000,0,58000,58000
047380,統一元大93購01  ,0,0,0,0,0,0,0,0,0,58000,0,0,0,89000,31000,58000,58000
05986P,大立光統一97售03,0,0,0,0,0,0,0,0,0,58000,0,0,0,135000,77000,58000,58000
05718P,國巨元大96售09  ,0,0,0,0,0,0,0,0,0,57000,0,0,0,72000,15000,57000,57000
00866,新光Shiller CAPE,0,0,0,0,0,0,0,0,0,57000,0,0,0,57000,0,57000,57000
045094,樺漢元大92購01  ,0,0,0,0,0,0,0,0,0,57000,0,0,0,57000,0,57000,57000
049041,和鑫兆豐94購01  ,0,0,0,0,0,0,0,0,0,57000,0,0,0,60000,3000,57000,57000
04805P,創意元富94售01  ,0,0,0,0,0,0,0,0,0,57000,0,0,0,57000,0,57000,57000
051566,鴻海富邦95購05  ,0,0,0,0,0,0,0,0,0,57000,0,0,0,70000,13000,57000,57000
052772,台虹群益96購01  ,0,0,0,0,0,0,0,0,0,57000,0,0,0,97000,40000,57000,57000
2887E,台新戊特        ,0,0,0,0,0,0,0,0,0,57000,55000,0,55000,2000,0,2000,57000
4976,佳凌            ,149000,95000,54000,0,0,0,0,0,0,3000,3000,0,3000,0,0,0,57000
054694,聯鈞永豐97購01  ,0,0,0,0,0,0,0,0,0,56000,0,0,0,90000,34000,56000,56000
046486,樺漢國泰94購01  ,0,0,0,0,0,0,0,0,0,56000,0,0,0,80000,24000,56000,56000
045645,祥碩凱基93購03  ,0,0,0,0,0,0,0,0,0,56000,0,0,0,56000,0,56000,56000
04956P,臺股指日盛94售02,0,0,0,0,0,0,0,0,0,56000,0,0,0,80000,24000,56000,56000
03626P,可成兆豐93售03  ,0,0,0,0,0,0,0,0,0,56000,0,0,0,140000,84000,56000,56000
04203P,超眾元大93售04  ,0,0,0,0,0,0,0,0,0,56000,0,0,0,61000,5000,56000,56000
047798,臺股指群益93購09,0,0,0,0,0,0,0,0,0,56000,0,0,0,107000,51000,56000,56000
05052P,友達群益97售01  ,0,0,0,0,0,0,0,0,0,56000,0,0,0,56000,0,56000,56000
052670,茂林群益96購02  ,0,0,0,0,0,0,0,0,0,56000,0,0,0,80000,24000,56000,56000
9934,成霖            ,180000,146000,34000,0,0,0,0,0,0,22000,23000,1000,22000,0,0,0,56000
05493P,華新科富邦99售02,0,0,0,0,0,0,0,0,0,55000,0,0,0,255000,200000,55000,55000
043524,亞光元大92購01  ,0,0,0,0,0,0,0,0,0,55000,0,0,0,55000,0,55000,55000
04253P,聯發科元富93售01,0,0,0,0,0,0,0,0,0,55000,0,0,0,55000,0,55000,55000
04100P,臺股指國票93售07,0,0,0,0,0,0,0,0,0,55000,0,0,0,320000,265000,55000,55000
04412P,欣興元富94售01  ,0,0,0,0,0,0,0,0,0,55000,0,0,0,55000,0,55000,55000
04419P,奇力新永豐94售01,0,0,0,0,0,0,0,0,0,55000,0,0,0,55000,0,55000,55000
04467P,元油2X元大94售03,0,0,0,0,0,0,0,0,0,55000,0,0,0,55000,0,55000,55000
052004,泰碩國泰97購03  ,0,0,0,0,0,0,0,0,0,55000,0,0,0,55000,0,55000,55000
05081P,京鼎永豐95售01  ,0,0,0,0,0,0,0,0,0,55000,0,0,0,55000,0,55000,55000
2704,國賓            ,139000,84000,55000,0,0,0,0,0,0,0,2000,2000,0,0,0,0,55000
05838P,臺股指富邦96售05,0,0,0,0,0,0,0,0,0,55000,0,0,0,56000,1000,55000,55000
06196P,元上證元大97售01,0,0,0,0,0,0,0,0,0,55000,0,0,0,280000,225000,55000,55000
054883,億光統一97購01  ,0,0,0,0,0,0,0,0,0,54000,0,0,0,63000,9000,54000,54000
03912P,臺股指元大93售36,0,0,0,0,0,0,0,0,0,54000,0,0,0,54000,0,54000,54000
047443,智原元大94購01  ,0,0,0,0,0,0,0,0,0,54000,0,0,0,54000,0,54000,54000
053389,彩晶元大98購01  ,0,0,0,0,0,0,0,0,0,54000,0,0,0,67000,13000,54000,54000
5203,訊連            ,171000,109483,61517,0,0,0,0,0,0,-8000,0,0,0,0,8000,-8000,53517
055886,上銀統一97購02  ,0,0,0,0,0,0,0,0,0,53000,0,0,0,67000,14000,53000,53000
04413P,玉晶光元富94售01,0,0,0,0,0,0,0,0,0,53000,0,0,0,55000,2000,53000,53000
049538,元油2X群益98購01,0,0,0,0,0,0,0,0,0,53000,0,0,0,61000,8000,53000,53000
04590P,元石油元大97售01,0,0,0,0,0,0,0,0,0,53000,0,0,0,3551000,3498000,53000,53000
050203,美律群益94購04  ,0,0,0,0,0,0,0,0,0,53000,0,0,0,63000,10000,53000,53000
049759,元黃金富邦9A購01,0,0,0,0,0,0,0,0,0,53000,0,0,0,63000,10000,53000,53000
051346,仁寶元大95購01  ,0,0,0,0,0,0,0,0,0,53000,0,0,0,111000,58000,53000,53000
05169P,玉晶光元大95售03,0,0,0,0,0,0,0,0,0,53000,0,0,0,55000,2000,53000,53000
6165,捷泰            ,124000,72000,52000,0,0,0,0,0,0,1000,1000,0,1000,0,0,0,53000
5269,祥碩            ,407000,391500,15500,0,0,0,283000,234000,49000,-12000,40000,46000,-6000,1000,7000,-6000,52500
2912,統一超          ,1953635,1867286,86349,0,0,0,17000,58000,-41000,7000,7000,3000,4000,3000,0,3000,52349
05765P,臺股指永豐96售01,0,0,0,0,0,0,0,0,0,52000,0,0,0,52000,0,52000,52000
05815P,台積電凱基97售06,0,0,0,0,0,0,0,0,0,52000,0,0,0,102000,50000,52000,52000
054933,南港元大97購01  ,0,0,0,0,0,0,0,0,0,52000,0,0,0,84000,32000,52000,52000
054235,欣興群益96購06  ,0,0,0,0,0,0,0,0,0,52000,0,0,0,150000,98000,52000,52000
046700,台郡凱基93購02  ,0,0,0,0,0,0,0,0,0,52000,0,0,0,62000,10000,52000,52000
047885,元金2X富邦99購01,0,0,0,0,0,0,0,0,0,52000,0,0,0,162000,110000,52000,52000
049793,為升元大94購04  ,0,0,0,0,0,0,0,0,0,52000,0,0,0,52000,0,52000,52000
050710,元黃金中信96購01,0,0,0,0,0,0,0,0,0,52000,0,0,0,82000,30000,52000,52000
2748,雲品            ,117000,60000,57000,0,0,0,0,5000,-5000,0,0,0,0,0,0,0,52000
2420,新巨            ,72000,19000,53000,0,0,0,0,0,0,-1000,0,1000,-1000,0,0,0,52000
05999P,世芯元大96售01  ,0,0,0,0,0,0,0,0,0,52000,0,0,0,52000,0,52000,52000
5531,鄉林            ,127000,87000,40000,0,0,0,0,0,0,12000,12000,0,12000,0,0,0,52000
05452P,亞德客群益95售02,0,0,0,0,0,0,0,0,0,51000,0,0,0,62000,11000,51000,51000
055883,樺漢元富97購01  ,0,0,0,0,0,0,0,0,0,51000,0,0,0,51000,0,51000,51000
055021,亞德客國泰98購01,0,0,0,0,0,0,0,0,0,51000,0,0,0,188000,137000,51000,51000
055141,牧德永豐98購02  ,0,0,0,0,0,0,0,0,0,51000,0,0,0,61000,10000,51000,51000
044985,聯茂國票92購01  ,0,0,0,0,0,0,0,0,0,51000,0,0,0,51000,0,51000,51000
04915P,鴻海永昌96售02  ,0,0,0,0,0,0,0,0,0,51000,0,0,0,890000,839000,51000,51000
049144,瑞昱元大94購03  ,0,0,0,0,0,0,0,0,0,51000,0,0,0,51000,0,51000,51000
049923,智原元大95購02  ,0,0,0,0,0,0,0,0,0,51000,0,0,0,51000,0,51000,51000
05118P,超眾元大96售04  ,0,0,0,0,0,0,0,0,0,51000,0,0,0,82000,31000,51000,51000
06013P,世芯國泰97售03  ,0,0,0,0,0,0,0,0,0,51000,0,0,0,71000,20000,51000,51000
06106P,國巨群益97售02  ,0,0,0,0,0,0,0,0,0,51000,0,0,0,66000,15000,51000,51000
055541,聚陽凱基98購01  ,0,0,0,0,0,0,0,0,0,50000,0,0,0,50000,0,50000,50000
055759,技嘉群益98購02  ,0,0,0,0,0,0,0,0,0,50000,0,0,0,50000,0,50000,50000
044330,T50反1統一93購01,0,0,0,0,0,0,0,0,0,50000,0,0,0,50000,0,50000,50000
045227,致伸元大93購01  ,0,0,0,0,0,0,0,0,0,50000,0,0,0,50000,0,50000,50000
046754,技嘉凱基93購05  ,0,0,0,0,0,0,0,0,0,50000,0,0,0,50000,0,50000,50000
03883P,鴻海元大93售11  ,0,0,0,0,0,0,0,0,0,50000,0,0,0,50000,0,50000,50000
043605,創意元大93購01  ,0,0,0,0,0,0,0,0,0,50000,0,0,0,50000,0,50000,50000
03992P,臺股指統一93售06,0,0,0,0,0,0,0,0,0,50000,0,0,0,50000,0,50000,50000
03516P,臺股指國票02售05,0,0,0,0,0,0,0,0,0,50000,0,0,0,50000,0,50000,50000
03546P,欣興群益02售12  ,0,0,0,0,0,0,0,0,0,50000,0,0,0,50000,0,50000,50000
03751P,旺宏富邦95售01  ,0,0,0,0,0,0,0,0,0,50000,0,0,0,150000,100000,50000,50000
03811P,鴻海群益93售06  ,0,0,0,0,0,0,0,0,0,50000,0,0,0,50000,0,50000,50000
03072P,台積電國泰03售04,0,0,0,0,0,0,0,0,0,50000,0,0,0,50000,0,50000,50000
03092P,臺股指元大01售21,0,0,0,0,0,0,0,0,0,50000,0,0,0,50000,0,50000,50000
049663,正崴永豐94購01  ,0,0,0,0,0,0,0,0,0,50000,0,0,0,50000,0,50000,50000
046912,巨大凱基93購02  ,0,0,0,0,0,0,0,0,0,50000,0,0,0,50000,0,50000,50000
05017P,臺股指元大95售08,0,0,0,0,0,0,0,0,0,50000,0,0,0,50000,0,50000,50000
050171,臺指反元大97購03,0,0,0,0,0,0,0,0,0,50000,0,0,0,50000,0,50000,50000
047777,寶成元大93購01  ,0,0,0,0,0,0,0,0,0,50000,0,0,0,100000,50000,50000,50000
048382,T50反1國票96購01,0,0,0,0,0,0,0,0,0,50000,0,0,0,50000,0,50000,50000
048189,臺指反元大96購06,0,0,0,0,0,0,0,0,0,50000,0,0,0,50000,0,50000,50000
051097,嘉聯益元大96購02,0,0,0,0,0,0,0,0,0,50000,0,0,0,50000,0,50000,50000
051264,道瓊反富邦97購01,0,0,0,0,0,0,0,0,0,50000,0,0,0,150000,100000,50000,50000
051048,臺指反群益96購01,0,0,0,0,0,0,0,0,0,50000,0,0,0,50000,0,50000,50000
051895,聯茂元富95購02  ,0,0,0,0,0,0,0,0,0,50000,0,0,0,50000,0,50000,50000
051916,和碩元大95購02  ,0,0,0,0,0,0,0,0,0,50000,0,0,0,77000,27000,50000,50000
053438,玉晶光麥證97購02,0,0,0,101000,51000,50000,0,0,0,50000,0,0,0,101000,51000,50000,50000
052530,台郡元大96購04  ,0,0,0,0,0,0,0,0,0,50000,0,0,0,81000,31000,50000,50000
052368,力成國票96購01  ,0,0,0,0,0,0,0,0,0,50000,0,0,0,50000,0,50000,50000
05824P,臺股指凱基96售21,0,0,0,0,0,0,0,0,0,50000,0,0,0,50000,0,50000,50000
05830P,滬深2X元富99售03,0,0,0,0,0,0,0,0,0,50000,0,0,0,50000,0,50000,50000
053647,臺股指國票96購10,0,0,0,0,0,0,0,0,0,49000,0,0,0,49000,0,49000,49000
043641,深中小國票94購01,0,0,0,0,0,0,0,0,0,49000,0,0,0,50000,1000,49000,49000
04391P,玉晶光凱基95售03,0,0,0,0,0,0,0,0,0,49000,0,0,0,49000,0,49000,49000
04913P,聯詠元富94售02  ,0,0,0,0,0,0,0,0,0,49000,0,0,0,50000,1000,49000,49000
050516,華通元大95購05  ,0,0,0,0,0,0,0,0,0,49000,0,0,0,60000,11000,49000,49000
05050P,華通群益96售02  ,0,0,0,0,0,0,0,0,0,49000,0,0,0,60000,11000,49000,49000
052377,景碩元大96購02  ,0,0,0,0,0,0,0,0,0,49000,0,0,0,61000,12000,49000,49000
053488,中石化兆豐97購01,0,0,0,0,0,0,0,0,0,49000,0,0,0,122000,73000,49000,49000
00678,群益NBI生技     ,0,0,0,0,0,0,0,0,0,48500,0,0,0,49000,500,48500,48500
054510,S&P反1元大98購01,0,0,0,0,0,0,0,0,0,48000,0,0,0,148000,100000,48000,48000
055961,國泰金元大97購01,0,0,0,0,0,0,0,0,0,48000,0,0,0,50000,2000,48000,48000
03416B,臺股指凱基95熊05,0,0,0,0,0,0,0,0,0,48000,0,0,0,117000,69000,48000,48000
047049,聯發科國票94購01,0,0,0,0,0,0,0,0,0,48000,0,0,0,50000,2000,48000,48000
052673,T50反1國泰97購01,0,0,0,0,0,0,0,0,0,48000,0,0,0,298000,250000,48000,48000
1718,中纖            ,1337000,1289000,48000,0,0,0,0,0,0,0,0,0,0,0,0,0,48000
910861,神州-DR         ,48000,0,48000,0,0,0,0,0,0,0,0,0,0,0,0,0,48000
054945,正崴元大97購01  ,0,0,0,0,0,0,0,0,0,47000,0,0,0,47000,0,47000,47000
04939P,國巨國票95售03  ,0,0,0,0,0,0,0,0,0,47000,0,0,0,100000,53000,47000,47000
048476,同欣電永豐93購01,0,0,0,0,0,0,0,0,0,47000,0,0,0,47000,0,47000,47000
051991,泰碩元大95購02  ,0,0,0,0,0,0,0,0,0,47000,0,0,0,73000,26000,47000,47000
051246,美律元大96購01  ,0,0,0,0,0,0,0,0,0,47000,0,0,0,47000,0,47000,47000
051137,聯詠永豐95購01  ,0,0,0,0,0,0,0,0,0,47000,0,0,0,50000,3000,47000,47000
051446,中壽元大96購01  ,0,0,0,0,0,0,0,0,0,47000,0,0,0,80000,33000,47000,47000
6209,今國光          ,261000,219000,42000,0,0,0,0,0,0,5000,7000,2000,5000,0,0,0,47000
2444,兆勁            ,100000,53000,47000,0,0,0,0,0,0,0,0,0,0,0,0,0,47000
3047,訊舟            ,369000,323000,46000,0,0,0,0,0,0,1000,2000,1000,1000,0,0,0,47000
054946,億光元大97購01  ,0,0,0,0,0,0,0,0,0,46000,0,0,0,61000,15000,46000,46000
055120,南港兆豐97購01  ,0,0,0,0,0,0,0,0,0,46000,0,0,0,81000,35000,46000,46000
053530,聯發科康和96購01,0,0,0,0,0,0,0,0,0,46000,0,0,0,50000,4000,46000,46000
4564,元翎            ,323000,274000,49000,0,0,0,0,0,0,-3000,1000,1000,0,0,3000,-3000,46000
6591,動力-KY         ,54000,8000,46000,0,0,0,0,0,0,0,0,0,0,0,0,0,46000
054577,世芯元大98購01  ,0,0,0,0,0,0,0,0,0,45000,0,0,0,137000,92000,45000,45000
054223,大立光統一98購04,0,0,0,0,0,0,0,0,0,45000,0,0,0,45000,0,45000,45000
04846P,旺宏凱基94售07  ,0,0,0,0,0,0,0,0,0,45000,0,0,0,47000,2000,45000,45000
04979P,臺股指凱基96售07,0,0,0,0,0,0,0,0,0,45000,0,0,0,50000,5000,45000,45000
050268,智原元大95購03  ,0,0,0,0,0,0,0,0,0,45000,0,0,0,45000,0,45000,45000
047023,聯發科元大93購08,0,0,0,0,0,0,0,0,0,45000,0,0,0,45000,0,45000,45000
051429,智邦元富95購01  ,0,0,0,0,0,0,0,0,0,45000,0,0,0,60000,15000,45000,45000
050924,京元電凱基95購02,0,0,0,0,0,0,0,0,0,45000,0,0,0,45000,0,45000,45000
05200P,臺股指永豐95售03,0,0,0,0,0,0,0,0,0,45000,0,0,0,50000,5000,45000,45000
05879P,台積電台新96售03,0,0,0,0,0,0,0,0,0,45000,0,0,0,45000,0,45000,45000
054679,台積電康和99購01,0,0,0,0,0,0,0,0,0,44000,0,0,0,70000,26000,44000,44000
05796P,臺股指群益96售10,0,0,0,0,0,0,0,0,0,44000,0,0,0,44000,0,44000,44000
049442,滬深2X統一99購01,0,0,0,0,0,0,0,0,0,44000,0,0,0,62000,18000,44000,44000
03984P,上銀群益93售05  ,0,0,0,0,0,0,0,0,0,44000,0,0,0,94000,50000,44000,44000
051670,欣興元大95購06  ,0,0,0,0,0,0,0,0,0,44000,0,0,0,65000,21000,44000,44000
051522,玉晶光凱基95購05,0,0,0,0,0,0,0,0,0,44000,0,0,0,79000,35000,44000,44000
051113,聯電元富95購01  ,0,0,0,0,0,0,0,0,0,44000,0,0,0,249000,205000,44000,44000
052822,泰碩永豐97購01  ,0,0,0,0,0,0,0,0,0,44000,0,0,0,44000,0,44000,44000
052405,聯茂凱基95購01  ,0,0,0,0,0,0,0,0,0,44000,0,0,0,52000,8000,44000,44000
052449,創意元大95購04  ,0,0,0,0,0,0,0,0,0,44000,0,0,0,60000,16000,44000,44000
8110,華東            ,438000,418000,20000,0,0,0,0,0,0,24000,49000,25000,24000,0,0,0,44000
1210,大成            ,1247000,984546,262454,0,0,0,2000,207000,-205000,-14000,61000,75000,-14000,0,0,0,43454
05686P,臺股指元大96售11,0,0,0,0,0,0,0,0,0,43000,0,0,0,93000,50000,43000,43000
054659,亞光元大97購02  ,0,0,0,0,0,0,0,0,0,43000,0,0,0,67000,24000,43000,43000
053591,大立光元大99購03,0,0,0,0,0,0,0,0,0,43000,0,0,0,60000,17000,43000,43000
04475P,欣興元大94售03  ,0,0,0,0,0,0,0,0,0,43000,0,0,0,53000,10000,43000,43000
03639P,祥碩凱基93售05  ,0,0,0,0,0,0,0,0,0,43000,0,0,0,43000,0,43000,43000
046390,旺宏統一94購02  ,0,0,0,0,0,0,0,0,0,43000,0,0,0,53000,10000,43000,43000
047912,台郡麥證94購01  ,0,0,0,43000,0,43000,0,0,0,43000,0,0,0,43000,0,43000,43000
050137,臺指反國票96購01,0,0,0,0,0,0,0,0,0,43000,0,0,0,43000,0,43000,43000
049384,致伸元大94購02  ,0,0,0,0,0,0,0,0,0,43000,0,0,0,47000,4000,43000,43000
048894,光罩國泰94購01  ,0,0,0,0,0,0,0,0,0,43000,0,0,0,155000,112000,43000,43000
050530,台表科元大95購04,0,0,0,0,0,0,0,0,0,43000,0,0,0,43000,0,43000,43000
051101,台表科元大96購02,0,0,0,0,0,0,0,0,0,43000,0,0,0,73000,30000,43000,43000
3062,建漢            ,170000,127000,43000,0,0,0,0,0,0,0,3000,3000,0,0,0,0,43000
054327,亞光台新96購02  ,0,0,0,0,0,0,0,0,0,42000,0,0,0,52000,10000,42000,42000
05798P,臺股指群益96售12,0,0,0,0,0,0,0,0,0,42000,0,0,0,80000,38000,42000,42000
04948P,瑞儀元大94售03  ,0,0,0,0,0,0,0,0,0,42000,0,0,0,72000,30000,42000,42000
050354,瀚宇博群益94購02,0,0,0,0,0,0,0,0,0,42000,0,0,0,42000,0,42000,42000
048815,川湖凱基94購01  ,0,0,0,0,0,0,0,0,0,42000,0,0,0,42000,0,42000,42000
048643,強茂元大94購01  ,0,0,0,0,0,0,0,0,0,42000,0,0,0,42000,0,42000,42000
050081,聯發科統一94購07,0,0,0,0,0,0,0,0,0,42000,0,0,0,75000,33000,42000,42000
05073P,臺股指中信95售09,0,0,0,0,0,0,0,0,0,42000,0,0,0,43000,1000,42000,42000
05987P,健策統一96售02  ,0,0,0,0,0,0,0,0,0,42000,0,0,0,42000,0,42000,42000
6142,友勁            ,25000,3000,22000,0,0,0,0,0,0,20000,20000,0,20000,0,0,0,42000
054981,國巨元富97購02  ,0,0,0,0,0,0,0,0,0,41000,0,0,0,62000,21000,41000,41000
055290,玉晶光元大98購08,0,0,0,0,0,0,0,0,0,41000,0,0,0,66000,25000,41000,41000
054900,金寶康和97購01  ,0,0,0,0,0,0,0,0,0,41000,0,0,0,51000,10000,41000,41000
053730,樺漢凱基98購01  ,0,0,0,0,0,0,0,0,0,41000,0,0,0,51000,10000,41000,41000
04410P,大立光統一94售05,0,0,0,0,0,0,0,0,0,41000,0,0,0,60000,19000,41000,41000
03873P,智伸科群益93售03,0,0,0,0,0,0,0,0,0,41000,0,0,0,52000,11000,41000,41000
04163P,可成統一93售03  ,0,0,0,0,0,0,0,0,0,41000,0,0,0,41000,0,41000,41000
049381,欣興元大94購05  ,0,0,0,0,0,0,0,0,0,41000,0,0,0,111000,70000,41000,41000
050909,華夏中信95購01  ,0,0,0,0,0,0,0,0,0,41000,0,0,0,41000,0,41000,41000
052406,力成凱基95購03  ,0,0,0,0,0,0,0,0,0,41000,0,0,0,71000,30000,41000,41000
053274,旺宏元大98購03  ,0,0,0,0,0,0,0,0,0,41000,0,0,0,57000,16000,41000,41000
052952,矽創國票97購02  ,0,0,0,0,0,0,0,0,0,41000,0,0,0,41000,0,41000,41000
6541,泰福-KY         ,111000,71000,40000,0,0,0,0,0,0,1000,2000,1000,1000,0,0,0,41000
9941A,裕融甲特        ,0,0,0,0,0,0,0,0,0,41000,44000,3000,41000,0,0,0,41000
3031,佰鴻            ,176000,130000,46000,0,0,0,0,0,0,-5000,0,5000,-5000,0,0,0,41000
054236,貿聯群益96購01  ,0,0,0,0,0,0,0,0,0,40000,0,0,0,50000,10000,40000,40000
05415P,台積電台新95售04,0,0,0,0,0,0,0,0,0,40000,0,0,0,50000,10000,40000,40000
054762,奇力新國票99購01,0,0,0,0,0,0,0,0,0,40000,0,0,0,40000,0,40000,40000
054331,世芯永豐96購03  ,0,0,0,0,0,0,0,0,0,40000,0,0,0,44000,4000,40000,40000
054256,創意元大96購07  ,0,0,0,0,0,0,0,0,0,40000,0,0,0,40000,0,40000,40000
055200,和大群益98購01  ,0,0,0,0,0,0,0,0,0,40000,0,0,0,40000,0,40000,40000
056088,台郡統一97購02  ,0,0,0,0,0,0,0,0,0,40000,0,0,0,40000,0,40000,40000
055997,矽創國泰99購01  ,0,0,0,0,0,0,0,0,0,40000,0,0,0,40000,0,40000,40000
03859P,聯詠元富93售04  ,0,0,0,0,0,0,0,0,0,40000,0,0,0,40000,0,40000,40000
043647,台積電國票92購01,0,0,0,0,0,0,0,0,0,40000,0,0,0,40000,0,40000,40000
043879,貿聯元大92購01  ,0,0,0,0,0,0,0,0,0,40000,0,0,0,40000,0,40000,40000
03678P,欣興元大92售09  ,0,0,0,0,0,0,0,0,0,40000,0,0,0,40000,0,40000,40000
03016P,滬深2X群益01售09,100000,0,100000,0,0,0,0,0,0,-60000,0,0,0,50000,110000,-60000,40000
03841P,聯發科統一93售02,0,0,0,0,0,0,0,0,0,40000,0,0,0,120000,80000,40000,40000
03349P,台灣50麥證02售04,0,0,0,0,0,0,0,0,0,40000,0,0,0,40000,0,40000,40000
03240P,臺股指元大02售05,0,0,0,0,0,0,0,0,0,40000,0,0,0,40000,0,40000,40000
04284P,瀚宇博永豐93售01,0,0,0,0,0,0,0,0,0,40000,0,0,0,40000,0,40000,40000
045297,台積電元大93購04,0,0,0,0,0,0,0,0,0,40000,0,0,0,40000,0,40000,40000
044265,滬深2X中信95購05,0,0,0,0,0,0,0,0,0,40000,0,0,0,80000,40000,40000,40000
044280,T50反1凱基94購02,0,0,0,0,0,0,0,0,0,40000,0,0,0,40000,0,40000,40000
049330,元上證統一94購03,0,0,0,0,0,0,0,0,0,40000,0,0,0,40000,0,40000,40000
04633P,旺宏群益96售04  ,0,0,0,0,0,0,0,0,0,40000,0,0,0,40000,0,40000,40000
045855,緯穎富邦93購01  ,0,0,0,0,0,0,0,0,0,40000,0,0,0,40000,0,40000,40000
048890,傳奇元富97購01  ,0,0,0,0,0,0,0,0,0,40000,0,0,0,60000,20000,40000,40000
048914,川湖台新94購01  ,0,0,0,0,0,0,0,0,0,40000,0,0,0,50000,10000,40000,40000
047353,台郡凱基93購03  ,0,0,0,0,0,0,0,0,0,40000,0,0,0,40000,0,40000,40000
047312,聯發科元大93購13,0,0,0,0,0,0,0,0,0,40000,0,0,0,50000,10000,40000,40000
04757P,元油2X凱基94售04,0,0,0,0,0,0,0,0,0,40000,0,0,0,3160000,3120000,40000,40000
047814,宏達電凱基93購02,0,0,0,0,0,0,0,0,0,40000,0,0,0,100000,60000,40000,40000
05015P,臺股指元大95售06,0,0,0,0,0,0,0,0,0,40000,0,0,0,40000,0,40000,40000
048593,華新科群益93購04,0,0,0,0,0,0,0,0,0,40000,0,0,0,61000,21000,40000,40000
053552,華新科凱基96購08,0,0,0,0,0,0,0,0,0,40000,0,0,0,69000,29000,40000,40000
053445,可成凱基96購04  ,0,0,0,0,0,0,0,0,0,40000,0,0,0,40000,0,40000,40000
052486,元油反國票96購01,0,0,0,0,0,0,0,0,0,40000,0,0,0,40000,0,40000,40000
05089P,亞德客元大95售01,0,0,0,0,0,0,0,0,0,40000,0,0,0,50000,10000,40000,40000
050793,大立光富邦96購03,0,0,0,0,0,0,0,0,0,40000,0,0,0,40000,0,40000,40000
051187,晶相光永豐95購01,0,0,0,0,0,0,0,0,0,40000,0,0,0,63000,23000,40000,40000
051489,世芯凱基95購01  ,0,0,0,0,0,0,0,0,0,40000,0,0,0,40000,0,40000,40000
05181P,健策凱基95售01  ,0,0,0,0,0,0,0,0,0,40000,0,0,0,40000,0,40000,40000
052005,矽力國泰97購02  ,0,0,0,0,0,0,0,0,0,40000,0,0,0,63000,23000,40000,40000
05194P,玉晶光康和95售01,0,0,0,0,0,0,0,0,0,40000,0,0,0,40000,0,40000,40000
05210P,台積電凱基95售15,0,0,0,0,0,0,0,0,0,40000,0,0,0,40000,0,40000,40000
05885P,牧德統一96售01  ,0,0,0,0,0,0,0,0,0,40000,0,0,0,172000,132000,40000,40000
06315P,臺股指元富97售02,0,0,0,0,0,0,0,0,0,40000,0,0,0,40000,0,40000,40000
8261,富鼎            ,145000,105000,40000,0,0,0,0,0,0,0,0,0,0,0,0,0,40000
055189,台虹統一97購01  ,0,0,0,0,0,0,0,0,0,39000,0,0,0,49000,10000,39000,39000
049559,香港反統一94購02,0,0,0,0,0,0,0,0,0,39000,0,0,0,40000,1000,39000,39000
03427B,臺股指元大9A熊02,0,0,0,0,0,0,0,0,0,39000,0,0,0,39000,0,39000,39000
00771,元大US高息特別股,0,0,0,0,0,0,0,0,0,39000,0,0,0,75000,36000,39000,39000
043454,上銀元大92購02  ,0,0,0,0,0,0,0,0,0,39000,0,0,0,39000,0,39000,39000
03935P,可成富邦95售01  ,0,0,0,0,0,0,0,0,0,39000,0,0,0,39000,0,39000,39000
03890P,聯詠國泰94售02  ,0,0,0,0,0,0,0,0,0,39000,0,0,0,40000,1000,39000,39000
049700,瀚宇博元大97購01,0,0,0,0,0,0,0,0,0,39000,0,0,0,51000,12000,39000,39000
046919,大毅永豐93購01  ,0,0,0,0,0,0,0,0,0,39000,0,0,0,41000,2000,39000,39000
050374,上緯控元大95購01,0,0,0,0,0,0,0,0,0,39000,0,0,0,60000,21000,39000,39000
053198,亞德客日盛96購01,0,0,0,0,0,0,0,0,0,39000,0,0,0,68000,29000,39000,39000
06174P,國巨元大97售07  ,0,0,0,0,0,0,0,0,0,39000,0,0,0,46000,7000,39000,39000
4560,強信-KY         ,122000,83000,39000,0,0,0,0,0,0,0,0,0,0,0,0,0,39000
05721P,全新群益98售02  ,0,0,0,0,0,0,0,0,0,38000,0,0,0,49000,11000,38000,38000
053638,信邦永豐96購01  ,0,0,0,0,0,0,0,0,0,38000,0,0,0,69000,31000,38000,38000
04054P,滬深2X富邦96售02,0,0,0,0,0,0,0,0,0,38000,0,0,0,38000,0,38000,38000
05068P,鴻海統一95售06  ,0,0,0,0,0,0,0,0,0,38000,0,0,0,190000,152000,38000,38000
06340P,鴻海統一98售06  ,0,0,0,0,0,0,0,0,0,38000,0,0,0,43000,5000,38000,38000
1457,宜進            ,165000,127000,38000,0,0,0,0,0,0,0,0,0,0,0,0,0,38000
6491,晶碩            ,42000,4000,38000,0,0,0,0,0,0,0,0,0,0,0,0,0,38000
8011,台通            ,90000,47000,43000,0,0,0,0,0,0,-5000,1000,6000,-5000,0,0,0,38000
1722,台肥            ,555001,476400,78601,0,0,0,8000,0,8000,-49000,6000,4000,2000,0,51000,-51000,37601
05776P,鴻海統一98售02  ,0,0,0,0,0,0,0,0,0,37000,0,0,0,47000,10000,37000,37000
055715,智邦元大97購04  ,0,0,0,0,0,0,0,0,0,37000,0,0,0,49000,12000,37000,37000
052716,欣興凱基96購01  ,0,0,0,0,0,0,0,0,0,37000,0,0,0,47000,10000,37000,37000
1760,寶齡富錦        ,89000,48000,41000,0,0,0,0,0,0,-4000,1000,1000,0,1000,5000,-4000,37000
06246P,茂林元富97售03  ,0,0,0,0,0,0,0,0,0,37000,0,0,0,57000,20000,37000,37000
6115,鎰勝            ,71000,32000,39000,0,0,0,0,0,0,-2000,0,2000,-2000,0,0,0,37000
053600,同欣電元大96購04,0,0,0,0,0,0,0,0,0,36000,0,0,0,44000,8000,36000,36000
05455P,聯詠日盛95售01  ,0,0,0,0,0,0,0,0,0,36000,0,0,0,40000,4000,36000,36000
054467,隆達凱基97購01  ,0,0,0,0,0,0,0,0,0,36000,0,0,0,56000,20000,36000,36000
04060P,臺股指群益93售14,0,0,0,0,0,0,0,0,0,36000,0,0,0,36000,0,36000,36000
043453,上銀元大92購01  ,0,0,0,0,0,0,0,0,0,36000,0,0,0,36000,0,36000,36000
049600,緯穎元大95購02  ,0,0,0,0,0,0,0,0,0,36000,0,0,0,38000,2000,36000,36000
05061P,鴻海富邦96售03  ,0,0,0,0,0,0,0,0,0,36000,0,0,0,41000,5000,36000,36000
04909P,鴻海統一94售10  ,0,0,0,0,0,0,0,0,0,36000,0,0,0,53000,17000,36000,36000
048589,國巨兆豐96購01  ,0,0,0,0,0,0,0,0,0,36000,0,0,0,40000,4000,36000,36000
051832,復盛元大95購01  ,0,0,0,0,0,0,0,0,0,36000,0,0,0,55000,19000,36000,36000
08991P,玉晶光元大01售06,0,0,0,0,0,0,0,0,0,36000,0,0,0,36000,0,36000,36000
054819,裕民元大9A購01  ,0,0,0,0,0,0,0,0,0,35000,0,0,0,40000,5000,35000,35000
055736,宏達電元富99購01,0,0,0,0,0,0,0,0,0,35000,0,0,0,35000,0,35000,35000
055472,大立光凱基97購07,0,0,0,0,0,0,0,0,0,35000,0,0,0,35000,0,35000,35000
049499,康控元大96購01  ,0,0,0,0,0,0,0,0,0,35000,0,0,0,150000,115000,35000,35000
045624,緯穎永豐92購01  ,0,0,0,0,0,0,0,0,0,35000,0,0,0,45000,10000,35000,35000
045733,瑞昱國票93購01  ,0,0,0,0,0,0,0,0,0,35000,0,0,0,35000,0,35000,35000
043963,台化國泰92購01  ,0,0,0,0,0,0,0,0,0,35000,0,0,0,35000,0,35000,35000
049959,創意統一95購02  ,0,0,0,0,0,0,0,0,0,35000,0,0,0,40000,5000,35000,35000
049933,GIS元大95購01   ,0,0,0,0,0,0,0,0,0,35000,0,0,0,35000,0,35000,35000
050431,聯發科凱基94購18,0,0,0,0,0,0,0,0,0,35000,0,0,0,83000,48000,35000,35000
048126,TPK元大94購02   ,0,0,0,0,0,0,0,0,0,35000,0,0,0,35000,0,35000,35000
048933,晶豪科永豐94購01,0,0,0,0,0,0,0,0,0,35000,0,0,0,35000,0,35000,35000
05134P,鴻海凱基96售06  ,0,0,0,0,0,0,0,0,0,35000,0,0,0,35000,0,35000,35000
052517,滬深2X元大95購05,0,0,0,0,0,0,0,0,0,35000,0,0,0,35000,0,35000,35000
05502P,台表科國票97售01,0,0,0,0,0,0,0,0,0,34000,0,0,0,34000,0,34000,34000
05387P,鴻海元大95售21  ,0,0,0,0,0,0,0,0,0,34000,0,0,0,344000,310000,34000,34000
00711B,FH彭博新興債    ,0,0,0,0,0,0,0,0,0,34000,0,0,0,134000,100000,34000,34000
045814,可成麥證93購01  ,0,0,0,34000,0,34000,0,0,0,34000,0,0,0,34000,0,34000,34000
04662P,臺股指國票94售01,0,0,0,0,0,0,0,0,0,34000,0,0,0,40000,6000,34000,34000
049134,為升元大95購01  ,0,0,0,0,0,0,0,0,0,34000,0,0,0,44000,10000,34000,34000
052354,健策群益96購02  ,0,0,0,0,0,0,0,0,0,34000,0,0,0,60000,26000,34000,34000
052608,欣興元大97購01  ,0,0,0,0,0,0,0,0,0,34000,0,0,0,41000,7000,34000,34000
053134,南亞科國票97購01,0,0,0,0,0,0,0,0,0,34000,0,0,0,34000,0,34000,34000
05310P,智原永豐95售04  ,0,0,0,0,0,0,0,0,0,34000,0,0,0,100000,66000,34000,34000
05352P,臺股指元富95售06,0,0,0,0,0,0,0,0,0,34000,0,0,0,34000,0,34000,34000
05111P,台積電統一95售04,0,0,0,0,0,0,0,0,0,34000,0,0,0,54000,20000,34000,34000
05176P,台積電凱基95售11,0,0,0,0,0,0,0,0,0,34000,0,0,0,35000,1000,34000,34000
2348,海悅            ,67000,36000,31000,0,0,0,0,0,0,3000,9000,6000,3000,0,0,0,34000
054544,統一中信97購01  ,0,0,0,0,0,0,0,0,0,33000,0,0,0,62000,29000,33000,33000
054298,台表科元大97購03,0,0,0,0,0,0,0,0,0,33000,0,0,0,33000,0,33000,33000
045355,聯鈞凱基92購01  ,0,0,0,0,0,0,0,0,0,33000,0,0,0,33000,0,33000,33000
044296,嘉聯益凱基93購01,0,0,0,0,0,0,0,0,0,33000,0,0,0,33000,0,33000,33000
046466,台虹凱基92購01  ,0,0,0,0,0,0,0,0,0,33000,0,0,0,43000,10000,33000,33000
04075P,臺股指凱基93售11,0,0,0,0,0,0,0,0,0,33000,0,0,0,33000,0,33000,33000
047107,上銀元大93購04  ,0,0,0,0,0,0,0,0,0,33000,0,0,0,33000,0,33000,33000
051829,玉晶光元大98購02,0,0,0,0,0,0,0,0,0,33000,0,0,0,36000,3000,33000,33000
052634,華邦電凱基96購01,0,0,0,0,0,0,0,0,0,33000,0,0,0,33000,0,33000,33000
4526,東台            ,46000,14000,32000,0,0,0,0,0,0,1000,1000,0,1000,0,0,0,33000
054346,世芯國票97購01  ,0,0,0,0,0,0,0,0,0,32000,0,0,0,32000,0,32000,32000
053714,南亞科凱基96購03,0,0,0,0,0,0,0,0,0,32000,0,0,0,100000,68000,32000,32000
054140,智易元大97購03  ,0,0,0,0,0,0,0,0,0,32000,0,0,0,50000,18000,32000,32000
054966,貿聯元大98購02  ,0,0,0,0,0,0,0,0,0,32000,0,0,0,45000,13000,32000,32000
055598,欣興元大97購03  ,0,0,0,0,0,0,0,0,0,32000,0,0,0,51000,19000,32000,32000
055699,康控國票97購04  ,0,0,0,0,0,0,0,0,0,32000,0,0,0,32000,0,32000,32000
05579P,友達凱基98售03  ,0,0,0,0,0,0,0,0,0,32000,0,0,0,132000,100000,32000,32000
055986,祥碩元富97購01  ,0,0,0,0,0,0,0,0,0,32000,0,0,0,113000,81000,32000,32000
04161P,全新國泰94售01  ,0,0,0,0,0,0,0,0,0,32000,0,0,0,50000,18000,32000,32000
044934,玉晶光元大93購01,0,0,0,0,0,0,0,0,0,32000,0,0,0,35000,3000,32000,32000
046396,矽創國泰93購01  ,0,0,0,0,0,0,0,0,0,32000,0,0,0,108000,76000,32000,32000
044430,上銀元大92購03  ,0,0,0,0,0,0,0,0,0,32000,0,0,0,32000,0,32000,32000
049918,宏達電元大94購01,0,0,0,0,0,0,0,0,0,32000,0,0,0,232000,200000,32000,32000
049133,為升元大94購02  ,0,0,0,0,0,0,0,0,0,32000,0,0,0,32000,0,32000,32000
050393,樺漢統一94購01  ,0,0,0,0,0,0,0,0,0,32000,0,0,0,83000,51000,32000,32000
053403,彩晶群益98購01  ,0,0,0,0,0,0,0,0,0,32000,0,0,0,39000,7000,32000,32000
050996,隆達元大95購01  ,0,0,0,0,0,0,0,0,0,32000,0,0,0,57000,25000,32000,32000
2882A,國泰特          ,0,0,0,0,0,0,0,0,0,32000,52000,20000,32000,0,0,0,32000
06083P,華通統一98售02  ,0,0,0,0,0,0,0,0,0,32000,0,0,0,44000,12000,32000,32000
054950,奇力新元大98購02,0,0,0,0,0,0,0,0,0,31000,0,0,0,36000,5000,31000,31000
053983,樺漢元大97購02  ,0,0,0,0,0,0,0,0,0,31000,0,0,0,78000,47000,31000,31000
044930,元黃金富邦93購01,0,0,0,0,0,0,0,0,0,31000,0,0,0,31000,0,31000,31000
03566P,臺股指日盛03售01,0,0,0,0,0,0,0,0,0,31000,0,0,0,31000,0,31000,31000
050505,可成凱基94購12  ,0,0,0,0,0,0,0,0,0,31000,0,0,0,31000,0,31000,31000
04888P,臺股指凱基95售03,0,0,0,0,0,0,0,0,0,31000,0,0,0,145000,114000,31000,31000
048070,聯發科元富99購03,0,0,0,0,0,0,0,0,0,31000,0,0,0,40000,9000,31000,31000
049740,禾伸堂群益94購01,0,0,0,0,0,0,0,0,0,31000,0,0,0,51000,20000,31000,31000
047026,大毅元大93購02  ,0,0,0,0,0,0,0,0,0,31000,0,0,0,57000,26000,31000,31000
04744P,臻鼎元富94售04  ,0,0,0,0,0,0,0,0,0,31000,0,0,0,31000,0,31000,31000
05915P,聯發科元大96售19,0,0,0,0,0,0,0,0,0,31000,0,0,0,31000,0,31000,31000
3413,京鼎            ,244000,98000,146000,0,0,0,1000,0,1000,-116000,99000,185000,-86000,5000,35000,-30000,31000
1726,永記            ,37000,6000,31000,0,0,0,0,0,0,0,0,0,0,0,0,0,31000
8422,可寧衛          ,69000,38000,31000,0,0,0,0,0,0,0,1000,1000,0,0,0,0,31000
053607,大立光第一96購01,0,0,0,0,0,0,0,0,0,30000,0,0,0,40000,10000,30000,30000
053850,嘉澤元富96購03  ,0,0,0,0,0,0,0,0,0,30000,0,0,0,50000,20000,30000,30000
053738,群創麥證96購01  ,0,0,0,50000,20000,30000,0,0,0,30000,0,0,0,50000,20000,30000,30000
054501,強茂永豐96購02  ,0,0,0,0,0,0,0,0,0,30000,0,0,0,30000,0,30000,30000
054595,正崴麥證97購01  ,0,0,0,30000,0,30000,0,0,0,30000,0,0,0,30000,0,30000,30000
055004,群創元富99購06  ,0,0,0,0,0,0,0,0,0,30000,0,0,0,50000,20000,30000,30000
055005,晶相光元富97購01,0,0,0,0,0,0,0,0,0,30000,0,0,0,30000,0,30000,30000
055255,欣興統一97購02  ,0,0,0,0,0,0,0,0,0,30000,0,0,0,81000,51000,30000,30000
055534,晶技群益97購03  ,0,0,0,0,0,0,0,0,0,30000,0,0,0,30000,0,30000,30000
055810,T50反1國票99購01,0,0,0,0,0,0,0,0,0,30000,0,0,0,30000,0,30000,30000
05576P,群創日盛99售02  ,0,0,0,0,0,0,0,0,0,30000,0,0,0,30000,0,30000,30000
05571P,大立光統一96售03,0,0,0,0,0,0,0,0,0,30000,0,0,0,42000,12000,30000,30000
05668P,滬深2X永豐96售04,0,0,0,0,0,0,0,0,0,30000,0,0,0,30000,0,30000,30000
03417B,臺股指凱基95熊19,0,0,0,0,0,0,0,0,0,30000,0,0,0,70000,40000,30000,30000
040772,滬深2X元富92購02,0,0,0,0,0,0,0,0,0,30000,0,0,0,30000,0,30000,30000
00684R,元大美元指數反1 ,0,0,0,0,0,0,0,0,0,30000,0,0,0,70000,40000,30000,30000
03838P,臺股指凱基93售03,0,0,0,0,0,0,0,0,0,30000,0,0,0,30000,0,30000,30000
03665P,華邦電永豐92售01,0,0,0,0,0,0,0,0,0,30000,0,0,0,30000,0,30000,30000
03648P,健策元富92售01  ,0,0,0,0,0,0,0,0,0,30000,0,0,0,30000,0,30000,30000
04216P,燿華國票93售02  ,0,0,0,0,0,0,0,0,0,30000,0,0,0,30000,0,30000,30000
044801,微星凱基93購01  ,0,0,0,0,0,0,0,0,0,30000,0,0,0,90000,60000,30000,30000
046782,建準永豐93購01  ,0,0,0,0,0,0,0,0,0,30000,0,0,0,30000,0,30000,30000
045991,為升富邦95購01  ,0,0,0,0,0,0,0,0,0,30000,0,0,0,130000,100000,30000,30000
044853,亞光國泰93購01  ,0,0,0,0,0,0,0,0,0,30000,0,0,0,30000,0,30000,30000
044925,漢唐國泰93購01  ,0,0,0,0,0,0,0,0,0,30000,0,0,0,55000,25000,30000,30000
04421P,玉晶光永豐94售02,0,0,0,0,0,0,0,0,0,30000,0,0,0,50000,20000,30000,30000
045070,全新元大93購02  ,0,0,0,0,0,0,0,0,0,30000,0,0,0,30000,0,30000,30000
045113,玉晶光永豐92購01,0,0,0,0,0,0,0,0,0,30000,0,0,0,30000,0,30000,30000
045566,南寶國泰93購01  ,0,0,0,0,0,0,0,0,0,30000,0,0,0,30000,0,30000,30000
045553,華邦電國票92購02,0,0,0,0,0,0,0,0,0,30000,0,0,0,30000,0,30000,30000
045345,新光金凱基92購01,0,0,0,0,0,0,0,0,0,30000,0,0,0,31000,1000,30000,30000
046569,同欣電元富92購02,0,0,0,0,0,0,0,0,0,30000,0,0,0,50000,20000,30000,30000
046579,台積電元大92購32,0,0,0,0,0,0,0,0,0,30000,0,0,0,30000,0,30000,30000
045700,道瓊指中信94購01,0,0,0,0,0,0,0,0,0,30000,0,0,0,30000,0,30000,30000
045587,智易元大93購04  ,0,0,0,0,0,0,0,0,0,30000,0,0,0,30000,0,30000,30000
04877P,聯發科麥證94售04,0,0,0,70000,40000,30000,0,0,0,30000,0,0,0,70000,40000,30000,30000
047624,台達電國票93購01,0,0,0,0,0,0,0,0,0,30000,0,0,0,30000,0,30000,30000
04752P,大立光群益94售07,0,0,0,0,0,0,0,0,0,30000,0,0,0,30000,0,30000,30000
047197,美律統一94購01  ,0,0,0,0,0,0,0,0,0,30000,0,0,0,30000,0,30000,30000
050124,元金2X凱基95購01,0,0,0,0,0,0,0,0,0,30000,0,0,0,40000,10000,30000,30000
04797P,華新科元大94售04,0,0,0,0,0,0,0,0,0,30000,0,0,0,30000,0,30000,30000
048670,華新科永豐93購03,0,0,0,0,0,0,0,0,0,30000,0,0,0,50000,20000,30000,30000
049142,智邦元大94購01  ,0,0,0,0,0,0,0,0,0,30000,0,0,0,30000,0,30000,30000
049042,玉晶光兆豐95購01,0,0,0,0,0,0,0,0,0,30000,0,0,0,50000,20000,30000,30000
048813,元黃金凱基94購01,0,0,0,0,0,0,0,0,0,30000,0,0,0,50000,20000,30000,30000
048298,華通麥證94購01  ,0,0,0,30000,0,30000,0,0,0,30000,0,0,0,30000,0,30000,30000
048307,道瓊指凱基93購01,0,0,0,0,0,0,0,0,0,30000,0,0,0,30000,0,30000,30000
048949,昇陽半永豐94購01,0,0,0,0,0,0,0,0,0,30000,0,0,0,50000,20000,30000,30000
047325,材料元大93購01  ,0,0,0,0,0,0,0,0,0,30000,0,0,0,30000,0,30000,30000
05023P,和碩凱基95售01  ,0,0,0,0,0,0,0,0,0,30000,0,0,0,30000,0,30000,30000
050321,GIS國票95購02   ,0,0,0,0,0,0,0,0,0,30000,0,0,0,30000,0,30000,30000
051098,矽格元大95購01  ,0,0,0,0,0,0,0,0,0,30000,0,0,0,30000,0,30000,30000
051204,正崴麥證95購01  ,0,0,0,30000,0,30000,0,0,0,30000,0,0,0,30000,0,30000,30000
051428,玉晶光統一96購01,0,0,0,0,0,0,0,0,0,30000,0,0,0,30000,0,30000,30000
051441,鴻海元大95購13  ,0,0,0,0,0,0,0,0,0,30000,0,0,0,30000,0,30000,30000
051493,台郡凱基95購02  ,0,0,0,0,0,0,0,0,0,30000,0,0,0,50000,20000,30000,30000
051620,可成凱基95購10  ,0,0,0,0,0,0,0,0,0,30000,0,0,0,30000,0,30000,30000
05212P,台積電國票96售04,0,0,0,0,0,0,0,0,0,30000,0,0,0,30000,0,30000,30000
05280P,華通元大95售08  ,0,0,0,0,0,0,0,0,0,30000,0,0,0,80000,50000,30000,30000
05294P,亞光凱基95售02  ,0,0,0,0,0,0,0,0,0,30000,0,0,0,30000,0,30000,30000
052929,可成元大96購02  ,0,0,0,0,0,0,0,0,0,30000,0,0,0,51000,21000,30000,30000
052269,T50反1日盛9B購01,0,0,0,0,0,0,0,0,0,30000,0,0,0,30000,0,30000,30000
052415,台表科麥證95購02,0,0,0,30000,0,30000,0,0,0,30000,0,0,0,30000,0,30000,30000
3018,同開            ,73000,43000,30000,0,0,0,0,0,0,0,0,0,0,0,0,0,30000
06192P,高股息中信98售01,0,0,0,0,0,0,0,0,0,30000,0,0,0,40000,10000,30000,30000
06150P,奇力新元大97售06,0,0,0,0,0,0,0,0,0,30000,0,0,0,30000,0,30000,30000
8404,百和興業-KY     ,185548,157000,28548,0,0,0,0,0,0,1000,2000,1000,1000,0,0,0,29548
04626P,聯發科元大94售07,0,0,0,0,0,0,0,0,0,29000,0,0,0,42000,13000,29000,29000
044247,道瓊反元富97購01,0,0,0,0,0,0,0,0,0,29000,0,0,0,31000,2000,29000,29000
04367P,滬深2X凱基95售04,0,0,0,0,0,0,0,0,0,29000,0,0,0,29000,0,29000,29000
041528,國泰金中信93購01,0,0,0,0,0,0,0,0,0,29000,0,0,0,85000,56000,29000,29000
03191P,國巨國泰03售02  ,0,0,0,0,0,0,0,0,0,29000,0,0,0,29000,0,29000,29000
048937,玉晶光永豐95購01,0,0,0,0,0,0,0,0,0,29000,0,0,0,52000,23000,29000,29000
048287,嘉晶兆豐94購01  ,0,0,0,0,0,0,0,0,0,29000,0,0,0,120000,91000,29000,29000
048475,台郡永豐93購02  ,0,0,0,0,0,0,0,0,0,29000,0,0,0,29000,0,29000,29000
048217,亞德客凱基93購06,0,0,0,0,0,0,0,0,0,29000,0,0,0,42000,13000,29000,29000
048036,隆達凱基93購01  ,0,0,0,0,0,0,0,0,0,29000,0,0,0,59000,30000,29000,29000
047689,瑞昱富邦97購01  ,0,0,0,0,0,0,0,0,0,29000,0,0,0,59000,30000,29000,29000
053148,華邦電元大96購01,0,0,0,0,0,0,0,0,0,29000,0,0,0,49000,20000,29000,29000
051848,元金2X中信98購02,0,0,0,0,0,0,0,0,0,29000,0,0,0,29000,0,29000,29000
050919,台積電凱基95購03,0,0,0,0,0,0,0,0,0,29000,0,0,0,49000,20000,29000,29000
05070P,鴻海統一96售04  ,0,0,0,0,0,0,0,0,0,29000,0,0,0,29000,0,29000,29000
9958,世紀鋼          ,489000,395000,94000,0,0,0,110000,0,110000,-175000,58000,94000,-36000,8000,147000,-139000,29000
053811,國巨群益98購02  ,0,0,0,0,0,0,0,0,0,28000,0,0,0,102000,74000,28000,28000
053611,聯茂麥證96購01  ,0,0,0,48000,20000,28000,0,0,0,28000,0,0,0,48000,20000,28000,28000
044671,台積電兆豐93購01,0,0,0,0,0,0,0,0,0,28000,0,0,0,60000,32000,28000,28000
050508,上証2X元大97購01,0,0,0,0,0,0,0,0,0,28000,0,0,0,30000,2000,28000,28000
050704,復盛凱基94購03  ,0,0,0,0,0,0,0,0,0,28000,0,0,0,209000,181000,28000,28000
051096,日月光元大95購01,0,0,0,0,0,0,0,0,0,28000,0,0,0,32000,4000,28000,28000
053157,日月光元大96購03,0,0,0,0,0,0,0,0,0,28000,0,0,0,32000,4000,28000,28000
05230P,京元電群益95售01,0,0,0,0,0,0,0,0,0,28000,0,0,0,65000,37000,28000,28000
05942P,奇力新凱基96售04,0,0,0,0,0,0,0,0,0,28000,0,0,0,28000,0,28000,28000
05907P,聯發科元富96售05,0,0,0,0,0,0,0,0,0,28000,0,0,0,29000,1000,28000,28000
1308,亞聚            ,189000,157000,32000,0,0,0,0,0,0,-4000,3000,7000,-4000,0,0,0,28000
2882B,國泰金乙特      ,0,0,0,0,0,0,0,0,0,28000,28000,0,28000,0,0,0,28000
053655,全新凱基98購02  ,0,0,0,0,0,0,0,0,0,27000,0,0,0,27000,0,27000,27000
053833,彩晶台新97購02  ,0,0,0,0,0,0,0,0,0,27000,0,0,0,60000,33000,27000,27000
05400P,台積電永豐95售05,0,40000,-40000,0,0,0,0,0,0,67000,0,0,0,183000,116000,67000,27000
054406,旺宏國票98購01  ,0,0,0,0,0,0,0,0,0,27000,0,0,0,31000,4000,27000,27000
05527P,聯茂群益96售01  ,0,0,0,0,0,0,0,0,0,27000,0,0,0,27000,0,27000,27000
046858,群創元大94購02  ,0,0,0,0,0,0,0,0,0,27000,0,0,0,213000,186000,27000,27000
04605P,台積電兆豐94售03,0,0,0,0,0,0,0,0,0,27000,0,0,0,54000,27000,27000,27000
048902,昇陽半國泰96購01,0,0,0,0,0,0,0,0,0,27000,0,0,0,37000,10000,27000,27000
05000P,臺股指永豐95售01,0,0,0,0,0,0,0,0,0,27000,0,0,0,27000,0,27000,27000
05113P,臺股指元富95售01,0,0,0,0,0,0,0,0,0,27000,0,0,0,27000,0,27000,27000
08820P,台積電凱基01售10,0,0,0,0,0,0,0,0,0,27000,0,0,0,27000,0,27000,27000
05392P,鴻海統一95售13  ,0,0,0,0,0,0,0,0,0,26000,0,0,0,40000,14000,26000,26000
054215,創意國票97購02  ,0,0,0,0,0,0,0,0,0,26000,0,0,0,65000,39000,26000,26000
03047X,元展44          ,0,0,0,0,0,0,0,0,0,26000,0,0,0,26000,0,26000,26000
049317,啟碁凱基94購02  ,0,0,0,0,0,0,0,0,0,26000,0,0,0,26000,0,26000,26000
047848,可成統一93購01  ,0,0,0,0,0,0,0,0,0,26000,0,0,0,83000,57000,26000,26000
050927,聯詠凱基95購01  ,0,0,0,0,0,0,0,0,0,26000,0,0,0,26000,0,26000,26000
05323P,瑞昱凱基96售02  ,0,0,0,0,0,0,0,0,0,26000,0,0,0,64000,38000,26000,26000
052987,華新科元大99購01,0,0,0,0,0,0,0,0,0,26000,0,0,0,28000,2000,26000,26000
1218,泰山            ,89000,64000,25000,0,0,0,0,0,0,1000,7000,6000,1000,0,0,0,26000
3167,大量            ,53000,28000,25000,0,0,0,1000,0,1000,0,0,0,0,0,0,0,26000
2007,燁興            ,39000,11000,28000,0,0,0,0,0,0,-2000,0,2000,-2000,0,0,0,26000
5288,豐祥-KY         ,62000,36000,26000,0,0,0,0,0,0,0,1000,1000,0,0,0,0,26000
4934,太極            ,220000,394682,-174682,0,0,0,0,0,0,200000,200000,0,200000,0,0,0,25318
3189,景碩            ,927000,695000,232000,0,0,0,102000,110000,-8000,-198971,25000,118000,-93000,18000,123971,-105971,25029
05382P,電子類群益95售02,0,0,0,0,0,0,0,0,0,25000,0,0,0,25000,0,25000,25000
054888,泰碩統一97購01  ,0,0,0,0,0,0,0,0,0,25000,0,0,0,25000,0,25000,25000
055249,大毅統一99購01  ,0,0,0,0,0,0,0,0,0,25000,0,0,0,65000,40000,25000,25000
054979,南港元富97購01  ,0,0,0,0,0,0,0,0,0,25000,0,0,0,108000,83000,25000,25000
055724,祥碩元大97購03  ,0,0,0,0,0,0,0,0,0,25000,0,0,0,63000,38000,25000,25000
055647,義隆元富97購01  ,0,0,0,0,0,0,0,0,0,25000,0,0,0,25000,0,25000,25000
055821,勤誠國票98購01  ,0,0,0,0,0,0,0,0,0,25000,0,0,0,36000,11000,25000,25000
045741,嘉晶群益92購01  ,0,0,0,0,0,0,0,0,0,25000,0,0,0,25000,0,25000,25000
04583P,滬深2X永豐94售06,0,0,0,0,0,0,0,0,0,25000,0,0,0,25000,0,25000,25000
046574,泰鼎國泰94購01  ,0,0,0,0,0,0,0,0,0,25000,0,0,0,60000,35000,25000,25000
04506P,旺宏元大94售06  ,0,0,0,0,0,0,0,0,0,25000,0,0,0,94000,69000,25000,25000
04616P,臺股指群益95售02,0,0,0,0,0,0,0,0,0,25000,0,0,0,25000,0,25000,25000
04624P,台積電元大94售14,0,0,0,0,0,0,0,0,0,25000,0,0,0,25000,0,25000,25000
03005P,旭富群益01售05  ,0,0,0,0,0,0,0,0,0,25000,0,0,0,25000,0,25000,25000
00702,國泰標普低波高息,0,0,0,0,0,0,0,0,0,25000,0,0,0,46000,21000,25000,25000
046790,康友永豐93購01  ,0,0,0,0,0,0,0,0,0,25000,0,0,0,25000,0,25000,25000
04206P,臺股指元大93售46,0,0,0,0,0,0,0,0,0,25000,0,0,0,205000,180000,25000,25000
04234P,華通群益94售02  ,0,0,0,0,0,0,0,0,0,25000,0,0,0,45000,20000,25000,25000
05010P,台郡元富95售01  ,0,0,0,0,0,0,0,0,0,25000,0,0,0,35000,10000,25000,25000
047882,超眾國泰94購01  ,0,0,0,0,0,0,0,0,0,25000,0,0,0,35000,10000,25000,25000
047991,元油反元大96購05,0,0,0,0,0,0,0,0,0,25000,0,0,0,25000,0,25000,25000
047041,貿聯群益93購02  ,0,0,0,0,0,0,0,0,0,25000,0,0,0,25000,0,25000,25000
048714,巨大康和94購01  ,0,0,0,0,0,0,0,0,0,25000,0,0,0,35000,10000,25000,25000
050111,全新元大95購02  ,0,0,0,0,0,0,0,0,0,25000,0,0,0,25000,0,25000,25000
050271,上緯控元大96購01,0,0,0,0,0,0,0,0,0,25000,0,0,0,35000,10000,25000,25000
049269,超眾元大96購02  ,0,0,0,0,0,0,0,0,0,25000,0,0,0,25000,0,25000,25000
05057P,鴻海國票96售01  ,0,0,0,0,0,0,0,0,0,25000,0,0,0,25000,0,25000,25000
048502,百和元大93購01  ,0,0,0,0,0,0,0,0,0,25000,0,0,0,140000,115000,25000,25000
048555,技嘉元大93購02  ,0,0,0,0,0,0,0,0,0,25000,0,0,0,45000,20000,25000,25000
04837P,華新科元大94售05,0,0,0,0,0,0,0,0,0,25000,0,0,0,25000,0,25000,25000
049050,崇越康和94購01  ,0,0,0,0,0,0,0,0,0,25000,0,0,0,80000,55000,25000,25000
05299P,旺宏元大95售04  ,0,0,0,0,0,0,0,0,0,25000,0,0,0,25000,0,25000,25000
053529,國巨麥證96購01  ,0,0,0,70000,45000,25000,0,0,0,25000,0,0,0,70000,45000,25000,25000
053517,崇越群益97購01  ,0,0,0,0,0,0,0,0,0,25000,0,0,0,25000,0,25000,25000
052280,聯發科凱基95購11,0,0,0,0,0,0,0,0,0,25000,0,0,0,28000,3000,25000,25000
052852,國巨元富96購02  ,0,0,0,0,0,0,0,0,0,25000,0,0,0,860000,835000,25000,25000
051150,宏達電凱基95購02,0,0,0,0,0,0,0,0,0,25000,0,0,0,50000,25000,25000,25000
051324,康友國票96購01  ,0,0,0,0,0,0,0,0,0,25000,0,0,0,25000,0,25000,25000
051336,智原永豐95購01  ,0,0,0,0,0,0,0,0,0,25000,0,0,0,25000,0,25000,25000
05128P,聯發科中信97售03,0,0,0,0,0,0,0,0,0,25000,0,0,0,55000,30000,25000,25000
052128,聯發科日盛95購03,0,0,0,0,0,0,0,0,0,25000,0,0,0,25000,0,25000,25000
052193,國巨元富95購06  ,0,0,0,0,0,0,0,0,0,25000,0,0,0,38000,13000,25000,25000
051834,南電元大96購02  ,0,0,0,0,0,0,0,0,0,25000,0,0,0,25000,0,25000,25000
6251,定穎            ,136000,0,136000,0,0,0,0,0,0,-111000,0,111000,-111000,0,0,0,25000
05433P,智原元富95售02  ,0,0,0,0,0,0,0,0,0,24000,0,0,0,40000,16000,24000,24000
043894,百和元大92購01  ,0,0,0,0,0,0,0,0,0,24000,0,0,0,24000,0,24000,24000
049254,台積電元大96購02,0,0,0,0,0,0,0,0,0,24000,0,0,0,30000,6000,24000,24000
048379,台郡元富96購01  ,0,0,0,0,0,0,0,0,0,24000,0,0,0,24000,0,24000,24000
048303,A50凱基96購01   ,0,0,0,0,0,0,0,0,0,24000,0,0,0,25000,1000,24000,24000
050115,群創元大96購01  ,0,0,0,0,0,0,0,0,0,24000,0,0,0,77000,53000,24000,24000
050007,貿聯永豐94購01  ,0,0,0,0,0,0,0,0,0,24000,0,0,0,80000,56000,24000,24000
051559,宏達電國泰96購01,0,0,0,0,0,0,0,0,0,24000,0,0,0,140000,116000,24000,24000
05146P,鴻海元大95售10  ,0,0,0,0,0,0,0,0,0,24000,0,0,0,239000,215000,24000,24000
052821,晶技永豐96購01  ,0,0,0,0,0,0,0,0,0,24000,0,0,0,27000,3000,24000,24000
053002,鴻海永豐96購01  ,0,0,0,0,0,0,0,0,0,24000,0,0,0,57000,33000,24000,24000
05295P,緯創凱基95售01  ,0,0,0,0,0,0,0,0,0,24000,0,0,0,49000,25000,24000,24000
052983,國巨元大96購07  ,0,0,0,0,0,0,0,0,0,24000,0,0,0,29000,5000,24000,24000
053056,同欣電國票97購01,0,0,0,0,0,0,0,0,0,24000,0,0,0,28000,4000,24000,24000
2426,鼎元            ,202000,162000,40000,0,0,0,0,0,0,-16000,0,16000,-16000,0,0,0,24000
2457,飛宏            ,262000,248000,14000,0,0,0,0,0,0,10000,15000,5000,10000,0,0,0,24000
06382P,大毅元富97售02  ,0,0,0,0,0,0,0,0,0,24000,0,0,0,25000,1000,24000,24000
06127P,泰碩元富97售01  ,0,0,0,0,0,0,0,0,0,24000,0,0,0,55000,31000,24000,24000
054116,順德康和96購01  ,0,0,0,0,0,0,0,0,0,23000,0,0,0,23000,0,23000,23000
055270,上銀元大97購03  ,0,0,0,0,0,0,0,0,0,23000,0,0,0,145000,122000,23000,23000
055371,正崴元大97購02  ,0,0,0,0,0,0,0,0,0,23000,0,0,0,26000,3000,23000,23000
03960P,新日興元富96售02,0,0,0,0,0,0,0,0,0,23000,0,0,0,33000,10000,23000,23000
00674R,元大S&P黃金反1  ,0,0,0,0,0,0,0,0,0,23000,0,0,0,27000,4000,23000,23000
044997,信邦國泰93購01  ,0,0,0,0,0,0,0,0,0,23000,0,0,0,38000,15000,23000,23000
04559P,華通凱基94售03  ,0,0,0,0,0,0,0,0,0,23000,0,0,0,23000,0,23000,23000
047926,可成凱基94購02  ,0,0,0,0,0,0,0,0,0,23000,0,0,0,23000,0,23000,23000
047864,信邦康和93購01  ,0,0,0,0,0,0,0,0,0,23000,0,0,0,23000,0,23000,23000
048337,致茂元大93購04  ,0,0,0,0,0,0,0,0,0,23000,0,0,0,23000,0,23000,23000
050706,柏文凱基94購01  ,0,0,0,0,0,0,0,0,0,23000,0,0,0,23000,0,23000,23000
2380,虹光            ,37000,14000,23000,0,0,0,0,0,0,0,0,0,0,0,0,0,23000
2038,海光            ,29000,6000,23000,0,0,0,0,0,0,0,0,0,0,0,0,0,23000
8033,雷虎            ,45000,22000,23000,0,0,0,0,0,0,0,0,0,0,0,0,0,23000
6409,旭隼            ,239500,184109,55391,0,0,0,1000,34350,-33350,0,0,0,0,0,0,0,22041
055587,智邦元大97購02  ,0,0,0,0,0,0,0,0,0,22000,0,0,0,26000,4000,22000,22000
055827,中石化元大98購01,0,0,0,0,0,0,0,0,0,22000,0,0,0,22000,0,22000,22000
055789,台虹凱基97購01  ,0,0,0,0,0,0,0,0,0,22000,0,0,0,22000,0,22000,22000
054051,貿聯元大97購03  ,0,0,0,0,0,0,0,0,0,22000,0,0,0,22000,0,22000,22000
053652,友達凱基98購04  ,0,0,0,0,0,0,0,0,0,22000,0,0,0,22000,0,22000,22000
054504,聯鈞永豐96購01  ,0,0,0,0,0,0,0,0,0,22000,0,0,0,51000,29000,22000,22000
05450P,臺股指元大95售27,0,0,0,0,0,0,0,0,0,22000,0,0,0,44000,22000,22000,22000
05492P,聯茂元大95售02  ,0,0,0,0,0,0,0,0,0,22000,0,0,0,30000,8000,22000,22000
054841,亞德客兆豐97購01,0,0,0,0,0,0,0,0,0,22000,0,0,0,60000,38000,22000,22000
045579,全新元大93購03  ,0,0,0,0,0,0,0,0,0,22000,0,0,0,32000,10000,22000,22000
045870,元油2X元富96購02,0,0,0,0,0,0,0,0,0,22000,0,0,0,40000,18000,22000,22000
046575,GIS國泰93購01   ,0,0,0,0,0,0,0,0,0,22000,0,0,0,120000,98000,22000,22000
04612P,上銀群益94售01  ,0,0,0,0,0,0,0,0,0,22000,0,0,0,40000,18000,22000,22000
04625P,燿華元大94售03  ,0,0,0,0,0,0,0,0,0,22000,0,0,0,113000,91000,22000,22000
04338P,亞光元大93售04  ,0,0,0,0,0,0,0,0,0,22000,0,0,0,22000,0,22000,22000
044710,中磊元大93購01  ,0,0,0,0,0,0,0,0,0,22000,0,0,0,22000,0,22000,22000
04904P,奇力新永豐94售05,0,0,0,0,0,0,0,0,0,22000,0,0,0,30000,8000,22000,22000
050390,聯發科統一94購09,0,0,0,0,0,0,0,0,0,22000,0,0,0,22000,0,22000,22000
049375,大立光元大94購13,0,0,0,0,0,0,0,0,0,22000,0,0,0,22000,0,22000,22000
04718P,亞德客凱基94售03,0,0,0,0,0,0,0,0,0,22000,0,0,0,22000,0,22000,22000
04756P,大立光元富94售08,0,0,0,0,0,0,0,0,0,22000,0,0,0,52000,30000,22000,22000
048066,樺漢統一93購01  ,0,0,0,0,0,0,0,0,0,22000,0,0,0,60000,38000,22000,22000
048237,致茂國票94購01  ,0,0,0,0,0,0,0,0,0,22000,0,0,0,67000,45000,22000,22000
052980,上銀元大96購03  ,0,0,0,0,0,0,0,0,0,22000,0,0,0,54000,32000,22000,22000
052628,樺漢中信96購01  ,0,0,0,0,0,0,0,0,0,22000,0,0,0,60000,38000,22000,22000
052682,上銀元大97購01  ,0,0,0,0,0,0,0,0,0,22000,0,0,0,22000,0,22000,22000
05228P,大立光元富95售09,0,0,0,0,0,0,0,0,0,22000,0,0,0,32000,10000,22000,22000
3679,新至陞          ,68000,45000,23000,0,0,0,0,0,0,-1000,0,1000,-1000,0,0,0,22000
3010,華立            ,113000,90000,23000,0,0,0,0,0,0,-1000,1000,2000,-1000,0,0,0,22000
05949P,台積電國票96售09,0,0,0,0,0,0,0,0,0,22000,0,0,0,22000,0,22000,22000
1108,幸福            ,28000,5000,23000,0,0,0,0,0,0,-1000,0,1000,-1000,0,0,0,22000
054890,聯鈞統一99購01  ,0,0,0,0,0,0,0,0,0,21000,0,0,0,79000,58000,21000,21000
05697P,友達凱基96售01  ,0,0,0,0,0,0,0,0,0,21000,0,0,0,21000,0,21000,21000
055145,T50反1元大97購04,0,0,0,0,0,0,0,0,0,21000,0,0,0,21000,0,21000,21000
054937,國巨元大97購03  ,0,0,0,0,0,0,0,0,0,21000,0,0,0,53000,32000,21000,21000
04594P,緯穎元大94售04  ,0,0,0,0,0,0,0,0,0,21000,0,0,0,21000,0,21000,21000
041916,大立光中信93購01,0,0,0,0,0,0,0,0,0,21000,0,0,0,25000,4000,21000,21000
03756P,創意永豐93售01  ,0,0,0,0,0,0,0,0,0,21000,0,0,0,21000,0,21000,21000
03368P,臺股指元大02售11,0,0,0,0,0,0,0,0,0,21000,0,0,0,21000,0,21000,21000
045451,聯發科富邦93購01,0,0,0,0,0,0,0,0,0,21000,0,0,0,26000,5000,21000,21000
044602,大立光國泰93購01,0,0,0,0,0,0,0,0,0,21000,0,0,0,150000,129000,21000,21000
047844,台虹元大93購02  ,0,0,0,0,0,0,0,0,0,21000,0,0,0,21000,0,21000,21000
052464,大立光統一95購05,0,0,0,0,0,0,0,0,0,21000,0,0,0,66000,45000,21000,21000
052589,群創永豐97購01  ,0,0,0,0,0,0,0,0,0,21000,0,0,0,21000,0,21000,21000
06212P,華新科元大97售11,0,0,0,0,0,0,0,0,0,21000,0,0,0,21000,0,21000,21000
1773,勝一            ,65000,37000,28000,0,0,0,0,0,0,-7000,4000,11000,-7000,0,0,0,21000
5234,達興材料        ,135000,91000,44000,0,0,0,0,0,0,-23000,0,22000,-22000,0,1000,-1000,21000
055064,碩天永豐97購01  ,0,0,0,0,0,0,0,0,0,20000,0,0,0,20000,0,20000,20000
055113,大立光凱基98購06,0,0,0,0,0,0,0,0,0,20000,0,0,0,40000,20000,20000,20000
05556P,全新國票96售04  ,0,0,0,0,0,0,0,0,0,20000,0,0,0,20000,0,20000,20000
05625P,國巨國票97售01  ,0,0,0,0,0,0,0,0,0,20000,0,0,0,20000,0,20000,20000
05582P,群創凱基98售06  ,0,0,0,0,0,0,0,0,0,20000,0,0,0,20000,0,20000,20000
055861,矽力元大97購03  ,0,0,0,0,0,0,0,0,0,20000,0,0,0,20000,0,20000,20000
054625,旺宏凱基98購03  ,0,0,0,0,0,0,0,0,0,20000,0,0,0,51000,31000,20000,20000
054524,華通元富96購03  ,0,0,0,0,0,0,0,0,0,20000,0,0,0,20000,0,20000,20000
054458,復盛群益96購01  ,0,0,0,0,0,0,0,0,0,20000,0,0,0,30000,10000,20000,20000
054484,仁寶台新96購01  ,0,0,0,0,0,0,0,0,0,20000,0,0,0,60000,40000,20000,20000
054441,力成台新96購01  ,0,0,0,0,0,0,0,0,0,20000,0,0,0,20000,0,20000,20000
05432P,國巨元富95售07  ,0,0,0,0,0,0,0,0,0,20000,0,0,0,20000,0,20000,20000
05364P,臺股指富邦95售04,0,0,0,0,0,0,0,0,0,20000,0,0,0,20000,0,20000,20000
053644,台表科國票97購03,0,0,0,0,0,0,0,0,0,20000,0,0,0,20000,0,20000,20000
054036,T50反1元大96購08,0,0,0,0,0,0,0,0,0,20000,0,0,0,20000,0,20000,20000
054203,滬深2X國票96購03,0,0,0,0,0,0,0,0,0,20000,0,0,0,20000,0,20000,20000
054228,貿聯元富96購03  ,0,0,0,0,0,0,0,0,0,20000,0,0,0,20000,0,20000,20000
046268,嘉晶凱基93購02  ,0,0,0,0,0,0,0,0,0,20000,0,0,0,30000,10000,20000,20000
045206,創意國泰93購02  ,0,0,0,0,0,0,0,0,0,20000,0,0,0,175000,155000,20000,20000
04615P,華新科群益94售03,0,0,0,0,0,0,0,0,0,20000,0,0,0,20000,0,20000,20000
04493P,漢唐永豐94售01  ,0,0,0,0,0,0,0,0,0,20000,0,0,0,20000,0,20000,20000
044978,智邦國票92購01  ,0,0,0,0,0,0,0,0,0,20000,0,0,0,20000,0,20000,20000
046567,正崴元富92購01  ,0,0,0,0,0,0,0,0,0,20000,0,0,0,20000,0,20000,20000
046551,聯發科麥證92購02,0,0,0,30000,10000,20000,0,0,0,20000,0,0,0,30000,10000,20000,20000
046540,創意群益92購04  ,0,0,0,0,0,0,0,0,0,20000,0,0,0,30000,10000,20000,20000
045414,康控群益94購02  ,0,0,0,0,0,0,0,0,0,20000,0,0,0,30000,10000,20000,20000
045738,強茂群益92購01  ,0,0,0,0,0,0,0,0,0,20000,0,0,0,20000,0,20000,20000
049329,元上證統一94購02,0,0,0,0,0,0,0,0,0,20000,0,0,0,20000,0,20000,20000
04940P,台積電國票95售02,0,0,0,0,0,0,0,0,0,20000,0,0,0,20000,0,20000,20000
049580,國巨元大94購07  ,0,0,0,0,0,0,0,0,0,20000,0,0,0,20000,0,20000,20000
049596,智伸科元大95購01,0,0,0,0,0,0,0,0,0,20000,0,0,0,20000,0,20000,20000
03399P,欣興中信02售03  ,0,0,0,0,0,0,0,0,0,20000,0,0,0,44000,24000,20000,20000
03266P,寶成國票04售01  ,0,0,0,0,0,0,0,0,0,20000,0,0,0,20000,0,20000,20000
03148P,聯電群益03售04  ,0,0,0,0,0,0,0,0,0,20000,0,0,0,20000,0,20000,20000
043051,天鈺國泰93購01  ,0,0,0,0,0,0,0,0,0,20000,0,0,0,50000,30000,20000,20000
03700P,貿聯元大93售01  ,0,0,0,0,0,0,0,0,0,20000,0,0,0,20000,0,20000,20000
03641C,臺股指凱基95牛18,0,0,0,0,0,0,0,0,0,20000,0,0,0,30000,10000,20000,20000
03110P,聯發科元大01售26,0,0,0,0,0,0,0,0,0,20000,0,0,0,20000,0,20000,20000
00757,統一FANG+       ,0,0,0,0,0,0,0,0,0,20000,0,0,0,222000,202000,20000,20000
04018P,亞光永豐93售01  ,0,0,0,0,0,0,0,0,0,20000,0,0,0,20000,0,20000,20000
043591,智邦元大92購02  ,0,0,0,0,0,0,0,0,0,20000,0,0,0,20000,0,20000,20000
043599,宏達電元大93購03,0,0,0,0,0,0,0,0,0,20000,0,0,0,30000,10000,20000,20000
03969P,華新科國票94售01,0,0,0,0,0,0,0,0,0,20000,0,0,0,20000,0,20000,20000
03936P,上銀元大93售06  ,0,0,0,0,0,0,0,0,0,20000,0,0,0,20000,0,20000,20000
04241P,欣興國泰95售02  ,0,0,0,0,0,0,0,0,0,20000,0,0,0,20000,0,20000,20000
046016,緯穎元富92購04  ,0,0,0,0,0,0,0,0,0,20000,0,0,0,70000,50000,20000,20000
04393P,牧德凱基94售06  ,0,0,0,0,0,0,0,0,0,20000,0,0,0,20000,0,20000,20000
047881,和鑫國泰95購01  ,0,0,0,0,0,0,0,0,0,20000,0,0,0,60000,40000,20000,20000
046967,元油反群益93購01,0,0,0,0,0,0,0,0,0,20000,0,0,0,20000,0,20000,20000
049697,群創元大98購01  ,0,0,0,0,0,0,0,0,0,20000,0,0,0,61000,41000,20000,20000
047094,聯發科麥證93購02,0,0,0,30000,10000,20000,0,0,0,20000,0,0,0,30000,10000,20000,20000
047925,可成凱基94購01  ,0,0,0,0,0,0,0,0,0,20000,0,0,0,20000,0,20000,20000
048720,智易永豐94購02  ,0,0,0,0,0,0,0,0,0,20000,0,0,0,20000,0,20000,20000
048735,美利達麥證95購01,0,0,0,20000,0,20000,0,0,0,20000,0,0,0,20000,0,20000,20000
048744,儒鴻元富97購01  ,0,0,0,0,0,0,0,0,0,20000,0,0,0,20000,0,20000,20000
047764,燿華元大93購03  ,0,0,0,0,0,0,0,0,0,20000,0,0,0,20000,0,20000,20000
047441,聯發科元大93購15,0,0,0,0,0,0,0,0,0,20000,0,0,0,170000,150000,20000,20000
049772,臺股指元富94購01,0,0,0,0,0,0,0,0,0,20000,0,0,0,20000,0,20000,20000
050207,百和群益95購01  ,0,0,0,0,0,0,0,0,0,20000,0,0,0,20000,0,20000,20000
050295,大立光凱基94購16,0,0,0,0,0,0,0,0,0,20000,0,0,0,20000,0,20000,20000
050574,微星國票94購01  ,0,0,0,0,0,0,0,0,0,20000,0,0,0,20000,0,20000,20000
050600,瑞儀國泰95購01  ,0,0,0,0,0,0,0,0,0,20000,0,0,0,20000,0,20000,20000
049115,創意統一94購03  ,0,0,0,0,0,0,0,0,0,20000,0,0,0,20000,0,20000,20000
049156,緯穎元大96購01  ,0,0,0,0,0,0,0,0,0,20000,0,0,0,20000,0,20000,20000
047226,義隆凱基94購01  ,0,0,0,0,0,0,0,0,0,20000,0,0,0,20000,0,20000,20000
047304,元油2X元大96購02,0,0,0,0,0,0,0,0,0,20000,0,0,0,20000,0,20000,20000
048454,合勤控凱基94購01,0,0,0,0,0,0,0,0,0,20000,0,0,0,20000,0,20000,20000
048469,微星永豐93購03  ,0,0,0,0,0,0,0,0,0,20000,0,0,0,20000,0,20000,20000
048536,南電國票93購04  ,0,0,0,0,0,0,0,0,0,20000,0,0,0,20000,0,20000,20000
04814P,健策元大96售01  ,0,0,0,0,0,0,0,0,0,20000,0,0,0,20000,0,20000,20000
052549,喬山國票97購01  ,0,0,0,0,0,0,0,0,0,20000,0,0,0,20000,0,20000,20000
052556,聯發科國票97購01,0,0,0,0,0,0,0,0,0,20000,0,0,0,20000,0,20000,20000
052421,元油反國票9B購01,0,0,0,0,0,0,0,0,0,20000,0,0,0,20000,0,20000,20000
052440,上証2X元大95購02,0,0,0,0,0,0,0,0,0,20000,0,0,0,20000,0,20000,20000
052361,大成鋼國票96購01,0,0,0,0,0,0,0,0,0,20000,0,0,0,20000,0,20000,20000
052876,GIS凱基96購03   ,0,0,0,0,0,0,0,0,0,20000,0,0,0,20000,0,20000,20000
052868,緯創凱基96購03  ,0,0,0,0,0,0,0,0,0,20000,0,0,0,20000,0,20000,20000
053021,國巨國泰97購04  ,0,0,0,0,0,0,0,0,0,20000,0,0,0,20000,0,20000,20000
053206,聯發科麥證96購02,0,0,0,20000,0,20000,0,0,0,20000,0,0,0,20000,0,20000,20000
053149,京元電元大96購02,0,0,0,0,0,0,0,0,0,20000,0,0,0,20000,0,20000,20000
053140,燿華永豐96購02  ,0,0,0,0,0,0,0,0,0,20000,0,0,0,20000,0,20000,20000
05311P,臺股指群益95售10,0,0,0,0,0,0,0,0,0,20000,0,0,0,20000,0,20000,20000
053467,鴻海元大96購20  ,0,0,0,0,0,0,0,0,0,20000,0,0,0,54000,34000,20000,20000
050994,欣興元大96購03  ,0,0,0,0,0,0,0,0,0,20000,0,0,0,20000,0,20000,20000
051095,貿聯元大95購03  ,0,0,0,0,0,0,0,0,0,20000,0,0,0,30000,10000,20000,20000
051479,兆豐金凱基95購01,0,0,0,0,0,0,0,0,0,20000,0,0,0,20000,0,20000,20000
051795,T50反1台新05購02,0,0,0,0,0,0,0,0,0,20000,0,0,0,25000,5000,20000,20000
052137,台表科凱基96購02,0,0,0,0,0,0,0,0,0,20000,0,0,0,60000,40000,20000,20000
05211P,國巨國票96售05  ,0,0,0,0,0,0,0,0,0,20000,0,0,0,20000,0,20000,20000
2314,台揚            ,142000,181000,-39000,0,0,0,0,0,0,59000,1000,6000,-5000,64000,0,64000,20000
2611,志信            ,27000,7000,20000,0,0,0,0,0,0,0,0,0,0,0,0,0,20000
06223P,漢唐元富97售02  ,0,0,0,0,0,0,0,0,0,20000,0,0,0,30000,10000,20000,20000
05940P,聯發科凱基96售21,0,0,0,0,0,0,0,0,0,20000,0,0,0,20000,0,20000,20000
05910P,力山永豐96售02  ,0,0,0,0,0,0,0,0,0,20000,0,0,0,20000,0,20000,20000
05868P,台積電凱基96售17,0,0,0,0,0,0,0,0,0,20000,0,0,0,20000,0,20000,20000
06053P,緯穎國票97售05  ,0,0,0,0,0,0,0,0,0,20000,0,0,0,20000,0,20000,20000
05781P,臺股指統一99售02,0,0,0,0,0,0,0,0,0,19000,0,0,0,19000,0,19000,19000
055443,台虹國票98購01  ,0,0,0,0,0,0,0,0,0,19000,0,0,0,38000,19000,19000,19000
04934P,鴻海中信94售05  ,0,0,0,0,0,0,0,0,0,19000,0,0,0,49000,30000,19000,19000
049208,台郡群益94購01  ,0,0,0,0,0,0,0,0,0,19000,0,0,0,20000,1000,19000,19000
050523,義隆元大94購05  ,0,0,0,0,0,0,0,0,0,19000,0,0,0,20000,1000,19000,19000
047576,技嘉群益94購01  ,0,0,0,0,0,0,0,0,0,19000,0,0,0,19000,0,19000,19000
04774P,金融類元大94售02,0,0,0,0,0,0,0,0,0,19000,0,0,0,20000,1000,19000,19000
047763,旺宏元大94購04  ,0,0,0,0,0,0,0,0,0,19000,0,0,0,62000,43000,19000,19000
049911,智邦元大94購05  ,0,0,0,0,0,0,0,0,0,19000,0,0,0,149000,130000,19000,19000
051017,聯發科凱基95購04,0,0,0,0,0,0,0,0,0,19000,0,0,0,114000,95000,19000,19000
051372,樺漢富邦96購01  ,0,0,0,0,0,0,0,0,0,19000,0,0,0,20000,1000,19000,19000
053332,創意永豐96購03  ,0,0,0,0,0,0,0,0,0,19000,0,0,0,44000,25000,19000,19000
053350,台表科國票97購02,0,0,0,0,0,0,0,0,0,19000,0,0,0,19000,0,19000,19000
052998,拓凱康和96購01  ,0,0,0,0,0,0,0,0,0,19000,0,0,0,32000,13000,19000,19000
052661,奇力新國票97購03,0,0,0,0,0,0,0,0,0,19000,0,0,0,35000,16000,19000,19000
05259P,臺股指凱基96售12,0,0,0,0,0,0,0,0,0,19000,0,0,0,36000,17000,19000,19000
08388P,台灣50中信03售09,0,0,0,0,0,0,0,0,0,19000,0,0,0,19000,0,19000,19000
4155,訊映            ,68000,63000,5000,0,0,0,0,0,0,14000,15000,1000,14000,0,0,0,19000
055330,上銀兆豐98購02  ,0,0,0,0,0,0,0,0,0,18000,0,0,0,27000,9000,18000,18000
054973,台郡元大98購02  ,0,0,0,0,0,0,0,0,0,18000,0,0,0,28000,10000,18000,18000
055708,茂林永豐97購02  ,0,0,0,0,0,0,0,0,0,18000,0,0,0,20000,2000,18000,18000
054330,世芯永豐96購02  ,0,0,0,0,0,0,0,0,0,18000,0,0,0,80000,62000,18000,18000
054363,世芯凱基97購01  ,0,0,0,0,0,0,0,0,0,18000,0,0,0,18000,0,18000,18000
049492,聯發科元大95購02,0,0,0,0,0,0,0,0,0,18000,0,0,0,40000,22000,18000,18000
046351,智邦群益92購01  ,0,0,0,0,0,0,0,0,0,18000,0,0,0,18000,0,18000,18000
044879,上証2X群益93購01,0,0,0,0,0,0,0,0,0,18000,0,0,0,20000,2000,18000,18000
043765,GIS元大93購04   ,0,0,0,0,0,0,0,0,0,18000,0,0,0,18000,0,18000,18000
039319,華新科國泰92購01,0,0,0,0,0,0,0,0,0,18000,0,0,0,18000,0,18000,18000
03650C,T50反1元大98牛05,0,0,0,0,0,0,0,0,0,18000,0,0,0,18000,0,18000,18000
047773,超眾元大96購01  ,0,0,0,0,0,0,0,0,0,18000,0,0,0,18000,0,18000,18000
050174,技嘉元大94購01  ,0,0,0,0,0,0,0,0,0,18000,0,0,0,25000,7000,18000,18000
050461,GIS元大95購04   ,0,0,0,0,0,0,0,0,0,18000,0,0,0,20000,2000,18000,18000
050303,S&P反1中信96購01,0,0,0,0,0,0,0,0,0,18000,0,0,0,18000,0,18000,18000
049370,可成元大94購03  ,0,0,0,0,0,0,0,0,0,18000,0,0,0,238000,220000,18000,18000
048405,嘉晶群益93購03  ,0,0,0,0,0,0,0,0,0,18000,0,0,0,18000,0,18000,18000
052014,光罩永豐95購01  ,0,0,0,0,0,0,0,0,0,18000,0,0,0,147000,129000,18000,18000
051466,玉晶光富邦97購01,0,0,0,0,0,0,0,0,0,18000,0,0,0,18000,0,18000,18000
2881A,富邦特          ,13000,0,13000,0,0,0,0,0,0,5000,5000,0,5000,0,0,0,18000
06034P,世芯凱基96售03  ,0,0,0,0,0,0,0,0,0,18000,0,0,0,18000,0,18000,18000
05831P,臺股指元富96售03,0,0,0,0,0,0,0,0,0,18000,0,0,0,18000,0,18000,18000
054826,復盛元大9A購01  ,0,0,0,0,0,0,0,0,0,17000,0,0,0,61000,44000,17000,17000
055843,美律元大97購02  ,0,0,0,0,0,0,0,0,0,17000,0,0,0,42000,25000,17000,17000
05617P,大立光統一97售02,0,0,0,0,0,0,0,0,0,17000,0,0,0,36000,19000,17000,17000
055000,玉晶光元富97購04,0,0,0,0,0,0,0,0,0,17000,0,0,0,20000,3000,17000,17000
00851,台新全球AI      ,0,0,0,0,0,0,0,0,0,17000,0,0,0,30000,13000,17000,17000
048384,遠東新國票94購01,0,0,0,0,0,0,0,0,0,17000,0,0,0,22000,5000,17000,17000
048962,宏全康和94購01  ,0,0,0,0,0,0,0,0,0,17000,0,0,0,17000,0,17000,17000
050005,京鼎永豐94購01  ,0,0,0,0,0,0,0,0,0,17000,0,0,0,59000,42000,17000,17000
047015,上銀元大93購03  ,0,0,0,0,0,0,0,0,0,17000,0,0,0,20000,3000,17000,17000
051442,正崴元大95購02  ,0,0,0,0,0,0,0,0,0,17000,0,0,0,17000,0,17000,17000
051099,台郡元大95購03  ,0,0,0,0,0,0,0,0,0,17000,0,0,0,39000,22000,17000,17000
051066,台積電國票96購02,0,0,0,0,0,0,0,0,0,17000,0,0,0,60000,43000,17000,17000
051001,緯穎元大96購02  ,0,0,0,0,0,0,0,0,0,17000,0,0,0,27000,10000,17000,17000
052804,淘帝元大96購01  ,0,0,0,0,0,0,0,0,0,17000,0,0,0,27000,10000,17000,17000
2820,華票            ,183000,166000,17000,0,0,0,0,0,0,0,0,0,0,0,0,0,17000
055826,中石化元大97購01,0,0,0,0,0,0,0,0,0,16000,0,0,0,61000,45000,16000,16000
055662,上銀中信99購01  ,0,0,0,0,0,0,0,0,0,16000,0,0,0,150000,134000,16000,16000
054905,國揚康和97購01  ,0,0,0,0,0,0,0,0,0,16000,0,0,0,21000,5000,16000,16000
054435,華新科台新97購02,0,0,0,0,0,0,0,0,0,16000,0,0,0,54000,38000,16000,16000
053874,台表科元大96購05,0,0,0,0,0,0,0,0,0,16000,0,0,0,20000,4000,16000,16000
04115P,欣興群益93售06  ,0,0,0,0,0,0,0,0,0,16000,0,0,0,16000,0,16000,16000
043289,欣興元大92購01  ,0,0,0,0,0,0,0,0,0,16000,0,0,0,16000,0,16000,16000
042754,元黃金元大93購01,0,0,0,0,0,0,0,0,0,16000,0,0,0,36000,20000,16000,16000
040160,SP黃豆元富95購01,0,0,0,0,0,0,0,0,0,16000,0,0,0,21000,5000,16000,16000
046201,台郡凱基92購01  ,0,0,0,0,0,0,0,0,0,16000,0,0,0,16000,0,16000,16000
045558,冠德國票92購01  ,0,0,0,0,0,0,0,0,0,16000,0,0,0,16000,0,16000,16000
04549P,茂林元大94售02  ,0,0,0,0,0,0,0,0,0,16000,0,0,0,16000,0,16000,16000
044563,亞德客凱基92購01,0,0,0,0,0,0,0,0,0,16000,0,0,0,19000,3000,16000,16000
049478,祥碩永豐94購02  ,0,0,0,0,0,0,0,0,0,16000,0,0,0,51000,35000,16000,16000
04693P,超眾群益95售01  ,0,0,0,0,0,0,0,0,0,16000,0,0,0,76000,60000,16000,16000
050122,臺指反凱基96購01,0,0,0,0,0,0,0,0,0,16000,0,0,0,16000,0,16000,16000
047106,喬山元大93購01  ,0,0,0,0,0,0,0,0,0,16000,0,0,0,16000,0,16000,16000
04692P,大立光群益94售06,0,0,0,0,0,0,0,0,0,16000,0,0,0,16000,0,16000,16000
049249,台達電元大94購05,0,0,0,0,0,0,0,0,0,16000,0,0,0,16000,0,16000,16000
052236,聯發科國票96購03,0,0,0,0,0,0,0,0,0,16000,0,0,0,16000,0,16000,16000
052961,國巨凱基97購02  ,0,0,0,0,0,0,0,0,0,16000,0,0,0,104000,88000,16000,16000
051490,世芯凱基96購01  ,0,0,0,0,0,0,0,0,0,16000,0,0,0,23000,7000,16000,16000
05153P,台表科群益96售01,0,0,0,0,0,0,0,0,0,16000,0,0,0,16000,0,16000,16000
051822,和碩元富95購01  ,0,0,0,0,0,0,0,0,0,16000,0,0,0,48000,32000,16000,16000
052079,康友元富98購01  ,0,0,0,0,0,0,0,0,0,16000,0,0,0,61000,45000,16000,16000
052095,彩晶元大97購01  ,0,0,0,0,0,0,0,0,0,16000,0,0,0,24000,8000,16000,16000
1437,勤益控          ,80000,65000,15000,0,0,0,0,0,0,1000,1000,0,1000,0,0,0,16000
053795,群創亞東96購01  ,0,0,0,0,0,0,0,0,0,15000,0,0,0,15000,0,15000,15000
054049,亞光元大96購03  ,0,0,0,0,0,0,0,0,0,15000,0,0,0,19000,4000,15000,15000
05404P,台積電群益95售06,0,0,0,0,0,0,0,0,0,15000,0,0,0,15000,0,15000,15000
054518,亞光元大97購01  ,0,0,0,0,0,0,0,0,0,15000,0,0,0,186000,171000,15000,15000
05555P,健策群益98售01  ,0,0,0,0,0,0,0,0,0,15000,0,0,0,20000,5000,15000,15000
049388,南電元大94購05  ,0,0,0,0,0,0,0,0,0,15000,0,0,0,15000,0,15000,15000
046556,道瓊指凱基92購01,0,0,0,0,0,0,0,0,0,15000,0,0,0,15000,0,15000,15000
045644,祥碩凱基92購01  ,0,0,0,0,0,0,0,0,0,15000,0,0,0,15000,0,15000,15000
03996P,旺宏國泰95售01  ,0,0,0,0,0,0,0,0,0,15000,0,0,0,15000,0,15000,15000
04260P,亞德客群益93售01,0,0,0,0,0,0,0,0,0,15000,0,0,0,25000,10000,15000,15000
03149P,鴻海群益01售12  ,0,0,0,0,0,0,0,0,0,15000,0,0,0,15000,0,15000,15000
03418P,大毅群益02售03  ,0,0,0,0,0,0,0,0,0,15000,0,0,0,15000,0,15000,15000
00683L,元大美元指數正2 ,0,0,0,0,0,0,0,0,0,15000,0,0,0,65000,50000,15000,15000
049148,全新元大95購01  ,0,0,0,0,0,0,0,0,0,15000,0,0,0,20000,5000,15000,15000
050559,聯發科統一94購10,0,0,0,0,0,0,0,0,0,15000,0,0,0,572000,557000,15000,15000
050533,致新元大94購03  ,0,0,0,0,0,0,0,0,0,15000,0,0,0,15000,0,15000,15000
047561,啟碁凱基93購03  ,0,0,0,0,0,0,0,0,0,15000,0,0,0,15000,0,15000,15000
04782P,智伸科統一96售01,0,0,0,0,0,0,0,0,0,15000,0,0,0,15000,0,15000,15000
048733,台勝科麥證95購02,0,0,0,102000,87000,15000,0,0,0,15000,0,0,0,102000,87000,15000,15000
048652,巨大元大96購01  ,0,0,0,0,0,0,0,0,0,15000,0,0,0,15000,0,15000,15000
049858,百和群益94購05  ,0,0,0,0,0,0,0,0,0,15000,0,0,0,15000,0,15000,15000
048994,南電元大94購03  ,0,0,0,0,0,0,0,0,0,15000,0,0,0,15000,0,15000,15000
05203P,華新科元大95售10,0,0,0,0,0,0,0,0,0,15000,0,0,0,15000,0,15000,15000
051968,勤誠永豐95購01  ,0,0,0,0,0,0,0,0,0,15000,0,0,0,30000,15000,15000,15000
050965,揚明光永豐96購01,0,0,0,0,0,0,0,0,0,15000,0,0,0,15000,0,15000,15000
051069,智邦國票96購01  ,0,0,0,0,0,0,0,0,0,15000,0,0,0,25000,10000,15000,15000
051073,同欣電國票96購01,0,0,0,0,0,0,0,0,0,15000,0,0,0,15000,0,15000,15000
051026,健策統一96購01  ,0,0,0,0,0,0,0,0,0,15000,0,0,0,15000,0,15000,15000
05102P,臺股指凱基96售09,0,0,0,0,0,0,0,0,0,15000,0,0,0,15000,0,15000,15000
052490,禾伸堂國票95購01,0,0,0,0,0,0,0,0,0,15000,0,0,0,15000,0,15000,15000
052786,S&P500中信96購01,0,0,0,0,0,0,0,0,0,15000,0,0,0,15000,0,15000,15000
05273P,國巨群益95售02  ,0,0,0,0,0,0,0,0,0,15000,0,0,0,15000,0,15000,15000
1439,中和            ,52000,37000,15000,0,0,0,0,0,0,0,0,0,0,0,0,0,15000
1517,利奇            ,18000,0,18000,0,0,0,0,0,0,-3000,0,3000,-3000,0,0,0,15000
06383P,聯茂元富97售01  ,0,0,0,0,0,0,0,0,0,15000,0,0,0,15000,0,15000,15000
2887F,台新戊特二      ,0,0,0,0,0,0,0,0,0,15000,0,0,0,15000,0,15000,15000
6451,訊芯-KY         ,524000,295000,229000,0,0,0,0,214000,-214000,0,13000,3000,10000,3000,13000,-10000,15000
05440P,緯穎國票96售02  ,0,0,0,0,0,0,0,0,0,14000,0,0,0,20000,6000,14000,14000
03012X,元展12          ,0,0,0,0,0,0,0,0,0,14000,0,0,0,15000,1000,14000,14000
03417P,瑞昱群益04售01  ,0,0,0,0,0,0,0,0,0,14000,0,0,0,15000,1000,14000,14000
04280P,宏達電台新93售01,0,0,0,0,0,0,0,0,0,14000,0,0,0,20000,6000,14000,14000
04236P,華新科群益93售03,0,0,0,0,0,0,0,0,0,14000,0,0,0,14000,0,14000,14000
045613,祥碩群益92購01  ,0,0,0,0,0,0,0,0,0,14000,0,0,0,14000,0,14000,14000
046419,聯鈞元大92購01  ,0,0,0,0,0,0,0,0,0,14000,0,0,0,14000,0,14000,14000
047838,亞光元大93購03  ,0,0,0,0,0,0,0,0,0,14000,0,0,0,18000,4000,14000,14000
047000,和大統一93購01  ,0,0,0,0,0,0,0,0,0,14000,0,0,0,14000,0,14000,14000
04795P,聯發科元大94售09,0,0,0,0,0,0,0,0,0,14000,0,0,0,30000,16000,14000,14000
05065P,燿華元大96售03  ,0,0,0,0,0,0,0,0,0,14000,0,0,0,14000,0,14000,14000
050458,台郡元大94購03  ,0,0,0,0,0,0,0,0,0,14000,0,0,0,14000,0,14000,14000
048895,光罩國泰95購01  ,0,0,0,0,0,0,0,0,0,14000,0,0,0,54000,40000,14000,14000
052270,力成日盛95購01  ,0,0,0,0,0,0,0,0,0,14000,0,0,0,14000,0,14000,14000
053459,康控國泰97購01  ,0,0,0,0,0,0,0,0,0,14000,0,0,0,14000,0,14000,14000
050804,和大日盛95購01  ,0,0,0,0,0,0,0,0,0,14000,0,0,0,17000,3000,14000,14000
051778,全新群益95購01  ,0,0,0,0,0,0,0,0,0,14000,0,0,0,14000,0,14000,14000
051668,智邦元大95購02  ,0,0,0,0,0,0,0,0,0,14000,0,0,0,69000,55000,14000,14000
6605,帝寶            ,57000,44000,13000,0,0,0,0,0,0,1000,1000,0,1000,0,0,0,14000
911608,明輝-DR         ,14000,0,14000,0,0,0,0,0,0,0,0,0,0,0,0,0,14000
8473,山林水          ,25000,11000,14000,0,0,0,0,0,0,0,0,0,0,0,0,0,14000
2059,川湖            ,164200,150000,14200,0,0,0,0,0,0,-1000,1000,3000,-2000,1000,0,1000,13200
054254,晶豪科元大96購02,0,0,0,0,0,0,0,0,0,13000,0,0,0,37000,24000,13000,13000
054717,亞德客永豐97購01,0,0,0,0,0,0,0,0,0,13000,0,0,0,41000,28000,13000,13000
05495P,大立光統一95售07,0,0,0,0,0,0,0,0,0,13000,0,0,0,13000,0,13000,13000
055027,牧德國泰99購01  ,0,0,0,0,0,0,0,0,0,13000,0,0,0,133000,120000,13000,13000
05648P,康控國票97售01  ,0,0,0,0,0,0,0,0,0,13000,0,0,0,13000,0,13000,13000
046521,台郡元大92購06  ,0,0,0,0,0,0,0,0,0,13000,0,0,0,13000,0,13000,13000
04567P,臺股指凱基95售01,0,0,0,0,0,0,0,0,0,13000,0,0,0,13000,0,13000,13000
049415,智邦凱基94購02  ,0,0,0,0,0,0,0,0,0,13000,0,0,0,43000,30000,13000,13000
03956P,欣興統一93售02  ,0,0,0,0,0,0,0,0,0,13000,0,0,0,13000,0,13000,13000
042255,群創國票92購01  ,0,0,0,0,0,0,0,0,0,13000,0,0,0,13000,0,13000,13000
03608P,鴻海元大92售14  ,0,0,0,0,0,0,0,0,0,13000,0,0,0,13000,0,13000,13000
00635U,元大S&P黃金     ,186000,37000,149000,0,0,0,0,0,0,-136000,0,0,0,338000,474000,-136000,13000
048594,泰鼎群益93購02  ,0,0,0,0,0,0,0,0,0,13000,0,0,0,54000,41000,13000,13000
047167,農林康和93購01  ,0,0,0,0,0,0,0,0,0,13000,0,0,0,25000,12000,13000,13000
049769,和鑫元富96購01  ,0,0,0,0,0,0,0,0,0,13000,0,0,0,13000,0,13000,13000
050046,矽力兆豐94購01  ,0,0,0,0,0,0,0,0,0,13000,0,0,0,13000,0,13000,13000
05082P,健策永豐95售02  ,0,0,0,0,0,0,0,0,0,13000,0,0,0,13000,0,13000,13000
051202,智邦麥證95購01  ,0,0,0,23000,10000,13000,0,0,0,13000,0,0,0,23000,10000,13000,13000
053310,彩晶凱基98購02  ,0,0,0,0,0,0,0,0,0,13000,0,0,0,21000,8000,13000,13000
053223,台郡凱基96購02  ,0,0,0,0,0,0,0,0,0,13000,0,0,0,13000,0,13000,13000
052739,國巨元大96購04  ,0,0,0,0,0,0,0,0,0,13000,0,0,0,18000,5000,13000,13000
1733,五鼎            ,108000,103000,5000,0,0,0,0,0,0,8000,15000,7000,8000,0,0,0,13000
2477,美隆電          ,27000,14000,13000,0,0,0,0,0,0,0,0,0,0,0,0,0,13000
4306,炎洲            ,96000,103000,-7000,0,0,0,0,0,0,20000,23000,3000,20000,0,0,0,13000
3494,誠研            ,17000,3000,14000,0,0,0,0,0,0,-1000,0,1000,-1000,0,0,0,13000
8201,無敵            ,16000,3000,13000,0,0,0,0,0,0,0,0,0,0,0,0,0,13000
5607,遠雄港          ,419000,390743,28257,0,0,0,0,0,0,-16000,6000,22000,-16000,0,0,0,12257
05522P,友達元富96售02  ,0,0,0,0,0,0,0,0,0,12000,0,0,0,72000,60000,12000,12000
05543P,鴻海元富96售04  ,0,0,0,0,0,0,0,0,0,12000,0,0,0,12000,0,12000,12000
054472,道瓊反中信9A購01,0,0,0,0,0,0,0,0,0,12000,0,0,0,82000,70000,12000,12000
054045,奇力新元大97購03,0,0,0,0,0,0,0,0,0,12000,0,0,0,23000,11000,12000,12000
04321P,國巨元大93售12  ,0,0,0,0,0,0,0,0,0,12000,0,0,0,12000,0,12000,12000
046003,欣興統一92購02  ,0,0,0,0,0,0,0,0,0,12000,0,0,0,12000,0,12000,12000
04596P,臺股指元大94售14,0,0,0,0,0,0,0,0,0,12000,0,0,0,12000,0,12000,12000
046740,大立光群益95購01,0,0,0,0,0,0,0,0,0,12000,0,0,0,19000,7000,12000,12000
046855,嘉晶元大94購01  ,0,0,0,0,0,0,0,0,0,12000,0,0,0,12000,0,12000,12000
04511P,臺股指元大94售06,0,0,0,0,0,0,0,0,0,12000,0,0,0,12000,0,12000,12000
047187,亞光元大94購01  ,0,0,0,0,0,0,0,0,0,12000,0,0,0,23000,11000,12000,12000
049170,亞德客凱基94購01,0,0,0,0,0,0,0,0,0,12000,0,0,0,12000,0,12000,12000
047311,台積電元大93購19,0,0,0,0,0,0,0,0,0,12000,0,0,0,12000,0,12000,12000
052754,上証2X群益9A購01,0,0,0,0,0,0,0,0,0,12000,0,0,0,12000,0,12000,12000
052713,智邦凱基96購01  ,0,0,0,0,0,0,0,0,0,12000,0,0,0,22000,10000,12000,12000
052347,GIS凱基95購05   ,0,0,0,0,0,0,0,0,0,12000,0,0,0,12000,0,12000,12000
050900,台郡元大95購02  ,0,0,0,0,0,0,0,0,0,12000,0,0,0,34000,22000,12000,12000
051650,矽力永豐95購01  ,0,0,0,0,0,0,0,0,0,12000,0,0,0,12000,0,12000,12000
4930,燦星網          ,16000,4000,12000,0,0,0,0,0,0,0,0,0,0,0,0,0,12000
3002,歐格            ,18000,8000,10000,0,0,0,0,0,0,2000,3000,1000,2000,0,0,0,12000
1810,和成            ,26000,12000,14000,0,0,0,0,0,0,-2000,2000,4000,-2000,0,0,0,12000
06003P,亞光康和96售02  ,0,0,0,0,0,0,0,0,0,12000,0,0,0,12000,0,12000,12000
054171,台郡凱基97購01  ,0,0,0,0,0,0,0,0,0,11000,0,0,0,11000,0,11000,11000
053595,創意元大96購02  ,0,0,0,0,0,0,0,0,0,11000,0,0,0,11000,0,11000,11000
054720,禾伸堂永豐97購01,0,0,0,0,0,0,0,0,0,11000,0,0,0,11000,0,11000,11000
054587,玉晶光國泰99購01,0,0,0,0,0,0,0,0,0,11000,0,0,0,13000,2000,11000,11000
054914,億光凱基98購01  ,0,0,0,0,0,0,0,0,0,11000,0,0,0,21000,10000,11000,11000
054830,世芯國泰99購01  ,0,0,0,0,0,0,0,0,0,11000,0,0,0,15000,4000,11000,11000
054780,中石化群益99購01,0,0,0,0,0,0,0,0,0,11000,0,0,0,21000,10000,11000,11000
05523P,聯發科國票96售04,0,0,0,0,0,0,0,0,0,11000,0,0,0,11000,0,11000,11000
055031,南港富邦99購01  ,0,0,0,0,0,0,0,0,0,11000,0,0,0,51000,40000,11000,11000
054985,光罩元富97購01  ,0,0,0,0,0,0,0,0,0,11000,0,0,0,13000,2000,11000,11000
05789P,臺股指永昌96售06,0,0,0,0,0,0,0,0,0,11000,0,0,0,11000,0,11000,11000
05599P,欣興台新96售01  ,0,0,0,0,0,0,0,0,0,11000,0,0,0,30000,19000,11000,11000
044929,康控國泰93購01  ,0,0,0,0,0,0,0,0,0,11000,0,0,0,11000,0,11000,11000
045563,聯茂國票92購02  ,0,0,0,0,0,0,0,0,0,11000,0,0,0,11000,0,11000,11000
049486,旺宏元大94購08  ,0,0,0,0,0,0,0,0,0,11000,0,0,0,32000,21000,11000,11000
04660P,臺股指富邦94售03,0,0,0,0,0,0,0,0,0,11000,0,0,0,11000,0,11000,11000
046571,瑞昱國泰93購01  ,0,0,0,0,0,0,0,0,0,11000,0,0,0,11000,0,11000,11000
046758,聯發科凱基93購05,0,0,0,0,0,0,0,0,0,11000,0,0,0,25000,14000,11000,11000
04223P,友達統一93售05  ,0,0,0,0,0,0,0,0,0,11000,0,0,0,11000,0,11000,11000
043538,元石油國票97購01,0,0,0,0,0,0,0,0,0,11000,0,0,0,11000,0,11000,11000
00691R,兆豐藍籌30反1   ,0,0,0,0,0,0,0,0,0,11000,0,0,0,61000,50000,11000,11000
048329,台積電永昌93購07,0,0,0,0,0,0,0,0,0,11000,0,0,0,36000,25000,11000,11000
048158,大立光兆豐95購01,0,0,0,0,0,0,0,0,0,11000,0,0,0,20000,9000,11000,11000
050621,易華電元大95購01,0,0,0,0,0,0,0,0,0,11000,0,0,0,11000,0,11000,11000
049997,聯發科永豐94購04,0,0,0,0,0,0,0,0,0,11000,0,0,0,24000,13000,11000,11000
047783,聯茂國泰94購02  ,0,0,0,0,0,0,0,0,0,11000,0,0,0,21000,10000,11000,11000
046989,可成凱基93購03  ,0,0,0,0,0,0,0,0,0,11000,0,0,0,21000,10000,11000,11000
049691,可成元大94購06  ,0,0,0,0,0,0,0,0,0,11000,0,0,0,123000,112000,11000,11000
051681,日月光兆豐95購01,0,0,0,0,0,0,0,0,0,11000,0,0,0,105000,94000,11000,11000
051838,國巨國泰97購01  ,0,0,0,0,0,0,0,0,0,11000,0,0,0,11000,0,11000,11000
051919,台郡元大96購02  ,0,0,0,0,0,0,0,0,0,11000,0,0,0,42000,31000,11000,11000
050817,可成凱基95購01  ,0,0,0,0,0,0,0,0,0,11000,0,0,0,11000,0,11000,11000
051139,康友永豐95購01  ,0,0,0,0,0,0,0,0,0,11000,0,0,0,30000,19000,11000,11000
051333,義隆永豐95購02  ,0,0,0,0,0,0,0,0,0,11000,0,0,0,11000,0,11000,11000
052727,仁寶元富96購01  ,0,0,0,0,0,0,0,0,0,11000,0,0,0,11000,0,11000,11000
052870,玉晶光凱基96購03,0,0,0,0,0,0,0,0,0,11000,0,0,0,15000,4000,11000,11000
05320P,華通凱基96售03  ,0,0,0,0,0,0,0,0,0,11000,0,0,0,141000,130000,11000,11000
06100P,台積電日盛97售03,0,0,0,0,0,0,0,0,0,11000,0,0,0,14000,3000,11000,11000
06154P,超眾元大98售01  ,0,0,0,0,0,0,0,0,0,11000,0,0,0,11000,0,11000,11000
1533,車王電          ,22000,11000,11000,0,0,0,0,0,0,0,0,0,0,0,0,0,11000
1783,和康生          ,26000,15000,11000,0,0,0,0,0,0,0,0,0,0,0,0,0,11000
2929,淘帝-KY         ,271000,240000,31000,0,0,0,0,0,0,-20000,3000,1000,2000,0,22000,-22000,11000
055935,創意群益97購02  ,0,0,0,0,0,0,0,0,0,10000,0,0,0,20000,10000,10000,10000
055739,健鼎元富97購01  ,0,0,0,0,0,0,0,0,0,10000,0,0,0,10000,0,10000,10000
055806,致新永豐97購02  ,0,0,0,0,0,0,0,0,0,10000,0,0,0,10000,0,10000,10000
055809,T50反1國票98購02,0,0,0,0,0,0,0,0,0,10000,0,0,0,10000,0,10000,10000
05710P,禾伸堂國票97售02,0,0,0,0,0,0,0,0,0,10000,0,0,0,10000,0,10000,10000
05613P,臻鼎台新96售01  ,0,0,0,0,0,0,0,0,0,10000,0,0,0,20000,10000,10000,10000
055190,華新科元富97購01,0,0,0,0,0,0,0,0,0,10000,0,0,0,10000,0,10000,10000
055344,國巨凱基97購04  ,0,0,0,0,0,0,0,0,0,10000,0,0,0,10000,0,10000,10000
05562P,鴻海元大96售16  ,0,0,0,0,0,0,0,0,0,10000,0,0,0,10000,0,10000,10000
054817,聯發科元大97購13,0,0,0,0,0,0,0,0,0,10000,0,0,0,40000,30000,10000,10000
054897,信錦康和97購01  ,0,0,0,0,0,0,0,0,0,10000,0,0,0,10000,0,10000,10000
054697,凌華永豐97購01  ,0,0,0,0,0,0,0,0,0,10000,0,0,0,10000,0,10000,10000
054566,貿聯群益97購02  ,0,0,0,0,0,0,0,0,0,10000,0,0,0,10000,0,10000,10000
054311,世芯凱基96購02  ,0,0,0,0,0,0,0,0,0,10000,0,0,0,10000,0,10000,10000
053596,嘉澤元大96購01  ,0,0,0,0,0,0,0,0,0,10000,0,0,0,16000,6000,10000,10000
053592,亞光元大96購01  ,0,0,0,0,0,0,0,0,0,10000,0,0,0,25000,15000,10000,10000
053640,上緯控永豐96購01,0,0,0,0,0,0,0,0,0,10000,0,0,0,10000,0,10000,10000
053720,宏達電凱基97購01,0,0,0,0,0,0,0,0,0,10000,0,0,0,20000,10000,10000,10000
05377P,鴻海凱基95售18  ,0,0,0,0,0,0,0,0,0,10000,0,0,0,10000,0,10000,10000
053866,景碩元大97購02  ,0,0,0,0,0,0,0,0,0,10000,0,0,0,10000,0,10000,10000
054210,台光電國票97購03,0,0,0,0,0,0,0,0,0,10000,0,0,0,10000,0,10000,10000
054115,台塑康和96購01  ,0,0,0,0,0,0,0,0,0,10000,0,0,0,10000,0,10000,10000
05407P,超眾凱基95售04  ,0,0,0,0,0,0,0,0,0,10000,0,0,0,10000,0,10000,10000
054028,臻鼎凱基96購03  ,0,0,0,0,0,0,0,0,0,10000,0,0,0,10000,0,10000,10000
053978,創意元大96購05  ,0,0,0,0,0,0,0,0,0,10000,0,0,0,10000,0,10000,10000
03590P,臺股指元大03售13,0,0,0,0,0,0,0,0,0,10000,0,0,0,10000,0,10000,10000
00668,國泰美國道瓊    ,0,3000,-3000,0,0,0,0,0,0,13000,0,0,0,27000,14000,13000,10000
03004P,華擎群益02售02  ,0,0,0,0,0,0,0,0,0,10000,0,0,0,10000,0,10000,10000
03147P,台灣50群益03售02,0,0,0,0,0,0,0,0,0,10000,0,0,0,10000,0,10000,10000
03100P,玉晶光凱基03售04,0,0,0,0,0,0,0,0,0,10000,0,0,0,10000,0,10000,10000
03026X,元展23          ,0,0,0,0,0,0,0,0,0,10000,0,0,0,20000,10000,10000,10000
03033X,元展30          ,0,0,0,0,0,0,0,0,0,10000,0,0,0,30000,20000,10000,10000
042906,鴻海元大92購01  ,0,0,0,0,0,0,0,0,0,10000,0,0,0,10000,0,10000,10000
042918,矽格元大94購01  ,0,0,0,0,0,0,0,0,0,10000,0,0,0,10000,0,10000,10000
043344,可成富邦93購01  ,0,0,0,0,0,0,0,0,0,10000,0,0,0,10000,0,10000,10000
03332P,台積電元大02售17,0,0,0,0,0,0,0,0,0,10000,0,0,0,10000,0,10000,10000
03227P,大立光凱基02售05,0,0,0,0,0,0,0,0,0,10000,0,0,0,10000,0,10000,10000
03250P,日月光元富07售02,0,0,0,0,0,0,0,0,0,10000,0,0,0,10000,0,10000,10000
043484,TPK群益93購01   ,0,0,0,0,0,0,0,0,0,10000,0,0,0,10000,0,10000,10000
04012P,台積電元大93售23,0,0,0,0,0,0,0,0,0,10000,0,0,0,10000,0,10000,10000
040381,元金2X元富95購01,0,0,0,0,0,0,0,0,0,10000,0,0,0,10000,0,10000,10000
042679,群創元大92購02  ,0,0,0,0,0,0,0,0,0,10000,0,0,0,10000,0,10000,10000
03961P,GIS元富93售04   ,0,0,0,0,0,0,0,0,0,10000,0,0,0,10000,0,10000,10000
03981P,嘉澤凱基93售02  ,0,0,0,0,0,0,0,0,0,10000,0,0,0,10000,0,10000,10000
03954P,臺股指凱基93售05,0,0,0,0,0,0,0,0,0,10000,0,0,0,10000,0,10000,10000
04248P,臺股指永豐93售03,0,0,0,0,0,0,0,0,0,10000,0,0,0,10000,0,10000,10000
04208P,臺股指元大93售48,0,0,0,0,0,0,0,0,0,10000,0,0,0,10000,0,10000,10000
03887P,大立光元富93售02,0,0,0,0,0,0,0,0,0,10000,0,0,0,10000,0,10000,10000
04202P,華新科元大93售10,0,0,0,0,0,0,0,0,0,10000,0,0,0,10000,0,10000,10000
046033,義隆元大92購03  ,0,0,0,0,0,0,0,0,0,10000,0,0,0,20000,10000,10000,10000
043764,康友元大92購03  ,0,0,0,0,0,0,0,0,0,10000,0,0,0,10000,0,10000,10000
043731,泰鼎國泰92購01  ,0,0,0,0,0,0,0,0,0,10000,0,0,0,10000,0,10000,10000
043719,國巨統一93購02  ,0,0,0,0,0,0,0,0,0,10000,0,0,0,10000,0,10000,10000
043991,TPK元大92購01   ,0,0,0,0,0,0,0,0,0,10000,0,0,0,10000,0,10000,10000
04638P,臺股指群益94售13,0,0,0,0,0,0,0,0,0,10000,0,0,0,10000,0,10000,10000
046538,大立光群益93購06,0,0,0,0,0,0,0,0,0,10000,0,0,0,10000,0,10000,10000
046365,禾伸堂永豐92購02,0,0,0,0,0,0,0,0,0,10000,0,0,0,10000,0,10000,10000
045678,華新科元大95購01,0,0,0,0,0,0,0,0,0,10000,0,0,0,10000,0,10000,10000
045667,台積電元富93購01,0,0,0,0,0,0,0,0,0,10000,0,0,0,10000,0,10000,10000
045735,新光金國票92購01,0,0,0,0,0,0,0,0,0,10000,0,0,0,10000,0,10000,10000
045582,大立光元大93購08,0,0,0,0,0,0,0,0,0,10000,0,0,0,10000,0,10000,10000
045635,建準凱基93購02  ,0,0,0,0,0,0,0,0,0,10000,0,0,0,10000,0,10000,10000
045753,大立光國泰94購02,0,0,0,0,0,0,0,0,0,10000,0,0,0,10000,0,10000,10000
045845,台塑康和92購01  ,0,0,0,0,0,0,0,0,0,10000,0,0,0,10000,0,10000,10000
049652,GIS凱基94購05   ,0,0,0,0,0,0,0,0,0,10000,0,0,0,10000,0,10000,10000
049498,茂林元大95購01  ,0,0,0,0,0,0,0,0,0,10000,0,0,0,22000,12000,10000,10000
04548P,大立光元大94售14,0,0,0,0,0,0,0,0,0,10000,0,0,0,10000,0,10000,10000
046231,創意元大92購07  ,0,0,0,0,0,0,0,0,0,10000,0,0,0,10000,0,10000,10000
044461,滬深2X兆豐93購01,0,0,0,0,0,0,0,0,0,10000,0,0,0,10000,0,10000,10000
044426,欣興國泰93購02  ,0,0,0,0,0,0,0,0,0,10000,0,0,0,14000,4000,10000,10000
04431P,牧德元大94售03  ,0,0,0,0,0,0,0,0,0,10000,0,0,0,10000,0,10000,10000
046522,樺漢元大92購03  ,0,0,0,0,0,0,0,0,0,10000,0,0,0,10000,0,10000,10000
046465,GIS凱基95購01   ,0,0,0,0,0,0,0,0,0,10000,0,0,0,10000,0,10000,10000
046482,超眾元富92購03  ,0,0,0,0,0,0,0,0,0,10000,0,0,0,10000,0,10000,10000
044972,元金2X國票96購01,0,0,0,0,0,0,0,0,0,10000,0,0,0,10000,0,10000,10000
044996,嘉晶國泰95購01  ,0,0,0,0,0,0,0,0,0,10000,0,0,0,10000,0,10000,10000
046853,友達元大93購03  ,0,0,0,0,0,0,0,0,0,10000,0,0,0,10000,0,10000,10000
046431,中環第一92購01  ,0,0,0,0,0,0,0,0,0,10000,0,0,0,10000,0,10000,10000
04417P,光罩國泰95售02  ,0,0,0,0,0,0,0,0,0,10000,0,0,0,10000,0,10000,10000
044112,超眾國票92購01  ,0,0,0,0,0,0,0,0,0,10000,0,0,0,10000,0,10000,10000
044094,南亞科統一92購01,0,0,0,0,0,0,0,0,0,10000,0,0,0,21000,11000,10000,10000
04609P,健策永豐94售01  ,0,0,0,0,0,0,0,0,0,10000,0,0,0,10000,0,10000,10000
04970P,中環元富94售02  ,0,0,0,0,0,0,0,0,0,10000,0,0,0,10000,0,10000,10000
049656,臺股指凱基94購17,0,0,0,0,0,0,0,0,0,10000,0,0,0,12000,2000,10000,10000
04966P,台表科元大94售04,0,0,0,0,0,0,0,0,0,10000,0,0,0,10000,0,10000,10000
047006,大立光統一93購04,0,0,0,0,0,0,0,0,0,10000,0,0,0,10000,0,10000,10000
047899,貿聯群益93購03  ,0,0,0,0,0,0,0,0,0,10000,0,0,0,10000,0,10000,10000
048991,昇陽半元大94購01,0,0,0,0,0,0,0,0,0,10000,0,0,0,10000,0,10000,10000
048999,康普國票95購01  ,0,0,0,0,0,0,0,0,0,10000,0,0,0,10000,0,10000,10000
048970,裕民元大94購01  ,0,0,0,0,0,0,0,0,0,10000,0,0,0,10000,0,10000,10000
047979,中石化群益95購01,0,0,0,0,0,0,0,0,0,10000,0,0,0,28000,18000,10000,10000
047968,南電國泰94購01  ,0,0,0,0,0,0,0,0,0,10000,0,0,0,26000,16000,10000,10000
047104,和大元大93購02  ,0,5000,-5000,0,0,0,0,0,0,15000,0,0,0,15000,0,15000,10000
047081,晶技康和93購01  ,0,0,0,0,0,0,0,0,0,10000,0,0,0,10000,0,10000,10000
047073,大立光兆豐94購01,0,0,0,0,0,0,0,0,0,10000,0,0,0,10000,0,10000,10000
050134,世紀鋼凱基94購04,0,0,0,0,0,0,0,0,0,10000,0,0,0,10000,0,10000,10000
05014P,臺股指元大95售05,0,0,0,0,0,0,0,0,0,10000,0,0,0,10000,0,10000,10000
047427,貿聯亞東93購01  ,0,0,0,0,0,0,0,0,0,10000,0,0,0,10000,0,10000,10000
047490,元油反統一93購01,0,0,0,0,0,0,0,0,0,10000,0,0,0,10000,0,10000,10000
050036,矽格元大94購03  ,0,0,0,0,0,0,0,0,0,10000,0,0,0,10000,0,10000,10000
046928,奇鋐富邦97購01  ,0,0,0,0,0,0,0,0,0,10000,0,0,0,10000,0,10000,10000
049754,豐祥永豐94購01  ,0,0,0,0,0,0,0,0,0,10000,0,0,0,10000,0,10000,10000
047606,元油反富邦94購01,0,0,0,0,0,0,0,0,0,10000,0,0,0,10000,0,10000,10000
050586,康友國票94購01  ,0,0,0,0,0,0,0,0,0,10000,0,0,0,10000,0,10000,10000
05045P,台積電永豐95售01,0,0,0,0,0,0,0,0,0,10000,0,0,0,10000,0,10000,10000
05037P,華新科元大95售09,0,0,0,0,0,0,0,0,0,10000,0,0,0,10000,0,10000,10000
048901,矽格國泰95購01  ,0,0,0,0,0,0,0,0,0,10000,0,0,0,10000,0,10000,10000
047370,聯發科國票93購03,0,0,0,0,0,0,0,0,0,10000,0,0,0,20000,10000,10000,10000
050214,嘉晶台新94購01  ,0,0,0,0,0,0,0,0,0,10000,0,0,0,20000,10000,10000,10000
049280,創意國票95購01  ,0,0,0,0,0,0,0,0,0,10000,0,0,0,10000,0,10000,10000
050276,百和元大94購03  ,0,0,0,0,0,0,0,0,0,10000,0,0,0,10000,0,10000,10000
048549,滬深2X元大96購03,0,0,0,0,0,0,0,0,0,10000,0,0,0,10000,0,10000,10000
04882P,鴻海凱基94售19  ,0,0,0,0,0,0,0,0,0,10000,0,0,0,10000,0,10000,10000
048327,緯穎國泰94購01  ,0,0,0,0,0,0,0,0,0,10000,0,0,0,10000,0,10000,10000
048358,嘉晶永豐93購03  ,0,0,0,0,0,0,0,0,0,10000,0,0,0,10000,0,10000,10000
048383,元金2X國票99購01,0,0,0,0,0,0,0,0,0,10000,0,0,0,10000,0,10000,10000
048081,元油反凱基96購01,0,0,0,0,0,0,0,0,0,10000,0,0,0,10000,0,10000,10000
047292,台光電元富96購01,0,0,0,0,0,0,0,0,0,10000,0,0,0,10000,0,10000,10000
049733,旺宏群益94購03  ,0,0,0,0,0,0,0,0,0,10000,0,0,0,20000,10000,10000,10000
048857,晶豪科群益94購01,0,0,0,0,0,0,0,0,0,10000,0,0,0,20000,10000,10000,10000
053183,大立光元富96購03,0,0,0,0,0,0,0,0,0,10000,0,0,0,10000,0,10000,10000
053077,同欣電永豐96購01,0,0,0,0,0,0,0,0,0,10000,0,0,0,10000,0,10000,10000
053085,華新科元大97購04,0,0,0,0,0,0,0,0,0,10000,0,0,0,10000,0,10000,10000
053304,可成凱基96購03  ,0,0,0,0,0,0,0,0,0,10000,0,0,0,10000,0,10000,10000
053275,燿華元大97購01  ,0,0,0,0,0,0,0,0,0,10000,0,0,0,20000,10000,10000,10000
053331,玉晶光永豐97購02,0,0,0,0,0,0,0,0,0,10000,0,0,0,15000,5000,10000,10000
053435,新光金日盛96購01,0,0,0,0,0,0,0,0,0,10000,0,0,0,10000,0,10000,10000
053456,大立光元富96購04,0,0,0,0,0,0,0,0,0,10000,0,0,0,39000,29000,10000,10000
053518,聯茂群益96購03  ,0,0,0,0,0,0,0,0,0,10000,0,0,0,12000,2000,10000,10000
053546,台積電凱基96購13,0,0,0,0,0,0,0,0,0,10000,0,0,0,10000,0,10000,10000
052785,滬深2X中信99購03,0,0,0,0,0,0,0,0,0,10000,0,0,0,10000,0,10000,10000
052742,可成元大96購01  ,0,0,0,0,0,0,0,0,0,10000,0,0,0,90000,80000,10000,10000
052220,T50反1凱基98購01,0,0,0,0,0,0,0,0,0,10000,0,0,0,10000,0,10000,10000
051290,大立光統一96購02,0,0,0,0,0,0,0,0,0,10000,0,0,0,11000,1000,10000,10000
051181,鴻海永豐95購03  ,0,0,0,0,0,0,0,0,0,10000,0,0,0,10000,0,10000,10000
050925,可成凱基95購02  ,0,0,0,0,0,0,0,0,0,10000,0,0,0,10000,0,10000,10000
052078,大立光元富95購10,0,0,0,0,0,0,0,0,0,10000,0,0,0,17000,7000,10000,10000
051799,台積電永豐96購01,0,0,0,0,0,0,0,0,0,10000,0,0,0,15000,5000,10000,10000
05177P,台積電凱基95售12,0,0,0,0,0,0,0,0,0,10000,0,0,0,10000,0,10000,10000
051671,和鑫元大96購02  ,0,0,0,0,0,0,0,0,0,10000,0,0,0,15000,5000,10000,10000
051730,為升國票96購02  ,0,0,0,0,0,0,0,0,0,10000,0,0,0,10000,0,10000,10000
05160P,國巨國票96售03  ,0,0,0,0,0,0,0,0,0,10000,0,0,0,10000,0,10000,10000
051550,日電貿永豐95購01,0,0,0,0,0,0,0,0,0,10000,0,0,0,10000,0,10000,10000
3419,譁裕            ,104000,96000,8000,0,0,0,0,0,0,2000,5000,3000,2000,0,0,0,10000
1568,倉佑            ,14000,5000,9000,0,0,0,0,0,0,1000,1000,0,1000,0,0,0,10000
2029,盛餘            ,14000,4000,10000,0,0,0,0,0,0,0,1000,1000,0,0,0,0,10000
2069,運錩            ,23000,13000,10000,0,0,0,0,0,0,0,0,0,0,0,0,0,10000
2497,怡利電          ,15000,5000,10000,0,0,0,0,0,0,0,0,0,0,0,0,0,10000
2358,廷鑫            ,35000,31000,4000,0,0,0,0,0,0,6000,6000,0,6000,0,0,0,10000
08100P,台灣50元富95售01,0,0,0,0,0,0,0,0,0,10000,0,0,0,10000,0,10000,10000
08405P,聯發科元大9C售11,0,0,0,0,0,0,0,0,0,10000,0,0,0,10000,0,10000,10000
08599P,台表科元大9C售11,0,0,0,0,0,0,0,0,0,10000,0,0,0,10000,0,10000,10000
06337P,祥碩元大97售05  ,0,0,0,0,0,0,0,0,0,10000,0,0,0,10000,0,10000,10000
06124P,超眾元大97售03  ,0,0,0,0,0,0,0,0,0,10000,0,0,0,10000,0,10000,10000
06055P,華通凱基97售04  ,0,0,0,0,0,0,0,0,0,10000,0,0,0,165000,155000,10000,10000
05976P,國巨凱基96售14  ,0,0,0,0,0,0,0,0,0,10000,0,0,0,10000,0,10000,10000
05839P,臺股指富邦96售06,0,0,0,0,0,0,0,0,0,10000,0,0,0,10000,0,10000,10000
05873P,華通群益97售02  ,0,0,0,0,0,0,0,0,0,10000,0,0,0,10000,0,10000,10000
6271,同欣電          ,1189000,692000,497000,0,0,0,50000,57000,-7000,-480000,85000,528000,-443000,12000,49000,-37000,10000
054261,智伸科元大96購03,0,0,0,0,0,0,0,0,0,9000,0,0,0,67000,58000,9000,9000
054856,得力群益99購01  ,0,0,0,0,0,0,0,0,0,9000,0,0,0,30000,21000,9000,9000
055135,聯發科富邦99購05,0,0,0,0,0,0,0,0,0,9000,0,0,0,13000,4000,9000,9000
055661,亞德客中信98購01,0,0,0,0,0,0,0,0,0,9000,0,0,0,14000,5000,9000,9000
044437,台郡元大92購02  ,0,0,0,0,0,0,0,0,0,9000,0,0,0,9000,0,9000,9000
044270,群創中信95購02  ,0,0,0,0,0,0,0,0,0,9000,0,0,0,118000,109000,9000,9000
045698,致伸兆豐93購01  ,0,0,0,0,0,0,0,0,0,9000,0,0,0,9000,0,9000,9000
049113,大立光統一94購06,0,0,0,0,0,0,0,0,0,9000,0,0,0,16000,7000,9000,9000
050543,聯發科凱基95購01,0,0,0,0,0,0,0,0,0,9000,0,0,0,31000,22000,9000,9000
047641,可成元大93購09  ,0,0,0,0,0,0,0,0,0,9000,0,0,0,9000,0,9000,9000
047199,鴻海元富93購03  ,0,0,0,0,0,0,0,0,0,9000,0,0,0,9000,0,9000,9000
049930,上海銀元大94購02,0,0,0,0,0,0,0,0,0,9000,0,0,0,9000,0,9000,9000
04709P,台積電元大94售15,0,0,0,0,0,0,0,0,0,9000,0,0,0,15000,6000,9000,9000
047046,台積電國票94購01,0,0,0,0,0,0,0,0,0,9000,0,0,0,87000,78000,9000,9000
05152P,玉晶光群益96售05,0,0,0,0,0,0,0,0,0,9000,0,0,0,30000,21000,9000,9000
051940,康舒群益95購01  ,0,0,0,0,0,0,0,0,0,9000,0,0,0,19000,10000,9000,9000
05880P,創意康和96售01  ,0,0,0,0,0,0,0,0,0,9000,0,0,0,9000,0,9000,9000
05848P,臺股指元大96售24,0,0,0,0,0,0,0,0,0,9000,0,0,0,12000,3000,9000,9000
06199P,聯發科元大97售17,0,0,0,0,0,0,0,0,0,9000,0,0,0,13000,4000,9000,9000
08801P,聯發科元大01售13,0,0,0,0,0,0,0,0,0,9000,0,0,0,10000,1000,9000,9000
1603,華電            ,18000,9000,9000,0,0,0,0,0,0,0,0,0,0,0,0,0,9000
3015,全漢            ,42000,32000,10000,0,0,0,0,0,0,-1000,0,1000,-1000,0,0,0,9000
01002T,土銀國泰R1      ,13849,5000,8849,0,0,0,0,0,0,0,0,0,0,0,0,0,8849
01003T,兆豐新光R1      ,8230,0,8230,0,0,0,0,0,0,0,0,0,0,0,0,0,8230
055875,光罩元富97購02  ,0,0,0,0,0,0,0,0,0,8000,0,0,0,8000,0,8000,8000
05693P,滬深2X凱基98售02,0,0,0,0,0,0,0,0,0,8000,0,0,0,10000,2000,8000,8000
05786P,臺股指永昌96售03,0,0,0,0,0,0,0,0,0,8000,1810000,10000,1800000,2450000,4242000,-1792000,8000
05756P,臺股指中信99售05,0,0,0,0,0,0,0,0,0,8000,0,0,0,8000,0,8000,8000
05513P,玉山金台新96售01,0,0,0,0,0,0,0,0,0,8000,0,0,0,25000,17000,8000,8000
055231,大毅國票98購02  ,0,0,0,0,0,0,0,0,0,8000,0,0,0,9000,1000,8000,8000
055595,宏達電元大98購02,0,0,0,0,0,0,0,0,0,8000,0,0,0,8000,0,8000,8000
055565,祥碩凱基97購01  ,0,0,0,0,0,0,0,0,0,8000,0,0,0,8000,0,8000,8000
055410,元油反富邦9A購01,0,0,0,0,0,0,0,0,0,8000,0,0,0,8000,0,8000,8000
054779,台塑群益98購01  ,0,0,0,0,0,0,0,0,0,8000,0,0,0,8000,0,8000,8000
054688,兆赫永豐97購01  ,0,0,0,0,0,0,0,0,0,8000,0,0,0,13000,5000,8000,8000
05472P,國巨統一96售02  ,0,0,0,0,0,0,0,0,0,8000,0,0,0,46000,38000,8000,8000
054584,貿聯元富97購01  ,0,0,0,0,0,0,0,0,0,8000,0,0,0,53000,45000,8000,8000
054347,上緯控國票96購02,0,0,0,0,0,0,0,0,0,8000,0,0,0,10000,2000,8000,8000
053952,南亞科台新96購01,0,0,0,0,0,0,0,0,0,8000,0,0,0,8000,0,8000,8000
053999,台表科群益96購06,0,0,0,0,0,0,0,0,0,8000,0,0,0,8000,0,8000,8000
054112,台積電麥證96購02,0,0,0,56000,48000,8000,0,0,0,8000,0,0,0,56000,48000,8000,8000
053778,旺宏元大97購03  ,0,0,0,0,0,0,0,0,0,8000,0,0,0,12000,4000,8000,8000
053634,劍麟永豐96購01  ,0,0,0,0,0,0,0,0,0,8000,0,0,0,10000,2000,8000,8000
03595C,滬深2X元富92牛01,0,0,0,0,0,0,0,0,0,8000,0,0,0,8000,0,8000,8000
00666R,富邦恒生國企反1 ,5000,0,5000,0,0,0,0,0,0,3000,0,0,0,62000,59000,3000,8000
03013X,元展13          ,0,0,0,0,0,0,0,0,0,8000,0,0,0,8000,0,8000,8000
03409P,台積電元大02售26,0,0,0,0,0,0,0,0,0,8000,0,0,0,8000,0,8000,8000
04094P,臺股指國票93售01,0,0,0,0,0,0,0,0,0,8000,0,0,0,8000,0,8000,8000
04308P,京元電凱基93售06,0,0,0,0,0,0,0,0,0,8000,0,0,0,19000,11000,8000,8000
043048,金寶國泰93購01  ,0,0,0,0,0,0,0,0,0,8000,0,0,0,9000,1000,8000,8000
044024,祥碩凱基93購01  ,0,0,0,0,0,0,0,0,0,8000,0,0,0,8000,0,8000,8000
04671P,華通統一94售01  ,0,0,0,0,0,0,0,0,0,8000,0,0,0,8000,0,8000,8000
04014P,聯發科元大93售18,0,0,0,0,0,0,0,0,0,8000,0,0,0,25000,17000,8000,8000
04557P,茂林群益94售03  ,0,0,0,0,0,0,0,0,0,8000,0,0,0,8000,0,8000,8000
046584,可成元大92購11  ,0,0,0,0,0,0,0,0,0,8000,0,0,0,8000,0,8000,8000
045429,復盛凱基92購01  ,0,0,0,0,0,0,0,0,0,8000,0,0,0,8000,0,8000,8000
049577,台達電元大94購08,0,0,0,0,0,0,0,0,0,8000,0,0,0,8000,0,8000,8000
049597,泰鼎元大96購01  ,0,0,0,0,0,0,0,0,0,8000,0,0,0,30000,22000,8000,8000
045103,上海銀亞東94購01,0,0,0,0,0,0,0,0,0,8000,0,0,0,8000,0,8000,8000
047052,大毅國票93購01  ,0,0,0,0,0,0,0,0,0,8000,0,0,0,50000,42000,8000,8000
049912,燿華元大94購04  ,0,0,0,0,0,0,0,0,0,8000,0,0,0,8000,0,8000,8000
048566,上海銀元大93購04,0,0,0,0,0,0,0,0,0,8000,0,0,0,8000,0,8000,8000
048567,台郡元大93購03  ,0,0,0,0,0,0,0,0,0,8000,0,0,0,8000,0,8000,8000
04750P,臺股指元大94售26,0,0,0,0,0,0,0,0,0,8000,0,0,0,8000,0,8000,8000
047519,台達電元大93購02,0,0,0,0,0,0,0,0,0,8000,0,0,0,8000,0,8000,8000
047523,瑞昱元大93購09  ,0,0,0,0,0,0,0,0,0,8000,0,0,0,8000,0,8000,8000
050030,嘉晶元大94購03  ,0,0,0,0,0,0,0,0,0,8000,0,0,0,8000,0,8000,8000
047818,台郡凱基93購04  ,0,0,0,0,0,0,0,0,0,8000,0,0,0,8000,0,8000,8000
047749,富邦金元富93購01,0,0,0,0,0,0,0,0,0,8000,0,0,0,28000,20000,8000,8000
050347,上証2X群益98購01,0,0,0,0,0,0,0,0,0,8000,0,0,0,8000,0,8000,8000
050274,GIS元大94購05   ,0,0,0,0,0,0,0,0,0,8000,0,0,0,12000,4000,8000,8000
050270,景碩元大94購01  ,0,0,0,0,0,0,0,0,0,8000,0,0,0,8000,0,8000,8000
050312,大立光兆豐94購04,0,0,0,0,0,0,0,0,0,8000,0,0,0,8000,0,8000,8000
048485,泰鼎國泰94購02  ,0,0,0,0,0,0,0,0,0,8000,0,0,0,8000,0,8000,8000
048523,TPK元富94購01   ,0,0,0,0,0,0,0,0,0,8000,0,0,0,8000,0,8000,8000
05209P,鴻海凱基96售09  ,0,0,0,0,0,0,0,0,0,8000,0,0,0,8000,0,8000,8000
051029,緯創元富95購01  ,0,0,0,0,0,0,0,0,0,8000,0,0,0,8000,0,8000,8000
05071P,鴻海統一96售05  ,0,0,0,0,0,0,0,0,0,8000,0,0,0,20000,12000,8000,8000
050755,和大元富94購01  ,0,0,0,0,0,0,0,0,0,8000,0,0,0,272000,264000,8000,8000
052282,宏達電凱基95購05,0,0,0,0,0,0,0,0,0,8000,0,0,0,20000,12000,8000,8000
052489,義隆國票96購02  ,0,0,0,0,0,0,0,0,0,8000,0,0,0,8000,0,8000,8000
053327,彩晶台新97購01  ,0,0,0,0,0,0,0,0,0,8000,0,0,0,18000,10000,8000,8000
053143,昇陽半永豐96購03,0,0,0,0,0,0,0,0,0,8000,0,0,0,8000,0,8000,8000
2722,夏都            ,10000,2000,8000,0,0,0,0,0,0,0,0,0,0,0,0,0,8000
1587,吉茂            ,9000,1000,8000,0,0,0,0,0,0,0,0,0,0,0,0,0,8000
2374,佳能            ,46000,36000,10000,0,0,0,0,0,0,-2000,0,2000,-2000,0,0,0,8000
06060P,玉晶光元大97售03,0,0,0,0,0,0,0,0,0,8000,0,0,0,8000,0,8000,8000
053672,嘉澤元富96購02  ,0,0,0,0,0,0,0,0,0,7000,0,0,0,7000,0,7000,7000
05380P,鴻海群益95售11  ,0,0,0,0,0,0,0,0,0,7000,0,0,0,17000,10000,7000,7000
054249,技嘉元大96購03  ,0,0,0,0,0,0,0,0,0,7000,0,0,0,7000,0,7000,7000
054290,奇力新元大96購05,0,0,0,0,0,0,0,0,0,7000,0,0,0,12000,5000,7000,7000
054517,高鐵元大96購01  ,0,0,0,0,0,0,0,0,0,7000,0,0,0,172000,165000,7000,7000
054797,臻鼎群益97購01  ,0,0,0,0,0,0,0,0,0,7000,0,0,0,7000,0,7000,7000
054836,勤誠中信97購01  ,0,0,0,0,0,0,0,0,0,7000,0,0,0,23000,16000,7000,7000
055566,台表科凱基97購03,0,0,0,0,0,0,0,0,0,7000,0,0,0,7000,0,7000,7000
055158,亞光元大99購01  ,0,0,0,0,0,0,0,0,0,7000,0,0,0,19000,12000,7000,7000
054975,福懋科元大97購01,0,0,0,0,0,0,0,0,0,7000,0,0,0,7000,0,7000,7000
05651P,大立光元大97售02,0,0,0,0,0,0,0,0,0,7000,0,0,0,7000,0,7000,7000
046144,康控元富92購01  ,0,0,0,0,0,0,0,0,0,7000,0,0,0,7000,0,7000,7000
044408,聯茂凱基93購02  ,0,0,0,0,0,0,0,0,0,7000,0,0,0,10000,3000,7000,7000
046234,彩晶元大92購01  ,0,0,0,0,0,0,0,0,0,7000,0,0,0,17000,10000,7000,7000
045454,上銀元大93購01  ,0,0,0,0,0,0,0,0,0,7000,0,0,0,12000,5000,7000,7000
046555,A50反1凱基92購01,0,0,0,0,0,0,0,0,0,7000,0,0,0,7000,0,7000,7000
038944,上海銀國泰92購01,0,0,0,0,0,0,0,0,0,7000,0,0,0,7000,0,7000,7000
045975,祥碩凱基93購04  ,0,0,0,0,0,0,0,0,0,7000,0,0,0,9000,2000,7000,7000
00654R,富邦印度反1     ,0,0,0,0,0,0,0,0,0,7000,0,0,0,7000,0,7000,7000
049359,台達電元大94購06,0,0,0,0,0,0,0,0,0,7000,0,0,0,7000,0,7000,7000
048836,牧德凱基94購03  ,0,0,0,0,0,0,0,0,0,7000,0,0,0,17000,10000,7000,7000
049157,矽創元大95購01  ,0,0,0,0,0,0,0,0,0,7000,0,0,0,12000,5000,7000,7000
047313,華新科元大93購08,0,0,0,0,0,0,0,0,0,7000,0,0,0,7000,0,7000,7000
049273,臺股指元大94購08,0,0,0,0,0,0,0,0,0,7000,0,0,0,10000,3000,7000,7000
048122,台達電元大96購02,0,0,0,0,0,0,0,0,0,7000,0,0,0,7000,0,7000,7000
050395,大立光元富94購10,0,0,0,0,0,0,0,0,0,7000,0,0,0,11000,4000,7000,7000
050467,力成中信94購01  ,0,0,0,0,0,0,0,0,0,7000,0,0,0,43000,36000,7000,7000
050634,華新科群益96購01,0,0,0,0,0,0,0,0,0,7000,0,0,0,17000,10000,7000,7000
050657,宏達電麥證94購01,0,0,0,7000,0,7000,0,0,0,7000,0,0,0,7000,0,7000,7000
047801,臺股指兆豐93購01,0,0,0,0,0,0,0,0,0,7000,0,0,0,7000,0,7000,7000
048003,旭富元大93購01  ,0,0,0,0,0,0,0,0,0,7000,0,0,0,7000,0,7000,7000
048795,復盛元大94購01  ,0,0,0,0,0,0,0,0,0,7000,0,0,0,7000,0,7000,7000
050013,淘帝國泰95購01  ,0,0,0,0,0,0,0,0,0,7000,0,0,0,17000,10000,7000,7000
050196,嘉聯益元大97購01,0,0,0,0,0,0,0,0,0,7000,0,0,0,55000,48000,7000,7000
047526,可成元大93購08  ,0,0,0,0,0,0,0,0,0,7000,0,0,0,7000,0,7000,7000
04860P,鴻海群益94售07  ,0,0,0,0,0,0,0,0,0,7000,0,0,0,7000,0,7000,7000
047025,可成元大93購05  ,0,0,0,0,0,0,0,0,0,7000,0,0,0,7000,0,7000,7000
053135,信邦國票96購01  ,0,0,0,0,0,0,0,0,0,7000,0,0,0,7000,0,7000,7000
053273,國巨元大96購08  ,0,0,0,0,0,0,0,0,0,7000,0,0,0,11000,4000,7000,7000
053284,樺漢元大97購01  ,0,0,0,0,0,0,0,0,0,7000,0,0,0,7000,0,7000,7000
053406,國巨兆豐96購02  ,0,0,0,0,0,0,0,0,0,7000,0,0,0,92000,85000,7000,7000
053374,台達電元大96購03,0,0,0,0,0,0,0,0,0,7000,0,0,0,7000,0,7000,7000
053519,力成群益96購02  ,0,0,0,0,0,0,0,0,0,7000,0,0,0,7000,0,7000,7000
052762,欣興群益96購01  ,0,0,0,0,0,0,0,0,0,7000,0,0,0,7000,0,7000,7000
052725,為升元富96購01  ,0,0,0,0,0,0,0,0,0,7000,0,0,0,7000,0,7000,7000
052801,友達元大9A購01  ,0,0,0,0,0,0,0,0,0,7000,0,0,0,7000,0,7000,7000
06156P,大立光統一97售05,0,0,0,0,0,0,0,0,0,7000,0,0,0,9000,2000,7000,7000
1340,勝悅-KY         ,14000,7000,7000,0,0,0,0,0,0,0,1000,1000,0,0,0,0,7000
1419,新紡            ,7000,0,7000,0,0,0,0,0,0,0,0,0,0,0,0,0,7000
1614,三洋電          ,18000,12000,6000,0,0,0,0,0,0,1000,1000,0,1000,0,0,0,7000
1615,大山            ,10000,6000,4000,0,0,0,0,0,0,3000,3000,0,3000,0,0,0,7000
2923,鼎固-KY         ,7000,0,7000,0,0,0,0,0,0,0,0,0,0,0,0,0,7000
3058,立德            ,14000,7000,7000,0,0,0,0,0,0,0,0,0,0,0,0,0,7000
3305,昇貿            ,19000,13000,6000,0,0,0,0,0,0,1000,2000,1000,1000,0,0,0,7000
4725,信昌化          ,121000,116000,5000,0,0,0,0,0,0,2000,2000,0,2000,0,0,0,7000
4137,麗豐-KY         ,29000,1000,28000,0,0,0,0,0,0,-21041,0,20000,-20000,0,1041,-1041,6959
6164,華興            ,22002,16000,6002,0,0,0,0,0,0,0,0,0,0,0,0,0,6002
056099,上銀永豐97購02  ,0,0,0,0,0,0,0,0,0,6000,0,0,0,41000,35000,6000,6000
055714,智邦元大97購03  ,0,0,0,0,0,0,0,0,0,6000,0,0,0,22000,16000,6000,6000
055089,金寶群益98購01  ,0,0,0,0,0,0,0,0,0,6000,0,0,0,16000,10000,6000,6000
055149,國巨元大97購06  ,0,0,0,0,0,0,0,0,0,6000,0,0,0,36000,30000,6000,6000
055235,金寶台新98購01  ,0,0,0,0,0,0,0,0,0,6000,0,0,0,36000,30000,6000,6000
055597,禾伸堂元大98購02,0,0,0,0,0,0,0,0,0,6000,0,0,0,6000,0,6000,6000
055343,國巨凱基97購03  ,0,0,0,0,0,0,0,0,0,6000,0,0,0,6000,0,6000,6000
05477P,華新科群益95售06,0,0,0,0,0,0,0,0,0,6000,0,0,0,6000,0,6000,6000
054927,帆宣凱基97購01  ,0,0,0,0,0,0,0,0,0,6000,0,0,0,6000,0,6000,6000
054663,同欣電元大97購03,0,0,0,0,0,0,0,0,0,6000,0,0,0,8000,2000,6000,6000
054292,欣興元大96購06  ,0,0,0,0,0,0,0,0,0,6000,0,0,0,12000,6000,6000,6000
05373P,臺股指中信95售11,0,0,0,0,0,0,0,0,0,6000,0,0,0,6000,0,6000,6000
054124,達方永豐96購02  ,0,0,0,0,0,0,0,0,0,6000,0,0,0,20000,14000,6000,6000
03824P,燿華元大94售01  ,0,0,0,0,0,0,0,0,0,6000,0,0,0,10000,4000,6000,6000
03674P,同欣電元富92售03,0,0,0,0,0,0,0,0,0,6000,0,0,0,6000,0,6000,6000
03708P,鴻海亞東93售01  ,0,0,0,0,0,0,0,0,0,6000,0,0,0,6000,0,6000,6000
043047,永冠國泰93購01  ,0,0,0,0,0,0,0,0,0,6000,0,0,0,6000,0,6000,6000
03203P,台積電凱基01售26,0,0,0,0,0,0,0,0,0,6000,0,0,0,6000,0,6000,6000
04276P,聯發科凱基93售33,0,0,0,0,0,0,0,0,0,6000,0,0,0,66000,60000,6000,6000
046049,臺股指元大93購19,0,0,0,0,0,0,0,0,0,6000,0,0,0,6000,0,6000,6000
046725,可成元大93購02  ,0,0,0,0,0,0,0,0,0,6000,0,0,0,16000,10000,6000,6000
043980,旺宏元大92購05  ,0,0,0,0,0,0,0,0,0,6000,0,0,0,6000,0,6000,6000
049480,同欣電永豐94購01,0,0,0,0,0,0,0,0,0,6000,0,0,0,10000,4000,6000,6000
045231,南電元大94購01  ,0,0,0,0,0,0,0,0,0,6000,0,0,0,6000,0,6000,6000
045010,可成元大92購04  ,0,0,0,0,0,0,0,0,0,6000,0,0,0,6000,0,6000,6000
045140,玉晶光兆豐93購02,0,0,0,0,0,0,0,0,0,6000,0,0,0,6000,0,6000,6000
045073,可成元大93購01  ,0,0,0,0,0,0,0,0,0,6000,0,0,0,73000,67000,6000,6000
050106,台達電元大94購11,0,0,0,0,0,0,0,0,0,6000,0,0,0,6000,0,6000,6000
047651,復盛元大93購01  ,0,0,0,0,0,0,0,0,0,6000,0,0,0,6000,0,6000,6000
050016,緯穎富邦95購01  ,0,0,0,0,0,0,0,0,0,6000,0,0,0,20000,14000,6000,6000
049983,智原凱基94購02  ,0,0,0,0,0,0,0,0,0,6000,0,0,0,6000,0,6000,6000
047699,亞德客凱基93購04,0,0,0,0,0,0,0,0,0,6000,0,0,0,10000,4000,6000,6000
050414,泰鼎永豐94購04  ,0,0,0,0,0,0,0,0,0,6000,0,0,0,6000,0,6000,6000
047351,聯詠凱基93購02  ,0,0,0,0,0,0,0,0,0,6000,0,0,0,6000,0,6000,6000
050282,T50反1凱基97購01,0,0,0,0,0,0,0,0,0,6000,0,0,0,6000,0,6000,6000
048072,GIS元富93購05   ,0,0,0,0,0,0,0,0,0,6000,0,0,0,6000,0,6000,6000
049744,亞德客永豐94購01,0,0,0,0,0,0,0,0,0,6000,0,0,0,20000,14000,6000,6000
048557,瑞昱元大94購01  ,0,0,0,0,0,0,0,0,0,6000,0,0,0,8000,2000,6000,6000
048349,美利達元大96購02,0,0,0,0,0,0,0,0,0,6000,0,0,0,6000,0,6000,6000
052288,敦南統一95購01  ,0,0,0,0,0,0,0,0,0,6000,0,0,0,6000,0,6000,6000
053419,光罩永豐96購01  ,0,0,0,0,0,0,0,0,0,6000,0,0,0,6000,0,6000,6000
053433,友達日盛99購06  ,0,0,0,0,0,0,0,0,0,6000,0,0,0,6000,0,6000,6000
053159,同欣電元大96購02,0,0,0,0,0,0,0,0,0,6000,0,0,0,11000,5000,6000,6000
051269,康友富邦97購01  ,0,0,0,0,0,0,0,0,0,6000,0,0,0,10000,4000,6000,6000
052020,聯茂永豐95購02  ,0,0,0,0,0,0,0,0,0,6000,0,0,0,6000,0,6000,6000
05147P,鴻海元大95售11  ,0,0,0,0,0,0,0,0,0,6000,0,0,0,301000,295000,6000,6000
8411,福貞-KY         ,10000,3000,7000,0,0,0,0,0,0,-1000,0,1000,-1000,0,0,0,6000
9905,大華            ,13000,8000,5000,0,0,0,0,0,0,1000,1000,0,1000,0,0,0,6000
4133,亞諾法          ,25000,19000,6000,0,0,0,0,0,0,0,0,0,0,0,0,0,6000
3060,銘異            ,39000,35000,4000,0,0,0,0,0,0,2000,2000,0,2000,0,0,0,6000
3011,今皓            ,6000,0,6000,0,0,0,0,0,0,0,0,0,0,0,0,0,6000
2363,矽統            ,737000,730000,7000,0,0,0,0,0,0,-1000,6000,7000,-1000,0,0,0,6000
06237P,台積電元大97售26,0,0,0,0,0,0,0,0,0,6000,0,0,0,11000,5000,6000,6000
06178P,大立光第一99售01,0,0,0,0,0,0,0,0,0,6000,0,0,0,16000,10000,6000,6000
06104P,大立光凱基97售04,0,0,0,0,0,0,0,0,0,6000,0,0,0,6000,0,6000,6000
05891P,聯發科中信98售03,0,0,0,0,0,0,0,0,0,6000,0,0,0,30000,24000,6000,6000
00714,群益道瓊美國地產,0,0,0,0,0,0,0,0,0,5800,0,0,0,106000,100200,5800,5800
2723,美食-KY         ,21000,15000,6000,0,0,0,2000,0,2000,-2490,0,0,0,0,2490,-2490,5510
054164,強茂凱基98購01  ,0,0,0,0,0,0,0,0,0,5000,0,0,0,5000,0,5000,5000
053922,亞光國票96購01  ,0,0,0,0,0,0,0,0,0,5000,0,0,0,5000,0,5000,5000
053892,景碩群益96購02  ,0,0,0,0,0,0,0,0,0,5000,0,0,0,5000,0,5000,5000
053737,華新科麥證96購01,0,0,0,5000,0,5000,0,0,0,5000,0,0,0,5000,0,5000,5000
053877,奇力新亞東96購01,0,0,0,0,0,0,0,0,0,5000,0,0,0,5000,0,5000,5000
053849,聯發科元富96購04,0,0,0,0,0,0,0,0,0,5000,0,0,0,10000,5000,5000,5000
05365P,臺股指富邦95售05,0,0,0,0,0,0,0,0,0,5000,0,0,0,5000,0,5000,5000
05429P,鴻海統一95售16  ,0,0,0,0,0,0,0,0,0,5000,0,0,0,15000,10000,5000,5000
054285,國巨元大98購02  ,0,0,0,0,0,0,0,0,0,5000,0,0,0,5000,0,5000,5000
054238,聯茂群益96購04  ,0,0,0,0,0,0,0,0,0,5000,0,0,0,5000,0,5000,5000
054372,南亞科中信96購01,0,0,0,0,0,0,0,0,0,5000,0,0,0,35000,30000,5000,5000
054385,矽創群益98購01  ,0,0,0,0,0,0,0,0,0,5000,0,0,0,5000,0,5000,5000
054418,茂林元大97購01  ,0,0,0,0,0,0,0,0,0,5000,0,0,0,15000,10000,5000,5000
054628,可成凱基98購01  ,0,0,0,0,0,0,0,0,0,5000,0,0,0,5000,0,5000,5000
054784,順德群益9A購01  ,0,0,0,0,0,0,0,0,0,5000,0,0,0,5000,0,5000,5000
05478P,智伸科國票96售02,0,0,0,0,0,0,0,0,0,5000,0,0,0,5000,0,5000,5000
054806,台化元大9A購01  ,0,0,0,0,0,0,0,0,0,5000,0,0,0,5000,0,5000,5000
054838,京鼎第一97購01  ,0,0,0,0,0,0,0,0,0,5000,0,0,0,10000,5000,5000,5000
055281,台光電元大98購03,0,0,0,0,0,0,0,0,0,5000,0,0,0,5000,0,5000,5000
05531P,臺股指群益96售04,0,0,0,0,0,0,0,0,0,5000,0,0,0,5000,0,5000,5000
055400,緯穎統一97購01  ,0,0,0,0,0,0,0,0,0,5000,0,0,0,5000,0,5000,5000
055636,元油反元富97購02,0,0,0,0,0,0,0,0,0,5000,0,0,0,5000,0,5000,5000
055637,亞德客元富97購01,0,0,0,0,0,0,0,0,0,5000,0,0,0,5000,0,5000,5000
05546P,全新元大97售01  ,0,0,0,0,0,0,0,0,0,5000,0,0,0,20000,15000,5000,5000
055169,光罩統一99購01  ,0,0,0,0,0,0,0,0,0,5000,0,0,0,5000,0,5000,5000
055062,文曄永豐97購01  ,0,0,0,0,0,0,0,0,0,5000,0,0,0,5000,0,5000,5000
054965,健策元大98購04  ,0,0,0,0,0,0,0,0,0,5000,0,0,0,20000,15000,5000,5000
05605P,嘉聯益元大97售02,0,0,0,0,0,0,0,0,0,5000,0,0,0,5000,0,5000,5000
05713P,大立光統一96售05,0,0,0,0,0,0,0,0,0,5000,0,0,0,5000,0,5000,5000
05787P,臺股指永昌96售04,0,0,0,0,0,0,0,0,0,5000,40000,0,40000,2460000,2495000,-35000,5000
03607P,滬深2X富邦95售01,0,0,0,0,0,0,0,0,0,5000,0,0,0,5000,0,5000,5000
03792P,台光電永豐93售01,0,0,0,0,0,0,0,0,0,5000,0,0,0,5000,0,5000,5000
03047P,矽創國票03售01  ,0,0,0,0,0,0,0,0,0,5000,0,0,0,5000,0,5000,5000
03126P,旭富凱基01售04  ,0,0,0,0,0,0,0,0,0,5000,0,0,0,5000,0,5000,5000
03154P,華新科群益01售07,0,0,0,0,0,0,0,0,0,5000,0,0,0,5000,0,5000,5000
04311P,奇力新統一95售01,0,0,0,0,0,0,0,0,0,5000,0,0,0,15000,10000,5000,5000
04059P,臺股指群益93售13,0,0,0,0,0,0,0,0,0,5000,0,0,0,5000,0,5000,5000
04392P,牧德凱基94售05  ,0,0,0,0,0,0,0,0,0,5000,0,0,0,5000,0,5000,5000
044077,元油反國票92購01,0,0,0,0,0,0,0,0,0,5000,0,0,0,5000,0,5000,5000
043772,國巨兆豐92購01  ,0,0,0,0,0,0,0,0,0,5000,0,0,0,5000,0,5000,5000
043854,華新科富邦93購01,0,0,0,0,0,0,0,0,0,5000,0,0,0,5000,0,5000,5000
046668,嘉澤元大93購01  ,0,0,0,0,0,0,0,0,0,5000,0,0,0,15000,10000,5000,5000
046649,致伸國泰94購01  ,0,0,0,0,0,0,0,0,0,5000,0,0,0,5000,0,5000,5000
046050,臺股指元大93購20,0,0,0,0,0,0,0,0,0,5000,0,0,0,5000,0,5000,5000
04598P,光罩凱基94售03  ,0,0,0,0,0,0,0,0,0,5000,0,0,0,5000,0,5000,5000
03916P,亞德客凱基93售03,0,0,0,0,0,0,0,0,0,5000,0,0,0,5000,0,5000,5000
042080,揚明光元大93購02,0,0,0,0,0,0,0,0,0,5000,0,0,0,5000,0,5000,5000
03965P,上銀國票94售01  ,0,0,0,0,0,0,0,0,0,5000,0,0,0,5000,0,5000,5000
045130,瑞昱統一92購01  ,0,0,0,0,0,0,0,0,0,5000,0,0,0,5000,0,5000,5000
046147,道瓊指中信96購02,0,0,0,0,0,0,0,0,0,5000,0,0,0,5000,0,5000,5000
04684P,欣興元大94售07  ,0,0,0,0,0,0,0,0,0,5000,0,0,0,5000,0,5000,5000
044942,國巨群益94購01  ,0,0,0,0,0,0,0,0,0,5000,0,0,0,5000,0,5000,5000
04544P,欣興富邦96售02  ,0,0,0,0,0,0,0,0,0,5000,0,0,0,5000,0,5000,5000
045162,玉晶光國泰94購04,0,0,0,0,0,0,0,0,0,5000,0,0,0,5000,0,5000,5000
044636,創意統一94購01  ,0,0,0,0,0,0,0,0,0,5000,0,0,0,5000,0,5000,5000
049489,美律元大94購05  ,0,0,0,0,0,0,0,0,0,5000,0,0,0,5000,0,5000,5000
049410,統一凱基94購02  ,0,0,0,0,0,0,0,0,0,5000,0,0,0,29000,24000,5000,5000
045390,新唐元大92購01  ,0,0,0,0,0,0,0,0,0,5000,0,0,0,5000,0,5000,5000
046300,嘉聯益富邦94購01,0,0,0,0,0,0,0,0,0,5000,0,0,0,45000,40000,5000,5000
045329,富邦金亞東93購01,0,0,0,0,0,0,0,0,0,5000,0,0,0,5000,0,5000,5000
04532P,臺股指凱基94售04,0,0,0,0,0,0,0,0,0,5000,0,0,0,5000,0,5000,5000
045588,健策元大93購01  ,0,0,0,0,0,0,0,0,0,5000,0,0,0,5000,0,5000,5000
045697,聯詠兆豐92購01  ,0,0,0,0,0,0,0,0,0,5000,0,0,0,5000,0,5000,5000
049360,台達電元大94購07,0,0,0,0,0,0,0,0,0,5000,0,0,0,5000,0,5000,5000
048556,技嘉元大93購03  ,0,0,0,0,0,0,0,0,0,5000,0,0,0,5000,0,5000,5000
048855,華新科群益94購02,0,0,0,0,0,0,0,0,0,5000,0,0,0,50000,45000,5000,5000
048198,大立光元大93購28,0,0,0,0,0,0,0,0,0,5000,0,0,0,5000,0,5000,5000
049100,華新科國泰96購01,0,0,0,0,0,0,0,0,0,5000,0,0,0,5000,0,5000,5000
048892,台郡元富97購01  ,0,0,0,0,0,0,0,0,0,5000,0,0,0,5000,0,5000,5000
048940,晶相光永豐94購01,0,0,0,0,0,0,0,0,0,5000,0,0,0,10000,5000,5000,5000
050375,矽創元大94購02  ,0,0,0,0,0,0,0,0,0,5000,0,0,0,7000,2000,5000,5000
047687,元金2X富邦96購01,0,0,0,0,0,0,0,0,0,5000,0,0,0,5000,0,5000,5000
047727,拓凱群益94購01  ,0,0,0,0,0,0,0,0,0,5000,0,0,0,15000,10000,5000,5000
047439,漢唐元大95購01  ,0,0,0,0,0,0,0,0,0,5000,0,0,0,5000,0,5000,5000
048802,聯發科富邦94購03,0,0,0,0,0,0,0,0,0,5000,0,0,0,5000,0,5000,5000
049761,亞德客國泰95購03,0,0,0,0,0,0,0,0,0,5000,0,0,0,7000,2000,5000,5000
047995,台達電元大96購01,0,0,0,0,0,0,0,0,0,5000,0,0,0,11000,6000,5000,5000
047675,群創元富96購03  ,0,0,0,0,0,0,0,0,0,5000,0,0,0,15000,10000,5000,5000
047147,嘉晶群益93購02  ,0,0,0,0,0,0,0,0,0,5000,0,0,0,5000,0,5000,5000
04984P,臺股指康和94售04,0,0,0,0,0,0,0,0,0,5000,0,0,0,5000,0,5000,5000
049830,智易凱基94購02  ,0,0,0,0,0,0,0,0,0,5000,0,0,0,35000,30000,5000,5000
051451,世芯元大95購03  ,0,0,0,0,0,0,0,0,0,5000,0,0,0,6000,1000,5000,5000
051507,彩晶元富95購01  ,0,0,0,0,0,0,0,0,0,5000,0,0,0,133000,128000,5000,5000
051540,力成國票95購01  ,0,0,0,0,0,0,0,0,0,5000,0,0,0,5000,0,5000,5000
051600,新日興兆豐96購02,0,0,0,0,0,0,0,0,0,5000,0,0,0,20000,15000,5000,5000
05171P,臺股指元大95售15,0,0,0,0,0,0,0,0,0,5000,0,0,0,5000,0,5000,5000
05172P,臺股指元大95售16,0,0,0,0,0,0,0,0,0,5000,0,0,0,30000,25000,5000,5000
051999,勤誠元大95購01  ,0,0,0,0,0,0,0,0,0,5000,0,0,0,10000,5000,5000,5000
051974,華新科凱基96購05,0,0,0,0,0,0,0,0,0,5000,0,0,0,5000,0,5000,5000
051912,健鼎元大96購01  ,0,0,0,0,0,0,0,0,0,5000,0,0,0,10000,5000,5000,5000
051866,聯發科凱基96購05,0,0,0,0,0,0,0,0,0,5000,0,0,0,65000,60000,5000,5000
05186P,鈺齊中信95售02  ,0,0,0,0,0,0,0,0,0,5000,0,0,0,5000,0,5000,5000
05216P,國巨永豐95售02  ,0,0,0,0,0,0,0,0,0,5000,0,0,0,5000,0,5000,5000
05126P,牧德群益95售01  ,0,0,0,0,0,0,0,0,0,5000,0,0,0,5000,0,5000,5000
051265,鴻海富邦96購04  ,0,0,0,0,0,0,0,0,0,5000,0,0,0,30000,25000,5000,5000
051212,國巨統一95購01  ,0,0,0,0,0,0,0,0,0,5000,0,0,0,5000,0,5000,5000
051223,台化群益95購01  ,0,0,0,0,0,0,0,0,0,5000,0,0,0,5000,0,5000,5000
051177,可成凱基95購05  ,0,0,0,0,0,0,0,0,0,5000,0,0,0,5000,0,5000,5000
051362,台郡元大95購04  ,0,0,0,0,0,0,0,0,0,5000,0,0,0,10000,5000,5000,5000
051383,京鼎群益96購02  ,0,0,0,0,0,0,0,0,0,5000,0,0,0,5000,0,5000,5000
05140P,台表科國票96售01,0,0,0,0,0,0,0,0,0,5000,0,0,0,5000,0,5000,5000
050750,上銀統一94購02  ,0,0,0,0,0,0,0,0,0,5000,0,0,0,7000,2000,5000,5000
050719,世紀鋼群益96購01,0,0,0,0,0,0,0,0,0,5000,0,0,0,10000,5000,5000,5000
050771,華新科元大94購06,0,0,0,0,0,0,0,0,0,5000,0,0,0,5000,0,5000,5000
050810,鴻海凱基95購09  ,0,0,0,0,0,0,0,0,0,5000,0,0,0,5000,0,5000,5000
053226,國巨台新97購02  ,0,0,0,0,0,0,0,0,0,5000,0,0,0,14000,9000,5000,5000
053420,華邦電永豐96購01,0,0,0,0,0,0,0,0,0,5000,0,0,0,8000,3000,5000,5000
052291,鴻海元富97購02  ,0,0,0,0,0,0,0,0,0,5000,0,0,0,5000,0,5000,5000
052273,新光金群益95購02,0,0,0,0,0,0,0,0,0,5000,0,0,0,30000,25000,5000,5000
052324,康友元大96購02  ,0,0,0,0,0,0,0,0,0,5000,0,0,0,10000,5000,5000,5000
052374,瑞昱元大95購02  ,0,0,0,0,0,0,0,0,0,5000,0,0,0,7000,2000,5000,5000
052508,矽力日盛95購02  ,0,0,0,0,0,0,0,0,0,5000,0,0,0,5000,0,5000,5000
05255P,義隆凱基95售01  ,0,0,0,0,0,0,0,0,0,5000,0,0,0,5000,0,5000,5000
052823,創意永豐96購02  ,0,0,0,0,0,0,0,0,0,5000,0,0,0,47000,42000,5000,5000
052627,中壽中信98購01  ,0,0,0,0,0,0,0,0,0,5000,0,0,0,5000,0,5000,5000
2642,宅配通          ,53000,49000,4000,0,0,0,0,0,0,1000,1000,0,1000,0,0,0,5000
4190,佐登-KY         ,1000,0,1000,0,0,0,0,0,0,4000,4000,0,4000,0,0,0,5000
4912,聯德控股-KY     ,12000,7000,5000,0,0,0,0,0,0,0,0,0,0,0,0,0,5000
3591,艾笛森          ,14000,8000,6000,0,0,0,0,0,0,-1000,0,1000,-1000,0,0,0,5000
05988P,光磊元富96售02  ,0,0,0,0,0,0,0,0,0,5000,0,0,0,10000,5000,5000,5000
06056P,台積電凱基98售02,0,0,0,0,0,0,0,0,0,5000,0,0,0,5000,0,5000,5000
06117P,臺股指日盛97售02,0,0,0,0,0,0,0,0,0,5000,0,0,0,5000,0,5000,5000
1446,宏和            ,72000,67000,5000,0,0,0,0,0,0,0,1000,1000,0,0,0,0,5000
9942,茂順            ,5000,24000,-19000,0,0,0,0,0,0,24000,26000,2000,24000,0,0,0,5000
9937,全國            ,7000,2000,5000,0,0,0,0,0,0,0,0,0,0,0,0,0,5000
5608,四維航          ,13000,8000,5000,0,0,0,0,0,0,0,0,0,0,0,0,0,5000
6533,晶心科          ,160000,101000,59000,0,0,0,0,0,0,-54000,1000,55000,-54000,0,0,0,5000
05732P,臺股指統一96售02,0,0,0,0,0,0,0,0,0,4000,0,0,0,4000,0,4000,4000
05664P,國巨凱基96售09  ,0,0,0,0,0,0,0,0,0,4000,0,0,0,10000,6000,4000,4000
055785,祥碩凱基97購02  ,0,0,0,0,0,0,0,0,0,4000,0,0,0,4000,0,4000,4000
055477,同欣電凱基98購01,0,0,0,0,0,0,0,0,0,4000,0,0,0,4000,0,4000,4000
055382,台郡元大99購01  ,0,0,0,0,0,0,0,0,0,4000,0,0,0,4000,0,4000,4000
055287,日電貿元大97購01,0,0,0,0,0,0,0,0,0,4000,0,0,0,4000,0,4000,4000
054586,健鼎國泰99購01  ,0,0,0,0,0,0,0,0,0,4000,0,0,0,4000,0,4000,4000
054627,義隆凱基98購01  ,0,0,0,0,0,0,0,0,0,4000,0,0,0,5000,1000,4000,4000
054453,上海銀亞東96購01,0,0,0,0,0,0,0,0,0,4000,0,0,0,4000,0,4000,4000
054352,世芯國泰98購01  ,0,0,0,0,0,0,0,0,0,4000,0,0,0,6000,2000,4000,4000
054294,世芯元大96購02  ,0,0,0,0,0,0,0,0,0,4000,0,0,0,5000,1000,4000,4000
053671,可成統一96購03  ,0,0,0,0,0,0,0,0,0,4000,0,0,0,7000,3000,4000,4000
053774,台達電元大96購04,0,0,0,0,0,0,0,0,0,4000,0,0,0,4000,0,4000,4000
045839,台郡群益92購01  ,0,0,0,0,0,0,0,0,0,4000,0,0,0,4000,0,4000,4000
045875,仁寶元富92購01  ,0,0,0,0,0,0,0,0,0,4000,0,0,0,4000,0,4000,4000
045743,台郡群益93購01  ,0,0,0,0,0,0,0,0,0,4000,0,0,0,4000,0,4000,4000
045748,臺股指永豐92購01,0,0,0,0,0,0,0,0,0,4000,0,0,0,768000,764000,4000,4000
046312,可成元大92購10  ,0,0,0,0,0,0,0,0,0,4000,0,0,0,4000,0,4000,4000
04628P,欣興元大95售01  ,0,0,0,0,0,0,0,0,0,4000,0,0,0,5000,1000,4000,4000
049398,微星群益94購02  ,0,0,0,0,0,0,0,0,0,4000,0,0,0,8000,4000,4000,4000
048559,京元電元大93購03,0,0,0,0,0,0,0,0,0,4000,0,0,0,4000,0,4000,4000
049508,上銀凱基94購04  ,0,0,0,0,0,0,0,0,0,4000,0,0,0,22000,18000,4000,4000
046862,台郡元大94購01  ,0,0,0,0,0,0,0,0,0,4000,0,0,0,4000,0,4000,4000
045054,聯發科元富98購02,0,0,0,0,0,0,0,0,0,4000,0,0,0,21000,17000,4000,4000
046141,康控統一92購02  ,0,0,0,0,0,0,0,0,0,4000,0,0,0,4000,0,4000,4000
044165,聯發科元大92購04,0,0,0,0,0,0,0,0,0,4000,0,0,0,4000,0,4000,4000
04254P,亞德客國票93售03,0,0,0,0,0,0,0,0,0,4000,0,0,0,4000,0,4000,4000
04027P,亞德客凱基93售05,0,0,0,0,0,0,0,0,0,4000,0,0,0,4000,0,4000,4000
04028P,燿華凱基94售02  ,0,0,0,0,0,0,0,0,0,4000,0,0,0,5000,1000,4000,4000
041908,可成元大92購01  ,0,0,0,0,0,0,0,0,0,4000,0,0,0,4000,0,4000,4000
046042,台勝科元大92購03,0,0,0,0,0,0,0,0,0,4000,0,0,0,4000,0,4000,4000
046667,晶技元大93購01  ,0,0,0,0,0,0,0,0,0,4000,0,0,0,4000,0,4000,4000
04380P,欣興元大94售02  ,0,0,0,0,0,0,0,0,0,4000,0,0,0,6000,2000,4000,4000
03307P,臺股指中信05售02,0,0,0,0,0,0,0,0,0,4000,0,0,0,4000,0,4000,4000
03362P,台積電元大02售19,0,0,0,0,0,0,0,0,0,4000,0,0,0,4000,0,4000,4000
03365P,元油2X富邦98售01,0,0,0,0,0,0,0,0,0,4000,0,0,0,4000,0,4000,4000
03647P,京元電元富95售02,0,0,0,0,0,0,0,0,0,4000,0,0,0,33000,29000,4000,4000
03736P,南電元大93售02  ,0,0,0,0,0,0,0,0,0,4000,0,0,0,4000,0,4000,4000
049672,臺股指富邦94購01,0,0,0,0,0,0,0,0,0,4000,0,0,0,4000,0,4000,4000
046970,聯詠群益93購01  ,0,0,0,0,0,0,0,0,0,4000,0,0,0,14000,10000,4000,4000
048976,華擎元大94購01  ,0,0,0,0,0,0,0,0,0,4000,0,0,0,4000,0,4000,4000
048995,宏全元大94購01  ,0,0,0,0,0,0,0,0,0,4000,0,0,0,4000,0,4000,4000
049885,緯穎永豐94購01  ,0,0,0,0,0,0,0,0,0,4000,0,0,0,4000,0,4000,4000
049865,和鑫兆豐95購01  ,0,0,0,0,0,0,0,0,0,4000,0,0,0,4000,0,4000,4000
04986P,茂林永豐94售05  ,0,0,0,0,0,0,0,0,0,4000,0,0,0,4000,0,4000,4000
049905,為升元大94購05  ,0,0,0,0,0,0,0,0,0,4000,0,0,0,4000,0,4000,4000
047047,旺宏國票95購01  ,0,0,0,0,0,0,0,0,0,4000,0,0,0,50000,46000,4000,4000
047942,華新科國票94購04,0,0,0,0,0,0,0,0,0,4000,0,0,0,4000,0,4000,4000
050195,上海銀元大94購03,0,0,0,0,0,0,0,0,0,4000,0,0,0,4000,0,4000,4000
05066P,康控元大95售03  ,0,0,0,0,0,0,0,0,0,4000,0,0,0,15000,11000,4000,4000
050688,大立光日盛94購03,0,0,0,0,0,0,0,0,0,4000,0,0,0,5000,1000,4000,4000
050608,台達電元大94購12,0,0,0,0,0,0,0,0,0,4000,0,0,0,4000,0,4000,4000
049794,台達電元大94購10,0,0,0,0,0,0,0,0,0,4000,0,0,0,4000,0,4000,4000
049377,聯詠元大94購01  ,0,0,0,0,0,0,0,0,0,4000,0,0,0,4000,0,4000,4000
049135,台達電元大94購03,0,0,0,0,0,0,0,0,0,4000,0,0,0,4000,0,4000,4000
049215,國巨國票94購03  ,0,0,0,0,0,0,0,0,0,4000,0,0,0,6000,2000,4000,4000
049248,台達電元大94購04,0,0,0,0,0,0,0,0,0,4000,0,0,0,4000,0,4000,4000
052706,台虹國票97購01  ,0,0,0,0,0,0,0,0,0,4000,0,0,0,19000,15000,4000,4000
05284P,鴻海兆豐95售04  ,0,0,0,0,0,0,0,0,0,4000,0,0,0,7000,3000,4000,4000
052553,技嘉國票96購01  ,0,0,0,0,0,0,0,0,0,4000,0,0,0,4000,0,4000,4000
052454,力成元大95購02  ,0,0,0,0,0,0,0,0,0,4000,0,0,0,4000,0,4000,4000
052276,力成群益96購01  ,0,0,0,0,0,0,0,0,0,4000,0,0,0,15000,11000,4000,4000
052243,致茂康和95購01  ,0,0,0,0,0,0,0,0,0,4000,0,0,0,4000,0,4000,4000
053349,台郡國票97購02  ,0,0,0,0,0,0,0,0,0,4000,0,0,0,20000,16000,4000,4000
053551,可成凱基96購05  ,0,0,0,0,0,0,0,0,0,4000,0,0,0,10000,6000,4000,4000
053054,禾伸堂國票97購01,0,0,0,0,0,0,0,0,0,4000,0,0,0,4000,0,4000,4000
050832,力成凱基95購01  ,0,0,0,0,0,0,0,0,0,4000,0,0,0,4000,0,4000,4000
051382,玉晶光群益98購02,0,0,0,0,0,0,0,0,0,4000,0,0,0,14000,10000,4000,4000
051284,上銀統一95購02  ,0,1000,-1000,0,0,0,0,0,0,5000,0,0,0,5000,0,5000,4000
051234,南電群益95購02  ,0,0,0,0,0,0,0,0,0,4000,0,0,0,4000,0,4000,4000
052154,緯創台新95購01  ,0,0,0,0,0,0,0,0,0,4000,0,0,0,14000,10000,4000,4000
6215,和椿            ,7000,3000,4000,0,0,0,0,0,0,0,0,0,0,0,0,0,4000
9906,欣巴巴          ,13000,9000,4000,0,0,0,0,0,0,0,0,0,0,0,0,0,4000
1312A,國喬特          ,0,0,0,0,0,0,0,0,0,4000,9000,5000,4000,0,0,0,4000
1234,黑松            ,6000,3000,3000,0,0,0,0,0,0,1000,1000,0,1000,0,0,0,4000
08859P,奇鋐國票03售01  ,0,0,0,0,0,0,0,0,0,4000,0,0,0,4000,0,4000,4000
08890P,為升元大01售04  ,0,0,0,0,0,0,0,0,0,4000,0,0,0,4000,0,4000,4000
06229P,欣興凱基97售07  ,0,0,0,0,0,0,0,0,0,4000,0,0,0,4000,0,4000,4000
07917P,可成永豐9B售01  ,0,0,0,0,0,0,0,0,0,4000,0,0,0,6000,2000,4000,4000
06157P,聯鈞統一97售02  ,0,0,0,0,0,0,0,0,0,4000,0,0,0,10000,6000,4000,4000
05853P,欣興群益96售05  ,0,0,0,0,0,0,0,0,0,4000,0,0,0,4000,0,4000,4000
05833P,臺股指元富96售05,0,0,0,0,0,0,0,0,0,4000,0,0,0,14000,10000,4000,4000
3416,融程電          ,8000,4000,4000,0,0,0,0,0,0,0,0,0,0,0,0,0,4000
2939,凱羿-KY         ,6000,2000,4000,0,0,0,0,0,0,0,0,0,0,0,0,0,4000
1612,宏泰            ,25000,21000,4000,0,0,0,0,0,0,0,1000,1000,0,0,0,0,4000
3051,力特            ,3002,0,3002,0,0,0,0,0,0,0,0,0,0,0,0,0,3002
053781,友達元大9B購03  ,0,0,0,0,0,0,0,0,0,3000,0,0,0,9000,6000,3000,3000
053836,亞光永豐96購02  ,0,0,0,0,0,0,0,0,0,3000,0,0,0,16000,13000,3000,3000
053842,聯發科統一96購08,0,0,0,0,0,0,0,0,0,3000,0,0,0,13000,10000,3000,3000
053939,台表科元富96購03,0,0,0,0,0,0,0,0,0,3000,0,0,0,3000,0,3000,3000
053950,緯穎富邦97購02  ,0,0,0,0,0,0,0,0,0,3000,0,0,0,58000,55000,3000,3000
054007,貿聯統一96購01  ,0,0,0,0,0,0,0,0,0,3000,0,0,0,33000,30000,3000,3000
054021,義隆台新96購01  ,0,0,0,0,0,0,0,0,0,3000,0,0,0,5000,2000,3000,3000
054065,樺漢國票97購01  ,0,0,0,0,0,0,0,0,0,3000,0,0,0,6000,3000,3000,3000
054136,亞光元大96購04  ,0,0,0,0,0,0,0,0,0,3000,0,0,0,12000,9000,3000,3000
054252,奇力新元大96購04,0,0,0,0,0,0,0,0,0,3000,0,0,0,7000,4000,3000,3000
054419,嘉聯益元大98購02,0,0,0,0,0,0,0,0,0,3000,0,0,0,3000,0,3000,3000
054570,易華電群益98購01,0,0,0,0,0,0,0,0,0,3000,0,0,0,3000,0,3000,3000
054741,亞光凱基99購01  ,0,0,0,0,0,0,0,0,0,3000,0,0,0,70000,67000,3000,3000
05469P,台積電元大95售24,0,0,0,0,0,0,0,0,0,3000,0,0,0,541000,538000,3000,3000
055291,京鼎元大97購02  ,0,0,0,0,0,0,0,0,0,3000,0,0,0,3000,0,3000,3000
055346,國巨凱基98購02  ,0,0,0,0,0,0,0,0,0,3000,0,0,0,3000,0,3000,3000
055469,台光電凱基97購01,0,0,0,0,0,0,0,0,0,3000,0,0,0,3000,0,3000,3000
055467,國巨凱基97購05  ,0,0,0,0,0,0,0,0,0,3000,0,0,0,4000,1000,3000,3000
055526,台積電群益97購02,0,0,0,0,0,0,0,0,0,3000,0,0,0,37000,34000,3000,3000
054952,大毅元大97購02  ,0,0,0,0,0,0,0,0,0,3000,0,0,0,3000,0,3000,3000
055973,亞德客統一97購01,0,0,0,0,0,0,0,0,0,3000,0,0,0,7000,4000,3000,3000
055852,聯鈞元大98購01  ,0,0,0,0,0,0,0,0,0,3000,0,0,0,21000,18000,3000,3000
03088P,大立光元大01售17,0,0,0,0,0,0,0,0,0,3000,0,0,0,3000,0,3000,3000
03035X,元展32          ,0,0,0,0,0,0,0,0,0,3000,0,0,0,4000,1000,3000,3000
00657,國泰日經225     ,0,70000,-70000,0,0,0,0,0,0,73000,0,0,0,179000,106000,73000,3000
00652,富邦印度        ,0,0,0,0,0,0,0,0,0,3000,0,0,0,19000,16000,3000,3000
04471P,華通元大95售03  ,0,0,0,0,0,0,0,0,0,3000,0,0,0,60000,57000,3000,3000
044739,美利達國泰93購01,0,0,0,0,0,0,0,0,0,3000,0,0,0,3000,0,3000,3000
03932P,欣興統一93售01  ,0,0,0,0,0,0,0,0,0,3000,0,0,0,3000,0,3000,3000
03900P,瀚宇博群益93售03,0,0,0,0,0,0,0,0,0,3000,0,0,0,3000,0,3000,3000
042116,元油2X國票97購01,0,0,0,0,0,0,0,0,0,3000,0,0,0,3000,0,3000,3000
04015P,可成元大93售10  ,0,0,0,0,0,0,0,0,0,3000,0,0,0,3000,0,3000,3000
04006P,滬深2X國票9B售01,0,0,0,0,0,0,0,0,0,3000,0,0,0,3000,0,3000,3000
03971P,智邦亞東93售01  ,0,0,0,0,0,0,0,0,0,3000,0,0,0,3000,0,3000,3000
04608P,晶相光永豐94售02,0,0,0,0,0,0,0,0,0,3000,0,0,0,3000,0,3000,3000
044633,台郡元大92購03  ,0,0,0,0,0,0,0,0,0,3000,0,0,0,3000,0,3000,3000
04463P,可成元富94售03  ,0,0,0,0,0,0,0,0,0,3000,0,0,0,3000,0,3000,3000
046235,台表科元大92購03,0,0,0,0,0,0,0,0,0,3000,0,0,0,3000,0,3000,3000
049502,訊芯元大94購01  ,0,0,0,0,0,0,0,0,0,3000,0,0,0,4000,1000,3000,3000
049578,台達電元大94購09,0,0,0,0,0,0,0,0,0,3000,0,0,0,3000,0,3000,3000
049603,富邦金亞東94購01,0,0,0,0,0,0,0,0,0,3000,0,0,0,3000,0,3000,3000
046631,創意元富93購01  ,0,0,0,0,0,0,0,0,0,3000,0,0,0,3000,0,3000,3000
045428,彩晶凱基94購01  ,0,0,0,0,0,0,0,0,0,3000,0,0,0,13000,10000,3000,3000
046591,康舒元大92購01  ,0,0,0,0,0,0,0,0,0,3000,0,0,0,3000,0,3000,3000
046561,可成凱基92購11  ,0,0,0,0,0,0,0,0,0,3000,0,0,0,3000,0,3000,3000
046330,祥碩元大92購02  ,0,0,0,0,0,0,0,0,0,3000,0,0,0,3000,0,3000,3000
045688,祥碩元大92購01  ,0,0,0,0,0,0,0,0,0,3000,0,0,0,3000,0,3000,3000
045592,台郡元大92購04  ,0,0,0,0,0,0,0,0,0,3000,0,0,0,3000,0,3000,3000
049082,晶豪科凱基94購01,0,0,0,0,0,0,0,0,0,3000,0,0,0,3000,0,3000,3000
048525,華通國票94購02  ,0,0,0,0,0,0,0,0,0,3000,0,0,0,10000,7000,3000,3000
049354,致新永豐94購01  ,0,0,0,0,0,0,0,0,0,3000,0,0,0,3000,0,3000,3000
049379,智原元大95購01  ,0,0,0,0,0,0,0,0,0,3000,0,0,0,8000,5000,3000,3000
050327,泰鼎永豐94購03  ,0,0,0,0,0,0,0,0,0,3000,0,0,0,13000,10000,3000,3000
049800,瑞昱元大94購05  ,0,0,0,0,0,0,0,0,0,3000,0,0,0,3000,0,3000,3000
048923,國巨永豐94購02  ,0,0,0,0,0,0,0,0,0,3000,0,0,0,92000,89000,3000,3000
050386,智伸科國票94購01,0,0,0,0,0,0,0,0,0,3000,0,0,0,3000,0,3000,3000
050477,矽力永豐94購01  ,0,0,0,0,0,0,0,0,0,3000,0,0,0,9000,6000,3000,3000
050199,南電元大94購09  ,0,0,0,0,0,0,0,0,0,3000,0,0,0,5000,2000,3000,3000
046925,華新科國泰94購03,0,0,0,0,0,0,0,0,0,3000,0,0,0,3000,0,3000,3000
05001P,華通統一95售01  ,0,0,0,0,0,0,0,0,0,3000,0,0,0,3000,0,3000,3000
050020,為升元大94購06  ,0,0,0,0,0,0,0,0,0,3000,0,0,0,3000,0,3000,3000
050015,友達富邦95購01  ,0,0,0,0,0,0,0,0,0,3000,0,0,0,3000,0,3000,3000
048002,景碩元大93購04  ,0,0,0,0,0,0,0,0,0,3000,0,0,0,3000,0,3000,3000
04798P,牧德元大95售02  ,0,0,0,0,0,0,0,0,0,3000,0,0,0,3000,0,3000,3000
049883,台表科永豐94購02,0,0,0,0,0,0,0,0,0,3000,0,0,0,3000,0,3000,3000
046978,復盛永豐93購01  ,0,0,0,0,0,0,0,0,0,3000,0,0,0,3000,0,3000,3000
046936,祥碩元富93購01  ,0,0,0,0,0,0,0,0,0,3000,0,0,0,3000,0,3000,3000
051855,道瓊反凱基97購01,0,0,0,0,0,0,0,0,0,3000,0,0,0,3000,0,3000,3000
051909,潤泰全元大95購02,0,0,0,0,0,0,0,0,0,3000,0,0,0,4000,1000,3000,3000
051986,燿華元大96購04  ,0,0,0,0,0,0,0,0,0,3000,0,0,0,3000,0,3000,3000
051797,卜蜂永豐95購01  ,0,0,0,0,0,0,0,0,0,3000,0,0,0,3000,0,3000,3000
051773,元大金中信95購02,0,0,0,0,0,0,0,0,0,3000,0,0,0,3000,0,3000,3000
051251,信邦元大95購01  ,0,0,0,0,0,0,0,0,0,3000,0,0,0,5000,2000,3000,3000
05125P,鴻海群益95售06  ,0,0,0,0,0,0,0,0,0,3000,0,0,0,10000,7000,3000,3000
051183,建準永豐95購02  ,0,0,0,0,0,0,0,0,0,3000,0,0,0,3000,0,3000,3000
051112,台郡統一95購01  ,0,0,0,0,0,0,0,0,0,3000,0,0,0,3000,0,3000,3000
05133P,臺股指日盛95售01,0,0,0,0,0,0,0,0,0,3000,0,0,0,3000,0,3000,3000
05141P,華通台新96售01  ,0,0,0,0,0,0,0,0,0,3000,0,0,0,3000,0,3000,3000
050806,華新科日盛95購01,0,0,0,0,0,0,0,0,0,3000,0,0,0,43000,40000,3000,3000
050901,樺漢元大95購02  ,0,0,0,0,0,0,0,0,0,3000,0,0,0,3000,0,3000,3000
053086,宏達電元大97購01,0,0,0,0,0,0,0,0,0,3000,0,0,0,3000,0,3000,3000
053197,超眾元富96購02  ,0,0,0,0,0,0,0,0,0,3000,0,0,0,3000,0,3000,3000
053271,喬山元大97購01  ,0,0,0,0,0,0,0,0,0,3000,0,0,0,3000,0,3000,3000
053160,台表科元大96購03,0,0,0,0,0,0,0,0,0,3000,0,0,0,3000,0,3000,3000
053485,矽創國票97購04  ,0,0,0,0,0,0,0,0,0,3000,0,0,0,3000,0,3000,3000
053481,同欣電元大97購01,0,0,0,0,0,0,0,0,0,3000,0,0,0,4000,1000,3000,3000
052271,力成日盛95購02  ,0,0,0,0,0,0,0,0,0,3000,0,0,0,3000,0,3000,3000
052292,緯穎元富95購02  ,0,0,0,0,0,0,0,0,0,3000,0,0,0,26000,23000,3000,3000
052455,樺漢元大96購03  ,0,0,0,0,0,0,0,0,0,3000,0,0,0,3000,0,3000,3000
052457,日月光元富95購01,0,0,0,0,0,0,0,0,0,3000,0,0,0,3000,0,3000,3000
3027,盛達            ,19000,16000,3000,0,0,0,0,0,0,0,0,0,0,0,0,0,3000
3321,同泰            ,27000,24000,3000,0,0,0,0,0,0,0,0,0,0,0,0,0,3000
3701,大眾控          ,3000,0,3000,0,0,0,0,0,0,0,0,0,0,0,0,0,3000
2413,環科            ,8000,5000,3000,0,0,0,0,0,0,0,0,0,0,0,0,0,3000
05841P,華通元大96售04  ,0,0,0,0,0,0,0,0,0,3000,0,0,0,68000,65000,3000,3000
05905P,晶技統一97售01  ,0,0,0,0,0,0,0,0,0,3000,0,0,0,24000,21000,3000,3000
05870P,聯發科凱基96售19,0,0,0,0,0,0,0,0,0,3000,0,0,0,3000,0,3000,3000
06288P,臺股指國票97售02,0,0,0,0,0,0,0,0,0,3000,0,0,0,3000,0,3000,3000
9918,欣天然          ,3000,0,3000,0,0,0,0,0,0,0,0,0,0,0,0,0,3000
8478,東哥遊艇        ,7000,4000,3000,0,0,0,0,0,0,0,0,0,0,0,0,0,3000
055892,國巨統一99購01  ,0,0,0,0,0,0,0,0,0,2000,0,0,0,2000,0,2000,2000
055968,祥碩元大97購04  ,0,0,0,0,0,0,0,0,0,2000,0,0,0,22000,20000,2000,2000
055746,同欣電元富97購01,0,0,0,0,0,0,0,0,0,2000,0,0,0,2000,0,2000,2000
055747,康舒元富97購01  ,0,0,0,0,0,0,0,0,0,2000,0,0,0,2000,0,2000,2000
055698,茂林國票98購03  ,0,0,0,0,0,0,0,0,0,2000,0,0,0,2000,0,2000,2000
055674,南港康和97購02  ,0,0,0,0,0,0,0,0,0,2000,0,0,0,2000,0,2000,2000
05661P,聯發科統一96售06,0,0,0,0,0,0,0,0,0,2000,0,0,0,54000,52000,2000,2000
05711P,茂林國票97售03  ,0,0,0,0,0,0,0,0,0,2000,0,0,0,50000,48000,2000,2000
05610P,國巨群益98售01  ,0,0,0,0,0,0,0,0,0,2000,0,0,0,2000,0,2000,2000
05607P,華通日盛96售01  ,0,0,0,0,0,0,0,0,0,2000,0,0,0,12000,10000,2000,2000
054974,台表科元大98購02,0,0,0,0,0,0,0,0,0,2000,0,0,0,2000,0,2000,2000
054997,文曄元富97購01  ,0,0,0,0,0,0,0,0,0,2000,0,0,0,2000,0,2000,2000
055001,京鼎元富97購01  ,0,0,0,0,0,0,0,0,0,2000,0,0,0,2000,0,2000,2000
055093,京鼎群益98購01  ,0,0,0,0,0,0,0,0,0,2000,0,0,0,2000,0,2000,2000
055260,晶相光統一98購01,0,0,0,0,0,0,0,0,0,2000,0,0,0,3000,1000,2000,2000
055508,矽力元大97購01  ,0,0,0,0,0,0,0,0,0,2000,0,0,0,2000,0,2000,2000
055279,華邦電元大97購02,0,0,0,0,0,0,0,0,0,2000,0,0,0,2000,0,2000,2000
054699,復盛永豐97購01  ,0,0,0,0,0,0,0,0,0,2000,0,0,0,2000,0,2000,2000
054728,聯發科日盛97購01,0,0,0,0,0,0,0,0,0,2000,0,0,0,2000,0,2000,2000
054622,漢唐第一97購01  ,0,0,0,0,0,0,0,0,0,2000,0,0,0,2000,0,2000,2000
054664,台表科元大97購04,0,0,0,0,0,0,0,0,0,2000,0,0,0,2000,0,2000,2000
054822,祥碩元大97購01  ,0,0,0,0,0,0,0,0,0,2000,0,0,0,2000,0,2000,2000
054906,神達康和97購01  ,0,0,0,0,0,0,0,0,0,2000,0,0,0,2000,0,2000,2000
054509,上証反元大99購01,0,0,0,0,0,0,0,0,0,2000,0,0,0,6000,4000,2000,2000
054471,T50反1中信9C購01,0,0,0,0,0,0,0,0,0,2000,0,0,0,15000,13000,2000,2000
054263,聯茂元大96購02  ,0,0,0,0,0,0,0,0,0,2000,0,0,0,2000,0,2000,2000
054266,緯穎元大96購07  ,0,0,0,0,0,0,0,0,0,2000,0,0,0,27000,25000,2000,2000
05427P,聯發科凱基96售07,0,0,0,0,0,0,0,0,0,2000,0,0,0,22000,20000,2000,2000
054117,宏全康和96購01  ,0,0,0,0,0,0,0,0,0,2000,0,0,0,2000,0,2000,2000
054090,瑞昱群益97購01  ,0,0,0,0,0,0,0,0,0,2000,0,0,0,6000,4000,2000,2000
053973,晶豪科元大96購01,0,0,0,0,0,0,0,0,0,2000,0,0,0,2000,0,2000,2000
053941,國巨國泰96購05  ,0,0,0,0,0,0,0,0,0,2000,0,0,0,3000,1000,2000,2000
053890,華新科群益98購01,0,0,0,0,0,0,0,0,0,2000,0,0,0,77000,75000,2000,2000
053867,創意元大96購04  ,0,0,0,0,0,0,0,0,0,2000,0,0,0,2000,0,2000,2000
053736,友達麥證96購01  ,0,0,0,2000,0,2000,0,0,0,2000,0,0,0,2000,0,2000,2000
053676,新光金國泰98購02,0,0,0,0,0,0,0,0,0,2000,0,0,0,2000,0,2000,2000
053585,友達元大9C購03  ,0,0,0,0,0,0,0,0,0,2000,0,0,0,2000,0,2000,2000
045826,樺漢凱基92購02  ,0,0,0,0,0,0,0,0,0,2000,0,0,0,2000,0,2000,2000
045360,樺漢凱基92購01  ,0,0,0,0,0,0,0,0,0,2000,0,0,0,2000,0,2000,2000
049403,欣興群益94購03  ,0,0,0,0,0,0,0,0,0,2000,0,0,0,2000,0,2000,2000
049431,光罩國票96購01  ,0,0,0,0,0,0,0,0,0,2000,0,0,0,2000,0,2000,2000
049481,為升元大94購03  ,0,0,0,0,0,0,0,0,0,2000,0,0,0,4000,2000,2000,2000
049465,美律台新94購01  ,0,0,0,0,0,0,0,0,0,2000,0,0,0,40000,38000,2000,2000
049606,可成第一94購01  ,0,0,0,0,0,0,0,0,0,2000,0,0,0,2000,0,2000,2000
045554,友達國票92購02  ,0,0,0,0,0,0,0,0,0,2000,0,0,0,2000,0,2000,2000
046221,台化元大92購02  ,0,0,0,0,0,0,0,0,0,2000,0,0,0,2000,0,2000,2000
045299,友達元大92購02  ,0,0,0,0,0,0,0,0,0,2000,0,0,0,2000,0,2000,2000
044465,元油2X群益97購01,0,0,0,0,0,0,0,0,0,2000,0,0,0,2000,0,2000,2000
044373,台積電兆豐92購01,0,0,0,0,0,0,0,0,0,2000,0,0,0,4000,2000,2000,2000
044277,彩晶群益92購01  ,0,0,0,0,0,0,0,0,0,2000,0,0,0,2000,0,2000,2000
045078,玉山金元大92購01,0,0,0,0,0,0,0,0,0,2000,0,0,0,2000,0,2000,2000
046457,可成凱基92購09  ,0,0,0,0,0,0,0,0,0,2000,0,0,0,2000,0,2000,2000
046903,友達凱基99購01  ,0,0,0,0,0,0,0,0,0,2000,0,0,0,108000,106000,2000,2000
044861,玉晶光兆豐93購01,0,0,0,0,0,0,0,0,0,2000,0,0,0,62000,60000,2000,2000
040145,國巨凱基92購01  ,0,0,0,0,0,0,0,0,0,2000,0,0,0,2000,0,2000,2000
03993P,滬深2X中信94售03,0,0,0,0,0,0,0,0,0,2000,0,0,0,110000,108000,2000,2000
04019P,聯茂永豐93售01  ,0,0,0,0,0,0,0,0,0,2000,0,0,0,2000,0,2000,2000
04020P,南茂永豐93售02  ,0,0,0,0,0,0,0,0,0,2000,0,0,0,2000,0,2000,2000
03860P,群創元富97售01  ,0,0,0,0,0,0,0,0,0,2000,0,0,0,2000,0,2000,2000
03880P,華新科永豐93售01,0,0,0,0,0,0,0,0,0,2000,0,0,0,2000,0,2000,2000
044758,玉山金凱基93購01,0,0,0,0,0,0,0,0,0,2000,0,0,0,2000,0,2000,2000
043896,台積電群益92購06,0,0,0,0,0,0,0,0,0,2000,0,0,0,2000,0,2000,2000
044065,亞光元大92購02  ,0,0,0,0,0,0,0,0,0,2000,0,0,0,2000,0,2000,2000
046672,聯茂元大93購01  ,0,0,0,0,0,0,0,0,0,2000,0,0,0,2000,0,2000,2000
046673,樺漢元大93購01  ,0,0,0,0,0,0,0,0,0,2000,0,0,0,2000,0,2000,2000
00682U,元大美元指數    ,0,0,0,0,0,0,0,0,0,2000,0,0,0,42000,40000,2000,2000
020011,統一微波高息20N ,0,0,0,0,0,0,0,0,0,2000,0,0,0,14000,12000,2000,2000
03572P,欣興統一02售06  ,0,0,0,0,0,0,0,0,0,2000,0,0,0,2000,0,2000,2000
01001T,土銀富邦R1      ,0,0,0,0,0,0,0,0,0,2000,2000,0,2000,0,0,0,2000
03049X,元展46          ,0,0,0,0,0,0,0,0,0,2000,0,0,0,3000,1000,2000,2000
03005X,元展05          ,0,0,0,0,0,0,0,0,0,2000,0,0,0,2000,0,2000,2000
03676P,大立光國泰93售03,0,0,0,0,0,0,0,0,0,2000,0,0,0,2000,0,2000,2000
03699P,義隆元大93售01  ,0,0,0,0,0,0,0,0,0,2000,0,0,0,2000,0,2000,2000
03646C,臺股指元大95牛32,0,0,0,0,0,0,0,0,0,2000,0,0,0,2000,0,2000,2000
03214P,技嘉群益02售02  ,0,0,0,0,0,0,0,0,0,2000,0,0,0,2000,0,2000,2000
03281P,台積電凱基04售01,0,0,0,0,0,0,0,0,0,2000,0,0,0,2000,0,2000,2000
04074P,臺股指凱基93售10,0,0,0,0,0,0,0,0,0,2000,0,0,0,2000,0,2000,2000
043037,新光金統一92購01,0,0,0,0,0,0,0,0,0,2000,0,0,0,2000,0,2000,2000
049701,聯茂元大94購05  ,0,0,0,0,0,0,0,0,0,2000,0,0,0,2000,0,2000,2000
049705,緯穎元大94購05  ,0,0,0,0,0,0,0,0,0,2000,0,0,0,8000,6000,2000,2000
046944,奇力新元大96購01,0,0,0,0,0,0,0,0,0,2000,0,0,0,4000,2000,2000,2000
04785P,鴻海永豐94售03  ,0,0,0,0,0,0,0,0,0,2000,0,0,0,2000,0,2000,2000
048975,玉晶光元大94購03,0,0,0,0,0,0,0,0,0,2000,0,0,0,2000,0,2000,2000
048979,晶相光元大94購03,0,0,0,0,0,0,0,0,0,2000,0,0,0,2000,0,2000,2000
04899P,力成中信94售02  ,0,0,0,0,0,0,0,0,0,2000,0,0,0,2000,0,2000,2000
048598,瑞昱國票93購03  ,0,0,0,0,0,0,0,0,0,2000,0,0,0,4000,2000,2000,2000
050141,國巨統一94購07  ,0,0,0,0,0,0,0,0,0,2000,0,0,0,12000,10000,2000,2000
05011P,南電國泰96售01  ,0,0,0,0,0,0,0,0,0,2000,0,0,0,2000,0,2000,2000
048702,正文國票95購01  ,0,0,0,0,0,0,0,0,0,2000,0,0,0,2000,0,2000,2000
048798,華新科國泰95購01,0,0,0,0,0,0,0,0,0,2000,0,0,0,2000,0,2000,2000
047802,滬深2X凱基95購03,0,0,0,0,0,0,0,0,0,2000,0,0,0,188000,186000,2000,2000
047774,台表科元大95購01,0,0,0,0,0,0,0,0,0,2000,0,0,0,2000,0,2000,2000
050023,國巨元大94購12  ,0,0,0,0,0,0,0,0,0,2000,0,0,0,7000,5000,2000,2000
047634,亞德客元大93購01,0,0,0,0,0,0,0,0,0,2000,0,0,0,2000,0,2000,2000
047636,台達電元大93購03,0,0,0,0,0,0,0,0,0,2000,0,0,0,2000,0,2000,2000
050384,嘉澤國票94購02  ,0,0,0,0,0,0,0,0,0,2000,0,0,0,2000,0,2000,2000
050649,華新科凱基96購01,0,0,0,0,0,0,0,0,0,2000,0,0,0,2000,0,2000,2000
05064P,台積電元大95售10,0,0,0,0,0,0,0,0,0,2000,0,0,0,2000,0,2000,2000
049268,聯茂元大94購03  ,0,0,0,0,0,0,0,0,0,2000,0,0,0,2000,0,2000,2000
04818P,華新科永豐94售03,0,0,0,0,0,0,0,0,0,2000,0,0,0,4000,2000,2000,2000
048851,台達電群益94購01,0,0,0,0,0,0,0,0,0,2000,0,0,0,14000,12000,2000,2000
048832,玉晶光凱基95購02,0,0,0,0,0,0,0,0,0,2000,0,0,0,2000,0,2000,2000
04881P,高股息凱基96售01,0,0,0,0,0,0,0,0,0,2000,0,0,0,2000,0,2000,2000
048431,瑞昱國票94購01  ,0,0,0,0,0,0,0,0,0,2000,0,0,0,2000,0,2000,2000
048390,國巨國票94購02  ,0,0,0,0,0,0,0,0,0,2000,0,0,0,7000,5000,2000,2000
048861,牧德群益94購01  ,0,0,0,0,0,0,0,0,0,2000,0,0,0,98000,96000,2000,2000
049174,台積電凱基94購11,0,0,0,0,0,0,0,0,0,2000,0,0,0,2000,0,2000,2000
049155,同欣電元大94購01,0,0,0,0,0,0,0,0,0,2000,0,0,0,5000,3000,2000,2000
049129,S&P反1元大97購01,0,0,0,0,0,0,0,0,0,2000,0,0,0,2000,0,2000,2000
049246,大成鋼元大94購02,0,0,0,0,0,0,0,0,0,2000,0,0,0,85000,83000,2000,2000
047250,日月光群益94購01,0,0,0,0,0,0,0,0,0,2000,0,0,0,75000,73000,2000,2000
052444,友訊元大95購01  ,0,0,0,0,0,0,0,0,0,2000,0,0,0,24000,22000,2000,2000
052574,茂林凱基96購02  ,0,0,0,0,0,0,0,0,0,2000,0,0,0,2000,0,2000,2000
052230,大立光凱基96購09,0,0,0,0,0,0,0,0,0,2000,0,0,0,5000,3000,2000,2000
052848,聯發科統一96購03,0,0,0,0,0,0,0,0,0,2000,0,0,0,50000,48000,2000,2000
052863,友達凱基98購02  ,0,0,0,0,0,0,0,0,0,2000,0,0,0,2000,0,2000,2000
052710,玉晶光日盛96購01,0,0,0,0,0,0,0,0,0,2000,0,0,0,2000,0,2000,2000
053480,祥碩元大96購02  ,0,0,0,0,0,0,0,0,0,2000,0,0,0,2000,0,2000,2000
053346,群創國票97購04  ,0,0,0,0,0,0,0,0,0,2000,0,0,0,2000,0,2000,2000
053381,友達元大9A購02  ,0,0,0,0,0,0,0,0,0,2000,0,0,0,2000,0,2000,2000
053092,台表科元大97購02,0,0,0,0,0,0,0,0,0,2000,0,0,0,2000,0,2000,2000
053113,瀚宇博兆豐97購01,0,0,0,0,0,0,0,0,0,2000,0,0,0,2000,0,2000,2000
053048,同欣電麥證96購01,0,0,0,2000,0,2000,0,0,0,2000,0,0,0,2000,0,2000,2000
053041,可成凱基96購02  ,0,0,0,0,0,0,0,0,0,2000,0,0,0,2000,0,2000,2000
050716,可成群益96購01  ,0,0,0,0,0,0,0,0,0,2000,0,0,0,2000,0,2000,2000
050732,台虹國票94購01  ,0,0,0,0,0,0,0,0,0,2000,0,0,0,2000,0,2000,2000
051103,緯穎元大96購03  ,0,0,0,0,0,0,0,0,0,2000,0,0,0,26000,24000,2000,2000
051085,鴻海元大95購03  ,0,0,0,0,0,0,0,0,0,2000,0,0,0,60000,58000,2000,2000
051422,超眾國票96購01  ,0,0,0,0,0,0,0,0,0,2000,0,0,0,2000,0,2000,2000
051310,台達電麥證95購01,0,0,0,2000,0,2000,0,0,0,2000,0,0,0,2000,0,2000,2000
051123,和鑫群益95購01  ,0,0,0,0,0,0,0,0,0,2000,0,0,0,2000,0,2000,2000
051256,中磊元大95購01  ,0,0,0,0,0,0,0,0,0,2000,0,0,0,2000,0,2000,2000
051216,為升元富95購01  ,0,0,0,0,0,0,0,0,0,2000,0,0,0,2000,0,2000,2000
051463,世芯國泰97購02  ,0,0,0,0,0,0,0,0,0,2000,0,0,0,40000,38000,2000,2000
052180,緯穎元大96購05  ,0,0,0,0,0,0,0,0,0,2000,0,0,0,18000,16000,2000,2000
052085,聯電元大95購01  ,0,0,0,0,0,0,0,0,0,2000,0,0,0,2000,0,2000,2000
9912,偉聯            ,6000,3000,3000,0,0,0,0,0,0,-1000,0,1000,-1000,0,0,0,2000
9926,新海            ,2000,0,2000,0,0,0,0,0,0,0,0,0,0,0,0,0,2000
6579,研揚            ,4000,2000,2000,0,0,0,0,0,0,0,0,0,0,0,0,0,2000
6582,申豐            ,27000,25000,2000,0,0,0,0,0,0,0,1000,1000,0,0,0,0,2000
5538,東明-KY         ,2000,0,2000,0,0,0,0,0,0,0,0,0,0,0,0,0,2000
5907,大洋-KY         ,2000,0,2000,0,0,0,0,0,0,0,0,0,0,0,0,0,2000
1110,東泥            ,2000,1000,1000,0,0,0,0,0,0,1000,1000,0,1000,0,0,0,2000
08966P,臺指反元大04售07,0,0,0,0,0,0,0,0,0,2000,0,0,0,2000,0,2000,2000
1256,鮮活果汁-KY     ,2000,0,2000,0,0,0,0,0,0,0,0,0,0,0,0,0,2000
1506,正道            ,6000,5000,1000,0,0,0,0,0,0,1000,1000,0,1000,0,0,0,2000
05982P,漢唐國票96售03  ,0,0,0,0,0,0,0,0,0,2000,0,0,0,2000,0,2000,2000
05920P,力成元大96售04  ,0,0,0,0,0,0,0,0,0,2000,0,0,0,20000,18000,2000,2000
06168P,台表科國票97售06,0,0,0,0,0,0,0,0,0,2000,0,0,0,2000,0,2000,2000
06181P,國巨中信97售02  ,0,0,0,0,0,0,0,0,0,2000,0,0,0,2000,0,2000,2000
06040P,亞光康和96售03  ,0,0,0,0,0,0,0,0,0,2000,0,0,0,2000,0,2000,2000
2461,光群雷          ,304000,303000,1000,0,0,0,0,0,0,1000,2000,1000,1000,0,0,0,2000
2002A,中鋼特          ,0,0,0,0,0,0,0,0,0,2000,2000,0,2000,0,0,0,2000
2109,華豐            ,2000,0,2000,0,0,0,0,0,0,0,1000,1000,0,0,0,0,2000
2008,高興昌          ,2000,0,2000,0,0,0,0,0,0,0,0,0,0,0,0,0,2000
2331,精英            ,232000,262000,-30000,0,0,0,0,0,0,32000,40000,8000,32000,0,0,0,2000
2236,百達-KY         ,1000,0,1000,0,0,0,0,0,0,1000,1000,0,1000,0,0,0,2000
3164,景岳            ,8000,6000,2000,0,0,0,0,0,0,0,0,0,0,0,0,0,2000
4104,佳醫            ,74000,68000,6000,0,0,0,0,0,0,-4000,1000,5000,-4000,0,0,0,2000
2908,特力            ,18000,16000,2000,0,0,0,0,0,0,0,1000,1000,0,0,0,0,2000
3046,建碁            ,2000,0,2000,0,0,0,0,0,0,0,0,0,0,0,0,0,2000
2712,遠雄來          ,1000,0,1000,0,0,0,0,0,0,1000,1000,0,1000,0,0,0,2000
2891B,中信金乙特      ,0,0,0,0,0,0,0,0,0,2000,2000,0,2000,0,0,0,2000
2891C,中信金丙特      ,0,0,0,0,0,0,0,0,0,2000,2000,0,2000,0,0,0,2000
053580,國巨元大96購10  ,0,0,0,0,0,0,0,0,0,1000,0,0,0,1000,0,1000,1000
053677,同欣電國泰97購01,0,0,0,0,0,0,0,0,0,1000,0,0,0,1000,0,1000,1000
053921,嘉晶國票97購03  ,0,0,0,0,0,0,0,0,0,1000,0,0,0,10000,9000,1000,1000
054111,緯穎凱基97購01  ,0,0,0,0,0,0,0,0,0,1000,0,0,0,1000,0,1000,1000
054113,奇力新台新97購01,0,0,0,0,0,0,0,0,0,1000,0,0,0,1000,0,1000,1000
054134,強茂元大96購01  ,0,0,0,0,0,0,0,0,0,1000,0,0,0,1000,0,1000,1000
054308,嘉晶凱基98購01  ,0,0,0,0,0,0,0,0,0,1000,0,0,0,180000,179000,1000,1000
05428P,滬深2X統一95售01,0,0,0,0,0,0,0,0,0,1000,0,0,0,1000,0,1000,1000
054247,華邦電元大96購04,0,0,0,0,0,0,0,0,0,1000,0,0,0,1000,0,1000,1000
054420,緯穎元大96購08  ,0,0,0,0,0,0,0,0,0,1000,0,0,0,41000,40000,1000,1000
05449P,臺股指元大95售26,0,0,0,0,0,0,0,0,0,1000,0,0,0,1000,0,1000,1000
054579,聯茂元大97購01  ,0,0,0,0,0,0,0,0,0,1000,0,0,0,2000,1000,1000,1000
054547,鴻海凱基98購02  ,0,0,0,0,0,0,0,0,0,1000,0,0,0,6000,5000,1000,1000
05487P,台表科凱基95售02,0,0,0,0,0,0,0,0,0,1000,0,0,0,1000,0,1000,1000
054837,欣興第一97購01  ,0,0,0,0,0,0,0,0,0,1000,0,0,0,1000,0,1000,1000
05468P,鴻海元大96售14  ,0,0,0,0,0,0,0,0,0,1000,0,0,0,125000,124000,1000,1000
055301,台虹元大97購01  ,0,0,0,0,0,0,0,0,0,1000,0,0,0,1000,0,1000,1000
055363,緯穎凱基98購03  ,0,0,0,0,0,0,0,0,0,1000,0,0,0,17000,16000,1000,1000
055407,祥碩國泰98購01  ,0,0,0,0,0,0,0,0,0,1000,0,0,0,9000,8000,1000,1000
055494,華新科元大98購01,0,0,0,0,0,0,0,0,0,1000,0,0,0,1000,0,1000,1000
055119,力成凱基98購01  ,0,0,0,0,0,0,0,0,0,1000,0,0,0,1000,0,1000,1000
055097,福懋科群益97購01,0,0,0,0,0,0,0,0,0,1000,0,0,0,1000,0,1000,1000
055091,微星群益97購01  ,0,0,0,0,0,0,0,0,0,1000,0,0,0,1000,0,1000,1000
055074,台虹永豐97購01  ,0,0,0,0,0,0,0,0,0,1000,0,0,0,1000,0,1000,1000
054994,建準元富97購01  ,0,0,0,0,0,0,0,0,0,1000,0,0,0,1000,0,1000,1000
056077,矽力元大97購07  ,0,0,0,0,0,0,0,0,0,1000,0,0,0,1000,0,1000,1000
05681P,大立光元大96售05,0,0,0,0,0,0,0,0,0,1000,0,0,0,1000,0,1000,1000
05626P,景碩國票97售03  ,0,0,0,0,0,0,0,0,0,1000,0,0,0,1000,0,1000,1000
043144,台肥統一93購01  ,0,0,0,0,0,0,0,0,0,1000,0,0,0,26000,25000,1000,1000
042904,金寶元大94購02  ,0,0,0,0,0,0,0,0,0,1000,0,0,0,2000,1000,1000,1000
042991,南電凱基92購02  ,0,0,0,0,0,0,0,0,0,1000,0,0,0,1000,0,1000,1000
04114P,電子類富邦93售02,0,0,0,0,0,0,0,0,0,1000,0,0,0,1000,0,1000,1000
04332P,A50正2日盛93售01,0,0,0,0,0,0,0,0,0,1000,0,0,0,1000,0,1000,1000
03290P,亞德客元大02售01,0,0,0,0,0,0,0,0,0,1000,0,0,0,1000,0,1000,1000
04283P,麗豐永豐93售03  ,0,0,0,0,0,0,0,0,0,1000,0,0,0,1000,0,1000,1000
03422P,GIS群益02售04   ,0,0,0,0,0,0,0,0,0,1000,0,0,0,1000,0,1000,1000
03481P,欣興群益02售08  ,0,0,0,0,0,0,0,0,0,1000,0,0,0,1000,0,1000,1000
03429B,臺股指元富97熊07,0,0,0,0,0,0,0,0,0,1000,0,0,0,1000,0,1000,1000
03430P,聯發科元大02售17,0,0,0,0,0,0,0,0,0,1000,0,0,0,1000,0,1000,1000
03602P,大立光凱基92售10,0,0,0,0,0,0,0,0,0,1000,0,0,0,1000,0,1000,1000
03625P,欣興群益92售04  ,0,0,0,0,0,0,0,0,0,1000,0,0,0,1000,0,1000,1000
0054,元大台商50      ,0,0,0,0,0,0,0,0,0,1000,0,0,0,9000,8000,1000,1000
046727,新光金元大93購03,0,0,0,0,0,0,0,0,0,1000,0,0,0,1000,0,1000,1000
046034,可成元大92購09  ,0,0,0,0,0,0,0,0,0,1000,0,0,0,11000,10000,1000,1000
046028,微星元大92購01  ,0,0,0,0,0,0,0,0,0,1000,0,0,0,1000,0,1000,1000
045963,新光金凱基93購01,0,0,0,0,0,0,0,0,0,1000,0,0,0,1000,0,1000,1000
043663,大立光元大92購07,0,0,0,0,0,0,0,0,0,1000,0,0,0,1000,0,1000,1000
043972,大立光富邦93購02,0,0,0,0,0,0,0,0,0,1000,0,0,0,1000,0,1000,1000
041844,台積電富邦93購01,0,0,0,0,0,0,0,0,0,1000,0,0,0,1000,0,1000,1000
03939P,康控元大95售02  ,0,0,0,0,0,0,0,0,0,1000,0,0,0,1000,0,1000,1000
044898,旺宏凱基93購01  ,0,0,0,0,0,0,0,0,0,1000,0,0,0,6000,5000,1000,1000
046905,新光金凱基99購01,0,0,0,0,0,0,0,0,0,1000,0,0,0,1000,0,1000,1000
046411,新光金元大92購01,0,0,0,0,0,0,0,0,0,1000,0,0,0,1000,0,1000,1000
046107,勤誠永豐92購01  ,0,0,0,0,0,0,0,0,0,1000,0,0,0,1000,0,1000,1000
044198,友達國票92購01  ,0,0,0,0,0,0,0,0,0,1000,0,0,0,1000,0,1000,1000
044622,旺宏元大92購06  ,0,0,0,0,0,0,0,0,0,1000,0,0,0,1000,0,1000,1000
045296,台積電元大93購03,0,0,0,0,0,0,0,0,0,1000,0,0,0,3000,2000,1000,1000
046222,上銀元大92購08  ,0,0,0,0,0,0,0,0,0,1000,0,0,0,1000,0,1000,1000
046191,新光金凱基98購01,0,0,0,0,0,0,0,0,0,1000,0,0,0,1000,0,1000,1000
045256,致茂凱基92購01  ,0,0,0,0,0,0,0,0,0,1000,0,0,0,1000,0,1000,1000
045260,可成凱基92購04  ,0,0,0,0,0,0,0,0,0,1000,0,0,0,1000,0,1000,1000
045208,力成國泰94購01  ,0,0,0,0,0,0,0,0,0,1000,0,0,0,1000,0,1000,1000
046265,高鐵凱基92購03  ,0,0,0,0,0,0,0,0,0,1000,0,0,0,1000,0,1000,1000
049629,臺股指群益94購02,0,0,0,0,0,0,0,0,0,1000,0,0,0,1000,0,1000,1000
049586,正崴元大94購01  ,0,0,0,0,0,0,0,0,0,1000,0,0,0,1000,0,1000,1000
049537,元石油群益97購01,0,0,0,0,0,0,0,0,0,1000,0,0,0,1000,0,1000,1000
049326,聯發科元富94購01,0,0,0,0,0,0,0,0,0,1000,0,0,0,16000,15000,1000,1000
045886,華邦電元大92購04,0,0,0,0,0,0,0,0,0,1000,0,0,0,1000,0,1000,1000
045776,可成元大92購07  ,0,0,0,0,0,0,0,0,0,1000,0,0,0,11000,10000,1000,1000
045576,智邦元大92購07  ,0,0,0,0,0,0,0,0,0,1000,0,0,0,1000,0,1000,1000
04572P,T50反1統一94售06,0,0,0,0,0,0,0,0,0,1000,0,0,0,1000,0,1000,1000
047287,貿聯統一95購01  ,0,0,0,0,0,0,0,0,0,1000,0,0,0,5000,4000,1000,1000
049132,大成鋼元大94購01,0,0,0,0,0,0,0,0,0,1000,0,0,0,1000,0,1000,1000
049150,新光金元大96購01,0,0,0,0,0,0,0,0,0,1000,0,0,0,1000,0,1000,1000
048847,A50群益98購01   ,0,0,0,0,0,0,0,0,0,1000,0,0,0,2000,1000,1000,1000
048408,正文群益93購01  ,0,0,0,0,0,0,0,0,0,1000,0,0,0,1000,0,1000,1000
04842P,群創元大96售02  ,0,0,0,0,0,0,0,0,0,1000,0,0,0,18000,17000,1000,1000
048488,大立光富邦93購05,0,0,0,0,0,0,0,0,0,1000,0,0,0,1000,0,1000,1000
048267,元金反中信93購01,0,0,0,0,0,0,0,0,0,1000,0,0,0,1000,0,1000,1000
048188,臺指反元大96購05,0,0,0,0,0,0,0,0,0,1000,0,0,0,1000,0,1000,1000
048176,美利達國泰94購01,0,0,0,0,0,0,0,0,0,1000,0,0,0,1000,0,1000,1000
048203,矽力元大93購02  ,0,0,0,0,0,0,0,0,0,1000,0,0,0,1000,0,1000,1000
048193,旺宏元大94購05  ,0,0,0,0,0,0,0,0,0,1000,0,0,0,22000,21000,1000,1000
048554,燿華元大93購06  ,0,0,0,0,0,0,0,0,0,1000,0,0,0,1000,0,1000,1000
049274,臺股指元大94購09,0,0,0,0,0,0,0,0,0,1000,0,0,0,2000,1000,1000,1000
049266,和碩元大94購01  ,0,0,0,0,0,0,0,0,0,1000,0,0,0,1000,0,1000,1000
050273,GIS元大94購04   ,0,0,0,0,0,0,0,0,0,1000,0,0,0,1000,0,1000,1000
050292,可成凱基94購11  ,0,0,0,0,0,0,0,0,0,1000,0,0,0,1000,0,1000,1000
050262,台積電元大94購21,0,0,0,0,0,0,0,0,0,1000,0,0,0,12000,11000,1000,1000
050263,旺宏元大94購10  ,0,0,0,0,0,0,0,0,0,1000,0,0,0,17000,16000,1000,1000
048910,和鑫富邦98購01  ,0,0,0,0,0,0,0,0,0,1000,0,0,0,11000,10000,1000,1000
048963,川湖元大94購01  ,0,0,0,0,0,0,0,0,0,1000,0,0,0,1000,0,1000,1000
049255,旺宏元大97購02  ,0,0,0,0,0,0,0,0,0,1000,0,0,0,12000,11000,1000,1000
048886,慧洋元富94購01  ,0,0,0,0,0,0,0,0,0,1000,0,0,0,1000,0,1000,1000
047402,T50反1統一94購03,0,0,0,0,0,0,0,0,0,1000,0,0,0,1000,0,1000,1000
048140,T50反1統一93購05,0,0,0,0,0,0,0,0,0,1000,0,0,0,1000,0,1000,1000
048124,大立光元大95購03,0,0,0,0,0,0,0,0,0,1000,0,0,0,2000,1000,1000,1000
048121,亞德客元大93購05,0,0,0,0,0,0,0,0,0,1000,0,0,0,1000,0,1000,1000
047349,可成凱基93購06  ,0,0,0,0,0,0,0,0,0,1000,0,0,0,1000,0,1000,1000
050661,景碩元大94購02  ,0,0,0,0,0,0,0,0,0,1000,0,0,0,10000,9000,1000,1000
050616,潤泰全元大94購01,0,0,0,0,0,0,0,0,0,1000,0,0,0,1000,0,1000,1000
050630,大立光亞東96購01,0,0,0,0,0,0,0,0,0,1000,0,0,0,1000,0,1000,1000
050576,南亞科國票95購01,0,0,0,0,0,0,0,0,0,1000,0,0,0,1000,0,1000,1000
050385,貿聯國票95購02  ,0,0,0,0,0,0,0,0,0,1000,0,0,0,1000,0,1000,1000
050459,台表科元大94購03,0,0,0,0,0,0,0,0,0,1000,0,0,0,1000,0,1000,1000
047643,新光金元大95購02,0,0,0,0,0,0,0,0,0,1000,0,0,0,1000,0,1000,1000
047514,亞光國票94購01  ,0,0,0,0,0,0,0,0,0,1000,0,0,0,21000,20000,1000,1000
050024,旺宏元大94購09  ,0,0,0,0,0,0,0,0,0,1000,0,0,0,6000,5000,1000,1000
049985,華擎凱基94購01  ,0,0,0,0,0,0,0,0,0,1000,0,0,0,1000,0,1000,1000
047751,玉山金元富93購01,0,0,0,0,0,0,0,0,0,1000,0,0,0,2000,1000,1000,1000
047829,旺宏元大93購06  ,0,0,0,0,0,0,0,0,0,1000,0,0,0,1000,0,1000,1000
047432,台達電元大93購01,0,0,0,0,0,0,0,0,0,1000,0,0,0,1000,0,1000,1000
047450,南茂元大93購05  ,0,0,0,0,0,0,0,0,0,1000,0,0,0,1000,0,1000,1000
048058,大立光國泰95購01,0,0,0,0,0,0,0,0,0,1000,0,0,0,1000,0,1000,1000
048037,台表科凱基93購05,0,0,0,0,0,0,0,0,0,1000,0,0,0,1000,0,1000,1000
047988,志超群益93購02  ,0,0,0,0,0,0,0,0,0,1000,0,0,0,1000,0,1000,1000
049897,華新科統一94購07,0,0,0,0,0,0,0,0,0,1000,0,0,0,1000,0,1000,1000
048619,台表科凱基93購07,0,0,0,0,0,0,0,0,0,1000,0,0,0,1000,0,1000,1000
049001,川湖中信94購01  ,0,0,0,0,0,0,0,0,0,1000,0,0,0,1000,0,1000,1000
049020,可成群益94購02  ,0,0,0,0,0,0,0,0,0,1000,0,0,0,1000,0,1000,1000
049021,慧洋群益94購01  ,0,0,0,0,0,0,0,0,0,1000,0,0,0,1000,0,1000,1000
04695P,正崴康和94售01  ,0,0,0,0,0,0,0,0,0,1000,0,0,0,1000,0,1000,1000
049689,正崴元大94購02  ,0,0,0,0,0,0,0,0,0,1000,0,0,0,1000,0,1000,1000
049678,臺股指國票94購11,0,0,0,0,0,0,0,0,0,1000,0,0,0,3000,2000,1000,1000
046938,致茂元大93購02  ,0,0,0,0,0,0,0,0,0,1000,0,0,0,1000,0,1000,1000
049835,緯穎凱基94購05  ,0,0,0,0,0,0,0,0,0,1000,0,0,0,6000,5000,1000,1000
052096,力成元大95購01  ,0,0,0,0,0,0,0,0,0,1000,0,0,0,1000,0,1000,1000
05213P,台積電國票96售05,0,0,0,0,0,0,0,0,0,1000,0,0,0,3000,2000,1000,1000
051857,喬山凱基95購01  ,0,0,0,0,0,0,0,0,0,1000,0,0,0,10000,9000,1000,1000
051470,玉晶光日盛95購01,0,0,0,0,0,0,0,0,0,1000,0,0,0,46000,45000,1000,1000
051599,健鼎兆豐95購02  ,0,0,0,0,0,0,0,0,0,1000,0,0,0,1000,0,1000,1000
051743,揚明光國票96購02,0,0,0,0,0,0,0,0,0,1000,0,0,0,1000,0,1000,1000
051757,佳世達元大95購02,0,0,0,0,0,0,0,0,0,1000,0,0,0,1000,0,1000,1000
05122P,鴻海永昌96售06  ,0,0,0,0,0,0,0,0,0,1000,0,0,0,801000,800000,1000,1000
051239,國巨元大96購02  ,0,0,0,0,0,0,0,0,0,1000,0,0,0,1000,0,1000,1000
051244,正崴元大95購01  ,0,0,0,0,0,0,0,0,0,1000,0,0,0,1000,0,1000,1000
051149,可成凱基95購04  ,0,0,0,0,0,0,0,0,0,1000,0,0,0,10000,9000,1000,1000
051321,建準國票96購01  ,0,0,0,0,0,0,0,0,0,1000,0,0,0,1000,0,1000,1000
051447,新光金元大97購01,0,0,0,0,0,0,0,0,0,1000,0,0,0,1000,0,1000,1000
051439,川湖元大95購01  ,0,0,0,0,0,0,0,0,0,1000,0,0,0,2000,1000,1000,1000
051089,旺宏元大96購04  ,0,0,0,0,0,0,0,0,0,1000,0,0,0,15000,14000,1000,1000
050729,聯鈞國票94購01  ,0,0,0,0,0,0,0,0,0,1000,0,0,0,4000,3000,1000,1000
050894,旺宏元大96購03  ,0,0,0,0,0,0,0,0,0,1000,0,0,0,1000,0,1000,1000
050859,訊芯康和95購01  ,0,0,0,0,0,0,0,0,0,1000,0,0,0,1000,0,1000,1000
053091,同欣電元大96購01,0,0,0,0,0,0,0,0,0,1000,0,0,0,1000,0,1000,1000
053019,禾伸堂元富96購01,0,0,0,0,0,0,0,0,0,1000,0,0,0,1000,0,1000,1000
053170,茂林群益96購04  ,0,0,0,0,0,0,0,0,0,1000,0,0,0,13000,12000,1000,1000
053171,中磊群益96購01  ,0,0,0,0,0,0,0,0,0,1000,0,0,0,1000,0,1000,1000
053151,華新科元大96購04,0,0,0,0,0,0,0,0,0,1000,0,0,0,1000,0,1000,1000
053272,鴻海元大96購17  ,0,0,0,0,0,0,0,0,0,1000,0,0,0,3000,2000,1000,1000
053382,友達元大9C購02  ,0,0,0,0,0,0,0,0,0,1000,0,0,0,1000,0,1000,1000
053479,達興元大96購01  ,0,0,0,0,0,0,0,0,0,1000,0,0,0,1000,0,1000,1000
052692,滬深2X中信99購02,0,0,0,0,0,0,0,0,0,1000,0,0,0,1000,0,1000,1000
052934,中磊元大96購01  ,0,0,0,0,0,0,0,0,0,1000,0,0,0,1000,0,1000,1000
052810,易華電元大96購02,0,0,0,0,0,0,0,0,0,1000,0,0,0,1000,0,1000,1000
052323,矽力元大95購04  ,0,0,0,0,0,0,0,0,0,1000,0,0,0,1000,0,1000,1000
052316,台積電元大96購10,0,0,0,0,0,0,0,0,0,1000,0,0,0,50000,49000,1000,1000
052355,為升永豐95購02  ,0,0,0,0,0,0,0,0,0,1000,0,0,0,1000,0,1000,1000
052581,訊芯元富98購01  ,0,0,0,0,0,0,0,0,0,1000,0,0,0,1000,0,1000,1000
052560,康舒國票97購01  ,0,0,0,0,0,0,0,0,0,1000,0,0,0,10000,9000,1000,1000
2852,第一保          ,15000,12000,3000,0,0,0,0,0,0,-2000,0,2000,-2000,0,0,0,1000
2901,欣欣            ,1000,0,1000,0,0,0,0,0,0,0,0,0,0,0,0,0,1000
2936,客思達-KY       ,1000,0,1000,0,0,0,0,0,0,0,0,0,0,0,0,0,1000
4722,國精化          ,9000,8000,1000,0,0,0,0,0,0,0,0,0,0,0,0,0,1000
4571,鈞興-KY         ,1000,0,1000,0,0,0,0,0,0,0,0,0,0,0,0,0,1000
3528,安馳            ,5000,4000,1000,0,0,0,0,0,0,0,0,0,0,0,0,0,1000
3593,力銘            ,1000,0,1000,0,0,0,0,0,0,0,0,0,0,0,0,0,1000
2302,麗正            ,7000,5000,2000,0,0,0,0,0,0,-1000,0,1000,-1000,0,0,0,1000
2028,威致            ,5000,4000,1000,0,0,0,0,0,0,0,0,0,0,0,0,0,1000
2114,鑫永銓          ,4000,3000,1000,0,0,0,0,0,0,0,0,0,0,0,0,0,1000
2415,錩新            ,0,1000,-1000,0,0,0,0,0,0,2000,3000,1000,2000,0,0,0,1000
06059P,泰碩元大97售02  ,0,0,0,0,0,0,0,0,0,1000,0,0,0,1000,0,1000,1000
06074P,台積電凱基98售04,0,0,0,0,0,0,0,0,0,1000,0,0,0,1000,0,1000,1000
06179P,國巨群益97售04  ,0,0,0,0,0,0,0,0,0,1000,0,0,0,1000,0,1000,1000
06158P,玉晶光元富97售08,0,0,0,0,0,0,0,0,0,1000,0,0,0,20000,19000,1000,1000
05904P,大立光統一96售07,0,0,0,0,0,0,0,0,0,1000,0,0,0,12000,11000,1000,1000
05950P,台積電國票97售04,0,0,0,0,0,0,0,0,0,1000,0,0,0,1000,0,1000,1000
05899P,臺股指凱基96售30,0,0,0,0,0,0,0,0,0,1000,0,0,0,95000,94000,1000,1000
1441,大東            ,19000,18000,1000,0,0,0,0,0,0,0,0,0,0,0,0,0,1000
06348P,鈺齊元富97售02  ,0,0,0,0,0,0,0,0,0,1000,0,0,0,1000,0,1000,1000
5906,台南-KY         ,2000,1000,1000,0,0,0,0,0,0,0,0,0,0,0,0,0,1000
8481,政伸            ,2000,1000,1000,0,0,0,0,0,0,0,0,0,0,0,0,0,1000
911616,杜康-DR         ,1000,0,1000,0,0,0,0,0,0,0,0,0,0,0,0,0,1000
8367,建新國際        ,12000,16000,-4000,0,0,0,0,0,0,5000,7000,2000,5000,0,0,0,1000
9931,欣高            ,1000,0,1000,0,0,0,0,0,0,0,0,0,0,0,0,0,1000
2888A,新光金甲特      ,10,0,10,0,0,0,0,0,0,0,0,0,0,0,0,0,10
3686,達能            ,2,0,2,0,0,0,0,0,0,0,0,0,0,0,0,0,2
1471,首利            ,2,0,2,0,0,0,0,0,0,0,0,0,0,0,0,0,2
6289,華上            ,2,0,2,0,0,0,0,0,0,0,0,0,0,0,0,0,2
1341,富林-KY         ,1,0,1,0,0,0,0,0,0,0,0,0,0,0,0,0,1
056080,世紀鋼元大97購03,0,19000,-19000,0,0,0,0,0,0,19000,0,0,0,19000,0,19000,0
056062,大立光元大97購12,0,0,0,0,0,0,0,0,0,0,0,0,0,3000,3000,0,0
056063,大立光元大97購13,0,0,0,0,0,0,0,0,0,0,0,0,0,4000,4000,0,0
056115,奇力新群益97購06,0,0,0,0,0,0,0,0,0,0,0,0,0,17000,17000,0,0
056135,緯創元大98購01  ,0,0,0,0,0,0,0,0,0,0,0,0,0,30000,30000,0,0
056133,可成元大97購05  ,0,0,0,0,0,0,0,0,0,0,0,0,0,61000,61000,0,0
056138,群創元大9B購01  ,0,0,0,0,0,0,0,0,0,0,0,0,0,11000,11000,0,0
05720P,可成中信98售01  ,0,0,0,0,0,0,0,0,0,0,0,0,0,20000,20000,0,0
05768P,台積電凱基96售15,0,0,0,0,0,0,0,0,0,0,0,0,0,5000,5000,0,0
05816P,台積電凱基97售07,0,0,0,0,0,0,0,0,0,0,0,0,0,1000,1000,0,0
05802P,臺股指兆豐96售02,0,0,0,0,0,0,0,0,0,0,0,0,0,1000,1000,0,0
055669,緯穎群益97購02  ,0,0,0,0,0,0,0,0,0,0,0,0,0,16000,16000,0,0
055676,亞德客凱基97購03,0,0,0,0,0,0,0,0,0,0,0,0,0,1000,1000,0,0
055695,大毅國票98購03  ,0,0,0,0,0,0,0,0,0,0,0,0,0,5000,5000,0,0
055800,欣興永豐97購02  ,0,0,0,0,0,0,0,0,0,0,0,0,0,2000,2000,0,0
055845,大立光元大97購08,0,0,0,0,0,0,0,0,0,0,0,0,0,4000,4000,0,0
055960,義隆元大97購01  ,0,0,0,0,0,0,0,0,0,0,0,0,0,12000,12000,0,0
055963,欣興元大97購04  ,0,0,0,0,0,0,0,0,0,0,0,0,0,16000,16000,0,0
055953,上銀元大97購09  ,0,0,0,0,0,0,0,0,0,0,0,0,0,67000,67000,0,0
055954,南港元大97購02  ,0,0,0,0,0,0,0,0,0,0,0,0,0,32000,32000,0,0
056056,旺宏元大97購06  ,0,0,0,0,0,0,0,0,0,0,0,0,0,22000,22000,0,0
056059,美律元大98購02  ,0,0,0,0,0,0,0,0,0,0,0,0,0,17000,17000,0,0
056034,華通凱基98購01  ,0,0,0,0,0,0,0,0,0,0,0,0,0,6000,6000,0,0
05601P,鴻海元大97售04  ,0,0,0,0,0,0,0,0,0,0,0,0,0,79000,79000,0,0
055910,瑞昱凱基98購01  ,0,0,0,0,0,0,0,0,0,0,0,0,0,1000,1000,0,0
055936,彩晶群益98購02  ,0,0,0,0,0,0,0,0,0,0,0,0,0,7000,7000,0,0
055943,瑞昱麥證97購01  ,0,0,0,0,3000,-3000,0,0,0,0,0,0,0,3000,3000,0,0
055925,上銀群益97購01  ,0,0,0,0,0,0,0,0,0,0,0,0,0,23000,23000,0,0
055927,南亞科群益97購01,0,0,0,0,0,0,0,0,0,0,0,0,0,7000,7000,0,0
054998,玉晶光元富97購02,0,0,0,0,0,0,0,0,0,0,0,0,0,69000,69000,0,0
055061,聯詠永豐97購01  ,0,0,0,0,0,0,0,0,0,0,0,0,0,2000,2000,0,0
055262,台虹國泰98購01  ,0,0,0,0,0,0,0,0,0,0,0,0,0,2000,2000,0,0
05525P,奇力新群益96售02,0,0,0,0,0,0,0,0,0,0,0,0,0,2000,2000,0,0
055277,旺宏元大97購04  ,0,0,0,0,0,0,0,0,0,0,0,0,0,127000,127000,0,0
055218,彩晶凱基99購01  ,0,0,0,0,0,0,0,0,0,0,0,0,0,7000,7000,0,0
055220,緯穎凱基98購02  ,0,0,0,0,0,0,0,0,0,0,0,0,0,31000,31000,0,0
055498,大立光元大97購07,0,0,0,0,0,0,0,0,0,0,0,0,0,4000,4000,0,0
055489,瑞昱元大97購02  ,0,0,0,0,0,0,0,0,0,0,0,0,0,6000,6000,0,0
055628,旺宏永豐97購01  ,0,0,0,0,0,0,0,0,0,0,0,0,0,11000,11000,0,0
055592,奇力新元大97購07,0,0,0,0,0,0,0,0,0,0,0,0,0,2000,2000,0,0
055602,康控元大97購03  ,0,0,0,0,0,0,0,0,0,0,0,0,0,4000,4000,0,0
055604,訊芯元大98購02  ,0,0,0,0,0,0,0,0,0,0,0,0,0,45000,45000,0,0
055588,瑞昱元大97購03  ,0,1000,-1000,0,0,0,0,0,0,1000,0,0,0,5000,4000,1000,0
055548,旺宏凱基97購02  ,0,0,0,0,0,0,0,0,0,0,0,0,0,29000,29000,0,0
055381,茂林元大97購02  ,0,0,0,0,0,0,0,0,0,0,0,0,0,12000,12000,0,0
055418,華通永豐97購01  ,0,0,0,0,0,0,0,0,0,0,0,0,0,6000,6000,0,0
055365,華通元大97購03  ,0,0,0,0,0,0,0,0,0,0,0,0,0,27000,27000,0,0
055341,台達電凱基97購02,0,0,0,0,0,0,0,0,0,0,0,0,0,35000,35000,0,0
055323,貿聯國票98購01  ,0,0,0,0,0,0,0,0,0,0,0,0,0,35000,35000,0,0
054735,漢唐凱基98購01  ,0,0,0,0,0,0,0,0,0,0,0,0,0,10000,10000,0,0
054656,深中小元大97購01,0,0,0,0,0,0,0,0,0,0,0,0,0,200000,200000,0,0
054814,台積電元大97購13,0,0,0,0,0,0,0,0,0,0,0,0,0,85000,85000,0,0
054795,合勤控群益98購01,0,0,0,0,0,0,0,0,0,0,0,0,0,94000,94000,0,0
054527,國巨統一97購03  ,0,0,0,0,0,0,0,0,0,0,0,0,0,10000,10000,0,0
05441P,華通元大95售09  ,0,0,0,0,0,0,0,0,0,0,0,0,0,40000,40000,0,0
054412,智邦元大96購03  ,0,0,0,0,0,0,0,0,0,0,0,0,0,12000,12000,0,0
05442P,鴻海元大96售13  ,0,0,0,0,0,0,0,0,0,0,0,0,0,140000,140000,0,0
054281,世芯群益97購01  ,0,0,0,0,0,0,0,0,0,0,0,0,0,2000,2000,0,0
054304,台積電凱基96購23,0,0,0,0,0,0,0,0,0,0,0,0,0,10000,10000,0,0
054299,南電元大96購03  ,0,0,0,0,0,0,0,0,0,0,0,0,0,8000,8000,0,0
054380,世芯群益97購02  ,0,0,0,0,0,0,0,0,0,0,0,0,0,2000,2000,0,0
054157,國巨亞東96購01  ,0,0,0,0,0,0,0,0,0,0,0,0,0,580000,580000,0,0
054120,奇力新永豐96購01,0,0,0,0,0,0,0,0,0,0,0,0,0,20000,20000,0,0
054095,同欣電群益98購03,0,0,0,0,0,0,0,0,0,0,0,0,0,6000,6000,0,0
054085,華新科統一96購04,0,0,0,0,0,0,0,0,0,0,0,0,0,45000,45000,0,0
053902,S&P反1凱基97購01,0,0,0,0,0,0,0,0,0,0,0,0,0,200000,200000,0,0
053967,華邦電元大96購03,0,0,0,0,0,0,0,0,0,0,0,0,0,1000,1000,0,0
053957,瑞昱永豐96購01  ,0,0,0,0,0,0,0,0,0,0,0,0,0,1000,1000,0,0
053685,台積電元大96購18,0,0,0,0,0,0,0,0,0,0,0,0,0,158000,158000,0,0
053614,台積電群益96購08,0,0,0,0,0,0,0,0,0,0,0,0,0,15000,15000,0,0
053616,奇力新群益97購01,0,0,0,0,0,0,0,0,0,0,0,0,0,12000,12000,0,0
053605,臺股指永昌96購01,0,0,0,0,0,0,0,0,0,0,0,0,0,401000,401000,0,0
053728,茂林凱基97購01  ,0,0,0,0,0,0,0,0,0,0,0,0,0,12000,12000,0,0
053724,聯詠凱基96購04  ,0,0,0,0,0,0,0,0,0,0,0,0,0,2000,2000,0,0
053771,華新元大97購01  ,0,0,0,0,0,0,0,0,0,0,0,0,0,10000,10000,0,0
053758,華新科國泰97購02,0,0,0,0,0,0,0,0,0,0,0,0,0,1000,1000,0,0
053784,奇力新元大97購02,0,0,0,0,0,0,0,0,0,0,0,0,0,13000,13000,0,0
053785,聯詠元大96購05  ,0,0,0,0,0,0,0,0,0,0,0,0,0,2000,2000,0,0
053780,南亞科元大96購03,0,0,0,0,0,0,0,0,0,0,0,0,0,14000,14000,0,0
045736,台積電群益94購01,0,0,0,0,0,0,0,0,0,0,0,0,0,113000,113000,0,0
045598,上証2X中信94購02,0,0,0,0,0,0,0,0,0,0,0,0,0,5000,5000,0,0
045658,儒鴻國泰93購01  ,0,0,0,0,0,0,0,0,0,0,0,0,0,100000,100000,0,0
045792,鴻海兆豐92購04  ,0,0,0,0,0,0,0,0,0,0,0,0,0,20000,20000,0,0
045898,康控元大93購04  ,0,0,0,0,0,0,0,0,0,0,0,0,0,98000,98000,0,0
045890,欣興元大92購06  ,0,0,0,0,0,0,0,0,0,0,0,0,0,1000,1000,0,0
046344,超眾國票94購01  ,0,0,0,0,0,0,0,0,0,0,0,0,0,10000,10000,0,0
046564,聯詠凱基92購09  ,0,0,0,0,0,0,0,0,0,0,0,0,0,3000,3000,0,0
049387,緯穎元大94購03  ,0,0,0,0,0,0,0,0,0,0,0,0,0,15000,15000,0,0
049418,大立光凱基94購05,0,0,0,0,0,0,0,0,0,0,0,0,0,3000,3000,0,0
049582,台積電元大95購03,0,0,0,0,0,0,0,0,0,0,0,0,0,5000,5000,0,0
049646,旺宏凱基94購01  ,0,0,0,0,0,0,0,0,0,0,0,0,0,1000,1000,0,0
04528P,智原凱基94售01  ,0,0,0,0,0,0,0,0,0,0,0,0,0,10000,10000,0,0
046227,聯發科元大92購12,0,0,0,0,0,0,0,0,0,0,0,0,0,400000,400000,0,0
044382,嘉聯益群益94購01,0,0,0,0,0,0,0,0,0,0,0,0,0,11000,11000,0,0
046080,同欣電凱基92購03,0,0,0,0,0,0,0,0,0,0,0,0,0,10000,10000,0,0
046898,南茂麥證93購01  ,0,0,0,5000,0,5000,0,0,0,0,0,0,0,5000,5000,0,0
046852,燿華元大93購02  ,0,0,0,0,0,0,0,0,0,0,0,0,0,10000,10000,0,0
046536,聯發科群益92購08,0,0,0,0,0,0,0,0,0,0,0,0,0,110000,110000,0,0
044864,道瓊反國票96購01,0,0,0,0,0,0,0,0,0,0,0,0,0,10000,10000,0,0
044909,玉晶光凱基93購02,0,0,0,0,0,0,0,0,0,0,0,0,0,1000,1000,0,0
044975,台積電國票92購02,0,0,0,0,0,0,0,0,0,0,0,0,0,100000,100000,0,0
044983,玉晶光國票93購01,0,0,0,0,0,0,0,0,0,0,0,0,0,10000,10000,0,0
04025P,宏達電國泰94售01,0,0,0,0,0,0,0,0,0,0,0,0,0,146000,146000,0,0
043580,大立光元富94購01,0,0,0,0,0,0,0,0,0,0,0,0,0,1000,1000,0,0
04148P,GIS凱基93售05   ,0,0,0,0,0,0,0,0,0,0,0,0,0,74000,74000,0,0
042195,元石油元大93購01,0,0,0,0,0,0,0,0,0,0,0,0,0,10000,10000,0,0
044834,旺宏元大93購02  ,0,0,0,0,0,0,0,0,0,0,0,0,0,200000,200000,0,0
044034,美律群益92購04  ,0,0,0,0,0,0,0,0,0,0,0,0,0,10000,10000,0,0
043753,聯發科元大92購02,0,0,0,0,0,0,0,0,0,0,0,0,0,20000,20000,0,0
046008,臺股指統一92購03,0,0,0,0,0,0,0,0,0,0,0,0,0,20000,20000,0,0
046665,智原元大93購01  ,0,0,0,0,0,0,0,0,0,0,0,0,0,4000,4000,0,0
046722,智邦元大93購02  ,0,0,0,0,0,0,0,0,0,0,0,0,0,5000,5000,0,0
046693,台積電凱基93購03,0,0,0,0,0,0,0,0,0,0,0,0,0,30000,30000,0,0
046806,瀚宇博元大93購03,0,0,0,0,0,0,0,0,0,0,0,0,0,3000,3000,0,0
006204,永豐臺灣加權    ,0,0,0,0,0,0,0,0,0,0,0,0,0,46000,46000,0,0
00625K,富邦上証+R      ,0,0,0,0,0,0,0,0,0,0,0,0,0,50000,50000,0,0
00636K,國泰中國A50+U   ,0,0,0,0,0,0,0,0,0,0,0,0,0,100,100,0,0
00668K,國泰美國道瓊+U  ,0,0,0,0,0,0,0,0,0,0,0,0,0,100,100,0,0
00657K,國泰日經225+U   ,0,0,0,0,0,0,0,0,0,0,0,0,0,100,100,0,0
00774B,新光中國政金綠債,0,0,0,0,0,0,0,0,0,0,0,0,0,2000,2000,0,0
00775B,新光投等債15+   ,0,0,0,0,0,0,0,0,0,0,0,0,0,2000,2000,0,0
00707R,元大S&P日圓反1  ,0,0,0,0,0,0,0,0,0,0,0,0,0,41000,41000,0,0
00732,國泰RMB短期報酬 ,0,0,0,0,0,0,0,0,0,0,0,0,0,100000,100000,0,0
03658P,臺股指元大92售20,0,0,0,0,0,0,0,0,0,0,2200000,0,2200000,0,2200000,-2200000,0
03449P,玉晶光元大02售08,0,0,0,0,0,0,0,0,0,0,0,0,0,434000,434000,0,0
03519P,臺股指國票02售08,0,0,0,0,0,0,0,0,0,0,2000000,0,2000000,0,2000000,-2000000,0
03478P,義隆台新02售01  ,0,0,0,0,0,0,0,0,0,0,230000,0,230000,10000,240000,-230000,0
03183P,鴻海元大01售28  ,0,0,0,0,0,0,0,0,0,0,0,0,0,10000,10000,0,0
04063P,臺股指兆豐93售02,0,0,0,0,0,0,0,0,0,0,0,0,0,1310000,1310000,0,0
04064P,臺股指兆豐93售03,0,0,0,0,0,0,0,0,0,0,0,0,0,1860000,1860000,0,0
04111P,臺股指富邦93售04,0,0,0,0,0,0,0,0,0,0,0,0,0,700000,700000,0,0
04117P,聯發科元大93售21,0,0,0,0,0,0,0,0,0,0,0,0,0,8000,8000,0,0
04971P,矽力元富94售02  ,0,0,0,0,0,0,0,0,0,0,0,0,0,57000,57000,0,0
047870,嘉澤永豐93購02  ,0,0,0,0,0,0,0,0,0,0,0,0,0,1000,1000,0,0
047839,景碩元大93購03  ,0,0,0,0,0,0,0,0,0,0,0,0,0,3000,3000,0,0
048974,日電貿元大94購01,0,0,0,0,0,0,0,0,0,0,0,0,0,1000,1000,0,0
048980,嘉澤元大94購02  ,0,0,0,0,0,0,0,0,0,0,0,0,0,1000,1000,0,0
048634,華通元大94購01  ,0,0,0,0,0,0,0,0,0,0,0,0,0,75000,75000,0,0
048572,美利達元大96購04,0,0,0,0,0,0,0,0,0,0,0,0,0,4000,4000,0,0
047898,嘉澤群益93購02  ,0,0,0,0,0,0,0,0,0,0,0,0,0,10000,10000,0,0
047883,臺股指永昌93購01,0,0,0,0,0,0,0,0,0,0,0,0,0,1690000,1690000,0,0
049906,光寶科元大94購03,0,0,0,0,0,0,0,0,0,0,0,0,0,23000,23000,0,0
049889,欣興國泰96購01  ,0,0,0,0,0,0,0,0,0,0,0,0,0,5000,5000,0,0
049857,緯穎群益94購03  ,0,0,0,0,0,0,0,0,0,0,0,0,0,45000,45000,0,0
049913,微星元大94購01  ,0,0,0,0,0,0,0,0,0,0,0,0,0,22000,22000,0,0
049915,瑞昱元大94購07  ,0,0,0,0,0,0,0,0,0,0,0,0,0,1000,1000,0,0
049934,緯穎元大94購08  ,0,0,0,0,0,0,0,0,0,0,0,0,0,33000,33000,0,0
048719,亞光永豐94購01  ,0,0,0,0,0,0,0,0,0,0,0,0,0,7000,7000,0,0
050114,群創元大95購01  ,0,0,0,0,0,0,0,0,0,0,0,0,0,21000,21000,0,0
050126,國巨凱基94購08  ,0,0,0,0,0,0,0,0,0,0,0,0,0,30000,30000,0,0
047994,亞德客元大93購03,0,0,0,0,0,0,0,0,0,0,0,0,0,3000,3000,0,0
048660,台積電統一93購09,0,0,0,0,0,0,0,0,0,0,0,0,0,80000,80000,0,0
047966,華通國泰94購01  ,0,0,0,0,0,0,0,0,0,0,0,0,0,1000,1000,0,0
04802P,國巨凱基94售07  ,0,0,0,0,0,0,0,0,0,0,0,0,0,2000,2000,0,0
048012,嘉晶國票94購01  ,0,0,0,0,0,0,0,0,0,0,0,0,0,10000,10000,0,0
047484,聯詠凱基93購03  ,0,0,0,0,0,0,0,0,0,0,0,0,0,3000,3000,0,0
04823P,台積電元富94售09,0,0,0,0,0,0,0,0,0,0,0,0,0,10000,10000,0,0
048236,A50正2國票97購02,3000,0,3000,0,0,0,0,0,0,-3000,0,0,0,0,3000,-3000,0
048225,全新凱基93購03  ,0,0,0,0,0,0,0,0,0,0,0,0,0,10000,10000,0,0
048245,台積電兆豐93購07,0,0,0,0,0,0,0,0,0,0,0,0,0,20000,20000,0,0
048731,創意麥證94購01  ,0,0,0,10000,10000,0,0,0,0,0,0,0,0,10000,10000,0,0
048728,台達電麥證94購01,0,0,0,10000,10000,0,0,0,0,0,0,0,0,10000,10000,0,0
048775,智伸科凱基94購01,0,0,0,0,0,0,0,0,0,0,0,0,0,199000,199000,0,0
047478,旺宏凱基93購04  ,0,0,0,0,0,0,0,0,0,0,0,0,0,11000,11000,0,0
047431,儒鴻元大93購06  ,0,0,0,0,0,0,0,0,0,0,0,0,0,200000,200000,0,0
04778P,可成凱基94售10  ,0,0,0,0,0,0,0,0,0,0,0,0,0,27000,27000,0,0
047708,聯發科凱基93購17,0,0,0,0,0,0,0,0,0,0,0,0,0,3000,3000,0,0
050061,聯發科凱基94購07,0,0,0,0,0,0,0,0,0,0,0,0,0,10000,10000,0,0
049760,滬深2X國泰95購02,0,0,0,0,0,0,0,0,0,0,0,0,0,1803000,1803000,0,0
047135,可成凱基93購05  ,0,0,0,0,0,0,0,0,0,0,0,0,0,80000,80000,0,0
050194,臻鼎元大94購03  ,0,0,0,0,0,0,0,0,0,0,0,0,0,5000,5000,0,0
050185,和鑫元大95購02  ,0,0,0,0,0,0,0,0,0,0,0,0,0,100000,100000,0,0
047547,友達凱基99購02  ,0,0,0,0,0,0,0,0,0,0,0,0,0,11000,11000,0,0
047207,晶技國泰94購01  ,0,0,0,0,0,0,0,0,0,0,0,0,0,19000,19000,0,0
047186,大立光元大93購20,0,0,0,0,0,0,0,0,0,0,0,0,0,20000,20000,0,0
047640,聯發科元大93購17,0,0,0,0,0,0,0,0,0,0,0,0,0,2000,2000,0,0
047629,深中小元大96購01,0,0,0,0,0,0,0,0,0,0,0,0,0,300000,300000,0,0
047684,景碩國泰94購01  ,0,0,0,0,0,0,0,0,0,0,0,0,0,28000,28000,0,0
050446,鴻海元大94購22  ,0,0,0,0,0,0,0,0,0,0,0,0,0,30000,30000,0,0
050370,台積電元大94購24,0,0,0,0,0,0,0,0,0,0,0,0,0,6000,6000,0,0
050371,台積電元大94購25,0,0,0,0,0,0,0,0,0,0,0,0,0,12000,12000,0,0
050411,聯發科永豐94購05,0,0,0,0,0,0,0,0,0,0,0,0,0,1000,1000,0,0
050437,聯詠凱基94購04  ,0,0,0,0,0,0,0,0,0,0,0,0,0,3000,3000,0,0
050615,奇力新元大95購03,0,0,0,0,0,0,0,0,0,0,0,0,0,10000,10000,0,0
047393,景碩元大93購02  ,0,0,0,0,0,0,0,0,0,0,0,0,0,3000,3000,0,0
048912,牧德富邦94購01  ,0,0,0,0,0,0,0,0,0,0,0,0,0,20000,20000,0,0
050266,兆豐金元大94購01,0,4000,-4000,0,0,0,0,0,0,4000,0,0,0,4000,0,4000,0
050257,為升元大94購07  ,0,0,0,0,0,0,0,0,0,0,0,0,0,44000,44000,0,0
049262,大立光元大94購09,0,0,0,0,0,0,0,0,0,0,0,0,0,5000,5000,0,0
049275,臺股指元大94購10,0,0,0,0,0,0,0,0,0,0,0,0,0,120000,120000,0,0
050210,華新科國票94購08,0,0,0,0,0,0,0,0,0,0,0,0,0,29000,29000,0,0
050227,大立光中信96購01,15000,0,15000,0,0,0,0,0,0,-15000,0,0,0,0,15000,-15000,0
048208,臺股指元大93購42,0,0,0,0,0,0,0,0,0,0,0,0,0,10000,10000,0,0
048186,元黃金元大96購01,0,0,0,0,0,0,0,0,0,0,0,0,0,25000,25000,0,0
048308,儒鴻凱基93購05  ,0,0,0,0,0,0,0,0,0,0,0,0,0,2000,2000,0,0
048320,聯詠凱基93購08  ,0,0,0,0,0,0,0,0,0,0,0,0,0,3000,3000,0,0
048494,瑞昱元大93購13  ,0,0,0,0,0,0,0,0,0,0,0,0,0,4000,4000,0,0
048498,嘉澤元大94購01  ,0,0,0,0,0,0,0,0,0,0,0,0,0,1000,1000,0,0
048453,嘉澤凱基93購05  ,0,0,0,0,0,0,0,0,0,0,0,0,0,1000,1000,0,0
048429,旺宏國票94購02  ,0,0,0,0,0,0,0,0,0,0,0,0,0,1000,1000,0,0
048873,玉晶光國票95購02,0,0,0,0,0,0,0,0,0,0,0,0,0,3000,3000,0,0
049140,台積電元大94購07,0,0,0,0,0,0,0,0,0,0,0,0,0,31000,31000,0,0
049137,華通元大95購02  ,0,0,0,0,0,0,0,0,0,0,0,0,0,1000,1000,0,0
047276,中工永豐93購01  ,0,0,0,0,0,0,0,0,0,0,0,0,0,4000,4000,0,0
047264,貿聯國票93購02  ,0,0,0,0,0,0,0,0,0,0,0,0,0,9000,9000,0,0
048094,大立光凱基93購31,0,0,0,0,0,0,0,0,0,0,0,0,0,10000,10000,0,0
049814,超眾元大95購04  ,0,0,0,0,0,0,0,0,0,0,0,0,0,30000,30000,0,0
049815,緯穎元大94購06  ,0,0,0,0,0,0,0,0,0,0,0,0,0,8000,8000,0,0
049816,緯穎元大94購07  ,0,0,0,0,0,0,0,0,0,0,0,0,0,2000,2000,0,0
05257P,欣興凱基95售04  ,0,0,0,0,0,0,0,0,0,0,0,0,0,15000,15000,0,0
052522,聯發科元大96購05,0,0,0,0,0,0,0,0,0,0,0,0,0,45000,45000,0,0
052525,聯詠元大95購06  ,0,0,0,0,0,0,0,0,0,0,0,0,0,23000,23000,0,0
052443,台積電元大95購23,0,0,0,0,0,0,0,0,0,0,0,0,0,81000,81000,0,0
052400,聯詠凱基97購01  ,0,0,0,0,0,0,0,0,0,0,0,0,0,2000,2000,0,0
052452,茂林元大95購03  ,0,0,0,0,0,0,0,0,0,0,0,0,0,16000,16000,0,0
052477,美律群益98購01  ,0,0,0,0,0,0,0,0,0,0,0,0,0,127000,127000,0,0
052499,合勤控永豐95購01,0,0,0,0,0,0,0,0,0,0,0,0,0,40000,40000,0,0
052233,台郡凱基96購01  ,0,0,0,0,0,0,0,0,0,0,0,0,0,14000,14000,0,0
052274,大立光群益95購03,0,0,0,0,0,0,0,0,0,0,0,0,0,3000,3000,0,0
052911,友達統一97購02  ,0,0,0,0,0,0,0,0,0,0,0,0,0,10000,10000,0,0
052897,緯創群益96購03  ,0,0,0,0,0,0,0,0,0,0,0,0,0,11000,11000,0,0
052749,日月光元大96購02,0,0,0,0,0,0,0,0,0,0,0,0,0,9000,9000,0,0
052607,大立光元大96購03,0,0,0,0,0,0,0,0,0,0,0,0,0,3000,3000,0,0
053457,旺宏國泰98購03  ,0,0,0,0,0,0,0,0,0,0,0,0,0,21000,21000,0,0
053553,聯詠凱基96購03  ,0,0,0,0,0,0,0,0,0,0,0,0,0,3000,3000,0,0
053548,旺宏凱基96購04  ,0,0,0,0,0,0,0,0,0,0,0,0,0,4000,4000,0,0
053412,台達電國票97購02,0,0,0,0,0,0,0,0,0,0,0,0,0,6000,6000,0,0
053323,群創群益98購07  ,0,0,0,0,0,0,0,0,0,0,0,0,0,10000,10000,0,0
053309,泰鼎凱基96購03  ,0,0,0,0,0,0,0,0,0,0,0,0,0,2000,2000,0,0
053283,同欣電元大96購03,0,0,0,0,0,0,0,0,0,0,0,0,0,5000,5000,0,0
053130,聯發科麥證96購01,0,0,0,30000,30000,0,0,0,0,0,0,0,0,30000,30000,0,0
053176,矽力群益96購02  ,0,0,0,0,0,0,0,0,0,0,0,0,0,2000,2000,0,0
052945,嘉晶國票97購01  ,0,0,0,0,0,0,0,0,0,0,0,0,0,10000,10000,0,0
053075,欣興永豐96購01  ,0,0,0,0,0,0,0,0,0,0,0,0,0,4000,4000,0,0
050880,大立光元富95購03,0,0,0,0,0,0,0,0,0,0,0,0,0,3000,3000,0,0
050834,啟碁凱基95購01  ,0,0,0,0,0,0,0,0,0,0,0,0,0,15000,15000,0,0
050848,日月光國票95購01,0,0,0,0,0,0,0,0,0,0,0,0,0,40000,40000,0,0
050774,健策元大96購02  ,0,0,0,0,0,0,0,0,0,0,0,0,0,2000,2000,0,0
050783,旺宏國泰96購02  ,0,0,0,0,0,0,0,0,0,0,0,0,0,21000,21000,0,0
051030,康友元富95購01  ,0,0,0,0,0,0,0,0,0,0,0,0,0,1000,1000,0,0
05092P,全新元大95售03  ,0,0,0,0,0,0,0,0,0,0,0,0,0,61000,61000,0,0
05093P,可成元大95售03  ,0,0,0,0,0,0,0,0,0,0,0,0,0,100000,100000,0,0
051433,中磊元富95購01  ,0,0,0,0,0,0,0,0,0,0,0,0,0,2000,2000,0,0
051434,中磊元富95購02  ,0,0,0,0,0,0,0,0,0,0,0,0,0,3000,3000,0,0
051430,瑞昱元富95購02  ,0,0,0,0,0,0,0,0,0,0,0,0,0,2000,2000,0,0
051342,光寶科元大95購01,0,0,0,0,0,0,0,0,0,0,0,0,0,23000,23000,0,0
051276,SGBR2X中信97購01,0,0,0,0,0,0,0,0,0,0,0,0,0,5000,5000,0,0
051180,喬山永豐95購03  ,0,0,0,0,0,0,0,0,0,0,0,0,0,25000,25000,0,0
051118,台塑群益95購01  ,0,0,0,0,0,0,0,0,0,0,0,0,0,10000,10000,0,0
051758,瑞昱元大95購01  ,0,0,0,0,0,0,0,0,0,0,0,0,0,1000,1000,0,0
051733,中環國票96購02  ,0,0,0,0,0,0,0,0,0,0,0,0,0,40000,40000,0,0
051669,建準元大95購01  ,0,0,0,0,0,0,0,0,0,0,0,0,0,11000,11000,0,0
051647,華新科永豐95購02,0,0,0,0,0,0,0,0,0,0,0,0,0,10000,10000,0,0
051666,旺宏元大96購05  ,0,0,0,0,0,0,0,0,0,0,0,0,0,1000,1000,0,0
051763,新光金元大98購01,0,0,0,0,0,0,0,0,0,0,0,0,0,1000,1000,0,0
051798,國巨永豐95購03  ,0,0,0,0,0,0,0,0,0,0,0,0,0,4000,4000,0,0
051781,緯穎群益96購01  ,0,0,0,0,0,0,0,0,0,0,0,0,0,3000,3000,0,0
051824,華通元大95購07  ,0,0,0,0,0,0,0,0,0,0,0,0,0,6000,6000,0,0
051640,GIS國票96購03   ,0,0,0,0,0,0,0,0,0,0,0,0,0,10000,10000,0,0
051591,玉晶光元大97購01,0,0,0,0,0,0,0,0,0,0,0,0,0,2000,2000,0,0
051588,聯詠元大95購03  ,0,0,0,0,0,0,0,0,0,0,0,0,0,20000,20000,0,0
051581,聯發科元大95購12,0,0,0,0,0,0,0,0,0,0,0,0,0,3000,3000,0,0
051445,可成元大95購06  ,0,0,0,0,0,0,0,0,0,0,0,0,0,44000,44000,0,0
051536,玉晶光國票97購01,0,0,0,0,0,0,0,0,0,0,0,0,0,3000,3000,0,0
05184P,緯穎元富95售01  ,0,0,0,0,0,0,0,0,0,0,0,0,0,1000,1000,0,0
051922,鴻海亞東96購02  ,0,0,0,0,0,0,0,0,0,0,0,0,0,200000,200000,0,0
051939,同欣電群益97購01,0,0,0,0,0,0,0,0,0,0,0,0,0,13000,13000,0,0
051967,康友永豐95購02  ,0,0,0,0,0,0,0,0,0,0,0,0,0,100000,100000,0,0
051948,滬深2X元富9B購01,0,0,0,0,0,0,0,0,0,0,0,0,0,50000,50000,0,0
052133,華邦電凱基9B購01,0,0,0,0,0,0,0,0,0,0,0,0,0,12000,12000,0,0
052159,瑞昱永豐95購01  ,0,0,0,0,0,0,0,0,0,0,0,0,0,12000,12000,0,0
052171,台積電元大95購21,0,0,0,0,0,0,0,0,0,0,0,0,0,2000,2000,0,0
052176,景碩元大96購01  ,0,0,0,0,0,0,0,0,0,0,0,0,0,10000,10000,0,0
052040,臺股指永昌95購01,0,0,0,0,0,0,0,0,0,0,0,0,0,102000,102000,0,0
052056,緯穎凱基95購04  ,0,0,0,0,0,0,0,0,0,0,0,0,0,4000,4000,0,0
1219,福壽            ,2000,2000,0,0,0,0,0,0,0,0,0,0,0,0,0,0,0
1539,巨庭            ,3000,3000,0,0,0,0,0,0,0,0,0,0,0,0,0,0,0
1525,江申            ,2000,2000,0,0,0,0,0,0,0,0,0,0,0,0,0,0,0
1526,日馳            ,35000,35000,0,0,0,0,0,0,0,0,0,0,0,0,0,0,0
06342P,世芯統一98售01  ,0,0,0,0,0,0,0,0,0,0,0,0,0,10000,10000,0,0
06367P,台積電凱基97售14,0,0,0,0,0,0,0,0,0,0,0,0,0,70000,70000,0,0
08213P,台光電統一9B售03,0,0,0,0,0,0,0,0,0,0,0,0,0,10000,10000,0,0
06206P,台積電凱基97售11,0,0,0,0,0,0,0,0,0,0,0,0,0,10000,10000,0,0
06217P,鴻海元富97售05  ,0,0,0,0,0,0,0,0,0,0,0,0,0,1000,1000,0,0
05925P,晶技永豐96售03  ,0,0,0,0,0,0,0,0,0,0,0,0,0,20000,20000,0,0
05992P,華通元大96售05  ,0,0,0,0,0,0,0,0,0,0,0,0,0,40000,40000,0,0
06173P,華通元大97售02  ,0,0,0,0,0,0,0,0,0,0,0,0,0,125000,125000,0,0
06182P,群創兆豐97售03  ,0,0,0,0,0,0,0,0,0,0,0,0,0,32000,32000,0,0
06096P,全新永豐97售02  ,0,0,0,0,0,0,0,0,0,0,0,0,0,10000,10000,0,0
4106,雃博            ,32000,32000,0,0,0,0,0,0,0,0,0,0,0,0,0,0,0
4439,冠星-KY         ,1000,1000,0,0,0,0,0,0,0,0,0,0,0,0,0,0,0
4555,氣立            ,1000,1000,0,0,0,0,0,0,0,0,0,0,0,0,0,0,0
4557,永新-KY         ,3000,3000,0,0,0,0,0,0,0,0,0,0,0,0,0,0,0
2906,高林            ,4000,4000,0,0,0,0,0,0,0,0,0,0,0,0,0,0,0
3057,喬鼎            ,9000,8000,1000,0,0,0,0,0,0,-1000,0,1000,-1000,0,0,0,0
2438,翔耀            ,0,2000,-2000,0,0,0,0,0,0,2000,2000,0,2000,0,0,0,0
2465,麗臺            ,2000,1000,1000,0,0,0,0,0,0,-1000,0,1000,-1000,0,0,0,0
2509,全坤建          ,4000,5000,-1000,0,0,0,0,0,0,1000,1000,0,1000,0,0,0,0
1541,錩泰            ,2000,2000,0,0,0,0,0,0,0,0,0,0,0,0,0,0,0
6281,全國電          ,3000,2000,1000,0,0,0,0,0,0,-1000,0,1000,-1000,0,0,0,0
6277,宏正            ,35000,35000,0,0,0,0,0,0,0,0,0,0,0,0,0,0,0
8427,基勝-KY         ,1000,1000,0,0,0,0,0,0,0,0,0,0,0,0,0,0,0
8497,格威傳媒        ,8000,8000,0,0,0,0,0,0,0,0,0,0,0,0,0,0,0
8467,波力-KY         ,1000,1000,0,0,0,0,0,0,0,0,0,0,0,0,0,0,0
6666,羅麗芬-KY       ,15000,15000,0,0,0,0,0,0,0,-304,0,0,0,0,304,-304,-304
1101B,台泥乙特        ,263,0,263,0,0,0,0,0,0,-1000,4000,5000,-1000,0,0,0,-737
053770,元金2X元大98購01,0,0,0,0,0,0,0,0,0,-1000,0,0,0,345000,346000,-1000,-1000
053735,矽力中信97購01  ,0,0,0,0,0,0,0,0,0,-1000,0,0,0,0,1000,-1000,-1000
053837,貿聯永豐96購02  ,0,0,0,0,0,0,0,0,0,-1000,0,0,0,0,1000,-1000,-1000
053823,茂林群益96購06  ,0,0,0,0,0,0,0,0,0,-1000,0,0,0,0,1000,-1000,-1000
053618,新唐群益96購01  ,0,0,0,0,0,0,0,0,0,-1000,0,0,0,3000,4000,-1000,-1000
053575,聯詠元富96購01  ,0,0,0,0,0,0,0,0,0,-1000,0,0,0,0,1000,-1000,-1000
053673,超眾元富96購03  ,0,0,0,0,0,0,0,0,0,-1000,0,0,0,0,1000,-1000,-1000
053659,智原凱基97購01  ,0,0,0,0,0,0,0,0,0,-1000,0,0,0,0,1000,-1000,-1000
053899,矽創群益96購02  ,0,0,0,0,0,0,0,0,0,-1000,0,0,0,0,1000,-1000,-1000
053908,貿聯凱基98購01  ,0,0,0,0,0,0,0,0,0,-1000,0,0,0,67000,68000,-1000,-1000
054058,晶豪科國票98購01,0,0,0,0,0,0,0,0,0,-1000,0,0,0,0,1000,-1000,-1000
054009,欣興元富96購03  ,0,0,0,0,0,0,0,0,0,-1000,0,0,0,0,1000,-1000,-1000
054083,智伸科元富96購01,0,0,0,0,0,0,0,0,0,-1000,0,0,0,2000,3000,-1000,-1000
054185,喬山永豐96購02  ,0,0,0,0,0,0,0,0,0,-1000,0,0,0,2000,3000,-1000,-1000
054551,聯發科凱基98購02,0,0,0,0,0,0,0,0,0,-1000,0,0,0,0,1000,-1000,-1000
054771,茂林國票98購02  ,0,0,0,0,0,0,0,0,0,-1000,0,0,0,2000,3000,-1000,-1000
054934,金寶元大97購01  ,0,0,0,0,0,0,0,0,0,-1000,0,0,0,4000,5000,-1000,-1000
054700,致新永豐97購01  ,0,0,0,0,0,0,0,0,0,-1000,0,0,0,0,1000,-1000,-1000
055318,華通國票98購01  ,0,0,0,0,0,0,0,0,0,-1000,0,0,0,0,1000,-1000,-1000
055432,臻鼎群益97購02  ,0,0,0,0,0,0,0,0,0,-1000,0,0,0,0,1000,-1000,-1000
055584,國巨元大97購11  ,0,0,0,0,0,0,0,0,0,-1000,0,0,0,9000,10000,-1000,-1000
055487,國巨元大98購07  ,0,0,0,0,0,0,0,0,0,-1000,0,0,0,6000,7000,-1000,-1000
055461,TPK永豐97購01   ,0,0,0,0,0,0,0,0,0,-1000,0,0,0,0,1000,-1000,-1000
055176,大毅統一98購02  ,0,0,0,0,0,0,0,0,0,-1000,0,0,0,0,1000,-1000,-1000
055092,開發金群益9B購01,0,0,0,0,0,0,0,0,0,-1000,0,0,0,0,1000,-1000,-1000
055082,台郡中信97購01  ,0,0,0,0,0,0,0,0,0,-1000,0,0,0,4000,5000,-1000,-1000
055087,瑞昱亞東97購01  ,0,0,0,0,0,0,0,0,0,-1000,0,0,0,0,1000,-1000,-1000
055016,群電元富97購01  ,0,0,0,0,0,0,0,0,0,-1000,0,0,0,0,1000,-1000,-1000
054968,佐登元大97購01  ,0,0,0,0,0,0,0,0,0,-1000,0,0,0,0,1000,-1000,-1000
054972,聯茂元大97購02  ,0,0,0,0,0,0,0,0,0,-1000,0,0,0,2000,3000,-1000,-1000
055832,台達電元大97購02,0,0,0,0,0,0,0,0,0,-1000,0,0,0,0,1000,-1000,-1000
055839,瑞昱元大97購04  ,0,0,0,0,0,0,0,0,0,-1000,0,0,0,1000,2000,-1000,-1000
055814,晶豪科國票97購02,0,0,0,0,0,0,0,0,0,-1000,0,0,0,0,1000,-1000,-1000
055777,冠德凱基97購01  ,0,0,0,0,0,0,0,0,0,-1000,0,0,0,0,1000,-1000,-1000
055780,禾伸堂凱基99購01,0,0,0,0,0,0,0,0,0,-1000,0,0,0,0,1000,-1000,-1000
05742P,可成元大96售04  ,0,0,0,0,0,0,0,0,0,-1000,0,0,0,15000,16000,-1000,-1000
05753P,臺股指中信99售02,0,0,0,0,0,0,0,0,0,-1000,0,0,0,0,1000,-1000,-1000
056159,牧德凱基99購01  ,0,0,0,0,0,0,0,0,0,-1000,0,0,0,0,1000,-1000,-1000
05612P,台積電元大96售13,0,0,0,0,0,0,0,0,0,-1000,0,0,0,15000,16000,-1000,-1000
056092,亞德客元富97購02,0,0,0,0,0,0,0,0,0,-1000,0,0,0,0,1000,-1000,-1000
042931,啟碁中信95購01  ,0,0,0,0,0,0,0,0,0,-1000,0,0,0,0,1000,-1000,-1000
03153P,聯發科群益03售01,0,0,0,0,0,0,0,0,0,-1000,0,0,0,0,1000,-1000,-1000
03422B,臺股指凱基96熊28,0,0,0,0,0,0,0,0,0,-1000,0,0,0,1000,2000,-1000,-1000
042711,台灣50國票93購01,0,0,0,0,0,0,0,0,0,-1000,0,0,0,0,1000,-1000,-1000
036630,玉山金台新99購01,0,0,0,0,0,0,0,0,0,-1000,0,0,0,0,1000,-1000,-1000
03071X,元展66          ,0,0,0,0,0,0,0,0,0,-1000,0,0,0,0,1000,-1000,-1000
00767,FH美國金融股    ,0,0,0,0,0,0,0,0,0,-1000,0,0,0,81000,82000,-1000,-1000
01004T,土銀富邦R2      ,5000,14000,-9000,0,0,0,0,0,0,8000,8000,0,8000,0,0,0,-1000
020004,兆豐電菁英30N   ,0,0,0,0,0,0,0,0,0,-1000,0,0,0,0,1000,-1000,-1000
046708,寶齡永豐93購01  ,0,0,0,0,0,0,0,0,0,-1000,0,0,0,0,1000,-1000,-1000
045945,臺股指群益92購06,0,0,0,0,0,0,0,0,0,-1000,0,0,0,0,1000,-1000,-1000
044705,群創元大93購03  ,0,0,0,0,0,0,0,0,0,-1000,0,0,0,12000,13000,-1000,-1000
03925P,大立光群益93售08,0,0,0,0,0,0,0,0,0,-1000,0,0,0,0,1000,-1000,-1000
04194P,欣興永豐93售05  ,0,0,0,0,0,0,0,0,0,-1000,0,0,0,0,1000,-1000,-1000
043460,台積電元大93購01,0,0,0,0,0,0,0,0,0,-1000,0,0,0,0,1000,-1000,-1000
044954,可成凱基92購01  ,0,0,0,0,0,0,0,0,0,-1000,0,0,0,0,1000,-1000,-1000
046146,南亞科第一92購01,0,0,0,0,0,0,0,0,0,-1000,0,0,0,93000,94000,-1000,-1000
044088,國巨元富95購01  ,0,0,0,0,0,0,0,0,0,-1000,0,0,0,0,1000,-1000,-1000
044289,群創凱基93購04  ,0,0,0,0,0,0,0,0,0,-1000,0,0,0,3000,4000,-1000,-1000
04462P,全新元富96售01  ,0,0,0,0,0,0,0,0,0,-1000,0,0,0,0,1000,-1000,-1000
044637,滬深2X元富94購01,0,0,0,0,0,0,0,0,0,-1000,0,0,0,0,1000,-1000,-1000
045311,GIS元大94購01   ,0,0,0,0,0,0,0,0,0,-1000,0,0,0,0,1000,-1000,-1000
04964P,鴻海元大94售26  ,0,0,0,0,0,0,0,0,0,-1000,0,0,0,65000,66000,-1000,-1000
049628,臺股指群益94購01,0,0,0,0,0,0,0,0,0,-1000,0,0,0,0,1000,-1000,-1000
049614,聯茂中信94購01  ,0,0,0,0,0,0,0,0,0,-1000,0,0,0,0,1000,-1000,-1000
049574,新日興統一94購03,0,0,0,0,0,0,0,0,0,-1000,0,0,0,0,1000,-1000,-1000
049430,國巨國票95購02  ,0,0,0,0,0,0,0,0,0,-1000,0,0,0,0,1000,-1000,-1000
046391,上海銀統一94購01,0,0,0,0,0,0,0,0,0,-1000,0,0,0,10000,11000,-1000,-1000
04634P,臺股指群益94售09,0,0,0,0,0,0,0,0,0,-1000,0,0,0,0,1000,-1000,-1000
045830,亞德客群益92購02,0,0,0,0,0,0,0,0,0,-1000,0,0,0,0,1000,-1000,-1000
045756,智伸科國泰93購01,0,0,0,0,0,0,0,0,0,-1000,0,0,0,0,1000,-1000,-1000
045685,康控元大95購01  ,0,0,0,0,0,0,0,0,0,-1000,0,0,0,0,1000,-1000,-1000
049245,和鑫元富95購01  ,0,0,0,0,0,0,0,0,0,-1000,0,0,0,9000,10000,-1000,-1000
048097,聯詠凱基93購07  ,0,0,0,0,0,0,0,0,0,-1000,0,0,0,0,1000,-1000,-1000
049141,旺宏元大95購01  ,0,0,0,0,0,0,0,0,0,-1000,0,0,0,0,1000,-1000,-1000
049217,智邦國票95購01  ,0,0,0,0,0,0,0,0,0,-1000,0,0,0,0,1000,-1000,-1000
048874,玉晶光國票96購01,0,0,0,0,0,0,0,0,0,-1000,0,0,0,1000,2000,-1000,-1000
048835,牧德凱基94購02  ,0,0,0,0,0,0,0,0,0,-1000,0,0,0,2000,3000,-1000,-1000
048522,A50正2元富95購02,0,0,0,0,0,0,0,0,0,-1000,0,0,0,0,1000,-1000,-1000
049263,大立光元大94購10,0,0,0,0,0,0,0,0,0,-1000,0,0,0,0,1000,-1000,-1000
049264,奇鋐元大95購01  ,0,0,0,0,0,0,0,0,0,-1000,0,0,0,0,1000,-1000,-1000
049293,友訊群益95購01  ,0,0,0,0,0,0,0,0,0,-1000,0,0,0,144000,145000,-1000,-1000
04740P,台積電富邦95售02,0,0,0,0,0,0,0,0,0,-1000,0,0,0,0,1000,-1000,-1000
050592,矽格永豐94購02  ,0,0,0,0,0,0,0,0,0,-1000,0,0,0,0,1000,-1000,-1000
050624,鈺齊元大94購01  ,0,0,0,0,0,0,0,0,0,-1000,0,0,0,0,1000,-1000,-1000
050365,中石化元大94購02,0,0,0,0,0,0,0,0,0,-1000,0,0,0,0,1000,-1000,-1000
050348,鴻海群益94購06  ,0,0,0,0,0,0,0,0,0,-1000,0,0,0,0,1000,-1000,-1000
050453,創意元大95購03  ,0,0,0,0,0,0,0,0,0,-1000,0,0,0,19000,20000,-1000,-1000
050010,鈺齊永豐94購01  ,0,0,0,0,0,0,0,0,0,-1000,0,0,0,0,1000,-1000,-1000
050012,台積電國泰95購03,0,0,0,0,0,0,0,0,0,-1000,0,0,0,0,1000,-1000,-1000
04771P,友達元大96售02  ,0,0,0,0,0,0,0,0,0,-1000,0,0,0,2000,3000,-1000,-1000
047800,大立光兆豐93購04,0,0,0,0,0,0,0,0,0,-1000,0,0,0,0,1000,-1000,-1000
047781,上銀國泰94購02  ,0,0,0,0,0,0,0,0,0,-1000,0,0,0,0,1000,-1000,-1000
047435,台積電元大94購01,0,0,0,0,0,0,0,0,0,-1000,0,0,0,0,1000,-1000,-1000
048784,台積電元大94購04,0,0,0,0,0,0,0,0,0,-1000,0,0,0,44000,45000,-1000,-1000
04705P,臺股指統一95售02,0,0,0,0,0,0,0,0,0,-1000,0,0,0,0,1000,-1000,-1000
047084,嘉聯益永豐93購02,0,0,0,0,0,0,0,0,0,-1000,0,0,0,0,1000,-1000,-1000
048678,統一富邦93購01  ,0,0,0,0,0,0,0,0,0,-1000,0,0,0,30000,31000,-1000,-1000
050133,鈺齊凱基94購01  ,0,0,0,0,0,0,0,0,0,-1000,0,0,0,0,1000,-1000,-1000
049901,瑞昱元富94購01  ,0,0,0,0,0,0,0,0,0,-1000,0,0,0,0,1000,-1000,-1000
04902P,國巨台新94售04  ,0,0,0,0,0,0,0,0,0,-1000,0,0,0,0,1000,-1000,-1000
047836,國泰金元大93購01,0,0,0,0,0,0,0,0,0,-1000,0,0,0,0,1000,-1000,-1000
046992,智伸科凱基93購03,0,0,0,0,0,0,0,0,0,-1000,0,0,0,0,1000,-1000,-1000
049725,台郡國票94購03  ,0,0,0,0,0,0,0,0,0,-1000,0,0,0,0,1000,-1000,-1000
049659,旺宏台新95購01  ,0,0,0,0,0,0,0,0,0,-1000,0,0,0,0,1000,-1000,-1000
052192,SP黃豆元富95購04,0,0,0,0,0,0,0,0,0,-1000,0,0,0,0,1000,-1000,-1000
052200,台光電統一95購02,0,0,0,0,0,0,0,0,0,-1000,0,0,0,0,1000,-1000,-1000
052134,智邦凱基95購09  ,0,0,0,0,0,0,0,0,0,-1000,0,0,0,64000,65000,-1000,-1000
051983,道瓊反元大95購01,0,0,0,0,0,0,0,0,0,-1000,0,0,0,5000,6000,-1000,-1000
051860,為升凱基95購01  ,0,0,0,0,0,0,0,0,0,-1000,0,0,0,0,1000,-1000,-1000
051688,大立光凱基97購02,0,0,0,0,0,0,0,0,0,-1000,0,0,0,8000,9000,-1000,-1000
051163,鴻海元大95購04  ,0,0,0,0,0,0,0,0,0,-1000,0,0,0,0,1000,-1000,-1000
051339,智易永豐95購02  ,0,0,0,0,0,0,0,0,0,-1000,0,0,0,8000,9000,-1000,-1000
051377,鴻海群益95購07  ,0,0,0,0,0,0,0,0,0,-1000,0,0,0,10000,11000,-1000,-1000
050874,康控永豐95購01  ,0,0,0,0,0,0,0,0,0,-1000,0,0,0,0,1000,-1000,-1000
050891,喬山元大95購01  ,0,0,0,0,0,0,0,0,0,-1000,0,0,0,0,1000,-1000,-1000
053076,貿聯永豐96購01  ,0,0,0,0,0,0,0,0,0,-1000,0,0,0,0,1000,-1000,-1000
05309P,康友中信95售03  ,0,0,0,0,0,0,0,0,0,-1000,0,0,0,0,1000,-1000,-1000
053027,玉晶光富邦98購01,0,0,0,0,0,0,0,0,0,-1000,0,0,0,5000,6000,-1000,-1000
053220,瀚宇博凱基98購01,0,0,0,0,0,0,0,0,0,-1000,0,0,0,0,1000,-1000,-1000
05345P,臺股指統一95售05,0,0,0,0,0,0,0,0,0,-1000,0,0,0,0,1000,-1000,-1000
053461,台郡永昌99購01  ,0,0,0,0,0,0,0,0,0,-1000,0,0,0,0,1000,-1000,-1000
053464,喬山元大96購01  ,0,0,0,0,0,0,0,0,0,-1000,0,0,0,0,1000,-1000,-1000
05267P,欣興元大95售08  ,0,0,0,0,0,0,0,0,0,-1000,0,0,0,14000,15000,-1000,-1000
052689,玉晶光元大98購03,0,0,0,0,0,0,0,0,0,-1000,0,0,0,0,1000,-1000,-1000
052901,台達電國票97購01,0,0,0,0,0,0,0,0,0,-1000,0,0,0,0,1000,-1000,-1000
052356,聯詠永豐95購03  ,0,0,0,0,0,0,0,0,0,-1000,0,0,0,0,1000,-1000,-1000
052379,鈺齊元大95購04  ,0,0,0,0,0,0,0,0,0,-1000,0,0,0,0,1000,-1000,-1000
052382,臺股指元大95購23,0,0,0,0,0,0,0,0,0,-1000,0,0,0,0,1000,-1000,-1000
052384,臺股指元大95購30,0,0,0,0,0,0,0,0,0,-1000,0,0,0,0,1000,-1000,-1000
052523,奇力新元大97購01,0,0,0,0,0,0,0,0,0,-1000,0,0,0,15000,16000,-1000,-1000
08749P,鴻海台新01售02  ,0,0,0,0,0,0,0,0,0,-1000,0,0,0,0,1000,-1000,-1000
1468,昶和            ,0,1000,-1000,0,0,0,0,0,0,0,0,0,0,0,0,0,-1000
06200P,聯發科元大97售18,0,0,0,0,0,0,0,0,0,-1000,0,0,0,2000,3000,-1000,-1000
06298P,聯發科元大97售20,0,0,0,0,0,0,0,0,0,-1000,0,0,0,0,1000,-1000,-1000
08570P,台灣50凱基96售03,0,0,0,0,0,0,0,0,0,-1000,0,0,0,0,1000,-1000,-1000
05952P,台積電國票97售06,0,0,0,0,0,0,0,0,0,-1000,0,0,0,9000,10000,-1000,-1000
05953P,台積電國票98售02,0,0,0,0,0,0,0,0,0,-1000,0,0,0,1000,2000,-1000,-1000
05827P,台積電統一96售10,0,0,0,0,0,0,0,0,0,-1000,0,0,0,6000,7000,-1000,-1000
1583,程泰            ,0,1000,-1000,0,0,0,0,0,0,0,0,0,0,0,0,0,-1000
2103,台橡            ,333000,336000,-3000,0,0,0,0,0,0,2000,8000,6000,2000,0,0,0,-1000
2024,志聯            ,5000,6000,-1000,0,0,0,0,0,0,0,0,0,0,0,0,0,-1000
2434,統懋            ,0,1000,-1000,0,0,0,0,0,0,0,0,0,0,0,0,0,-1000
3054,立萬利          ,2000,2000,0,0,0,0,0,0,0,-1000,0,1000,-1000,0,0,0,-1000
3040,遠見            ,0,1000,-1000,0,0,0,0,0,0,0,0,0,0,0,0,0,-1000
2702,華園            ,0,1000,-1000,0,0,0,0,0,0,0,0,0,0,0,0,0,-1000
2706,第一店          ,7000,10000,-3000,0,0,0,0,0,0,2000,2000,0,2000,0,0,0,-1000
4562,穎漢            ,0,1000,-1000,0,0,0,0,0,0,0,0,0,0,0,0,0,-1000
4545,銘鈺            ,0,0,0,0,0,0,0,0,0,-1000,0,1000,-1000,0,0,0,-1000
4755,三福化          ,0,2000,-2000,0,0,0,0,0,0,1000,1000,0,1000,0,0,0,-1000
3694,海華            ,8000,9000,-1000,0,0,0,0,0,0,0,0,0,0,0,0,0,-1000
6625,必應            ,1000,2000,-1000,0,0,0,0,0,0,0,0,0,0,0,0,0,-1000
6674,鋐寶科技        ,3000,3000,0,0,0,0,0,0,0,-1000,0,1000,-1000,0,0,0,-1000
6431,光麗-KY         ,0,1000,-1000,0,0,0,0,0,0,0,0,0,0,0,0,0,-1000
6442,光聖            ,4000,4000,0,0,0,0,0,0,0,-1000,0,1000,-1000,0,0,0,-1000
6117,迎廣            ,0,1000,-1000,0,0,0,0,0,0,0,0,0,0,0,0,0,-1000
6201,亞弘電          ,0,1000,-1000,0,0,0,0,0,0,0,0,0,0,0,0,0,-1000
8480,泰昇-KY         ,9000,10000,-1000,0,0,0,0,0,0,0,0,0,0,0,0,0,-1000
8940,新天地          ,0,1000,-1000,0,0,0,0,0,0,0,0,0,0,0,0,0,-1000
9929,秋雨            ,0,1000,-1000,0,0,0,0,0,0,0,0,0,0,0,0,0,-1000
055773,瑞昱凱基97購03  ,0,0,0,0,0,0,0,0,0,-2000,0,0,0,12000,14000,-2000,-2000
055874,中環元富9A購01  ,0,0,0,0,0,0,0,0,0,-2000,0,0,0,0,2000,-2000,-2000
055994,聯發科國泰99購02,0,0,0,0,0,0,0,0,0,-2000,0,0,0,0,2000,-2000,-2000
054971,帆宣元大97購02  ,0,0,0,0,0,0,0,0,0,-2000,0,0,0,0,2000,-2000,-2000
055084,國巨第一97購01  ,0,0,0,0,0,0,0,0,0,-2000,0,0,0,0,2000,-2000,-2000
055117,臻鼎凱基98購02  ,0,0,0,0,0,0,0,0,0,-2000,0,0,0,0,2000,-2000,-2000
055440,矽力國票98購01  ,0,0,0,0,0,0,0,0,0,-2000,0,0,0,0,2000,-2000,-2000
054709,宏達電統一97購01,0,0,0,0,0,0,0,0,0,-2000,0,0,0,0,2000,-2000,-2000
054931,緯穎凱基98購01  ,0,0,0,0,0,0,0,0,0,-2000,0,0,0,0,2000,-2000,-2000
054537,南亞科亞東97購01,0,0,0,0,0,0,0,0,0,-2000,0,0,0,0,2000,-2000,-2000
054373,富邦金中信97購01,0,0,0,0,0,0,0,0,0,-2000,0,0,0,0,2000,-2000,-2000
054367,鴻海中信98購03  ,0,0,0,0,0,0,0,0,0,-2000,0,0,0,0,2000,-2000,-2000
054407,美律國票97購02  ,0,0,0,0,0,0,0,0,0,-2000,0,0,0,0,2000,-2000,-2000
054300,華通凱基96購07  ,0,0,0,0,0,0,0,0,0,-2000,0,0,0,6000,8000,-2000,-2000
054296,世芯元大97購01  ,0,0,0,0,0,0,0,0,0,-2000,0,0,0,4000,6000,-2000,-2000
054121,奇鋐永豐96購02  ,0,0,0,0,0,0,0,0,0,-2000,0,0,0,0,2000,-2000,-2000
053900,T50反1日盛99購01,0,0,0,0,0,0,0,0,0,-2000,0,0,0,0,2000,-2000,-2000
053576,智原元富96購01  ,0,0,0,0,0,0,0,0,0,-2000,0,0,0,0,2000,-2000,-2000
05359P,嘉澤元大95售02  ,0,0,0,0,0,0,0,0,0,-2000,0,0,0,60000,62000,-2000,-2000
053639,禾伸堂永豐96購01,0,0,0,0,0,0,0,0,0,-2000,0,0,0,18000,20000,-2000,-2000
053791,同欣電元大96購05,0,0,0,0,0,0,0,0,0,-2000,0,0,0,13000,15000,-2000,-2000
045677,聯發科元大92購10,0,0,0,0,0,0,0,0,0,-2000,0,0,0,0,2000,-2000,-2000
045799,微星亞東93購01  ,0,0,0,0,0,0,0,0,0,-2000,0,0,0,0,2000,-2000,-2000
046356,智伸科群益93購01,0,0,0,0,0,0,0,0,0,-2000,0,0,0,11000,13000,-2000,-2000
046537,聯發科群益93購02,0,0,0,0,0,0,0,0,0,-2000,0,0,0,0,2000,-2000,-2000
049336,台達電統一94購02,0,0,0,0,0,0,0,0,0,-2000,0,0,0,0,2000,-2000,-2000
049327,台郡元富94購01  ,0,0,0,0,0,0,0,0,0,-2000,0,0,0,0,2000,-2000,-2000
049316,茂林凱基94購02  ,0,0,0,0,0,0,0,0,0,-2000,0,0,0,0,2000,-2000,-2000
046644,台達電國泰93購01,0,0,0,0,0,0,0,0,0,-2000,0,0,0,0,2000,-2000,-2000
049616,卜蜂群益94購01  ,0,0,0,0,0,0,0,0,0,-2000,0,0,0,3000,5000,-2000,-2000
049553,鴻海國泰96購02  ,0,0,0,0,0,0,0,0,0,-2000,0,0,0,0,2000,-2000,-2000
049543,國巨群益94購04  ,0,0,0,0,0,0,0,0,0,-2000,0,0,0,0,2000,-2000,-2000
045171,可成兆豐92購02  ,0,0,0,0,0,0,0,0,0,-2000,0,0,0,8000,10000,-2000,-2000
045165,台虹國泰93購01  ,0,0,0,0,0,0,0,0,0,-2000,0,0,0,43000,45000,-2000,-2000
044487,元油2X元大94購01,0,0,0,0,0,0,0,0,0,-2000,0,0,0,198000,200000,-2000,-2000
045122,臺股指元大93購08,0,0,0,0,0,0,0,0,0,-2000,0,0,0,0,2000,-2000,-2000
045093,台表科元大93購02,0,0,0,0,0,0,0,0,0,-2000,0,0,0,1000,3000,-2000,-2000
046163,友達兆豐92購02  ,0,0,0,0,0,0,0,0,0,-2000,0,0,0,0,2000,-2000,-2000
04614P,光罩群益94售02  ,0,0,0,0,0,0,0,0,0,-2000,0,0,0,0,2000,-2000,-2000
044959,彩晶凱基92購01  ,0,0,0,0,0,0,0,0,0,-2000,0,0,0,17000,19000,-2000,-2000
03889P,國巨國泰94售04  ,0,0,0,0,0,0,0,0,0,-2000,0,0,0,0,2000,-2000,-2000
042126,欣興統一92購01  ,0,0,0,0,0,0,0,0,0,-2000,0,0,0,8000,10000,-2000,-2000
045922,臺股指國票92購12,0,0,0,0,0,0,0,0,0,-2000,0,0,0,0,2000,-2000,-2000
043970,為升富邦94購01  ,0,0,0,0,0,0,0,0,0,-2000,0,0,0,0,2000,-2000,-2000
044735,光磊國泰93購01  ,0,0,0,0,0,0,0,0,0,-2000,0,0,0,0,2000,-2000,-2000
03007X,元展07          ,0,0,0,0,0,0,0,0,0,-2000,0,0,0,0,2000,-2000,-2000
03482P,緯穎群益03售01  ,0,0,0,0,0,0,0,0,0,-2000,0,0,0,1830000,1832000,-2000,-2000
03358P,金像電群益02售03,0,0,0,0,0,0,0,0,0,-2000,0,0,0,0,2000,-2000,-2000
03419B,臺股指元富99熊03,0,0,0,0,0,0,0,0,0,-2000,0,0,0,1000,3000,-2000,-2000
040855,滬深2X永昌92購01,0,0,0,0,0,0,0,0,0,-2000,0,0,0,0,2000,-2000,-2000
047002,鴻海統一93購04  ,0,0,0,0,0,0,0,0,0,-2000,0,0,0,0,2000,-2000,-2000
047857,臺股指國票93購12,0,0,0,0,0,0,0,0,0,-2000,0,0,0,0,2000,-2000,-2000
04901P,臺股指麥證94售02,0,0,0,0,2000,-2000,0,0,0,-2000,0,0,0,0,2000,-2000,-2000
048981,牧德元大94購01  ,0,0,0,0,0,0,0,0,0,-2000,0,0,0,1000,3000,-2000,-2000
049904,矽力元富94購01  ,0,0,0,0,0,0,0,0,0,-2000,0,0,0,0,2000,-2000,-2000
050131,新光金凱基94購01,0,0,0,0,0,0,0,0,0,-2000,0,0,0,0,2000,-2000,-2000
048684,上海銀富邦93購02,0,0,0,0,0,0,0,0,0,-2000,0,0,0,8000,10000,-2000,-2000
048741,欣興統一94購02  ,0,0,0,0,0,0,0,0,0,-2000,0,0,0,8000,10000,-2000,-2000
047795,臺股指群益93購06,0,0,0,0,0,0,0,0,0,-2000,0,0,0,0,2000,-2000,-2000
050183,奇鋐元大96購01  ,0,0,0,0,0,0,0,0,0,-2000,0,0,0,0,2000,-2000,-2000
050165,泰鼎國泰95購02  ,0,0,0,0,0,0,0,0,0,-2000,0,0,0,0,2000,-2000,-2000
048722,台表科永豐94購01,0,0,0,0,0,0,0,0,0,-2000,0,0,0,0,2000,-2000,-2000
049749,創意永豐94購01  ,0,0,0,0,0,0,0,0,0,-2000,0,0,0,0,2000,-2000,-2000
050408,臻鼎台新94購02  ,0,0,0,0,0,0,0,0,0,-2000,0,0,0,0,2000,-2000,-2000
050613,台光電元大94購09,0,0,0,0,0,0,0,0,0,-2000,0,0,0,50000,52000,-2000,-2000
050650,大立光凱基96購01,0,0,0,0,0,0,0,0,0,-2000,0,0,0,0,2000,-2000,-2000
048111,奇力新群益93購06,0,0,0,0,0,0,0,0,0,-2000,0,0,0,0,2000,-2000,-2000
049368,奇力新元大94購02,0,0,0,0,0,0,0,0,0,-2000,0,0,0,0,2000,-2000,-2000
050326,正崴永豐94購03  ,0,0,0,0,0,0,0,0,0,-2000,0,0,0,0,2000,-2000,-2000
048162,矽力麥證93購01  ,0,0,0,0,2000,-2000,0,0,0,-2000,0,0,0,0,2000,-2000,-2000
049040,亞光兆豐95購01  ,0,0,0,0,0,0,0,0,0,-2000,0,0,0,14000,16000,-2000,-2000
049118,元油2X元富94購03,0,0,0,0,0,0,0,0,0,-2000,0,0,0,0,2000,-2000,-2000
047310,鴻海元大93購14  ,0,0,0,0,0,0,0,0,0,-2000,0,0,0,0,2000,-2000,-2000
049252,國巨元大96購01  ,0,0,0,0,0,0,0,0,0,-2000,0,0,0,0,2000,-2000,-2000
047214,啟碁富邦97購01  ,0,0,0,0,0,0,0,0,0,-2000,0,0,0,0,2000,-2000,-2000
052566,國巨凱基96購04  ,0,0,0,0,0,0,0,0,0,-2000,0,0,0,80000,82000,-2000,-2000
052501,茂林永豐95購04  ,0,0,0,0,0,0,0,0,0,-2000,0,0,0,0,2000,-2000,-2000
052380,臺股指元大95購21,0,0,0,0,0,0,0,0,0,-2000,0,0,0,0,2000,-2000,-2000
052303,聯發科永豐95購05,0,0,0,0,0,0,0,0,0,-2000,0,0,0,0,2000,-2000,-2000
052925,日電貿永豐96購01,0,0,0,0,0,0,0,0,0,-2000,0,0,0,0,2000,-2000,-2000
053543,臺股指永豐96購02,0,0,0,0,0,0,0,0,0,-2000,0,0,0,0,2000,-2000,-2000
053302,國巨凱基96購10  ,0,0,0,0,0,0,0,0,0,-2000,0,0,0,4000,6000,-2000,-2000
053286,臺股指元大96購14,0,0,0,0,0,0,0,0,0,-2000,0,0,0,0,2000,-2000,-2000
053429,彩晶永豐96購01  ,0,0,0,0,0,0,0,0,0,-2000,0,0,0,0,2000,-2000,-2000
053379,南亞科元大96購01,0,0,0,0,0,0,0,0,0,-2000,0,0,0,0,2000,-2000,-2000
053366,樺漢國泰98購01  ,0,0,0,0,0,0,0,0,0,-2000,0,0,0,189000,191000,-2000,-2000
05313P,臺股指群益95售12,0,0,0,0,0,0,0,0,0,-2000,0,0,0,1000,3000,-2000,-2000
053020,貿聯元富96購01  ,0,0,0,0,0,0,0,0,0,-2000,0,0,0,5000,7000,-2000,-2000
052990,超眾元大97購01  ,0,0,0,0,0,0,0,0,0,-2000,0,0,0,0,2000,-2000,-2000
053071,南電群益96購01  ,0,0,0,0,0,0,0,0,0,-2000,0,0,0,0,2000,-2000,-2000
050979,鴻海元富96購02  ,0,0,0,0,0,0,0,0,0,-2000,0,0,0,0,2000,-2000,-2000
051081,聯茂富邦96購01  ,0,0,0,0,0,0,0,0,0,-2000,0,0,0,0,2000,-2000,-2000
051074,矽力國票96購01  ,0,0,0,0,0,0,0,0,0,-2000,0,0,0,0,2000,-2000,-2000
051077,台郡國泰96購02  ,0,0,0,0,0,0,0,0,0,-2000,0,0,0,0,2000,-2000,-2000
051427,聯發科統一95購04,0,0,0,0,0,0,0,0,0,-2000,0,0,0,0,2000,-2000,-2000
051175,國巨凱基95購04  ,0,0,0,0,0,0,0,0,0,-2000,0,0,0,21000,23000,-2000,-2000
051749,矽力國泰97購01  ,0,0,0,0,0,0,0,0,0,-2000,0,0,0,0,2000,-2000,-2000
051845,世紀鋼富邦96購01,0,0,0,0,0,0,0,0,0,-2000,0,0,0,0,2000,-2000,-2000
051787,燿華國票96購02  ,0,0,0,0,0,0,0,0,0,-2000,0,0,0,0,2000,-2000,-2000
051486,玉晶光凱基97購03,0,0,0,0,0,0,0,0,0,-2000,0,0,0,67000,69000,-2000,-2000
051651,易華電永豐95購01,0,0,0,0,0,0,0,0,0,-2000,0,0,0,3000,5000,-2000,-2000
8114,振樺電          ,53000,47000,6000,0,0,0,0,6000,-6000,-2000,0,2000,-2000,0,0,0,-2000
6172,互億            ,1000,3000,-2000,0,0,0,0,0,0,0,0,0,0,0,0,0,-2000
5284,jpp-KY          ,3000,5000,-2000,0,0,0,0,0,0,0,0,0,0,0,0,0,-2000
6205,詮欣            ,2000,4000,-2000,0,0,0,0,0,0,0,0,0,0,0,0,0,-2000
6405,悅城            ,2000,4000,-2000,0,0,0,0,0,0,0,0,0,0,0,0,0,-2000
6671,三能-KY         ,2000,3000,-1000,0,0,0,0,0,0,-1000,0,1000,-1000,0,0,0,-2000
6464,台數科          ,0,2000,-2000,0,0,0,0,0,0,0,0,0,0,0,0,0,-2000
3669,圓展            ,6000,8000,-2000,0,0,0,0,0,0,0,0,0,0,0,0,0,-2000
3229,晟鈦            ,0,2000,-2000,0,0,0,0,0,0,0,0,0,0,0,0,0,-2000
4764,雙鍵            ,3000,5000,-2000,0,0,0,0,0,0,0,0,0,0,0,0,0,-2000
2739,寒舍            ,0,3000,-3000,0,0,0,0,0,0,1000,1000,0,1000,0,0,0,-2000
2414,精技            ,6000,8000,-2000,0,0,0,0,0,0,0,0,0,0,0,0,0,-2000
2450,神腦            ,8000,7000,1000,0,0,0,0,0,0,-3000,1000,4000,-3000,0,0,0,-2000
2482,連宇            ,1000,3000,-2000,0,0,0,0,0,0,0,0,0,0,0,0,0,-2000
2010,春源            ,13000,15000,-2000,0,0,0,0,0,0,0,0,0,0,0,0,0,-2000
1626,艾美特-KY       ,257000,260000,-3000,0,0,0,0,0,0,1000,1000,0,1000,0,0,0,-2000
1734,杏輝            ,0,2000,-2000,0,0,0,0,0,0,0,0,0,0,0,0,0,-2000
1725,元禎            ,0,2000,-2000,0,0,0,0,0,0,0,0,0,0,0,0,0,-2000
05931P,鴻海凱基96售15  ,0,0,0,0,0,0,0,0,0,-2000,0,0,0,0,2000,-2000,-2000
06118P,上証2X凱基98售03,0,0,0,0,0,0,0,0,0,-2000,0,0,0,20000,22000,-2000,-2000
06120P,大立光凱基98售05,0,0,0,0,0,0,0,0,0,-2000,0,0,0,0,2000,-2000,-2000
06147P,國巨元大97售05  ,0,0,0,0,0,0,0,0,0,-2000,0,0,0,2000,4000,-2000,-2000
06373P,聯發科元大97售22,0,0,0,0,0,0,0,0,0,-2000,0,0,0,10000,12000,-2000,-2000
06294P,臺股指國票97售08,0,0,0,0,0,0,0,0,0,-2000,0,0,0,45000,47000,-2000,-2000
06202P,大立光元大98售06,0,0,0,0,0,0,0,0,0,-2000,0,0,0,0,2000,-2000,-2000
1516,川飛            ,1000,3000,-2000,0,0,0,0,0,0,0,0,0,0,0,0,0,-2000
1472,三洋紡          ,2000,4000,-2000,0,0,0,0,0,0,0,1000,1000,0,0,0,0,-2000
1413,宏洲            ,1000,3000,-2000,0,0,0,0,0,0,0,0,0,0,0,0,0,-2000
1436,華友聯          ,7000,9000,-2000,0,0,0,0,0,0,0,0,0,0,0,0,0,-2000
00736,國泰新興市場    ,0,0,0,0,0,0,0,0,0,-2328,0,0,0,100000,102328,-2328,-2328
1721,三晃            ,24002,28000,-3998,0,0,0,0,0,0,1000,1000,0,1000,0,0,0,-2998
05391P,鴻海統一95售12  ,0,0,0,0,0,0,0,0,0,-3000,0,0,0,4000,7000,-3000,-3000
054017,茂林永豐96購02  ,0,0,0,0,0,0,0,0,0,-3000,0,0,0,0,3000,-3000,-3000
05401P,聯茂永豐95售03  ,0,0,0,0,0,0,0,0,0,-3000,0,0,0,0,3000,-3000,-3000
054011,旺宏永豐96購05  ,0,0,0,0,0,0,0,0,0,-3000,0,0,0,0,3000,-3000,-3000
054169,上緯控凱基98購01,0,0,0,0,0,0,0,0,0,-3000,0,0,0,0,3000,-3000,-3000
054251,聯發科元大96購21,0,0,0,0,0,0,0,0,0,-3000,0,0,0,0,3000,-3000,-3000
05439P,聯發科國票95售06,0,0,0,0,0,0,0,0,0,-3000,0,0,0,0,3000,-3000,-3000
054850,上海銀兆豐97購01,0,0,0,0,0,0,0,0,0,-3000,0,0,0,46000,49000,-3000,-3000
054823,祥碩元大97購02  ,0,0,0,0,0,0,0,0,0,-3000,0,0,0,11000,14000,-3000,-3000
054725,國巨日盛97購01  ,0,0,0,0,0,0,0,0,0,-3000,0,0,0,200000,203000,-3000,-3000
055441,緯穎國票98購01  ,0,0,0,0,0,0,0,0,0,-3000,0,0,0,0,3000,-3000,-3000
055378,晶相光元大97購02,0,0,0,0,0,0,0,0,0,-3000,0,0,0,20000,23000,-3000,-3000
055307,瑞昱群益97購02  ,0,0,0,0,0,0,0,0,0,-3000,0,0,0,2000,5000,-3000,-3000
055499,大立光元大98購05,0,0,0,0,0,0,0,0,0,-3000,0,0,0,3000,6000,-3000,-3000
055614,華新科國票97購02,0,0,0,0,0,0,0,0,0,-3000,0,0,0,0,3000,-3000,-3000
055058,大毅永豐97購01  ,0,0,0,0,0,0,0,0,0,-3000,0,0,0,20000,23000,-3000,-3000
055675,亞德客凱基97購02,0,0,0,0,0,0,0,0,0,-3000,0,0,0,0,3000,-3000,-3000
055665,亞德客群益97購01,0,0,0,0,0,0,0,0,0,-3000,0,0,0,0,3000,-3000,-3000
00658L,國泰日本正2     ,0,0,0,0,0,0,0,0,0,-3000,0,0,0,0,3000,-3000,-3000
03094X,大立光元大68展08,0,0,0,0,0,0,0,0,0,-3000,0,0,0,0,3000,-3000,-3000
036084,台灣50台新98購01,0,0,0,0,0,0,0,0,0,-3000,0,0,0,0,3000,-3000,-3000
03612C,臺股指元大95牛01,0,0,0,0,0,0,0,0,0,-3000,0,0,0,1000,4000,-3000,-3000
043282,美律元大92購02  ,0,0,0,0,0,0,0,0,0,-3000,0,0,0,0,3000,-3000,-3000
042953,鴻海台新01購01  ,0,0,0,0,0,0,0,0,0,-3000,0,0,0,1000,4000,-3000,-3000
046670,彩晶元大93購02  ,0,0,0,0,0,0,0,0,0,-3000,0,0,0,17000,20000,-3000,-3000
044935,玉晶光元大93購03,0,0,0,0,0,0,0,0,0,-3000,0,0,0,2000,5000,-3000,-3000
046490,臻鼎永昌92購01  ,0,0,0,0,0,0,0,0,0,-3000,0,0,0,0,3000,-3000,-3000
046448,亞德客凱基92購03,0,0,0,0,0,0,0,0,0,-3000,0,0,0,0,3000,-3000,-3000
045052,聯發科元富92購01,0,0,0,0,0,0,0,0,0,-3000,0,0,0,0,3000,-3000,-3000
045108,康友群益93購02  ,0,0,0,0,0,0,0,0,0,-3000,0,0,0,10000,13000,-3000,-3000
044667,滬深2X永昌93購01,0,0,0,0,0,0,0,0,0,-3000,0,0,0,0,3000,-3000,-3000
045295,台積電元大93購02,0,0,0,0,0,0,0,0,0,-3000,0,0,0,8000,11000,-3000,-3000
046242,大立光中信93購02,0,0,0,0,0,0,0,0,0,-3000,0,0,0,0,3000,-3000,-3000
049587,美律元大95購01  ,0,0,0,0,0,0,0,0,0,-3000,0,0,0,39000,42000,-3000,-3000
049500,聯茂元大94購04  ,0,0,0,0,0,0,0,0,0,-3000,0,0,0,7000,10000,-3000,-3000
049519,新光金國票95購03,0,0,0,0,0,0,0,0,0,-3000,0,0,0,0,3000,-3000,-3000
049475,高鐵永豐94購01  ,0,0,0,0,0,0,0,0,0,-3000,0,0,0,0,3000,-3000,-3000
046319,新日興元大92購03,0,0,0,0,0,0,0,0,0,-3000,0,0,0,0,3000,-3000,-3000
045630,技嘉凱基93購02  ,0,0,0,0,0,0,0,0,0,-3000,0,0,0,45000,48000,-3000,-3000
049051,滬深2X永豐94購05,0,0,0,0,0,0,0,0,0,-3000,0,0,0,0,3000,-3000,-3000
048387,台達電國票94購01,0,0,0,0,0,0,0,0,0,-3000,0,0,0,0,3000,-3000,-3000
048250,矽創兆豐93購02  ,0,0,0,0,0,0,0,0,0,-3000,0,0,0,0,3000,-3000,-3000
05031P,台光電元富95售01,0,0,0,0,0,0,0,0,0,-3000,0,0,0,0,3000,-3000,-3000
049284,瑞昱中信94購02  ,0,0,0,0,0,0,0,0,0,-3000,0,0,0,0,3000,-3000,-3000
050219,台積電元富95購03,0,0,0,0,0,0,0,0,0,-3000,0,0,0,88000,91000,-3000,-3000
050436,大立光凱基94購18,0,0,0,0,0,0,0,0,0,-3000,0,0,0,4000,7000,-3000,-3000
050518,台積電元大94購28,0,0,0,0,0,0,0,0,0,-3000,0,0,0,210000,213000,-3000,-3000
050017,百和富邦94購01  ,0,0,0,0,0,0,0,0,0,-3000,0,0,0,0,3000,-3000,-3000
049994,聯茂台新94購02  ,0,0,0,0,0,0,0,0,0,-3000,0,0,0,0,3000,-3000,-3000
047671,T50反1統一93購04,0,0,0,0,0,0,0,0,0,-3000,0,0,0,24000,27000,-3000,-3000
047615,為升凱基93購05  ,0,0,0,0,0,0,0,0,0,-3000,0,0,0,0,3000,-3000,-3000
047997,南亞科元大93購03,0,0,0,0,0,0,0,0,0,-3000,0,0,0,5000,8000,-3000,-3000
048697,華新科國票94購06,0,0,0,0,0,0,0,0,0,-3000,0,0,0,0,3000,-3000,-3000
049909,國巨元大95購01  ,0,0,0,0,0,0,0,0,0,-3000,0,0,0,13000,16000,-3000,-3000
049888,智邦國泰96購01  ,0,0,0,0,0,0,0,0,0,-3000,0,0,0,23000,26000,-3000,-3000
047886,京元電富邦95購01,0,0,0,0,0,0,0,0,0,-3000,0,0,0,130000,133000,-3000,-3000
048613,智原凱基93購03  ,0,0,0,0,0,0,0,0,0,-3000,0,0,0,0,3000,-3000,-3000
047860,臺股指國票93購15,0,0,0,0,0,0,0,0,0,-3000,0,0,0,0,3000,-3000,-3000
046983,南茂兆豐94購01  ,0,0,0,0,0,0,0,0,0,-3000,0,0,0,0,3000,-3000,-3000
051634,大立光國票96購03,0,0,0,0,0,0,0,0,0,-3000,0,0,0,10000,13000,-3000,-3000
051625,聯發科麥證95購01,0,0,0,7000,10000,-3000,0,0,0,-3000,0,0,0,7000,10000,-3000,-3000
05192P,玉晶光台新96售02,0,0,0,0,0,0,0,0,0,-3000,0,0,0,0,3000,-3000,-3000
052034,臺股指群益95購07,0,0,0,0,0,0,0,0,0,-3000,0,0,0,2000,5000,-3000,-3000
051982,深中小元大95購01,0,0,0,0,0,0,0,0,0,-3000,0,0,0,0,3000,-3000,-3000
052201,超眾統一96購01  ,0,0,0,0,0,0,0,0,0,-3000,0,0,0,0,3000,-3000,-3000
051309,卜蜂麥證95購01  ,0,0,0,0,3000,-3000,0,0,0,-3000,0,0,0,0,3000,-3000,-3000
050823,信邦凱基95購01  ,0,0,0,0,0,0,0,0,0,-3000,0,0,0,17000,20000,-3000,-3000
053008,達方永豐96購01  ,0,0,0,0,0,0,0,0,0,-3000,0,0,0,10000,13000,-3000,-3000
053558,訊芯凱基96購02  ,0,0,0,0,0,0,0,0,0,-3000,0,0,0,7000,10000,-3000,-3000
052811,玉晶光台新96購03,0,0,0,0,0,0,0,0,0,-3000,0,0,0,0,3000,-3000,-3000
052771,GIS群益96購01   ,0,0,0,0,0,0,0,0,0,-3000,0,0,0,8000,11000,-3000,-3000
052846,智邦統一97購01  ,0,0,0,0,0,0,0,0,0,-3000,0,0,0,105000,108000,-3000,-3000
052619,茂林國泰99購01  ,0,0,0,0,0,0,0,0,0,-3000,0,0,0,0,3000,-3000,-3000
052565,上銀凱基96購01  ,0,0,0,0,0,0,0,0,0,-3000,0,0,0,22000,25000,-3000,-3000
1805,寶徠            ,2000,5000,-3000,0,0,0,0,0,0,0,0,0,0,0,0,0,-3000
1713,國化            ,1000,4000,-3000,0,0,0,0,0,0,0,0,0,0,0,0,0,-3000
1616,億泰            ,6000,10000,-4000,0,0,0,0,0,0,1000,1000,0,1000,0,0,0,-3000
2009,第一銅          ,5000,6000,-1000,0,0,0,0,0,0,-2000,0,2000,-2000,0,0,0,-3000
2528,皇普            ,9000,21000,-12000,0,0,0,0,0,0,9000,23000,14000,9000,0,0,0,-3000
2436,偉詮電          ,232000,235000,-3000,0,0,0,0,0,0,0,0,0,0,0,0,0,-3000
2613,中櫃            ,4000,8000,-4000,0,0,0,0,0,0,1000,1000,0,1000,0,0,0,-3000
3004,豐達科          ,45000,65000,-20000,0,0,0,18000,0,18000,-1000,0,1000,-1000,0,0,0,-3000
4720,德淵            ,0,4000,-4000,0,0,0,0,0,0,1000,1000,0,1000,0,0,0,-3000
4141,龍燈-KY         ,27000,30000,-3000,0,0,0,0,0,0,0,0,0,0,0,0,0,-3000
1438,裕豐            ,0,3000,-3000,0,0,0,0,0,0,0,0,0,0,0,0,0,-3000
1410,南染            ,4000,7000,-3000,0,0,0,0,0,0,0,0,0,0,0,0,0,-3000
1236,宏亞            ,0,3000,-3000,0,0,0,0,0,0,0,0,0,0,0,0,0,-3000
06407P,創意元富97售02  ,0,0,0,0,0,0,0,0,0,-3000,0,0,0,0,3000,-3000,-3000
06088P,建準永豐97售01  ,0,0,0,0,0,0,0,0,0,-3000,0,0,0,0,3000,-3000,-3000
06017P,亞光凱基96售04  ,0,0,0,0,0,0,0,0,0,-3000,0,0,0,0,3000,-3000,-3000
6655,科定            ,1000,4000,-3000,0,0,0,0,0,0,0,0,0,0,0,0,0,-3000
911868,同方友友-DR     ,0,3000,-3000,0,0,0,0,0,0,0,0,0,0,0,0,0,-3000
9919,康那香          ,0,3000,-3000,0,0,0,0,0,0,0,0,0,0,0,0,0,-3000
2443,億麗            ,11002,16000,-4998,0,0,0,0,0,0,1000,1000,0,1000,0,0,0,-3998
056167,力成台新97購01  ,0,0,0,0,0,0,0,0,0,-4000,0,0,0,0,4000,-4000,-4000
056194,聯發科富邦9B購01,0,0,0,0,0,0,0,0,0,-4000,0,0,0,0,4000,-4000,-4000
054939,台積電元大97購15,0,0,0,0,0,0,0,0,0,-4000,0,0,0,81000,85000,-4000,-4000
055179,大立光統一97購04,0,0,0,0,0,0,0,0,0,-4000,0,0,0,0,4000,-4000,-4000
055506,台郡元大99購02  ,0,0,0,0,0,0,0,0,0,-4000,0,0,0,61000,65000,-4000,-4000
055492,華新科元大97購08,0,0,0,0,0,0,0,0,0,-4000,0,0,0,0,4000,-4000,-4000
054831,緯穎國泰98購01  ,0,0,0,0,0,0,0,0,0,-4000,0,0,0,0,4000,-4000,-4000
054248,燿華元大97購02  ,0,0,0,0,0,0,0,0,0,-4000,0,0,0,16000,20000,-4000,-4000
054260,貿聯元大96購03  ,0,0,0,0,0,0,0,0,0,-4000,0,0,0,0,4000,-4000,-4000
054270,寶滬深中信98購01,0,0,0,0,0,0,0,0,0,-4000,0,0,0,0,4000,-4000,-4000
054053,聯茂元大96購01  ,0,0,0,0,0,0,0,0,0,-4000,0,0,0,11000,15000,-4000,-4000
053905,華新科凱基96購10,0,0,0,0,0,0,0,0,0,-4000,0,0,0,0,4000,-4000,-4000
053755,亞光元富96購01  ,0,0,0,0,0,0,0,0,0,-4000,0,0,0,0,4000,-4000,-4000
045669,華通元大93購02  ,0,0,0,0,0,0,0,0,0,-4000,0,0,0,8000,12000,-4000,-4000
045410,華邦電群益94購01,0,0,0,0,0,0,0,0,0,-4000,0,0,0,0,4000,-4000,-4000
045333,A50正2日盛92購01,0,0,0,0,0,0,0,0,0,-4000,0,0,0,0,4000,-4000,-4000
045363,台達電兆豐92購01,0,0,0,0,0,0,0,0,0,-4000,0,0,0,25000,29000,-4000,-4000
046387,臻鼎凱基92購04  ,0,0,0,0,0,0,0,0,0,-4000,0,0,0,0,4000,-4000,-4000
049544,台積電群益94購08,0,0,0,0,0,0,0,0,0,-4000,0,0,0,31000,35000,-4000,-4000
045567,滬深2X富邦93購01,0,0,0,0,0,0,0,0,0,-4000,0,0,0,0,4000,-4000,-4000
044463,全新兆豐93購01  ,0,0,0,0,0,0,0,0,0,-4000,0,0,0,130000,134000,-4000,-4000
044569,華邦電凱基92購01,0,0,0,0,0,0,0,0,0,-4000,0,0,0,1000,5000,-4000,-4000
046854,可成元大93購04  ,0,0,0,0,0,0,0,0,0,-4000,0,0,0,6000,10000,-4000,-4000
044988,玉晶光統一95購01,0,0,0,0,0,0,0,0,0,-4000,0,0,0,6000,10000,-4000,-4000
042237,鴻海永昌93購01  ,0,0,0,0,0,0,0,0,0,-4000,0,0,0,0,4000,-4000,-4000
04138P,智邦國票93售02  ,0,0,0,0,0,0,0,0,0,-4000,0,0,0,30000,34000,-4000,-4000
03425B,臺股指元大9A熊01,0,0,0,0,0,0,0,0,0,-4000,0,0,0,39000,43000,-4000,-4000
03538P,景碩元富08售02  ,0,0,0,0,0,0,0,0,0,-4000,0,0,0,1000,5000,-4000,-4000
03111P,元油2X富邦97售01,0,0,0,0,0,0,0,0,0,-4000,0,0,0,0,4000,-4000,-4000
03014X,元展14          ,0,0,0,0,0,0,0,0,0,-4000,0,0,0,0,4000,-4000,-4000
00660,元大歐洲50      ,0,0,0,0,0,0,0,0,0,-4000,0,0,0,40000,44000,-4000,-4000
00689R,國泰20年美債反1 ,0,0,0,0,0,0,0,0,0,-4000,0,0,0,102000,106000,-4000,-4000
0057,富邦摩台        ,0,0,0,0,0,0,0,0,0,-4000,0,0,0,22000,26000,-4000,-4000
00762,元大全球AI      ,0,17000,-17000,0,0,0,0,0,0,13000,0,0,0,121000,108000,13000,-4000
046981,智伸科兆豐94購01,0,0,0,0,0,0,0,0,0,-4000,0,0,0,0,4000,-4000,-4000
047847,鴻海統一93購07  ,0,0,0,0,0,0,0,0,0,-4000,0,0,0,0,4000,-4000,-4000
04965P,日月光元大94售02,0,0,0,0,0,0,0,0,0,-4000,0,0,0,5000,9000,-4000,-4000
046937,聯電元大99購01  ,0,0,0,0,0,0,0,0,0,-4000,0,0,0,50000,54000,-4000,-4000
047032,台虹元大93購01  ,0,0,0,0,0,0,0,0,0,-4000,0,0,0,26000,30000,-4000,-4000
05009P,大立光元富95售06,0,0,0,0,0,0,0,0,0,-4000,0,0,0,0,4000,-4000,-4000
048675,台達電國泰94購02,0,0,0,0,0,0,0,0,0,-4000,0,0,0,0,4000,-4000,-4000
048042,廣越康和93購02  ,0,0,0,0,0,0,0,0,0,-4000,0,0,0,6000,10000,-4000,-4000
048064,可成統一93購02  ,0,0,0,0,0,0,0,0,0,-4000,0,0,0,16000,20000,-4000,-4000
048729,鴻海麥證94購01  ,0,0,0,0,4000,-4000,0,0,0,-4000,0,0,0,0,4000,-4000,-4000
048799,台積電富邦94購03,0,0,0,0,0,0,0,0,0,-4000,0,0,0,0,4000,-4000,-4000
048231,台表科凱基93購06,0,0,0,0,0,0,0,0,0,-4000,0,0,0,1000,5000,-4000,-4000
047797,臺股指群益93購08,0,0,0,0,0,0,0,0,0,-4000,0,0,0,0,4000,-4000,-4000
047521,台積電元大94購03,0,0,0,0,0,0,0,0,0,-4000,0,0,0,27000,31000,-4000,-4000
050442,復盛凱基94購01  ,0,0,0,0,0,0,0,0,0,-4000,0,0,0,6000,10000,-4000,-4000
050407,聯詠台新94購02  ,0,0,0,0,0,0,0,0,0,-4000,0,0,0,0,4000,-4000,-4000
050618,緯創元大95購01  ,0,0,0,0,0,0,0,0,0,-4000,0,0,0,35000,39000,-4000,-4000
049257,南亞科元大94購03,0,0,0,0,0,0,0,0,0,-4000,0,0,0,3000,7000,-4000,-4000
047372,創意國票94購01  ,0,0,0,0,0,0,0,0,0,-4000,0,0,0,16000,20000,-4000,-4000
047408,嘉晶統一95購01  ,0,0,0,0,0,0,0,0,0,-4000,0,0,0,0,4000,-4000,-4000
04841P,群創元大94售04  ,0,0,0,0,0,0,0,0,0,-4000,0,0,0,0,4000,-4000,-4000
048870,義隆國票96購01  ,0,0,0,0,0,0,0,0,0,-4000,0,0,0,6000,10000,-4000,-4000
052426,國巨台新96購01  ,0,0,0,0,0,0,0,0,0,-4000,0,0,0,10000,14000,-4000,-4000
052237,嘉澤國票96購02  ,0,0,0,0,0,0,0,0,0,-4000,0,0,0,0,4000,-4000,-4000
052375,奇力新元大96購02,0,0,0,0,0,0,0,0,0,-4000,0,0,0,16000,20000,-4000,-4000
052341,泰鼎凱基96購02  ,0,0,0,0,0,0,0,0,0,-4000,0,0,0,24000,28000,-4000,-4000
053411,深中小國票9B購01,0,0,0,0,0,0,0,0,0,-4000,0,0,0,1000,5000,-4000,-4000
053121,上証2X凱基9C購01,0,0,0,0,0,0,0,0,0,-4000,0,0,0,28000,32000,-4000,-4000
053266,全新群益98購01  ,0,0,0,0,0,0,0,0,0,-4000,0,0,0,0,4000,-4000,-4000
053259,卜蜂群益97購01  ,0,0,0,0,0,0,0,0,0,-4000,0,0,0,0,4000,-4000,-4000
050730,復盛國票94購01  ,0,0,0,0,0,0,0,0,0,-4000,0,0,0,3000,7000,-4000,-4000
050958,日月光台新95購01,0,0,0,0,0,0,0,0,0,-4000,0,0,0,15000,19000,-4000,-4000
051437,百和元富95購02  ,0,0,0,0,0,0,0,0,0,-4000,0,0,0,0,4000,-4000,-4000
051737,瑞昱國票96購01  ,0,0,0,0,0,0,0,0,0,-4000,0,0,0,0,4000,-4000,-4000
2468,華經            ,8000,12000,-4000,0,0,0,0,0,0,0,0,0,0,0,0,0,-4000
2540,愛山林          ,3000,7000,-4000,0,0,0,0,0,0,0,0,0,0,0,0,0,-4000
2365,昆盈            ,52000,55000,-3000,0,0,0,0,0,0,-1000,0,1000,-1000,0,0,0,-4000
2115,六暉-KY         ,1000,5000,-4000,0,0,0,0,0,0,0,0,0,0,0,0,0,-4000
4807,日成-KY         ,2000,6000,-4000,0,0,0,0,0,0,0,0,0,0,0,0,0,-4000
3432,台端            ,1000,5000,-4000,0,0,0,0,0,0,0,0,0,0,0,0,0,-4000
2911,麗嬰房          ,8000,10000,-2000,0,0,0,0,0,0,-2000,0,2000,-2000,0,0,0,-4000
06057P,大立光凱基98售01,0,0,0,0,0,0,0,0,0,-4000,0,0,0,0,4000,-4000,-4000
05996P,華新科群益96售03,0,0,0,0,0,0,0,0,0,-4000,0,0,0,7000,11000,-4000,-4000
1467,南緯            ,0,4000,-4000,0,0,0,0,0,0,0,0,0,0,0,0,0,-4000
1524,耿鼎            ,14000,13000,1000,0,0,0,0,0,0,-5000,0,5000,-5000,0,0,0,-4000
5706,鳳凰            ,19000,23000,-4000,0,0,0,0,0,0,0,0,0,0,0,0,0,-4000
6136,富爾特          ,4000,8000,-4000,0,0,0,0,0,0,0,0,0,0,0,0,0,-4000
1708,東鹼            ,11001,17000,-5999,0,0,0,0,0,0,1000,1000,0,1000,0,0,0,-4999
053779,台光電元大96購02,0,0,0,0,0,0,0,0,0,-5000,0,0,0,0,5000,-5000,-5000
053829,力成麥證96購01  ,0,0,0,5000,10000,-5000,0,0,0,-5000,0,0,0,5000,10000,-5000,-5000
053646,臺股指國票96購09,0,0,0,0,0,0,0,0,0,-5000,0,0,0,0,5000,-5000,-5000
053687,智邦元大96購02  ,0,0,0,0,0,0,0,0,0,-5000,0,0,0,15000,20000,-5000,-5000
053689,台光電元大96購01,0,0,0,0,0,0,0,0,0,-5000,0,0,0,0,5000,-5000,-5000
053975,大立光元大98購04,0,0,0,0,0,0,0,0,0,-5000,0,0,0,0,5000,-5000,-5000
053985,矽創元大96購02  ,0,0,0,0,0,0,0,0,0,-5000,0,0,0,0,5000,-5000,-5000
054024,中鋼康和96購01  ,0,0,0,0,0,0,0,0,0,-5000,0,0,0,0,5000,-5000,-5000
054253,宏達電元大97購03,0,0,0,0,0,0,0,0,0,-5000,0,0,0,0,5000,-5000,-5000
054401,康普永豐96購01  ,0,0,0,0,0,0,0,0,0,-5000,0,0,0,0,5000,-5000,-5000
054378,楠梓電群益98購01,0,0,0,0,0,0,0,0,0,-5000,0,0,0,0,5000,-5000,-5000
054554,大立光凱基98購02,0,0,0,0,0,0,0,0,0,-5000,0,0,0,0,5000,-5000,-5000
054450,聯茂第一96購01  ,0,0,0,0,0,0,0,0,0,-5000,0,0,0,6000,11000,-5000,-5000
054468,台郡凱基98購01  ,0,0,0,0,0,0,0,0,0,-5000,0,0,0,5000,10000,-5000,-5000
054765,亞光國票98購02  ,0,0,0,0,0,0,0,0,0,-5000,0,0,0,12000,17000,-5000,-5000
054775,復盛國票98購01  ,0,0,0,0,0,0,0,0,0,-5000,0,0,0,0,5000,-5000,-5000
054857,信錦群益97購01  ,0,0,0,0,0,0,0,0,0,-5000,0,0,0,15000,20000,-5000,-5000
054768,泰碩國票99購02  ,0,0,0,0,0,0,0,0,0,-5000,0,0,0,0,5000,-5000,-5000
054672,華新科國泰99購01,0,0,0,0,0,0,0,0,0,-5000,0,0,0,0,5000,-5000,-5000
055551,致茂凱基98購01  ,0,0,0,0,0,0,0,0,0,-5000,0,0,0,2000,7000,-5000,-5000
055542,亞德客凱基97購01,0,0,0,0,0,0,0,0,0,-5000,0,0,0,0,5000,-5000,-5000
055355,大立光凱基97購05,0,0,0,0,0,0,0,0,0,-5000,0,0,0,4000,9000,-5000,-5000
055396,瑞儀統一97購01  ,0,0,0,0,0,0,0,0,0,-5000,0,0,0,0,5000,-5000,-5000
055426,旺宏群益99購02  ,0,0,0,0,0,0,0,0,0,-5000,0,0,0,0,5000,-5000,-5000
055019,福懋科元富97購01,0,0,0,0,0,0,0,0,0,-5000,0,0,0,7000,12000,-5000,-5000
055014,達興元富97購01  ,0,0,0,0,0,0,0,0,0,-5000,0,0,0,5000,10000,-5000,-5000
056164,聯茂凱基98購03  ,0,0,0,0,0,0,0,0,0,-5000,0,0,0,0,5000,-5000,-5000
056147,鴻海日盛97購05  ,0,0,0,0,0,0,0,0,0,-5000,0,0,0,0,5000,-5000,-5000
056137,聯鈞元大9A購01  ,0,0,0,0,0,0,0,0,0,-5000,0,0,0,0,5000,-5000,-5000
056100,楠梓電永豐97購02,0,0,0,0,0,0,0,0,0,-5000,0,0,0,0,5000,-5000,-5000
056064,大立光元大97購14,0,0,0,0,0,0,0,0,0,-5000,0,0,0,3000,8000,-5000,-5000
05741P,聯發科元大96售14,0,0,0,0,0,0,0,0,0,-5000,0,0,0,161000,166000,-5000,-5000
05813P,臺股指國票96售06,0,0,0,0,0,0,0,0,0,-5000,0,0,0,0,5000,-5000,-5000
055641,鴻海元富97購04  ,0,0,0,0,0,0,0,0,0,-5000,0,0,0,0,5000,-5000,-5000
055654,景碩元富97購01  ,0,0,0,0,0,0,0,0,0,-5000,0,0,0,0,5000,-5000,-5000
055655,群創元富99購07  ,0,0,0,0,0,0,0,0,0,-5000,0,0,0,0,5000,-5000,-5000
055657,超眾元富97購02  ,0,0,0,0,0,0,0,0,0,-5000,0,0,0,0,5000,-5000,-5000
055793,臺股指凱基97購16,0,0,0,0,0,0,0,0,0,-5000,0,0,0,0,5000,-5000,-5000
056017,台積電群益97購04,0,0,0,0,0,0,0,0,0,-5000,0,0,0,33000,38000,-5000,-5000
056048,同欣電兆豐97購01,0,0,0,0,0,0,0,0,0,-5000,0,0,0,20000,25000,-5000,-5000
056061,國泰金元大97購02,0,0,0,0,0,0,0,0,0,-5000,0,0,0,0,5000,-5000,-5000
05587P,鴻海凱基96售12  ,0,0,0,0,0,0,0,0,0,-5000,0,0,0,7000,12000,-5000,-5000
055884,臺股指元富97購01,0,0,0,0,0,0,0,0,0,-5000,0,0,0,0,5000,-5000,-5000
055929,聯發科群益97購05,0,0,0,0,0,0,0,0,0,-5000,0,0,0,0,5000,-5000,-5000
00661,元大日經225     ,0,0,0,0,0,0,0,0,0,-5000,0,0,0,1000,6000,-5000,-5000
03038X,元展35          ,0,0,0,0,0,0,0,0,0,-5000,0,0,0,0,5000,-5000,-5000
03639C,元油2X元大9B牛01,0,0,0,0,0,0,0,0,0,-5000,0,0,0,0,5000,-5000,-5000
04268P,南電元富93售03  ,0,0,0,0,0,0,0,0,0,-5000,0,0,0,30000,35000,-5000,-5000
042919,GIS元大93購01   ,0,0,0,0,0,0,0,0,0,-5000,0,0,0,0,5000,-5000,-5000
04315P,台光電國票93售04,0,0,0,0,0,0,0,0,0,-5000,0,0,0,0,5000,-5000,-5000
041206,樺漢統一92購01  ,0,0,0,0,0,0,0,0,0,-5000,0,0,0,0,5000,-5000,-5000
041453,國巨元富93購03  ,0,0,0,0,0,0,0,0,0,-5000,0,0,0,0,5000,-5000,-5000
042326,元油2X國票94購01,0,0,0,0,0,0,0,0,0,-5000,0,0,0,0,5000,-5000,-5000
03950P,聯發科中信93售03,0,0,0,0,0,0,0,0,0,-5000,0,0,0,25000,30000,-5000,-5000
045931,緯穎永豐93購01  ,0,0,0,0,0,0,0,0,0,-5000,0,0,0,0,5000,-5000,-5000
046681,漢唐群益93購01  ,0,0,0,0,0,0,0,0,0,-5000,0,0,0,10000,15000,-5000,-5000
044737,奇鋐國泰93購02  ,0,0,0,0,0,0,0,0,0,-5000,0,0,0,0,5000,-5000,-5000
043750,美律元大93購01  ,0,0,0,0,0,0,0,0,0,-5000,0,0,0,0,5000,-5000,-5000
043891,羅麗芬元大94購01,0,0,0,0,0,0,0,0,0,-5000,0,0,0,0,5000,-5000,-5000
044884,嘉澤群益93購01  ,0,0,0,0,0,0,0,0,0,-5000,0,0,0,15000,20000,-5000,-5000
044167,大立光元大93購03,0,0,0,0,0,0,0,0,0,-5000,0,0,0,0,5000,-5000,-5000
044175,亞光統一92購01  ,0,0,0,0,0,0,0,0,0,-5000,0,0,0,0,5000,-5000,-5000
044188,超眾國泰93購01  ,0,0,0,0,0,0,0,0,0,-5000,0,0,0,0,5000,-5000,-5000
045027,漢唐國票92購02  ,0,0,0,0,0,0,0,0,0,-5000,0,0,0,15000,20000,-5000,-5000
046105,同欣電永豐92購02,0,0,0,0,0,0,0,0,0,-5000,0,0,0,0,5000,-5000,-5000
044688,傳奇凱基93購01  ,0,0,0,0,0,0,0,0,0,-5000,0,0,0,0,5000,-5000,-5000
04432P,昇陽半元大94售04,0,0,0,0,0,0,0,0,0,-5000,0,0,0,10000,15000,-5000,-5000
045288,元油2X元大95購02,0,0,0,0,0,0,0,0,0,-5000,0,0,0,0,5000,-5000,-5000
045216,鴻海元大93購02  ,0,0,0,0,0,0,0,0,0,-5000,0,0,0,90000,95000,-5000,-5000
049588,聯發科元大94購06,0,0,0,0,0,0,0,0,0,-5000,0,0,0,0,5000,-5000,-5000
049602,南電元大95購01  ,0,0,0,0,0,0,0,0,0,-5000,0,0,0,0,5000,-5000,-5000
049304,元油2X凱基95購05,0,0,0,0,0,0,0,0,0,-5000,0,0,0,0,5000,-5000,-5000
046375,友達凱基98購01  ,0,0,0,0,0,0,0,0,0,-5000,0,0,0,2000,7000,-5000,-5000
045332,康友群益92購01  ,0,0,0,0,0,0,0,0,0,-5000,0,0,0,0,5000,-5000,-5000
045767,大立光元富95購01,0,0,0,0,0,0,0,0,0,-5000,0,0,0,0,5000,-5000,-5000
045774,義隆元大92購02  ,0,0,0,0,0,0,0,0,0,-5000,0,0,0,0,5000,-5000,-5000
045836,群創群益98購01  ,0,0,0,0,0,0,0,0,0,-5000,0,0,0,0,5000,-5000,-5000
045893,貿聯元大92購04  ,0,0,0,0,0,0,0,0,0,-5000,0,0,0,0,5000,-5000,-5000
048871,晶豪科國票94購01,0,0,0,0,0,0,0,0,0,-5000,0,0,0,8000,13000,-5000,-5000
049110,臻鼎富邦94購01  ,0,0,0,0,0,0,0,0,0,-5000,0,0,0,0,5000,-5000,-5000
049066,元石油凱基97購01,0,0,0,0,0,0,0,0,0,-5000,0,0,0,5000,10000,-5000,-5000
049054,禾伸堂永豐94購01,0,0,0,0,0,0,0,0,0,-5000,0,0,0,5000,10000,-5000,-5000
049073,光罩凱基94購01  ,0,0,0,0,0,0,0,0,0,-5000,0,0,0,10000,15000,-5000,-5000
049151,大立光元大94購07,0,0,0,0,0,0,0,0,0,-5000,0,0,0,6000,11000,-5000,-5000
049194,卜蜂永豐94購01  ,0,0,0,0,0,0,0,0,0,-5000,0,0,0,0,5000,-5000,-5000
049732,國巨群益94購05  ,0,0,0,0,0,0,0,0,0,-5000,0,0,0,0,5000,-5000,-5000
049235,元油2X元富96購05,0,0,0,0,0,0,0,0,0,-5000,0,0,0,0,5000,-5000,-5000
047307,儒鴻元大93購04  ,0,0,0,0,0,0,0,0,0,-5000,0,0,0,0,5000,-5000,-5000
048073,南電元富93購02  ,0,0,0,0,0,0,0,0,0,-5000,0,0,0,0,5000,-5000,-5000
048332,台積電富邦94購02,0,0,0,0,0,0,0,0,0,-5000,0,0,0,0,5000,-5000,-5000
048505,滬深2X群益99購03,0,0,0,0,0,0,0,0,0,-5000,0,0,0,0,5000,-5000,-5000
048195,聯發科元大93購23,0,0,0,0,0,0,0,0,0,-5000,0,0,0,0,5000,-5000,-5000
049256,瑞昱元大94購04  ,0,0,0,0,0,0,0,0,0,-5000,0,0,0,0,5000,-5000,-5000
047340,金融類元大93購02,0,0,0,0,0,0,0,0,0,-5000,0,0,0,0,5000,-5000,-5000
047343,台達電中信95購01,0,0,0,0,0,0,0,0,0,-5000,0,0,0,0,5000,-5000,-5000
049277,臺股指元大94購12,0,0,0,0,0,0,0,0,0,-5000,0,0,0,0,5000,-5000,-5000
049288,聯茂兆豐95購02  ,0,0,0,0,0,0,0,0,0,-5000,0,0,0,0,5000,-5000,-5000
049380,欣興元大94購04  ,0,0,0,0,0,0,0,0,0,-5000,0,0,0,0,5000,-5000,-5000
050251,樺漢凱基94購02  ,0,0,0,0,0,0,0,0,0,-5000,0,0,0,5000,10000,-5000,-5000
050272,訊芯元大94購03  ,0,0,0,0,0,0,0,0,0,-5000,0,0,0,3000,8000,-5000,-5000
050522,聯發科元大95購03,0,0,0,0,0,0,0,0,0,-5000,0,0,0,29000,34000,-5000,-5000
047518,儒鴻元大93購07  ,0,0,0,0,0,0,0,0,0,-5000,0,0,0,0,5000,-5000,-5000
047208,智易國泰94購01  ,0,0,0,0,0,0,0,0,0,-5000,0,0,0,0,5000,-5000,-5000
047598,深中小統一94購01,0,0,0,0,0,0,0,0,0,-5000,0,0,0,20000,25000,-5000,-5000
047579,大立光群益94購02,0,0,0,0,0,0,0,0,0,-5000,0,0,0,0,5000,-5000,-5000
050082,聯發科統一94購08,0,0,0,0,0,0,0,0,0,-5000,0,0,0,0,5000,-5000,-5000
050033,日月光元大94購01,0,0,0,0,0,0,0,0,0,-5000,0,0,0,19000,24000,-5000,-5000
050039,鴻海中信94購03  ,0,0,0,0,0,0,0,0,0,-5000,0,0,0,0,5000,-5000,-5000
047114,全新元大94購01  ,0,0,0,0,0,0,0,0,0,-5000,0,0,0,0,5000,-5000,-5000
050202,建準群益95購01  ,0,0,0,0,0,0,0,0,0,-5000,0,0,0,0,5000,-5000,-5000
047758,康舒元富93購01  ,0,0,0,0,0,0,0,0,0,-5000,0,0,0,0,5000,-5000,-5000
047768,大立光元大95購01,0,0,0,0,0,0,0,0,0,-5000,0,0,0,0,5000,-5000,-5000
047704,智邦凱基93購06  ,0,0,0,0,0,0,0,0,0,-5000,0,0,0,15000,20000,-5000,-5000
048793,超眾元大95購02  ,0,0,0,0,0,0,0,0,0,-5000,0,0,0,0,5000,-5000,-5000
048748,國巨元富96購01  ,0,0,0,0,0,0,0,0,0,-5000,0,0,0,0,5000,-5000,-5000
048759,巨大元富96購01  ,0,0,0,0,0,0,0,0,0,-5000,0,0,0,0,5000,-5000,-5000
048700,和鑫國票95購01  ,0,0,0,0,0,0,0,0,0,-5000,0,0,0,0,5000,-5000,-5000
047109,華邦電元大94購01,0,0,0,0,0,0,0,0,0,-5000,0,0,0,0,5000,-5000,-5000
050091,喬山永豐94購02  ,0,0,0,0,0,0,0,0,0,-5000,0,0,0,0,5000,-5000,-5000
049941,臺股指元大94購24,0,0,0,0,0,0,0,0,0,-5000,0,0,0,5000,10000,-5000,-5000
048972,晶豪科元大94購01,0,0,0,0,0,0,0,0,0,-5000,0,0,0,0,5000,-5000,-5000
049005,可成中信95購01  ,0,0,0,0,0,0,0,0,0,-5000,0,0,0,0,5000,-5000,-5000
047846,滬深2X統一93購04,0,0,0,0,0,0,0,0,0,-5000,0,0,0,0,5000,-5000,-5000
051736,旺宏國票96購01  ,0,0,0,0,0,0,0,0,0,-5000,0,0,0,0,5000,-5000,-5000
051462,世芯國泰97購01  ,0,0,0,0,0,0,0,0,0,-5000,0,0,0,3000,8000,-5000,-5000
051523,牧德凱基95購02  ,0,0,0,0,0,0,0,0,0,-5000,0,0,0,3000,8000,-5000,-5000
051633,可成國票96購03  ,0,0,0,0,0,0,0,0,0,-5000,0,0,0,10000,15000,-5000,-5000
052153,GIS富邦96購02   ,0,0,0,0,0,0,0,0,0,-5000,0,0,0,5000,10000,-5000,-5000
051931,美律國票96購02  ,0,0,0,0,0,0,0,0,0,-5000,0,0,0,0,5000,-5000,-5000
050995,貿聯元大95購02  ,0,0,0,0,0,0,0,0,0,-5000,0,0,0,0,5000,-5000,-5000
051079,鴻海富邦96購02  ,0,0,0,0,0,0,0,0,0,-5000,0,0,0,0,5000,-5000,-5000
05108P,欣興中信95售02  ,0,0,0,0,0,0,0,0,0,-5000,0,0,0,0,5000,-5000,-5000
05075P,台積電麥證95售01,0,0,0,0,5000,-5000,0,0,0,-5000,0,0,0,0,5000,-5000,-5000
050850,訊連國票96購01  ,0,0,0,0,0,0,0,0,0,-5000,0,0,0,0,5000,-5000,-5000
050903,臺股指元大95購10,0,0,0,0,0,0,0,0,0,-5000,0,0,0,0,5000,-5000,-5000
050907,臺股指元大95購14,0,0,0,0,0,0,0,0,0,-5000,0,0,0,0,5000,-5000,-5000
050881,大立光元富95購04,0,0,0,0,0,0,0,0,0,-5000,0,0,0,0,5000,-5000,-5000
051165,可成元大95購01  ,0,0,0,0,0,0,0,0,0,-5000,0,0,0,0,5000,-5000,-5000
051225,台積電群益95購02,0,0,0,0,0,0,0,0,0,-5000,0,0,0,53000,58000,-5000,-5000
053235,智原永豐96購01  ,0,0,0,0,0,0,0,0,0,-5000,0,0,0,0,5000,-5000,-5000
05314P,臺股指群益95售13,0,0,0,0,0,0,0,0,0,-5000,0,0,0,0,5000,-5000,-5000
053004,燿華永豐96購01  ,0,0,0,0,0,0,0,0,0,-5000,0,0,0,0,5000,-5000,-5000
053072,國巨台新97購01  ,0,0,0,0,0,0,0,0,0,-5000,0,0,0,13000,18000,-5000,-5000
053088,奇鋐元大98購01  ,0,0,0,0,0,0,0,0,0,-5000,0,0,0,0,5000,-5000,-5000
05336P,臺股指國票95售05,0,0,0,0,0,0,0,0,0,-5000,0,0,0,0,5000,-5000,-5000
053280,群創元大9C購01  ,0,0,0,0,0,0,0,0,0,-5000,0,0,0,95000,100000,-5000,-5000
053314,A50正2群益9A購01,0,0,0,0,0,0,0,0,0,-5000,0,0,0,0,5000,-5000,-5000
053345,欣興國票97購02  ,0,0,0,0,0,0,0,0,0,-5000,0,0,0,0,5000,-5000,-5000
053448,智易凱基96購03  ,0,0,0,0,0,0,0,0,0,-5000,0,0,0,0,5000,-5000,-5000
053449,超眾凱基98購01  ,0,0,0,0,0,0,0,0,0,-5000,0,0,0,20000,25000,-5000,-5000
052407,樺漢凱基95購01  ,0,0,0,0,0,0,0,0,0,-5000,0,0,0,0,5000,-5000,-5000
052392,台表科群益96購02,0,0,0,0,0,0,0,0,0,-5000,0,0,0,0,5000,-5000,-5000
052570,華新科凱基96購06,0,0,0,0,0,0,0,0,0,-5000,0,0,0,0,5000,-5000,-5000
052573,智伸科凱基97購01,0,0,0,0,0,0,0,0,0,-5000,0,0,0,0,5000,-5000,-5000
052662,華新科國票97購01,0,0,0,0,0,0,0,0,0,-5000,0,0,0,0,5000,-5000,-5000
052701,群創國票96購01  ,0,0,0,0,0,0,0,0,0,-5000,0,0,0,0,5000,-5000,-5000
052729,國巨國泰97購03  ,0,0,0,0,0,0,0,0,0,-5000,0,0,0,50000,55000,-5000,-5000
052755,滬深2X群益9A購01,0,0,0,0,0,0,0,0,0,-5000,0,0,0,0,5000,-5000,-5000
052827,昇陽半永豐97購01,0,0,0,0,0,0,0,0,0,-5000,0,0,0,0,5000,-5000,-5000
052778,智原國票97購01  ,0,0,0,0,0,0,0,0,0,-5000,0,0,0,0,5000,-5000,-5000
1617,榮星            ,1000,6000,-5000,0,0,0,0,0,0,0,0,0,0,0,0,0,-5000
1817,凱撒衛          ,7000,12000,-5000,0,0,0,0,0,0,0,0,0,0,0,0,0,-5000
1724,台硝            ,1000,6000,-5000,0,0,0,0,0,0,0,0,0,0,0,0,0,-5000
3266,昇陽            ,5000,10000,-5000,0,0,0,0,0,0,0,1000,1000,0,0,0,0,-5000
3296,勝德            ,3000,3000,0,0,0,0,0,0,0,-5000,0,5000,-5000,0,0,0,-5000
3308,聯德            ,0,4000,-4000,0,0,0,0,0,0,-1000,0,1000,-1000,0,0,0,-5000
4763,材料-KY         ,48000,53000,-5000,0,0,0,0,0,0,0,0,0,0,0,0,0,-5000
4148,全宇生技-KY     ,10000,15000,-5000,0,0,0,0,0,0,0,0,0,0,0,0,0,-5000
1530,亞崴            ,0,5000,-5000,0,0,0,0,0,0,0,0,0,0,0,0,0,-5000
1454,台富            ,2000,7000,-5000,0,0,0,0,0,0,0,0,0,0,0,0,0,-5000
1324,地球            ,0,5000,-5000,0,0,0,0,0,0,0,0,0,0,0,0,0,-5000
1325,恆大            ,0,5000,-5000,0,0,0,0,0,0,0,0,0,0,0,0,0,-5000
06385P,聯發科永豐97售02,0,0,0,0,0,0,0,0,0,-5000,0,0,0,15000,20000,-5000,-5000
06004P,奇力新永豐96售02,0,0,0,0,0,0,0,0,0,-5000,0,0,0,15000,20000,-5000,-5000
05821P,臺股指凱基96售18,0,0,0,0,0,0,0,0,0,-5000,0,0,0,0,5000,-5000,-5000
05887P,友達元富99售03  ,0,0,0,0,0,0,0,0,0,-5000,0,0,0,25000,30000,-5000,-5000
06033P,可成凱基96售09  ,0,0,0,0,0,0,0,0,0,-5000,0,0,0,0,5000,-5000,-5000
06116P,臺股指日盛97售01,0,0,0,0,0,0,0,0,0,-5000,0,0,0,0,5000,-5000,-5000
6128,上福            ,3000,7000,-4000,0,0,0,0,0,0,-1000,0,1000,-1000,0,0,0,-5000
5533,皇鼎            ,5000,11000,-6000,0,0,0,0,0,0,1000,1000,0,1000,0,0,0,-5000
8222,寶一            ,3000,8000,-5000,0,0,0,0,0,0,0,0,0,0,0,0,0,-5000
1203,味王            ,3001,8000,-4999,0,0,0,0,0,0,-1000,0,1000,-1000,0,0,0,-5999
055908,GIS日盛97購01   ,0,0,0,0,0,0,0,0,0,-6000,0,0,0,0,6000,-6000,-6000
055704,亞德客永豐97購04,0,0,0,0,0,0,0,0,0,-6000,0,0,0,0,6000,-6000,-6000
055733,奇力新元富97購01,0,0,0,0,0,0,0,0,0,-6000,0,0,0,10000,16000,-6000,-6000
05737P,臺股指統一96售07,0,0,0,0,0,0,0,0,0,-6000,0,0,0,0,6000,-6000,-6000
056130,新日興麥證97購01,0,0,0,0,6000,-6000,0,0,0,-6000,0,0,0,0,6000,-6000,-6000
056152,可成凱基97購02  ,0,0,0,0,0,0,0,0,0,-6000,0,0,0,0,6000,-6000,-6000
056156,禾伸堂凱基98購04,0,0,0,0,0,0,0,0,0,-6000,0,0,0,0,6000,-6000,-6000
055146,華通元大98購04  ,0,0,0,0,0,0,0,0,0,-6000,0,0,0,12000,18000,-6000,-6000
055431,和鑫群益98購01  ,0,0,0,0,0,0,0,0,0,-6000,0,0,0,9000,15000,-6000,-6000
055546,台積電凱基97購12,0,0,0,0,0,0,0,0,0,-6000,0,0,0,0,6000,-6000,-6000
055485,國巨元大97購09  ,0,0,0,0,0,0,0,0,0,-6000,0,0,0,34000,40000,-6000,-6000
055500,京鼎元大97購04  ,0,0,0,0,0,0,0,0,0,-6000,0,0,0,1000,7000,-6000,-6000
054698,同欣電永豐97購01,0,0,0,0,0,0,0,0,0,-6000,0,0,0,0,6000,-6000,-6000
05466P,旺宏富邦97售01  ,0,0,0,0,0,0,0,0,0,-6000,0,0,0,2000,8000,-6000,-6000
054506,矽格永豐96購01  ,0,0,0,0,0,0,0,0,0,-6000,0,0,0,3000,9000,-6000,-6000
05435P,鴻海群益95售12  ,0,0,0,0,0,0,0,0,0,-6000,0,0,0,0,6000,-6000,-6000
053991,鴻海群益96購05  ,0,0,0,0,0,0,0,0,0,-6000,0,0,0,0,6000,-6000,-6000
053914,國巨國票96購08  ,0,0,0,0,0,0,0,0,0,-6000,0,0,0,0,6000,-6000,-6000
053619,和碩群益96購01  ,0,0,0,0,0,0,0,0,0,-6000,0,0,0,5000,11000,-6000,-6000
053586,建準元大96購01  ,0,0,0,0,0,0,0,0,0,-6000,0,0,0,62000,68000,-6000,-6000
045819,台積電凱基92購14,0,0,0,0,0,0,0,0,0,-6000,0,0,0,2000,8000,-6000,-6000
045710,儒鴻凱基92購02  ,0,0,0,0,0,0,0,0,0,-6000,0,0,0,0,6000,-6000,-6000
049634,臺股指群益94購07,0,0,0,0,0,0,0,0,0,-6000,0,0,0,0,6000,-6000,-6000
045202,力成凱基92購01  ,0,0,0,0,0,0,0,0,0,-6000,0,0,0,4000,10000,-6000,-6000
045481,友達中信93購01  ,0,0,0,0,0,0,0,0,0,-6000,0,0,0,0,6000,-6000,-6000
045013,大立光元大93購04,0,0,0,0,0,0,0,0,0,-6000,0,0,0,0,6000,-6000,-6000
046085,儒鴻麥證92購01  ,0,0,0,0,6000,-6000,0,0,0,-6000,0,0,0,0,6000,-6000,-6000
045139,台光電兆豐92購01,0,0,0,0,0,0,0,0,0,-6000,0,0,0,0,6000,-6000,-6000
044875,玉晶光統一93購01,0,0,0,0,0,0,0,0,0,-6000,0,0,0,25000,31000,-6000,-6000
04469P,元油2X元大94售05,0,0,0,0,0,0,0,0,0,-6000,0,0,0,50000,56000,-6000,-6000
04600P,可成凱基94售07  ,0,0,0,0,0,0,0,0,0,-6000,0,0,0,28000,34000,-6000,-6000
03943P,可成群益93售01  ,0,0,0,0,0,0,0,0,0,-6000,0,0,0,0,6000,-6000,-6000
042501,台灣50凱基96購06,0,0,0,0,0,0,0,0,0,-6000,0,0,0,3000,9000,-6000,-6000
03868P,統一凱基93售02  ,0,0,0,0,0,0,0,0,0,-6000,0,0,0,4000,10000,-6000,-6000
04172P,大立光凱基93售34,0,0,0,0,0,0,0,0,0,-6000,0,0,0,50000,56000,-6000,-6000
03022X,富展01          ,0,0,0,0,0,0,0,0,0,-6000,0,0,0,0,6000,-6000,-6000
048562,宏達電元大95購01,0,0,0,0,0,0,0,0,0,-6000,0,0,0,0,6000,-6000,-6000
049868,傳奇兆豐94購01  ,0,0,0,0,0,0,0,0,0,-6000,0,0,0,0,6000,-6000,-6000
047946,南亞科統一93購04,0,0,0,0,0,0,0,0,0,-6000,0,0,0,4000,10000,-6000,-6000
048022,儒鴻凱基93購04  ,0,0,0,0,0,0,0,0,0,-6000,0,0,0,0,6000,-6000,-6000
050076,百和凱基94購02  ,0,0,0,0,0,0,0,0,0,-6000,0,0,0,4000,10000,-6000,-6000
050527,嘉聯益元大96購01,0,0,0,0,0,0,0,0,0,-6000,0,0,0,0,6000,-6000,-6000
050579,聯發科國票95購04,0,0,0,0,0,0,0,0,0,-6000,0,0,0,0,6000,-6000,-6000
050250,台郡凱基94購03  ,0,0,0,0,0,0,0,0,0,-6000,0,0,0,5000,11000,-6000,-6000
048843,台郡凱基94購01  ,0,0,0,0,0,0,0,0,0,-6000,0,0,0,4000,10000,-6000,-6000
048506,華通群益94購03  ,0,0,0,0,0,0,0,0,0,-6000,0,0,0,4000,10000,-6000,-6000
049362,國巨元大94購04  ,0,0,0,0,0,0,0,0,0,-6000,0,0,0,0,6000,-6000,-6000
048304,滬深2X凱基93購04,0,0,0,0,0,0,0,0,0,-6000,0,0,0,0,6000,-6000,-6000
048410,和碩群益93購01  ,0,0,0,0,0,0,0,0,0,-6000,0,0,0,24000,30000,-6000,-6000
052851,滬深2X元富96購02,0,0,0,0,0,0,0,0,0,-6000,0,0,0,10000,16000,-6000,-6000
052871,群創凱基98購07  ,0,0,0,0,0,0,0,0,0,-6000,0,0,0,24000,30000,-6000,-6000
052235,聯發科國票96購02,0,0,0,0,0,0,0,0,0,-6000,0,0,0,0,6000,-6000,-6000
053550,聯發科凱基96購15,0,0,0,0,0,0,0,0,0,-6000,0,0,0,20000,26000,-6000,-6000
053362,元油反國泰98購01,0,0,0,0,0,0,0,0,0,-6000,0,0,0,0,6000,-6000,-6000
053035,台表科兆豐97購01,0,0,0,0,0,0,0,0,0,-6000,0,0,0,0,6000,-6000,-6000
052976,台表科群益96購03,0,0,0,0,0,0,0,0,0,-6000,0,0,0,14000,20000,-6000,-6000
051250,大立光元大98購01,0,0,0,0,0,0,0,0,0,-6000,0,0,0,1000,7000,-6000,-6000
050860,喬山永豐95購01  ,0,0,0,0,0,0,0,0,0,-6000,0,0,0,4000,10000,-6000,-6000
050984,大立光國泰97購01,0,0,0,0,0,0,0,0,0,-6000,0,0,0,53000,59000,-6000,-6000
051863,技嘉凱基95購01  ,0,0,0,0,0,0,0,0,0,-6000,0,0,0,0,6000,-6000,-6000
051947,矽力統一95購01  ,0,0,0,0,0,0,0,0,0,-6000,0,0,0,3000,9000,-6000,-6000
051574,鴻海元大96購06  ,0,0,0,0,0,0,0,0,0,-6000,0,0,0,0,6000,-6000,-6000
051483,玉晶光凱基96購02,0,0,0,0,0,0,0,0,0,-6000,0,0,0,16000,22000,-6000,-6000
1235,興泰            ,0,7000,-7000,0,0,0,0,0,0,1000,1000,0,1000,0,0,0,-6000
1465,偉全            ,0,6000,-6000,0,0,0,0,0,0,0,0,0,0,0,0,0,-6000
1474,弘裕            ,4000,11000,-7000,0,0,0,0,0,0,1000,1000,0,1000,0,0,0,-6000
1443,立益            ,3000,8000,-5000,0,0,0,0,0,0,-1000,0,1000,-1000,0,0,0,-6000
1456,怡華            ,0,6000,-6000,0,0,0,0,0,0,0,0,0,0,0,0,0,-6000
06112P,台積電兆豐97售01,0,0,0,0,0,0,0,0,0,-6000,0,0,0,0,6000,-6000,-6000
06165P,臺股指凱基9A售03,0,0,0,0,0,0,0,0,0,-6000,0,0,0,0,6000,-6000,-6000
06099P,鴻海日盛97售03  ,0,0,0,0,0,0,0,0,0,-6000,0,0,0,5000,11000,-6000,-6000
3021,鴻名            ,2000,7000,-5000,0,0,0,0,0,0,-1000,0,1000,-1000,0,0,0,-6000
2705,六福            ,9000,16000,-7000,0,0,0,0,0,0,1000,1000,0,1000,0,0,0,-6000
2032,新鋼            ,6000,11000,-5000,0,0,0,0,0,0,-1000,3000,4000,-1000,0,0,0,-6000
2243,宏旭-KY         ,1000,7000,-6000,0,0,0,0,0,0,0,0,0,0,0,0,0,-6000
8442,威宏-KY         ,4000,10000,-6000,0,0,0,0,0,0,0,1000,1000,0,0,0,0,-6000
8443,阿瘦            ,1000,7000,-6000,0,0,0,0,0,0,0,0,0,0,0,0,0,-6000
6243,迅杰            ,1000,7000,-6000,0,0,0,0,0,0,0,0,0,0,0,0,0,-6000
053688,燿華元大96購05  ,0,0,0,0,0,0,0,0,0,-7000,0,0,0,6000,13000,-7000,-7000
053663,臺股指凱基96購24,0,0,0,0,0,0,0,0,0,-7000,0,0,0,3000,10000,-7000,-7000
053656,可成凱基96購06  ,0,0,0,0,0,0,0,0,0,-7000,0,0,0,0,7000,-7000,-7000
053669,台積電統一96購08,0,0,0,0,0,0,0,0,0,-7000,0,0,0,24000,31000,-7000,-7000
054067,百和國票97購03  ,0,0,0,0,0,0,0,0,0,-7000,0,0,0,0,7000,-7000,-7000
054137,聯詠元大97購02  ,0,0,0,0,0,0,0,0,0,-7000,0,0,0,32000,39000,-7000,-7000
05412P,泰碩國票95售02  ,0,0,0,0,0,0,0,0,0,-7000,0,0,0,0,7000,-7000,-7000
054381,世芯群益98購01  ,0,0,0,0,0,0,0,0,0,-7000,0,0,0,5000,12000,-7000,-7000
054546,玉晶光中信9B購01,0,0,0,0,0,0,0,0,0,-7000,0,0,0,685000,692000,-7000,-7000
054753,復盛凱基98購01  ,0,0,0,0,0,0,0,0,0,-7000,0,0,0,3000,10000,-7000,-7000
055582,亞德客元大97購01,0,0,0,0,0,0,0,0,0,-7000,0,0,0,4000,11000,-7000,-7000
055372,宏達電元大97購04,0,0,0,0,0,0,0,0,0,-7000,0,0,0,21000,28000,-7000,-7000
055359,超眾凱基97購01  ,0,0,0,0,0,0,0,0,0,-7000,0,0,0,0,7000,-7000,-7000
05520P,聯詠凱基96售01  ,0,0,0,0,0,0,0,0,0,-7000,0,0,0,3000,10000,-7000,-7000
055233,康友國票98購01  ,0,0,0,0,0,0,0,0,0,-7000,0,0,0,2000,9000,-7000,-7000
055008,隆達元富97購01  ,0,0,0,0,0,0,0,0,0,-7000,0,0,0,19000,26000,-7000,-7000
055046,上銀永豐97購01  ,0,0,0,0,0,0,0,0,0,-7000,0,0,0,0,7000,-7000,-7000
055073,易華電永豐97購01,0,0,0,0,0,0,0,0,0,-7000,0,0,0,3000,10000,-7000,-7000
056134,可成元大97購06  ,0,0,0,0,0,0,0,0,0,-7000,0,0,0,45000,52000,-7000,-7000
055710,亞德客元大97購03,0,0,0,0,0,0,0,0,0,-7000,0,0,0,0,7000,-7000,-7000
03039P,玉晶光國票02售04,0,0,0,0,0,0,0,0,0,-7000,0,0,0,1000,8000,-7000,-7000
03604P,群創凱基98售05  ,0,0,0,0,0,0,0,0,0,-7000,0,0,0,0,7000,-7000,-7000
040721,大立光富邦92購01,0,0,0,0,0,0,0,0,0,-7000,0,0,0,0,7000,-7000,-7000
042527,台灣50永豐94購01,0,0,0,0,0,0,0,0,0,-7000,0,0,0,0,7000,-7000,-7000
045086,玉晶光元大94購02,0,0,0,0,0,0,0,0,0,-7000,0,0,0,6000,13000,-7000,-7000
046257,A50正2國票94購01,0,0,0,0,0,0,0,0,0,-7000,0,0,0,0,7000,-7000,-7000
045420,台積電凱基92購07,0,0,0,0,0,0,0,0,0,-7000,0,0,0,0,7000,-7000,-7000
048427,百和元富95購01  ,0,0,0,0,0,0,0,0,0,-7000,0,0,0,0,7000,-7000,-7000
049136,華通元大95購01  ,0,0,0,0,0,0,0,0,0,-7000,0,0,0,20000,27000,-7000,-7000
049298,矽格群益95購01  ,0,0,0,0,0,0,0,0,0,-7000,0,0,0,3000,10000,-7000,-7000
050415,力成永豐94購01  ,0,0,0,0,0,0,0,0,0,-7000,0,0,0,1000,8000,-7000,-7000
050177,聯發科元大94購11,0,0,0,0,0,0,0,0,0,-7000,0,0,0,100000,107000,-7000,-7000
048018,南亞科麥證93購01,0,0,0,3000,10000,-7000,0,0,0,-7000,0,0,0,3000,10000,-7000,-7000
048055,燿華國泰95購02  ,0,0,0,0,0,0,0,0,0,-7000,0,0,0,3000,10000,-7000,-7000
047767,聯發科元大93購20,0,0,0,0,0,0,0,0,0,-7000,0,0,0,0,7000,-7000,-7000
047437,旺宏元大94購02  ,0,0,0,0,0,0,0,0,0,-7000,0,0,0,51000,58000,-7000,-7000
048645,創意元大94購02  ,0,0,0,0,0,0,0,0,0,-7000,0,0,0,13000,20000,-7000,-7000
04995P,台達電凱基96售03,0,0,0,0,0,0,0,0,0,-7000,0,0,0,45000,52000,-7000,-7000
050099,台積電永昌96購01,0,0,0,0,0,0,0,0,0,-7000,0,0,0,0,7000,-7000,-7000
049969,泰鼎國票95購01  ,0,0,0,0,0,0,0,0,0,-7000,0,0,0,0,7000,-7000,-7000
049016,國巨群益94購02  ,0,0,0,0,0,0,0,0,0,-7000,0,0,0,15000,22000,-7000,-7000
047878,日股2X中信95購01,0,0,0,0,0,0,0,0,0,-7000,0,0,0,0,7000,-7000,-7000
051987,廣達元大95購01  ,0,0,0,0,0,0,0,0,0,-7000,0,0,0,8000,15000,-7000,-7000
051885,易華電永豐95購02,0,0,0,0,0,0,0,0,0,-7000,0,0,0,3000,10000,-7000,-7000
052058,臺股指凱基95購16,0,0,0,0,0,0,0,0,0,-7000,0,0,0,0,7000,-7000,-7000
050955,達方群益97購01  ,0,0,0,0,0,0,0,0,0,-7000,0,0,0,0,7000,-7000,-7000
051167,京鼎元大95購01  ,0,0,0,0,0,0,0,0,0,-7000,0,0,0,0,7000,-7000,-7000
053000,臺股指康和96購02,0,0,0,0,0,0,0,0,0,-7000,0,0,0,0,7000,-7000,-7000
052988,智易元大96購02  ,0,0,0,0,0,0,0,0,0,-7000,0,0,0,20000,27000,-7000,-7000
053126,健策凱基97購02  ,0,0,0,0,0,0,0,0,0,-7000,0,0,0,0,7000,-7000,-7000
053250,百和國票97購02  ,0,0,0,0,0,0,0,0,0,-7000,0,0,0,0,7000,-7000,-7000
053195,玉晶光元富96購02,0,0,0,0,0,0,0,0,0,-7000,0,0,0,0,7000,-7000,-7000
053454,創意統一96購02  ,0,0,0,0,0,0,0,0,0,-7000,0,0,0,6000,13000,-7000,-7000
053503,臻鼎兆豐97購01  ,0,0,0,0,0,0,0,0,0,-7000,0,0,0,0,7000,-7000,-7000
052383,臺股指元大95購29,0,0,0,0,0,0,0,0,0,-7000,0,0,0,1000,8000,-7000,-7000
052378,矽力元大96購01  ,0,0,0,0,0,0,0,0,0,-7000,0,0,0,0,7000,-7000,-7000
05289P,鴻海永豐95售05  ,0,0,0,0,0,0,0,0,0,-7000,0,0,0,6000,13000,-7000,-7000
052766,玉晶光群益9A購01,0,0,0,0,0,0,0,0,0,-7000,0,0,0,11000,18000,-7000,-7000
6216,居易            ,4000,11000,-7000,0,0,0,0,0,0,0,0,0,0,0,0,0,-7000
2597,潤弘            ,12000,20000,-8000,0,0,0,0,0,0,1000,1000,0,1000,0,0,0,-7000
06108P,奇力新群益97售05,0,0,0,0,0,0,0,0,0,-7000,0,0,0,3000,10000,-7000,-7000
06114P,台積電統一97售03,0,0,0,0,0,0,0,0,0,-7000,0,0,0,0,7000,-7000,-7000
06151P,華新科元大97售07,0,0,0,0,0,0,0,0,0,-7000,0,0,0,16000,23000,-7000,-7000
05941P,聯發科凱基96售22,0,0,0,0,0,0,0,0,0,-7000,0,0,0,8000,15000,-7000,-7000
06228P,亞德客凱基97售04,0,0,0,0,0,0,0,0,0,-7000,0,0,0,3000,10000,-7000,-7000
06247P,同欣電元富97售02,0,0,0,0,0,0,0,0,0,-7000,0,0,0,3000,10000,-7000,-7000
055955,微星元大97購01  ,0,0,0,0,0,0,0,0,0,-8000,0,0,0,23000,31000,-8000,-8000
05639P,欣興統一97售01  ,0,0,0,0,0,0,0,0,0,-8000,0,0,0,0,8000,-8000,-8000
05744P,台表科元大96售04,0,0,0,0,0,0,0,0,0,-8000,0,0,0,5000,13000,-8000,-8000
055041,致新富邦97購01  ,0,0,0,0,0,0,0,0,0,-8000,0,0,0,0,8000,-8000,-8000
055316,上銀國票98購01  ,0,0,0,0,0,0,0,0,0,-8000,0,0,0,7000,15000,-8000,-8000
055409,元黃金富邦01購01,0,0,0,0,0,0,0,0,0,-8000,0,0,0,0,8000,-8000,-8000
055438,鴻海國票98購01  ,0,30000,-30000,0,0,0,0,0,0,22000,0,0,0,25000,3000,22000,-8000
054678,麗豐台新98購02  ,0,0,0,0,0,0,0,0,0,-8000,0,0,0,0,8000,-8000,-8000
054827,宏全元大9A購01  ,0,0,0,0,0,0,0,0,0,-8000,0,0,0,32000,40000,-8000,-8000
054556,世芯凱基99購01  ,0,0,0,0,0,0,0,0,0,-8000,0,0,0,90000,98000,-8000,-8000
053994,微星群益96購01  ,0,0,0,0,0,0,0,0,0,-8000,0,0,0,0,8000,-8000,-8000
053923,亞光國票97購01  ,0,0,0,0,0,0,0,0,0,-8000,0,0,0,0,8000,-8000,-8000
053980,泰鼎元大97購02  ,0,0,0,0,0,0,0,0,0,-8000,0,0,0,38000,46000,-8000,-8000
053844,GIS統一96購01   ,0,0,0,0,0,0,0,0,0,-8000,0,0,0,40000,48000,-8000,-8000
053807,T50反1群益96購02,0,0,0,0,0,0,0,0,0,-8000,0,0,0,0,8000,-8000,-8000
045591,彩晶元大93購01  ,0,0,0,0,0,0,0,0,0,-8000,0,0,0,0,8000,-8000,-8000
04585P,楠梓電永豐94售02,0,0,0,0,0,0,0,0,0,-8000,0,0,0,0,8000,-8000,-8000
049563,華新統一95購01  ,0,0,0,0,0,0,0,0,0,-8000,0,0,0,2000,10000,-8000,-8000
046628,大立光統一98購01,0,0,0,0,0,0,0,0,0,-8000,0,0,0,1000,9000,-8000,-8000
046619,可成凱基93購01  ,0,0,0,0,0,0,0,0,0,-8000,0,0,0,2000,10000,-8000,-8000
049322,志超凱基94購02  ,0,0,0,0,0,0,0,0,0,-8000,0,0,0,0,8000,-8000,-8000
044375,亞光兆豐92購01  ,0,0,0,0,0,0,0,0,0,-8000,0,0,0,0,8000,-8000,-8000
046159,群創群益98購04  ,0,0,0,0,0,0,0,0,0,-8000,0,0,0,14000,22000,-8000,-8000
03952P,晶技凱基93售02  ,0,0,0,0,0,0,0,0,0,-8000,0,0,0,2000,10000,-8000,-8000
04263P,南電群益93售03  ,0,0,0,0,0,0,0,0,0,-8000,0,0,0,0,8000,-8000,-8000
044741,玉山金富邦93購01,0,0,0,0,0,0,0,0,0,-8000,0,0,0,2000,10000,-8000,-8000
043660,華新科元大93購01,0,0,0,0,0,0,0,0,0,-8000,0,0,0,0,8000,-8000,-8000
043992,康控元大93購02  ,0,0,0,0,0,0,0,0,0,-8000,0,0,0,0,8000,-8000,-8000
04108P,臺股指永昌93售03,0,0,0,0,0,0,0,0,0,-8000,1070000,0,1070000,0,1078000,-1078000,-8000
04297P,微星元大93售03  ,0,0,0,0,0,0,0,0,0,-8000,0,0,0,0,8000,-8000,-8000
00728,第一金工業30    ,0,0,0,0,0,0,0,0,0,-8000,0,0,0,513000,521000,-8000,-8000
0055,元大MSCI金融    ,1000,0,1000,0,0,0,0,0,0,-9000,0,4000,-4000,31000,36000,-5000,-8000
04856P,光磊元富94售01  ,0,0,0,0,0,0,0,0,0,-8000,0,0,0,0,8000,-8000,-8000
04871P,力成元富94售02  ,0,0,0,0,0,0,0,0,0,-8000,0,0,0,30000,38000,-8000,-8000
048691,智伸科群益94購01,0,0,0,0,0,0,0,0,0,-8000,0,0,0,34000,42000,-8000,-8000
047445,創意元大93購04  ,0,0,0,0,0,0,0,0,0,-8000,0,0,0,0,8000,-8000,-8000
047772,泰鼎元大93購05  ,0,0,0,0,0,0,0,0,0,-8000,0,0,0,32000,40000,-8000,-8000
050200,致新元大94購01  ,0,0,0,0,0,0,0,0,0,-8000,0,0,0,0,8000,-8000,-8000
050495,大立光永昌96購01,0,0,0,0,0,0,0,0,0,-8000,0,0,0,310000,318000,-8000,-8000
050444,卜蜂元大94購03  ,0,0,0,0,0,0,0,0,0,-8000,0,0,0,14000,22000,-8000,-8000
050236,旺宏凱基94購06  ,0,0,0,0,0,0,0,0,0,-8000,0,0,0,22000,30000,-8000,-8000
049803,華新科元大95購07,0,0,0,0,0,0,0,0,0,-8000,0,0,0,4000,12000,-8000,-8000
048900,精成科國泰95購01,0,0,0,0,0,0,0,0,0,-8000,0,0,0,5000,13000,-8000,-8000
049121,元油2X元富94購06,0,0,0,0,0,0,0,0,0,-8000,0,0,0,0,8000,-8000,-8000
049074,光罩凱基94購02  ,0,0,0,0,0,0,0,0,0,-8000,0,0,0,27000,35000,-8000,-8000
052429,禾伸堂永豐95購02,0,0,0,0,0,0,0,0,0,-8000,0,0,0,0,8000,-8000,-8000
053504,祥碩兆豐96購01  ,0,0,0,0,0,0,0,0,0,-8000,0,0,0,12000,20000,-8000,-8000
053441,旺宏凱基98購01  ,0,0,0,0,0,0,0,0,0,-8000,0,0,0,37000,45000,-8000,-8000
053561,玉晶光國泰98購01,0,0,0,0,0,0,0,0,0,-8000,0,0,0,25000,33000,-8000,-8000
053390,彩晶元大9A購01  ,0,0,0,0,0,0,0,0,0,-8000,0,0,0,7000,15000,-8000,-8000
053338,台光電國票97購01,0,0,0,0,0,0,0,0,0,-8000,0,0,0,0,8000,-8000,-8000
053162,緯穎元大97購01  ,0,0,0,0,0,0,0,0,0,-8000,0,0,0,5000,13000,-8000,-8000
053030,南亞科第一96購01,0,0,0,0,0,0,0,0,0,-8000,0,0,0,31000,39000,-8000,-8000
05096P,台積電日盛95售01,0,0,0,0,0,0,0,0,0,-8000,0,0,0,5000,13000,-8000,-8000
051020,健策凱基96購02  ,0,0,0,0,0,0,0,0,0,-8000,0,0,0,105000,113000,-8000,-8000
050841,國巨國票96購02  ,0,0,0,0,0,0,0,0,0,-8000,0,0,0,0,8000,-8000,-8000
052149,電子類群益95購01,0,0,0,0,0,0,0,0,0,-8000,0,0,0,0,8000,-8000,-8000
052161,義隆永豐95購03  ,0,0,0,0,0,0,0,0,0,-8000,0,0,0,0,8000,-8000,-8000
051859,劍麟凱基96購01  ,0,0,0,0,0,0,0,0,0,-8000,0,0,0,0,8000,-8000,-8000
051896,柏文元富95購01  ,0,0,0,0,0,0,0,0,0,-8000,0,0,0,0,8000,-8000,-8000
051480,大立光凱基97購01,0,0,0,0,0,0,0,0,0,-8000,0,0,0,0,8000,-8000,-8000
051839,和鑫國泰96購01  ,0,0,0,0,0,0,0,0,0,-8000,0,0,0,2000,10000,-8000,-8000
06243P,亞光元富97售01  ,0,0,0,0,0,0,0,0,0,-8000,0,0,0,0,8000,-8000,-8000
06214P,國巨國票98售04  ,0,0,0,0,0,0,0,0,0,-8000,0,0,0,22000,30000,-8000,-8000
07480P,FBVIX凱基94售01 ,0,0,0,0,0,0,0,0,0,-8000,0,0,0,0,8000,-8000,-8000
1521,大億            ,7000,15000,-8000,0,0,0,0,0,0,0,0,0,0,0,0,0,-8000
05990P,台積電群益96售13,0,0,0,0,0,0,0,0,0,-8000,0,0,0,0,8000,-8000,-8000
06136P,華新科國泰99售02,0,0,0,0,0,0,0,0,0,-8000,0,0,0,17000,25000,-8000,-8000
06185P,台表科元大97售05,0,0,0,0,0,0,0,0,0,-8000,0,0,0,6000,14000,-8000,-8000
06095P,燿華永豐97售01  ,0,0,0,0,0,0,0,0,0,-8000,0,0,0,20000,28000,-8000,-8000
2483,百容            ,1000,9000,-8000,0,0,0,0,0,0,0,0,0,0,0,0,0,-8000
2460,建通            ,1000,7000,-6000,0,0,0,0,0,0,-2000,0,2000,-2000,0,0,0,-8000
1806,冠軍            ,32000,33000,-1000,0,0,0,0,0,0,-7000,1000,8000,-7000,0,0,0,-8000
1906,寶隆            ,12000,20000,-8000,0,0,0,0,0,0,0,1000,1000,0,0,0,0,-8000
2904,匯僑            ,0,8000,-8000,0,0,0,0,0,0,0,0,0,0,0,0,0,-8000
6641,基士德-KY       ,6000,13000,-7000,0,0,0,0,0,0,-1000,0,1000,-1000,0,0,0,-8000
6581,鋼聯            ,1000,10000,-9000,0,0,0,0,0,0,1000,1000,0,1000,0,0,0,-8000
9908,大台北          ,5000,18000,-13000,0,0,0,0,0,0,5000,6000,1000,5000,0,0,0,-8000
8374,羅昇            ,5000,13000,-8000,0,0,0,0,0,0,0,0,0,0,0,0,0,-8000
8103,瀚荃            ,9000,16000,-7000,0,0,0,0,0,0,-1000,0,1000,-1000,0,0,0,-8000
05379P,可成凱基95售11  ,0,0,0,0,0,0,0,0,0,-9000,0,0,0,1000,10000,-9000,-9000
053590,新光金元大9A購02,0,0,0,0,0,0,0,0,0,-9000,0,0,0,1000,10000,-9000,-9000
053566,大立光富邦99購03,0,0,0,0,0,0,0,0,0,-9000,0,0,0,0,9000,-9000,-9000
054829,亞光國泰99購01  ,0,0,0,0,0,0,0,0,0,-9000,0,0,0,216000,225000,-9000,-9000
054673,京鼎國泰98購01  ,0,0,0,0,0,0,0,0,0,-9000,0,0,0,1000,10000,-9000,-9000
054683,川湖永豐97購01  ,0,0,0,0,0,0,0,0,0,-9000,0,0,0,5000,14000,-9000,-9000
05541P,鴻海統一96售08  ,0,0,0,0,0,0,0,0,0,-9000,0,0,0,0,9000,-9000,-9000
055329,百和國票98購01  ,0,0,0,0,0,0,0,0,0,-9000,0,0,0,0,9000,-9000,-9000
055590,聯發科元大98購02,0,0,0,0,0,0,0,0,0,-9000,0,0,0,7000,16000,-9000,-9000
055586,旺宏元大98購06  ,0,0,0,0,0,0,0,0,0,-9000,0,0,0,8000,17000,-9000,-9000
055148,鴻海元大98購02  ,0,0,0,0,0,0,0,0,0,-9000,0,0,0,11000,20000,-9000,-9000
056075,瀚宇博元大97購03,0,0,0,0,0,0,0,0,0,-9000,0,0,0,13000,22000,-9000,-9000
056103,聯發科永豐97購03,0,0,0,0,0,0,0,0,0,-9000,0,0,0,119000,128000,-9000,-9000
056107,智易永豐97購02  ,0,0,0,0,0,0,0,0,0,-9000,0,0,0,0,9000,-9000,-9000
05611P,康控群益96售02  ,0,0,0,0,0,0,0,0,0,-9000,0,0,0,0,9000,-9000,-9000
056022,新光金群益97購02,0,0,0,0,0,0,0,0,0,-9000,0,0,0,1000,10000,-9000,-9000
055915,大立光凱基98購07,0,0,0,0,0,0,0,0,0,-9000,0,0,0,0,9000,-9000,-9000
0053,元大電子        ,0,0,0,0,0,0,0,0,0,-9000,0,0,0,15000,24000,-9000,-9000
00770,國泰北美科技    ,0,0,0,0,0,0,0,0,0,-9000,0,0,0,12000,21000,-9000,-9000
04043P,復盛元富93售02  ,0,0,0,0,0,0,0,0,0,-9000,0,0,0,1000,10000,-9000,-9000
03550P,聯茂凱基02售02  ,0,0,0,0,0,0,0,0,0,-9000,0,0,0,0,9000,-9000,-9000
04275P,南亞科凱基93售08,0,0,0,0,0,0,0,0,0,-9000,0,0,0,1000,10000,-9000,-9000
043973,元金2X元大94購02,0,0,0,0,0,0,0,0,0,-9000,0,0,0,63000,72000,-9000,-9000
045957,技嘉凱基93購03  ,0,0,0,0,0,0,0,0,0,-9000,0,0,0,1000,10000,-9000,-9000
042040,大立光群益93購01,0,0,0,0,0,0,0,0,0,-9000,0,0,0,0,9000,-9000,-9000
045087,玉晶光元大95購01,0,0,0,0,0,0,0,0,0,-9000,0,0,0,4000,13000,-9000,-9000
046200,上海銀凱基93購01,0,0,0,0,0,0,0,0,0,-9000,0,0,0,11000,20000,-9000,-9000
045233,神基日盛92購01  ,0,0,0,0,0,0,0,0,0,-9000,0,0,0,0,9000,-9000,-9000
049534,華擎永豐94購02  ,0,0,0,0,0,0,0,0,0,-9000,0,0,0,1000,10000,-9000,-9000
049653,緯穎凱基94購03  ,0,0,0,0,0,0,0,0,0,-9000,0,0,0,1000,10000,-9000,-9000
045640,嘉晶凱基93購01  ,0,0,0,0,0,0,0,0,0,-9000,0,0,0,0,9000,-9000,-9000
045344,可成凱基92購06  ,0,0,0,0,0,0,0,0,0,-9000,0,0,0,1000,10000,-9000,-9000
049076,佳世達凱基94購01,0,0,0,0,0,0,0,0,0,-9000,0,0,0,1000,10000,-9000,-9000
05026P,貿聯群益95售01  ,0,0,0,0,0,0,0,0,0,-9000,0,0,0,1000,10000,-9000,-9000
050456,聯茂元大94購09  ,0,0,0,0,0,0,0,0,0,-9000,0,0,0,2000,11000,-9000,-9000
050509,元油2X元大94購09,0,0,0,0,0,0,0,0,0,-9000,0,0,0,0,9000,-9000,-9000
050425,國巨凱基94購12  ,0,0,0,0,0,0,0,0,0,-9000,0,0,0,10000,19000,-9000,-9000
050379,易華電群益96購01,0,0,0,0,0,0,0,0,0,-9000,0,0,0,2000,11000,-9000,-9000
050690,台達電凱基96購01,0,0,0,0,0,0,0,0,0,-9000,0,0,0,1000,10000,-9000,-9000
050204,華新科群益94購05,0,0,0,0,0,0,0,0,0,-9000,0,0,0,13000,22000,-9000,-9000
050006,華擎永豐94購03  ,0,0,0,0,0,0,0,0,0,-9000,0,0,0,1000,10000,-9000,-9000
047566,華新科國票94購02,0,0,0,0,0,0,0,0,0,-9000,0,0,0,0,9000,-9000,-9000
048597,台達電國票93購02,0,0,0,0,0,0,0,0,0,-9000,0,0,0,1000,10000,-9000,-9000
049847,旺宏群益94購04  ,0,0,0,0,0,0,0,0,0,-9000,0,0,0,1000,10000,-9000,-9000
049665,TPK永昌95購01   ,0,0,0,0,0,0,0,0,0,-9000,0,0,0,0,9000,-9000,-9000
051513,台積電凱基95購13,0,0,0,0,0,0,0,0,0,-9000,0,0,0,20000,29000,-9000,-9000
052191,超眾群益96購01  ,0,0,0,0,0,0,0,0,0,-9000,0,0,0,0,9000,-9000,-9000
050838,為升國票96購01  ,0,0,0,0,0,0,0,0,0,-9000,0,0,0,1000,10000,-9000,-9000
050756,京元電元富94購03,0,0,0,0,0,0,0,0,0,-9000,0,0,0,0,9000,-9000,-9000
050972,台虹永豐95購01  ,0,0,0,0,0,0,0,0,0,-9000,0,0,0,1000,10000,-9000,-9000
051206,大立光麥證95購02,0,0,0,0,10000,-10000,0,0,0,-9000,0,0,0,1000,10000,-9000,-9000
051322,國泰金國票96購01,0,0,0,0,0,0,0,0,0,-9000,0,0,0,0,9000,-9000,-9000
053066,欣興群益96購02  ,0,0,0,0,0,0,0,0,0,-9000,0,0,0,2000,11000,-9000,-9000
053132,國巨國票97購02  ,0,0,0,0,0,0,0,0,0,-9000,0,0,0,360000,369000,-9000,-9000
053270,台塑元大96購01  ,0,0,0,0,0,0,0,0,0,-9000,0,0,0,57000,66000,-9000,-9000
053502,智伸科兆豐97購01,0,0,0,0,0,0,0,0,0,-9000,0,0,0,1000,10000,-9000,-9000
052448,新光金元大96購03,0,0,0,0,0,0,0,0,0,-9000,0,0,0,1000,10000,-9000,-9000
052519,旺宏元大95購05  ,0,0,0,0,0,0,0,0,0,-9000,0,0,0,23000,32000,-9000,-9000
052320,緯創元大95購05  ,0,0,0,0,0,0,0,0,0,-9000,0,0,0,35000,44000,-9000,-9000
052633,國巨凱基96購05  ,0,0,0,0,0,0,0,0,0,-9000,0,0,0,0,9000,-9000,-9000
052671,祥碩群益96購01  ,0,0,0,0,0,0,0,0,0,-9000,0,0,0,2000,11000,-9000,-9000
052638,緯創凱基96購02  ,0,0,0,0,0,0,0,0,0,-9000,0,0,0,1000,10000,-9000,-9000
8104,錸寶            ,48000,58000,-10000,0,0,0,0,0,0,1000,1000,0,1000,0,0,0,-9000
4566,時碩工業        ,82000,101000,-19000,0,0,0,0,0,0,10000,10000,0,10000,0,0,0,-9000
3550,聯穎            ,1000,10000,-9000,0,0,0,0,0,0,0,0,0,0,0,0,0,-9000
3557,嘉威            ,22000,31000,-9000,0,0,0,0,0,0,0,0,0,0,0,0,0,-9000
2017,官田鋼          ,11000,21000,-10000,0,0,0,0,0,0,1000,1000,0,1000,0,0,0,-9000
06091P,華新科統一97售01,0,0,0,0,0,0,0,0,0,-9000,0,0,0,0,9000,-9000,-9000
06023P,超眾國票96售03  ,0,0,0,0,0,0,0,0,0,-9000,0,0,0,0,9000,-9000,-9000
06061P,訊芯統一97售01  ,0,0,0,0,0,0,0,0,0,-9000,0,0,0,21000,30000,-9000,-9000
1529,樂士            ,3000,12000,-9000,0,0,0,0,0,0,0,0,0,0,0,0,0,-9000
1466,聚隆            ,2000,11000,-9000,0,0,0,0,0,0,0,0,0,0,0,0,0,-9000
06232P,智易永豐97售01  ,0,0,0,0,0,0,0,0,0,-9000,0,0,0,0,9000,-9000,-9000
055912,宏達電凱基98購03,0,0,0,0,0,0,0,0,0,-10000,0,0,0,0,10000,-10000,-10000
055914,大立光凱基97購13,0,0,0,0,0,0,0,0,0,-10000,0,0,0,0,10000,-10000,-10000
055923,矽力凱基98購01  ,0,0,0,0,0,0,0,0,0,-10000,0,0,0,0,10000,-10000,-10000
055905,可成兆豐97購03  ,0,0,0,0,0,0,0,0,0,-10000,0,0,0,10000,20000,-10000,-10000
055933,欣興群益98購02  ,0,0,0,0,0,0,0,0,0,-10000,0,0,0,0,10000,-10000,-10000
055848,大立光元大97購11,0,0,0,0,0,0,0,0,0,-10000,0,0,0,0,10000,-10000,-10000
056024,大立光群益97購05,0,0,0,0,0,0,0,0,0,-10000,0,0,0,0,10000,-10000,-10000
055999,電子類富邦99購01,0,0,0,0,0,0,0,0,0,-10000,0,0,0,40000,50000,-10000,-10000
056053,和大元大97購05  ,0,0,0,0,0,0,0,0,0,-10000,0,0,0,0,10000,-10000,-10000
056039,宏達電凱基97購02,0,0,0,0,0,0,0,0,0,-10000,0,0,0,0,10000,-10000,-10000
056028,GIS群益97購02   ,0,0,0,0,0,0,0,0,0,-10000,0,0,0,0,10000,-10000,-10000
056046,百和凱基97購01  ,0,0,0,0,0,0,0,0,0,-10000,0,0,0,0,10000,-10000,-10000
055956,瑞昱元大97購05  ,0,0,0,0,0,0,0,0,0,-10000,0,0,0,2000,12000,-10000,-10000
055974,上銀統一97購05  ,0,0,0,0,0,0,0,0,0,-10000,0,0,0,0,10000,-10000,-10000
055969,彩晶元大99購02  ,0,0,0,0,0,0,0,0,0,-10000,0,0,0,12000,22000,-10000,-10000
055991,鈺齊元富97購01  ,0,0,0,0,0,0,0,0,0,-10000,0,0,0,0,10000,-10000,-10000
055653,聯詠元富01購02  ,0,0,0,0,0,0,0,0,0,-10000,0,0,0,0,10000,-10000,-10000
055642,廣宇元富97購01  ,0,0,0,0,0,0,0,0,0,-10000,0,0,0,0,10000,-10000,-10000
055678,上銀凱基97購02  ,0,0,0,0,0,0,0,0,0,-10000,0,0,0,0,10000,-10000,-10000
05578P,鴻海凱基96售11  ,0,0,0,0,0,0,0,0,0,-10000,0,0,0,0,10000,-10000,-10000
055775,友達凱基9A購01  ,0,0,0,0,0,0,0,0,0,-10000,0,0,0,0,10000,-10000,-10000
055748,GIS元富97購01   ,0,0,0,0,0,0,0,0,0,-10000,0,0,0,0,10000,-10000,-10000
055731,美律元富97購01  ,0,0,0,0,0,0,0,0,0,-10000,0,0,0,0,10000,-10000,-10000
055769,智伸科中信97購01,0,0,0,0,0,0,0,0,0,-10000,0,0,0,0,10000,-10000,-10000
055796,南電國泰98購01  ,0,0,0,0,0,0,0,0,0,-10000,0,0,0,0,10000,-10000,-10000
055817,京鼎國票99購01  ,0,0,0,0,0,0,0,0,0,-10000,0,0,0,0,10000,-10000,-10000
05608P,聯發科凱基96售10,0,0,0,0,0,0,0,0,0,-10000,0,0,0,10000,20000,-10000,-10000
056083,億光統一97購03  ,0,0,0,0,0,0,0,0,0,-10000,0,0,0,0,10000,-10000,-10000
05634P,玉晶光台新97售01,0,0,0,0,0,0,0,0,0,-10000,0,0,0,0,10000,-10000,-10000
05662P,景碩元富96售01  ,0,0,0,0,0,0,0,0,0,-10000,0,0,0,0,10000,-10000,-10000
05679P,台表科群益96售05,0,0,0,0,0,0,0,0,0,-10000,0,0,0,0,10000,-10000,-10000
05729P,臺股指凱基97售02,0,0,0,0,0,0,0,0,0,-10000,0,0,0,15000,25000,-10000,-10000
05770P,聯發科凱基96售16,0,0,0,0,0,0,0,0,0,-10000,0,0,0,0,10000,-10000,-10000
05772P,景碩凱基96售02  ,0,0,0,0,0,0,0,0,0,-10000,0,0,0,0,10000,-10000,-10000
05512P,華新科台新97售01,0,0,0,0,0,0,0,0,0,-10000,0,0,0,0,10000,-10000,-10000
055126,嘉澤兆豐97購01  ,0,0,0,0,0,0,0,0,0,-10000,0,0,0,0,10000,-10000,-10000
055111,宏盛凱基97購01  ,0,0,0,0,0,0,0,0,0,-10000,0,0,0,0,10000,-10000,-10000
055223,和大國票98購01  ,0,0,0,0,0,0,0,0,0,-10000,0,0,0,0,10000,-10000,-10000
055228,聯發科國票98購03,0,0,0,0,0,0,0,0,0,-10000,0,0,0,0,10000,-10000,-10000
055245,凱美統一99購01  ,0,0,0,0,0,0,0,0,0,-10000,0,0,0,0,10000,-10000,-10000
055248,可成統一97購02  ,0,0,0,0,0,0,0,0,0,-10000,0,0,0,0,10000,-10000,-10000
055256,日電貿統一99購01,0,0,0,0,0,0,0,0,0,-10000,0,0,0,0,10000,-10000,-10000
055054,群光永豐97購01  ,0,0,0,0,0,0,0,0,0,-10000,0,0,0,0,10000,-10000,-10000
055029,帆宣國泰99購01  ,0,0,0,0,0,0,0,0,0,-10000,0,0,0,39000,49000,-10000,-10000
055030,帆宣國泰99購02  ,0,0,0,0,0,0,0,0,0,-10000,0,0,0,53000,63000,-10000,-10000
055065,神達永豐97購01  ,0,0,0,0,0,0,0,0,0,-10000,0,0,0,75000,85000,-10000,-10000
05508P,華通統一97售01  ,0,0,0,0,0,0,0,0,0,-10000,0,0,0,0,10000,-10000,-10000
055101,台肥凱基97購01  ,0,0,0,0,0,0,0,0,0,-10000,0,0,0,0,10000,-10000,-10000
055013,訊連元富97購01  ,0,0,0,0,0,0,0,0,0,-10000,0,0,0,0,10000,-10000,-10000
055007,晶相光元富9A購02,0,0,0,0,0,0,0,0,0,-10000,0,0,0,0,10000,-10000,-10000
054951,大毅元大97購01  ,0,0,0,0,0,0,0,0,0,-10000,0,0,0,0,10000,-10000,-10000
055623,貿聯國泰99購01  ,0,0,0,0,0,0,0,0,0,-10000,0,0,0,0,10000,-10000,-10000
055610,光磊國票98購01  ,0,0,0,0,0,0,0,0,0,-10000,0,0,0,0,10000,-10000,-10000
055549,旺宏凱基97購03  ,0,0,0,0,0,0,0,0,0,-10000,0,0,0,6000,16000,-10000,-10000
055561,奇鋐凱基97購01  ,0,0,0,0,0,0,0,0,0,-10000,0,0,0,0,10000,-10000,-10000
055535,緯創群益98購01  ,0,0,0,0,0,0,0,0,0,-10000,0,0,0,11000,21000,-10000,-10000
055478,訊芯凱基97購01  ,0,0,0,0,0,0,0,0,0,-10000,0,0,0,0,10000,-10000,-10000
055468,智邦凱基97購04  ,0,0,0,0,0,0,0,0,0,-10000,0,0,0,0,10000,-10000,-10000
055471,聯發科凱基97購04,0,0,0,0,0,0,0,0,0,-10000,0,0,0,13000,23000,-10000,-10000
055326,緯穎國票97購06  ,0,0,0,0,0,0,0,0,0,-10000,0,0,0,0,10000,-10000,-10000
055366,國巨元大98購05  ,0,0,0,0,0,0,0,0,0,-10000,0,0,0,1000,11000,-10000,-10000
055354,宏達電凱基98購01,0,0,0,0,0,0,0,0,0,-10000,0,0,0,0,10000,-10000,-10000
055282,聯發科元大97購15,0,0,0,0,0,0,0,0,0,-10000,0,0,0,13000,23000,-10000,-10000
055430,宏達電群益97購01,0,0,0,0,0,0,0,0,0,-10000,0,0,0,0,10000,-10000,-10000
055425,聚陽群益99購01  ,0,0,0,0,0,0,0,0,0,-10000,0,0,0,0,10000,-10000,-10000
055434,樺漢群益97購01  ,0,0,0,0,0,0,0,0,0,-10000,0,0,0,0,10000,-10000,-10000
055402,正文元富97購02  ,0,0,0,0,0,0,0,0,0,-10000,0,0,0,0,10000,-10000,-10000
055383,GIS元大97購02   ,0,0,0,0,0,0,0,0,0,-10000,0,0,0,0,10000,-10000,-10000
054690,新興永豐97購01  ,0,0,0,0,0,0,0,0,0,-10000,0,0,0,0,10000,-10000,-10000
054761,台光電國票98購02,0,0,0,0,0,0,0,0,0,-10000,0,0,0,0,10000,-10000,-10000
054718,可成永豐97購01  ,0,0,0,0,0,0,0,0,0,-10000,0,0,0,0,10000,-10000,-10000
054618,訊芯永豐97購01  ,0,0,0,0,0,0,0,0,0,-10000,0,0,0,0,10000,-10000,-10000
054594,國巨麥證97購01  ,0,0,0,0,10000,-10000,0,0,0,-10000,0,0,0,0,10000,-10000,-10000
054600,中壽台新97購01  ,0,0,0,0,0,0,0,0,0,-10000,0,0,0,0,10000,-10000,-10000
054601,奇鋐台新98購01  ,0,0,0,0,0,0,0,0,0,-10000,0,0,0,0,10000,-10000,-10000
054846,瑞昱兆豐97購01  ,0,0,0,0,0,0,0,0,0,-10000,0,0,0,0,10000,-10000,-10000
054805,台苯元大9A購01  ,0,0,0,0,0,0,0,0,0,-10000,0,0,0,0,10000,-10000,-10000
054782,國巨群益97購01  ,0,0,0,0,0,0,0,0,0,-10000,0,0,0,0,10000,-10000,-10000
054790,禾伸堂群益98購01,0,0,0,0,0,0,0,0,0,-10000,0,0,0,0,10000,-10000,-10000
054792,揚明光群益97購01,0,0,0,0,0,0,0,0,0,-10000,0,0,0,0,10000,-10000,-10000
054858,台肥群益97購01  ,0,0,0,0,0,0,0,0,0,-10000,0,0,0,0,10000,-10000,-10000
054874,帆宣群益99購02  ,0,0,0,0,0,0,0,0,0,-10000,0,0,0,0,10000,-10000,-10000
054870,新日興群益98購01,0,0,0,0,0,0,0,0,0,-10000,0,0,0,0,10000,-10000,-10000
054871,明泰群益98購01  ,0,0,0,0,0,0,0,0,0,-10000,0,0,0,0,10000,-10000,-10000
054872,瀚宇博群益98購01,0,0,0,0,0,0,0,0,0,-10000,0,0,0,0,10000,-10000,-10000
054928,帆宣凱基98購01  ,0,0,0,0,0,0,0,0,0,-10000,0,0,0,0,10000,-10000,-10000
054908,群電康和97購01  ,0,0,0,0,0,0,0,0,0,-10000,0,0,0,0,10000,-10000,-10000
054555,欣興凱基98購01  ,0,0,0,0,0,0,0,0,0,-10000,0,0,0,18000,28000,-10000,-10000
054541,康控國票98購01  ,0,0,0,0,0,0,0,0,0,-10000,0,0,0,0,10000,-10000,-10000
054531,聯發科國泰97購02,0,0,0,0,0,0,0,0,0,-10000,0,0,0,10000,20000,-10000,-10000
054404,新日興康和96購01,0,0,0,0,0,0,0,0,0,-10000,0,0,0,0,10000,-10000,-10000
054416,禾伸堂元大97購01,0,0,0,0,0,0,0,0,0,-10000,0,0,0,0,10000,-10000,-10000
054384,瀚宇博群益96購02,0,0,0,0,0,0,0,0,0,-10000,0,0,0,0,10000,-10000,-10000
054358,矽創兆豐96購01  ,0,0,0,0,0,0,0,0,0,-10000,0,0,0,0,10000,-10000,-10000
054350,美律國泰98購01  ,0,0,0,0,0,0,0,0,0,-10000,0,0,0,0,10000,-10000,-10000
054351,華新科國泰97購03,0,0,0,0,0,0,0,0,0,-10000,0,0,0,0,10000,-10000,-10000
054310,牧德凱基98購01  ,0,0,0,0,0,0,0,0,0,-10000,0,0,0,0,10000,-10000,-10000
05356P,臺股指元富95售10,0,0,0,0,0,0,0,0,0,-10000,0,0,0,0,10000,-10000,-10000
053578,華新元大98購01  ,0,0,0,0,0,0,0,0,0,-10000,0,0,0,0,10000,-10000,-10000
053584,友達元大9B購02  ,0,0,0,0,0,0,0,0,0,-10000,0,0,0,2000,12000,-10000,-10000
053588,聯發科元大97購07,0,0,0,0,0,0,0,0,0,-10000,0,0,0,0,10000,-10000,-10000
053609,華新中信9A購01  ,0,75000,-75000,0,0,0,0,0,0,65000,0,0,0,75000,10000,65000,-10000
053617,宏達電群益96購02,0,0,0,0,0,0,0,0,0,-10000,0,0,0,0,10000,-10000,-10000
053704,國巨群益96購06  ,0,0,0,0,0,0,0,0,0,-10000,0,0,0,0,10000,-10000,-10000
053709,台達電凱基96購04,0,0,0,0,0,0,0,0,0,-10000,0,0,0,7000,17000,-10000,-10000
053718,全新凱基97購02  ,0,0,0,0,0,0,0,0,0,-10000,0,0,0,0,10000,-10000,-10000
053804,富邦金凱基96購01,0,0,0,0,0,0,0,0,0,-10000,0,0,0,0,10000,-10000,-10000
053810,台達電群益96購01,0,0,0,0,0,0,0,0,0,-10000,0,0,0,0,10000,-10000,-10000
053764,A50正2富邦99購01,0,0,0,0,0,0,0,0,0,-10000,0,0,0,0,10000,-10000,-10000
053772,大成鋼元大96購02,0,0,0,0,0,0,0,0,0,-10000,0,0,0,0,10000,-10000,-10000
053725,晶相光凱基96購01,0,0,0,0,0,0,0,0,0,-10000,0,0,0,0,10000,-10000,-10000
053748,燿華永豐96購04  ,0,0,0,0,0,0,0,0,0,-10000,0,0,0,0,10000,-10000,-10000
053749,揚明光永豐97購01,0,0,0,0,0,0,0,0,0,-10000,0,0,0,0,10000,-10000,-10000
053845,和大元富96購01  ,0,0,0,0,0,0,0,0,0,-10000,0,0,0,0,10000,-10000,-10000
053828,貿聯麥證96購01  ,0,0,0,0,10000,-10000,0,0,0,-10000,0,0,0,0,10000,-10000,-10000
053880,智邦中信96購01  ,0,0,0,0,0,0,0,0,0,-10000,0,0,0,0,10000,-10000,-10000
053989,奇力新兆豐97購01,0,0,0,0,0,0,0,0,0,-10000,0,0,0,10000,20000,-10000,-10000
053961,揚明光永豐96購04,0,0,0,0,0,0,0,0,0,-10000,0,0,0,0,10000,-10000,-10000
053949,康控富邦9A購01  ,0,0,0,0,0,0,0,0,0,-10000,0,0,0,100000,110000,-10000,-10000
053925,群創國票98購01  ,0,0,0,0,0,0,0,0,0,-10000,0,0,0,0,10000,-10000,-10000
053932,華新科統一96購03,0,0,0,0,0,0,0,0,0,-10000,0,0,0,0,10000,-10000,-10000
053995,奇力新群益97購02,0,0,0,0,0,0,0,0,0,-10000,0,0,0,11000,21000,-10000,-10000
05399P,GIS國票95售03   ,0,0,0,0,0,0,0,0,0,-10000,0,0,0,0,10000,-10000,-10000
054022,南亞康和96購01  ,0,0,0,0,0,0,0,0,0,-10000,0,0,0,0,10000,-10000,-10000
054031,中鋼中信98購01  ,0,0,0,0,0,0,0,0,0,-10000,0,0,0,10000,20000,-10000,-10000
054048,國泰金元大96購04,0,0,0,0,0,0,0,0,0,-10000,0,0,0,0,10000,-10000,-10000
054055,全新國票99購02  ,0,0,0,0,0,0,0,0,0,-10000,0,0,0,0,10000,-10000,-10000
054033,欣興中信96購02  ,0,0,0,0,0,0,0,0,0,-10000,0,0,0,0,10000,-10000,-10000
054151,瑞昱國泰97購01  ,0,0,0,0,0,0,0,0,0,-10000,0,0,0,4000,14000,-10000,-10000
054143,茂林元大96購04  ,0,0,0,0,0,0,0,0,0,-10000,0,0,0,10000,20000,-10000,-10000
054106,元油反凱基9C購01,0,0,0,0,0,0,0,0,0,-10000,0,0,0,0,10000,-10000,-10000
054098,嘉晶國票97購04  ,0,0,0,0,0,0,0,0,0,-10000,0,0,0,0,10000,-10000,-10000
054092,大立光群益97購01,0,0,0,0,0,0,0,0,0,-10000,0,0,0,3000,13000,-10000,-10000
054160,華泰凱基98購01  ,0,0,0,0,0,0,0,0,0,-10000,0,0,0,0,10000,-10000,-10000
054163,燿華凱基97購02  ,0,0,0,0,0,0,0,0,0,-10000,0,0,0,0,10000,-10000,-10000
054212,聯詠國票97購03  ,0,0,0,0,0,0,0,0,0,-10000,0,0,0,0,10000,-10000,-10000
054217,台表科國票97購05,0,0,0,0,0,0,0,0,0,-10000,0,0,0,0,10000,-10000,-10000
054224,亞光統一98購01  ,0,0,0,0,0,0,0,0,0,-10000,0,0,0,0,10000,-10000,-10000
045339,鴻海凱基92購06  ,0,0,0,0,0,0,0,0,0,-10000,0,0,0,0,10000,-10000,-10000
045348,大立光凱基93購06,0,0,0,0,0,0,0,0,0,-10000,0,0,0,0,10000,-10000,-10000
045349,大立光凱基93購07,0,0,0,0,0,0,0,0,0,-10000,0,0,0,0,10000,-10000,-10000
045334,全新日盛92購01  ,0,0,0,0,0,0,0,0,0,-10000,0,0,0,0,10000,-10000,-10000
045320,鴻海統一92購05  ,0,0,0,0,0,0,0,0,0,-10000,0,0,0,0,10000,-10000,-10000
045377,華邦電元大93購01,0,0,0,0,0,0,0,0,0,-10000,0,0,0,0,10000,-10000,-10000
045435,鴻海統一94購01  ,0,0,0,0,0,0,0,0,0,-10000,0,0,0,0,10000,-10000,-10000
046385,群創凱基98購03  ,0,0,0,0,0,0,0,0,0,-10000,0,0,0,0,10000,-10000,-10000
046359,宏達電台新92購01,0,0,0,0,0,0,0,0,0,-10000,0,0,0,0,10000,-10000,-10000
046345,世紀鋼國票93購01,0,0,0,0,0,0,0,0,0,-10000,0,0,0,0,10000,-10000,-10000
046352,智邦群益92購02  ,0,0,0,0,0,0,0,0,0,-10000,0,0,0,0,10000,-10000,-10000
046353,聯發科群益92購04,0,0,0,0,0,0,0,0,0,-10000,0,0,0,0,10000,-10000,-10000
046355,欣興群益92購03  ,0,0,0,0,0,0,0,0,0,-10000,0,0,0,0,10000,-10000,-10000
046343,和鑫國票93購02  ,0,0,0,0,0,0,0,0,0,-10000,0,0,0,0,10000,-10000,-10000
046338,致伸中信92購01  ,0,0,0,0,0,0,0,0,0,-10000,0,0,0,0,10000,-10000,-10000
045653,南茂凱基93購02  ,0,0,0,0,0,0,0,0,0,-10000,0,0,0,0,10000,-10000,-10000
045629,智邦凱基92購01  ,0,0,0,0,0,0,0,0,0,-10000,0,0,0,0,10000,-10000,-10000
045597,聯發科第一92購01,0,0,0,0,0,0,0,0,0,-10000,0,0,0,0,10000,-10000,-10000
045726,矽創凱基92購01  ,0,0,0,0,0,0,0,0,0,-10000,0,0,0,0,10000,-10000,-10000
04566P,GIS凱基94售04   ,0,0,0,0,0,0,0,0,0,-10000,0,0,0,0,10000,-10000,-10000
045670,鴻海元大92購09  ,0,0,0,0,0,0,0,0,0,-10000,0,0,0,13000,23000,-10000,-10000
045665,聯電元富92購01  ,0,0,0,0,0,0,0,0,0,-10000,0,0,0,0,10000,-10000,-10000
045843,燿華台新92購01  ,0,0,0,0,0,0,0,0,0,-10000,0,0,0,0,10000,-10000,-10000
045818,鴻海凱基93購10  ,0,0,0,0,0,0,0,0,0,-10000,0,0,0,0,10000,-10000,-10000
045704,微星日盛92購01  ,0,0,0,0,0,0,0,0,0,-10000,0,0,0,0,10000,-10000,-10000
049509,台達電凱基94購07,0,0,0,0,0,0,0,0,0,-10000,0,0,0,0,10000,-10000,-10000
049501,台郡元大95購01  ,0,0,0,0,0,0,0,0,0,-10000,0,0,0,0,10000,-10000,-10000
049564,聯電統一94購03  ,0,0,0,0,0,0,0,0,0,-10000,0,0,0,0,10000,-10000,-10000
049566,鴻海統一94購04  ,0,0,0,0,0,0,0,0,0,-10000,0,0,0,0,10000,-10000,-10000
049558,深中小統一94購04,0,0,0,0,0,0,0,0,0,-10000,0,0,0,0,10000,-10000,-10000
049323,百和凱基94購01  ,0,0,0,0,0,0,0,0,0,-10000,0,0,0,0,10000,-10000,-10000
049318,樺漢凱基94購01  ,0,0,0,0,0,0,0,0,0,-10000,0,0,0,20000,30000,-10000,-10000
049334,上銀統一94購01  ,0,0,0,0,0,0,0,0,0,-10000,0,0,0,0,10000,-10000,-10000
04933P,中石化中信96售01,0,0,0,0,0,0,0,0,0,-10000,0,0,0,0,10000,-10000,-10000
049341,旺宏統一95購01  ,0,0,0,0,0,0,0,0,0,-10000,0,0,0,0,10000,-10000,-10000
046620,智伸科凱基93購01,0,0,0,0,0,0,0,0,0,-10000,0,0,0,0,10000,-10000,-10000
049311,漢唐凱基94購03  ,0,0,0,0,0,0,0,0,0,-10000,0,0,0,0,10000,-10000,-10000
047832,漢唐元大94購03  ,0,0,0,0,0,0,0,0,0,-10000,0,0,0,0,10000,-10000,-10000
049467,致伸台新94購01  ,0,0,0,0,0,0,0,0,0,-10000,0,0,0,0,10000,-10000,-10000
049447,聯電統一94購01  ,0,0,0,0,0,0,0,0,0,-10000,0,0,0,0,10000,-10000,-10000
049456,上海銀統一94購03,0,0,0,0,0,0,0,0,0,-10000,0,0,0,10000,20000,-10000,-10000
049426,為升兆豐95購01  ,0,0,0,0,0,0,0,0,0,-10000,0,0,0,0,10000,-10000,-10000
049399,台光電群益94購02,0,0,0,0,0,0,0,0,0,-10000,0,0,0,0,10000,-10000,-10000
045285,禾伸堂永豐92購01,0,0,0,0,0,0,0,0,0,-10000,0,0,0,0,10000,-10000,-10000
045270,南電凱基92購03  ,0,0,0,0,0,0,0,0,0,-10000,0,0,0,0,10000,-10000,-10000
045300,建準元大92購01  ,0,0,0,0,0,0,0,0,0,-10000,0,0,0,0,10000,-10000,-10000
045319,鴻海統一92購04  ,0,0,0,0,0,0,0,0,0,-10000,0,0,0,0,10000,-10000,-10000
046189,聯發科凱基92購02,0,0,0,0,0,0,0,0,0,-10000,0,0,0,0,10000,-10000,-10000
046213,可成統一92購06  ,0,0,0,0,0,0,0,0,0,-10000,0,0,0,0,10000,-10000,-10000
046193,大立光凱基92購06,0,0,0,0,0,0,0,0,0,-10000,0,0,0,0,10000,-10000,-10000
046196,欣興凱基92購04  ,0,0,0,0,0,0,0,0,0,-10000,0,0,0,0,10000,-10000,-10000
046273,和碩凱基92購02  ,0,0,0,0,0,0,0,0,0,-10000,0,0,0,0,10000,-10000,-10000
045496,鴻海凱基92購07  ,0,0,0,0,0,0,0,0,0,-10000,0,0,0,0,10000,-10000,-10000
045511,同欣電凱基92購02,0,0,0,0,0,0,0,0,0,-10000,0,0,0,0,10000,-10000,-10000
045474,力成元大92購01  ,0,0,0,0,0,0,0,0,0,-10000,0,0,0,0,10000,-10000,-10000
045505,旭富凱基92購01  ,0,0,0,0,0,0,0,0,0,-10000,0,0,0,0,10000,-10000,-10000
044401,亞光凱基93購01  ,0,0,0,0,0,0,0,0,0,-10000,0,0,0,50000,60000,-10000,-10000
044440,臺股指元大92購07,0,0,0,0,0,0,0,0,0,-10000,0,0,0,0,10000,-10000,-10000
044264,大立光富邦93購03,0,0,0,0,0,0,0,0,0,-10000,0,0,0,0,10000,-10000,-10000
045151,大立光凱基93購02,0,0,0,0,0,0,0,0,0,-10000,0,0,0,0,10000,-10000,-10000
04515P,元油2X群益97售02,0,0,0,0,0,0,0,0,0,-10000,0,0,0,0,10000,-10000,-10000
044567,華通凱基93購03  ,0,0,0,0,0,0,0,0,0,-10000,0,0,0,0,10000,-10000,-10000
04451P,可成凱基94售04  ,0,0,0,0,0,0,0,0,0,-10000,0,0,0,28000,38000,-10000,-10000
044530,台積電富邦94購01,0,0,0,0,0,0,0,0,0,-10000,0,0,0,5000,15000,-10000,-10000
044496,群創元大93購02  ,0,0,0,0,0,0,0,0,0,-10000,0,0,0,38000,48000,-10000,-10000
044508,微星凱基92購02  ,0,0,0,0,0,0,0,0,0,-10000,0,0,0,0,10000,-10000,-10000
044509,台光電凱基93購03,0,0,0,0,0,0,0,0,0,-10000,0,0,0,0,10000,-10000,-10000
045111,亞德客永豐92購01,0,0,0,0,0,0,0,0,0,-10000,0,0,0,13000,23000,-10000,-10000
044134,訊芯凱基93購01  ,0,0,0,0,0,0,0,0,0,-10000,0,0,0,0,10000,-10000,-10000
046167,樺漢兆豐92購01  ,0,0,0,0,0,0,0,0,0,-10000,0,0,0,0,10000,-10000,-10000
046150,欣興國票92購02  ,0,0,0,0,0,0,0,0,0,-10000,0,0,0,0,10000,-10000,-10000
046164,健策兆豐93購03  ,0,0,0,0,0,0,0,0,0,-10000,0,0,0,0,10000,-10000,-10000
045038,臻鼎群益93購01  ,0,0,0,0,0,0,0,0,0,-10000,0,0,0,20000,30000,-10000,-10000
045049,景碩凱基92購02  ,0,0,0,0,0,0,0,0,0,-10000,0,0,0,0,10000,-10000,-10000
046069,禾伸堂凱基92購01,0,0,0,0,0,0,0,0,0,-10000,0,0,0,0,10000,-10000,-10000
046072,台勝科凱基92購03,0,0,0,0,0,0,0,0,0,-10000,0,0,0,0,10000,-10000,-10000
046062,遠東新凱基92購02,0,0,0,0,0,0,0,0,0,-10000,0,0,0,0,10000,-10000,-10000
046066,長榮航凱基94購01,0,0,0,0,0,0,0,0,0,-10000,0,0,0,0,10000,-10000,-10000
046136,南茂富邦92購01  ,0,0,0,0,0,0,0,0,0,-10000,0,0,0,0,10000,-10000,-10000
046137,遠東新統一92購01,0,0,0,0,0,0,0,0,0,-10000,0,0,0,0,10000,-10000,-10000
046092,智伸科兆豐92購01,0,0,0,0,0,0,0,0,0,-10000,0,0,0,0,10000,-10000,-10000
044872,旺宏統一93購02  ,0,0,0,0,0,0,0,0,0,-10000,0,0,0,0,10000,-10000,-10000
044862,台表科兆豐93購01,0,0,0,0,0,0,0,0,0,-10000,0,0,0,0,10000,-10000,-10000
046506,全新元大92購05  ,0,0,0,0,0,0,0,0,0,-10000,0,0,0,0,10000,-10000,-10000
046467,台虹凱基92購02  ,0,0,0,0,0,0,0,0,0,-10000,0,0,0,0,10000,-10000,-10000
044961,聯電中信94購01  ,0,0,0,0,0,0,0,0,0,-10000,0,0,0,0,10000,-10000,-10000
046814,鴻海凱基93購20  ,0,0,0,0,0,0,0,0,0,-10000,0,0,0,0,10000,-10000,-10000
046839,喬山台新93購01  ,0,0,0,0,0,0,0,0,0,-10000,0,0,0,0,10000,-10000,-10000
046891,南亞科群益93購01,0,0,0,0,0,0,0,0,0,-10000,0,0,0,0,10000,-10000,-10000
046455,瑞昱凱基92購03  ,0,0,0,0,0,0,0,0,0,-10000,0,0,0,0,10000,-10000,-10000
046462,康控凱基92購01  ,0,0,0,0,0,0,0,0,0,-10000,0,0,0,0,10000,-10000,-10000
046409,富邦金元大92購02,0,0,0,0,0,0,0,0,0,-10000,0,0,0,0,10000,-10000,-10000
04178P,聯茂元大93售07  ,0,0,0,0,0,0,0,0,0,-10000,0,0,0,0,10000,-10000,-10000
041817,鴻海凱基92購01  ,0,0,0,0,0,0,0,0,0,-10000,0,0,0,0,10000,-10000,-10000
041921,台灣50凱基93購04,0,0,0,0,0,0,0,0,0,-10000,0,0,0,0,10000,-10000,-10000
04188P,康控元富93售03  ,0,0,0,0,0,0,0,0,0,-10000,0,0,0,8000,18000,-10000,-10000
04189P,台積電兆豐94售02,0,0,0,0,0,0,0,0,0,-10000,0,0,0,0,10000,-10000,-10000
04127P,聯茂國票93售02  ,0,0,0,0,0,0,0,0,0,-10000,0,0,0,0,10000,-10000,-10000
04156P,大立光永豐93售02,0,0,0,0,0,0,0,0,0,-10000,0,0,0,0,10000,-10000,-10000
04168P,元金2X凱基99售01,0,0,0,0,0,0,0,0,0,-10000,0,0,0,0,10000,-10000,-10000
043346,TPK富邦93購01   ,0,0,0,0,0,0,0,0,0,-10000,0,0,0,0,10000,-10000,-10000
04213P,台光電凱基93售11,0,0,0,0,0,0,0,0,0,-10000,0,0,0,0,10000,-10000,-10000
042618,台灣50群益92購04,0,0,0,0,0,0,0,0,0,-10000,0,0,0,0,10000,-10000,-10000
04239P,上銀凱基93售08  ,0,0,0,0,0,0,0,0,0,-10000,0,0,0,0,10000,-10000,-10000
042387,台積電永昌93購02,0,0,0,0,0,0,0,0,0,-10000,0,0,0,85000,95000,-10000,-10000
039550,滬深反凱基94購01,0,0,0,0,0,0,0,0,0,-10000,0,0,0,80000,90000,-10000,-10000
042558,瑞昱中信94購01  ,0,0,0,0,0,0,0,0,0,-10000,0,0,0,10000,20000,-10000,-10000
04362P,聯詠統一94售01  ,0,0,0,0,0,0,0,0,0,-10000,0,0,0,0,10000,-10000,-10000
045968,貿聯凱基92購03  ,0,0,0,0,0,0,0,0,0,-10000,0,0,0,0,10000,-10000,-10000
045965,大立光凱基92購03,0,0,0,0,0,0,0,0,0,-10000,0,0,0,0,10000,-10000,-10000
045971,智伸科凱基92購01,0,0,0,0,0,0,0,0,0,-10000,0,0,0,0,10000,-10000,-10000
045985,台達電永昌93購01,0,0,0,0,0,0,0,0,0,-10000,0,0,0,0,10000,-10000,-10000
045994,康控富邦94購01  ,0,0,0,0,0,0,0,0,0,-10000,0,0,0,0,10000,-10000,-10000
046039,新日興元大92購02,0,0,0,0,0,0,0,0,0,-10000,0,0,0,0,10000,-10000,-10000
046047,臺股指元大93購17,0,0,0,0,0,0,0,0,0,-10000,0,0,0,0,10000,-10000,-10000
046660,宏達電元大93購07,0,0,0,0,0,0,0,0,0,-10000,0,0,0,0,10000,-10000,-10000
046060,台塑凱基92購01  ,0,0,0,0,0,0,0,0,0,-10000,0,0,0,0,10000,-10000,-10000
046694,智邦凱基93購01  ,0,0,0,0,0,0,0,0,0,-10000,0,0,0,4000,14000,-10000,-10000
046696,可成凱基93購02  ,0,0,0,0,0,0,0,0,0,-10000,0,0,0,3000,13000,-10000,-10000
046767,南茂凱基93購03  ,0,0,0,0,0,0,0,0,0,-10000,0,0,0,0,10000,-10000,-10000
046794,智伸科元富93購01,0,0,0,0,0,0,0,0,0,-10000,0,0,0,0,10000,-10000,-10000
046803,可成元大93購03  ,0,0,0,0,0,0,0,0,0,-10000,0,0,0,0,10000,-10000,-10000
044721,創意台新93購01  ,0,0,0,0,0,0,0,0,0,-10000,0,0,0,0,10000,-10000,-10000
043958,臻鼎元富94購01  ,0,0,0,0,0,0,0,0,0,-10000,0,0,0,0,10000,-10000,-10000
043895,鴻海群益92購01  ,0,0,0,0,0,0,0,0,0,-10000,0,0,0,0,10000,-10000,-10000
044750,鴻海凱基93購07  ,0,0,0,0,0,0,0,0,0,-10000,0,0,0,0,10000,-10000,-10000
04483P,元油2X凱基97售04,0,0,0,0,0,0,0,0,0,-10000,0,0,0,1610000,1620000,-10000,-10000
043774,瑞昱兆豐92購01  ,0,0,0,0,0,0,0,0,0,-10000,0,0,0,0,10000,-10000,-10000
043770,亞德客兆豐92購01,0,0,0,0,0,0,0,0,0,-10000,0,0,0,0,10000,-10000,-10000
042787,新日興兆豐93購01,0,0,0,0,0,0,0,0,0,-10000,0,0,0,0,10000,-10000,-10000
042826,欣興兆豐93購01  ,0,0,0,0,0,0,0,0,0,-10000,0,0,0,0,10000,-10000,-10000
035277,景碩台新97購01  ,0,0,0,0,0,0,0,0,0,-10000,0,0,0,0,10000,-10000,-10000
03512P,臺股指國票02售01,0,0,0,0,0,0,0,0,0,-10000,0,0,0,0,10000,-10000,-10000
03394P,聯電國泰04售01  ,0,0,0,0,0,0,0,0,0,-10000,0,0,0,0,10000,-10000,-10000
03334P,宏達電元大02售04,0,0,0,0,0,0,0,0,0,-10000,0,0,0,0,10000,-10000,-10000
03318P,台積電元富08售12,0,0,0,0,0,0,0,0,0,-10000,0,0,0,0,10000,-10000,-10000
04052P,上銀國泰94售01  ,0,0,0,0,0,0,0,0,0,-10000,0,0,0,0,10000,-10000,-10000
040508,上証2X國泰93購01,0,0,0,0,0,0,0,0,0,-10000,0,0,0,0,10000,-10000,-10000
04109P,臺股指永昌93售04,290000,0,290000,0,0,0,0,0,0,-300000,0,0,0,0,300000,-300000,-10000
04314P,聯茂元富93售01  ,0,0,0,0,0,0,0,0,0,-10000,0,0,0,0,10000,-10000,-10000
00735,國泰臺韓科技    ,0,0,0,0,0,0,0,0,0,-10000,0,0,0,119000,129000,-10000,-10000
03038P,玉晶光國票02售03,0,0,0,0,0,0,0,0,0,-10000,0,0,0,0,10000,-10000,-10000
03027X,元展24          ,0,0,0,0,0,0,0,0,0,-10000,0,0,0,3000,13000,-10000,-10000
03618C,高股息凱基95牛01,0,0,0,0,0,0,0,0,0,-10000,0,0,0,0,10000,-10000,-10000
03744P,致茂凱基93售01  ,0,0,0,0,0,0,0,0,0,-10000,0,0,0,0,10000,-10000,-10000
03713P,GIS元富93售02   ,0,0,0,0,0,0,0,0,0,-10000,0,0,0,0,10000,-10000,-10000
03719P,矽創永豐93售01  ,0,0,0,0,0,0,0,0,0,-10000,0,0,0,0,10000,-10000,-10000
03758P,GIS永豐93售01   ,0,0,0,0,0,0,0,0,0,-10000,0,0,0,0,10000,-10000,-10000
03779P,力山凱基93售01  ,0,0,0,0,0,0,0,0,0,-10000,0,0,0,0,10000,-10000,-10000
049666,臺股指永昌94購01,0,0,0,0,0,0,0,0,0,-10000,0,0,0,0,10000,-10000,-10000
049658,國巨台新95購01  ,0,0,0,0,0,0,0,0,0,-10000,0,0,0,0,10000,-10000,-10000
049834,康控凱基94購01  ,0,0,0,0,0,0,0,0,0,-10000,0,0,0,0,10000,-10000,-10000
049714,國巨凱基94購02  ,0,0,0,0,0,0,0,0,0,-10000,0,0,0,0,10000,-10000,-10000
047862,超眾台新93購01  ,0,0,0,0,0,0,0,0,0,-10000,0,0,0,0,10000,-10000,-10000
046988,南亞科凱基93購02,0,0,0,0,0,0,0,0,0,-10000,0,0,0,0,10000,-10000,-10000
047017,鴻海元大93購08  ,0,0,0,0,0,0,0,0,0,-10000,0,0,0,0,10000,-10000,-10000
04857P,美律元富94售01  ,0,0,0,0,0,0,0,0,0,-10000,0,0,0,0,10000,-10000,-10000
048583,智原富邦98購01  ,0,0,0,0,0,0,0,0,0,-10000,0,0,0,0,10000,-10000,-10000
048586,美利達富邦93購01,0,0,0,0,0,0,0,0,0,-10000,0,0,0,0,10000,-10000,-10000
048611,宏達電凱基93購04,0,0,0,0,0,0,0,0,0,-10000,0,0,0,0,10000,-10000,-10000
048615,貿聯凱基93購04  ,0,0,0,0,0,0,0,0,0,-10000,0,0,0,0,10000,-10000,-10000
048616,智伸科凱基93購07,0,0,0,0,0,0,0,0,0,-10000,0,0,0,0,10000,-10000,-10000
048560,聯發科元大94購01,0,0,0,0,0,0,0,0,0,-10000,0,0,0,0,10000,-10000,-10000
047913,美利達麥證93購01,0,0,0,0,10000,-10000,0,0,0,-10000,0,0,0,0,10000,-10000,-10000
047915,鴻海凱基93購27  ,0,0,0,0,0,0,0,0,0,-10000,0,0,0,0,10000,-10000,-10000
049024,玉晶光群益97購01,0,0,0,0,0,0,0,0,0,-10000,0,0,0,0,10000,-10000,-10000
049012,大成鋼群益94購01,0,0,0,0,0,0,0,0,0,-10000,0,0,0,0,10000,-10000,-10000
048693,GIS群益94購02   ,0,0,0,0,0,0,0,0,0,-10000,0,0,0,0,10000,-10000,-10000
048696,台達電國票96購01,0,0,0,0,0,0,0,0,0,-10000,0,0,0,0,10000,-10000,-10000
048688,瑞昱群益94購01  ,0,0,0,0,0,0,0,0,0,-10000,0,0,0,100000,110000,-10000,-10000
048711,台郡台新94購01  ,0,0,0,0,0,0,0,0,0,-10000,0,0,0,0,10000,-10000,-10000
048663,聯發科統一96購01,0,0,0,0,0,0,0,0,0,-10000,0,0,0,20000,30000,-10000,-10000
047938,台化國票93購01  ,0,0,0,0,0,0,0,0,0,-10000,0,0,0,0,10000,-10000,-10000
047917,台積電凱基94購01,0,0,0,0,0,0,0,0,0,-10000,0,0,0,0,10000,-10000,-10000
047091,南茂元富93購01  ,0,0,0,0,0,0,0,0,0,-10000,0,0,0,0,10000,-10000,-10000
047921,南亞科凱基93購05,0,0,0,0,0,0,0,0,0,-10000,0,0,0,0,10000,-10000,-10000
047061,鴻海凱基93購23  ,0,0,0,0,0,0,0,0,0,-10000,0,0,0,0,10000,-10000,-10000
047063,漢唐凱基95購01  ,0,0,0,0,0,0,0,0,0,-10000,0,0,0,0,10000,-10000,-10000
050116,嘉澤元大94購03  ,0,0,0,0,0,0,0,0,0,-10000,0,0,0,0,10000,-10000,-10000
050132,日電貿凱基94購02,0,0,0,0,0,0,0,0,0,-10000,0,0,0,0,10000,-10000,-10000
050144,宏達電台新95購01,0,0,0,0,0,0,0,0,0,-10000,0,0,0,0,10000,-10000,-10000
050097,可成國泰96購02  ,0,0,0,0,0,0,0,0,0,-10000,0,0,0,100000,110000,-10000,-10000
050152,聯發科群益94購07,0,0,0,0,0,0,0,0,0,-10000,0,0,0,0,10000,-10000,-10000
050102,鴻海富邦95購04  ,0,0,0,0,0,0,0,0,0,-10000,0,0,0,0,10000,-10000,-10000
049851,致伸群益94購03  ,0,0,0,0,0,0,0,0,0,-10000,0,0,0,0,10000,-10000,-10000
049862,南亞科兆豐94購01,0,0,0,0,0,0,0,0,0,-10000,0,0,0,0,10000,-10000,-10000
049947,S&P反1中信97購01,0,0,0,0,0,0,0,0,0,-10000,0,0,0,0,10000,-10000,-10000
049874,全新康和94購01  ,0,0,0,0,0,0,0,0,0,-10000,0,0,0,0,10000,-10000,-10000
049891,T50反1富邦94購02,0,0,0,0,0,0,0,0,0,-10000,0,0,0,499000,509000,-10000,-10000
049887,嘉聯益永昌95購01,0,0,0,0,0,0,0,0,0,-10000,0,0,0,0,10000,-10000,-10000
047546,瑞昱凱基93購06  ,0,0,0,0,0,0,0,0,0,-10000,0,0,0,3000,13000,-10000,-10000
047581,康控台新93購01  ,0,0,0,0,0,0,0,0,0,-10000,0,0,0,0,10000,-10000,-10000
047200,鴻海元富93購04  ,0,0,0,0,0,0,0,0,0,-10000,0,0,0,0,10000,-10000,-10000
047525,漢唐元大93購04  ,0,0,0,0,0,0,0,0,0,-10000,0,0,0,0,10000,-10000,-10000
047543,鴻海凱基94購09  ,0,0,0,0,0,0,0,0,0,-10000,0,0,0,0,10000,-10000,-10000
047538,訊芯日盛93購01  ,0,0,0,0,0,0,0,0,0,-10000,0,0,0,0,10000,-10000,-10000
049982,嘉晶凱基94購01  ,0,0,0,0,0,0,0,0,0,-10000,0,0,0,0,10000,-10000,-10000
049992,國巨台新94購02  ,0,0,0,0,0,0,0,0,0,-10000,0,0,0,0,10000,-10000,-10000
049980,奇力新凱基94購04,0,0,0,0,0,0,0,0,0,-10000,0,0,0,0,10000,-10000,-10000
049998,奇力新永豐94購03,0,0,0,0,0,0,0,0,0,-10000,0,0,0,0,10000,-10000,-10000
050069,禾伸堂凱基94購04,0,0,0,0,0,0,0,0,0,-10000,0,0,0,0,10000,-10000,-10000
050085,國泰金元富94購01,0,0,0,0,0,0,0,0,0,-10000,0,0,0,0,10000,-10000,-10000
050086,國巨台新94購03  ,0,0,0,0,0,0,0,0,0,-10000,0,0,0,0,10000,-10000,-10000
050064,華新科凱基94購08,0,0,0,0,0,0,0,0,0,-10000,0,0,0,0,10000,-10000,-10000
050059,旺宏凱基94購03  ,0,0,0,0,0,0,0,0,0,-10000,0,0,0,6000,16000,-10000,-10000
046914,友達台新96購01  ,0,0,0,0,0,0,0,0,0,-10000,0,0,0,0,10000,-10000,-10000
050201,光磊群益94購01  ,0,0,0,0,0,0,0,0,0,-10000,0,0,0,0,10000,-10000,-10000
050192,康控元大97購01  ,0,0,0,0,0,0,0,0,0,-10000,0,0,0,0,10000,-10000,-10000
050180,華新科元大95購08,0,0,0,0,0,0,0,0,0,-10000,0,0,0,10000,20000,-10000,-10000
047137,健策凱基94購01  ,0,0,0,0,0,0,0,0,0,-10000,0,0,0,0,10000,-10000,-10000
047130,台達電凱基93購03,0,0,0,0,0,0,0,0,0,-10000,0,0,0,0,10000,-10000,-10000
046927,上銀富邦95購01  ,0,0,0,0,0,0,0,0,0,-10000,0,0,0,0,10000,-10000,-10000
04775P,台積電凱基94售29,0,0,0,0,0,0,0,0,0,-10000,0,0,0,0,10000,-10000,-10000
047792,美利達群益93購02,0,0,0,0,0,0,0,0,0,-10000,0,0,0,0,10000,-10000,-10000
047786,燿華群益93購03  ,0,0,0,0,0,0,0,0,0,-10000,0,0,0,0,10000,-10000,-10000
047705,燿華凱基94購01  ,0,0,0,0,0,0,0,0,0,-10000,0,0,0,0,10000,-10000,-10000
047700,華新凱基94購01  ,0,0,0,0,0,0,0,0,0,-10000,0,0,0,0,10000,-10000,-10000
047711,華新科凱基94購03,0,0,0,0,0,0,0,0,0,-10000,0,0,0,0,10000,-10000,-10000
047716,晶技凱基93購03  ,0,0,0,0,0,0,0,0,0,-10000,0,0,0,0,10000,-10000,-10000
047736,聯發科台新94購01,0,0,0,0,0,0,0,0,0,-10000,0,0,0,0,10000,-10000,-10000
047428,臻鼎亞東93購01  ,0,0,0,0,0,0,0,0,0,-10000,0,0,0,0,10000,-10000,-10000
047467,滬深2X中信95購06,0,0,0,0,0,0,0,0,0,-10000,0,0,0,0,10000,-10000,-10000
047468,為升中信95購01  ,0,0,0,0,0,0,0,0,0,-10000,0,0,0,0,10000,-10000,-10000
047461,大立光群益93購09,0,0,0,0,0,0,0,0,0,-10000,0,0,0,0,10000,-10000,-10000
047815,大立光凱基93購25,0,0,0,0,0,0,0,0,0,-10000,0,0,0,0,10000,-10000,-10000
047809,瑞昱凱基93購08  ,0,0,0,0,0,0,0,0,0,-10000,0,0,0,3000,13000,-10000,-10000
047813,華新科凱基93購07,0,0,0,0,0,0,0,0,0,-10000,0,0,0,0,10000,-10000,-10000
048067,台光電元富93購01,0,0,0,0,0,0,0,0,0,-10000,0,0,0,0,10000,-10000,-10000
048027,京元電凱基93購03,0,0,0,0,0,0,0,0,0,-10000,0,0,0,0,10000,-10000,-10000
048031,全新凱基93購02  ,0,0,0,0,0,0,0,0,0,-10000,0,0,0,0,10000,-10000,-10000
048032,可成凱基93購13  ,0,0,0,0,0,0,0,0,0,-10000,0,0,0,0,10000,-10000,-10000
047489,滬深2X統一93購02,0,0,0,0,0,0,0,0,0,-10000,0,0,0,0,10000,-10000,-10000
047476,鴻海凱基94購08  ,0,0,0,0,0,0,0,0,0,-10000,0,0,0,0,10000,-10000,-10000
048757,美利達元富96購01,0,0,0,0,0,0,0,0,0,-10000,0,0,0,0,10000,-10000,-10000
048765,奇力新凱基94購01,0,0,0,0,0,0,0,0,0,-10000,0,0,0,0,10000,-10000,-10000
048766,禾伸堂凱基94購01,0,0,0,0,0,0,0,0,0,-10000,0,0,0,0,10000,-10000,-10000
048779,美利達凱基94購01,0,0,0,0,0,0,0,0,0,-10000,0,0,0,0,10000,-10000,-10000
048739,華新科統一94購02,0,0,0,0,0,0,0,0,0,-10000,0,0,0,0,10000,-10000,-10000
048800,瑞昱富邦94購01  ,0,0,0,0,0,0,0,0,0,-10000,0,0,0,0,10000,-10000,-10000
048249,嘉澤兆豐94購01  ,0,0,0,0,0,0,0,0,0,-10000,0,0,0,0,10000,-10000,-10000
050695,台積電凱基94購40,0,0,0,0,0,0,0,0,0,-10000,0,0,0,0,10000,-10000,-10000
050648,全新凱基96購01  ,0,0,0,0,0,0,0,0,0,-10000,0,0,0,0,10000,-10000,-10000
050664,全新台新94購02  ,0,0,0,0,0,0,0,0,0,-10000,0,0,0,0,10000,-10000,-10000
050671,超眾永豐94購04  ,0,0,0,0,0,0,0,0,0,-10000,0,0,0,0,10000,-10000,-10000
050672,上証2X富邦97購01,0,0,0,0,0,0,0,0,0,-10000,0,0,0,0,10000,-10000,-10000
050577,美律國票94購03  ,0,0,0,0,0,0,0,0,0,-10000,0,0,0,15000,25000,-10000,-10000
050553,緯穎凱基94購06  ,0,0,0,0,0,0,0,0,0,-10000,0,0,0,0,10000,-10000,-10000
050610,鴻海元大94購24  ,0,0,0,0,0,0,0,0,0,-10000,0,0,0,0,10000,-10000,-10000
050605,上証2X元大97購02,0,0,0,0,0,0,0,0,0,-10000,0,0,0,0,10000,-10000,-10000
050350,全新群益94購04  ,0,0,0,0,0,0,0,0,0,-10000,0,0,0,0,10000,-10000,-10000
050372,全新元大96購03  ,0,0,0,0,0,0,0,0,0,-10000,0,0,0,0,10000,-10000,-10000
050426,國巨凱基94購14  ,0,0,0,0,0,0,0,0,0,-10000,0,0,0,0,10000,-10000,-10000
050417,喬山凱基94購01  ,0,0,0,0,0,0,0,0,0,-10000,0,0,0,0,10000,-10000,-10000
050401,鎧勝中信94購01  ,0,0,0,0,0,0,0,0,0,-10000,0,0,0,0,10000,-10000,-10000
050502,聯發科凱基94購21,0,0,0,0,0,0,0,0,0,-10000,0,0,0,2000,12000,-10000,-10000
050443,復盛凱基94購02  ,0,0,0,0,0,0,0,0,0,-10000,0,0,0,3000,13000,-10000,-10000
050447,廣達元大94購01  ,0,0,0,0,0,0,0,0,0,-10000,0,0,0,0,10000,-10000,-10000
050484,世紀鋼國票95購02,0,0,0,0,0,0,0,0,0,-10000,0,0,0,0,10000,-10000,-10000
050490,上証2X國泰95購01,0,0,0,0,0,0,0,0,0,-10000,0,0,0,0,10000,-10000,-10000
050465,神基中信94購01  ,0,0,0,0,0,0,0,0,0,-10000,0,0,0,0,10000,-10000,-10000
050260,鴻海元大94購15  ,0,0,0,0,0,0,0,0,0,-10000,0,0,0,0,10000,-10000,-10000
050302,百和凱基94購03  ,0,0,0,0,0,0,0,0,0,-10000,0,0,0,0,10000,-10000,-10000
050341,光寶科元富94購01,0,0,0,0,0,0,0,0,0,-10000,0,0,0,0,10000,-10000,-10000
050223,聯茂元富94購02  ,0,0,0,0,0,0,0,0,0,-10000,0,0,0,0,10000,-10000,-10000
050215,TPK台新96購01   ,0,0,0,0,0,0,0,0,0,-10000,0,0,0,0,10000,-10000,-10000
048896,凌陽國泰95購01  ,0,0,0,0,0,0,0,0,0,-10000,0,0,0,0,10000,-10000,-10000
047399,華通康和93購01  ,0,0,0,0,0,0,0,0,0,-10000,0,0,0,0,10000,-10000,-10000
047415,欣興永昌93購01  ,0,0,0,0,0,0,0,0,0,-10000,0,0,0,0,10000,-10000,-10000
04741P,台積電統一94售10,0,0,0,0,0,0,0,0,0,-10000,0,0,0,0,10000,-10000,-10000
048911,玉晶光富邦96購01,0,0,0,0,0,0,0,0,0,-10000,0,0,0,0,10000,-10000,-10000
048917,和鑫台新94購01  ,0,0,0,0,0,0,0,0,0,-10000,0,0,0,0,10000,-10000,-10000
049790,滬深2X元大97購04,0,0,0,0,0,0,0,0,0,-10000,0,0,0,0,10000,-10000,-10000
048132,冠德國票94購01  ,0,0,0,0,0,0,0,0,0,-10000,0,0,0,0,10000,-10000,-10000
048137,力成國票93購01  ,0,0,0,0,0,0,0,0,0,-10000,0,0,0,0,10000,-10000,-10000
047345,鴻海凱基94購06  ,0,0,0,0,0,0,0,0,0,-10000,0,0,0,0,10000,-10000,-10000
049062,華新科日盛94購01,0,0,0,0,0,0,0,0,0,-10000,0,0,0,0,10000,-10000,-10000
049105,亞泥富邦94購01  ,0,0,0,0,0,0,0,0,0,-10000,0,0,0,10000,20000,-10000,-10000
049089,正文凱基94購02  ,0,0,0,0,0,0,0,0,0,-10000,0,0,0,0,10000,-10000,-10000
048858,大立光群益94購03,0,0,0,0,0,0,0,0,0,-10000,0,0,0,0,10000,-10000,-10000
049031,矽格群益94購01  ,0,0,0,0,0,0,0,0,0,-10000,0,0,0,0,10000,-10000,-10000
04911P,美律元富94售02  ,0,0,0,0,0,0,0,0,0,-10000,0,0,0,0,10000,-10000,-10000
049165,元油2X凱基97購01,0,0,0,0,0,0,0,0,0,-10000,0,0,0,0,10000,-10000,-10000
048075,美利達元富93購02,0,0,0,0,0,0,0,0,0,-10000,0,0,0,0,10000,-10000,-10000
04807P,聯茂元富94售01  ,0,0,0,0,0,0,0,0,0,-10000,0,0,0,0,10000,-10000,-10000
048098,嘉澤凱基93購04  ,0,0,0,0,0,0,0,0,0,-10000,0,0,0,1000,11000,-10000,-10000
048099,健策凱基93購06  ,0,0,0,0,0,0,0,0,0,-10000,0,0,0,0,10000,-10000,-10000
048101,致伸凱基93購05  ,0,0,0,0,0,0,0,0,0,-10000,0,0,0,0,10000,-10000,-10000
047281,超眾永豐93購02  ,0,0,0,0,0,0,0,0,0,-10000,0,0,0,0,10000,-10000,-10000
047269,同欣電康和93購01,0,0,0,0,0,0,0,0,0,-10000,0,0,0,0,10000,-10000,-10000
049238,元油2X元富96購08,0,0,0,0,0,0,0,0,0,-10000,0,0,0,0,10000,-10000,-10000
04922P,日月光凱基94售02,0,0,0,0,0,0,0,0,0,-10000,0,0,0,0,10000,-10000,-10000
048069,南亞科元富95購02,0,0,0,0,0,0,0,0,0,-10000,0,0,0,0,10000,-10000,-10000
049826,光磊凱基94購02  ,0,0,0,0,0,0,0,0,0,-10000,0,0,0,0,10000,-10000,-10000
047227,華新科凱基94購01,0,0,0,0,0,0,0,0,0,-10000,0,0,0,0,10000,-10000,-10000
048404,大立光群益93購11,0,0,0,0,0,0,0,0,0,-10000,0,0,0,20000,30000,-10000,-10000
048464,康控台新94購01  ,0,0,0,0,0,0,0,0,0,-10000,0,0,0,0,10000,-10000,-10000
048274,矽力台新93購01  ,0,0,0,0,0,0,0,0,0,-10000,0,0,0,0,10000,-10000,-10000
048324,訊芯凱基93購03  ,0,0,0,0,0,0,0,0,0,-10000,0,0,0,0,10000,-10000,-10000
048340,聯發科元大93購25,0,0,0,0,0,0,0,0,0,-10000,0,0,0,20000,30000,-10000,-10000
048328,滬深2X永昌94購01,0,0,0,0,0,0,0,0,0,-10000,0,0,0,201000,211000,-10000,-10000
048351,旺宏台新94購02  ,0,0,0,0,0,0,0,0,0,-10000,0,0,0,0,10000,-10000,-10000
048352,嘉澤台新93購01  ,0,0,0,0,0,0,0,0,0,-10000,0,0,0,0,10000,-10000,-10000
048339,友達元大95購01  ,0,0,0,0,0,0,0,0,0,-10000,0,0,0,5000,15000,-10000,-10000
048355,國巨永豐93購04  ,0,0,0,0,0,0,0,0,0,-10000,0,0,0,0,10000,-10000,-10000
049358,可成富邦94購01  ,0,0,0,0,0,0,0,0,0,-10000,0,0,0,0,10000,-10000,-10000
048518,聯茂凱基93購10  ,0,0,0,0,0,0,0,0,0,-10000,0,0,0,0,10000,-10000,-10000
048515,貿聯凱基93購03  ,0,0,0,0,0,0,0,0,0,-10000,0,0,0,0,10000,-10000,-10000
048524,GIS元富94購01   ,0,0,0,0,0,0,0,0,0,-10000,0,0,0,0,10000,-10000,-10000
048844,訊芯凱基94購02  ,0,0,0,0,0,0,0,0,0,-10000,0,0,0,0,10000,-10000,-10000
048853,凌陽群益94購01  ,0,0,0,0,0,0,0,0,0,-10000,0,0,0,0,10000,-10000,-10000
048821,光磊凱基95購01  ,0,0,0,0,0,0,0,0,0,-10000,0,0,0,0,10000,-10000,-10000
048811,鴻海日盛94購01  ,0,0,0,0,0,0,0,0,0,-10000,0,0,0,0,10000,-10000,-10000
048816,光寶科凱基94購01,0,0,0,0,0,0,0,0,0,-10000,0,0,0,0,10000,-10000,-10000
048210,鴻海日盛93購01  ,0,0,0,0,0,0,0,0,0,-10000,0,0,0,0,10000,-10000,-10000
052639,康控凱基96購02  ,0,0,0,0,0,0,0,0,0,-10000,0,0,0,0,10000,-10000,-10000
05261P,鴻海元大95售20  ,0,0,0,0,0,0,0,0,0,-10000,0,0,0,0,10000,-10000,-10000
052623,台郡兆豐96購01  ,0,0,0,0,0,0,0,0,0,-10000,0,0,0,0,10000,-10000,-10000
052586,晶豪科永豐96購01,0,0,0,0,0,0,0,0,0,-10000,0,0,0,0,10000,-10000,-10000
052666,瑞昱群益96購01  ,0,0,0,0,0,0,0,0,0,-10000,0,0,0,0,10000,-10000,-10000
05265P,正崴元大95售03  ,0,0,0,0,0,0,0,0,0,-10000,0,0,0,0,10000,-10000,-10000
052761,可成群益96購02  ,0,0,0,0,0,0,0,0,0,-10000,0,0,0,0,10000,-10000,-10000
052769,達興群益96購01  ,0,0,0,0,0,0,0,0,0,-10000,0,0,0,0,10000,-10000,-10000
052759,京元電群益96購01,0,0,0,0,0,0,0,0,0,-10000,0,0,0,0,10000,-10000,-10000
052723,新唐統一97購01  ,0,0,0,0,0,0,0,0,0,-10000,0,0,0,0,10000,-10000,-10000
052724,力成統一97購01  ,0,0,0,0,0,0,0,0,0,-10000,0,0,0,0,10000,-10000,-10000
052704,TPK國票97購01   ,0,0,0,0,0,0,0,0,0,-10000,0,0,0,0,10000,-10000,-10000
052872,智易凱基96購01  ,0,0,0,0,0,0,0,0,0,-10000,0,0,0,0,10000,-10000,-10000
052864,奇力新凱基96購02,0,0,0,0,0,0,0,0,0,-10000,0,0,0,23000,33000,-10000,-10000
05291P,鴻海凱基95售16  ,0,0,0,0,0,0,0,0,0,-10000,0,0,0,0,10000,-10000,-10000
052909,上銀統一96購01  ,0,0,0,0,0,0,0,0,0,-10000,0,0,0,51000,61000,-10000,-10000
052845,旺宏統一97購01  ,0,0,0,0,0,0,0,0,0,-10000,0,0,0,50000,60000,-10000,-10000
052783,台郡國票97購01  ,0,0,0,0,0,0,0,0,0,-10000,0,0,0,0,10000,-10000,-10000
052777,燿華國票98購01  ,0,0,0,0,0,0,0,0,0,-10000,0,0,0,0,10000,-10000,-10000
052788,開發金中信98購02,0,0,0,0,0,0,0,0,0,-10000,0,0,0,0,10000,-10000,-10000
052349,鴻海統一95購15  ,0,0,0,0,0,0,0,0,0,-10000,0,0,0,0,10000,-10000,-10000
052352,力成元富95購01  ,0,0,0,0,0,0,0,0,0,-10000,0,0,0,0,10000,-10000,-10000
052238,智易國票96購01  ,0,0,0,0,0,0,0,0,0,-10000,0,0,0,0,10000,-10000,-10000
052251,台光電永豐95購03,0,0,0,0,0,0,0,0,0,-10000,0,0,0,0,10000,-10000,-10000
052310,聯電富邦95購01  ,0,0,0,0,0,0,0,0,0,-10000,0,0,0,0,10000,-10000,-10000
052293,泰碩國票95購03  ,0,0,0,0,0,0,0,0,0,-10000,0,0,0,0,10000,-10000,-10000
052296,TPK國票96購01   ,0,0,0,0,0,0,0,0,0,-10000,0,0,0,0,10000,-10000,-10000
052278,國巨凱基95購06  ,0,0,0,0,0,0,0,0,0,-10000,0,0,0,0,10000,-10000,-10000
052279,旺宏凱基95購07  ,0,0,0,0,0,0,0,0,0,-10000,0,0,0,5000,15000,-10000,-10000
052526,智伸科元大96購02,0,0,0,0,0,0,0,0,0,-10000,0,0,0,33000,43000,-10000,-10000
052512,全新凱基96購03  ,0,0,0,0,0,0,0,0,0,-10000,0,0,0,0,10000,-10000,-10000
052534,貿聯國泰96購02  ,0,0,0,0,0,0,0,0,0,-10000,0,0,0,0,10000,-10000,-10000
052543,聯詠元富95購01  ,0,0,0,0,0,0,0,0,0,-10000,0,0,0,0,10000,-10000,-10000
052576,聯茂凱基96購01  ,0,0,0,0,0,0,0,0,0,-10000,0,0,0,0,10000,-10000,-10000
05258P,臺股指凱基96售11,0,0,0,0,0,0,0,0,0,-10000,0,0,0,0,10000,-10000,-10000
052568,漢唐凱基96購02  ,0,0,0,0,0,0,0,0,0,-10000,0,0,0,0,10000,-10000,-10000
052431,茂林永豐95購03  ,0,0,0,0,0,0,0,0,0,-10000,0,0,0,0,10000,-10000,-10000
052428,嘉晶永豐95購01  ,0,0,0,0,0,0,0,0,0,-10000,0,0,0,0,10000,-10000,-10000
052503,大成鋼日盛95購02,0,0,0,0,0,0,0,0,0,-10000,0,0,0,0,10000,-10000,-10000
052494,百和中信95購02  ,0,0,0,0,0,0,0,0,0,-10000,0,0,0,20000,30000,-10000,-10000
052476,台光電群益98購01,0,0,0,0,0,0,0,0,0,-10000,0,0,0,1000,11000,-10000,-10000
052463,聯電統一96購01  ,0,0,0,0,0,0,0,0,0,-10000,0,0,0,0,10000,-10000,-10000
053451,致新凱基96購02  ,0,0,0,0,0,0,0,0,0,-10000,0,0,0,0,10000,-10000,-10000
053465,聯電元大96購05  ,0,0,0,0,0,0,0,0,0,-10000,0,0,0,0,10000,-10000,-10000
053472,漢唐元大96購02  ,0,0,0,0,0,0,0,0,0,-10000,0,0,0,7000,17000,-10000,-10000
053535,宏達電永豐96購02,0,0,0,0,0,0,0,0,0,-10000,0,0,0,0,10000,-10000,-10000
053513,義隆群益96購05  ,0,0,0,0,0,0,0,0,0,-10000,0,0,0,0,10000,-10000,-10000
053526,正崴中信96購01  ,0,0,0,0,0,0,0,0,0,-10000,0,0,0,0,10000,-10000,-10000
053339,友達國票97購02  ,0,0,0,0,0,0,0,0,0,-10000,0,0,0,0,10000,-10000,-10000
053330,燿華永豐96購03  ,0,0,0,0,0,0,0,0,0,-10000,0,0,0,0,10000,-10000,-10000
053311,同欣電凱基96購01,0,0,0,0,0,0,0,0,0,-10000,0,0,0,0,10000,-10000,-10000
05340P,臺股指國票95售08,0,0,0,0,0,0,0,0,0,-10000,0,0,0,0,10000,-10000,-10000
053428,中磊永豐96購02  ,0,0,0,0,0,0,0,0,0,-10000,0,0,0,0,10000,-10000,-10000
053423,亞光永豐96購01  ,0,0,0,0,0,0,0,0,0,-10000,0,0,0,11000,21000,-10000,-10000
053436,聯茂日盛96購01  ,0,0,0,0,0,0,0,0,0,-10000,0,0,0,0,10000,-10000,-10000
05325P,臺股指凱基95售09,0,0,0,0,0,0,0,0,0,-10000,0,0,0,0,10000,-10000,-10000
053246,聯詠國票97購02  ,0,0,0,0,0,0,0,0,0,-10000,0,0,0,0,10000,-10000,-10000
053211,漢唐凱基96購03  ,0,0,0,0,0,0,0,0,0,-10000,0,0,0,0,10000,-10000,-10000
053129,緯穎凱基96購01  ,0,0,0,0,0,0,0,0,0,-10000,0,0,0,0,10000,-10000,-10000
053123,京元電凱基96購01,0,0,0,0,0,0,0,0,0,-10000,0,0,0,0,10000,-10000,-10000
053185,友達中信99購01  ,0,0,0,0,0,0,0,0,0,-10000,0,0,0,0,10000,-10000,-10000
053187,國巨統一96購05  ,0,0,0,0,0,0,0,0,0,-10000,0,0,0,0,10000,-10000,-10000
053188,旺宏統一97購03  ,0,0,0,0,0,0,0,0,0,-10000,0,0,0,0,10000,-10000,-10000
053189,聯發科統一96購05,0,0,0,0,0,0,0,0,0,-10000,0,0,0,0,10000,-10000,-10000
053037,國巨凱基96購08  ,0,0,0,0,0,0,0,0,0,-10000,0,0,0,0,10000,-10000,-10000
053100,美律元富96購01  ,0,0,0,0,0,0,0,0,0,-10000,0,0,0,0,10000,-10000,-10000
05297P,臻鼎凱基95售04  ,0,0,0,0,0,0,0,0,0,-10000,0,0,0,0,10000,-10000,-10000
052964,台表科凱基96購03,0,0,0,0,0,0,0,0,0,-10000,0,0,0,4000,14000,-10000,-10000
051319,光磊國票96購02  ,0,0,0,0,0,0,0,0,0,-10000,0,0,0,0,10000,-10000,-10000
051357,可成元大95購05  ,0,0,0,0,0,0,0,0,0,-10000,0,0,0,10000,20000,-10000,-10000
051332,奇力新永豐95購01,0,0,0,0,0,0,0,0,0,-10000,0,0,0,0,10000,-10000,-10000
051312,國泰金麥證95購01,0,0,0,0,10000,-10000,0,0,0,-10000,0,0,0,0,10000,-10000,-10000
051295,國巨元富95購04  ,0,0,0,0,0,0,0,0,0,-10000,0,0,0,0,10000,-10000,-10000
051298,智邦凱基95購03  ,0,0,0,0,0,0,0,0,0,-10000,0,0,0,0,10000,-10000,-10000
051302,可成凱基95購06  ,0,0,0,0,0,0,0,0,0,-10000,0,0,0,0,10000,-10000,-10000
051432,群創元富99購03  ,0,0,0,0,0,0,0,0,0,-10000,0,0,0,0,10000,-10000,-10000
051416,創意國票96購02  ,0,0,0,0,0,0,0,0,0,-10000,0,0,0,0,10000,-10000,-10000
051399,玉晶光台新96購01,0,0,0,0,0,0,0,0,0,-10000,0,0,0,0,10000,-10000,-10000
051404,牧德永豐96購01  ,0,0,0,0,0,0,0,0,0,-10000,0,0,0,0,10000,-10000,-10000
051369,新光金富邦9A購01,0,0,0,0,0,0,0,0,0,-10000,0,0,0,0,10000,-10000,-10000
051360,緯創元大95購03  ,0,0,0,0,0,0,0,0,0,-10000,0,0,0,0,10000,-10000,-10000
051384,康友群益95購01  ,0,0,0,0,0,0,0,0,0,-10000,0,0,0,0,10000,-10000,-10000
051385,矽創群益95購01  ,0,0,0,0,0,0,0,0,0,-10000,0,0,0,0,10000,-10000,-10000
051199,鴻海麥證95購03  ,0,0,0,0,10000,-10000,0,0,0,-10000,0,0,0,0,10000,-10000,-10000
051257,光寶科國泰96購01,0,0,0,0,0,0,0,0,0,-10000,0,0,0,0,10000,-10000,-10000
051190,可成兆豐95購03  ,0,0,0,0,0,0,0,0,0,-10000,0,0,0,15000,25000,-10000,-10000
050973,S&P反1統一95購01,0,0,0,0,0,0,0,0,0,-10000,0,0,0,0,10000,-10000,-10000
050985,易華電國泰96購02,0,0,0,0,0,0,0,0,0,-10000,0,0,0,0,10000,-10000,-10000
050929,中磊凱基95購01  ,0,0,0,0,0,0,0,0,0,-10000,0,0,0,0,10000,-10000,-10000
051011,國巨凱基95購03  ,0,0,0,0,0,0,0,0,0,-10000,0,0,0,0,10000,-10000,-10000
05107P,鴻海兆豐96售02  ,0,0,0,0,0,0,0,0,0,-10000,0,0,0,0,10000,-10000,-10000
051087,國巨元大97購01  ,0,0,0,0,0,0,0,0,0,-10000,0,0,0,0,10000,-10000,-10000
051053,台光電群益95購01,0,0,0,0,0,0,0,0,0,-10000,0,0,0,0,10000,-10000,-10000
050736,台積電康和94購01,0,0,0,0,0,0,0,0,0,-10000,0,0,0,0,10000,-10000,-10000
050707,寶成凱基94購02  ,0,0,0,0,0,0,0,0,0,-10000,0,0,0,0,10000,-10000,-10000
050760,矽力元富94購03  ,0,0,0,0,0,0,0,0,0,-10000,0,0,0,10000,20000,-10000,-10000
050789,矽創國泰96購01  ,0,0,0,0,0,0,0,0,0,-10000,0,0,0,0,10000,-10000,-10000
050809,鴻海凱基95購08  ,0,0,0,0,0,0,0,0,0,-10000,0,0,0,0,10000,-10000,-10000
050818,華新科凱基95購02,0,0,0,0,0,0,0,0,0,-10000,0,0,0,0,10000,-10000,-10000
052185,奇力新群益95購03,0,0,0,0,0,0,0,0,0,-10000,0,0,0,6000,16000,-10000,-10000
052186,宏達電群益95購04,0,0,0,0,0,0,0,0,0,-10000,0,0,0,0,10000,-10000,-10000
052195,健策元富95購01  ,0,0,0,0,0,0,0,0,0,-10000,0,0,0,0,10000,-10000,-10000
052198,鴻海統一95購10  ,0,0,0,0,0,0,0,0,0,-10000,0,0,0,0,10000,-10000,-10000
052207,台郡中信95購02  ,0,0,0,0,0,0,0,0,0,-10000,0,0,0,0,10000,-10000,-10000
052147,上緯控群益95購01,0,0,0,0,0,0,0,0,0,-10000,0,0,0,0,10000,-10000,-10000
052051,京鼎凱基95購01  ,0,0,0,0,0,0,0,0,0,-10000,0,0,0,0,10000,-10000,-10000
052037,全新國泰96購02  ,0,0,0,0,0,0,0,0,0,-10000,0,0,0,0,10000,-10000,-10000
052039,聯詠永昌96購01  ,0,0,0,0,0,0,0,0,0,-10000,0,0,0,0,10000,-10000,-10000
052046,漢唐凱基96購01  ,0,0,0,0,0,0,0,0,0,-10000,0,0,0,0,10000,-10000,-10000
052063,臺股指國票95購10,0,0,0,0,0,0,0,0,0,-10000,0,0,0,0,10000,-10000,-10000
052089,聯發科元大96購02,0,0,0,0,0,0,0,0,0,-10000,0,0,0,0,10000,-10000,-10000
052094,瀚宇博元大96購02,0,0,0,0,0,0,0,0,0,-10000,0,0,0,0,10000,-10000,-10000
051906,國巨元大95購09  ,0,0,0,0,0,0,0,0,0,-10000,0,0,0,0,10000,-10000,-10000
051923,聯發科日盛95購02,0,0,0,0,0,0,0,0,0,-10000,0,0,0,0,10000,-10000,-10000
051921,南茂元大95購04  ,0,0,0,0,0,0,0,0,0,-10000,0,0,0,0,10000,-10000,-10000
051850,臻鼎中信96購01  ,0,0,0,0,0,0,0,0,0,-10000,0,0,0,0,10000,-10000,-10000
051828,微星元大95購03  ,0,0,0,0,0,0,0,0,0,-10000,0,0,0,18000,28000,-10000,-10000
051872,矽力凱基96購01  ,0,0,0,0,0,0,0,0,0,-10000,0,0,0,0,10000,-10000,-10000
051869,康控凱基96購01  ,0,0,0,0,0,0,0,0,0,-10000,0,0,0,0,10000,-10000,-10000
051980,樺漢凱基96購01  ,0,0,0,0,0,0,0,0,0,-10000,0,0,0,0,10000,-10000,-10000
051977,泰碩凱基95購01  ,0,0,0,0,0,0,0,0,0,-10000,0,0,0,0,10000,-10000,-10000
051949,鴻海元富95購08  ,0,0,0,0,0,0,0,0,0,-10000,0,0,0,0,10000,-10000,-10000
051941,樺漢群益95購02  ,0,0,0,0,0,0,0,0,0,-10000,0,0,0,0,10000,-10000,-10000
052030,GIS群益95購04   ,0,0,0,0,0,0,0,0,0,-10000,0,0,0,0,10000,-10000,-10000
052009,群創第一95購01  ,0,0,0,0,0,0,0,0,0,-10000,0,0,0,0,10000,-10000,-10000
051499,康控群益95購02  ,0,0,0,0,0,0,0,0,0,-10000,0,0,0,0,10000,-10000,-10000
051516,全新凱基96購02  ,0,0,0,0,0,0,0,0,0,-10000,0,0,0,0,10000,-10000,-10000
051518,富邦金凱基95購01,0,0,0,0,0,0,0,0,0,-10000,0,0,0,0,10000,-10000,-10000
051468,智邦日盛95購01  ,0,0,0,0,0,0,0,0,0,-10000,0,0,0,0,10000,-10000,-10000
051478,宏達電凱基95購03,0,0,0,0,0,0,0,0,0,-10000,0,0,0,0,10000,-10000,-10000
051464,彩晶國泰96購01  ,0,0,0,0,0,0,0,0,0,-10000,0,0,0,0,10000,-10000,-10000
051564,和碩國泰96購01  ,0,0,0,0,0,0,0,0,0,-10000,0,0,0,0,10000,-10000,-10000
051565,玉晶光永昌96購01,0,0,0,0,0,0,0,0,0,-10000,0,0,0,0,10000,-10000,-10000
051618,智邦凱基95購06  ,0,0,0,0,0,0,0,0,0,-10000,0,0,0,2000,12000,-10000,-10000
051805,元黃金凱基97購02,0,0,0,0,0,0,0,0,0,-10000,0,0,0,0,10000,-10000,-10000
051786,A50正2國票95購02,0,0,0,0,0,0,0,0,0,-10000,0,0,0,0,10000,-10000,-10000
051742,欣興國票96購01  ,0,0,0,0,0,0,0,0,0,-10000,0,0,0,0,10000,-10000,-10000
051747,貿聯國泰96購01  ,0,0,0,0,0,0,0,0,0,-10000,0,0,0,0,10000,-10000,-10000
051684,瑞昱凱基95購02  ,0,0,0,0,0,0,0,0,0,-10000,0,0,0,17000,27000,-10000,-10000
06220P,廣宇元富97售02  ,0,0,0,0,0,0,0,0,0,-10000,0,0,0,0,10000,-10000,-10000
06207P,聯發科凱基97售07,0,0,0,0,0,0,0,0,0,-10000,0,0,0,10000,20000,-10000,-10000
06208P,台郡凱基97售03  ,0,0,0,0,0,0,0,0,0,-10000,0,0,0,0,10000,-10000,-10000
06270P,致伸凱基97售03  ,0,0,0,0,0,0,0,0,0,-10000,0,0,0,0,10000,-10000,-10000
06271P,彩晶凱基97售01  ,0,0,0,0,0,0,0,0,0,-10000,0,0,0,0,10000,-10000,-10000
06272P,台郡凱基97售04  ,0,0,0,0,0,0,0,0,0,-10000,0,0,0,0,10000,-10000,-10000
06261P,上銀凱基97售03  ,0,0,0,0,0,0,0,0,0,-10000,0,0,0,0,10000,-10000,-10000
06292P,臺股指國票97售06,0,0,0,0,0,0,0,0,0,-10000,0,0,0,0,10000,-10000,-10000
06389P,聯發科兆豐97售01,0,0,0,0,0,0,0,0,0,-10000,0,0,0,0,10000,-10000,-10000
06364P,鴻海凱基97售08  ,0,0,0,0,0,0,0,0,0,-10000,0,0,0,0,10000,-10000,-10000
06372P,聯發科元大97售21,0,0,0,0,0,0,0,0,0,-10000,0,0,0,10000,20000,-10000,-10000
06355P,聯茂永豐97售02  ,0,0,0,0,0,0,0,0,0,-10000,0,0,0,0,10000,-10000,-10000
06356P,啟碁永豐97售01  ,0,0,0,0,0,0,0,0,0,-10000,0,0,0,0,10000,-10000,-10000
06318P,臺股指元富97售05,0,0,0,0,0,0,0,0,0,-10000,0,0,0,0,10000,-10000,-10000
1432,大魯閣          ,5000,16000,-11000,0,0,0,0,0,0,1000,1000,0,1000,0,0,0,-10000
06027P,鴻海台新96售04  ,0,0,0,0,0,0,0,0,0,-10000,0,0,0,0,10000,-10000,-10000
06018P,康控凱基96售03  ,0,0,0,0,0,0,0,0,0,-10000,0,0,0,0,10000,-10000,-10000
06015P,大立光富邦98售04,0,0,0,0,0,0,0,0,0,-10000,0,0,0,10000,20000,-10000,-10000
06103P,漢唐凱基97售02  ,0,0,0,0,0,0,0,0,0,-10000,0,0,0,0,10000,-10000,-10000
06072P,牧德永豐97售01  ,0,0,0,0,0,0,0,0,0,-10000,0,0,0,0,10000,-10000,-10000
06188P,大立光元富97售01,0,0,0,0,0,0,0,0,0,-10000,0,0,0,0,10000,-10000,-10000
06197P,國巨元大97售08  ,0,0,0,0,0,0,0,0,0,-10000,0,0,0,0,10000,-10000,-10000
06191P,鴻海群益97售03  ,0,0,0,0,0,0,0,0,0,-10000,0,0,0,0,10000,-10000,-10000
06171P,台積電統一97售06,0,0,0,0,0,0,0,0,0,-10000,0,0,0,0,10000,-10000,-10000
06135P,志超元富97售01  ,0,0,0,0,0,0,0,0,0,-10000,0,0,0,0,10000,-10000,-10000
06109P,華新科群益97售05,0,0,0,0,0,0,0,0,0,-10000,0,0,0,0,10000,-10000,-10000
05938P,旺宏凱基96售07  ,0,0,0,0,0,0,0,0,0,-10000,0,0,0,0,10000,-10000,-10000
05916P,聯發科元大96售20,0,0,0,0,0,0,0,0,0,-10000,0,0,0,2000,12000,-10000,-10000
05896P,宏達電群益96售03,0,0,0,0,0,0,0,0,0,-10000,0,0,0,0,10000,-10000,-10000
2033,佳大            ,2000,13000,-11000,0,0,0,0,0,0,1000,1000,0,1000,0,0,0,-10000
1905,華紙            ,197000,207000,-10000,0,0,0,0,0,0,0,4000,4000,0,0,0,0,-10000
2433,互盛電          ,14000,29000,-15000,0,0,0,0,0,0,5000,5000,0,5000,0,0,0,-10000
3645,達邁            ,148000,127000,21000,0,0,0,0,0,0,-31000,1000,0,1000,0,32000,-32000,-10000
6573,虹揚-KY         ,11000,21000,-10000,0,0,0,0,0,0,0,0,0,0,0,0,0,-10000
6706,惠特            ,53000,25000,28000,0,0,0,0,0,0,-38000,45000,83000,-38000,0,0,0,-10000
6283,淳安            ,62000,72000,-10000,0,0,0,0,0,0,0,0,0,0,0,0,0,-10000
054231,國巨群益98購03  ,0,0,0,0,0,0,0,0,0,-11000,0,0,0,0,11000,-11000,-11000
054245,鴻海元大96購23  ,0,0,0,0,0,0,0,0,0,-11000,0,0,0,0,11000,-11000,-11000
054240,訊芯群益96購03  ,0,0,0,0,0,0,0,0,0,-11000,0,0,0,0,11000,-11000,-11000
053997,健策群益97購02  ,0,0,0,0,0,0,0,0,0,-11000,0,0,0,0,11000,-11000,-11000
053819,大立光群益96購04,0,0,0,0,0,0,0,0,0,-11000,0,0,0,0,11000,-11000,-11000
05381P,聯詠群益95售02  ,0,0,0,0,0,0,0,0,0,-11000,0,0,0,0,11000,-11000,-11000
053792,百和元大96購01  ,0,0,0,0,0,0,0,0,0,-11000,0,0,0,2000,13000,-11000,-11000
054267,上銀第一96購01  ,0,0,0,0,0,0,0,0,0,-11000,0,0,0,20000,31000,-11000,-11000
054278,晶技群益97購02  ,0,0,0,0,0,0,0,0,0,-11000,0,0,0,0,11000,-11000,-11000
054275,華通群益97購03  ,0,0,0,0,0,0,0,0,0,-11000,0,0,0,0,11000,-11000,-11000
054357,可成兆豐97購02  ,0,0,0,0,0,0,0,0,0,-11000,0,0,0,0,11000,-11000,-11000
054491,瀚宇博台新96購02,0,0,0,0,0,0,0,0,0,-11000,0,0,0,0,11000,-11000,-11000
054873,帆宣群益99購01  ,0,0,0,0,0,0,0,0,0,-11000,0,0,0,0,11000,-11000,-11000
054861,智邦群益97購01  ,0,0,0,0,0,0,0,0,0,-11000,0,0,0,0,11000,-11000,-11000
054785,建準群益98購01  ,0,0,0,0,0,0,0,0,0,-11000,0,0,0,0,11000,-11000,-11000
054668,傳奇元富97購03  ,0,0,0,0,0,0,0,0,0,-11000,0,0,0,0,11000,-11000,-11000
054649,聯茂群益97購01  ,0,0,0,0,0,0,0,0,0,-11000,0,0,0,0,11000,-11000,-11000
055380,智易元大98購02  ,0,0,0,0,0,0,0,0,0,-11000,0,0,0,0,11000,-11000,-11000
055392,凱美統一97購03  ,0,0,0,0,0,0,0,0,0,-11000,0,0,0,0,11000,-11000,-11000
055433,嘉聯益群益99購01,0,0,0,0,0,0,0,0,0,-11000,0,0,0,0,11000,-11000,-11000
055296,康舒元大97購02  ,0,0,0,0,0,0,0,0,0,-11000,0,0,0,0,11000,-11000,-11000
055536,嘉聯益群益99購02,0,0,0,0,0,0,0,0,0,-11000,0,0,0,0,11000,-11000,-11000
055529,華邦電群益97購02,0,0,0,0,0,0,0,0,0,-11000,0,0,0,0,11000,-11000,-11000
055532,中工群益98購01  ,0,0,0,0,0,0,0,0,0,-11000,0,0,0,0,11000,-11000,-11000
055563,智易凱基97購02  ,0,0,0,0,0,0,0,0,0,-11000,0,0,0,0,11000,-11000,-11000
054992,南亞科元富97購02,0,0,0,0,0,0,0,0,0,-11000,0,0,0,5000,16000,-11000,-11000
05758P,光罩永豐96售02  ,0,0,0,0,0,0,0,0,0,-11000,0,0,0,0,11000,-11000,-11000
05731P,創意統一96售03  ,0,0,0,0,0,0,0,0,0,-11000,0,0,0,15000,26000,-11000,-11000
05704P,矽力群益96售04  ,0,0,0,0,0,0,0,0,0,-11000,0,0,0,0,11000,-11000,-11000
055757,大成鋼群益99購01,0,0,0,0,0,0,0,0,0,-11000,0,0,0,0,11000,-11000,-11000
055671,世紀鋼群益97購01,0,0,0,0,0,0,0,0,0,-11000,0,0,0,0,11000,-11000,-11000
056025,嘉晶群益97購01  ,0,0,0,0,0,0,0,0,0,-11000,0,0,0,0,11000,-11000,-11000
055940,致新群益98購01  ,0,0,0,0,0,0,0,0,0,-11000,0,0,0,0,11000,-11000,-11000
03064X,元展59          ,0,0,0,0,0,0,0,0,0,-11000,0,0,0,0,11000,-11000,-11000
03314P,台積電元大02售16,0,0,0,0,0,0,0,0,0,-11000,0,0,0,0,11000,-11000,-11000
03181P,台灣50元大01售40,0,0,0,0,0,0,0,0,0,-11000,0,0,0,0,11000,-11000,-11000
03177P,國巨群益01售12  ,0,0,0,0,0,0,0,0,0,-11000,0,0,0,87000,98000,-11000,-11000
046753,台積電凱基93購04,0,0,0,0,0,0,0,0,0,-11000,0,0,0,0,11000,-11000,-11000
04347P,全新群益94售01  ,0,0,0,0,0,0,0,0,0,-11000,0,0,0,0,11000,-11000,-11000
042561,南電兆豐92購01  ,0,0,0,0,0,0,0,0,0,-11000,0,0,0,0,11000,-11000,-11000
03871P,智邦群益93售02  ,0,0,0,0,0,0,0,0,0,-11000,0,0,0,0,11000,-11000,-11000
04166P,美利達元富93售03,0,0,0,0,0,0,0,0,0,-11000,0,0,0,5000,16000,-11000,-11000
042062,台灣50兆豐92購01,0,0,0,0,0,0,0,0,0,-11000,0,0,0,40000,51000,-11000,-11000
046895,智伸科群益93購02,0,0,0,0,0,0,0,0,0,-11000,0,0,0,0,11000,-11000,-11000
046458,大立光凱基92購11,0,0,0,0,0,0,0,0,0,-11000,0,0,0,0,11000,-11000,-11000
046840,晶技台新93購01  ,0,0,0,0,0,0,0,0,0,-11000,0,0,0,0,11000,-11000,-11000
046856,健鼎元大93購01  ,0,0,0,0,0,0,0,0,0,-11000,0,0,0,0,11000,-11000,-11000
046469,瀚宇博台新92購01,0,0,0,0,0,0,0,0,0,-11000,0,0,0,0,11000,-11000,-11000
044600,上銀國泰93購01  ,0,0,0,0,0,0,0,0,0,-11000,0,0,0,5000,16000,-11000,-11000
046269,禾伸堂凱基92購03,0,0,0,0,0,0,0,0,0,-11000,0,0,0,1000,12000,-11000,-11000
049396,元油2X群益97購03,0,0,0,0,0,0,0,0,0,-11000,0,0,0,0,11000,-11000,-11000
046380,神基凱基93購01  ,0,0,0,0,0,0,0,0,0,-11000,0,0,0,1000,12000,-11000,-11000
049357,微星富邦94購01  ,0,0,0,0,0,0,0,0,0,-11000,0,0,0,9000,20000,-11000,-11000
048153,台積電兆豐94購01,0,0,0,0,0,0,0,0,0,-11000,0,0,0,0,11000,-11000,-11000
048263,台積電元富95購01,0,0,0,0,0,0,0,0,0,-11000,0,0,0,0,11000,-11000,-11000
048487,華邦電富邦93購02,0,0,0,0,0,0,0,0,0,-11000,0,0,0,0,11000,-11000,-11000
048428,滬深2X國票93購05,0,0,0,0,0,0,0,0,0,-11000,0,0,0,0,11000,-11000,-11000
04809P,台光電群益94售04,0,0,0,0,0,0,0,0,0,-11000,0,0,0,0,11000,-11000,-11000
05055P,台表科群益95售01,0,0,0,0,0,0,0,0,0,-11000,0,0,0,0,11000,-11000,-11000
048040,百和凱基93購07  ,0,0,0,0,0,0,0,0,0,-11000,0,0,0,0,11000,-11000,-11000
047447,台郡元大94購02  ,0,0,0,0,0,0,0,0,0,-11000,0,0,0,104000,115000,-11000,-11000
047741,鴻海統一93購06  ,0,0,0,0,0,0,0,0,0,-11000,0,0,0,0,11000,-11000,-11000
04769P,高股息元大94售01,0,0,0,0,0,0,0,0,0,-11000,0,0,0,2000,13000,-11000,-11000
049949,燿華群益96購01  ,0,0,0,0,0,0,0,0,0,-11000,0,0,0,0,11000,-11000,-11000
049859,味全兆豐95購01  ,0,0,0,0,0,0,0,0,0,-11000,0,0,0,0,11000,-11000,-11000
048983,牧德元大95購01  ,0,0,0,0,0,0,0,0,0,-11000,0,0,0,0,11000,-11000,-11000
051701,華通群益97購01  ,0,0,0,0,0,0,0,0,0,-11000,0,0,0,0,11000,-11000,-11000
051706,國泰金群益95購01,0,0,0,0,0,0,0,0,0,-11000,0,0,0,0,11000,-11000,-11000
051801,牧德永豐95購04  ,0,0,0,0,0,0,0,0,0,-11000,0,0,0,0,11000,-11000,-11000
05151P,台光電群益95售02,0,0,0,0,0,0,0,0,0,-11000,0,0,0,0,11000,-11000,-11000
05149P,緯穎國泰96售01  ,0,0,0,0,0,0,0,0,0,-11000,0,0,0,23000,34000,-11000,-11000
051485,玉晶光凱基97購02,0,0,0,0,0,0,0,0,0,-11000,0,0,0,9000,20000,-11000,-11000
051856,亞德客凱基95購01,0,0,0,0,0,0,0,0,0,-11000,0,0,0,9000,20000,-11000,-11000
052064,臺股指國票95購11,0,0,0,0,0,0,0,0,0,-11000,0,0,0,0,11000,-11000,-11000
052164,啟碁永豐95購01  ,0,0,0,0,0,0,0,0,0,-11000,0,0,0,0,11000,-11000,-11000
052183,華邦電群益95購01,0,0,0,0,0,0,0,0,0,-11000,0,0,0,0,11000,-11000,-11000
050779,超眾元大96購03  ,0,0,0,0,0,0,0,0,0,-11000,0,0,0,0,11000,-11000,-11000
050950,健鼎群益96購01  ,0,0,0,0,0,0,0,0,0,-11000,0,0,0,0,11000,-11000,-11000
050948,華固群益95購01  ,0,0,0,0,0,0,0,0,0,-11000,0,0,0,9000,20000,-11000,-11000
052972,義隆群益96購04  ,0,0,0,0,0,0,0,0,0,-11000,0,0,0,0,11000,-11000,-11000
053069,同欣電群益98購01,0,0,0,0,0,0,0,0,0,-11000,0,0,0,28000,39000,-11000,-11000
053065,大立光群益96購01,0,0,0,0,0,0,0,0,0,-11000,0,0,0,0,11000,-11000,-11000
053182,大立光元富96購02,0,0,0,0,0,0,0,0,0,-11000,0,0,0,0,11000,-11000,-11000
053426,創意永豐96購04  ,0,0,0,0,0,0,0,0,0,-11000,0,0,0,0,11000,-11000,-11000
053538,京鼎永豐96購03  ,0,0,0,0,0,0,0,0,0,-11000,0,0,0,0,11000,-11000,-11000
053458,聯詠國泰97購01  ,0,0,0,0,0,0,0,0,0,-11000,0,0,0,14000,25000,-11000,-11000
05247P,上銀群益95售01  ,0,0,0,0,0,0,0,0,0,-11000,0,0,0,0,11000,-11000,-11000
052792,大立光兆豐96購01,0,0,0,0,0,0,0,0,0,-11000,0,0,0,0,11000,-11000,-11000
052667,漢唐群益96購01  ,0,0,0,0,0,0,0,0,0,-11000,0,0,0,20000,31000,-11000,-11000
052648,茂林永豐96購01  ,0,0,0,0,0,0,0,0,0,-11000,0,0,0,0,11000,-11000,-11000
052621,台郡富邦97購01  ,0,0,0,0,0,0,0,0,0,-11000,0,0,0,46000,57000,-11000,-11000
3682,亞太電          ,148000,159000,-11000,0,0,0,0,0,0,0,0,0,0,0,0,0,-11000
2816,旺旺保          ,59000,67000,-8000,0,0,0,0,0,0,-3000,0,3000,-3000,0,0,0,-11000
2546,根基            ,8000,19000,-11000,0,0,0,0,0,0,0,1000,1000,0,0,0,0,-11000
05875P,旺宏群益98售01  ,0,0,0,0,0,0,0,0,0,-11000,0,0,0,0,11000,-11000,-11000
05919P,京鼎元大96售03  ,0,0,0,0,0,0,0,0,0,-11000,0,0,0,1000,12000,-11000,-11000
05991P,聯茂群益96售05  ,0,0,0,0,0,0,0,0,0,-11000,0,0,0,0,11000,-11000,-11000
06140P,華新科群益97售06,0,0,0,0,0,0,0,0,0,-11000,0,0,0,0,11000,-11000,-11000
06141P,大立光日盛97售01,0,0,0,0,0,0,0,0,0,-11000,0,0,0,0,11000,-11000,-11000
06162P,大立光群益97售02,0,0,0,0,0,0,0,0,0,-11000,0,0,0,0,11000,-11000,-11000
06071P,大立光永豐97售01,0,0,0,0,0,0,0,0,0,-11000,0,0,0,0,11000,-11000,-11000
06068P,玉晶光康和97售01,0,0,0,0,0,0,0,0,0,-11000,0,0,0,4000,15000,-11000,-11000
06079P,燿華群益98售02  ,0,0,0,0,0,0,0,0,0,-11000,0,0,0,0,11000,-11000,-11000
06080P,景碩群益98售02  ,0,0,0,0,0,0,0,0,0,-11000,0,0,0,0,11000,-11000,-11000
06063P,玉晶光元富97售01,0,0,0,0,0,0,0,0,0,-11000,0,0,0,33000,44000,-11000,-11000
06238P,台積電元大98售07,0,0,0,0,0,0,0,0,0,-11000,0,0,0,0,11000,-11000,-11000
055846,大立光元大97購09,0,0,0,0,0,0,0,0,0,-12000,0,0,0,0,12000,-12000,-12000
05656P,台表科統一96售01,0,0,0,0,0,0,0,0,0,-12000,0,0,0,0,12000,-12000,-12000
056091,百和統一97購01  ,0,0,0,0,0,0,0,0,0,-12000,0,0,0,0,12000,-12000,-12000
056154,宏達電凱基97購03,0,0,0,0,0,0,0,0,0,-12000,0,0,0,0,12000,-12000,-12000
054984,華泰元富97購01  ,0,0,0,0,0,0,0,0,0,-12000,0,0,0,0,12000,-12000,-12000
055038,華航富邦99購01  ,0,0,0,0,0,0,0,0,0,-12000,0,0,0,0,12000,-12000,-12000
055238,茂林台新97購01  ,0,0,0,0,0,0,0,0,0,-12000,0,0,0,0,12000,-12000,-12000
055574,美律統一97購01  ,0,0,0,0,0,0,0,0,0,-12000,0,0,0,0,12000,-12000,-12000
05552P,聯詠群益96售01  ,0,0,0,0,0,0,0,0,0,-12000,0,0,0,8000,20000,-12000,-12000
055466,台達電凱基97購03,0,0,0,0,0,0,0,0,0,-12000,0,0,0,0,12000,-12000,-12000
055295,瀚宇博元大97購02,0,0,0,0,0,0,0,0,0,-12000,0,0,0,4000,16000,-12000,-12000
054924,景碩凱基98購01  ,0,0,0,0,0,0,0,0,0,-12000,0,0,0,0,12000,-12000,-12000
05457P,鴻海凱基95售20  ,0,0,0,0,0,0,0,0,0,-12000,0,0,0,3000,15000,-12000,-12000
053716,京元電凱基97購01,0,0,0,0,0,0,0,0,0,-12000,0,0,0,0,12000,-12000,-12000
053680,臺股指富邦96購01,0,0,0,0,0,0,0,0,0,-12000,0,0,0,29000,41000,-12000,-12000
053610,矽力中信98購01  ,0,0,0,0,0,0,0,0,0,-12000,0,0,0,30000,42000,-12000,-12000
054173,奇力新台新97購02,0,0,0,0,0,0,0,0,0,-12000,0,0,0,0,12000,-12000,-12000
054133,奇力新元大97購04,0,0,0,0,0,0,0,0,0,-12000,0,0,0,2000,14000,-12000,-12000
045393,寶齡國泰93購01  ,0,0,0,0,0,0,0,0,0,-12000,0,0,0,6000,18000,-12000,-12000
045858,元油2X統一94購02,0,0,0,0,0,0,0,0,0,-12000,0,0,0,0,12000,-12000,-12000
049469,元金2X永豐94購01,0,0,0,0,0,0,0,0,0,-12000,0,0,0,19000,31000,-12000,-12000
049394,T50反1群益94購01,0,0,0,0,0,0,0,0,0,-12000,0,0,0,0,12000,-12000,-12000
049504,臺股指元大94購15,0,0,0,0,0,0,0,0,0,-12000,0,0,0,0,12000,-12000,-12000
046712,勤誠永豐93購01  ,0,0,0,0,0,0,0,0,0,-12000,0,0,0,0,12000,-12000,-12000
04310P,京元電統一93售03,3000,0,3000,0,0,0,0,0,0,-15000,0,0,0,0,15000,-15000,-12000
04323P,強茂元大93售02  ,0,0,0,0,0,0,0,0,0,-12000,0,0,0,0,12000,-12000,-12000
047861,臺股指國票93購16,0,0,0,0,0,0,0,0,0,-12000,0,0,0,0,12000,-12000,-12000
050150,國巨群益95購01  ,0,0,0,0,0,0,0,0,0,-12000,0,0,0,1000,13000,-12000,-12000
047066,力成凱基93購04  ,0,0,0,0,0,0,0,0,0,-12000,0,0,0,0,12000,-12000,-12000
047804,鴻海凱基93購26  ,0,0,0,0,0,0,0,0,0,-12000,0,0,0,0,12000,-12000,-12000
048043,滬深2X永豐94購03,0,0,0,0,0,0,0,0,0,-12000,0,0,0,0,12000,-12000,-12000
046931,聯詠統一93購01  ,0,0,0,0,0,0,0,0,0,-12000,0,0,0,0,12000,-12000,-12000
050184,信邦元大94購01  ,0,0,0,0,0,0,0,0,0,-12000,0,0,0,3000,15000,-12000,-12000
050058,國巨凱基94購06  ,0,0,0,0,0,0,0,0,0,-12000,0,0,0,2000,14000,-12000,-12000
047549,聯發科凱基93購12,0,0,0,0,0,0,0,0,0,-12000,0,0,0,3000,15000,-12000,-12000
047169,滬深2X永豐95購01,0,0,0,0,0,0,0,0,0,-12000,0,0,0,0,12000,-12000,-12000
047604,智原國泰95購01  ,0,0,0,0,0,0,0,0,0,-12000,0,0,0,48000,60000,-12000,-12000
050638,創意國票94購02  ,0,0,0,0,0,0,0,0,0,-12000,0,0,0,0,12000,-12000,-12000
048945,訊連永豐94購01  ,0,0,0,0,0,0,0,0,0,-12000,0,0,0,13000,25000,-12000,-12000
05271P,國巨富邦97售01  ,0,0,0,0,0,0,0,0,0,-12000,0,0,0,0,12000,-12000,-12000
052760,盟立群益96購01  ,0,0,0,0,0,0,0,0,0,-12000,0,0,0,0,12000,-12000,-12000
052579,亞泥元富96購01  ,0,0,0,0,0,0,0,0,0,-12000,0,0,0,0,12000,-12000,-12000
052528,茂林元大95購05  ,0,0,0,0,0,0,0,0,0,-12000,0,0,0,53000,65000,-12000,-12000
052359,百和永豐95購01  ,0,0,0,0,0,0,0,0,0,-12000,0,0,0,3000,15000,-12000,-12000
053278,禾伸堂元大96購01,0,0,0,0,0,0,0,0,0,-12000,0,0,0,8000,20000,-12000,-12000
053320,華新科群益97購01,0,0,0,0,0,0,0,0,0,-12000,0,0,0,1000,13000,-12000,-12000
051147,南亞科凱基95購05,0,0,0,0,0,0,0,0,0,-12000,0,0,0,0,12000,-12000,-12000
051381,玉晶光群益98購01,0,0,0,0,0,0,0,0,0,-12000,0,0,0,0,12000,-12000,-12000
052061,樺漢國票96購01  ,0,0,0,0,0,0,0,0,0,-12000,0,0,0,0,12000,-12000,-12000
051603,深中小群益99購03,0,0,0,0,0,0,0,0,0,-12000,0,0,0,0,12000,-12000,-12000
1233,天仁            ,1000,13000,-12000,0,0,0,0,0,0,0,0,0,0,0,0,0,-12000
1321,大洋            ,55000,67000,-12000,0,0,0,0,0,0,0,1000,1000,0,0,0,0,-12000
08614P,聯發科統一9C售18,0,0,0,0,0,0,0,0,0,-12000,0,0,0,4000,16000,-12000,-12000
05979P,華新科中信96售02,0,0,0,0,0,0,0,0,0,-12000,0,0,0,8000,20000,-12000,-12000
05837P,臺股指富邦96售04,0,0,0,0,0,0,0,0,0,-12000,0,0,0,0,12000,-12000,-12000
05850P,台積電兆豐96售06,0,0,0,0,0,0,0,0,0,-12000,0,0,0,0,12000,-12000,-12000
2440,太空梭          ,0,12000,-12000,0,0,0,0,0,0,0,0,0,0,0,0,0,-12000
1776,展宇            ,0,12000,-12000,0,0,0,0,0,0,0,0,0,0,0,0,0,-12000
2012,春雨            ,0,12000,-12000,0,0,0,0,0,0,0,0,0,0,0,0,0,-12000
5007,三星            ,4000,14000,-10000,0,0,0,0,0,0,-2000,0,2000,-2000,0,0,0,-12000
053963,百和永豐96購01  ,0,0,0,0,0,0,0,0,0,-13000,0,0,0,0,13000,-13000,-13000
053627,宏碁兆豐97購01  ,0,0,0,0,0,0,0,0,0,-13000,0,0,0,0,13000,-13000,-13000
053571,奇鋐統一96購02  ,0,0,0,0,0,0,0,0,0,-13000,0,0,0,20000,33000,-13000,-13000
054364,智伸科凱基96購01,0,0,0,0,0,0,0,0,0,-13000,0,0,0,35000,48000,-13000,-13000
054573,漢唐元大98購01  ,0,0,0,0,0,0,0,0,0,-13000,0,0,0,5000,18000,-13000,-13000
055311,健策群益98購02  ,0,0,0,0,0,0,0,0,0,-13000,0,0,0,9000,22000,-13000,-13000
055463,國喬凱基97購01  ,0,0,0,0,0,0,0,0,0,-13000,0,0,0,0,13000,-13000,-13000
055476,台郡凱基97購02  ,0,0,0,0,0,0,0,0,0,-13000,0,0,0,8000,21000,-13000,-13000
05524P,瀚宇博國票97售02,0,0,0,0,0,0,0,0,0,-13000,0,0,0,0,13000,-13000,-13000
055188,亞翔統一97購01  ,0,0,0,0,0,0,0,0,0,-13000,0,0,0,7000,20000,-13000,-13000
055180,文曄統一97購01  ,0,0,0,0,0,0,0,0,0,-13000,0,0,0,7000,20000,-13000,-13000
055090,國巨群益97購03  ,0,0,0,0,0,0,0,0,0,-13000,0,0,0,0,13000,-13000,-13000
055068,亞翔永豐97購01  ,0,0,0,0,0,0,0,0,0,-13000,0,0,0,11000,24000,-13000,-13000
055070,聯茂永豐97購01  ,0,0,0,0,0,0,0,0,0,-13000,0,0,0,0,13000,-13000,-13000
056145,緯穎元大98購03  ,0,0,0,0,0,0,0,0,0,-13000,0,0,0,0,13000,-13000,-13000
05694P,台積電凱基96售09,0,0,0,0,0,0,0,0,0,-13000,0,0,0,7000,20000,-13000,-13000
055799,致茂永豐97購02  ,0,0,0,0,0,0,0,0,0,-13000,0,0,0,0,13000,-13000,-13000
05566P,景碩永豐96售01  ,0,0,0,0,0,0,0,0,0,-13000,0,0,0,0,13000,-13000,-13000
055877,奇鋐元富97購01  ,0,0,0,0,0,0,0,0,0,-13000,0,0,0,0,13000,-13000,-13000
055964,正文元大97購02  ,0,0,0,0,0,0,0,0,0,-13000,0,0,0,190000,203000,-13000,-13000
046652,上銀元大93購02  ,0,0,0,0,0,0,0,0,0,-13000,0,0,0,17000,30000,-13000,-13000
043912,華新科凱基93購01,0,0,0,0,0,0,0,0,0,-13000,0,0,0,0,13000,-13000,-13000
041990,A50正2國票97購01,0,0,0,0,0,0,0,0,0,-13000,0,0,0,12000,25000,-13000,-13000
04265P,滬深2X元富93售04,0,0,0,0,0,0,0,0,0,-13000,0,0,0,7000,20000,-13000,-13000
046638,台積電永豐93購01,0,0,0,0,0,0,0,0,0,-13000,0,0,0,0,13000,-13000,-13000
045214,上銀元大92購06  ,0,0,0,0,0,0,0,0,0,-13000,0,0,0,10000,23000,-13000,-13000
046841,智伸科台新93購01,0,0,0,0,0,0,0,0,0,-13000,0,0,0,0,13000,-13000,-13000
046831,大立光群益94購01,0,0,0,0,0,0,0,0,0,-13000,0,0,0,10000,23000,-13000,-13000
044126,奇力新凱基93購01,0,0,0,0,0,0,0,0,0,-13000,0,0,0,0,13000,-13000,-13000
048951,宏全永豐94購01  ,0,0,0,0,0,0,0,0,0,-13000,0,0,0,2000,15000,-13000,-13000
048897,日電貿國泰95購01,0,0,0,0,0,0,0,0,0,-13000,0,0,0,31000,44000,-13000,-13000
048898,晶相光國泰96購01,0,0,0,0,0,0,0,0,0,-13000,0,0,0,2000,15000,-13000,-13000
047347,台積電凱基93購14,0,0,0,0,0,0,0,0,0,-13000,0,0,0,0,13000,-13000,-13000
048959,凌華康和94購01  ,0,0,0,0,0,0,0,0,0,-13000,0,0,0,0,13000,-13000,-13000
050422,鴻海凱基96購01  ,0,0,0,0,0,0,0,0,0,-13000,0,0,0,0,13000,-13000,-13000
048532,大立光國票93購06,0,0,0,0,0,0,0,0,0,-13000,0,0,0,0,13000,-13000,-13000
050063,聯發科凱基94購09,0,0,0,0,0,0,0,0,0,-13000,0,0,0,4000,17000,-13000,-13000
04691P,智邦群益94售02  ,0,0,0,0,0,0,0,0,0,-13000,0,0,0,15000,28000,-13000,-13000
047488,臺股指凱基93購04,0,0,0,0,0,0,0,0,0,-13000,0,0,0,0,13000,-13000,-13000
047702,鴻海凱基94購13  ,0,0,0,0,0,0,0,0,0,-13000,0,0,0,3000,16000,-13000,-13000
049899,台積電元富94購05,0,0,0,0,0,0,0,0,0,-13000,0,0,0,25000,38000,-13000,-13000
049712,為升凱基94購03  ,0,0,0,0,0,0,0,0,0,-13000,0,0,0,0,13000,-13000,-13000
048988,聯茂元大94購02  ,0,0,0,0,0,0,0,0,0,-13000,0,0,0,27000,40000,-13000,-13000
051504,TPK統一95購01   ,0,0,0,0,0,0,0,0,0,-13000,0,0,0,15000,28000,-13000,-13000
051818,國巨統一95購02  ,0,0,0,0,0,0,0,0,0,-13000,0,0,0,0,13000,-13000,-13000
05138P,嘉聯益凱基96售02,0,0,0,0,0,0,0,0,0,-13000,0,0,0,0,13000,-13000,-13000
051287,台積電統一95購05,0,0,0,0,0,0,0,0,0,-13000,0,0,0,34000,47000,-13000,-13000
051289,大立光統一96購01,0,0,0,0,0,0,0,0,0,-13000,0,0,0,0,13000,-13000,-13000
051019,大立光凱基95購08,0,0,0,0,0,0,0,0,0,-13000,0,0,0,7000,20000,-13000,-13000
050812,台積電凱基95購01,0,0,0,0,0,0,0,0,0,-13000,0,0,0,0,13000,-13000,-13000
050864,亞光永豐95購01  ,0,0,0,0,0,0,0,0,0,-13000,0,0,0,0,13000,-13000,-13000
053313,世紀鋼凱基96購01,0,0,0,0,0,0,0,0,0,-13000,0,0,0,12000,25000,-13000,-13000
053477,大立光元大97購03,0,0,0,0,0,0,0,0,0,-13000,0,0,0,2000,15000,-13000,-13000
053224,矽力凱基96購02  ,0,0,0,0,0,0,0,0,0,-13000,0,0,0,0,13000,-13000,-13000
052211,台積電元大95購22,0,0,0,0,0,0,0,0,0,-13000,0,0,0,766000,779000,-13000,-13000
052540,華新科統一95購03,0,0,0,0,0,0,0,0,0,-13000,0,0,0,0,13000,-13000,-13000
05264P,微星元大95售02  ,0,0,0,0,0,0,0,0,0,-13000,0,0,0,0,13000,-13000,-13000
052831,華固群益96購01  ,0,0,0,0,0,0,0,0,0,-13000,0,0,0,0,13000,-13000,-13000
052906,緯創國票97購01  ,0,0,0,0,0,0,0,0,0,-13000,0,0,0,0,13000,-13000,-13000
052933,祥碩元大96購01  ,0,0,0,0,0,0,0,0,0,-13000,0,0,0,21000,34000,-13000,-13000
6184,大豐電          ,4000,17000,-13000,0,0,0,0,0,0,0,0,0,0,0,0,0,-13000
1802,台玻            ,482000,489000,-7000,0,0,0,0,0,0,-6000,18000,24000,-6000,0,0,0,-13000
3038,全台            ,290000,308000,-18000,0,0,0,0,0,0,5000,11000,6000,5000,0,0,0,-13000
1449,佳和            ,65000,79000,-14000,0,0,0,0,0,0,1000,1000,0,1000,0,0,0,-13000
06374P,台表科元大97售06,0,0,0,0,0,0,0,0,0,-13000,0,0,0,0,13000,-13000,-13000
2373,震旦行          ,2000,14543,-12543,0,0,0,0,0,0,-1000,0,1000,-1000,0,0,0,-13543
055885,大成鋼統一97購02,0,0,0,0,0,0,0,0,0,-14000,0,0,0,0,14000,-14000,-14000
055752,臺股指永昌97購01,0,0,0,0,0,0,0,0,0,-14000,0,0,0,301000,315000,-14000,-14000
05705P,上証2X永豐96售03,0,0,0,0,0,0,0,0,0,-14000,0,0,0,0,14000,-14000,-14000
056079,世紀鋼元大97購02,0,0,0,0,0,0,0,0,0,-14000,0,0,0,0,14000,-14000,-14000
055527,旺宏群益99購03  ,0,0,0,0,0,0,0,0,0,-14000,0,0,0,0,14000,-14000,-14000
05544P,台表科元富96售01,0,0,0,0,0,0,0,0,0,-14000,0,0,0,12000,26000,-14000,-14000
054651,台化麥證97購01  ,0,0,0,13000,27000,-14000,0,0,0,-14000,0,0,0,13000,27000,-14000,-14000
054686,順德永豐97購01  ,0,0,0,0,0,0,0,0,0,-14000,0,0,0,0,14000,-14000,-14000
054558,劍麟群益99購01  ,0,0,0,0,0,0,0,0,0,-14000,0,0,0,0,14000,-14000,-14000
054526,道瓊反統一98購01,0,0,0,0,0,0,0,0,0,-14000,0,0,0,6000,20000,-14000,-14000
053601,台表科元大98購01,0,0,0,0,0,0,0,0,0,-14000,0,0,0,2000,16000,-14000,-14000
05393P,鴻海統一95售14  ,0,0,0,0,0,0,0,0,0,-14000,0,0,0,60000,74000,-14000,-14000
054108,台積電凱基96購22,0,0,0,0,0,0,0,0,0,-14000,0,0,0,0,14000,-14000,-14000
049642,鴻海凱基94購16  ,0,0,0,0,0,0,0,0,0,-14000,0,0,0,0,14000,-14000,-14000
049585,旺宏元大95購02  ,0,0,0,0,0,0,0,0,0,-14000,0,0,0,18000,32000,-14000,-14000
045367,新光金兆豐92購01,0,0,0,0,0,0,0,0,0,-14000,0,0,0,0,14000,-14000,-14000
046573,上緯控國泰94購01,0,0,0,0,0,0,0,0,0,-14000,0,0,0,0,14000,-14000,-14000
044736,聯發科國泰93購01,0,0,0,0,0,0,0,0,0,-14000,0,0,0,1000,15000,-14000,-14000
046007,緯穎統一92購02  ,0,0,0,0,0,0,0,0,0,-14000,0,0,0,1000,15000,-14000,-14000
045993,美律富邦93購01  ,0,0,0,0,0,0,0,0,0,-14000,0,0,0,6000,20000,-14000,-14000
046791,台郡統一96購01  ,0,0,0,0,0,0,0,0,0,-14000,0,0,0,4000,18000,-14000,-14000
04267P,康控元富93售04  ,0,0,0,0,0,0,0,0,0,-14000,0,0,0,0,14000,-14000,-14000
03039X,元展36          ,0,0,0,0,0,0,0,0,0,-14000,0,0,0,0,14000,-14000,-14000
00709,富邦歐洲        ,0,0,0,0,0,0,0,0,0,-14000,0,0,0,100000,114000,-14000,-14000
049014,台達電群益94購02,0,0,0,0,0,0,0,0,0,-14000,0,0,0,17000,31000,-14000,-14000
048564,智易元大94購01  ,0,0,0,0,0,0,0,0,0,-14000,0,0,0,0,14000,-14000,-14000
049940,臺股指元大94購21,0,0,0,0,0,0,0,0,0,-14000,0,0,0,408000,422000,-14000,-14000
047039,晶技群益93購02  ,0,0,0,0,0,0,0,0,0,-14000,0,0,0,6000,20000,-14000,-14000
04793P,台光電元大94售07,0,0,0,0,0,0,0,0,0,-14000,0,0,0,0,14000,-14000,-14000
048667,旺宏永豐94購02  ,0,0,0,0,0,0,0,0,0,-14000,0,0,0,12000,26000,-14000,-14000
049072,台積電凱基94購08,0,0,0,0,0,0,0,0,0,-14000,0,0,0,0,14000,-14000,-14000
050255,GIS富邦95購01   ,0,0,0,0,0,0,0,0,0,-14000,0,0,0,98000,112000,-14000,-14000
048918,上証2X永豐94購01,0,0,0,0,0,0,0,0,0,-14000,0,0,0,0,14000,-14000,-14000
052899,和大國票97購01  ,0,0,0,0,0,0,0,0,0,-14000,0,0,0,0,14000,-14000,-14000
052617,景碩國泰98購01  ,0,0,0,0,0,0,0,0,0,-14000,0,0,0,0,14000,-14000,-14000
053234,奇鋐永豐96購01  ,0,0,0,0,0,0,0,0,0,-14000,0,0,0,0,14000,-14000,-14000
053240,巨路永豐96購01  ,0,0,0,0,0,0,0,0,0,-14000,0,0,0,0,14000,-14000,-14000
053089,貿聯元大97購02  ,0,0,0,0,0,0,0,0,0,-14000,0,0,0,0,14000,-14000,-14000
053093,緯穎元大96購06  ,0,0,0,0,0,0,0,0,0,-14000,0,0,0,24000,38000,-14000,-14000
053562,玉晶光國泰98購02,0,0,0,0,0,0,0,0,0,-14000,0,0,0,7000,21000,-14000,-14000
053417,上銀永豐96購02  ,0,0,0,0,0,0,0,0,0,-14000,0,0,0,0,14000,-14000,-14000
050888,群創富邦95購01  ,0,0,0,0,0,0,0,0,0,-14000,0,0,0,0,14000,-14000,-14000
05094P,大立光元大95售07,0,0,0,0,0,0,0,0,0,-14000,0,0,0,7000,21000,-14000,-14000
051272,嘉晶群益95購01  ,0,0,0,0,0,0,0,0,0,-14000,0,0,0,0,14000,-14000,-14000
051687,大立光凱基95購12,0,0,0,0,0,0,0,0,0,-14000,0,0,0,106000,120000,-14000,-14000
051482,玉晶光凱基96購01,0,0,0,0,0,0,0,0,0,-14000,0,0,0,15000,29000,-14000,-14000
051487,健策凱基96購03  ,0,0,0,0,0,0,0,0,0,-14000,0,0,0,8000,22000,-14000,-14000
052141,百和凱基95購02  ,0,0,0,0,0,0,0,0,0,-14000,0,0,0,0,14000,-14000,-14000
051899,欣興國泰97購01  ,0,0,0,0,0,0,0,0,0,-14000,0,0,0,0,14000,-14000,-14000
2466,冠西電          ,4000,18000,-14000,0,0,0,0,0,0,0,2000,2000,0,0,0,0,-14000
2013,中鋼構          ,54000,68000,-14000,0,0,0,0,0,0,0,1000,1000,0,0,0,0,-14000
2239,英利-KY         ,7000,22000,-15000,0,0,0,0,0,0,1000,1000,0,1000,0,0,0,-14000
2630,亞航            ,0,15000,-15000,0,0,0,0,0,0,1000,1000,0,1000,0,0,0,-14000
2849,安泰銀          ,15000,29000,-14000,0,0,0,0,0,0,0,0,0,0,0,0,0,-14000
1307,三芳            ,13000,28000,-15000,0,0,0,0,0,0,1000,1000,0,1000,0,0,0,-14000
06087P,國巨永豐97售01  ,0,0,0,0,0,0,0,0,0,-14000,0,0,0,4000,18000,-14000,-14000
054162,光罩凱基98購01  ,0,0,0,0,0,0,0,0,0,-15000,0,0,0,3000,18000,-15000,-15000
054202,樺漢富邦97購01  ,0,0,0,0,0,0,0,0,0,-15000,0,0,0,20000,35000,-15000,-15000
053906,宏達電凱基96購02,0,0,0,0,0,0,0,0,0,-15000,0,0,0,0,15000,-15000,-15000
05395P,旺宏元大96售06  ,0,0,0,0,0,0,0,0,0,-15000,0,0,0,10000,25000,-15000,-15000
053573,臺股指統一99購01,0,0,0,0,0,0,0,0,0,-15000,0,0,0,0,15000,-15000,-15000
05369P,可成元富95售04  ,0,0,0,0,0,0,0,0,0,-15000,0,0,0,0,15000,-15000,-15000
053694,創意元大96購03  ,0,0,0,0,0,0,0,0,0,-15000,0,0,0,2000,17000,-15000,-15000
053816,聯發科群益96購02,0,0,0,0,0,0,0,0,0,-15000,0,0,0,0,15000,-15000,-15000
05378P,台積電凱基96售02,0,0,0,0,0,0,0,0,0,-15000,0,0,0,0,15000,-15000,-15000
054520,健鼎元大96購02  ,0,0,0,0,0,0,0,0,0,-15000,0,0,0,0,15000,-15000,-15000
054365,遠東新中信96購01,0,0,0,0,0,0,0,0,0,-15000,0,0,0,0,15000,-15000,-15000
054399,智易永豐96購03  ,0,0,0,0,0,0,0,0,0,-15000,0,0,0,0,15000,-15000,-15000
054389,為升元富96購02  ,0,0,0,0,0,0,0,0,0,-15000,0,0,0,0,15000,-15000,-15000
054276,國巨群益96購07  ,0,0,0,0,0,0,0,0,0,-15000,0,0,0,5000,20000,-15000,-15000
054303,國巨凱基96購15  ,0,0,0,0,0,0,0,0,0,-15000,0,0,0,10000,25000,-15000,-15000
054284,和大元大96購03  ,0,0,0,0,0,0,0,0,0,-15000,0,0,0,0,15000,-15000,-15000
05470P,康控元大95售05  ,0,0,0,0,0,0,0,0,0,-15000,0,0,0,0,15000,-15000,-15000
054684,裕隆永豐97購01  ,0,0,0,0,0,0,0,0,0,-15000,0,0,0,0,15000,-15000,-15000
054642,訊芯中信9A購01  ,0,0,0,0,0,0,0,0,0,-15000,0,0,0,35000,50000,-15000,-15000
054602,聯詠台新97購01  ,0,0,0,0,0,0,0,0,0,-15000,0,0,0,0,15000,-15000,-15000
054918,華新科凱基98購02,0,0,0,0,0,0,0,0,0,-15000,0,0,0,0,15000,-15000,-15000
054868,國泰金群益9A購01,0,0,0,0,0,0,0,0,0,-15000,0,0,0,0,15000,-15000,-15000
054799,超眾群益98購01  ,0,0,0,0,0,0,0,0,0,-15000,0,0,0,5000,20000,-15000,-15000
055404,超眾元富97購01  ,0,0,0,0,0,0,0,0,0,-15000,0,0,0,0,15000,-15000,-15000
055361,樺漢凱基97購01  ,0,0,0,0,0,0,0,0,0,-15000,0,0,0,0,15000,-15000,-15000
055520,矽力中信97購02  ,0,0,0,0,0,0,0,0,0,-15000,0,0,0,0,15000,-15000,-15000
055503,健策元大98購05  ,0,0,0,0,0,0,0,0,0,-15000,0,0,0,0,15000,-15000,-15000
055564,茂林凱基98購01  ,0,0,0,0,0,0,0,0,0,-15000,0,0,0,5000,20000,-15000,-15000
054938,國巨元大97購04  ,0,0,0,0,0,0,0,0,0,-15000,0,0,0,75000,90000,-15000,-15000
056073,智伸科元大97購01,0,0,0,0,0,0,0,0,0,-15000,0,0,0,0,15000,-15000,-15000
056174,億光元富97購01  ,0,0,0,0,0,0,0,0,0,-15000,0,0,0,0,15000,-15000,-15000
05632P,大立光群益96售02,0,0,0,0,0,0,0,0,0,-15000,0,0,0,0,15000,-15000,-15000
055902,同欣電中信99購01,0,0,0,0,0,0,0,0,0,-15000,0,0,0,0,15000,-15000,-15000
043175,傳奇國泰93購01  ,0,0,0,0,0,0,0,0,0,-15000,0,0,0,0,15000,-15000,-15000
046695,瑞昱凱基93購03  ,0,0,0,0,0,0,0,0,0,-15000,0,0,0,0,15000,-15000,-15000
044855,南電國泰93購01  ,0,0,0,0,0,0,0,0,0,-15000,0,0,0,0,15000,-15000,-15000
041473,滬深2X群益93購01,0,0,0,0,0,0,0,0,0,-15000,0,0,0,0,15000,-15000,-15000
03902P,義隆國票94售01  ,0,0,0,0,0,0,0,0,0,-15000,0,0,0,0,15000,-15000,-15000
046543,京元電台新92購01,0,0,0,0,0,0,0,0,0,-15000,0,0,0,0,15000,-15000,-15000
045392,滬深2X國泰93購01,0,0,0,0,0,0,0,0,0,-15000,0,0,0,2000,17000,-15000,-15000
045418,上銀凱基92購01  ,0,0,0,0,0,0,0,0,0,-15000,0,0,0,5000,20000,-15000,-15000
049639,力山凱基94購03  ,0,0,0,0,0,0,0,0,0,-15000,0,0,0,0,15000,-15000,-15000
049505,臺股指元大94購16,0,0,0,0,0,0,0,0,0,-15000,0,0,0,0,15000,-15000,-15000
046629,群創統一98購01  ,0,0,0,0,0,0,0,0,0,-15000,0,0,0,63000,78000,-15000,-15000
049309,台達電凱基94購05,0,0,0,0,0,0,0,0,0,-15000,0,0,0,0,15000,-15000,-15000
046113,旺宏元大93購04  ,0,0,0,0,0,0,0,0,0,-15000,0,0,0,0,15000,-15000,-15000
046422,健策元大92購06  ,0,0,0,0,0,0,0,0,0,-15000,0,0,0,0,15000,-15000,-15000
045448,宏達電國泰93購02,0,0,0,0,0,0,0,0,0,-15000,0,0,0,0,15000,-15000,-15000
045163,瀚宇博國泰93購01,0,0,0,0,0,0,0,0,0,-15000,0,0,0,0,15000,-15000,-15000
048887,牧德元富94購01  ,0,0,0,0,0,0,0,0,0,-15000,0,0,0,0,15000,-15000,-15000
050253,百和國泰96購01  ,0,0,0,0,0,0,0,0,0,-15000,0,0,0,24000,39000,-15000,-15000
049283,滬深2X中信95購10,0,0,0,0,0,0,0,0,0,-15000,0,0,0,0,15000,-15000,-15000
050474,鴻海永豐94購05  ,0,0,0,0,0,0,0,0,0,-15000,0,0,0,5000,20000,-15000,-15000
050632,國巨群益94購07  ,0,0,0,0,0,0,0,0,0,-15000,0,0,0,0,15000,-15000,-15000
050602,訊芯國泰96購01  ,0,0,0,0,0,0,0,0,0,-15000,0,0,0,5000,20000,-15000,-15000
047211,華新科富邦99購01,0,0,0,0,0,0,0,0,0,-15000,0,0,0,0,15000,-15000,-15000
049738,神基群益94購01  ,0,0,0,0,0,0,0,0,0,-15000,0,0,0,0,15000,-15000,-15000
048194,華邦電元大94購04,0,0,0,0,0,0,0,0,0,-15000,0,0,0,0,15000,-15000,-15000
048823,漢唐凱基94購01  ,0,0,0,0,0,0,0,0,0,-15000,0,0,0,0,15000,-15000,-15000
048834,牧德凱基94購01  ,0,0,0,0,0,0,0,0,0,-15000,0,0,0,0,15000,-15000,-15000
048292,微星群益93購01  ,0,0,0,0,0,0,0,0,0,-15000,0,0,0,0,15000,-15000,-15000
048341,全新元大94購03  ,0,0,0,0,0,0,0,0,0,-15000,0,0,0,35000,50000,-15000,-15000
049964,強茂元富94購01  ,0,0,0,0,0,0,0,0,0,-15000,0,0,0,0,15000,-15000,-15000
049696,欣興元大95購02  ,0,0,0,0,0,0,0,0,0,-15000,0,0,0,12000,27000,-15000,-15000
047007,大立光統一93購05,0,0,0,0,0,0,0,0,0,-15000,0,0,0,0,15000,-15000,-15000
047011,鴻海元富93購01  ,0,0,0,0,0,0,0,0,0,-15000,0,0,0,0,15000,-15000,-15000
047826,台泥元大93購01  ,0,0,0,0,0,0,0,0,0,-15000,0,0,0,12000,27000,-15000,-15000
049775,旺宏統一95購02  ,0,0,0,0,0,0,0,0,0,-15000,0,0,0,0,15000,-15000,-15000
047434,台積電元大93購21,0,0,0,0,0,0,0,0,0,-15000,0,0,0,2000,17000,-15000,-15000
047491,旺宏統一94購03  ,0,0,0,0,0,0,0,0,0,-15000,0,0,0,10000,25000,-15000,-15000
048033,大立光凱基93購28,0,0,0,0,0,0,0,0,0,-15000,0,0,0,0,15000,-15000,-15000
047594,滬深2X元富93購02,0,0,0,0,0,0,0,0,0,-15000,0,0,0,0,15000,-15000,-15000
047540,技嘉麥證93購01  ,0,0,0,0,15000,-15000,0,0,0,-15000,0,0,0,0,15000,-15000,-15000
051898,富邦金國泰97購01,0,0,0,0,0,0,0,0,0,-15000,0,0,0,0,15000,-15000,-15000
051926,聯電中信97購01  ,0,0,0,0,0,0,0,0,0,-15000,0,0,0,10000,25000,-15000,-15000
051965,傳奇永豐95購01  ,0,0,0,0,0,0,0,0,0,-15000,0,0,0,0,15000,-15000,-15000
052173,廣達元大95購02  ,0,0,0,0,0,0,0,0,0,-15000,0,0,0,0,15000,-15000,-15000
051662,大立光永昌96購03,0,0,0,0,0,0,0,0,0,-15000,0,0,0,110000,125000,-15000,-15000
050951,緯創群益96購01  ,0,0,0,0,0,0,0,0,0,-15000,0,0,0,2000,17000,-15000,-15000
053322,京鼎群益97購01  ,0,0,0,0,0,0,0,0,0,-15000,0,0,0,0,15000,-15000,-15000
053102,祥碩元富96購01  ,0,0,0,0,0,0,0,0,0,-15000,0,0,0,15000,30000,-15000,-15000
053103,瀚宇博元富96購01,0,0,0,0,0,0,0,0,0,-15000,0,0,0,0,15000,-15000,-15000
053036,聯電凱基98購01  ,0,0,0,0,0,0,0,0,0,-15000,0,0,0,15000,30000,-15000,-15000
05321P,鴻海凱基95售17  ,0,0,0,0,0,0,0,0,0,-15000,0,0,0,6000,21000,-15000,-15000
053175,矽力群益96購01  ,0,0,0,0,0,0,0,0,0,-15000,0,0,0,0,15000,-15000,-15000
053146,滬深2X元大96購08,0,0,0,0,0,0,0,0,0,-15000,0,0,0,0,15000,-15000,-15000
052819,義隆永豐96購01  ,0,0,0,0,0,0,0,0,0,-15000,0,0,0,0,15000,-15000,-15000
052799,上銀元大96購01  ,0,0,0,0,0,0,0,0,0,-15000,0,0,0,80000,95000,-15000,-15000
052478,大立光群益95購05,0,0,0,0,0,0,0,0,0,-15000,0,0,0,4000,19000,-15000,-15000
052502,瀚宇博永豐95購02,0,0,0,0,0,0,0,0,0,-15000,0,0,0,0,15000,-15000,-15000
052433,滬深2X國泰96購02,0,0,0,0,0,0,0,0,0,-15000,0,0,0,0,15000,-15000,-15000
05225P,鴻海統一95售09  ,0,0,0,0,0,0,0,0,0,-15000,0,0,0,0,15000,-15000,-15000
052309,健策國泰97購01  ,0,0,0,0,0,0,0,0,0,-15000,0,0,0,0,15000,-15000,-15000
052373,鴻海元大95購22  ,0,0,0,0,0,0,0,0,0,-15000,0,0,0,0,15000,-15000,-15000
06041P,全新永豐96售03  ,0,0,0,0,0,0,0,0,0,-15000,0,0,0,29000,44000,-15000,-15000
06131P,京鼎元富97售02  ,0,0,0,0,0,0,0,0,0,-15000,0,0,0,0,15000,-15000,-15000
05954P,旺宏國票97售03  ,0,0,0,0,0,0,0,0,0,-15000,0,0,0,1000,16000,-15000,-15000
05961P,鴻海群益97售01  ,0,0,0,0,0,0,0,0,0,-15000,0,0,0,5000,20000,-15000,-15000
06361P,聯發科群益97售06,0,0,0,0,0,0,0,0,0,-15000,0,0,0,0,15000,-15000,-15000
06240P,奇力新元富97售03,0,0,0,0,0,0,0,0,0,-15000,0,0,0,0,15000,-15000,-15000
06205P,台積電群益97售03,0,0,0,0,0,0,0,0,0,-15000,0,0,0,0,15000,-15000,-15000
5515,建國            ,0,15000,-15000,0,0,0,0,0,0,0,0,0,0,0,0,0,-15000
2480,敦陽科          ,70000,85800,-15800,0,0,0,0,0,0,0,0,0,0,0,0,0,-15800
055922,台郡凱基98購03  ,0,0,0,0,0,0,0,0,0,-16000,0,0,0,0,16000,-16000,-16000
05747P,漢唐群益96售03  ,0,0,0,0,0,0,0,0,0,-16000,0,0,0,0,16000,-16000,-16000
055018,緯穎元富97購02  ,0,0,0,0,0,0,0,0,0,-16000,0,0,0,5000,21000,-16000,-16000
055057,興勤永豐97購01  ,0,0,0,0,0,0,0,0,0,-16000,0,0,0,0,16000,-16000,-16000
055436,晶豪科中信99購01,0,0,0,0,0,0,0,0,0,-16000,0,0,0,0,16000,-16000,-16000
054591,GIS國泰98購01   ,0,0,0,0,0,0,0,0,0,-16000,0,0,0,18000,34000,-16000,-16000
054758,南亞國票9A購01  ,0,0,0,0,0,0,0,0,0,-16000,0,0,0,0,16000,-16000,-16000
054297,台郡元大98購01  ,0,0,0,0,0,0,0,0,0,-16000,0,0,0,24000,40000,-16000,-16000
054503,京鼎永豐96購04  ,0,0,0,0,0,0,0,0,0,-16000,0,0,0,0,16000,-16000,-16000
054575,聯鈞元大97購01  ,0,0,0,0,0,0,0,0,0,-16000,0,0,0,9000,25000,-16000,-16000
053787,健策元大97購02  ,0,0,0,0,0,0,0,0,0,-16000,0,0,0,33000,49000,-16000,-16000
053806,鎧勝凱基96購02  ,0,0,0,0,0,0,0,0,0,-16000,0,0,0,0,16000,-16000,-16000
053765,智邦富邦96購01  ,0,0,0,0,0,0,0,0,0,-16000,0,0,0,253000,269000,-16000,-16000
053888,和大群益97購01  ,0,0,0,0,0,0,0,0,0,-16000,0,0,0,2000,18000,-16000,-16000
054149,達方元大96購01  ,0,0,0,0,0,0,0,0,0,-16000,0,0,0,0,16000,-16000,-16000
044610,A50正2兆豐93購01,0,0,0,0,0,0,0,0,0,-16000,0,0,0,0,16000,-16000,-16000
04429P,和鑫元大94售01  ,0,0,0,0,0,0,0,0,0,-16000,0,0,0,0,16000,-16000,-16000
045499,技嘉凱基92購02  ,0,0,0,0,0,0,0,0,0,-16000,0,0,0,4000,20000,-16000,-16000
045293,鴻海元大94購01  ,0,0,0,0,0,0,0,0,0,-16000,0,0,0,0,16000,-16000,-16000
046410,國泰金元大92購03,0,0,0,0,0,0,0,0,0,-16000,0,0,0,100000,116000,-16000,-16000
046881,智原富邦99購01  ,0,0,0,0,0,0,0,0,0,-16000,0,0,0,0,16000,-16000,-16000
049344,華固統一94購01  ,0,0,0,0,0,0,0,0,0,-16000,0,0,0,0,16000,-16000,-16000
049462,康友元富94購01  ,0,0,0,0,0,0,0,0,0,-16000,0,0,0,0,16000,-16000,-16000
049445,遠東新統一94購01,0,0,0,0,0,0,0,0,0,-16000,0,0,0,0,16000,-16000,-16000
049636,上証反凱基9A購01,0,0,0,0,0,0,0,0,0,-16000,0,0,0,0,16000,-16000,-16000
045346,潤泰全凱基92購02,0,0,0,0,0,0,0,0,0,-16000,0,0,0,4000,20000,-16000,-16000
04584P,楠梓電永豐94售01,0,0,0,0,0,0,0,0,0,-16000,0,0,0,0,16000,-16000,-16000
04568P,瑞昱兆豐94售02  ,0,0,0,0,0,0,0,0,0,-16000,0,0,0,0,16000,-16000,-16000
046781,A50永豐93購01   ,0,0,0,0,0,0,0,0,0,-16000,0,0,0,0,16000,-16000,-16000
043231,鴻海中信95購01  ,0,0,0,0,0,0,0,0,0,-16000,0,0,0,20000,36000,-16000,-16000
047140,滬深2X兆豐94購01,0,0,0,0,0,0,0,0,0,-16000,0,0,0,0,16000,-16000,-16000
04711P,台光電元大94售05,0,0,0,0,0,0,0,0,0,-16000,0,0,0,0,16000,-16000,-16000
047688,亞德客富邦95購01,0,0,0,0,0,0,0,0,0,-16000,0,0,0,46000,62000,-16000,-16000
049657,滬深2X台新94購01,0,0,0,0,0,0,0,0,0,-16000,0,0,0,0,16000,-16000,-16000
046939,燿華元大96購01  ,0,0,0,0,0,0,0,0,0,-16000,0,0,0,0,16000,-16000,-16000
048676,和鑫國泰94購02  ,0,0,0,0,0,0,0,0,0,-16000,0,0,0,4000,20000,-16000,-16000
047972,康控富邦95購01  ,0,0,0,0,0,0,0,0,0,-16000,0,0,0,50000,66000,-16000,-16000
048818,台達電凱基94購01,0,0,0,0,0,0,0,0,0,-16000,0,0,0,9000,25000,-16000,-16000
05054P,臻鼎群益95售02  ,0,0,0,0,0,0,0,0,0,-16000,0,0,0,2000,18000,-16000,-16000
050333,鴻海國泰96購06  ,0,0,0,0,0,0,0,0,0,-16000,0,0,0,14000,30000,-16000,-16000
052331,漢唐亞東97購01  ,0,0,0,0,0,0,0,0,0,-16000,0,0,0,0,16000,-16000,-16000
052438,瑞儀富邦95購01  ,0,0,0,0,0,0,0,0,0,-16000,0,0,0,0,16000,-16000,-16000
052551,台積電國票97購03,0,0,0,0,0,0,0,0,0,-16000,0,0,0,9000,25000,-16000,-16000
052806,玉晶光元大98購04,0,0,0,0,0,0,0,0,0,-16000,0,0,0,13000,29000,-16000,-16000
05269P,臻鼎元大95售05  ,0,0,0,0,0,0,0,0,0,-16000,0,0,0,23000,39000,-16000,-16000
053084,國巨元大98購01  ,0,0,0,0,0,0,0,0,0,-16000,0,0,0,0,16000,-16000,-16000
053080,力山元大96購02  ,0,0,0,0,0,0,0,0,0,-16000,0,0,0,19000,35000,-16000,-16000
053303,建準凱基96購03  ,0,0,0,0,0,0,0,0,0,-16000,0,0,0,0,16000,-16000,-16000
053511,鴻海群益96購04  ,0,0,0,0,0,0,0,0,0,-16000,0,0,0,40000,56000,-16000,-16000
051115,華通麥證96購01  ,0,0,0,10000,26000,-16000,0,0,0,-16000,0,0,0,10000,26000,-16000,-16000
051378,奇力新群益95購01,0,0,0,0,0,0,0,0,0,-16000,0,0,0,23000,39000,-16000,-16000
051418,智易國票97購01  ,0,0,0,0,0,0,0,0,0,-16000,0,0,0,0,16000,-16000,-16000
051674,臻鼎元大95購02  ,0,0,0,0,0,0,0,0,0,-16000,0,0,0,0,16000,-16000,-16000
052069,聯茂兆豐96購01  ,0,0,0,0,0,0,0,0,0,-16000,0,0,0,0,16000,-16000,-16000
051929,GIS中信96購01   ,0,0,0,0,0,0,0,0,0,-16000,0,0,0,0,16000,-16000,-16000
2471,資通            ,8000,23000,-15000,0,0,0,0,0,0,-1000,2000,3000,-1000,0,0,0,-16000
2530,華建            ,3000,20000,-17000,0,0,0,0,0,0,1000,1000,0,1000,0,0,0,-16000
2516,新建            ,1000,17000,-16000,0,0,0,0,0,0,0,0,0,0,0,0,0,-16000
1727,中華化          ,0,16000,-16000,0,0,0,0,0,0,0,0,0,0,0,0,0,-16000
4108,懷特            ,5000,21000,-16000,0,0,0,0,0,0,0,0,0,0,0,0,0,-16000
06314P,GIS元富97售02   ,0,0,0,0,0,0,0,0,0,-16000,0,0,0,0,16000,-16000,-16000
1540,喬福            ,18000,32000,-14000,0,0,0,0,0,0,-2000,0,2000,-2000,0,0,0,-16000
05963P,貿聯國票97售02  ,0,0,0,0,0,0,0,0,0,-16000,0,0,0,0,16000,-16000,-16000
06016P,京元電凱基96售03,0,0,0,0,0,0,0,0,0,-16000,0,0,0,1000,17000,-16000,-16000
054016,嘉晶永豐96購04  ,0,0,0,0,0,0,0,0,0,-17000,0,0,0,0,17000,-17000,-17000
054044,京元電元大96購03,0,0,0,0,0,0,0,0,0,-17000,0,0,0,44000,61000,-17000,-17000
054580,樺漢元大98購01  ,0,0,0,0,0,0,0,0,0,-17000,0,0,0,3000,20000,-17000,-17000
054488,禾伸堂台新96購01,0,0,0,0,0,0,0,0,0,-17000,0,0,0,5000,22000,-17000,-17000
054374,信邦中信96購01  ,0,0,0,0,0,0,0,0,0,-17000,0,0,0,21000,38000,-17000,-17000
054667,神基元富97購01  ,0,0,0,0,0,0,0,0,0,-17000,0,0,0,19000,36000,-17000,-17000
055446,奇力新統一9A購01,0,0,0,0,0,0,0,0,0,-17000,0,0,0,0,17000,-17000,-17000
055545,國巨凱基97購06  ,0,0,0,0,0,0,0,0,0,-17000,0,0,0,3000,20000,-17000,-17000
055259,玉晶光統一9A購01,0,0,0,0,0,0,0,0,0,-17000,0,0,0,0,17000,-17000,-17000
05716P,T50反1元大98售03,0,0,0,0,0,0,0,0,0,-17000,0,0,0,401000,418000,-17000,-17000
056070,新日興元大97購04,0,0,0,0,0,0,0,0,0,-17000,0,0,0,0,17000,-17000,-17000
056102,億光永豐97購02  ,0,0,0,0,0,0,0,0,0,-17000,0,0,0,0,17000,-17000,-17000
056009,奇力新中信98購03,0,0,0,0,0,0,0,0,0,-17000,0,0,0,0,17000,-17000,-17000
05580P,美律凱基96售03  ,0,0,0,0,0,0,0,0,0,-17000,0,0,0,0,17000,-17000,-17000
055844,大毅元大98購01  ,0,0,0,0,0,0,0,0,0,-17000,0,0,0,0,17000,-17000,-17000
03570P,台積電元大03售09,0,0,0,0,0,0,0,0,0,-17000,0,0,0,0,17000,-17000,-17000
03628C,臺股指元大93牛02,0,0,0,0,0,0,0,0,0,-17000,0,0,0,1000,18000,-17000,-17000
03642C,臺股指元大94牛27,0,0,0,0,0,0,0,0,0,-17000,0,0,0,0,17000,-17000,-17000
03640C,元油2X元大9B牛02,0,0,0,0,0,0,0,0,0,-17000,0,0,0,42000,59000,-17000,-17000
044717,旺宏統一94購01  ,0,0,0,0,0,0,0,0,0,-17000,0,0,0,17000,34000,-17000,-17000
044694,道瓊反元大94購02,0,0,0,0,0,0,0,0,0,-17000,0,0,0,0,17000,-17000,-17000
042502,上銀凱基93購01  ,0,0,0,0,0,0,0,0,0,-17000,0,0,0,19000,36000,-17000,-17000
04243P,大立光永昌93售08,0,0,0,0,0,0,0,0,0,-17000,0,0,0,100000,117000,-17000,-17000
046624,彩晶凱基94購02  ,0,0,0,0,0,0,0,0,0,-17000,0,0,0,13000,30000,-17000,-17000
04430P,晶相光元大94售04,0,0,0,0,0,0,0,0,0,-17000,0,0,0,3000,20000,-17000,-17000
044282,上銀凱基93購03  ,0,0,0,0,0,0,0,0,0,-17000,0,0,0,3000,20000,-17000,-17000
048883,玉晶光統一94購01,0,0,0,0,0,0,0,0,0,-17000,0,0,0,3000,20000,-17000,-17000
047941,義隆國票94購02  ,0,0,0,0,0,0,0,0,0,-17000,0,0,0,3000,20000,-17000,-17000
047040,台勝科群益93購01,0,0,0,0,0,0,0,0,0,-17000,0,0,0,7000,24000,-17000,-17000
048561,可成元大93購13  ,0,0,0,0,0,0,0,0,0,-17000,0,0,0,39000,56000,-17000,-17000
052017,奇鋐永豐95購01  ,0,0,0,0,0,0,0,0,0,-17000,0,0,0,0,17000,-17000,-17000
052068,瑞儀兆豐96購01  ,0,0,0,0,0,0,0,0,0,-17000,0,0,0,3000,20000,-17000,-17000
051815,百和凱基96購01  ,0,0,0,0,0,0,0,0,0,-17000,0,0,0,3000,20000,-17000,-17000
051780,矽力群益95購01  ,0,0,0,0,0,0,0,0,0,-17000,0,0,0,0,17000,-17000,-17000
051771,上銀中信95購01  ,0,0,0,0,0,0,0,0,0,-17000,0,0,0,40000,57000,-17000,-17000
051608,新日興群益96購01,0,0,0,0,0,0,0,0,0,-17000,0,0,0,1000,18000,-17000,-17000
051160,亞德客元大95購02,0,0,0,0,0,0,0,0,0,-17000,0,0,0,27000,44000,-17000,-17000
050831,超眾凱基95購01  ,0,0,0,0,0,0,0,0,0,-17000,0,0,0,0,17000,-17000,-17000
050854,世紀鋼國票97購01,0,0,0,0,0,0,0,0,0,-17000,0,0,0,0,17000,-17000,-17000
05077P,智易群益95售02  ,0,0,0,0,0,0,0,0,0,-17000,0,0,0,0,17000,-17000,-17000
050792,可成富邦96購01  ,0,0,0,0,0,0,0,0,0,-17000,0,0,0,654000,671000,-17000,-17000
053484,國巨國票97購03  ,0,0,0,0,0,0,0,0,0,-17000,0,0,0,355000,372000,-17000,-17000
053482,矽力元大96購03  ,0,0,0,0,0,0,0,0,0,-17000,0,0,0,3000,20000,-17000,-17000
053384,聯發科元大96購13,0,0,0,0,0,0,0,0,0,-17000,0,0,0,3000,20000,-17000,-17000
052753,電子類元大96購02,0,0,0,0,0,0,0,0,0,-17000,0,0,0,0,17000,-17000,-17000
052387,台積電群益95購08,0,0,0,0,0,0,0,0,0,-17000,0,0,0,49000,66000,-17000,-17000
06051P,嘉聯益國票97售04,0,0,0,0,0,0,0,0,0,-17000,0,0,0,0,17000,-17000,-17000
06144P,台光電永豐97售01,0,0,0,0,0,0,0,0,0,-17000,0,0,0,0,17000,-17000,-17000
1435,中福            ,0,17000,-17000,0,0,0,0,0,0,0,0,0,0,0,0,0,-17000
06354P,大立光永豐97售04,0,0,0,0,0,0,0,0,0,-17000,0,0,0,0,17000,-17000,-17000
2636,台驊投控        ,24000,42000,-18000,0,0,0,0,0,0,1000,1000,0,1000,0,0,0,-17000
1902,台紙            ,107000,128000,-21000,0,0,0,0,0,0,4000,4000,0,4000,0,0,0,-17000
2462,良得電          ,3000,19000,-16000,0,0,0,0,0,0,-1000,0,1000,-1000,0,0,0,-17000
4989,榮科            ,32000,50000,-18000,0,0,0,0,0,0,1000,1000,0,1000,0,0,0,-17000
055816,新日興國票98購01,0,0,0,0,0,0,0,0,0,-18000,0,0,0,0,18000,-18000,-18000
055701,亞德客富邦99購01,0,0,0,0,0,0,0,0,0,-18000,0,0,0,145000,163000,-18000,-18000
055137,GIS富邦98購01   ,0,0,0,0,0,0,0,0,0,-18000,0,0,0,150000,168000,-18000,-18000
05505P,聯發科凱基96售09,0,0,0,0,0,0,0,0,0,-18000,0,0,0,2000,20000,-18000,-18000
055051,藍天永豐97購01  ,0,0,0,0,0,0,0,0,0,-18000,0,0,0,0,18000,-18000,-18000
055071,群電永豐97購01  ,0,0,0,0,0,0,0,0,0,-18000,0,0,0,0,18000,-18000,-18000
055533,大立光群益97購03,0,0,0,0,0,0,0,0,0,-18000,0,0,0,0,18000,-18000,-18000
055572,鴻海統一98購04  ,0,0,0,0,0,0,0,0,0,-18000,0,0,0,0,18000,-18000,-18000
055356,大立光凱基97購06,0,0,0,0,0,0,0,0,0,-18000,0,0,0,0,18000,-18000,-18000
055345,國巨凱基98購01  ,0,0,0,0,0,0,0,0,0,-18000,0,0,0,0,18000,-18000,-18000
054669,凌華元富97購01  ,0,0,0,0,0,0,0,0,0,-18000,0,0,0,3000,21000,-18000,-18000
054646,華新科群益97購03,0,0,0,0,0,0,0,0,0,-18000,0,0,0,100000,118000,-18000,-18000
054695,世芯永豐98購01  ,0,0,0,0,0,0,0,0,0,-18000,0,0,0,0,18000,-18000,-18000
054289,聯發科元大97購11,0,0,0,0,0,0,0,0,0,-18000,0,0,0,0,18000,-18000,-18000
054519,禾伸堂元大97購02,0,0,0,0,0,0,0,0,0,-18000,0,0,0,5000,23000,-18000,-18000
05403P,台積電富邦95售08,0,0,0,0,0,0,0,0,0,-18000,0,0,0,151000,169000,-18000,-18000
053834,卜蜂永豐96購01  ,0,0,0,0,0,0,0,0,0,-18000,0,0,0,0,18000,-18000,-18000
045482,滬深2X兆豐93購02,0,0,0,0,0,0,0,0,0,-18000,0,0,0,0,18000,-18000,-18000
046278,緯創台新92購01  ,0,0,0,0,0,0,0,0,0,-18000,0,0,0,2000,20000,-18000,-18000
04621P,楠梓電統一94售02,0,0,0,0,0,0,0,0,0,-18000,0,0,0,0,18000,-18000,-18000
049493,可成元大94購05  ,0,0,0,0,0,0,0,0,0,-18000,0,0,0,3000,21000,-18000,-18000
04250P,嘉晶統一95售02  ,0,0,0,0,0,0,0,0,0,-18000,0,0,0,10000,28000,-18000,-18000
04141P,啟碁國票93售01  ,0,0,0,0,0,0,0,0,0,-18000,0,0,0,0,18000,-18000,-18000
044792,康友群益93購01  ,0,0,0,0,0,0,0,0,0,-18000,0,0,0,0,18000,-18000,-18000
044818,可成兆豐93購02  ,0,0,0,0,0,0,0,0,0,-18000,0,0,0,0,18000,-18000,-18000
03636C,元油2X元富04牛01,0,0,0,0,0,0,0,0,0,-18000,0,0,0,0,18000,-18000,-18000
03402P,大立光凱基02售07,0,0,0,0,0,0,0,0,0,-18000,0,0,0,0,18000,-18000,-18000
048973,禾伸堂元大94購01,0,0,0,0,0,0,0,0,0,-18000,0,0,0,1000,19000,-18000,-18000
049671,上証2X富邦95購01,0,0,0,0,0,0,0,0,0,-18000,0,0,0,0,18000,-18000,-18000
049922,禾伸堂元大95購01,0,0,0,0,0,0,0,0,0,-18000,0,0,0,37000,55000,-18000,-18000
047448,啟碁元大93購06  ,0,0,0,0,0,0,0,0,0,-18000,0,0,0,2000,20000,-18000,-18000
050035,聯茂元大94購07  ,0,0,0,0,0,0,0,0,0,-18000,0,0,0,2000,20000,-18000,-18000
047548,友達凱基99購03  ,0,0,0,0,0,0,0,0,0,-18000,0,0,0,2000,20000,-18000,-18000
047614,台郡群益93購02  ,0,0,0,0,0,0,0,0,0,-18000,0,0,0,12000,30000,-18000,-18000
048371,華固統一93購02  ,0,0,0,0,0,0,0,0,0,-18000,0,0,0,0,18000,-18000,-18000
052343,同欣電凱基95購03,0,0,0,0,0,0,0,0,0,-18000,0,0,0,12000,30000,-18000,-18000
052252,大立光永豐95購03,0,0,0,0,0,0,0,0,0,-18000,0,0,0,4000,22000,-18000,-18000
052552,智邦國票97購01  ,0,0,0,0,0,0,0,0,0,-18000,0,0,0,2000,20000,-18000,-18000
052559,茂林國票97購01  ,0,0,0,0,0,0,0,0,0,-18000,0,0,0,2000,20000,-18000,-18000
052770,聯茂群益96購02  ,0,0,0,0,0,0,0,0,0,-18000,0,0,0,2000,20000,-18000,-18000
052818,智邦永豐96購01  ,0,0,0,0,0,0,0,0,0,-18000,0,0,0,52000,70000,-18000,-18000
053431,志超永豐96購01  ,0,0,0,0,0,0,0,0,0,-18000,0,0,0,1000,19000,-18000,-18000
053565,台光電富邦98購01,0,0,0,0,0,0,0,0,0,-18000,0,0,0,0,18000,-18000,-18000
052969,建準群益97購01  ,0,0,0,0,0,0,0,0,0,-18000,0,0,0,0,18000,-18000,-18000
053158,茂林元大96購01  ,0,0,0,0,0,0,0,0,0,-18000,0,0,0,2000,20000,-18000,-18000
051159,力山元大96購01  ,0,0,0,0,0,0,0,0,0,-18000,0,0,0,50000,68000,-18000,-18000
051195,台郡中信95購01  ,0,0,0,0,0,0,0,0,0,-18000,0,0,0,9000,27000,-18000,-18000
051361,泰鼎元大95購01  ,0,0,0,0,0,0,0,0,0,-18000,0,0,0,45000,63000,-18000,-18000
051481,聯詠凱基95購02  ,0,0,0,0,0,0,0,0,0,-18000,0,0,0,27000,45000,-18000,-18000
051677,達方元大95購01  ,0,0,0,0,0,0,0,0,0,-18000,0,0,0,30000,48000,-18000,-18000
051691,台表科凱基95購01,0,0,0,0,0,0,0,0,0,-18000,0,0,0,0,18000,-18000,-18000
052194,旺宏元富95購04  ,0,0,0,0,0,0,0,0,0,-18000,0,0,0,0,18000,-18000,-18000
052199,鴻海統一95購11  ,0,0,0,0,0,0,0,0,0,-18000,0,0,0,30000,48000,-18000,-18000
5285,界霖            ,78000,66000,12000,0,0,0,0,0,0,-30000,0,30000,-30000,0,0,0,-18000
6183,關貿            ,6000,22000,-16000,0,0,0,0,0,0,-2000,0,2000,-2000,0,0,0,-18000
2539,櫻花建          ,6000,24000,-18000,0,0,0,0,0,0,0,1000,1000,0,0,0,0,-18000
2431,聯昌            ,27000,45000,-18000,0,0,0,0,0,0,0,0,0,0,0,0,0,-18000
2305,全友            ,34000,52000,-18000,0,0,0,0,0,0,0,0,0,0,0,0,0,-18000
2616,山隆            ,4000,22000,-18000,0,0,0,0,0,0,0,0,0,0,0,0,0,-18000
3032,偉訓            ,17000,35000,-18000,0,0,0,0,0,0,0,0,0,0,0,0,0,-18000
05856P,A50正2中信99售01,0,0,0,0,0,0,0,0,0,-18000,0,0,0,0,18000,-18000,-18000
054237,茂林群益97購01  ,0,0,0,0,0,0,0,0,0,-19000,0,0,0,11000,30000,-19000,-19000
05459P,聯詠凱基95售03  ,0,0,0,0,0,0,0,0,0,-19000,0,0,0,20000,39000,-19000,-19000
054608,致茂永豐97購01  ,0,0,0,0,0,0,0,0,0,-19000,0,0,0,21000,40000,-19000,-19000
054791,泰碩群益99購02  ,0,0,0,0,0,0,0,0,0,-19000,0,0,0,1000,20000,-19000,-19000
054821,貿聯元大9A購01  ,0,0,0,0,0,0,0,0,0,-19000,0,0,0,190000,209000,-19000,-19000
055103,南港凱基97購01  ,0,0,0,0,0,0,0,0,0,-19000,0,0,0,8000,27000,-19000,-19000
055776,宏達電凱基98購02,0,0,0,0,0,0,0,0,0,-19000,0,0,0,0,19000,-19000,-19000
056011,矽力中信99購01  ,0,0,0,0,0,0,0,0,0,-19000,0,0,0,2000,21000,-19000,-19000
056172,鴻海元富97購11  ,0,0,0,0,0,0,0,0,0,-19000,0,0,0,0,19000,-19000,-19000
05633P,台表科群益96售04,0,0,0,0,0,0,0,0,0,-19000,0,0,0,0,19000,-19000,-19000
05782P,聯詠元富96售02  ,0,0,0,0,0,0,0,0,0,-19000,0,0,0,2000,21000,-19000,-19000
035275,台積電台新97購01,0,0,0,0,0,0,0,0,0,-19000,0,0,0,0,19000,-19000,-19000
04604P,華新科國票95售01,0,0,0,0,0,0,0,0,0,-19000,0,0,0,20000,39000,-19000,-19000
04597P,為升凱基94售02  ,0,0,0,0,0,0,0,0,0,-19000,0,0,0,2000,21000,-19000,-19000
04182P,祥碩國票93售01  ,0,0,0,0,0,0,0,0,0,-19000,0,0,0,0,19000,-19000,-19000
043529,泰鼎元大92購01  ,0,0,0,0,0,0,0,0,0,-19000,0,0,0,1000,20000,-19000,-19000
049645,台積電凱基94購22,0,0,0,0,0,0,0,0,0,-19000,0,0,0,0,19000,-19000,-19000
049654,臺股指凱基94購15,0,0,0,0,0,0,0,0,0,-19000,0,0,0,5000,24000,-19000,-19000
049573,長榮航統一95購01,0,0,0,0,0,0,0,0,0,-19000,0,0,0,0,19000,-19000,-19000
046372,東元凱基92購01  ,0,0,0,0,0,0,0,0,0,-19000,0,0,0,3000,22000,-19000,-19000
046259,和大凱基92購02  ,0,0,0,0,0,0,0,0,0,-19000,0,0,0,1000,20000,-19000,-19000
04439P,聯發科群益94售04,0,0,0,0,0,0,0,0,0,-19000,0,0,0,3000,22000,-19000,-19000
046509,中壽元大92購01  ,0,0,0,0,0,0,0,0,0,-19000,0,0,0,0,19000,-19000,-19000
048417,國巨統一94購01  ,0,0,0,0,0,0,0,0,0,-19000,0,0,0,1000,20000,-19000,-19000
049225,達方國票94購01  ,0,0,0,0,0,0,0,0,0,-19000,0,0,0,10000,29000,-19000,-19000
049243,佳世達元富96購02,0,0,0,0,0,0,0,0,0,-19000,0,0,0,1000,20000,-19000,-19000
050655,中磊凱基96購01  ,0,0,0,0,0,0,0,0,0,-19000,0,0,0,1000,20000,-19000,-19000
050404,元大金麥證94購01,0,0,0,14000,33000,-19000,0,0,0,-19000,0,0,0,14000,33000,-19000,-19000
050205,牧德群益94購02  ,0,0,0,0,0,0,0,0,0,-19000,0,0,0,55000,74000,-19000,-19000
046961,大立光中信95購02,0,0,0,0,0,0,0,0,0,-19000,0,0,0,6000,25000,-19000,-19000
048966,佳世達元大95購01,0,0,0,0,0,0,0,0,0,-19000,0,0,0,33000,52000,-19000,-19000
051636,嘉晶國票95購02  ,0,0,0,0,0,0,0,0,0,-19000,0,0,0,0,19000,-19000,-19000
051596,超眾元大95購05  ,0,0,0,0,0,0,0,0,0,-19000,0,0,0,1000,20000,-19000,-19000
051577,台積電元大97購03,0,0,0,0,0,0,0,0,0,-19000,0,0,0,53000,72000,-19000,-19000
051203,微星麥證95購01  ,0,0,0,1000,20000,-19000,0,0,0,-19000,0,0,0,1000,20000,-19000,-19000
05116P,台積電群益95售03,0,0,0,0,0,0,0,0,0,-19000,0,0,0,11000,30000,-19000,-19000
050724,國巨國票96購01  ,0,0,0,0,0,0,0,0,0,-19000,0,0,0,0,19000,-19000,-19000
050844,大立光國票96購01,0,0,0,0,0,0,0,0,0,-19000,0,0,0,0,19000,-19000,-19000
053194,緯穎統一99購01  ,0,0,0,0,0,0,0,0,0,-19000,0,0,0,0,19000,-19000,-19000
052991,台積電台新96購01,0,0,0,0,0,0,0,0,0,-19000,0,0,0,0,19000,-19000,-19000
053009,大成鋼統一96購02,0,0,0,0,0,0,0,0,0,-19000,0,0,0,47000,66000,-19000,-19000
05272P,臻鼎中信97售03  ,0,0,0,0,0,0,0,0,0,-19000,0,0,0,11000,30000,-19000,-19000
052646,淘帝永豐96購01  ,0,0,0,0,0,0,0,0,0,-19000,0,0,0,0,19000,-19000,-19000
052386,鴻海群益96購02  ,0,0,0,0,0,0,0,0,0,-19000,0,0,0,0,19000,-19000,-19000
06130P,玉晶光元富97售07,0,0,0,0,0,0,0,0,0,-19000,0,0,0,0,19000,-19000,-19000
06339P,上銀統一97售06  ,0,0,0,0,0,0,0,0,0,-19000,0,0,0,1000,20000,-19000,-19000
1423,利華            ,0,19000,-19000,0,0,0,0,0,0,0,0,0,0,0,0,0,-19000
1445,大宇            ,3000,22000,-19000,0,0,0,0,0,0,0,0,0,0,0,0,0,-19000
05812P,臺股指國票96售05,0,0,0,0,0,0,0,0,0,-20000,0,0,0,0,20000,-20000,-20000
05641P,貿聯元富96售02  ,0,0,0,0,0,0,0,0,0,-20000,0,0,0,1000,21000,-20000,-20000
056109,彩晶永豐98購01  ,0,0,0,0,0,0,0,0,0,-20000,0,0,0,9000,29000,-20000,-20000
055988,矽力元富97購01  ,0,0,0,0,0,0,0,0,0,-20000,0,0,0,0,20000,-20000,-20000
055996,矽力國泰99購01  ,0,0,0,0,0,0,0,0,0,-20000,0,0,0,0,20000,-20000,-20000
056002,嘉晶永豐97購01  ,0,0,0,0,0,0,0,0,0,-20000,0,0,0,0,20000,-20000,-20000
05592P,可成群益96售03  ,0,0,0,0,0,0,0,0,0,-20000,0,0,0,7000,27000,-20000,-20000
055696,華新科國票98購01,0,0,0,0,0,0,0,0,0,-20000,0,0,0,0,20000,-20000,-20000
055735,宏達電元富98購01,0,0,0,0,0,0,0,0,0,-20000,0,0,0,0,20000,-20000,-20000
055727,矽力元大97購02  ,0,0,0,0,0,0,0,0,0,-20000,0,0,0,0,20000,-20000,-20000
055683,晶技凱基99購01  ,0,0,0,0,0,0,0,0,0,-20000,0,0,0,0,20000,-20000,-20000
055108,智邦凱基98購01  ,0,0,0,0,0,0,0,0,0,-20000,0,0,0,0,20000,-20000,-20000
055140,晶相光永豐97購01,0,0,0,0,0,0,0,0,0,-20000,0,0,0,0,20000,-20000,-20000
055171,凱美統一97購01  ,0,0,0,0,0,0,0,0,0,-20000,0,0,0,0,20000,-20000,-20000
055172,凱美統一97購02  ,0,0,0,0,0,0,0,0,0,-20000,0,0,0,0,20000,-20000,-20000
055173,瑞昱統一97購01  ,0,0,0,0,0,0,0,0,0,-20000,0,0,0,0,20000,-20000,-20000
055153,台光電元大98購02,0,0,0,0,0,0,0,0,0,-20000,0,0,0,10000,30000,-20000,-20000
055240,京元電元富97購01,0,0,0,0,0,0,0,0,0,-20000,0,0,0,0,20000,-20000,-20000
055278,旺宏元大98購05  ,0,0,0,0,0,0,0,0,0,-20000,0,0,0,23000,43000,-20000,-20000
054940,台積電元大97購16,0,0,0,0,0,0,0,0,0,-20000,0,0,0,50000,70000,-20000,-20000
054941,凱美元大97購01  ,0,0,0,0,0,0,0,0,0,-20000,0,0,0,0,20000,-20000,-20000
054948,聯發科元大97購14,0,0,0,0,0,0,0,0,0,-20000,0,0,0,0,20000,-20000,-20000
054995,宏盛元富97購01  ,0,0,0,0,0,0,0,0,0,-20000,0,0,0,0,20000,-20000,-20000
055017,緯穎元富97購01  ,0,0,0,0,0,0,0,0,0,-20000,0,0,0,0,20000,-20000,-20000
055308,聯發科群益97購04,0,0,0,0,0,0,0,0,0,-20000,0,0,0,0,20000,-20000,-20000
055435,佳世達中信99購01,0,0,0,0,0,0,0,0,0,-20000,0,0,0,0,20000,-20000,-20000
055429,華新科群益99購01,0,0,0,0,0,0,0,0,0,-20000,0,0,0,0,20000,-20000,-20000
055544,鴻海凱基97購05  ,0,0,0,0,0,0,0,0,0,-20000,0,0,0,0,20000,-20000,-20000
055554,聯發科凱基97購06,0,0,0,0,0,0,0,0,0,-20000,0,0,0,3000,23000,-20000,-20000
055512,聯詠兆豐97購01  ,0,0,0,0,0,0,0,0,0,-20000,0,0,0,0,20000,-20000,-20000
054909,福懋科康和97購01,0,0,0,0,0,0,0,0,0,-20000,0,0,0,0,20000,-20000,-20000
054611,全新永豐97購01  ,0,0,0,0,0,0,0,0,0,-20000,0,0,0,0,20000,-20000,-20000
054637,智邦中信98購01  ,0,0,0,0,0,0,0,0,0,-20000,0,0,0,0,20000,-20000,-20000
054681,味全永豐97購01  ,0,0,0,0,0,0,0,0,0,-20000,0,0,0,0,20000,-20000,-20000
054655,貿聯麥證98購01  ,0,0,0,0,20000,-20000,0,0,0,-20000,0,0,0,0,20000,-20000,-20000
054755,世紀鋼凱基98購01,0,0,0,0,0,0,0,0,0,-20000,0,0,0,0,20000,-20000,-20000
054769,創意國票98購01  ,0,0,0,0,0,0,0,0,0,-20000,0,0,0,10000,30000,-20000,-20000
054539,欣興國票98購01  ,0,0,0,0,0,0,0,0,0,-20000,0,0,0,0,20000,-20000,-20000
054563,泰碩群益99購01  ,0,0,0,0,0,0,0,0,0,-20000,0,0,0,0,20000,-20000,-20000
054463,瑞昱凱基97購01  ,0,0,0,0,0,0,0,0,0,-20000,0,0,0,3000,23000,-20000,-20000
054456,華泰群益99購01  ,0,0,0,0,0,0,0,0,0,-20000,0,0,0,0,20000,-20000,-20000
054449,中環第一96購01  ,0,0,0,0,0,0,0,0,0,-20000,0,0,0,0,20000,-20000,-20000
054321,上銀台新96購01  ,0,0,0,0,0,0,0,0,0,-20000,0,0,0,0,20000,-20000,-20000
054269,台光電亞東98購01,0,0,0,0,0,0,0,0,0,-20000,0,0,0,0,20000,-20000,-20000
054250,漢唐元大96購04  ,0,0,0,0,0,0,0,0,0,-20000,0,0,0,4000,24000,-20000,-20000
054194,國巨麥證96購02  ,0,0,0,0,20000,-20000,0,0,0,-20000,0,0,0,0,20000,-20000,-20000
054152,漢唐國泰98購02  ,0,0,0,0,0,0,0,0,0,-20000,0,0,0,4000,24000,-20000,-20000
054153,宏達電國泰97購01,0,0,0,0,0,0,0,0,0,-20000,0,0,0,56000,76000,-20000,-20000
054138,晶技元大98購02  ,0,0,0,0,0,0,0,0,0,-20000,0,0,0,12000,32000,-20000,-20000
054094,創意群益96購02  ,0,0,0,0,0,0,0,0,0,-20000,0,0,0,0,20000,-20000,-20000
054068,華通國泰96購02  ,0,0,0,0,0,0,0,0,0,-20000,0,0,0,6000,26000,-20000,-20000
053824,樺漢群益96購02  ,0,0,0,0,0,0,0,0,0,-20000,0,0,0,0,20000,-20000,-20000
053869,嘉澤元大96購02  ,0,0,0,0,0,0,0,0,0,-20000,0,0,0,1000,21000,-20000,-20000
053775,鴻海元大96購21  ,0,0,0,0,0,0,0,0,0,-20000,0,0,0,0,20000,-20000,-20000
053802,南亞科凱基96購04,0,0,0,0,0,0,0,0,0,-20000,0,0,0,0,20000,-20000,-20000
053678,南亞科富邦97購01,0,0,0,0,0,0,0,0,0,-20000,0,0,0,0,20000,-20000,-20000
053603,臺股指元大96購20,0,0,0,0,0,0,0,0,0,-20000,0,0,0,0,20000,-20000,-20000
046880,瑞昱永昌93購01  ,0,0,0,0,0,0,0,0,0,-20000,0,0,0,0,20000,-20000,-20000
046866,台積電統一94購03,0,0,0,0,0,0,0,0,0,-20000,0,0,0,87000,107000,-20000,-20000
046872,全新元富93購02  ,0,0,0,0,0,0,0,0,0,-20000,0,0,0,0,20000,-20000,-20000
046833,晶技群益93購01  ,0,0,0,0,0,0,0,0,0,-20000,0,0,0,80000,100000,-20000,-20000
046835,傳奇群益93購01  ,0,0,0,0,0,0,0,0,0,-20000,0,0,0,0,20000,-20000,-20000
046450,鴻海凱基93購12  ,0,0,0,0,0,0,0,0,0,-20000,0,0,0,0,20000,-20000,-20000
046438,群創群益95購01  ,0,0,0,0,0,0,0,0,0,-20000,0,0,0,0,20000,-20000,-20000
04640P,上銀凱基94售05  ,0,0,0,0,0,0,0,0,0,-20000,0,0,0,0,20000,-20000,-20000
046138,鴻海統一92購07  ,0,0,0,0,0,0,0,0,0,-20000,0,0,0,0,20000,-20000,-20000
045046,冠德凱基92購01  ,0,0,0,0,0,0,0,0,0,-20000,0,0,0,0,20000,-20000,-20000
045020,臺股指元大92購14,0,0,0,0,0,0,0,0,0,-20000,0,0,0,240000,260000,-20000,-20000
046157,美律群益92購05  ,0,0,0,0,0,0,0,0,0,-20000,0,0,0,0,20000,-20000,-20000
046172,美律永豐92購01  ,0,0,0,0,0,0,0,0,0,-20000,0,0,0,0,20000,-20000,-20000
04507P,台光電元大94售03,0,0,0,0,0,0,0,0,0,-20000,0,0,0,0,20000,-20000,-20000
044376,日月光兆豐92購01,0,0,0,0,0,0,0,0,0,-20000,0,0,0,0,20000,-20000,-20000
044260,滬深2X國泰92購02,0,0,0,0,0,0,0,0,0,-20000,0,0,0,0,20000,-20000,-20000
04433P,上証2X國票95售01,0,0,0,0,0,0,0,0,0,-20000,0,0,0,0,20000,-20000,-20000
045158,和碩凱基92購01  ,0,0,0,0,0,0,0,0,0,-20000,0,0,0,0,20000,-20000,-20000
044614,聯茂兆豐92購02  ,0,0,0,0,0,0,0,0,0,-20000,0,0,0,0,20000,-20000,-20000
044507,燿華凱基93購03  ,0,0,0,0,0,0,0,0,0,-20000,0,0,0,0,20000,-20000,-20000
044511,全新凱基92購01  ,0,0,0,0,0,0,0,0,0,-20000,0,0,0,0,20000,-20000,-20000
044574,潤泰全凱基93購01,0,0,0,0,0,0,0,0,0,-20000,0,0,0,0,20000,-20000,-20000
046281,正崴永豐92購01  ,0,0,0,0,0,0,0,0,0,-20000,0,0,0,0,20000,-20000,-20000
045517,元油2X元富98購01,0,0,0,0,0,0,0,0,0,-20000,0,0,0,101000,121000,-20000,-20000
045258,漢唐凱基93購01  ,0,0,0,0,0,0,0,0,0,-20000,0,0,0,10000,30000,-20000,-20000
045184,京元電統一93購01,0,0,0,0,0,0,0,0,0,-20000,0,0,0,0,20000,-20000,-20000
046197,日月光凱基92購04,0,0,0,0,0,0,0,0,0,-20000,0,0,0,0,20000,-20000,-20000
046194,禾伸堂凱基92購02,0,0,0,0,0,0,0,0,0,-20000,0,0,0,0,20000,-20000,-20000
046209,全新元富92購01  ,0,0,0,0,0,0,0,0,0,-20000,0,0,0,0,20000,-20000,-20000
046188,京元電凱基92購06,0,0,0,0,0,0,0,0,0,-20000,0,0,0,0,20000,-20000,-20000
046182,燿華凱基93購04  ,0,0,0,0,0,0,0,0,0,-20000,0,0,0,0,20000,-20000,-20000
046362,華通永豐92購02  ,0,0,0,0,0,0,0,0,0,-20000,0,0,0,8000,28000,-20000,-20000
046358,義隆台新92購01  ,0,0,0,0,0,0,0,0,0,-20000,0,0,0,0,20000,-20000,-20000
045417,華新凱基93購01  ,0,0,0,0,0,0,0,0,0,-20000,0,0,0,0,20000,-20000,-20000
045404,智邦台新92購01  ,0,0,0,0,0,0,0,0,0,-20000,0,0,0,0,20000,-20000,-20000
045715,華邦電凱基92購04,0,0,0,0,0,0,0,0,0,-20000,0,0,0,0,20000,-20000,-20000
045717,微星凱基92購03  ,0,0,0,0,0,0,0,0,0,-20000,0,0,0,0,20000,-20000,-20000
045616,冠德台新92購01  ,0,0,0,0,0,0,0,0,0,-20000,0,0,0,0,20000,-20000,-20000
045578,建準元大92購02  ,0,0,0,0,0,0,0,0,0,-20000,0,0,0,0,20000,-20000,-20000
045633,南亞科凱基92購02,0,0,0,0,0,0,0,0,0,-20000,0,0,0,0,20000,-20000,-20000
045627,聯電凱基93購03  ,0,0,0,0,0,0,0,0,0,-20000,0,0,0,0,20000,-20000,-20000
045766,上証2X元富92購01,0,0,0,0,0,0,0,0,0,-20000,0,0,0,0,20000,-20000,-20000
045897,泰鼎元大93購04  ,0,0,0,0,0,0,0,0,0,-20000,0,0,0,0,20000,-20000,-20000
049562,和大統一94購01  ,0,0,0,0,0,0,0,0,0,-20000,0,0,0,0,20000,-20000,-20000
04955P,大立光日盛94售02,0,0,0,0,0,0,0,0,0,-20000,0,0,0,0,20000,-20000,-20000
049567,鴻海統一94購05  ,0,0,0,0,0,0,0,0,0,-20000,0,0,0,0,20000,-20000,-20000
049549,瀚宇博群益94購01,0,0,0,0,0,0,0,0,0,-20000,0,0,0,100000,120000,-20000,-20000
049527,國巨中信95購01  ,0,0,0,0,0,0,0,0,0,-20000,0,0,0,0,20000,-20000,-20000
049650,啟碁凱基94購03  ,0,0,0,0,0,0,0,0,0,-20000,0,0,0,0,20000,-20000,-20000
049599,樺漢元大95購01  ,0,0,0,0,0,0,0,0,0,-20000,0,0,0,0,20000,-20000,-20000
049624,嘉澤群益94購01  ,0,0,0,0,0,0,0,0,0,-20000,0,0,0,0,20000,-20000,-20000
049618,美律群益94購03  ,0,0,0,0,0,0,0,0,0,-20000,0,0,0,6000,26000,-20000,-20000
049464,燿華台新95購01  ,0,0,0,0,0,0,0,0,0,-20000,0,0,0,0,20000,-20000,-20000
049397,台達電群益94購03,0,0,0,0,0,0,0,0,0,-20000,0,0,0,0,20000,-20000,-20000
049408,旺宏日盛94購01  ,0,0,0,0,0,0,0,0,0,-20000,0,0,0,0,20000,-20000,-20000
049416,美律凱基94購04  ,0,0,0,0,0,0,0,0,0,-20000,0,0,0,0,20000,-20000,-20000
049302,聯茂日盛94購01  ,0,0,0,0,0,0,0,0,0,-20000,0,0,0,0,20000,-20000,-20000
049348,瑞昱台新94購01  ,0,0,0,0,0,0,0,0,0,-20000,0,0,0,0,20000,-20000,-20000
049335,聯電統一97購01  ,0,0,0,0,0,0,0,0,0,-20000,0,0,0,0,20000,-20000,-20000
03953P,易華電凱基94售01,0,0,0,0,0,0,0,0,0,-20000,0,0,0,0,20000,-20000,-20000
04258P,健策國票94售01  ,0,0,0,0,0,0,0,0,0,-20000,0,0,0,0,20000,-20000,-20000
042037,台灣50群益93購03,0,0,0,0,0,0,0,0,0,-20000,0,0,0,83000,103000,-20000,-20000
03922P,中磊凱基93售01  ,0,0,0,0,0,0,0,0,0,-20000,0,0,0,0,20000,-20000,-20000
042137,元油2X元大93購01,0,0,0,0,0,0,0,0,0,-20000,0,0,0,0,20000,-20000,-20000
045986,南亞科永昌93購01,0,0,0,0,0,0,0,0,0,-20000,0,0,0,4000,24000,-20000,-20000
045956,英業達凱基93購01,0,0,0,0,0,0,0,0,0,-20000,0,0,0,0,20000,-20000,-20000
046750,鴻海凱基93購17  ,0,0,0,0,0,0,0,0,0,-20000,0,0,0,0,20000,-20000,-20000
046827,漢唐群益93購02  ,0,0,0,0,0,0,0,0,0,-20000,0,0,0,0,20000,-20000,-20000
046706,智邦台新93購01  ,0,0,0,0,0,0,0,0,0,-20000,0,0,0,0,20000,-20000,-20000
046744,元油2X凱基94購01,0,0,0,0,0,0,0,0,0,-20000,0,0,0,0,20000,-20000,-20000
044805,旭富凱基93購01  ,0,0,0,0,0,0,0,0,0,-20000,0,0,0,0,20000,-20000,-20000
043773,智邦兆豐93購01  ,0,0,0,0,0,0,0,0,0,-20000,0,0,0,0,20000,-20000,-20000
043851,國泰金永昌93購01,0,0,0,0,0,0,0,0,0,-20000,0,0,0,6000,26000,-20000,-20000
03549P,聯發科凱基02售10,0,0,0,0,0,0,0,0,0,-20000,0,0,0,0,20000,-20000,-20000
043066,上銀兆豐93購02  ,0,0,0,0,0,0,0,0,0,-20000,0,0,0,0,20000,-20000,-20000
03852P,華邦電凱基93售05,0,0,0,0,0,0,0,0,0,-20000,0,0,0,0,20000,-20000,-20000
042901,中纖元大94購01  ,0,0,0,0,0,0,0,0,0,-20000,0,0,0,0,20000,-20000,-20000
04120P,智邦凱基93售09  ,0,0,0,0,0,0,0,0,0,-20000,0,0,0,17000,37000,-20000,-20000
03622P,台光電中信92售01,0,0,0,0,0,0,0,0,0,-20000,0,0,0,0,20000,-20000,-20000
03087P,聯發科元大01售24,0,0,0,0,0,0,0,0,0,-20000,0,0,0,0,20000,-20000,-20000
00742,新光內需收益    ,1000,1000,0,0,0,0,0,0,0,-20000,0,0,0,0,20000,-20000,-20000
03600P,聯發科凱基92售06,0,0,0,0,0,0,0,0,0,-20000,0,0,0,0,20000,-20000,-20000
048967,凌陽元大95購01  ,0,0,0,0,0,0,0,0,0,-20000,0,0,0,0,20000,-20000,-20000
048977,晶相光元大94購01,0,0,0,0,0,0,0,0,0,-20000,0,0,0,0,20000,-20000,-20000
049351,揚明光永豐94購01,0,0,0,0,0,0,0,0,0,-20000,0,0,0,0,20000,-20000,-20000
047887,智原富邦97購01  ,0,0,0,0,0,0,0,0,0,-20000,0,0,0,0,20000,-20000,-20000
048580,台達電富邦93購01,0,0,0,0,0,0,0,0,0,-20000,0,0,0,0,20000,-20000,-20000
046987,智邦凱基93購04  ,0,0,0,0,0,0,0,0,0,-20000,0,0,0,0,20000,-20000,-20000
047856,GIS國票94購01   ,0,0,0,0,0,0,0,0,0,-20000,0,0,0,0,20000,-20000,-20000
047834,義隆元大93購02  ,0,0,0,0,0,0,0,0,0,-20000,0,0,0,0,20000,-20000,-20000
047837,嘉晶元大93購01  ,0,0,0,0,0,0,0,0,0,-20000,0,0,0,0,20000,-20000,-20000
046949,群創元大99購01  ,0,0,0,0,0,0,0,0,0,-20000,0,0,0,51000,71000,-20000,-20000
049914,瑞昱元大94購06  ,0,0,0,0,0,0,0,0,0,-20000,0,0,0,2000,22000,-20000,-20000
049894,嘉聯益富邦98購01,0,0,0,0,0,0,0,0,0,-20000,0,0,0,0,20000,-20000,-20000
050128,旺宏凱基94購04  ,0,0,0,0,0,0,0,0,0,-20000,0,0,0,1000,21000,-20000,-20000
049852,康控群益94購03  ,0,0,0,0,0,0,0,0,0,-20000,0,0,0,0,20000,-20000,-20000
050088,禾伸堂台新94購01,0,0,0,0,0,0,0,0,0,-20000,0,0,0,0,20000,-20000,-20000
047029,日月光元大93購01,0,0,0,0,0,0,0,0,0,-20000,0,0,0,0,20000,-20000,-20000
047059,智邦日盛93購01  ,0,0,0,0,0,0,0,0,0,-20000,0,0,0,0,20000,-20000,-20000
047101,南亞科富邦93購01,0,0,0,0,0,0,0,0,0,-20000,0,0,0,0,20000,-20000,-20000
047070,華通兆豐93購01  ,0,0,0,0,0,0,0,0,0,-20000,0,0,0,0,20000,-20000,-20000
047982,奇力新群益93購05,0,0,0,0,0,0,0,0,0,-20000,0,0,0,0,20000,-20000,-20000
04867P,美律統一94售03  ,0,0,0,0,0,0,0,0,0,-20000,0,0,0,0,20000,-20000,-20000
048690,美律群益94購01  ,0,0,0,0,0,0,0,0,0,-20000,0,0,0,0,20000,-20000,-20000
049757,聯茂永豐94購01  ,0,0,0,0,0,0,0,0,0,-20000,0,0,0,0,20000,-20000,-20000
049762,華邦電國泰95購01,0,0,0,0,0,0,0,0,0,-20000,0,0,0,0,20000,-20000,-20000
050072,京鼎凱基94購02  ,0,0,0,0,0,0,0,0,0,-20000,0,0,0,0,20000,-20000,-20000
049986,嘉澤凱基94購02  ,0,0,0,0,0,0,0,0,0,-20000,0,0,0,10000,30000,-20000,-20000
047685,嘉聯益國泰95購01,0,0,0,0,0,0,0,0,0,-20000,0,0,0,0,20000,-20000,-20000
047616,鴻海凱基94購10  ,0,0,0,0,0,0,0,0,0,-20000,0,0,0,0,20000,-20000,-20000
047617,瑞昱凱基93購07  ,0,0,0,0,0,0,0,0,0,-20000,0,0,0,10000,30000,-20000,-20000
047183,台光電元大93購05,0,0,0,0,0,0,0,0,0,-20000,0,0,0,0,20000,-20000,-20000
047806,旺宏凱基93購05  ,0,0,0,0,0,0,0,0,0,-20000,0,0,0,0,20000,-20000,-20000
048038,樺漢凱基93購03  ,0,0,0,0,0,0,0,0,0,-20000,0,0,0,0,20000,-20000,-20000
048029,聯發科凱基93購26,0,0,0,0,0,0,0,0,0,-20000,0,0,0,2000,22000,-20000,-20000
047493,旺宏元富96購01  ,0,0,0,0,0,0,0,0,0,-20000,0,0,0,0,20000,-20000,-20000
047485,景碩凱基94購01  ,0,0,0,0,0,0,0,0,0,-20000,0,0,0,0,20000,-20000,-20000
047480,全新凱基93購01  ,0,0,0,0,0,0,0,0,0,-20000,0,0,0,0,20000,-20000,-20000
047482,新光金凱基99購03,0,0,0,0,0,0,0,0,0,-20000,0,0,0,0,20000,-20000,-20000
048220,鴻海凱基93購35  ,0,0,0,0,0,0,0,0,0,-20000,0,0,0,0,20000,-20000,-20000
048223,微星凱基93購02  ,0,0,0,0,0,0,0,0,0,-20000,0,0,0,0,20000,-20000,-20000
048758,美利達元富96購02,0,0,0,0,0,0,0,0,0,-20000,0,0,0,0,20000,-20000,-20000
050356,緯穎群益94購05  ,0,0,0,0,0,0,0,0,0,-20000,0,0,0,43000,63000,-20000,-20000
050357,南電群益94購02  ,0,0,0,0,0,0,0,0,0,-20000,0,0,0,0,20000,-20000,-20000
050387,鴻海統一94購08  ,0,0,0,0,0,0,0,0,0,-20000,0,0,0,113000,133000,-20000,-20000
050464,華通國泰95購01  ,0,0,0,0,0,0,0,0,0,-20000,0,0,0,100000,120000,-20000,-20000
050503,聯發科凱基94購22,0,0,0,0,0,0,0,0,0,-20000,0,0,0,1000,21000,-20000,-20000
050652,大立光凱基96購03,0,0,0,0,0,0,0,0,0,-20000,0,0,0,0,20000,-20000,-20000
050670,牧德永豐94購03  ,8000,0,8000,0,0,0,0,0,0,-28000,0,0,0,0,28000,-28000,-20000
050681,南亞科元富94購01,0,0,0,0,0,0,0,0,0,-20000,0,0,0,0,20000,-20000,-20000
050544,聯發科凱基95購02,0,0,0,0,0,0,0,0,0,-20000,0,0,0,0,20000,-20000,-20000
050540,台積電凱基94購38,0,0,0,0,0,0,0,0,0,-20000,0,0,0,0,20000,-20000,-20000
04936P,大立光中信95售03,0,0,0,0,0,0,0,0,0,-20000,0,0,0,0,20000,-20000,-20000
050209,華通國票95購01  ,0,0,0,0,0,0,0,0,0,-20000,0,0,0,0,20000,-20000,-20000
048888,牧德元富94購02  ,0,0,0,0,0,0,0,0,0,-20000,0,0,0,0,20000,-20000,-20000
048889,牧德元富94購03  ,0,0,0,0,0,0,0,0,0,-20000,0,0,0,0,20000,-20000,-20000
047414,智邦永昌93購01  ,0,0,0,0,0,0,0,0,0,-20000,0,0,0,0,20000,-20000,-20000
048130,美利達元大96購01,0,0,0,0,0,0,0,0,0,-20000,0,0,0,0,20000,-20000,-20000
048109,旺宏群益94購02  ,0,0,0,0,0,0,0,0,0,-20000,0,0,0,0,20000,-20000,-20000
048144,華固統一93購01  ,0,0,0,0,0,0,0,0,0,-20000,0,0,0,0,20000,-20000,-20000
049797,台積電元大94購17,0,0,0,0,0,0,0,0,0,-20000,0,0,0,0,20000,-20000,-20000
049230,台達電富邦96購01,0,0,0,0,0,0,0,0,0,-20000,0,0,0,0,20000,-20000,-20000
049743,全新台新94購01  ,0,0,0,0,0,0,0,0,0,-20000,0,0,0,0,20000,-20000,-20000
049746,全新永豐95購01  ,0,0,0,0,0,0,0,0,0,-20000,0,0,0,0,20000,-20000,-20000
048086,鴻海凱基93購33  ,0,0,0,0,0,0,0,0,0,-20000,0,0,0,0,20000,-20000,-20000
048089,智邦凱基93購10  ,0,0,0,0,0,0,0,0,0,-20000,0,0,0,0,20000,-20000,-20000
047235,嘉澤凱基93購01  ,0,0,0,0,0,0,0,0,0,-20000,0,0,0,1000,21000,-20000,-20000
049079,聯發科凱基94購04,0,0,0,0,0,0,0,0,0,-20000,0,0,0,14000,34000,-20000,-20000
049107,緯創富邦94購01  ,0,0,0,0,0,0,0,0,0,-20000,0,0,0,0,20000,-20000,-20000
049173,鴻海凱基94購15  ,0,0,0,0,0,0,0,0,0,-20000,0,0,0,0,20000,-20000,-20000
049224,致新國票95購01  ,0,0,0,0,0,0,0,0,0,-20000,0,0,0,0,20000,-20000,-20000
048416,台達電統一93購02,0,0,0,0,0,0,0,0,0,-20000,0,0,0,0,20000,-20000,-20000
048273,南電富邦97購01  ,0,0,0,0,0,0,0,0,0,-20000,0,0,0,0,20000,-20000,-20000
048817,光寶科凱基94購02,0,0,0,0,0,0,0,0,0,-20000,0,0,0,0,20000,-20000,-20000
048830,和鑫凱基94購03  ,0,0,0,0,0,0,0,0,0,-20000,0,0,0,0,20000,-20000,-20000
048204,訊芯元大93購06  ,0,0,0,0,0,0,0,0,0,-20000,0,0,0,0,20000,-20000,-20000
048214,滬深2X凱基96購03,0,0,0,0,0,0,0,0,0,-20000,0,0,0,0,20000,-20000,-20000
048215,A50正2凱基95購01,0,0,0,0,0,0,0,0,0,-20000,0,0,0,0,20000,-20000,-20000
048190,道瓊反元大96購02,0,0,0,0,0,0,0,0,0,-20000,0,0,0,0,20000,-20000,-20000
048542,美利達台新93購01,0,0,0,0,0,0,0,0,0,-20000,0,0,0,0,20000,-20000,-20000
04849P,GIS中信94售01   ,0,0,0,0,0,0,0,0,0,-20000,0,0,0,0,20000,-20000,-20000
048514,嘉澤凱基93購06  ,0,0,0,0,0,0,0,0,0,-20000,0,0,0,1000,21000,-20000,-20000
048165,嘉澤康和93購01  ,0,0,0,0,0,0,0,0,0,-20000,0,0,0,0,20000,-20000,-20000
049364,燿華元大94購02  ,0,0,0,0,0,0,0,0,0,-20000,0,0,0,0,20000,-20000,-20000
052397,燿華凱基96購02  ,0,0,0,0,0,0,0,0,0,-20000,0,0,0,0,20000,-20000,-20000
052346,訊芯凱基95購01  ,0,0,0,0,0,0,0,0,0,-20000,0,0,0,0,20000,-20000,-20000
052340,燿華凱基96購01  ,0,0,0,0,0,0,0,0,0,-20000,0,0,0,0,20000,-20000,-20000
052249,大成鋼永豐95購01,0,0,0,0,0,0,0,0,0,-20000,0,0,0,5000,25000,-20000,-20000
052244,廣達康和95購01  ,0,0,0,0,0,0,0,0,0,-20000,0,0,0,0,20000,-20000,-20000
05223P,臻鼎凱基95售02  ,0,0,0,0,0,0,0,0,0,-20000,0,0,0,0,20000,-20000,-20000
05222P,致伸凱基95售02  ,0,0,0,0,0,0,0,0,0,-20000,0,0,0,0,20000,-20000,-20000
052286,力成凱基95購02  ,0,0,0,0,0,0,0,0,0,-20000,0,0,0,0,20000,-20000,-20000
052312,美律富邦96購02  ,0,0,0,0,0,0,0,0,0,-20000,0,0,0,0,20000,-20000,-20000
052548,旺宏亞東96購01  ,0,0,0,0,0,0,0,0,0,-20000,0,0,0,0,20000,-20000,-20000
052546,友達中信98購01  ,0,0,0,0,0,0,0,0,0,-20000,0,0,0,0,20000,-20000,-20000
052582,喬山台新96購01  ,0,0,0,0,0,0,0,0,0,-20000,0,0,0,0,20000,-20000,-20000
052422,聯電國票96購03  ,0,0,0,0,0,0,0,0,0,-20000,0,0,0,0,20000,-20000,-20000
052707,景碩台新96購01  ,0,0,0,0,0,0,0,0,0,-20000,0,0,0,0,20000,-20000,-20000
052839,上海銀國泰97購01,0,0,0,0,0,0,0,0,0,-20000,0,0,0,26000,46000,-20000,-20000
052780,玉晶光國票96購04,0,0,0,0,0,0,0,0,0,-20000,0,0,0,0,20000,-20000,-20000
052951,GIS國票97購02   ,0,0,0,0,0,0,0,0,0,-20000,0,0,0,0,20000,-20000,-20000
052963,智邦凱基96購02  ,0,0,0,0,0,0,0,0,0,-20000,0,0,0,27000,47000,-20000,-20000
052966,光磊群益96購01  ,0,0,0,0,0,0,0,0,0,-20000,0,0,0,0,20000,-20000,-20000
052954,大成鋼日盛96購01,0,0,0,0,0,0,0,0,0,-20000,0,0,0,0,20000,-20000,-20000
053040,全新凱基98購01  ,0,0,0,0,0,0,0,0,0,-20000,0,0,0,0,20000,-20000,-20000
053053,京元電國票97購02,0,0,0,0,0,0,0,0,0,-20000,0,0,0,0,20000,-20000,-20000
053242,聯電國票96購04  ,0,0,0,0,0,0,0,0,0,-20000,0,0,0,0,20000,-20000,-20000
053237,揚明光永豐96購03,0,0,0,0,0,0,0,0,0,-20000,0,0,0,0,20000,-20000,-20000
053254,群創國泰98購02  ,0,0,0,0,0,0,0,0,0,-20000,0,0,0,0,20000,-20000,-20000
053269,同欣電群益96購01,0,0,0,0,0,0,0,0,0,-20000,0,0,0,38000,58000,-20000,-20000
053560,漢唐國泰98購01  ,0,0,0,0,0,0,0,0,0,-20000,0,0,0,10000,30000,-20000,-20000
053549,南亞科凱基96購02,0,0,0,0,0,0,0,0,0,-20000,0,0,0,0,20000,-20000,-20000
053432,世紀鋼永豐96購02,0,0,0,0,0,0,0,0,0,-20000,0,0,0,0,20000,-20000,-20000
053416,光磊台新97購01  ,0,0,0,0,0,0,0,0,0,-20000,0,0,0,0,20000,-20000,-20000
053361,友達元富99購01  ,0,0,0,0,0,0,0,0,0,-20000,0,0,0,0,20000,-20000,-20000
053364,友達國泰98購01  ,0,0,0,0,0,0,0,0,0,-20000,0,0,0,0,20000,-20000,-20000
053337,聯電國票97購01  ,0,0,0,0,0,0,0,0,0,-20000,0,0,0,0,20000,-20000,-20000
053353,玉晶光兆豐97購03,0,0,0,0,0,0,0,0,0,-20000,0,0,0,0,20000,-20000,-20000
050835,GIS凱基96購01   ,0,0,0,0,0,0,0,0,0,-20000,0,0,0,0,20000,-20000,-20000
050865,欣興永豐95購01  ,0,0,0,0,0,0,0,0,0,-20000,0,0,0,0,20000,-20000,-20000
050861,鴻海永豐95購01  ,0,0,0,0,0,0,0,0,0,-20000,0,0,0,0,20000,-20000,-20000
050721,台泥國票94購01  ,0,0,0,0,0,0,0,0,0,-20000,0,0,0,0,20000,-20000,-20000
050722,聯電國票96購01  ,0,0,0,0,0,0,0,0,0,-20000,0,0,0,0,20000,-20000,-20000
050922,南亞科凱基95購02,0,0,0,0,0,0,0,0,0,-20000,0,0,0,0,20000,-20000,-20000
050923,南亞科凱基95購03,0,0,0,0,0,0,0,0,0,-20000,0,0,0,0,20000,-20000,-20000
050920,旺宏凱基95購01  ,0,0,0,0,0,0,0,0,0,-20000,0,0,0,0,20000,-20000,-20000
050968,超眾永豐95購01  ,0,0,0,0,0,0,0,0,0,-20000,0,0,0,0,20000,-20000,-20000
05098P,鴻海凱基95售15  ,0,0,0,0,0,0,0,0,0,-20000,0,0,0,0,20000,-20000,-20000
051007,台光電麥證95購01,0,0,0,20000,40000,-20000,0,0,0,-20000,0,0,0,20000,40000,-20000,-20000
051062,超眾群益95購02  ,0,0,0,0,0,0,0,0,0,-20000,0,0,0,0,20000,-20000,-20000
051094,健策元大96購03  ,0,0,0,0,0,0,0,0,0,-20000,0,0,0,0,20000,-20000,-20000
051124,創意群益95購01  ,0,0,0,0,0,0,0,0,0,-20000,0,0,0,0,20000,-20000,-20000
051146,旺宏凱基95購04  ,0,0,0,0,0,0,0,0,0,-20000,0,0,0,0,20000,-20000,-20000
051207,聯茂麥證95購01  ,0,0,0,0,20000,-20000,0,0,0,-20000,0,0,0,0,20000,-20000,-20000
051208,GIS麥證95購01   ,0,0,0,0,20000,-20000,0,0,0,-20000,0,0,0,0,20000,-20000,-20000
051209,百和麥證95購01  ,0,0,0,0,20000,-20000,0,0,0,-20000,0,0,0,0,20000,-20000,-20000
051210,S&P反1統一97購01,0,0,0,0,0,0,0,0,0,-20000,0,0,0,0,20000,-20000,-20000
051219,大立光元富95購07,0,0,0,0,0,0,0,0,0,-20000,0,0,0,0,20000,-20000,-20000
051354,聯發科元大95購09,0,0,0,0,0,0,0,0,0,-20000,0,0,0,1000,21000,-20000,-20000
051388,大立光麥證95購03,0,0,0,0,20000,-20000,0,0,0,-20000,0,0,0,0,20000,-20000,-20000
051386,富邦金麥證96購01,0,0,0,0,20000,-20000,0,0,0,-20000,0,0,0,0,20000,-20000,-20000
051413,富邦金國票96購02,0,0,0,0,0,0,0,0,0,-20000,0,0,0,0,20000,-20000,-20000
051306,嘉聯益凱基96購01,0,0,0,0,0,0,0,0,0,-20000,0,0,0,0,20000,-20000,-20000
051308,GIS凱基95購04   ,0,0,0,0,0,0,0,0,0,-20000,0,0,0,0,20000,-20000,-20000
051314,嘉聯益麥證96購01,0,0,0,0,20000,-20000,0,0,0,-20000,0,0,0,0,20000,-20000,-20000
05157P,全新台新96售01  ,0,0,0,0,0,0,0,0,0,-20000,0,0,0,130000,150000,-20000,-20000
051542,南茂國票96購01  ,0,0,0,0,0,0,0,0,0,-20000,0,0,0,0,20000,-20000,-20000
051615,華通凱基96購01  ,0,0,0,0,0,0,0,0,0,-20000,0,0,0,0,20000,-20000,-20000
051476,聯發科凱基95購09,0,0,0,0,0,0,0,0,0,-20000,0,0,0,10000,30000,-20000,-20000
051453,智伸科元大95購02,0,0,0,0,0,0,0,0,0,-20000,0,0,0,30000,50000,-20000,-20000
051495,玉晶光第一95購02,0,0,0,0,0,0,0,0,0,-20000,0,0,0,10000,30000,-20000,-20000
051515,聯發科凱基95購10,0,0,0,0,0,0,0,0,0,-20000,0,0,0,0,20000,-20000,-20000
051533,健鼎國票96購02  ,0,0,0,0,0,0,0,0,0,-20000,0,0,0,0,20000,-20000,-20000
051710,和碩群益95購01  ,0,0,0,0,0,0,0,0,0,-20000,0,0,0,0,20000,-20000,-20000
051764,欣興元大95購07  ,0,0,0,0,0,0,0,0,0,-20000,0,0,0,2000,22000,-20000,-20000
051770,南茂元大95購02  ,0,0,0,0,0,0,0,0,0,-20000,0,0,0,0,20000,-20000,-20000
051814,鈺齊凱基95購01  ,0,0,0,0,0,0,0,0,0,-20000,0,0,0,0,20000,-20000,-20000
051810,欣興凱基95購03  ,0,0,0,0,0,0,0,0,0,-20000,0,0,0,0,20000,-20000,-20000
052196,TPK元富95購01   ,0,0,0,0,0,0,0,0,0,-20000,0,0,0,0,20000,-20000,-20000
052151,義隆富邦96購01  ,0,0,0,0,0,0,0,0,0,-20000,0,0,0,0,20000,-20000,-20000
052055,緯穎凱基95購03  ,0,0,0,0,0,0,0,0,0,-20000,0,0,0,19000,39000,-20000,-20000
052052,嘉澤凱基95購02  ,0,0,0,0,0,0,0,0,0,-20000,0,0,0,0,20000,-20000,-20000
052025,國巨群益96購01  ,0,0,0,0,0,0,0,0,0,-20000,0,0,0,0,20000,-20000,-20000
052026,漢唐群益95購01  ,0,0,0,0,0,0,0,0,0,-20000,0,0,0,10000,30000,-20000,-20000
052033,臺股指群益95購06,0,0,0,0,0,0,0,0,0,-20000,0,0,0,0,20000,-20000,-20000
052036,臺股指群益95購09,0,0,0,0,0,0,0,0,0,-20000,0,0,0,0,20000,-20000,-20000
052010,兆豐金中信95購01,0,0,0,0,0,0,0,0,0,-20000,0,0,0,0,20000,-20000,-20000
051969,世紀鋼永豐95購01,0,0,0,0,0,0,0,0,0,-20000,0,0,0,0,20000,-20000,-20000
051961,泰碩永豐95購01  ,0,0,0,0,0,0,0,0,0,-20000,0,0,0,0,20000,-20000,-20000
051924,聯茂日盛95購01  ,0,0,0,0,0,0,0,0,0,-20000,0,0,0,0,20000,-20000,-20000
051871,同欣電凱基95購02,0,0,0,0,0,0,0,0,0,-20000,0,0,0,0,20000,-20000,-20000
05187P,力山凱基95售01  ,0,0,0,0,0,0,0,0,0,-20000,0,0,0,0,20000,-20000,-20000
08445P,臺股指麥證9C售03,0,0,0,0,0,0,0,0,0,-20000,0,0,0,0,20000,-20000,-20000
06245P,健策元富97售03  ,0,0,0,0,0,0,0,0,0,-20000,0,0,0,0,20000,-20000,-20000
06148P,台積電元大97售17,0,0,0,0,0,0,0,0,0,-20000,0,0,0,100000,120000,-20000,-20000
06166P,大立光國票98售01,0,0,0,0,0,0,0,0,0,-20000,0,0,0,0,20000,-20000,-20000
06036P,台表科凱基96售04,0,0,0,0,0,0,0,0,0,-20000,0,0,0,0,20000,-20000,-20000
06073P,健策永豐97售01  ,0,0,0,0,0,0,0,0,0,-20000,0,0,0,0,20000,-20000,-20000
06082P,華通統一98售01  ,0,0,0,0,0,0,0,0,0,-20000,0,0,0,10000,30000,-20000,-20000
06005P,晶豪科永豐96售04,0,0,0,0,0,0,0,0,0,-20000,0,0,0,0,20000,-20000,-20000
3356,奇偶            ,28000,47000,-19000,0,0,0,0,0,0,-1000,0,1000,-1000,0,0,0,-20000
2020,美亞            ,13000,34000,-21000,0,0,0,0,0,0,1000,1000,0,1000,0,0,0,-20000
053579,華通元大97購01  ,0,0,0,0,0,0,0,0,0,-21000,0,0,0,59000,80000,-21000,-21000
054002,GIS群益96購03   ,0,0,0,0,0,0,0,0,0,-21000,0,0,0,0,21000,-21000,-21000
054774,同欣電國票98購01,0,0,0,0,0,0,0,0,0,-21000,0,0,0,0,21000,-21000,-21000
055458,燿華永豐98購01  ,0,0,0,0,0,0,0,0,0,-21000,0,0,0,0,21000,-21000,-21000
055302,達方元大97購01  ,0,0,0,0,0,0,0,0,0,-21000,0,0,0,0,21000,-21000,-21000
055292,聯鈞元大97購02  ,0,0,0,0,0,0,0,0,0,-21000,0,0,0,14000,35000,-21000,-21000
055080,正崴中信99購01  ,0,0,0,0,0,0,0,0,0,-21000,0,0,0,0,21000,-21000,-21000
055096,緯穎群益97購01  ,0,0,0,0,0,0,0,0,0,-21000,0,0,0,29000,50000,-21000,-21000
055181,日電貿統一97購01,0,0,0,0,0,0,0,0,0,-21000,0,0,0,0,21000,-21000,-21000
055887,上銀統一97購03  ,0,0,0,0,0,0,0,0,0,-21000,0,0,0,0,21000,-21000,-21000
03712P,京元電統一93售02,0,0,0,0,0,0,0,0,0,-21000,0,0,0,0,21000,-21000,-21000
04107P,元黃金中信94售01,0,0,0,0,0,0,0,0,0,-21000,0,0,0,0,21000,-21000,-21000
046346,旺宏兆豐92購02  ,0,0,0,0,0,0,0,0,0,-21000,0,0,0,0,21000,-21000,-21000
045453,上銀元大92購07  ,0,0,0,0,0,0,0,0,0,-21000,0,0,0,39000,60000,-21000,-21000
044466,和大群益93購01  ,0,0,0,0,0,0,0,0,0,-21000,0,0,0,0,21000,-21000,-21000
044187,泰鼎國泰93購01  ,0,0,0,0,0,0,0,0,0,-21000,0,0,0,0,21000,-21000,-21000
046073,日月光凱基92購03,0,0,0,0,0,0,0,0,0,-21000,0,0,0,10000,31000,-21000,-21000
048550,中鴻元大96購01  ,0,0,0,0,0,0,0,0,0,-21000,0,0,0,37000,58000,-21000,-21000
048354,滬深2X永豐93購03,0,0,0,0,0,0,0,0,0,-21000,0,0,0,0,21000,-21000,-21000
048422,瑞昱元富96購02  ,0,0,0,0,0,0,0,0,0,-21000,0,0,0,0,21000,-21000,-21000
04921P,TPK凱基94售05   ,0,0,0,0,0,0,0,0,0,-21000,0,0,0,0,21000,-21000,-21000
047395,聯茂元大94購01  ,0,0,0,0,0,0,0,0,0,-21000,0,0,0,9000,30000,-21000,-21000
050554,百和凱基95購01  ,0,0,0,0,0,0,0,0,0,-21000,0,0,0,0,21000,-21000,-21000
050394,大立光元富94購09,0,0,0,0,0,0,0,0,0,-21000,0,0,0,0,21000,-21000,-21000
050351,華新科群益95購02,0,0,0,0,0,0,0,0,0,-21000,0,0,0,2000,23000,-21000,-21000
048656,大立光元富93購05,0,0,0,0,0,0,0,0,0,-21000,0,0,0,0,21000,-21000,-21000
047082,元上證永豐93購01,0,0,0,0,0,0,0,0,0,-21000,0,0,0,4000,25000,-21000,-21000
050107,鴻海元大94購12  ,0,0,0,0,0,0,0,0,0,-21000,0,0,0,5000,26000,-21000,-21000
049965,矽創元富94購01  ,0,0,0,0,0,0,0,0,0,-21000,0,0,0,9000,30000,-21000,-21000
051954,矽力元富95購04  ,0,0,0,0,0,0,0,0,0,-21000,0,0,0,9000,30000,-21000,-21000
052016,神基永豐95購01  ,0,0,0,0,0,0,0,0,0,-21000,0,0,0,62000,83000,-21000,-21000
052060,旺宏國票96購02  ,0,0,0,0,0,0,0,0,0,-21000,0,0,0,0,21000,-21000,-21000
052143,鴻海群益95購09  ,0,0,0,0,0,0,0,0,0,-21000,0,0,0,0,21000,-21000,-21000
052158,華泰永豐95購01  ,0,0,0,0,0,0,0,0,0,-21000,0,0,0,0,21000,-21000,-21000
050833,台郡凱基95購01  ,0,0,0,0,0,0,0,0,0,-21000,0,0,0,14000,35000,-21000,-21000
053282,彩晶元大9C購01  ,0,0,0,0,0,0,0,0,0,-21000,0,0,0,11000,32000,-21000,-21000
053510,聯電群益97購01  ,0,0,0,0,0,0,0,0,0,-21000,0,0,0,1000,22000,-21000,-21000
053221,彩晶凱基98購01  ,0,0,0,0,0,0,0,0,0,-21000,0,0,0,11000,32000,-21000,-21000
052826,嘉聯益永豐96購01,0,0,0,0,0,0,0,0,0,-21000,0,0,0,0,21000,-21000,-21000
052329,台積電亞東96購01,0,0,0,0,0,0,0,0,0,-21000,0,0,0,0,21000,-21000,-21000
2397,友通            ,4000,18000,-14000,0,0,0,0,0,0,-7000,0,7000,-7000,0,0,0,-21000
3257,虹冠電          ,19000,39000,-20000,0,0,0,0,0,0,-1000,1000,2000,-1000,0,0,0,-21000
4144,康聯-KY         ,11000,32000,-21000,0,0,0,0,0,0,0,0,0,0,0,0,0,-21000
3130,一零四          ,0,21000,-21000,0,0,0,0,0,0,0,0,0,0,0,0,0,-21000
05962P,大立光群益96售07,0,0,0,0,0,0,0,0,0,-21000,0,0,0,0,21000,-21000,-21000
05851P,力山群益97售01  ,0,0,0,0,0,0,0,0,0,-21000,0,0,0,0,21000,-21000,-21000
05818P,大立光凱基96售14,0,0,0,0,0,0,0,0,0,-21000,0,0,0,0,21000,-21000,-21000
06170P,禾伸堂元富97售02,0,0,0,0,0,0,0,0,0,-21000,0,0,0,0,21000,-21000,-21000
06219P,國巨元富97售05  ,0,0,0,0,0,0,0,0,0,-21000,0,0,0,5000,26000,-21000,-21000
06312P,樺漢元富97售02  ,0,0,0,0,0,0,0,0,0,-21000,0,0,0,0,21000,-21000,-21000
06370P,貿聯凱基97售03  ,0,0,0,0,0,0,0,0,0,-21000,0,0,0,0,21000,-21000,-21000
1232,大統益          ,12000,33000,-21000,0,0,0,0,0,0,0,1000,1000,0,0,0,0,-21000
1323,永裕            ,17000,38000,-21000,0,0,0,0,0,0,0,0,0,0,0,0,0,-21000
1220,台榮            ,1000,22000,-21000,0,0,0,0,0,0,0,0,0,0,0,0,0,-21000
1225,福懋油          ,9000,31000,-22000,0,0,0,0,0,0,1000,1000,0,1000,0,0,0,-21000
6155,鈞寶            ,144000,165000,-21000,0,0,0,0,0,0,0,0,0,0,0,0,0,-21000
4999,鑫禾            ,6000,27000,-21000,0,0,0,0,0,0,0,0,0,0,0,0,0,-21000
9930,中聯資源        ,9000,30000,-21000,0,0,0,0,0,0,0,0,0,0,0,0,0,-21000
1737,臺鹽            ,10001,33000,-22999,0,0,0,0,0,0,1000,1000,0,1000,0,0,0,-21999
055920,智伸科凱基97購02,0,0,0,0,0,0,0,0,0,-22000,0,0,0,0,22000,-22000,-22000
055985,聯鈞元富97購01  ,0,0,0,0,0,0,0,0,0,-22000,0,0,0,0,22000,-22000,-22000
056016,鴻海群益97購06  ,0,0,0,0,0,0,0,0,0,-22000,0,0,0,0,22000,-22000,-22000
056027,樺漢群益97購02  ,0,0,0,0,0,0,0,0,0,-22000,0,0,0,0,22000,-22000,-22000
055788,緯穎凱基97購04  ,0,0,0,0,0,0,0,0,0,-22000,0,0,0,0,22000,-22000,-22000
05684P,臺股指元大96售09,0,0,0,0,0,0,0,0,0,-22000,0,0,0,13000,35000,-22000,-22000
05785P,臺股指元大96售19,0,0,0,0,0,0,0,0,0,-22000,0,0,0,40000,62000,-22000,-22000
05743P,創意元大96售01  ,0,0,0,0,0,0,0,0,0,-22000,0,0,0,0,22000,-22000,-22000
055116,康控凱基98購01  ,0,0,0,0,0,0,0,0,0,-22000,0,0,0,0,22000,-22000,-22000
055267,百和永豐97購01  ,0,0,0,0,0,0,0,0,0,-22000,0,0,0,0,22000,-22000,-22000
055349,京元電凱基97購02,0,0,0,0,0,0,0,0,0,-22000,0,0,0,0,22000,-22000,-22000
055528,華邦電群益97購01,0,0,0,0,0,0,0,0,0,-22000,0,0,0,0,22000,-22000,-22000
055525,國巨群益98購05  ,0,0,0,0,0,0,0,0,0,-22000,0,0,0,0,22000,-22000,-22000
054919,興富發凱基97購01,0,0,0,0,0,0,0,0,0,-22000,0,0,0,1000,23000,-22000,-22000
05486P,大立光凱基95售14,0,0,0,0,0,0,0,0,0,-22000,0,0,0,0,22000,-22000,-22000
054721,揚明光永豐97購03,0,0,0,0,0,0,0,0,0,-22000,0,0,0,0,22000,-22000,-22000
054645,奇力新群益97購04,0,0,0,0,0,0,0,0,0,-22000,0,0,0,8000,30000,-22000,-22000
053913,華新國票97購01  ,0,0,0,0,0,0,0,0,0,-22000,0,0,0,0,22000,-22000,-22000
046468,日月光台新92購01,0,0,0,0,0,0,0,0,0,-22000,0,0,0,0,22000,-22000,-22000
044963,台積電中信96購01,0,0,0,0,0,0,0,0,0,-22000,0,0,0,96000,118000,-22000,-22000
044966,台表科中信94購01,0,0,0,0,0,0,0,0,0,-22000,0,0,0,0,22000,-22000,-22000
046287,禾伸堂兆豐92購01,0,0,0,0,0,0,0,0,0,-22000,0,0,0,0,22000,-22000,-22000
049561,道瓊銀統一96購01,0,0,0,0,0,0,0,0,0,-22000,0,0,0,100000,122000,-22000,-22000
042912,凌陽元大94購01  ,0,0,0,0,0,0,0,0,0,-22000,0,0,0,0,22000,-22000,-22000
046738,台積電群益93購05,0,0,0,0,0,0,0,0,0,-22000,0,0,0,0,22000,-22000,-22000
046678,臺股指元大93購22,0,0,0,0,0,0,0,0,0,-22000,0,0,0,0,22000,-22000,-22000
046942,友達元大99購01  ,0,0,0,0,0,0,0,0,0,-22000,0,0,0,23000,45000,-22000,-22000
04868P,可成統一94售03  ,0,0,0,0,0,0,0,0,0,-22000,0,0,0,0,22000,-22000,-22000
048788,華新科元大95購02,0,0,0,0,0,0,0,0,0,-22000,0,0,0,0,22000,-22000,-22000
048785,台積電元大96購01,0,0,0,0,0,0,0,0,0,-22000,0,0,0,0,22000,-22000,-22000
047620,貿聯凱基93購01  ,0,0,0,0,0,0,0,0,0,-22000,0,0,0,311000,333000,-22000,-22000
050240,聯發科凱基94購13,0,0,0,0,0,0,0,0,0,-22000,0,0,0,4000,26000,-22000,-22000
048535,超眾國票94購02  ,0,0,0,0,0,0,0,0,0,-22000,0,0,0,0,22000,-22000,-22000
05231P,GIS群益95售03   ,0,0,0,0,0,0,0,0,0,-22000,0,0,0,0,22000,-22000,-22000
052921,大成鋼永豐96購01,0,0,0,0,0,0,0,0,0,-22000,0,0,0,0,22000,-22000,-22000
052900,大成鋼國票97購01,0,0,0,0,0,0,0,0,0,-22000,0,0,0,0,22000,-22000,-22000
05285P,同欣電群益95售02,0,0,0,0,0,0,0,0,0,-22000,0,0,0,0,22000,-22000,-22000
05087P,GIS國泰96售01   ,0,0,0,0,0,0,0,0,0,-22000,0,0,0,0,22000,-22000,-22000
050961,美律永豐95購01  ,0,0,0,0,0,0,0,0,0,-22000,0,0,0,0,22000,-22000,-22000
051400,國巨永豐95購01  ,0,0,0,0,0,0,0,0,0,-22000,0,0,0,0,22000,-22000,-22000
052107,台積電統一95購06,0,0,0,0,0,0,0,0,0,-22000,0,0,0,28000,50000,-22000,-22000
051560,玉晶光國泰97購03,0,0,0,0,0,0,0,0,0,-22000,0,0,0,28000,50000,-22000,-22000
2427,三商電          ,1000,9000,-8000,0,0,0,0,0,0,-14000,7000,21000,-14000,0,0,0,-22000
1503,士電            ,20000,46000,-26000,0,0,0,0,0,0,4000,6000,2000,4000,0,0,0,-22000
06286P,世芯國票97售02  ,0,0,0,0,0,0,0,0,0,-22000,0,0,0,14000,36000,-22000,-22000
05878P,創意群益98售01  ,0,0,0,0,0,0,0,0,0,-22000,0,0,0,0,22000,-22000,-22000
053597,牧德元大99購01  ,0,0,0,0,0,0,0,0,0,-23000,0,0,0,47000,70000,-23000,-23000
05363P,臺股指富邦95售03,0,0,0,0,0,0,0,0,0,-23000,0,0,0,20000,43000,-23000,-23000
054878,和大統一97購02  ,0,0,0,0,0,0,0,0,0,-23000,0,0,0,0,23000,-23000,-23000
054277,亞光群益97購01  ,0,0,0,0,0,0,0,0,0,-23000,0,0,0,7000,30000,-23000,-23000
055543,為升凱基97購01  ,0,0,0,0,0,0,0,0,0,-23000,0,0,0,10000,33000,-23000,-23000
055634,訊芯永豐97購02  ,0,0,0,0,0,0,0,0,0,-23000,0,0,0,0,23000,-23000,-23000
055289,泰碩元大98購01  ,0,0,0,0,0,0,0,0,0,-23000,0,0,0,0,23000,-23000,-23000
055257,景碩統一97購01  ,0,0,0,0,0,0,0,0,0,-23000,0,0,0,11000,34000,-23000,-23000
055114,新日興凱基98購01,0,0,0,0,0,0,0,0,0,-23000,0,0,0,0,23000,-23000,-23000
05594P,旺宏國票96售04  ,0,0,0,0,0,0,0,0,0,-23000,0,0,0,6000,29000,-23000,-23000
041421,滬深2X凱基93購01,0,0,0,0,0,0,0,0,0,-23000,0,0,0,0,23000,-23000,-23000
03208P,國巨中信02售02  ,0,0,0,0,0,0,0,0,0,-23000,0,0,0,0,23000,-23000,-23000
03010X,元展10          ,0,0,0,0,0,0,0,0,0,-23000,0,0,0,0,23000,-23000,-23000
046149,宏達電國票93購01,0,0,0,0,0,0,0,0,0,-23000,0,0,0,10000,33000,-23000,-23000
044312,A50正2永豐92購01,0,0,0,0,0,0,0,0,0,-23000,0,0,0,0,23000,-23000,-23000
049039,富邦金兆豐94購01,0,0,0,0,0,0,0,0,0,-23000,0,0,0,75000,98000,-23000,-23000
050319,康控國票95購04  ,0,0,0,0,0,0,0,0,0,-23000,0,0,0,0,23000,-23000,-23000
047329,聯茂元大93購04  ,0,0,0,0,0,0,0,0,0,-23000,0,0,0,7000,30000,-23000,-23000
048707,南電國票95購01  ,0,0,0,0,0,0,0,0,0,-23000,0,0,0,0,23000,-23000,-23000
051015,南亞科凱基95購04,0,0,0,0,0,0,0,0,0,-23000,0,0,0,27000,50000,-23000,-23000
052859,國巨凱基96購07  ,0,0,0,0,0,0,0,0,0,-23000,0,0,0,0,23000,-23000,-23000
052260,為升富邦97購02  ,0,0,0,0,0,0,0,0,0,-23000,0,0,0,0,23000,-23000,-23000
053083,中環元大99購01  ,0,0,0,0,0,0,0,0,0,-23000,0,0,0,20000,43000,-23000,-23000
05964P,華通凱基96售06  ,0,0,0,0,0,0,0,0,0,-23000,0,0,0,2000,25000,-23000,-23000
06187P,國巨統一97售05  ,0,0,0,0,0,0,0,0,0,-23000,0,0,0,0,23000,-23000,-23000
06177P,玉晶光元大98售07,0,0,0,0,0,0,0,0,0,-23000,0,0,0,2000,25000,-23000,-23000
06155P,智邦統一97售02  ,0,0,0,0,0,0,0,0,0,-23000,0,0,0,0,23000,-23000,-23000
06227P,大立光群益97售04,0,0,0,0,0,0,0,0,0,-23000,0,0,0,8000,31000,-23000,-23000
06320P,上銀統一97售04  ,0,0,0,0,0,0,0,0,0,-23000,0,0,0,0,23000,-23000,-23000
2493,揚博            ,17000,39000,-22000,0,0,0,0,0,0,-1000,0,1000,-1000,0,0,0,-23000
5484,慧友            ,3000,26000,-23000,0,0,0,0,0,0,0,0,0,0,0,0,0,-23000
2231,為升            ,77800,125000,-47200,0,0,0,12000,0,12000,12000,26000,8000,18000,3000,9000,-6000,-23200
05574P,英業達元富96售01,0,0,0,0,0,0,0,0,0,-24000,0,0,0,0,24000,-24000,-24000
054318,台虹凱基98購01  ,0,0,0,0,0,0,0,0,0,-24000,0,0,0,61000,85000,-24000,-24000
054312,TPK凱基98購01   ,0,0,0,0,0,0,0,0,0,-24000,0,0,0,0,24000,-24000,-24000
054567,拓凱群益98購01  ,0,0,0,0,0,0,0,0,0,-24000,0,0,0,1000,25000,-24000,-24000
054525,奇鋐元富96購01  ,0,0,0,0,0,0,0,0,0,-24000,0,0,0,0,24000,-24000,-24000
054803,味全元大9A購01  ,0,0,0,0,0,0,0,0,0,-24000,0,0,0,0,24000,-24000,-24000
053620,臺股指群益96購06,0,0,0,0,0,0,0,0,0,-24000,0,0,0,0,24000,-24000,-24000
046104,智伸科永豐92購02,0,0,0,0,0,0,0,0,0,-24000,0,0,0,0,24000,-24000,-24000
049446,為升統一94購01  ,0,0,0,0,0,0,0,0,0,-24000,0,0,0,0,24000,-24000,-24000
049448,光磊統一94購01  ,0,0,0,0,0,0,0,0,0,-24000,0,0,0,0,24000,-24000,-24000
00700,富邦恒生國企    ,0,0,0,0,0,0,0,0,0,-24000,0,0,0,80000,104000,-24000,-24000
047033,日月光中信95購01,0,0,0,0,0,0,0,0,0,-24000,0,0,0,0,24000,-24000,-24000
050031,嘉澤元大95購01  ,0,0,0,0,0,0,0,0,0,-24000,0,0,0,0,24000,-24000,-24000
04977P,力成凱基96售01  ,0,0,0,0,0,0,0,0,0,-24000,0,0,0,1000,25000,-24000,-24000
04892P,聯發科元大94售14,0,0,0,0,0,0,0,0,0,-24000,0,0,0,0,24000,-24000,-24000
048955,慧洋康和94購01  ,0,0,0,0,0,0,0,0,0,-24000,0,0,0,0,24000,-24000,-24000
048950,達方永豐94購01  ,0,0,0,0,0,0,0,0,0,-24000,0,0,0,0,24000,-24000,-24000
049290,元油2X群益94購02,0,0,0,0,0,0,0,0,0,-24000,0,0,0,0,24000,-24000,-24000
049117,矽格統一96購01  ,0,0,0,0,0,0,0,0,0,-24000,0,0,0,0,24000,-24000,-24000
053079,世紀鋼永豐96購01,0,0,0,0,0,0,0,0,0,-24000,0,0,0,0,24000,-24000,-24000
053536,明泰永豐96購01  ,0,0,0,0,0,0,0,0,0,-24000,0,0,0,1000,25000,-24000,-24000
053355,超眾兆豐97購01  ,0,0,0,0,0,0,0,0,0,-24000,0,0,0,0,24000,-24000,-24000
052451,旭富元大95購02  ,0,0,0,0,0,0,0,0,0,-24000,0,0,0,0,24000,-24000,-24000
052524,新光金元大9B購01,0,0,0,0,0,0,0,0,0,-24000,0,0,0,1000,25000,-24000,-24000
05148P,臻鼎元大95售01  ,0,0,0,0,0,0,0,0,0,-24000,0,0,0,0,24000,-24000,-24000
2227,裕日車          ,33000,37000,-4000,0,0,0,2000,0,2000,-22000,2000,24000,-22000,0,0,0,-24000
1786,科妍            ,135000,97000,38000,0,0,0,0,0,0,-62000,43000,105000,-62000,0,0,0,-24000
2459,敦吉            ,14000,37000,-23000,0,0,0,0,0,0,-1000,0,1000,-1000,0,0,0,-24000
06138P,台積電中信99售01,0,0,0,0,0,0,0,0,0,-24000,0,0,0,0,24000,-24000,-24000
05997P,嘉聯益群益96售02,0,0,0,0,0,0,0,0,0,-24000,0,0,0,0,24000,-24000,-24000
05923P,旺宏元富96售05  ,0,0,0,0,0,0,0,0,0,-24000,0,0,0,0,24000,-24000,-24000
6133,金橋            ,0,27000,-27000,0,0,0,0,0,0,3000,3000,0,3000,0,0,0,-24000
4915,致伸            ,1821644,1704000,117644,0,0,0,0,5000,-5000,-137000,1000,18000,-17000,6000,126000,-120000,-24356
053966,旺宏元大96購08  ,0,0,0,0,0,0,0,0,0,-25000,0,0,0,76000,101000,-25000,-25000
054091,晶豪科群益96購01,0,0,0,0,0,0,0,0,0,-25000,0,0,0,1000,26000,-25000,-25000
054081,聯電元富96購01  ,0,0,0,0,0,0,0,0,0,-25000,0,0,0,22000,47000,-25000,-25000
054915,興勤凱基97購01  ,0,0,0,0,0,0,0,0,0,-25000,0,0,0,0,25000,-25000,-25000
054893,帆宣統一99購01  ,0,0,0,0,0,0,0,0,0,-25000,0,0,0,0,25000,-25000,-25000
054552,聯發科凱基98購03,0,0,0,0,0,0,0,0,0,-25000,0,0,0,0,25000,-25000,-25000
054428,禾伸堂富邦98購01,0,0,0,0,0,0,0,0,0,-25000,0,0,0,75000,100000,-25000,-25000
054264,超眾元大97購02  ,0,0,0,0,0,0,0,0,0,-25000,0,0,0,0,25000,-25000,-25000
054356,可成兆豐97購01  ,0,0,0,0,0,0,0,0,0,-25000,0,0,0,0,25000,-25000,-25000
054334,超眾永豐96購04  ,0,0,0,0,0,0,0,0,0,-25000,0,0,0,0,25000,-25000,-25000
055645,技嘉元富97購01  ,0,0,0,0,0,0,0,0,0,-25000,0,0,0,15000,40000,-25000,-25000
05649P,矽創國票97售03  ,0,0,0,0,0,0,0,0,0,-25000,0,0,0,0,25000,-25000,-25000
055118,嘉聯益凱基98購02,0,0,0,0,0,0,0,0,0,-25000,0,0,0,0,25000,-25000,-25000
055340,華新科日盛97購01,0,0,0,0,0,0,0,0,0,-25000,0,0,0,0,25000,-25000,-25000
055384,緯穎元大98購02  ,0,0,0,0,0,0,0,0,0,-25000,0,0,0,9000,34000,-25000,-25000
055556,奇力新凱基98購03,0,0,0,0,0,0,0,0,0,-25000,0,0,0,0,25000,-25000,-25000
03591P,台積電國票03售10,0,0,0,0,0,0,0,0,0,-25000,0,0,0,0,25000,-25000,-25000
03259P,聯發科康和02售01,0,0,0,0,0,0,0,0,0,-25000,0,0,0,0,25000,-25000,-25000
039212,台達電台新9A購01,0,0,0,0,0,0,0,0,0,-25000,0,0,0,0,25000,-25000,-25000
046757,漢唐凱基93購02  ,0,0,0,0,0,0,0,0,0,-25000,0,0,0,10000,35000,-25000,-25000
046116,京元電元大92購05,0,0,0,0,0,0,0,0,0,-25000,0,0,0,0,25000,-25000,-25000
04411P,智易統一96售01  ,0,0,0,0,0,0,0,0,0,-25000,0,0,0,5000,30000,-25000,-25000
046190,宏盛凱基92購01  ,0,0,0,0,0,0,0,0,0,-25000,0,0,0,0,25000,-25000,-25000
04903P,全新永豐94售05  ,0,0,0,0,0,0,0,0,0,-25000,0,0,0,15000,40000,-25000,-25000
049033,大成鋼兆豐94購01,0,0,0,0,0,0,0,0,0,-25000,0,0,0,0,25000,-25000,-25000
047305,卜蜂元大93購02  ,0,0,0,0,0,0,0,0,0,-25000,0,0,0,0,25000,-25000,-25000
047222,鴻海凱基94購04  ,0,0,0,0,0,0,0,0,0,-25000,0,0,0,0,25000,-25000,-25000
049974,聯發科日盛94購02,0,0,0,0,0,0,0,0,0,-25000,0,0,0,0,25000,-25000,-25000
050332,鴻海國泰96購05  ,0,0,0,0,0,0,0,0,0,-25000,0,0,0,0,25000,-25000,-25000
050514,聯電元大94購01  ,0,0,0,0,0,0,0,0,0,-25000,0,0,0,0,25000,-25000,-25000
050532,矽創元大94購03  ,0,0,0,0,0,0,0,0,0,-25000,0,0,0,5000,30000,-25000,-25000
050609,鴻海元大94購23  ,0,0,0,0,0,0,0,0,0,-25000,0,0,0,0,25000,-25000,-25000
050620,和碩元大94購04  ,0,0,0,0,0,0,0,0,0,-25000,0,0,0,30000,55000,-25000,-25000
047682,滬深2X國泰94購02,0,0,0,0,0,0,0,0,0,-25000,0,0,0,0,25000,-25000,-25000
047782,燿華國泰95購01  ,0,0,0,0,0,0,0,0,0,-25000,0,0,0,5000,30000,-25000,-25000
047796,臺股指群益93購07,0,0,0,0,0,0,0,0,0,-25000,0,0,0,0,25000,-25000,-25000
048782,亞泥元大94購01  ,0,0,0,0,0,0,0,0,0,-25000,0,0,0,9000,34000,-25000,-25000
046929,大立光統一93購03,0,0,0,0,0,0,0,0,0,-25000,0,0,0,10000,35000,-25000,-25000
050154,可成群益94購05  ,0,0,0,0,0,0,0,0,0,-25000,0,0,0,0,25000,-25000,-25000
049948,聯發科麥證94購01,0,0,0,0,25000,-25000,0,0,0,-25000,0,0,0,0,25000,-25000,-25000
051813,GIS凱基96購02   ,0,0,0,0,0,0,0,0,0,-25000,0,0,0,0,25000,-25000,-25000
052062,臺股指國票95購09,0,0,0,0,0,0,0,0,0,-25000,0,0,0,0,25000,-25000,-25000
051013,旺宏凱基95購03  ,0,0,0,0,0,0,0,0,0,-25000,0,0,0,0,25000,-25000,-25000
050876,復盛永豐95購01  ,0,0,0,0,0,0,0,0,0,-25000,0,0,0,2000,27000,-25000,-25000
050811,國巨凱基95購02  ,0,0,0,0,0,0,0,0,0,-25000,0,0,0,0,25000,-25000,-25000
05252P,華通凱基95售01  ,0,0,0,0,0,0,0,0,0,-25000,0,0,0,0,25000,-25000,-25000
052580,高鐵元富96購01  ,0,0,0,0,0,0,0,0,0,-25000,0,0,0,0,25000,-25000,-25000
052390,聯詠群益95購03  ,0,0,0,0,0,0,0,0,0,-25000,0,0,0,0,25000,-25000,-25000
052890,FB上証群益9B購01,0,0,0,0,0,0,0,0,0,-25000,0,0,0,0,25000,-25000,-25000
052910,鴻海統一96購10  ,0,0,0,0,0,0,0,0,0,-25000,0,0,0,25000,50000,-25000,-25000
052719,致新凱基96購01  ,0,0,0,0,0,0,0,0,0,-25000,0,0,0,0,25000,-25000,-25000
053317,友達群益9A購02  ,0,0,0,0,0,0,0,0,0,-25000,0,0,0,80000,105000,-25000,-25000
053483,嘉澤第一96購01  ,0,0,0,0,0,0,0,0,0,-25000,0,0,0,10000,35000,-25000,-25000
053081,上銀元大97購02  ,0,0,0,0,0,0,0,0,0,-25000,0,0,0,37000,62000,-25000,-25000
053191,奇鋐統一96購01  ,0,0,0,0,0,0,0,0,0,-25000,0,0,0,0,25000,-25000,-25000
053184,世紀鋼元富96購01,0,0,0,0,0,0,0,0,0,-25000,0,0,0,0,25000,-25000,-25000
3149,正達            ,31000,55000,-24000,0,0,0,0,0,0,-1000,0,1000,-1000,0,0,0,-25000
06001P,樺漢台新96售01  ,0,0,0,0,0,0,0,0,0,-25000,0,0,0,0,25000,-25000,-25000
06189P,華新科永豐97售03,0,0,0,0,0,0,0,0,0,-25000,0,0,0,10000,35000,-25000,-25000
06311P,嘉聯益元富97售02,0,0,0,0,0,0,0,0,0,-25000,0,0,0,0,25000,-25000,-25000
06336P,鴻海元大98售05  ,0,0,0,0,0,0,0,0,0,-25000,0,0,0,0,25000,-25000,-25000
1460,宏遠            ,94000,116000,-22000,0,0,0,0,0,0,-3000,0,3000,-3000,0,0,0,-25000
5525,順天            ,30000,56000,-26000,0,0,0,0,0,0,1000,1000,0,1000,0,0,0,-25000
055094,智易群益98購01  ,0,0,0,0,0,0,0,0,0,-26000,0,0,0,0,26000,-26000,-26000
055951,大成鋼元大97購02,0,0,0,0,0,0,0,0,0,-26000,0,0,0,0,26000,-26000,-26000
056019,燿華群益97購02  ,0,0,0,0,0,0,0,0,0,-26000,0,0,0,0,26000,-26000,-26000
054382,康控群益96購03  ,0,0,0,0,0,0,0,0,0,-26000,0,0,0,0,26000,-26000,-26000
054569,GIS群益98購01   ,0,0,0,0,0,0,0,0,0,-26000,0,0,0,0,26000,-26000,-26000
054864,聯發科群益97購02,0,0,0,0,0,0,0,0,0,-26000,0,0,0,0,26000,-26000,-26000
045568,上証2X元大95購01,0,0,0,0,0,0,0,0,0,-26000,0,0,0,0,26000,-26000,-26000
045529,大立光永豐92購03,0,0,0,0,0,0,0,0,0,-26000,0,0,0,0,26000,-26000,-26000
046166,嘉聯益兆豐93購01,0,0,0,0,0,0,0,0,0,-26000,0,0,0,0,26000,-26000,-26000
044695,國巨元大93購03  ,0,0,0,0,0,0,0,0,0,-26000,0,0,0,0,26000,-26000,-26000
03982P,智易國票94售02  ,0,0,0,0,0,0,0,0,0,-26000,0,0,0,0,26000,-26000,-26000
035274,華新台新97購01  ,0,0,0,0,0,0,0,0,0,-26000,0,0,0,10000,36000,-26000,-26000
00852L,國泰美國道瓊正2 ,0,0,0,0,0,0,0,0,0,-26000,0,0,0,267000,293000,-26000,-26000
03645C,臺股指凱基96牛27,0,0,0,0,0,0,0,0,0,-26000,0,0,0,61000,87000,-26000,-26000
046965,復盛中信93購01  ,0,0,0,0,0,0,0,0,0,-26000,0,0,0,4000,30000,-26000,-26000
047115,可成元大93購06  ,0,0,0,0,0,0,0,0,0,-26000,0,0,0,124000,150000,-26000,-26000
050173,旺宏元大96購02  ,0,0,0,0,0,0,0,0,0,-26000,0,0,0,178000,204000,-26000,-26000
047160,台郡國票94購01  ,0,0,0,0,0,0,0,0,0,-26000,0,0,0,215000,241000,-26000,-26000
050391,大立光統一94購07,0,0,0,0,0,0,0,0,0,-26000,0,0,0,15000,41000,-26000,-26000
050234,國巨凱基94購10  ,0,0,0,0,0,0,0,0,0,-26000,0,0,0,8000,34000,-26000,-26000
049229,台化富邦94購01  ,0,0,0,0,0,0,0,0,0,-26000,0,0,0,0,26000,-26000,-26000
047245,聯發科群益94購03,0,0,0,0,0,0,0,0,0,-26000,0,0,0,0,26000,-26000,-26000
048484,大立光國泰95購02,0,0,0,0,0,0,0,0,0,-26000,0,0,0,8000,34000,-26000,-26000
052985,美律元大96購02  ,0,0,0,0,0,0,0,0,0,-26000,0,0,0,35000,61000,-26000,-26000
053387,緯創元大97購01  ,0,0,0,0,0,0,0,0,0,-26000,0,0,0,35000,61000,-26000,-26000
052816,上銀永豐96購01  ,0,0,0,0,0,0,0,0,0,-26000,0,0,0,10000,36000,-26000,-26000
052493,上証2X中信97購02,0,0,0,0,0,0,0,0,0,-26000,0,0,0,0,26000,-26000,-26000
052453,崇越元大95購01  ,35000,0,35000,0,0,0,0,0,0,-61000,0,0,0,13000,74000,-61000,-26000
050712,和碩中信94購01  ,0,0,0,0,0,0,0,0,0,-26000,0,0,0,0,26000,-26000,-26000
051291,聯詠統一95購01  ,0,0,0,0,0,0,0,0,0,-26000,0,0,0,6000,32000,-26000,-26000
052092,貿聯元大96購02  ,0,0,0,0,0,0,0,0,0,-26000,0,0,0,0,26000,-26000,-26000
1414,東和            ,10002,37000,-26998,0,0,0,0,0,0,0,1000,1000,0,0,0,0,-26998
054859,鴻海群益97購02  ,0,0,0,0,0,0,0,0,0,-27000,0,0,0,0,27000,-27000,-27000
054880,華泰統一97購01  ,0,0,0,0,0,0,0,0,0,-27000,0,0,0,0,27000,-27000,-27000
054810,中橡元大9A購01  ,0,0,0,0,0,0,0,0,0,-27000,0,0,0,0,27000,-27000,-27000
054715,中橡康和97購01  ,0,0,0,0,0,0,0,0,0,-27000,0,0,0,0,27000,-27000,-27000
054127,台積電元大96購21,0,0,0,0,0,0,0,0,0,-27000,0,0,0,100000,127000,-27000,-27000
053955,華通永豐96購04  ,0,0,0,0,0,0,0,0,0,-27000,0,0,0,0,27000,-27000,-27000
056060,宏達電元大99購01,0,0,0,0,0,0,0,0,0,-27000,0,0,0,0,27000,-27000,-27000
055854,群創元大98購04  ,0,0,0,0,0,0,0,0,0,-27000,0,0,0,5000,32000,-27000,-27000
055798,聯茂富邦98購01  ,0,0,0,0,0,0,0,0,0,-27000,0,0,0,0,27000,-27000,-27000
05755P,臺股指中信99售04,0,0,0,0,0,0,0,0,0,-27000,0,0,0,16000,43000,-27000,-27000
05726P,易華電永豐96售02,0,0,0,0,0,0,0,0,0,-27000,0,0,0,0,27000,-27000,-27000
05517P,臻鼎元大96售01  ,0,0,0,0,0,0,0,0,0,-27000,0,0,0,0,27000,-27000,-27000
03331P,臺股指群益02售05,0,0,0,0,0,0,0,0,0,-27000,0,0,0,0,27000,-27000,-27000
04214P,美利達凱基93售04,0,0,0,0,0,0,0,0,0,-27000,0,0,0,0,27000,-27000,-27000
041976,可成中信92購01  ,0,0,0,0,0,0,0,0,0,-27000,0,0,0,0,27000,-27000,-27000
044711,台郡元大93購01  ,0,0,0,0,0,0,0,0,0,-27000,0,0,0,10000,37000,-27000,-27000
046751,鴻海凱基93購18  ,0,0,0,0,0,0,0,0,0,-27000,0,0,0,20000,47000,-27000,-27000
046068,國泰金凱基92購02,0,0,0,0,0,0,0,0,0,-27000,0,0,0,5000,32000,-27000,-27000
046248,技嘉群益93購02  ,0,0,0,0,0,0,0,0,0,-27000,0,0,0,0,27000,-27000,-27000
046186,南亞科凱基92購03,0,0,0,0,0,0,0,0,0,-27000,0,0,0,3000,30000,-27000,-27000
044604,嘉聯益國泰93購01,0,0,0,0,0,0,0,0,0,-27000,0,0,0,0,27000,-27000,-27000
04944P,元油2X永豐94售06,0,0,0,0,0,0,0,0,0,-27000,0,0,0,1063000,1090000,-27000,-27000
049437,可成國泰96購01  ,0,0,0,0,0,0,0,0,0,-27000,0,0,0,33000,60000,-27000,-27000
045861,智邦統一93購02  ,0,0,0,0,0,0,0,0,0,-27000,0,0,0,3000,30000,-27000,-27000
04723P,美律凱基94售06  ,0,0,0,0,0,0,0,0,0,-27000,0,0,0,0,27000,-27000,-27000
049200,元黃金群益98購01,0,0,0,0,0,0,0,0,0,-27000,0,0,0,10000,37000,-27000,-27000
049175,台積電凱基94購12,0,0,0,0,0,0,0,0,0,-27000,0,0,0,0,27000,-27000,-27000
04978P,台表科凱基94售02,0,0,0,0,0,0,0,0,0,-27000,0,0,0,0,27000,-27000,-27000
050578,聯發科國票95購03,0,0,0,0,0,0,0,0,0,-27000,0,0,0,3000,30000,-27000,-27000
050699,京鼎凱基96購01  ,0,0,0,0,0,0,0,0,0,-27000,0,0,0,8000,35000,-27000,-27000
047583,深中小永豐94購01,0,0,0,0,0,0,0,0,0,-27000,0,0,0,0,27000,-27000,-27000
050135,禾伸堂兆豐95購01,0,0,0,0,0,0,0,0,0,-27000,0,0,0,99000,126000,-27000,-27000
051243,微星元大95購01  ,0,0,0,0,0,0,0,0,0,-27000,0,0,0,31000,58000,-27000,-27000
05112P,燿華統一95售01  ,0,0,0,0,0,0,0,0,0,-27000,0,0,0,0,27000,-27000,-27000
052768,泰鼎群益96購01  ,0,0,0,0,0,0,0,0,0,-27000,0,0,0,75000,102000,-27000,-27000
053505,瑞儀兆豐97購01  ,0,0,0,0,0,0,0,0,0,-27000,0,0,0,0,27000,-27000,-27000
053506,南茂兆豐97購01  ,0,0,0,0,0,0,0,0,0,-27000,0,0,0,11000,38000,-27000,-27000
053064,國巨群益96購04  ,0,0,0,0,0,0,0,0,0,-27000,0,0,0,0,27000,-27000,-27000
1109,信大            ,291000,318000,-27000,0,0,0,0,0,0,0,0,0,0,0,0,0,-27000
06376P,上銀統一99售01  ,0,0,0,0,0,0,0,0,0,-27000,0,0,0,23000,50000,-27000,-27000
06011P,貿聯元富96售04  ,0,0,0,0,0,0,0,0,0,-27000,0,0,0,39000,66000,-27000,-27000
055570,華通統一98購03  ,0,0,0,0,0,0,0,0,0,-28000,0,0,0,0,28000,-28000,-28000
055599,TPK元大97購01   ,0,0,0,0,0,0,0,0,0,-28000,0,0,0,16000,44000,-28000,-28000
055376,群創元大01購01  ,0,0,0,0,0,0,0,0,0,-28000,0,0,0,71000,99000,-28000,-28000
055299,康友元大97購02  ,0,0,0,0,0,0,0,0,0,-28000,0,0,0,2000,30000,-28000,-28000
055310,聯詠群益97購02  ,0,0,0,0,0,0,0,0,0,-28000,0,0,0,2000,30000,-28000,-28000
05792P,臺股指中信99售07,0,0,0,0,0,0,0,0,0,-28000,0,0,0,0,28000,-28000,-28000
056078,勤誠元大97購01  ,0,0,0,0,0,0,0,0,0,-28000,0,0,0,0,28000,-28000,-28000
056153,華新科凱基97購02,0,0,0,0,0,0,0,0,0,-28000,0,0,0,0,28000,-28000,-28000
055808,世紀鋼永豐97購01,0,0,0,0,0,0,0,0,0,-28000,0,0,0,0,28000,-28000,-28000
053929,正文國票97購01  ,0,0,0,0,0,0,0,0,0,-28000,0,0,0,0,28000,-28000,-28000
054023,和大康和96購01  ,0,0,0,0,0,0,0,0,0,-28000,0,0,0,0,28000,-28000,-28000
054145,嘉聯益元大98購01,0,0,0,0,0,0,0,0,0,-28000,0,0,0,10000,38000,-28000,-28000
054241,深中小元大98購01,0,0,0,0,0,0,0,0,0,-28000,0,0,0,0,28000,-28000,-28000
053569,漢唐統一98購01  ,0,0,0,0,0,0,0,0,0,-28000,0,0,0,0,28000,-28000,-28000
03978P,瑞儀元大93售01  ,0,0,0,0,0,0,0,0,0,-28000,0,0,0,0,28000,-28000,-28000
03335P,台積電兆豐03售07,0,0,0,0,0,0,0,0,0,-28000,0,0,0,2000,30000,-28000,-28000
047952,華通永豐93購03  ,0,0,0,0,0,0,0,0,0,-28000,0,0,0,0,28000,-28000,-28000
050009,昇陽半永豐94購02,0,0,0,0,0,0,0,0,0,-28000,0,0,0,45000,73000,-28000,-28000
050549,慧洋凱基95購01  ,0,0,0,0,0,0,0,0,0,-28000,0,0,0,41000,69000,-28000,-28000
050492,漢唐國泰96購01  ,0,0,0,0,0,0,0,0,0,-28000,0,0,0,0,28000,-28000,-28000
04916P,大立光永昌96售02,0,0,0,0,0,0,0,0,0,-28000,0,0,0,0,28000,-28000,-28000
049123,可成元富94購01  ,0,0,0,0,0,0,0,0,0,-28000,0,0,0,2000,30000,-28000,-28000
048860,玉晶光群益96購03,0,0,0,0,0,0,0,0,0,-28000,0,0,0,5000,33000,-28000,-28000
049366,聯發科元大94購05,0,0,0,0,0,0,0,0,0,-28000,0,0,0,2000,30000,-28000,-28000
053096,康控統一96購01  ,0,0,0,0,0,0,0,0,0,-28000,0,0,0,0,28000,-28000,-28000
053216,京鼎凱基96購02  ,0,0,0,0,0,0,0,0,0,-28000,0,0,0,6000,34000,-28000,-28000
052857,大成鋼凱基96購01,0,0,0,0,0,0,0,0,0,-28000,0,0,0,0,28000,-28000,-28000
050837,力山國票95購01  ,0,0,0,0,0,0,0,0,0,-28000,0,0,0,0,28000,-28000,-28000
051035,百和兆豐95購01  ,0,0,0,0,0,0,0,0,0,-28000,0,0,0,0,28000,-28000,-28000
051086,鴻海元大96購04  ,0,0,0,0,0,0,0,0,0,-28000,0,0,0,0,28000,-28000,-28000
052072,健策統一95購02  ,0,0,0,0,0,0,0,0,0,-28000,0,0,0,100000,128000,-28000,-28000
1416,廣豐            ,0,28000,-28000,0,0,0,0,0,0,0,0,0,0,0,0,0,-28000
1440,南紡            ,483000,506000,-23000,0,0,0,0,0,0,-5000,10000,15000,-5000,0,0,0,-28000
1535,中宇            ,7000,35000,-28000,0,0,0,0,0,0,0,0,0,0,0,0,0,-28000
2506,太設            ,1000,35000,-34000,0,0,0,0,0,0,6000,8000,2000,6000,0,0,0,-28000
056086,奇力新統一98購01,0,0,0,0,0,0,0,0,0,-29000,0,0,0,0,29000,-29000,-29000
05717P,鴻海元大97售07  ,0,0,0,0,0,0,0,0,0,-29000,0,0,0,311000,340000,-29000,-29000
055131,茂林康和97購01  ,0,0,0,0,0,0,0,0,0,-29000,0,0,0,0,29000,-29000,-29000
055002,群創元富99購04  ,0,0,0,0,0,0,0,0,0,-29000,0,0,0,15000,44000,-29000,-29000
042927,道瓊反中信94購01,0,0,0,0,0,0,0,0,0,-29000,0,0,0,32000,61000,-29000,-29000
00681R,元大美債20反1   ,0,0,0,0,0,0,0,0,0,-29000,0,0,0,3000,32000,-29000,-29000
045751,智邦國泰93購01  ,0,0,0,0,0,0,0,0,0,-29000,0,0,0,1000,30000,-29000,-29000
04932P,香港2X中信96售01,0,0,0,0,0,0,0,0,0,-29000,0,0,0,38000,67000,-29000,-29000
049528,台積電中信94購01,0,0,0,0,0,0,0,0,0,-29000,0,0,0,10000,39000,-29000,-29000
049507,和大凱基94購01  ,0,0,0,0,0,0,0,0,0,-29000,0,0,0,0,29000,-29000,-29000
046901,英業達凱基93購02,0,0,0,0,0,0,0,0,0,-29000,0,0,0,0,29000,-29000,-29000
048521,華通統一93購05  ,0,0,0,0,0,0,0,0,0,-29000,0,0,0,1000,30000,-29000,-29000
048345,緯創元大94購01  ,0,0,0,0,0,0,0,0,0,-29000,0,0,0,31000,60000,-29000,-29000
049198,聯鈞永豐94購01  ,0,0,0,0,0,0,0,0,0,-29000,0,0,0,22000,51000,-29000,-29000
050641,上証反凱基96購01,0,0,0,0,0,0,0,0,0,-29000,0,0,0,1000,30000,-29000,-29000
04893P,創意元大94售03  ,0,0,0,0,0,0,0,0,0,-29000,0,0,0,200000,229000,-29000,-29000
047417,台塑富邦97購01  ,0,0,0,0,0,0,0,0,0,-29000,0,0,0,12000,41000,-29000,-29000
050062,聯發科凱基94購08,0,0,0,0,0,0,0,0,0,-29000,0,0,0,7000,36000,-29000,-29000
050049,華通群益96購01  ,0,0,0,0,0,0,0,0,0,-29000,0,0,0,70000,99000,-29000,-29000
04783P,貿聯元富94售01  ,0,0,0,0,0,0,0,0,0,-29000,0,0,0,1000,30000,-29000,-29000
05219P,鴻海元大95售17  ,0,0,0,0,0,0,0,0,0,-29000,0,0,0,149000,178000,-29000,-29000
051754,廣宇元大95購01  ,0,0,0,0,0,0,0,0,0,-29000,0,0,0,0,29000,-29000,-29000
051664,鴻海元大96購07  ,0,0,0,0,0,0,0,0,0,-29000,0,0,0,0,29000,-29000,-29000
051575,國巨元大96購03  ,0,0,0,0,0,0,0,0,0,-29000,0,0,0,0,29000,-29000,-29000
05080P,亞光永豐95售02  ,0,0,0,0,0,0,0,0,0,-29000,0,0,0,7000,36000,-29000,-29000
051229,亞光群益95購01  ,0,0,0,0,0,0,0,0,0,-29000,0,0,0,21000,50000,-29000,-29000
051231,健策群益97購01  ,0,0,0,0,0,0,0,0,0,-29000,0,0,0,0,29000,-29000,-29000
052932,正文元大97購01  ,0,0,0,0,0,0,0,0,0,-29000,0,0,0,207000,236000,-29000,-29000
052446,聯發科元大96購03,0,0,0,0,0,0,0,0,0,-29000,0,0,0,40000,69000,-29000,-29000
052441,亞泥元大95購01  ,0,0,0,0,0,0,0,0,0,-29000,0,0,0,7000,36000,-29000,-29000
052967,智邦群益96購01  ,0,0,0,0,0,0,0,0,0,-29000,0,0,0,41000,70000,-29000,-29000
052981,鴻海元大97購05  ,0,0,0,0,0,0,0,0,0,-29000,0,0,0,0,29000,-29000,-29000
053430,樺漢永豐96購01  ,0,0,0,0,0,0,0,0,0,-29000,0,0,0,0,29000,-29000,-29000
1618,合機            ,5000,36000,-31000,0,0,0,0,0,0,2000,2000,0,2000,0,0,0,-29000
1608,華榮            ,26000,53000,-27000,0,0,0,0,0,0,-2000,2000,4000,-2000,0,0,0,-29000
3311,閎暉            ,4000,32000,-28000,0,0,0,0,0,0,-1000,0,1000,-1000,0,0,0,-29000
06203P,奇力新中信98售02,0,0,0,0,0,0,0,0,0,-29000,0,0,0,6000,35000,-29000,-29000
06273P,台表科凱基97售04,0,0,0,0,0,0,0,0,0,-29000,0,0,0,0,29000,-29000,-29000
6024,群益期          ,18000,47000,-29000,0,0,0,0,0,0,0,0,0,0,0,0,0,-29000
055351,聯發科凱基97購03,0,0,0,0,0,0,0,0,0,-30000,0,0,0,4000,34000,-30000,-30000
055437,禾伸堂中信99購01,0,0,0,0,0,0,0,0,0,-30000,0,0,0,0,30000,-30000,-30000
055568,緯穎凱基97購02  ,0,0,0,0,0,0,0,0,0,-30000,0,0,0,0,30000,-30000,-30000
055524,鴻海群益98購01  ,0,0,0,0,0,0,0,0,0,-30000,0,0,0,0,30000,-30000,-30000
055515,聚陽中信9A購01  ,0,0,0,0,0,0,0,0,0,-30000,0,0,0,0,30000,-30000,-30000
055517,國巨中信97購03  ,0,0,0,0,0,0,0,0,0,-30000,0,0,0,0,30000,-30000,-30000
055509,訊芯元大97購03  ,0,0,0,0,0,0,0,0,0,-30000,0,0,0,0,30000,-30000,-30000
055483,和大元大97購03  ,0,0,0,0,0,0,0,0,0,-30000,0,0,0,0,30000,-30000,-30000
05723P,華通永豐96售03  ,0,0,0,0,0,0,0,0,0,-30000,0,0,0,125000,155000,-30000,-30000
056121,勤誠群益97購01  ,0,0,0,0,0,0,0,0,0,-30000,0,0,0,0,30000,-30000,-30000
056068,欣興元大97購05  ,0,0,0,0,0,0,0,0,0,-30000,0,0,0,58000,88000,-30000,-30000
05618P,聯發科元富96售02,0,0,0,0,0,0,0,0,0,-30000,0,0,0,9000,39000,-30000,-30000
05636P,國巨永豐96售03  ,0,0,0,0,0,0,0,0,0,-30000,0,0,0,0,30000,-30000,-30000
05691P,聯發科中信98售01,0,0,0,0,0,0,0,0,0,-30000,0,0,0,0,30000,-30000,-30000
055830,上銀元大97購07  ,0,0,0,0,0,0,0,0,0,-30000,0,0,0,31000,61000,-30000,-30000
055790,南電凱基97購01  ,0,0,0,0,0,0,0,0,0,-30000,0,0,0,0,30000,-30000,-30000
055853,群創元大98購03  ,0,0,0,0,0,0,0,0,0,-30000,0,0,0,0,30000,-30000,-30000
055829,上銀元大97購06  ,0,0,0,0,0,0,0,0,0,-30000,0,0,0,14000,44000,-30000,-30000
055909,大成鋼凱基98購02,0,0,0,0,0,0,0,0,0,-30000,0,0,0,0,30000,-30000,-30000
05603P,聯發科元大96售09,0,0,0,0,0,0,0,0,0,-30000,0,0,0,15000,45000,-30000,-30000
05600P,玉晶光台新96售04,0,0,0,0,0,0,0,0,0,-30000,0,0,0,0,30000,-30000,-30000
053645,臺股指國票96購08,0,0,0,0,0,0,0,0,0,-30000,0,0,0,0,30000,-30000,-30000
053628,微星兆豐96購01  ,0,0,0,0,0,0,0,0,0,-30000,0,0,0,5000,35000,-30000,-30000
053713,漢唐凱基96購04  ,0,0,0,0,0,0,0,0,0,-30000,0,0,0,10000,40000,-30000,-30000
053715,美律凱基96購04  ,0,0,0,0,0,0,0,0,0,-30000,0,0,0,0,30000,-30000,-30000
053808,大成鋼群益97購01,0,0,0,0,0,0,0,0,0,-30000,0,0,0,0,30000,-30000,-30000
053796,華通中信96購02  ,0,0,0,0,0,0,0,0,0,-30000,0,0,0,0,30000,-30000,-30000
053783,聯發科元大96購17,0,0,0,0,0,0,0,0,0,-30000,0,0,0,7000,37000,-30000,-30000
053754,英業達元富96購02,0,0,0,0,0,0,0,0,0,-30000,0,0,0,0,30000,-30000,-30000
053760,牧德國泰98購01  ,0,0,0,0,0,0,0,0,0,-30000,0,0,0,60000,90000,-30000,-30000
053741,漢唐國票97購03  ,0,0,0,0,0,0,0,0,0,-30000,0,0,0,0,30000,-30000,-30000
053861,台光電元大98購01,0,0,0,0,0,0,0,0,0,-30000,0,0,0,0,30000,-30000,-30000
053848,聯發科元富96購03,0,0,0,0,0,0,0,0,0,-30000,0,0,0,0,30000,-30000,-30000
054225,華新元富96購01  ,0,0,0,0,0,0,0,0,0,-30000,0,0,0,0,30000,-30000,-30000
054070,創意國泰96購02  ,0,0,0,0,0,0,0,0,0,-30000,0,0,0,0,30000,-30000,-30000
054711,禾伸堂元富97購01,0,0,0,0,0,0,0,0,0,-30000,0,0,0,10000,40000,-30000,-30000
054638,國泰金中信99購01,0,0,0,0,0,0,0,0,0,-30000,0,0,0,0,30000,-30000,-30000
05460P,台郡凱基95售05  ,0,0,0,0,0,0,0,0,0,-30000,0,0,0,0,30000,-30000,-30000
054590,嘉聯益國泰98購01,0,0,0,0,0,0,0,0,0,-30000,0,0,0,0,30000,-30000,-30000
054828,正崴國泰99購01  ,0,0,0,0,0,0,0,0,0,-30000,0,0,0,10000,40000,-30000,-30000
054798,超眾群益97購01  ,0,0,0,0,0,0,0,0,0,-30000,0,0,0,0,30000,-30000,-30000
054786,全新群益99購02  ,0,0,0,0,0,0,0,0,0,-30000,0,0,0,0,30000,-30000,-30000
054783,國巨群益98購04  ,0,0,0,0,0,0,0,0,0,-30000,0,0,0,0,30000,-30000,-30000
054853,TPK國票98購02   ,0,0,0,0,0,0,0,0,0,-30000,0,0,0,0,30000,-30000,-30000
054894,GIS統一97購01   ,0,0,0,0,0,0,0,0,0,-30000,0,0,0,0,30000,-30000,-30000
054565,玉晶光群益99購02,0,0,0,0,0,0,0,0,0,-30000,0,0,0,0,30000,-30000,-30000
054550,旺宏凱基98購02  ,0,0,0,0,0,0,0,0,0,-30000,0,0,0,6000,36000,-30000,-30000
054542,台表科國票98購01,0,0,0,0,0,0,0,0,0,-30000,0,0,0,0,30000,-30000,-30000
054479,緯創中信98購01  ,0,0,0,0,0,0,0,0,0,-30000,0,0,0,0,30000,-30000,-30000
054273,宏達電中信98購01,0,0,0,0,0,0,0,0,0,-30000,0,0,0,0,30000,-30000,-30000
046432,宏達電中信94購01,0,0,0,0,0,0,0,0,0,-30000,0,0,0,0,30000,-30000,-30000
04641P,台積電凱基94售19,0,0,0,0,0,0,0,0,0,-30000,0,0,0,0,30000,-30000,-30000
046067,富邦金凱基92購02,0,0,0,0,0,0,0,0,0,-30000,0,0,0,10000,40000,-30000,-30000
044305,瀚宇博兆豐93購01,0,0,0,0,0,0,0,0,0,-30000,0,0,0,0,30000,-30000,-30000
044302,智邦兆豐93購02  ,0,0,0,0,0,0,0,0,0,-30000,0,0,0,0,30000,-30000,-30000
044377,南茂兆豐93購01  ,0,0,0,0,0,0,0,0,0,-30000,0,0,0,0,30000,-30000,-30000
044425,友達國泰92購01  ,0,0,0,0,0,0,0,0,0,-30000,0,0,0,0,30000,-30000,-30000
045169,瀚宇博中信92購01,0,0,0,0,0,0,0,0,0,-30000,0,0,0,0,30000,-30000,-30000
045273,鴻海統一92購02  ,0,0,0,0,0,0,0,0,0,-30000,0,0,0,0,30000,-30000,-30000
045449,嘉聯益國泰94購01,0,0,0,0,0,0,0,0,0,-30000,0,0,0,0,30000,-30000,-30000
04953P,台積電群益94售13,0,0,0,0,0,0,0,0,0,-30000,0,0,0,60000,90000,-30000,-30000
049593,群創元大9A購01  ,0,0,0,0,0,0,0,0,0,-30000,0,0,0,48000,78000,-30000,-30000
049640,大成鋼凱基94購02,0,0,0,0,0,0,0,0,0,-30000,0,0,0,0,30000,-30000,-30000
049391,廣宇中信94購01  ,0,0,0,0,0,0,0,0,0,-30000,0,0,0,0,30000,-30000,-30000
049338,台達電統一94購04,0,0,0,0,0,0,0,0,0,-30000,0,0,0,0,30000,-30000,-30000
046604,康控群益93購02  ,0,0,0,0,0,0,0,0,0,-30000,0,0,0,0,30000,-30000,-30000
046618,南亞科凱基93購01,0,0,0,0,0,0,0,0,0,-30000,0,0,0,0,30000,-30000,-30000
046635,華通台新93購01  ,0,0,0,0,0,0,0,0,0,-30000,0,0,0,0,30000,-30000,-30000
049419,欣興凱基94購04  ,0,0,0,0,0,0,0,0,0,-30000,0,0,0,11000,41000,-30000,-30000
045803,旺宏國票93購01  ,0,0,0,0,0,0,0,0,0,-30000,0,0,0,0,30000,-30000,-30000
045820,京元電凱基92購04,0,0,0,0,0,0,0,0,0,-30000,0,0,0,10000,40000,-30000,-30000
045636,京元電凱基92購03,0,0,0,0,0,0,0,0,0,-30000,0,0,0,0,30000,-30000,-30000
046288,創意兆豐92購03  ,0,0,0,0,0,0,0,0,0,-30000,0,0,0,0,30000,-30000,-30000
045907,鴻海中信94購02  ,0,0,0,0,0,0,0,0,0,-30000,0,0,0,0,30000,-30000,-30000
04591P,上銀元大94售01  ,0,0,0,0,0,0,0,0,0,-30000,0,0,0,10000,40000,-30000,-30000
045369,康控兆豐93購01  ,0,0,0,0,0,0,0,0,0,-30000,0,0,0,0,30000,-30000,-30000
045358,嘉聯益凱基92購01,0,0,0,0,0,0,0,0,0,-30000,0,0,0,0,30000,-30000,-30000
04535P,華新統一94售01  ,0,0,0,0,0,0,0,0,0,-30000,0,0,0,0,30000,-30000,-30000
046339,訊芯中信92購01  ,0,0,0,0,0,0,0,0,0,-30000,0,0,0,0,30000,-30000,-30000
046350,上銀群益92購02  ,0,0,0,0,0,0,0,0,0,-30000,0,0,0,0,30000,-30000,-30000
00685L,群益臺灣加權正2 ,0,0,0,0,0,0,0,0,0,-30000,0,0,0,1000,31000,-30000,-30000
03599P,聯發科凱基92售05,0,0,0,0,0,0,0,0,0,-30000,0,0,0,0,30000,-30000,-30000
03619C,臺股指元大95牛02,0,0,0,0,0,0,0,0,0,-30000,0,0,0,10000,40000,-30000,-30000
03784P,致伸凱基93售02  ,0,0,0,0,0,0,0,0,0,-30000,0,0,0,0,30000,-30000,-30000
03109P,台積電元大01售41,0,0,0,0,0,0,0,0,0,-30000,0,0,0,0,30000,-30000,-30000
042977,京元電凱基92購01,0,0,0,0,0,0,0,0,0,-30000,0,0,0,0,30000,-30000,-30000
040988,滬深反凱基92購01,0,0,0,0,0,0,0,0,0,-30000,0,0,0,0,30000,-30000,-30000
04322P,可成元大94售01  ,0,0,0,0,0,0,0,0,0,-30000,0,0,0,1000,31000,-30000,-30000
04044P,鴻海元大93售18  ,0,0,0,0,0,0,0,0,0,-30000,0,0,0,30000,60000,-30000,-30000
03560P,台積電兆豐03售10,0,0,0,0,0,0,0,0,0,-30000,0,0,0,30000,60000,-30000,-30000
04274P,滬深2X凱基94售01,0,0,0,0,0,0,0,0,0,-30000,0,0,0,0,30000,-30000,-30000
039900,上証2X國泰92購01,0,0,0,0,0,0,0,0,0,-30000,0,0,0,2010000,2040000,-30000,-30000
042643,智易兆豐92購01  ,0,0,0,0,0,0,0,0,0,-30000,0,0,0,0,30000,-30000,-30000
042388,大立光永昌93購02,0,0,0,0,0,0,0,0,0,-30000,0,0,0,50000,80000,-30000,-30000
04155P,全新永豐93售01  ,0,0,0,0,0,0,0,0,0,-30000,0,0,0,0,30000,-30000,-30000
04165P,南亞科元富95售03,0,0,0,0,0,0,0,0,0,-30000,0,0,0,0,30000,-30000,-30000
046804,群創元大94購01  ,0,0,0,0,0,0,0,0,0,-30000,0,0,0,66000,96000,-30000,-30000
045967,日電貿凱基92購01,0,0,0,0,0,0,0,0,0,-30000,0,0,0,0,30000,-30000,-30000
046006,和碩統一92購01  ,0,0,0,0,0,0,0,0,0,-30000,0,0,0,0,30000,-30000,-30000
044836,宏達電元大93購05,0,0,0,0,0,0,0,0,0,-30000,0,0,0,0,30000,-30000,-30000
044798,鴻海凱基93購09  ,0,0,0,0,0,0,0,0,0,-30000,0,0,0,0,30000,-30000,-30000
04379P,大立光元大94售06,0,0,0,0,0,0,0,0,0,-30000,0,0,0,20000,50000,-30000,-30000
046951,GIS元大93購08   ,0,0,0,0,0,0,0,0,0,-30000,0,0,0,0,30000,-30000,-30000
046974,上銀台新93購01  ,0,0,0,0,0,0,0,0,0,-30000,0,0,0,0,30000,-30000,-30000
049846,台泥群益94購01  ,0,0,0,0,0,0,0,0,0,-30000,0,0,0,0,30000,-30000,-30000
049833,正文凱基94購05  ,0,0,0,0,0,0,0,0,0,-30000,0,0,0,0,30000,-30000,-30000
049708,滬深2X凱基94購02,0,0,0,0,0,0,0,0,0,-30000,0,0,0,20000,50000,-30000,-30000
049022,聯詠群益94購01  ,0,0,0,0,0,0,0,0,0,-30000,0,0,0,0,30000,-30000,-30000
049003,智邦中信95購01  ,0,0,0,0,0,0,0,0,0,-30000,0,0,0,0,30000,-30000,-30000
048581,南亞科富邦93購02,0,0,0,0,0,0,0,0,0,-30000,0,0,0,0,30000,-30000,-30000
048603,中磊國票94購02  ,0,0,0,0,0,0,0,0,0,-30000,0,0,0,0,30000,-30000,-30000
047896,京元電群益93購01,0,0,0,0,0,0,0,0,0,-30000,0,0,0,30000,60000,-30000,-30000
048712,樺漢台新94購01  ,0,0,0,0,0,0,0,0,0,-30000,0,0,0,0,30000,-30000,-30000
050143,臻鼎元富94購05  ,0,0,0,0,0,0,0,0,0,-30000,0,0,0,0,30000,-30000,-30000
049902,大立光元富94購05,0,0,0,0,0,0,0,0,0,-30000,0,0,0,0,30000,-30000,-30000
049886,華通永昌95購01  ,0,0,0,0,0,0,0,0,0,-30000,0,0,0,0,30000,-30000,-30000
04713P,創意元大95售01  ,0,0,0,0,0,0,0,0,0,-30000,0,0,0,40000,70000,-30000,-30000
047602,GIS中信93購02   ,0,0,0,0,0,0,0,0,0,-30000,0,0,0,0,30000,-30000,-30000
047674,群創元富96購02  ,0,0,0,0,0,0,0,0,0,-30000,0,0,0,0,30000,-30000,-30000
047162,華通台新93購02  ,0,0,0,0,0,0,0,0,0,-30000,0,0,0,0,30000,-30000,-30000
047173,群創永豐93購01  ,0,0,0,0,0,0,0,0,0,-30000,0,0,0,0,30000,-30000,-30000
047495,新日興元富96購01,0,0,0,0,0,0,0,0,0,-30000,0,0,0,0,30000,-30000,-30000
047779,台化中信93購01  ,0,0,0,0,0,0,0,0,0,-30000,0,0,0,0,30000,-30000,-30000
04976P,中磊凱基94售01  ,0,0,0,0,0,0,0,0,0,-30000,0,0,0,10000,40000,-30000,-30000
047808,智邦凱基93購07  ,0,0,0,0,0,0,0,0,0,-30000,0,0,0,0,30000,-30000,-30000
047458,聯發科群益93購08,0,0,0,0,0,0,0,0,0,-30000,0,0,0,0,30000,-30000,-30000
048928,華新科永豐94購02,0,0,0,0,0,0,0,0,0,-30000,0,0,0,0,30000,-30000,-30000
048916,華新科台新94購01,0,0,0,0,0,0,0,0,0,-30000,0,0,0,0,30000,-30000,-30000
05033P,T50反1元大98售01,0,0,0,0,0,0,0,0,0,-30000,0,0,0,0,30000,-30000,-30000
050290,南亞科凱基94購06,0,0,0,0,0,0,0,0,0,-30000,0,0,0,0,30000,-30000,-30000
050702,崇越凱基94購01  ,0,0,0,0,0,0,0,0,0,-30000,0,0,0,0,30000,-30000,-30000
050572,大立光中信97購01,0,0,0,0,0,0,0,0,0,-30000,0,0,0,0,30000,-30000,-30000
05058P,燿華國票97售01  ,0,0,0,0,0,0,0,0,0,-30000,0,0,0,0,30000,-30000,-30000
050627,華通中信94購02  ,0,0,0,0,0,0,0,0,0,-30000,0,0,0,0,30000,-30000,-30000
050449,宏達電元大95購03,0,0,0,0,0,0,0,0,0,-30000,0,0,0,0,30000,-30000,-30000
050373,奇鋐元大94購04  ,0,0,0,0,0,0,0,0,0,-30000,0,0,0,0,30000,-30000,-30000
050418,為升凱基94購06  ,0,0,0,0,0,0,0,0,0,-30000,0,0,0,0,30000,-30000,-30000
050432,聯發科凱基94購19,0,0,0,0,0,0,0,0,0,-30000,0,0,0,4000,34000,-30000,-30000
049176,漢唐凱基94購02  ,0,0,0,0,0,0,0,0,0,-30000,0,0,0,0,30000,-30000,-30000
049139,台積電元大94購06,0,0,0,0,0,0,0,0,0,-30000,0,0,0,40000,70000,-30000,-30000
049093,昇陽半凱基94購01,0,0,0,0,0,0,0,0,0,-30000,0,0,0,0,30000,-30000,-30000
049075,光磊凱基94購01  ,0,0,0,0,0,0,0,0,0,-30000,0,0,0,0,30000,-30000,-30000
047302,為升富邦97購01  ,0,0,0,0,0,0,0,0,0,-30000,0,0,0,0,30000,-30000,-30000
048107,華通群益93購02  ,0,0,0,0,0,0,0,0,0,-30000,0,0,0,0,30000,-30000,-30000
048424,揚明光元富95購01,0,0,0,0,0,0,0,0,0,-30000,0,0,0,0,30000,-30000,-30000
048403,聯發科群益93購10,0,0,0,0,0,0,0,0,0,-30000,0,0,0,0,30000,-30000,-30000
048511,美律凱基93購07  ,0,0,0,0,0,0,0,0,0,-30000,0,0,0,0,30000,-30000,-30000
04852P,臻鼎永豐94售02  ,0,0,0,0,0,0,0,0,0,-30000,0,0,0,0,30000,-30000,-30000
053424,欣興永豐96購02  ,0,0,0,0,0,0,0,0,0,-30000,0,0,0,0,30000,-30000,-30000
053315,漢唐群益96購02  ,0,0,0,0,0,0,0,0,0,-30000,0,0,0,0,30000,-30000,-30000
053276,友達元大9C購01  ,0,0,0,0,0,0,0,0,0,-30000,0,0,0,2000,32000,-30000,-30000
053299,台泥凱基96購01  ,0,0,0,0,0,0,0,0,0,-30000,0,0,0,0,30000,-30000,-30000
053023,泰鼎國泰97購01  ,0,0,0,0,0,0,0,0,0,-30000,0,0,0,0,30000,-30000,-30000
053114,聯茂兆豐97購01  ,0,0,0,0,0,0,0,0,0,-30000,0,0,0,0,30000,-30000,-30000
053262,華邦電群益96購02,0,0,0,0,0,0,0,0,0,-30000,0,0,0,27000,57000,-30000,-30000
053177,華邦電統一96購01,0,0,0,0,0,0,0,0,0,-30000,0,0,0,0,30000,-30000,-30000
053154,聯詠元大96購01  ,0,0,0,0,0,0,0,0,0,-30000,0,0,0,2000,32000,-30000,-30000
053155,晶技元大97購02  ,0,0,0,0,0,0,0,0,0,-30000,0,0,0,0,30000,-30000,-30000
053156,緯創元大96購02  ,0,0,0,0,0,0,0,0,0,-30000,0,0,0,0,30000,-30000,-30000
053150,聯發科元大96購11,0,0,0,0,0,0,0,0,0,-30000,0,0,0,10000,40000,-30000,-30000
052495,滬深2X台新95購01,0,0,0,0,0,0,0,0,0,-30000,0,0,0,0,30000,-30000,-30000
052311,台積電富邦95購09,0,0,0,0,0,0,0,0,0,-30000,0,0,0,5000,35000,-30000,-30000
052944,宏達電國票97購01,0,0,0,0,0,0,0,0,0,-30000,0,0,0,0,30000,-30000,-30000
052918,智易富邦97購02  ,0,0,0,0,0,0,0,0,0,-30000,0,0,0,0,30000,-30000,-30000
052896,宏達電群益96購01,0,0,0,0,0,0,0,0,0,-30000,0,0,0,0,30000,-30000,-30000
052693,微星中信96購01  ,0,0,0,0,0,0,0,0,0,-30000,0,0,0,0,30000,-30000,-30000
052694,開發金中信98購01,0,0,0,0,0,0,0,0,0,-30000,0,0,0,0,30000,-30000,-30000
052641,聯詠台新96購01  ,0,0,0,0,0,0,0,0,0,-30000,0,0,0,0,30000,-30000,-30000
052603,鴻海元大96購15  ,0,0,0,0,0,0,0,0,0,-30000,0,0,0,0,30000,-30000,-30000
051198,鴻海麥證95購02  ,0,0,0,0,30000,-30000,0,0,0,-30000,0,0,0,0,30000,-30000,-30000
051245,南亞科元大95購01,0,0,0,0,0,0,0,0,0,-30000,0,0,0,0,30000,-30000,-30000
05117P,瑞昱群益95售02  ,0,0,0,0,0,0,0,0,0,-30000,0,0,0,0,30000,-30000,-30000
051186,創意永豐95購01  ,0,0,0,0,0,0,0,0,0,-30000,0,0,0,0,30000,-30000,-30000
051330,宏碁永豐95購01  ,0,0,0,0,0,0,0,0,0,-30000,0,0,0,0,30000,-30000,-30000
050753,百和統一94購01  ,0,0,0,0,0,0,0,0,0,-30000,0,0,0,0,30000,-30000,-30000
050836,緯穎凱基95購01  ,0,0,0,0,0,0,0,0,0,-30000,0,0,0,48000,78000,-30000,-30000
050813,旺宏凱基96購01  ,0,0,0,0,0,0,0,0,0,-30000,0,0,0,6000,36000,-30000,-30000
050825,嘉澤凱基95購01  ,0,0,0,0,0,0,0,0,0,-30000,0,0,0,1000,31000,-30000,-30000
051057,信邦群益95購01  ,0,0,0,0,0,0,0,0,0,-30000,0,0,0,50000,80000,-30000,-30000
050987,台泥富邦95購01  ,0,0,0,0,0,0,0,0,0,-30000,0,0,0,0,30000,-30000,-30000
051005,緯創中信95購02  ,0,0,0,0,0,0,0,0,0,-30000,0,0,0,0,30000,-30000,-30000
051619,智邦凱基95購07  ,0,0,0,0,0,0,0,0,0,-30000,0,0,0,4000,34000,-30000,-30000
05159P,聯發科永豐95售04,0,0,0,0,0,0,0,0,0,-30000,0,0,0,0,30000,-30000,-30000
051452,貿聯元大95購04  ,0,0,0,0,0,0,0,0,0,-30000,0,0,0,0,30000,-30000,-30000
05150P,玉晶光第一95售01,0,0,0,0,0,0,0,0,0,-30000,0,0,0,0,30000,-30000,-30000
051694,A50正2中信96購03,0,0,0,0,0,0,0,0,0,-30000,0,0,0,0,30000,-30000,-30000
051765,健鼎元大95購03  ,0,0,0,0,0,0,0,0,0,-30000,0,0,0,0,30000,-30000,-30000
051772,玉山金中信95購01,0,0,0,0,0,0,0,0,0,-30000,0,0,0,0,30000,-30000,-30000
051776,上証2X群益99購01,0,0,0,0,0,0,0,0,0,-30000,0,0,0,5000,35000,-30000,-30000
051785,臻鼎兆豐96購01  ,0,0,0,0,0,0,0,0,0,-30000,0,0,0,12000,42000,-30000,-30000
05179P,大立光凱基96售06,0,0,0,0,0,0,0,0,0,-30000,0,0,0,0,30000,-30000,-30000
051806,華通凱基96購02  ,0,0,0,0,0,0,0,0,0,-30000,0,0,0,90000,120000,-30000,-30000
052168,鴻海元大96購10  ,0,0,0,0,0,0,0,0,0,-30000,0,0,0,0,30000,-30000,-30000
052155,百和台新95購01  ,0,0,0,0,0,0,0,0,0,-30000,0,0,0,0,30000,-30000,-30000
052090,聯發科元大97購03,0,0,0,0,0,0,0,0,0,-30000,0,0,0,0,30000,-30000,-30000
051865,聯發科凱基96購04,0,0,0,0,0,0,0,0,0,-30000,0,0,0,30000,60000,-30000,-30000
051849,旺宏中信98購01  ,0,0,0,0,0,0,0,0,0,-30000,0,0,0,30000,60000,-30000,-30000
06248P,國巨統一97售07  ,0,0,0,0,0,0,0,0,0,-30000,0,0,0,0,30000,-30000,-30000
08865P,欣興元大01售02  ,0,0,0,0,0,0,0,0,0,-30000,0,0,0,0,30000,-30000,-30000
06172P,台虹永豐97售02  ,0,0,0,0,0,0,0,0,0,-30000,0,0,0,20000,50000,-30000,-30000
06119P,大立光凱基98售04,0,0,0,0,0,0,0,0,0,-30000,0,0,0,0,30000,-30000,-30000
3022,威強電          ,31000,61845,-30845,0,0,0,0,0,0,0,0,0,0,0,0,0,-30845
05454P,奇鋐群益95售04  ,0,0,0,0,0,0,0,0,0,-31000,0,0,0,0,31000,-31000,-31000
054562,亞光群益98購01  ,0,0,0,0,0,0,0,0,0,-31000,0,0,0,0,31000,-31000,-31000
054770,健策國票98購01  ,0,0,0,0,0,0,0,0,0,-31000,0,0,0,50000,81000,-31000,-31000
053632,新唐兆豐96購01  ,0,0,0,0,0,0,0,0,0,-31000,0,0,0,0,31000,-31000,-31000
055917,禾伸堂凱基98購02,0,0,0,0,0,0,0,0,0,-31000,0,0,0,0,31000,-31000,-31000
05629P,聯發科永昌99售02,0,0,0,0,0,0,0,0,0,-31000,0,0,0,100000,131000,-31000,-31000
055522,道瓊反群益01購01,0,0,0,0,0,0,0,0,0,-31000,0,0,0,1000,32000,-31000,-31000
044820,臻鼎兆豐93購02  ,0,0,0,0,0,0,0,0,0,-31000,0,0,0,0,31000,-31000,-31000
03970P,奇鋐國票93售01  ,0,0,0,0,0,0,0,0,0,-31000,0,0,0,0,31000,-31000,-31000
043611,台積電群益92購03,0,0,0,0,0,0,0,0,0,-31000,0,0,0,83000,114000,-31000,-31000
045679,欣興元大94購01  ,0,0,0,0,0,0,0,0,0,-31000,0,0,0,10000,41000,-31000,-31000
049619,宏達電群益95購02,0,0,0,0,0,0,0,0,0,-31000,0,0,0,0,31000,-31000,-31000
04951P,緯創中信94售01  ,0,0,0,0,0,0,0,0,0,-31000,0,0,0,25000,56000,-31000,-31000
044396,燿華凱基93購02  ,0,0,0,0,0,0,0,0,0,-31000,0,0,0,0,31000,-31000,-31000
04435P,台積電中信95售07,0,0,0,0,0,0,0,0,0,-31000,0,0,0,0,31000,-31000,-31000
048275,A50正2永豐93購01,0,0,0,0,0,0,0,0,0,-31000,0,0,0,0,31000,-31000,-31000
048248,聯發科兆豐95購01,0,0,0,0,0,0,0,0,0,-31000,0,0,0,350000,381000,-31000,-31000
050358,致新群益94購01  ,0,0,0,0,0,0,0,0,0,-31000,0,0,0,0,31000,-31000,-31000
050558,台積電統一94購14,0,0,0,0,0,0,0,0,0,-31000,0,0,0,628000,659000,-31000,-31000
047663,亞德客永豐93購03,0,0,0,0,0,0,0,0,0,-31000,0,0,0,19000,50000,-31000,-31000
04759P,台積電凱基94售27,0,0,0,0,0,0,0,0,0,-31000,0,0,0,0,31000,-31000,-31000
04990P,臻鼎元大94售04  ,0,0,0,0,0,0,0,0,0,-31000,0,0,0,3000,34000,-31000,-31000
051881,上証2X永豐95購02,0,0,0,0,0,0,0,0,0,-31000,0,0,0,0,31000,-31000,-31000
05204P,TPK元大95售03   ,0,0,0,0,0,0,0,0,0,-31000,0,0,0,26000,57000,-31000,-31000
052042,台積電日盛95購02,0,0,0,0,0,0,0,0,0,-31000,0,0,0,24000,55000,-31000,-31000
051501,康友群益95購02  ,0,0,0,0,0,0,0,0,0,-31000,0,0,0,0,31000,-31000,-31000
051009,緯創麥證95購01  ,0,0,0,0,31000,-31000,0,0,0,-31000,0,0,0,0,31000,-31000,-31000
051380,禾伸堂群益95購01,0,0,0,0,0,0,0,0,0,-31000,0,0,0,3000,34000,-31000,-31000
052635,奇力新凱基98購01,0,0,0,0,0,0,0,0,0,-31000,0,0,0,1000,32000,-31000,-31000
052652,台虹永豐96購01  ,0,0,0,0,0,0,0,0,0,-31000,0,0,0,30000,61000,-31000,-31000
052854,聯詠日盛96購01  ,0,0,0,0,0,0,0,0,0,-31000,0,0,0,0,31000,-31000,-31000
053082,聯電元大98購03  ,0,0,0,0,0,0,0,0,0,-31000,0,0,0,0,31000,-31000,-31000
1528,恩德            ,18000,49000,-31000,0,0,0,0,0,0,0,0,0,0,0,0,0,-31000
6230,超眾            ,364000,207000,157000,0,0,0,0,144000,-144000,-44000,1000,2000,-1000,9000,52000,-43000,-31000
8249,菱光            ,15000,46000,-31000,0,0,0,0,0,0,0,0,0,0,0,0,0,-31000
055127,台虹兆豐97購01  ,0,0,0,0,0,0,0,0,0,-32000,0,0,0,6000,38000,-32000,-32000
055880,神達元富97購02  ,0,0,0,0,0,0,0,0,0,-32000,0,0,0,0,32000,-32000,-32000
053594,京鼎元大96購02  ,0,0,0,0,0,0,0,0,0,-32000,0,0,0,0,32000,-32000,-32000
05388P,南亞科元大95售04,0,0,0,0,0,0,0,0,0,-32000,0,0,0,18000,50000,-32000,-32000
054158,國巨日盛99購01  ,0,0,0,0,0,0,0,0,0,-32000,0,0,0,197000,229000,-32000,-32000
054886,大毅統一97購01  ,0,0,0,0,0,0,0,0,0,-32000,0,0,0,1000,33000,-32000,-32000
054742,京鼎凱基99購01  ,0,0,0,0,0,0,0,0,0,-32000,0,0,0,0,32000,-32000,-32000
054560,全新群益98購03  ,0,0,0,0,0,0,0,0,0,-32000,0,0,0,0,32000,-32000,-32000
054421,臺股指元大99購03,0,0,0,0,0,0,0,0,0,-32000,0,0,0,0,32000,-32000,-32000
046216,滬深2X富邦93購02,0,0,0,0,0,0,0,0,0,-32000,0,0,0,0,32000,-32000,-32000
049484,台積電元大95購02,0,0,0,0,0,0,0,0,0,-32000,0,0,0,0,32000,-32000,-32000
046639,嘉晶永豐93購01  ,0,0,0,0,0,0,0,0,0,-32000,0,0,0,0,32000,-32000,-32000
045762,微星統一92購01  ,0,0,0,0,0,0,0,0,0,-32000,0,0,0,8000,40000,-32000,-32000
04131P,裕隆群益93售01  ,0,0,0,0,0,0,0,0,0,-32000,0,0,0,0,32000,-32000,-32000
03904P,啟碁統一93售01  ,0,0,0,0,0,0,0,0,0,-32000,0,0,0,0,32000,-32000,-32000
043735,元金2X元大94購01,0,0,0,0,0,0,0,0,0,-32000,0,0,0,20000,52000,-32000,-32000
048683,日月光富邦93購01,0,0,0,0,0,0,0,0,0,-32000,0,0,0,0,32000,-32000,-32000
047770,聯詠元大93購10  ,0,0,0,0,0,0,0,0,0,-32000,0,0,0,120000,152000,-32000,-32000
050457,力成元大94購01  ,0,0,0,0,0,0,0,0,0,-32000,0,0,0,1000,33000,-32000,-32000
049108,玉晶光富邦96購02,0,0,0,0,0,0,0,0,0,-32000,0,0,0,120000,152000,-32000,-32000
053128,瀚宇博凱基96購01,0,0,0,0,0,0,0,0,0,-32000,0,0,0,0,32000,-32000,-32000
053264,南亞科群益96購01,0,0,0,0,0,0,0,0,0,-32000,0,0,0,82000,114000,-32000,-32000
053407,台積電兆豐96購02,0,0,0,0,0,0,0,0,0,-32000,0,0,0,10000,42000,-32000,-32000
05121P,創意國泰96售01  ,0,0,0,0,0,0,0,0,0,-32000,0,0,0,14000,46000,-32000,-32000
051854,鴻海麥證95購04  ,0,0,0,0,32000,-32000,0,0,0,-32000,0,0,0,0,32000,-32000,-32000
8429,金麗-KY         ,18000,53000,-35000,0,0,0,0,0,0,3000,3000,0,3000,0,0,0,-32000
1452,宏益            ,6000,38000,-32000,0,0,0,0,0,0,0,0,0,0,0,0,0,-32000
06028P,智邦台新97售01  ,0,0,0,0,0,0,0,0,0,-32000,0,0,0,10000,42000,-32000,-32000
05926P,智易永豐96售02  ,0,0,0,0,0,0,0,0,0,-32000,0,0,0,0,32000,-32000,-32000
2062,橋椿            ,23000,53000,-30000,0,0,0,0,0,0,-2000,0,2000,-2000,0,0,0,-32000
054480,和碩中信98購01  ,0,0,0,0,0,0,0,0,0,-33000,0,0,0,0,33000,-33000,-33000
054521,TPK元大96購03   ,0,0,0,0,0,0,0,0,0,-33000,0,0,0,0,33000,-33000,-33000
054366,和大中信98購01  ,0,0,0,0,0,0,0,0,0,-33000,0,0,0,0,33000,-33000,-33000
054629,華新科凱基98購01,0,0,0,0,0,0,0,0,0,-33000,0,0,0,20000,53000,-33000,-33000
053910,嘉聯益凱基98購01,0,0,0,0,0,0,0,0,0,-33000,0,0,0,0,33000,-33000,-33000
053788,泰鼎元大97購01  ,0,0,0,0,0,0,0,0,0,-33000,0,0,0,34000,67000,-33000,-33000
055980,祥碩統一98購01  ,0,0,0,0,0,0,0,0,0,-33000,0,0,0,0,33000,-33000,-33000
055805,矽力永豐97購01  ,0,0,0,0,0,0,0,0,0,-33000,0,0,0,10000,43000,-33000,-33000
055742,健策元富97購02  ,0,0,0,0,0,0,0,0,0,-33000,0,0,0,0,33000,-33000,-33000
055186,正文統一97購01  ,0,0,0,0,0,0,0,0,0,-33000,0,0,0,15000,48000,-33000,-33000
055537,康友群益97購03  ,0,0,0,0,0,0,0,0,0,-33000,0,0,0,0,33000,-33000,-33000
046813,聯電凱基96購01  ,0,0,0,0,0,0,0,0,0,-33000,0,0,0,0,33000,-33000,-33000
045595,明泰兆豐92購01  ,0,0,0,0,0,0,0,0,0,-33000,0,0,0,0,33000,-33000,-33000
04629P,康控元大94售05  ,0,0,0,0,0,0,0,0,0,-33000,0,0,0,0,33000,-33000,-33000
048867,台積電兆豐95購01,0,0,0,0,0,0,0,0,0,-33000,0,0,0,0,33000,-33000,-33000
049742,日月光群益94購02,0,0,0,0,0,0,0,0,0,-33000,0,0,0,0,33000,-33000,-33000
048373,A50正2元富95購01,0,0,0,0,0,0,0,0,0,-33000,0,0,0,0,33000,-33000,-33000
04815P,致伸元大94售04  ,0,0,0,0,0,0,0,0,0,-33000,0,0,0,0,33000,-33000,-33000
048814,上銀凱基94購01  ,0,0,0,0,0,0,0,0,0,-33000,0,0,0,0,33000,-33000,-33000
050674,瑞昱富邦94購02  ,0,0,0,0,0,0,0,0,0,-33000,0,0,0,37000,70000,-33000,-33000
047080,仁寶康和93購01  ,0,0,0,0,0,0,0,0,0,-33000,0,0,0,7000,40000,-33000,-33000
05158P,華通永豐95售01  ,0,0,0,0,0,0,0,0,0,-33000,0,0,0,1000,34000,-33000,-33000
051679,百和元大95購02  ,0,0,0,0,0,0,0,0,0,-33000,0,0,0,0,33000,-33000,-33000
05120P,聯發科國泰97售01,0,0,0,0,0,0,0,0,0,-33000,0,0,0,191000,224000,-33000,-33000
051304,緯創凱基96購01  ,0,0,0,0,0,0,0,0,0,-33000,0,0,0,60000,93000,-33000,-33000
053090,新唐元大96購01  ,0,0,0,0,0,0,0,0,0,-33000,0,0,0,7000,40000,-33000,-33000
05282P,可成元大95售09  ,0,0,0,0,0,0,0,0,0,-33000,0,0,0,117000,150000,-33000,-33000
1903,士紙            ,2000,37000,-35000,0,0,0,0,0,0,2000,2000,0,2000,0,0,0,-33000
4766,南寶            ,19000,51000,-32000,0,0,0,0,0,0,-1000,1000,1000,0,0,1000,-1000,-33000
05876P,聯發科群益96售03,0,0,0,0,0,0,0,0,0,-33000,0,0,0,0,33000,-33000,-33000
1459,聯發            ,1000,34000,-33000,0,0,0,0,0,0,0,0,0,0,0,0,0,-33000
06353P,電子類富邦99售02,0,0,0,0,0,0,0,0,0,-33000,0,0,0,6000,39000,-33000,-33000
4576,大銀微系統      ,15100,50000,-34900,0,0,0,0,0,0,1000,1000,0,1000,0,0,0,-33900
055576,嘉晶統一98購01  ,0,0,0,0,0,0,0,0,0,-34000,0,0,0,0,34000,-34000,-34000
055552,瑞昱凱基97購02  ,0,0,0,0,0,0,0,0,0,-34000,0,0,0,6000,40000,-34000,-34000
055247,聯發科統一98購01,0,0,0,0,0,0,0,0,0,-34000,0,0,0,1000,35000,-34000,-34000
05503P,智邦日盛96售01  ,0,0,0,0,0,0,0,0,0,-34000,0,0,0,10000,44000,-34000,-34000
05565P,鎧勝元大96售01  ,0,0,0,0,0,0,0,0,0,-34000,0,0,0,0,34000,-34000,-34000
056008,全新中信9B購01  ,0,0,0,0,0,0,0,0,0,-34000,0,0,0,0,34000,-34000,-34000
05666P,聯發科凱基96售14,0,0,0,0,0,0,0,0,0,-34000,0,0,0,28000,62000,-34000,-34000
05384P,大立光永豐95售02,0,0,0,0,0,0,0,0,0,-34000,0,0,0,0,34000,-34000,-34000
054355,上海銀富邦98購01,0,0,0,0,0,0,0,0,0,-34000,0,0,0,6000,40000,-34000,-34000
049346,新光金統一95購01,0,0,0,0,0,0,0,0,0,-34000,0,0,0,0,34000,-34000,-34000
049487,智邦元大94購03  ,0,0,0,0,0,0,0,0,0,-34000,0,0,0,6000,40000,-34000,-34000
049649,信邦凱基94購01  ,0,0,0,0,0,0,0,0,0,-34000,0,0,0,1000,35000,-34000,-34000
044362,元油2X中信94購01,0,0,0,0,0,0,0,0,0,-34000,0,0,0,36000,70000,-34000,-34000
046178,聯發科日盛92購01,0,0,0,0,0,0,0,0,0,-34000,0,0,0,0,34000,-34000,-34000
043771,鴻海兆豐92購01  ,0,0,0,0,0,0,0,0,0,-34000,0,0,0,10000,44000,-34000,-34000
04383P,泰鼎國泰95售01  ,0,0,0,0,0,0,0,0,0,-34000,0,0,0,1000,35000,-34000,-34000
04470P,為升元大94售01  ,0,0,0,0,0,0,0,0,0,-34000,0,0,0,80000,114000,-34000,-34000
03740P,奇鋐群益94售01  ,0,0,0,0,0,0,0,0,0,-34000,0,0,0,0,34000,-34000,-34000
047981,南亞科群益93購02,0,0,0,0,0,0,0,0,0,-34000,0,0,0,0,34000,-34000,-34000
047916,台積電凱基93購22,0,0,0,0,0,0,0,0,0,-34000,0,0,0,2000,36000,-34000,-34000
048001,中工元大96購01  ,0,0,0,0,0,0,0,0,0,-34000,0,0,0,50000,84000,-34000,-34000
048803,大立光富邦96購01,0,0,0,0,0,0,0,0,0,-34000,0,0,0,10000,44000,-34000,-34000
049765,上証2X元富94購01,0,0,0,0,0,0,0,0,0,-34000,0,0,0,0,34000,-34000,-34000
046916,欣興台新93購01  ,0,0,0,0,0,0,0,0,0,-34000,0,0,0,0,34000,-34000,-34000
050079,元油2X統一94購06,0,0,0,0,0,0,0,0,0,-34000,0,0,0,0,34000,-34000,-34000
048839,牧德凱基95購01  ,0,0,0,0,0,0,0,0,0,-34000,0,0,0,4000,38000,-34000,-34000
04832P,為升元大94售09  ,0,0,0,0,0,0,0,0,0,-34000,0,0,0,12000,46000,-34000,-34000
048499,達運元大96購01  ,0,0,0,0,0,0,0,0,0,-34000,0,0,0,1000,35000,-34000,-34000
052892,大成鋼群益96購01,0,0,0,0,0,0,0,0,0,-34000,0,0,0,0,34000,-34000,-34000
052922,國巨永豐96購01  ,0,10000,-10000,0,0,0,0,0,0,-24000,0,0,0,110000,134000,-24000,-34000
052741,聯發科元大96購08,0,0,0,0,0,0,0,0,0,-34000,0,0,0,26000,60000,-34000,-34000
052284,日月光凱基96購01,0,0,0,0,0,0,0,0,0,-34000,0,0,0,66000,100000,-34000,-34000
052339,光寶科凱基95購01,0,0,0,0,0,0,0,0,0,-34000,0,0,0,0,34000,-34000,-34000
053006,玉晶光永豐96購03,0,0,0,0,0,0,0,0,0,-34000,0,0,0,1000,35000,-34000,-34000
052992,冠德台新96購01  ,0,0,0,0,0,0,0,0,0,-34000,0,0,0,4000,38000,-34000,-34000
053178,南亞科統一98購01,0,1000,-1000,0,0,0,0,0,0,-33000,0,0,0,27000,60000,-33000,-34000
053410,啟碁兆豐96購01  ,0,0,0,0,0,0,0,0,0,-34000,0,0,0,4000,38000,-34000,-34000
053312,緯穎凱基96購02  ,0,0,0,0,0,0,0,0,0,-34000,0,0,0,1000,35000,-34000,-34000
3033,威健            ,129000,157000,-28000,0,0,0,0,0,0,-6000,0,6000,-6000,0,0,0,-34000
3025,星通            ,17000,50000,-33000,0,0,0,0,0,0,-1000,0,1000,-1000,0,0,0,-34000
06268P,聯詠凱基97售02  ,0,0,0,0,0,0,0,0,0,-34000,0,0,0,0,34000,-34000,-34000
06308P,國巨元富97售06  ,0,0,0,0,0,0,0,0,0,-34000,0,0,0,0,34000,-34000,-34000
06218P,鴻海元富97售06  ,0,0,0,0,0,0,0,0,0,-34000,0,0,0,0,34000,-34000,-34000
6477,安集            ,83000,113000,-30000,0,0,0,1000,0,1000,-5000,0,5000,-5000,0,0,0,-34000
054403,同欣電永豐96購02,0,0,0,0,0,0,0,0,0,-35000,0,0,0,0,35000,-35000,-35000
054302,鴻海凱基96購18  ,0,0,0,0,0,0,0,0,0,-35000,0,0,0,0,35000,-35000,-35000
054652,裕隆麥證97購01  ,0,0,0,0,35000,-35000,0,0,0,-35000,0,0,0,0,35000,-35000,-35000
053773,上銀元大96購04  ,0,0,0,0,0,0,0,0,0,-35000,0,0,0,46000,81000,-35000,-35000
054088,華新群益98購02  ,0,0,0,0,0,0,0,0,0,-35000,0,0,0,2000,37000,-35000,-35000
055978,大立光統一98購05,0,0,0,0,0,0,0,0,0,-35000,0,0,0,0,35000,-35000,-35000
055123,億光兆豐97購01  ,0,0,0,0,0,0,0,0,0,-35000,0,0,0,23000,58000,-35000,-35000
055333,晶豪科兆豐97購01,0,0,0,0,0,0,0,0,0,-35000,0,0,0,3000,38000,-35000,-35000
042929,台積電中信95購02,0,0,0,0,0,0,0,0,0,-35000,0,0,0,0,35000,-35000,-35000
04291P,鴻海富邦93售04  ,0,0,0,0,0,0,0,0,0,-35000,0,0,0,0,35000,-35000,-35000
043916,群創凱基93購01  ,0,0,0,0,0,0,0,0,0,-35000,0,0,0,0,35000,-35000,-35000
046770,聯發科國泰94購01,0,0,0,0,0,0,0,0,0,-35000,0,0,0,22000,57000,-35000,-35000
04664P,臺股指國票94售03,0,0,0,0,0,0,0,0,0,-35000,0,0,0,0,35000,-35000,-35000
045996,南電富邦94購01  ,0,0,0,0,0,0,0,0,0,-35000,0,0,0,15000,50000,-35000,-35000
042281,元油2X富邦96購02,0,0,0,0,0,0,0,0,0,-35000,0,0,0,0,35000,-35000,-35000
046871,美律元富93購01  ,0,0,0,0,0,0,0,0,0,-35000,0,0,0,20000,55000,-35000,-35000
044516,景碩凱基93購02  ,0,0,0,0,0,0,0,0,0,-35000,0,0,0,0,35000,-35000,-35000
045537,華新群益94購01  ,0,0,0,0,0,0,0,0,0,-35000,0,0,0,0,35000,-35000,-35000
045489,晶技台新92購01  ,0,0,0,0,0,0,0,0,0,-35000,0,0,0,0,35000,-35000,-35000
04959P,可成凱基94售14  ,0,0,0,0,0,0,0,0,0,-35000,0,0,0,28000,63000,-35000,-35000
049485,台積電元大96購03,0,0,0,0,0,0,0,0,0,-35000,0,0,0,7000,42000,-35000,-35000
045437,大立光統一94購02,0,0,0,0,0,0,0,0,0,-35000,0,0,0,0,35000,-35000,-35000
04578P,微星富邦96售01  ,0,0,0,0,0,0,0,0,0,-35000,0,0,0,0,35000,-35000,-35000
048370,可成統一93購04  ,0,0,0,0,0,0,0,0,0,-35000,0,0,0,13000,48000,-35000,-35000
04997P,燿華台新95售02  ,0,0,0,0,0,0,0,0,0,-35000,0,0,0,0,35000,-35000,-35000
047309,鴻海元大93購13  ,0,0,0,0,0,0,0,0,0,-35000,0,0,0,0,35000,-35000,-35000
047263,揚明光國票94購01,0,0,0,0,0,0,0,0,0,-35000,0,0,0,0,35000,-35000,-35000
050435,大立光凱基94購17,0,0,0,0,0,0,0,0,0,-35000,0,0,0,0,35000,-35000,-35000
048885,中環元富94購01  ,0,0,0,0,0,0,0,0,0,-35000,0,0,0,0,35000,-35000,-35000
050056,國巨凱基94購04  ,0,0,0,0,0,0,0,0,0,-35000,0,0,0,0,35000,-35000,-35000
047787,正崴群益93購01  ,0,0,0,0,0,0,0,0,0,-35000,0,0,0,0,35000,-35000,-35000
04745P,祥碩元大94售04  ,0,0,0,0,0,0,0,0,0,-35000,0,0,0,0,35000,-35000,-35000
04996P,台積電凱基95售02,0,0,0,0,0,0,0,0,0,-35000,0,0,0,1000,36000,-35000,-35000
048661,瑞昱統一93購05  ,0,0,0,0,0,0,0,0,0,-35000,0,0,0,0,35000,-35000,-35000
049880,健策永豐94購02  ,0,0,0,0,0,0,0,0,0,-35000,0,0,0,5000,40000,-35000,-35000
050129,聯發科凱基94購11,0,0,0,0,0,0,0,0,0,-35000,0,0,0,3000,38000,-35000,-35000
053491,鴻海兆豐97購02  ,0,0,0,0,0,0,0,0,0,-35000,0,0,0,0,35000,-35000,-35000
053442,光罩凱基96購01  ,0,0,0,0,0,0,0,0,0,-35000,0,0,0,15000,50000,-35000,-35000
053057,聯電國泰97購02  ,0,0,0,0,0,0,0,0,0,-35000,0,0,0,208000,243000,-35000,-35000
052399,台光電凱基95購03,0,0,0,0,0,0,0,0,0,-35000,0,0,0,0,35000,-35000,-35000
05251P,喬山台新95售02  ,0,0,0,0,0,0,0,0,0,-35000,0,0,0,0,35000,-35000,-35000
052757,華邦電群益96購01,0,0,0,0,0,0,0,0,0,-35000,0,0,0,0,35000,-35000,-35000
05130P,聯發科統一95售03,0,0,0,0,0,0,0,0,0,-35000,0,0,0,32000,67000,-35000,-35000
050883,嘉聯益國泰96購01,0,0,0,0,0,0,0,0,0,-35000,0,0,0,0,35000,-35000,-35000
051755,台積電元大96購08,0,0,0,0,0,0,0,0,0,-35000,0,0,0,139000,174000,-35000,-35000
051578,智邦元大96購01  ,0,0,0,0,0,0,0,0,0,-35000,0,0,0,10000,45000,-35000,-35000
051595,康控元大95購04  ,0,0,0,0,0,0,0,0,0,-35000,0,0,0,0,35000,-35000,-35000
051494,中環兆豐95購01  ,0,0,0,0,0,0,0,0,0,-35000,0,0,0,5000,40000,-35000,-35000
051851,TPK群益95購03   ,0,0,0,0,0,0,0,0,0,-35000,0,0,0,0,35000,-35000,-35000
052035,臺股指群益95購08,0,0,0,0,0,0,0,0,0,-35000,0,0,0,0,35000,-35000,-35000
051995,矽力元大95購03  ,0,0,0,0,0,0,0,0,0,-35000,0,0,0,0,35000,-35000,-35000
051959,台郡台新95購03  ,0,0,0,0,0,0,0,0,0,-35000,0,0,0,0,35000,-35000,-35000
05206P,南茂元大95售01  ,0,0,0,0,0,0,0,0,0,-35000,0,0,0,0,35000,-35000,-35000
052213,富邦金元大95購01,0,0,0,0,0,0,0,0,0,-35000,0,0,0,15000,50000,-35000,-35000
6189,豐藝            ,24000,57000,-33000,0,0,0,0,0,0,-2000,0,2000,-2000,0,0,0,-35000
06307P,聚陽元富97售02  ,0,0,0,0,0,0,0,0,0,-35000,0,0,0,0,35000,-35000,-35000
06322P,超眾統一97售04  ,0,0,0,0,0,0,0,0,0,-35000,0,0,0,0,35000,-35000,-35000
05929P,宏達電康和96售01,0,0,0,0,0,0,0,0,0,-35000,0,0,0,0,35000,-35000,-35000
05960P,欣興統一96售01  ,0,0,0,0,0,0,0,0,0,-35000,0,0,0,0,35000,-35000,-35000
06058P,玉晶光凱基97售04,0,0,0,0,0,0,0,0,0,-35000,0,0,0,13000,48000,-35000,-35000
4536,拓凱            ,77000,114000,-37000,0,0,0,0,0,0,2000,26000,21000,5000,0,3000,-3000,-35000
3535,晶彩科          ,76000,112000,-36000,0,0,0,0,0,0,1000,1000,0,1000,0,0,0,-35000
05551P,電子類元大96售01,0,0,0,0,0,0,0,0,0,-36000,0,0,0,490000,526000,-36000,-36000
05509P,智邦元富96售02  ,0,0,0,0,0,0,0,0,0,-36000,0,0,0,0,36000,-36000,-36000
055012,茂林元富97購01  ,0,0,0,0,0,0,0,0,0,-36000,0,0,0,14000,50000,-36000,-36000
056010,力成中信97購01  ,0,0,0,0,0,0,0,0,0,-36000,0,0,0,50000,86000,-36000,-36000
055865,臺股指元大97購02,0,0,0,0,0,0,0,0,0,-36000,0,0,0,0,36000,-36000,-36000
05663P,創意元富96售04  ,0,0,0,0,0,0,0,0,0,-36000,0,0,0,0,36000,-36000,-36000
054141,TPK元大96購02   ,0,0,0,0,0,0,0,0,0,-36000,0,0,0,0,36000,-36000,-36000
053864,義隆元大96購01  ,0,2000,-2000,0,0,0,0,0,0,-34000,0,0,0,69000,103000,-34000,-36000
054272,華通中信98購01  ,0,0,0,0,0,0,0,0,0,-36000,0,0,0,0,36000,-36000,-36000
054410,國巨元大96購14  ,0,0,0,0,0,0,0,0,0,-36000,0,0,0,12000,48000,-36000,-36000
054332,世芯永豐97購01  ,0,0,0,0,0,0,0,0,0,-36000,0,0,0,24000,60000,-36000,-36000
049613,華通中信94購01  ,0,0,0,0,0,0,0,0,0,-36000,0,0,0,0,36000,-36000,-36000
04343P,啟碁永豐93售02  ,0,0,0,0,0,0,0,0,0,-36000,0,0,0,0,36000,-36000,-36000
044848,華邦電統一94購01,0,0,0,0,0,0,0,0,0,-36000,0,0,0,1000,37000,-36000,-36000
043908,鴻海凱基93購02  ,0,0,0,0,0,0,0,0,0,-36000,0,0,0,0,36000,-36000,-36000
043784,鴻海凱基94購01  ,0,0,0,0,0,0,0,0,0,-36000,0,0,0,7000,43000,-36000,-36000
050155,華新科群益95購01,0,0,0,0,0,0,0,0,0,-36000,0,0,0,28000,64000,-36000,-36000
048687,旺宏群益96購01  ,0,0,0,0,0,0,0,0,0,-36000,0,0,0,50000,86000,-36000,-36000
047993,鑽全元大96購01  ,0,0,0,0,0,0,0,0,0,-36000,0,0,0,0,36000,-36000,-36000
049667,大立光國泰96購01,0,0,0,0,0,0,0,0,0,-36000,0,0,0,4000,40000,-36000,-36000
047574,和大群益93購03  ,0,0,0,0,0,0,0,0,0,-36000,0,0,0,0,36000,-36000,-36000
049179,高鐵凱基94購01  ,0,0,0,0,0,0,0,0,0,-36000,0,0,0,109000,145000,-36000,-36000
048159,聯詠兆豐93購03  ,0,0,0,0,0,0,0,0,0,-36000,0,0,0,0,36000,-36000,-36000
050887,台積電富邦95購05,0,0,0,0,0,0,0,0,0,-36000,0,0,0,6000,42000,-36000,-36000
050899,旭富元大95購01  ,0,0,0,0,0,0,0,0,0,-36000,0,0,0,13000,49000,-36000,-36000
050761,華通元大94購05  ,0,0,0,0,0,0,0,0,0,-36000,0,0,0,11000,47000,-36000,-36000
05276P,GIS永豐95售02   ,0,0,0,0,0,0,0,0,0,-36000,0,0,0,0,36000,-36000,-36000
052600,力山元大97購01  ,0,0,0,0,0,0,0,0,0,-36000,0,0,0,0,36000,-36000,-36000
052891,台泥群益96購01  ,0,0,0,0,0,0,0,0,0,-36000,0,0,0,0,36000,-36000,-36000
05283P,健鼎元大95售04  ,0,0,0,0,0,0,0,0,0,-36000,0,0,0,14000,50000,-36000,-36000
052327,聯詠中信95購03  ,0,0,0,0,0,0,0,0,0,-36000,0,0,0,0,36000,-36000,-36000
053316,友達群益9A購01  ,0,0,0,0,0,0,0,0,0,-36000,0,0,0,2000,38000,-36000,-36000
2701,萬企            ,5000,43000,-38000,0,0,0,0,0,0,2000,2000,0,2000,0,0,0,-36000
06047P,聯發科富邦99售04,0,0,0,0,0,0,0,0,0,-36000,0,0,0,22000,58000,-36000,-36000
05970P,超眾永豐96售03  ,0,0,0,0,0,0,0,0,0,-36000,0,0,0,0,36000,-36000,-36000
06375P,矽力元大97售06  ,0,0,0,0,0,0,0,0,0,-36000,0,0,0,0,36000,-36000,-36000
1453,大將            ,1000,37000,-36000,0,0,0,0,0,0,0,0,0,0,0,0,0,-36000
8046,南電            ,1258000,1015021,242979,0,0,0,31000,0,31000,-310700,17000,99000,-82000,21000,249700,-228700,-36721
054483,聯電台新96購01  ,0,0,0,0,0,0,0,0,0,-37000,0,0,0,1000,38000,-37000,-37000
054176,亞光台新96購01  ,0,0,0,0,0,0,0,0,0,-37000,0,0,0,1000,38000,-37000,-37000
054078,鴻海中信98購01  ,0,0,0,0,0,0,0,0,0,-37000,0,0,0,0,37000,-37000,-37000
05640P,旺宏元富96售03  ,0,0,0,0,0,0,0,0,0,-37000,0,0,0,0,37000,-37000,-37000
055891,鴻海統一9A購01  ,0,0,0,0,0,0,0,0,0,-37000,0,0,0,25000,62000,-37000,-37000
055934,景碩群益98購03  ,0,0,0,0,0,0,0,0,0,-37000,0,0,0,0,37000,-37000,-37000
044850,南亞科統一94購01,0,0,0,0,0,0,0,0,0,-37000,0,0,0,11000,48000,-37000,-37000
04256P,美律國票93售03  ,0,0,0,0,0,0,0,0,0,-37000,0,0,0,0,37000,-37000,-37000
036628,統一台新99購01  ,0,0,0,0,0,0,0,0,0,-37000,0,0,0,5000,42000,-37000,-37000
049615,香港2X群益98購01,0,0,0,0,0,0,0,0,0,-37000,0,0,0,0,37000,-37000,-37000
045768,大立光元富95購02,0,0,0,0,0,0,0,0,0,-37000,0,0,0,4000,41000,-37000,-37000
045185,致伸統一94購01  ,0,0,0,0,0,0,0,0,0,-37000,0,0,0,0,37000,-37000,-37000
049297,日電貿群益95購01,0,0,0,0,0,0,0,0,0,-37000,0,0,0,0,37000,-37000,-37000
050548,華固凱基95購01  ,0,0,0,0,0,0,0,0,0,-37000,0,0,0,0,37000,-37000,-37000
047205,GIS元富93購03   ,0,0,0,0,0,0,0,0,0,-37000,0,0,0,8000,45000,-37000,-37000
049840,亞光亞東94購01  ,0,0,0,0,0,0,0,0,0,-37000,0,0,0,0,37000,-37000,-37000
050161,鴻海國泰96購03  ,0,0,0,0,0,0,0,0,0,-37000,0,0,0,0,37000,-37000,-37000
049860,亞德客兆豐94購01,0,0,0,0,0,0,0,0,0,-37000,0,0,0,233000,270000,-37000,-37000
050120,GIS元大95購02   ,0,0,0,0,0,0,0,0,0,-37000,0,0,0,0,37000,-37000,-37000
053295,奇力新中信96購01,0,0,0,0,0,0,0,0,0,-37000,0,0,0,13000,50000,-37000,-37000
053493,智邦兆豐97購02  ,0,0,0,0,0,0,0,0,0,-37000,0,0,0,1000,38000,-37000,-37000
053521,緯穎群益96購02  ,0,0,0,0,0,0,0,0,0,-37000,0,0,0,34000,71000,-37000,-37000
052838,新唐國泰98購01  ,0,0,0,0,0,0,0,0,0,-37000,0,0,0,0,37000,-37000,-37000
051350,台積電元大95購14,0,0,0,0,0,0,0,0,0,-37000,0,0,0,3000,40000,-37000,-37000
051435,聯茂元富95購01  ,0,0,0,0,0,0,0,0,0,-37000,0,0,0,0,37000,-37000,-37000
051996,康友元大95購01  ,0,0,0,0,0,0,0,0,0,-37000,0,0,0,0,37000,-37000,-37000
051938,旭富群益95購01  ,0,0,0,0,0,0,0,0,0,-37000,0,0,0,0,37000,-37000,-37000
051598,瑞昱兆豐95購01  ,0,0,0,0,0,0,0,0,0,-37000,0,0,0,50000,87000,-37000,-37000
051682,元黃金凱基97購01,0,0,0,0,0,0,0,0,0,-37000,0,0,0,0,37000,-37000,-37000
9943,好樂迪          ,39000,76000,-37000,0,0,0,0,0,0,0,1000,1000,0,0,0,0,-37000
6235,華孚            ,19000,55000,-36000,0,0,0,0,0,0,-1000,1000,2000,-1000,0,0,0,-37000
06347P,祥碩元富97售02  ,0,0,0,0,0,0,0,0,0,-37000,0,0,0,120000,157000,-37000,-37000
06090P,旺宏統一97售06  ,0,0,0,0,0,0,0,0,0,-37000,0,0,0,50000,87000,-37000,-37000
055989,矽力元富9A購01  ,0,0,0,0,0,0,0,0,0,-38000,0,0,0,0,38000,-38000,-38000
055711,上銀元大97購04  ,0,0,0,0,0,0,0,0,0,-38000,0,0,0,55000,93000,-38000,-38000
055700,緯穎國泰98購02  ,0,0,0,0,0,0,0,0,0,-38000,0,0,0,10000,48000,-38000,-38000
056066,奇鋐元大98購02  ,0,0,0,0,0,0,0,0,0,-38000,0,0,0,0,38000,-38000,-38000
055124,建準兆豐97購01  ,0,0,0,0,0,0,0,0,0,-38000,0,0,0,0,38000,-38000,-38000
055125,智原兆豐97購01  ,0,0,0,0,0,0,0,0,0,-38000,0,0,0,0,38000,-38000,-38000
055540,京鼎台新97購01  ,0,0,0,0,0,0,0,0,0,-38000,0,0,0,0,38000,-38000,-38000
055335,健策兆豐98購01  ,0,0,0,0,0,0,0,0,0,-38000,0,0,0,0,38000,-38000,-38000
055444,致新台新97購01  ,0,0,0,0,0,0,0,0,0,-38000,0,0,0,0,38000,-38000,-38000
054018,華新台新96購01  ,0,0,0,0,0,0,0,0,0,-38000,0,0,0,0,38000,-38000,-38000
054019,燿華台新96購01  ,0,0,0,0,0,0,0,0,0,-38000,0,0,0,0,38000,-38000,-38000
053898,康友群益97購01  ,0,0,0,0,0,0,0,0,0,-38000,0,0,0,0,38000,-38000,-38000
054178,中磊台新97購01  ,0,0,0,0,0,0,0,0,0,-38000,0,0,0,0,38000,-38000,-38000
054174,宏達電台新97購01,0,0,0,0,0,0,0,0,0,-38000,0,0,0,0,38000,-38000,-38000
054165,亞光凱基96購02  ,0,0,0,0,0,0,0,0,0,-38000,0,0,0,40000,78000,-38000,-38000
054205,華新國票97購02  ,0,0,0,0,0,0,0,0,0,-38000,0,0,0,0,38000,-38000,-38000
053886,亞光兆豐96購01  ,0,0,0,0,0,0,0,0,0,-38000,0,0,0,0,38000,-38000,-38000
053832,聯發科台新96購01,0,0,0,0,0,0,0,0,0,-38000,0,0,0,0,38000,-38000,-38000
053793,致伸兆豐96購01  ,0,0,0,0,0,0,0,0,0,-38000,0,0,0,0,38000,-38000,-38000
053631,欣興兆豐97購01  ,0,0,0,0,0,0,0,0,0,-38000,0,0,0,0,38000,-38000,-38000
053695,智易元大97購02  ,0,0,0,0,0,0,0,0,0,-38000,0,0,0,0,38000,-38000,-38000
054492,嘉聯益台新96購01,0,0,0,0,0,0,0,0,0,-38000,0,0,0,0,38000,-38000,-38000
054447,國泰金兆豐96購01,0,0,0,0,0,0,0,0,0,-38000,0,0,0,0,38000,-38000,-38000
054433,南亞科台新96購02,0,0,0,0,0,0,0,0,0,-38000,0,0,0,0,38000,-38000,-38000
054437,欣興台新97購02  ,0,0,0,0,0,0,0,0,0,-38000,0,0,0,0,38000,-38000,-38000
054487,京元電台新97購01,0,0,0,0,0,0,0,0,0,-38000,0,0,0,0,38000,-38000,-38000
054323,旺宏台新96購02  ,0,0,0,0,0,0,0,0,0,-38000,0,0,0,0,38000,-38000,-38000
054729,聯發科日盛97購02,0,0,0,0,0,0,0,0,0,-38000,0,0,0,10000,48000,-38000,-38000
054712,上証2X中信98購02,0,0,0,0,0,0,0,0,0,-38000,0,0,0,0,38000,-38000,-38000
054677,智易台新98購02  ,0,0,0,0,0,0,0,0,0,-38000,0,0,0,0,38000,-38000,-38000
054851,樺漢兆豐97購01  ,0,0,0,0,0,0,0,0,0,-38000,0,0,0,0,38000,-38000,-38000
054848,群創兆豐98購01  ,0,0,0,0,0,0,0,0,0,-38000,0,0,0,0,38000,-38000,-38000
054910,信錦凱基97購01  ,0,0,0,0,0,0,0,0,0,-38000,0,0,0,2000,40000,-38000,-38000
054842,台達電兆豐98購01,0,0,0,0,0,0,0,0,0,-38000,0,0,0,0,38000,-38000,-38000
046453,台積電凱基92購21,0,0,0,0,0,0,0,0,0,-38000,0,0,0,2000,40000,-38000,-38000
049506,可成日盛94購02  ,0,0,0,0,0,0,0,0,0,-38000,0,0,0,10000,48000,-38000,-38000
049466,創意台新94購01  ,0,0,0,0,0,0,0,0,0,-38000,0,0,0,0,38000,-38000,-38000
049867,日月光兆豐94購01,0,0,0,0,0,0,0,0,0,-38000,0,0,0,0,38000,-38000,-38000
049926,智易元大95購02  ,0,0,0,0,0,0,0,0,0,-38000,0,0,0,0,38000,-38000,-38000
048626,矽創台新93購01  ,0,0,0,0,0,0,0,0,0,-38000,0,0,0,0,38000,-38000,-38000
047679,中磊台新93購01  ,0,0,0,0,0,0,0,0,0,-38000,0,0,0,0,38000,-38000,-38000
049789,世紀鋼兆豐94購01,0,0,0,0,0,0,0,0,0,-38000,0,0,0,0,38000,-38000,-38000
047735,華邦電台新94購01,0,0,0,0,0,0,0,0,0,-38000,0,0,0,0,38000,-38000,-38000
048244,廣宇兆豐93購01  ,0,0,0,0,0,0,0,0,0,-38000,0,0,0,0,38000,-38000,-38000
050389,鴻海統一95購04  ,0,0,0,0,0,0,0,0,0,-38000,0,0,0,0,38000,-38000,-38000
050470,智邦台新94購01  ,0,0,0,0,0,0,0,0,0,-38000,0,0,0,0,38000,-38000,-38000
050471,國泰金台新94購01,0,0,0,0,0,0,0,0,0,-38000,0,0,0,0,38000,-38000,-38000
050212,瀚宇博國票95購02,0,0,0,0,0,0,0,0,0,-38000,0,0,0,0,38000,-38000,-38000
050334,鴻海國泰96購07  ,0,0,0,0,0,0,0,0,0,-38000,0,0,0,4000,42000,-38000,-38000
050324,訊芯台新94購01  ,0,0,0,0,0,0,0,0,0,-38000,0,0,0,0,38000,-38000,-38000
048142,聯電統一93購01  ,0,0,0,0,0,0,0,0,0,-38000,0,0,0,0,38000,-38000,-38000
048160,GIS兆豐95購01   ,0,0,0,0,0,0,0,0,0,-38000,0,0,0,0,38000,-38000,-38000
048205,臺股指元大93購39,0,0,0,0,0,0,0,0,0,-38000,0,0,0,0,38000,-38000,-38000
049037,可成兆豐94購01  ,0,0,0,0,0,0,0,0,0,-38000,0,0,0,0,38000,-38000,-38000
047267,瀚宇博台新93購01,0,0,0,0,0,0,0,0,0,-38000,0,0,0,0,38000,-38000,-38000
049811,聯鈞元大94購01  ,0,0,0,0,0,0,0,0,0,-38000,0,0,0,22000,60000,-38000,-38000
051788,奇力新國票97購02,0,0,0,0,0,0,0,0,0,-38000,0,0,0,0,38000,-38000,-38000
051632,全新國票96購01  ,0,0,0,0,0,0,0,0,0,-38000,0,0,0,0,38000,-38000,-38000
051426,道瓊反統一95購02,0,0,0,0,0,0,0,0,0,-38000,0,0,0,0,38000,-38000,-38000
051398,智原台新95購01  ,0,0,0,0,0,0,0,0,0,-38000,0,0,0,0,38000,-38000,-38000
051393,新光金兆豐96購01,0,0,0,0,0,0,0,0,0,-38000,0,0,0,0,38000,-38000,-38000
051394,奇鋐兆豐95購01  ,0,0,0,0,0,0,0,0,0,-38000,0,0,0,10000,48000,-38000,-38000
051282,GIS兆豐95購02   ,0,0,0,0,0,0,0,0,0,-38000,0,0,0,0,38000,-38000,-38000
051189,鴻海兆豐96購01  ,0,0,0,0,0,0,0,0,0,-38000,0,0,0,50000,88000,-38000,-38000
050857,義隆台新95購01  ,0,0,0,0,0,0,0,0,0,-38000,0,0,0,0,38000,-38000,-38000
050858,欣興台新95購01  ,0,0,0,0,0,0,0,0,0,-38000,0,0,0,0,38000,-38000,-38000
050915,健策中信98購01  ,0,0,0,0,0,0,0,0,0,-38000,0,0,0,15000,53000,-38000,-38000
052795,健策兆豐97購01  ,0,0,0,0,0,0,0,0,0,-38000,0,0,0,0,38000,-38000,-38000
052714,義隆凱基96購02  ,0,0,0,0,0,0,0,0,0,-38000,0,0,0,37000,75000,-38000,-38000
052547,光磊兆豐96購01  ,0,0,0,0,0,0,0,0,0,-38000,0,0,0,0,38000,-38000,-38000
052496,華通台新96購02  ,0,0,0,0,0,0,0,0,0,-38000,0,0,0,0,38000,-38000,-38000
053492,華邦電兆豐97購01,0,0,0,0,0,0,0,0,0,-38000,0,0,0,0,38000,-38000,-38000
053527,創意中信97購01  ,0,0,0,0,0,0,0,0,0,-38000,0,0,0,10000,48000,-38000,-38000
053326,瀚宇博台新96購01,0,0,0,0,0,0,0,0,0,-38000,0,0,0,0,38000,-38000,-38000
053352,義隆兆豐96購01  ,0,0,0,0,0,0,0,0,0,-38000,0,0,0,0,38000,-38000,-38000
053421,南亞科永豐96購01,0,0,0,0,0,0,0,0,0,-38000,0,0,0,0,38000,-38000,-38000
053111,緯創兆豐97購01  ,0,0,0,0,0,0,0,0,0,-38000,0,0,0,0,38000,-38000,-38000
053107,旺宏兆豐97購01  ,0,0,0,0,0,0,0,0,0,-38000,0,0,0,0,38000,-38000,-38000
052993,欣興台新97購01  ,0,0,0,0,0,0,0,0,0,-38000,0,0,0,0,38000,-38000,-38000
053017,世紀鋼統一96購02,0,0,0,0,0,0,0,0,0,-38000,0,0,0,0,38000,-38000,-38000
053227,晶技台新96購01  ,0,0,0,0,0,0,0,0,0,-38000,0,0,0,0,38000,-38000,-38000
05985P,燿華統一96售03  ,0,0,0,0,0,0,0,0,0,-38000,0,0,0,2000,40000,-38000,-38000
06338P,亞德客統一97售02,0,0,0,0,0,0,0,0,0,-38000,0,0,0,0,38000,-38000,-38000
2832,台產            ,17000,53000,-36000,0,0,0,0,0,0,-2000,0,2000,-2000,0,0,0,-38000
6141,柏承            ,146000,183000,-37000,0,0,0,0,0,0,-1000,0,1000,-1000,0,0,0,-38000
05438P,康控永豐95售05  ,0,0,0,0,0,0,0,0,0,-39000,0,0,0,7000,46000,-39000,-39000
05436P,台積電群益95售07,0,0,0,0,0,0,0,0,0,-39000,0,0,0,5000,44000,-39000,-39000
053903,燿華凱基97購01  ,0,0,0,0,0,0,0,0,0,-39000,0,0,0,0,39000,-39000,-39000
04516P,台積電群益94售07,0,0,0,0,0,0,0,0,0,-39000,0,0,0,1000,40000,-39000,-39000
044846,旺宏統一93購01  ,0,0,0,0,0,0,0,0,0,-39000,0,0,0,60000,99000,-39000,-39000
048129,力成元大93購02  ,0,0,0,0,0,0,0,0,0,-39000,0,0,0,1000,40000,-39000,-39000
047404,香港2X統一94購01,0,0,0,0,0,0,0,0,0,-39000,0,0,0,0,39000,-39000,-39000
048908,慧洋富邦95購01  ,0,0,0,0,0,0,0,0,0,-39000,0,0,0,1000,40000,-39000,-39000
050493,聯發科永昌96購01,0,0,0,0,0,0,0,0,0,-39000,0,0,0,0,39000,-39000,-39000
049716,台積電凱基94購24,0,0,0,0,0,0,0,0,0,-39000,0,0,0,11000,50000,-39000,-39000
04792P,智邦元大94售06  ,0,0,0,0,0,0,0,0,0,-39000,0,0,0,12000,51000,-39000,-39000
052322,力成元大96購01  ,0,0,0,0,0,0,0,0,0,-39000,0,0,0,20000,59000,-39000,-39000
05084P,嘉聯益永豐95售02,0,0,0,0,0,0,0,0,0,-39000,0,0,0,0,39000,-39000,-39000
050769,聯發科元大94購17,0,0,0,0,0,0,0,0,0,-39000,0,0,0,14000,53000,-39000,-39000
051166,可成元大95購02  ,0,0,0,0,0,0,0,0,0,-39000,0,0,0,1000,40000,-39000,-39000
051913,緯創元大96購01  ,0,0,0,0,0,0,0,0,0,-39000,0,0,0,9000,48000,-39000,-39000
051870,台郡凱基95購04  ,0,0,0,0,0,0,0,0,0,-39000,0,0,0,60000,99000,-39000,-39000
06231P,台積電永豐97售05,0,0,0,0,0,0,0,0,0,-39000,0,0,0,0,39000,-39000,-39000
1473,台南            ,13000,49000,-36000,0,0,0,0,0,0,-3000,0,3000,-3000,0,0,0,-39000
4994,傳奇            ,118700,151000,-32300,0,0,0,0,0,0,-7000,0,0,0,2000,9000,-7000,-39300
053904,漢唐凱基97購01  ,0,0,0,0,0,0,0,0,0,-40000,0,0,0,0,40000,-40000,-40000
053682,臺股指富邦96購03,0,0,0,0,0,0,0,0,0,-40000,0,0,0,0,40000,-40000,-40000
053683,上証2X元大96購03,0,0,0,0,0,0,0,0,0,-40000,0,0,0,0,40000,-40000,-40000
054335,緯穎永豐96購02  ,0,0,0,0,0,0,0,0,0,-40000,0,0,0,0,40000,-40000,-40000
05488P,臺股指凱基95售21,0,0,0,0,0,0,0,0,0,-40000,0,0,0,0,40000,-40000,-40000
054632,緯穎凱基9A購01  ,0,0,0,0,0,0,0,0,0,-40000,0,0,0,20000,60000,-40000,-40000
054585,禾伸堂國泰99購01,0,0,0,0,0,0,0,0,0,-40000,0,0,0,70000,110000,-40000,-40000
055348,旺宏凱基97購01  ,0,0,0,0,0,0,0,0,0,-40000,0,0,0,1000,41000,-40000,-40000
055206,台虹中信97購01  ,0,0,0,0,0,0,0,0,0,-40000,0,0,0,11000,51000,-40000,-40000
05750P,臺股指群益99售04,0,0,0,0,0,0,0,0,0,-40000,0,0,0,0,40000,-40000,-40000
055718,可成元大97購02  ,0,0,0,0,0,0,0,0,0,-40000,0,0,0,59000,99000,-40000,-40000
055684,京鼎凱基97購01  ,0,0,0,0,0,0,0,0,0,-40000,0,0,0,0,40000,-40000,-40000
055679,華通凱基99購01  ,0,0,0,0,0,0,0,0,0,-40000,0,0,0,0,40000,-40000,-40000
055860,啟碁元大97購04  ,0,0,0,0,0,0,0,0,0,-40000,0,0,0,0,40000,-40000,-40000
04382P,美律國泰95售01  ,0,0,0,0,0,0,0,0,0,-40000,0,0,0,83000,123000,-40000,-40000
044061,聯發科元大92購03,0,0,0,0,0,0,0,0,0,-40000,0,0,0,15000,55000,-40000,-40000
046787,和鑫永豐93購01  ,0,0,0,0,0,0,0,0,0,-40000,0,0,0,0,40000,-40000,-40000
046717,世紀鋼國泰94購01,0,0,0,0,0,0,0,0,0,-40000,0,0,0,0,40000,-40000,-40000
04342P,揚明光永豐93售03,0,0,0,0,0,0,0,0,0,-40000,0,0,0,0,40000,-40000,-40000
03689P,TPK元富93售01   ,0,0,0,0,0,0,0,0,0,-40000,0,0,0,0,40000,-40000,-40000
04317P,樺漢國票93售03  ,0,0,0,0,0,0,0,0,0,-40000,0,0,0,0,40000,-40000,-40000
03544P,鴻海群益02售07  ,0,0,0,0,0,0,0,0,0,-40000,0,0,0,0,40000,-40000,-40000
044403,新日興凱基92購01,0,0,0,0,0,0,0,0,0,-40000,0,0,0,0,40000,-40000,-40000
044950,玉晶光群益94購01,0,0,0,0,0,0,0,0,0,-40000,0,0,0,13000,53000,-40000,-40000
046531,臻鼎兆豐92購02  ,0,0,0,0,0,0,0,0,0,-40000,0,0,0,0,40000,-40000,-40000
044124,燿華凱基93購01  ,0,0,0,0,0,0,0,0,0,-40000,0,0,0,0,40000,-40000,-40000
049333,深中小統一94購03,0,0,0,0,0,0,0,0,0,-40000,0,0,0,0,40000,-40000,-40000
049313,晶技凱基94購01  ,0,0,0,0,0,0,0,0,0,-40000,0,0,0,0,40000,-40000,-40000
046634,GIS元富93購01   ,0,0,0,0,0,0,0,0,0,-40000,0,0,0,0,40000,-40000,-40000
049651,訊芯凱基94購04  ,0,0,0,0,0,0,0,0,0,-40000,0,0,0,0,40000,-40000,-40000
045703,技嘉日盛92購01  ,0,0,0,0,0,0,0,0,0,-40000,0,0,0,0,40000,-40000,-40000
045730,鴻海第一92購01  ,0,0,0,0,0,0,0,0,0,-40000,0,0,0,0,40000,-40000,-40000
046560,南亞科凱基92購04,0,0,0,0,0,0,0,0,0,-40000,0,0,0,0,40000,-40000,-40000
04706P,力山元大95售01  ,0,0,0,0,0,0,0,0,0,-40000,0,0,0,60000,100000,-40000,-40000
047990,臺指反元大96購02,0,0,0,0,0,0,0,0,0,-40000,0,0,0,0,40000,-40000,-40000
048668,奇力新永豐93購04,0,0,0,0,0,0,0,0,0,-40000,0,0,0,0,40000,-40000,-40000
049919,美食元大94購03  ,0,0,0,0,0,0,0,0,0,-40000,0,0,0,0,40000,-40000,-40000
049718,南亞科凱基94購04,0,0,0,0,0,0,0,0,0,-40000,0,0,0,0,40000,-40000,-40000
046959,技嘉中信93購01  ,0,0,0,0,0,0,0,0,0,-40000,0,0,0,0,40000,-40000,-40000
047855,美律國票94購01  ,0,0,0,0,0,0,0,0,0,-40000,0,0,0,0,40000,-40000,-40000
048579,華新富邦93購01  ,0,0,0,0,0,0,0,0,0,-40000,0,0,0,0,40000,-40000,-40000
047911,晶技麥證94購01  ,0,0,0,0,40000,-40000,0,0,0,-40000,0,0,0,0,40000,-40000,-40000
049026,晶相光群益94購01,0,0,0,0,0,0,0,0,0,-40000,0,0,0,4000,44000,-40000,-40000
048804,和碩富邦94購01  ,0,0,0,0,0,0,0,0,0,-40000,0,0,0,0,40000,-40000,-40000
048771,嘉澤凱基94購01  ,0,0,0,0,0,0,0,0,0,-40000,0,0,0,1000,41000,-40000,-40000
048768,景碩凱基94購02  ,0,0,0,0,0,0,0,0,0,-40000,0,0,0,0,40000,-40000,-40000
048024,鴻海凱基93購29  ,0,0,0,0,0,0,0,0,0,-40000,0,0,0,0,40000,-40000,-40000
047446,TPK元大94購01   ,0,0,0,0,0,0,0,0,0,-40000,0,0,0,0,40000,-40000,-40000
04763P,臺股指凱基96售05,0,0,0,0,0,0,0,0,0,-40000,0,0,0,0,40000,-40000,-40000
047580,TPK群益94購01   ,0,0,0,0,0,0,0,0,0,-40000,0,0,0,0,40000,-40000,-40000
050181,富邦金元大94購02,0,0,0,0,0,0,0,0,0,-40000,0,0,0,0,40000,-40000,-40000
046915,禾伸堂台新93購01,0,0,0,0,0,0,0,0,0,-40000,0,0,0,0,40000,-40000,-40000
050189,旭富元大94購01  ,0,0,0,0,0,0,0,0,0,-40000,0,0,0,4000,44000,-40000,-40000
047131,鴻海凱基94購03  ,0,0,0,0,0,0,0,0,0,-40000,0,0,0,0,40000,-40000,-40000
050454,嘉澤元大94購04  ,0,0,0,0,0,0,0,0,0,-40000,0,0,0,0,40000,-40000,-40000
050419,鴻海凱基95購02  ,0,0,0,0,0,0,0,0,0,-40000,0,0,0,0,40000,-40000,-40000
050570,聯發科中信97購02,0,0,0,0,0,0,0,0,0,-40000,0,0,0,0,40000,-40000,-40000
050682,南亞科元富94購02,0,0,0,0,0,0,0,0,0,-40000,0,0,0,0,40000,-40000,-40000
048907,高鐵富邦94購01  ,0,0,0,0,0,0,0,0,0,-40000,0,0,0,0,40000,-40000,-40000
047359,台達電群益93購01,0,0,0,0,0,0,0,0,0,-40000,0,0,0,0,40000,-40000,-40000
047364,欣興群益93購04  ,0,0,0,0,0,0,0,0,0,-40000,0,0,0,0,40000,-40000,-40000
05020P,廣達中信95售01  ,0,0,0,0,0,0,0,0,0,-40000,0,0,0,0,40000,-40000,-40000
047209,滬深2X富邦96購01,0,0,0,0,0,0,0,0,0,-40000,0,0,0,0,40000,-40000,-40000
049237,元油2X元富96購07,0,0,0,0,0,0,0,0,0,-40000,0,0,0,0,40000,-40000,-40000
047249,欣興群益93購03  ,0,0,0,0,0,0,0,0,0,-40000,0,0,0,0,40000,-40000,-40000
047279,日月光永豐93購01,0,0,0,0,0,0,0,0,0,-40000,0,0,0,0,40000,-40000,-40000
049172,鴻海凱基94購14  ,0,0,0,0,0,0,0,0,0,-40000,0,0,0,0,40000,-40000,-40000
048856,高鐵群益94購01  ,0,0,0,0,0,0,0,0,0,-40000,0,0,0,50000,90000,-40000,-40000
048443,旺宏凱基93購08  ,0,0,0,0,0,0,0,0,0,-40000,0,0,0,5000,45000,-40000,-40000
048309,寶齡凱基93購01  ,0,0,0,0,0,0,0,0,0,-40000,0,0,0,0,40000,-40000,-40000
051876,宏達電國票96購01,0,0,0,0,0,0,0,0,0,-40000,0,0,0,0,40000,-40000,-40000
051932,康控國票96購02  ,0,0,0,0,0,0,0,0,0,-40000,0,0,0,0,40000,-40000,-40000
051978,泰碩凱基96購01  ,0,0,0,0,0,0,0,0,0,-40000,0,0,0,10000,50000,-40000,-40000
052163,康舒永豐95購02  ,0,0,0,0,0,0,0,0,0,-40000,0,0,0,30000,70000,-40000,-40000
051484,玉晶光凱基97購01,0,0,0,0,0,0,0,0,0,-40000,0,0,0,18000,58000,-40000,-40000
051294,鴻海元富95購06  ,0,0,0,0,0,0,0,0,0,-40000,0,0,0,0,40000,-40000,-40000
051313,緯創麥證95購02  ,0,0,0,0,40000,-40000,0,0,0,-40000,0,0,0,0,40000,-40000,-40000
05139P,臺股指凱基95售06,0,0,0,0,0,0,0,0,0,-40000,0,0,0,0,40000,-40000,-40000
050805,光寶科日盛95購01,0,0,0,0,0,0,0,0,0,-40000,0,0,0,0,40000,-40000,-40000
050853,南電國票96購01  ,0,0,0,0,0,0,0,0,0,-40000,0,0,0,0,40000,-40000,-40000
050879,樺漢統一95購02  ,0,0,0,0,0,0,0,0,0,-40000,0,0,0,0,40000,-40000,-40000
051034,正崴兆豐95購01  ,0,0,0,0,0,0,0,0,0,-40000,0,0,0,0,40000,-40000,-40000
051076,緯創國泰96購01  ,0,0,0,0,0,0,0,0,0,-40000,0,0,0,20000,60000,-40000,-40000
052265,聯發科亞東95購01,0,0,0,0,0,0,0,0,0,-40000,0,0,0,0,40000,-40000,-40000
052210,華夏元大95購01  ,0,0,0,0,0,0,0,0,0,-40000,0,0,0,0,40000,-40000,-40000
052256,台泥國泰96購01  ,0,0,0,0,0,0,0,0,0,-40000,0,0,0,0,40000,-40000,-40000
052592,華通群益98購01  ,0,0,0,0,0,0,0,0,0,-40000,0,0,0,0,40000,-40000,-40000
052738,聯電元大98購02  ,0,0,0,0,0,0,0,0,0,-40000,0,0,0,0,40000,-40000,-40000
052654,友達統一97購01  ,0,0,0,0,0,0,0,0,0,-40000,0,0,0,0,40000,-40000,-40000
052837,友達國泰97購01  ,0,0,0,0,0,0,0,0,0,-40000,0,0,0,0,40000,-40000,-40000
052830,台光電群益96購01,0,0,0,0,0,0,0,0,0,-40000,0,0,0,0,40000,-40000,-40000
052860,旺宏凱基96購03  ,0,0,0,0,0,0,0,0,0,-40000,0,0,0,5000,45000,-40000,-40000
053199,旺宏日盛96購01  ,0,0,0,0,0,0,0,0,0,-40000,0,0,0,0,40000,-40000,-40000
053161,康友元大96購04  ,0,0,0,0,0,0,0,0,0,-40000,0,0,0,3000,43000,-40000,-40000
053094,聯電統一97購02  ,0,0,0,0,0,0,0,0,0,-40000,0,0,0,0,40000,-40000,-40000
053347,茂林國票98購01  ,0,0,0,0,0,0,0,0,0,-40000,0,0,0,0,40000,-40000,-40000
053324,康舒群益96購01  ,0,0,0,0,0,0,0,0,0,-40000,0,0,0,0,40000,-40000,-40000
05883P,致伸永豐96售03  ,0,0,0,0,0,0,0,0,0,-40000,0,0,0,0,40000,-40000,-40000
06037P,超眾國票98售02  ,0,0,0,0,0,0,0,0,0,-40000,0,0,0,0,40000,-40000,-40000
05674P,瑞昱群益96售02  ,0,0,0,0,0,0,0,0,0,-41000,0,0,0,0,41000,-41000,-41000
055243,國巨統一97購04  ,0,0,0,0,0,0,0,0,0,-41000,0,0,0,7000,48000,-41000,-41000
055422,康控永豐97購01  ,0,0,0,0,0,0,0,0,0,-41000,0,0,0,0,41000,-41000,-41000
055631,創意永豐98購01  ,0,0,0,0,0,0,0,0,0,-41000,0,0,0,0,41000,-41000,-41000
054845,智邦兆豐98購01  ,0,0,0,0,0,0,0,0,0,-41000,0,0,0,0,41000,-41000,-41000
054398,牧德永豐96購03  ,0,0,0,0,0,0,0,0,0,-41000,0,0,0,18000,59000,-41000,-41000
054532,強茂國泰98購01  ,0,0,0,0,0,0,0,0,0,-41000,0,0,0,0,41000,-41000,-41000
053630,奇鋐兆豐97購01  ,0,0,0,0,0,0,0,0,0,-41000,0,0,0,0,41000,-41000,-41000
053881,南亞科中信97購01,0,0,0,0,0,0,0,0,0,-41000,0,0,0,7000,48000,-41000,-41000
053964,上銀元大96購05  ,0,0,0,0,0,0,0,0,0,-41000,0,0,0,30000,71000,-41000,-41000
049310,台積電凱基94購15,0,0,0,0,0,0,0,0,0,-41000,0,0,0,10000,51000,-41000,-41000
049453,新日興統一94購01,0,0,0,0,0,0,0,0,0,-41000,0,0,0,0,41000,-41000,-41000
044991,T50反1國泰93購02,0,0,0,0,0,0,0,0,0,-41000,0,0,0,0,41000,-41000,-41000
04290P,滬深2X富邦96售03,0,0,0,0,0,0,0,0,0,-41000,0,0,0,9000,50000,-41000,-41000
03957P,創意統一94售02  ,0,0,0,0,0,0,0,0,0,-41000,0,0,0,0,41000,-41000,-41000
04402P,TPK兆豐95售01   ,0,0,0,0,0,0,0,0,0,-41000,0,0,0,0,41000,-41000,-41000
048810,玉晶光第一94購01,0,0,0,0,0,0,0,0,0,-41000,0,0,0,48000,89000,-41000,-41000
048192,華通元大96購01  ,0,0,0,0,0,0,0,0,0,-41000,0,0,0,14000,55000,-41000,-41000
048155,瑞昱兆豐93購01  ,0,0,0,0,0,0,0,0,0,-41000,0,0,0,0,41000,-41000,-41000
047144,華通群益94購01  ,0,0,0,0,0,0,0,0,0,-41000,0,0,0,0,41000,-41000,-41000
049786,奇鋐兆豐94購01  ,0,0,0,0,0,0,0,0,0,-41000,0,0,0,0,41000,-41000,-41000
049017,旺宏群益96購03  ,0,0,0,0,0,0,0,0,0,-41000,0,0,0,5000,46000,-41000,-41000
050112,高鐵元大94購02  ,0,0,0,0,0,0,0,0,0,-41000,0,0,0,5000,46000,-41000,-41000
047075,群創兆豐93購01  ,0,0,0,0,0,0,0,0,0,-41000,0,0,0,10000,51000,-41000,-41000
053298,SP黃豆凱基99購01,0,0,0,0,0,0,0,0,0,-41000,0,0,0,9000,50000,-41000,-41000
053409,和碩兆豐96購02  ,0,0,0,0,0,0,0,0,0,-41000,0,0,0,0,41000,-41000,-41000
053230,達方台新97購01  ,0,0,0,0,0,0,0,0,0,-41000,0,0,0,2000,43000,-41000,-41000
050906,臺股指元大95購13,0,0,0,0,0,0,0,0,0,-41000,0,0,0,0,41000,-41000,-41000
051410,京元電國票96購01,0,0,0,0,0,0,0,0,0,-41000,0,0,0,19000,60000,-41000,-41000
051170,南電元大95購03  ,0,0,0,0,0,0,0,0,0,-41000,0,0,0,0,41000,-41000,-41000
051676,康舒元大95購01  ,0,0,0,0,0,0,0,0,0,-41000,0,0,0,8000,49000,-41000,-41000
051734,台積電國票95購04,0,0,0,0,0,0,0,0,0,-41000,0,0,0,0,41000,-41000,-41000
053895,智易群益96購02  ,0,0,0,0,0,0,0,0,0,-42000,0,0,0,0,42000,-42000,-42000
053897,台郡群益96購01  ,0,0,0,0,0,0,0,0,0,-42000,0,0,0,9000,51000,-42000,-42000
054243,國喬元大96購01  ,0,0,0,0,0,0,0,0,0,-42000,0,0,0,10000,52000,-42000,-42000
054246,國巨元大96購12  ,0,0,0,0,0,0,0,0,0,-42000,0,0,0,4000,46000,-42000,-42000
054131,南亞科元大96購04,0,0,0,0,0,0,0,0,0,-42000,0,0,0,21000,63000,-42000,-42000
054343,世紀鋼元富96購02,0,0,0,0,0,0,0,0,0,-42000,0,0,0,0,42000,-42000,-42000
055044,信錦永豐97購01  ,0,0,0,0,0,0,0,0,0,-42000,0,0,0,0,42000,-42000,-42000
055067,禾聯碩永豐97購01,0,0,0,0,0,0,0,0,0,-42000,0,0,0,0,42000,-42000,-42000
055965,泰鼎元大97購03  ,0,0,0,0,0,0,0,0,0,-42000,0,0,0,40000,82000,-42000,-42000
04500P,燿華統一94售01  ,0,0,0,0,0,0,0,0,0,-42000,0,0,0,5000,47000,-42000,-42000
046859,智伸科元大93購03,0,0,0,0,0,0,0,0,0,-42000,0,0,0,0,42000,-42000,-42000
045179,義隆永豐92購02  ,0,0,0,0,0,0,0,0,0,-42000,0,0,0,1000,43000,-42000,-42000
045752,全新國泰93購01  ,0,0,0,0,0,0,0,0,0,-42000,0,0,0,0,42000,-42000,-42000
045874,東元元富92購01  ,0,0,0,0,0,0,0,0,0,-42000,0,0,0,3000,45000,-42000,-42000
050149,東元群益94購01  ,0,0,0,0,0,0,0,0,0,-42000,0,0,0,8000,50000,-42000,-42000
04816P,台積電兆豐94售06,0,0,0,0,0,0,0,0,0,-42000,0,0,0,0,42000,-42000,-42000
04919P,聯詠凱基94售05  ,0,0,0,0,0,0,0,0,0,-42000,0,0,0,1000,43000,-42000,-42000
049827,正崴凱基94購01  ,0,0,0,0,0,0,0,0,0,-42000,0,0,0,26000,68000,-42000,-42000
051675,瑞儀元大96購02  ,0,0,0,0,0,0,0,0,0,-42000,0,0,0,0,42000,-42000,-42000
051563,泰鼎國泰96購01  ,0,0,0,0,0,0,0,0,0,-42000,0,0,0,8000,50000,-42000,-42000
052076,可成元富98購01  ,0,0,0,0,0,0,0,0,0,-42000,0,0,0,0,42000,-42000,-42000
05195P,南茂康和95售01  ,0,0,0,0,0,0,0,0,0,-42000,0,0,0,0,42000,-42000,-42000
051334,宏達電永豐95購01,0,0,0,0,0,0,0,0,0,-42000,0,0,0,0,42000,-42000,-42000
051078,力山富邦97購01  ,0,0,0,0,0,0,0,0,0,-42000,0,0,0,0,42000,-42000,-42000
05095P,景碩元大95售01  ,0,0,0,0,0,0,0,0,0,-42000,0,0,0,1000,43000,-42000,-42000
052894,國巨群益96購03  ,0,0,0,0,0,0,0,0,0,-42000,0,0,0,3000,45000,-42000,-42000
052752,臺股指元大96購06,0,0,0,0,0,0,0,0,0,-42000,0,0,0,8000,50000,-42000,-42000
052688,新日興元大96購01,0,1000,-1000,0,0,0,0,0,0,-41000,0,0,0,43000,84000,-41000,-42000
05226P,智邦統一95售01  ,0,0,0,0,0,0,0,0,0,-42000,0,0,0,0,42000,-42000,-42000
06195P,台積電元富97售06,0,0,0,0,0,0,0,0,0,-42000,0,0,0,0,42000,-42000,-42000
08488P,臺股指群益9C售19,0,0,0,0,0,0,0,0,0,-42000,0,0,0,0,42000,-42000,-42000
9902,台火            ,31000,73000,-42000,0,0,0,0,0,0,0,0,0,0,0,0,0,-42000
05567P,致伸群益96售01  ,0,0,0,0,0,0,0,0,0,-43000,0,0,0,0,43000,-43000,-43000
055762,智伸科群益97購01,0,0,0,0,0,0,0,0,0,-43000,0,0,0,0,43000,-43000,-43000
055237,晶豪科台新97購01,0,0,0,0,0,0,0,0,0,-43000,0,0,0,5000,48000,-43000,-43000
054911,敬鵬凱基97購01  ,0,0,0,0,0,0,0,0,0,-43000,0,0,0,7000,50000,-43000,-43000
05476P,聯發科群益95售06,0,0,0,0,0,0,0,0,0,-43000,0,0,0,0,43000,-43000,-43000
054001,康友群益96購02  ,0,0,0,0,0,0,0,0,0,-43000,0,0,0,0,43000,-43000,-43000
053858,台達電元大96購05,0,0,0,0,0,0,0,0,0,-43000,0,0,0,15000,58000,-43000,-43000
053621,臺股指群益96購07,0,0,0,0,0,0,0,0,0,-43000,0,0,0,0,43000,-43000,-43000
045775,可成元大92購06  ,0,0,0,0,0,0,0,0,0,-43000,0,0,0,7000,50000,-43000,-43000
046357,聯發科台新92購01,0,0,0,0,0,0,0,0,0,-43000,0,0,0,0,43000,-43000,-43000
045322,京元電統一92購02,0,0,0,0,0,0,0,0,0,-43000,0,0,0,0,43000,-43000,-43000
045446,鴻海國泰94購01  ,0,0,0,0,0,0,0,0,0,-43000,0,0,0,0,43000,-43000,-43000
044514,亞光凱基93購02  ,0,0,0,0,0,0,0,0,0,-43000,0,0,0,17000,60000,-43000,-43000
043650,喬山國泰93購02  ,0,0,0,0,0,0,0,0,0,-43000,0,0,0,2000,45000,-43000,-43000
05032P,台積電國泰96售05,0,0,0,0,0,0,0,0,0,-43000,0,0,0,13000,56000,-43000,-43000
050647,聯發科凱基96購01,0,0,0,0,0,0,0,0,0,-43000,0,0,0,22000,65000,-43000,-43000
050552,禾伸堂凱基94購05,0,0,0,0,0,0,0,0,0,-43000,0,0,0,20000,63000,-43000,-43000
049877,南亞科永豐94購01,0,0,0,0,0,0,0,0,0,-43000,0,0,0,0,43000,-43000,-43000
048654,滬深2X元富93購05,0,0,0,0,0,0,0,0,0,-43000,0,0,0,0,43000,-43000,-43000
048772,智易凱基94購01  ,0,0,0,0,0,0,0,0,0,-43000,0,0,0,0,43000,-43000,-43000
04755P,大立光元富94售07,0,0,0,0,0,0,0,0,0,-43000,0,0,0,0,43000,-43000,-43000
052227,瑞昱凱基95購05  ,0,0,0,0,0,0,0,0,0,-43000,0,0,0,11000,54000,-43000,-43000
053127,貿聯凱基97購01  ,0,0,0,0,0,0,0,0,0,-43000,0,0,0,27000,70000,-43000,-43000
053112,中磊兆豐97購01  ,0,0,0,0,0,0,0,0,0,-43000,0,0,0,0,43000,-43000,-43000
053109,聯發科兆豐96購01,0,0,0,0,0,0,0,0,0,-43000,0,0,0,0,43000,-43000,-43000
052965,廣宇群益97購01  ,0,0,0,0,0,0,0,0,0,-43000,0,0,0,0,43000,-43000,-43000
050933,南亞國票95購01  ,0,0,0,0,0,0,0,0,0,-43000,0,0,0,23000,66000,-43000,-43000
051052,台積電群益95購01,0,0,0,0,0,0,0,0,0,-43000,0,0,0,49000,92000,-43000,-43000
051255,康控元大96購04  ,0,0,0,0,0,0,0,0,0,-43000,0,0,0,0,43000,-43000,-43000
051976,淘帝凱基95購01  ,0,0,0,0,0,0,0,0,0,-43000,0,0,0,1000,44000,-43000,-43000
051498,智易群益96購01  ,0,0,0,0,0,0,0,0,0,-43000,0,0,0,0,43000,-43000,-43000
051500,聯茂群益95購01  ,0,0,0,0,0,0,0,0,0,-43000,0,0,0,22000,65000,-43000,-43000
051729,華新國票96購01  ,0,0,0,0,0,0,0,0,0,-43000,0,0,0,0,43000,-43000,-43000
06092P,嘉聯益統一97售01,0,0,0,0,0,0,0,0,0,-43000,0,0,0,80000,123000,-43000,-43000
4906,正文            ,1057000,837000,220000,0,0,0,0,0,0,-263000,226000,42000,184000,53000,500000,-447000,-43000
053873,力成元大96購03  ,0,0,0,0,0,0,0,0,0,-44000,0,0,0,6000,50000,-44000,-44000
053977,新日興元大96購03,0,0,0,0,0,0,0,0,0,-44000,0,0,0,26000,70000,-44000,-44000
054630,聯鈞凱基98購01  ,0,0,0,0,0,0,0,0,0,-44000,0,0,0,47000,91000,-44000,-44000
054338,全新統一96購01  ,0,0,0,0,0,0,0,0,0,-44000,0,0,0,10000,54000,-44000,-44000
055183,聯鈞統一97購01  ,0,0,0,0,0,0,0,0,0,-44000,0,0,0,34000,78000,-44000,-44000
055460,華擎永豐97購01  ,0,0,0,0,0,0,0,0,0,-44000,0,0,0,1000,45000,-44000,-44000
05658P,日月光元富96售02,0,0,0,0,0,0,0,0,0,-44000,0,0,0,7000,51000,-44000,-44000
05760P,京鼎永豐96售02  ,0,0,0,0,0,0,0,0,0,-44000,0,0,0,1000,45000,-44000,-44000
05806P,宏達電永豐96售03,0,0,0,0,0,0,0,0,0,-44000,0,0,0,0,44000,-44000,-44000
040744,滬深2X國票94購01,0,0,0,0,0,0,0,0,0,-44000,0,0,0,0,44000,-44000,-44000
04083P,欣興統一94售01  ,0,0,0,0,0,0,0,0,0,-44000,0,0,0,6000,50000,-44000,-44000
045128,旺宏統一92購01  ,0,0,0,0,0,0,0,0,0,-44000,0,0,0,6000,50000,-44000,-44000
048056,全新國泰94購02  ,0,0,0,0,0,0,0,0,0,-44000,0,0,0,0,44000,-44000,-44000
049853,上海銀群益94購02,0,0,0,0,0,0,0,0,0,-44000,0,0,0,6000,50000,-44000,-44000
048185,台郡群益93購04  ,0,0,0,0,0,0,0,0,0,-44000,0,0,0,11000,55000,-44000,-44000
048374,味全元富94購01  ,0,0,0,0,0,0,0,0,0,-44000,0,0,0,0,44000,-44000,-44000
05205P,緯穎元大95售03  ,0,0,0,0,0,0,0,0,0,-44000,0,0,0,24000,68000,-44000,-44000
05298P,上銀元大95售03  ,0,0,0,0,0,0,0,0,0,-44000,0,0,0,35000,79000,-44000,-44000
052221,東元凱基95購01  ,0,0,0,0,0,0,0,0,0,-44000,0,0,0,3000,47000,-44000,-44000
8070,長華*           ,22910,51000,-28090,0,0,0,0,0,0,-16000,0,16000,-16000,0,0,0,-44090
055688,力成凱基98購02  ,0,0,0,0,0,0,0,0,0,-45000,0,0,0,0,45000,-45000,-45000
055538,鴻海日盛97購04  ,0,0,0,0,0,0,0,0,0,-45000,0,0,0,0,45000,-45000,-45000
055445,旺宏統一99購01  ,0,0,0,0,0,0,0,0,0,-45000,0,0,0,3000,48000,-45000,-45000
055385,昇陽半元大98購01,0,0,0,0,0,0,0,0,0,-45000,0,0,0,10000,55000,-45000,-45000
055294,智易元大98購01  ,0,0,0,0,0,0,0,0,0,-45000,0,0,0,0,45000,-45000,-45000
054262,瀚宇博元大96購03,0,0,0,0,0,0,0,0,0,-45000,0,0,0,0,45000,-45000,-45000
054434,友達台新96購03  ,0,0,0,0,0,0,0,0,0,-45000,0,0,0,0,45000,-45000,-45000
054214,京鼎國票97購02  ,0,0,0,0,0,0,0,0,0,-45000,0,0,0,10000,55000,-45000,-45000
054216,聯茂國票97購03  ,0,0,0,0,0,0,0,0,0,-45000,0,0,0,0,45000,-45000,-45000
053583,漢唐元大96購03  ,0,0,0,0,0,0,0,0,0,-45000,0,0,0,5000,50000,-45000,-45000
053674,臺股指元富96購01,40000,0,40000,0,0,0,0,0,0,-85000,0,0,0,0,85000,-85000,-45000
044117,創意兆豐92購01  ,0,0,0,0,0,0,0,0,0,-45000,0,0,0,0,45000,-45000,-45000
046433,康友中信92購01  ,0,0,0,0,0,0,0,0,0,-45000,0,0,0,5000,50000,-45000,-45000
03781P,智邦凱基93售03  ,0,0,0,0,0,0,0,0,0,-45000,0,0,0,0,45000,-45000,-45000
04160P,儒鴻中信93售01  ,0,0,0,0,0,0,0,0,0,-45000,0,0,0,0,45000,-45000,-45000
043696,瑞儀兆豐93購01  ,0,0,0,0,0,0,0,0,0,-45000,0,0,0,0,45000,-45000,-45000
04820P,聯茂永豐94售02  ,0,0,0,0,0,0,0,0,0,-45000,0,0,0,15000,60000,-45000,-45000
048517,致伸凱基93購06  ,0,0,0,0,0,0,0,0,0,-45000,0,0,0,0,45000,-45000,-45000
049127,上海銀元富94購01,0,0,0,0,0,0,0,0,0,-45000,0,0,0,4000,49000,-45000,-45000
050429,漢唐凱基94購04  ,0,0,0,0,0,0,0,0,0,-45000,0,0,0,0,45000,-45000,-45000
050402,緯穎中信96購01  ,0,0,0,0,0,0,0,0,0,-45000,0,0,0,0,45000,-45000,-45000
048989,矽格元大94購02  ,0,0,0,0,0,0,0,0,0,-45000,0,0,0,0,45000,-45000,-45000
048726,儒鴻麥證95購01  ,0,0,0,0,45000,-45000,0,0,0,-45000,0,0,0,0,45000,-45000,-45000
047776,志超元大93購01  ,0,0,0,0,0,0,0,0,0,-45000,0,0,0,0,45000,-45000,-45000
05242P,群創國泰97售01  ,0,0,0,0,0,0,0,0,0,-45000,0,0,0,0,45000,-45000,-45000
052650,台郡永豐96購01  ,0,0,0,0,0,0,0,0,0,-45000,0,0,0,0,45000,-45000,-45000
052604,建準元大97購01  ,0,0,0,0,0,0,0,0,0,-45000,0,0,0,0,45000,-45000,-45000
052889,致伸麥證97購01  ,0,0,0,0,45000,-45000,0,0,0,-45000,0,0,0,0,45000,-45000,-45000
05168P,鴻海元大95售14  ,0,0,0,0,0,0,0,0,0,-45000,0,0,0,355000,400000,-45000,-45000
051715,和碩台新95購01  ,0,0,0,0,0,0,0,0,0,-45000,0,0,0,0,45000,-45000,-45000
051816,臺股指凱基95購07,0,0,0,0,0,0,0,0,0,-45000,0,0,0,0,45000,-45000,-45000
051407,南茂永豐95購02  ,0,0,0,0,0,0,0,0,0,-45000,0,0,0,0,45000,-45000,-45000
050960,台光電永豐95購01,0,0,0,0,0,0,0,0,0,-45000,0,0,0,0,45000,-45000,-45000
050991,元油2X元大96購04,0,0,0,0,0,0,0,0,0,-45000,0,0,0,5000,50000,-45000,-45000
050767,京元電元大96購01,0,0,0,0,0,0,0,0,0,-45000,0,0,0,115000,160000,-45000,-45000
2351,順德            ,198000,175000,23000,0,0,0,0,0,0,-68000,5000,71000,-66000,0,2000,-2000,-45000
06358P,力成中信97售02  ,0,0,0,0,0,0,0,0,0,-45000,0,0,0,0,45000,-45000,-45000
06201P,可成元大97售01  ,0,0,0,0,0,0,0,0,0,-45000,0,0,0,3000,48000,-45000,-45000
054259,健策元大97購03  ,0,0,0,0,0,0,0,0,0,-46000,0,0,0,0,46000,-46000,-46000
054271,中石化中信99購01,0,0,0,0,0,0,0,0,0,-46000,0,0,0,2000,48000,-46000,-46000
055401,亞光元富9A購01  ,0,0,0,0,0,0,0,0,0,-46000,0,0,0,10000,56000,-46000,-46000
055152,旺宏元大98購04  ,0,0,0,0,0,0,0,0,0,-46000,0,0,0,117000,163000,-46000,-46000
055258,玉晶光統一97購03,0,0,0,0,0,0,0,0,0,-46000,0,0,0,7000,53000,-46000,-46000
05725P,嘉聯益永豐96售02,0,0,0,0,0,0,0,0,0,-46000,0,0,0,0,46000,-46000,-46000
03581P,台積電群益03售04,0,0,0,0,0,0,0,0,0,-46000,0,0,0,1000,47000,-46000,-46000
04333P,儒鴻凱基93售06  ,0,0,0,0,0,0,0,0,0,-46000,0,0,0,0,46000,-46000,-46000
04574P,台達電統一94售05,0,0,0,0,0,0,0,0,0,-46000,0,0,0,1000,47000,-46000,-46000
04931P,臻鼎元富94售09  ,0,0,0,0,0,0,0,0,0,-46000,0,0,0,0,46000,-46000,-46000
048426,超眾元富93購01  ,0,0,0,0,0,0,0,0,0,-46000,0,0,0,0,46000,-46000,-46000
052611,力成元大96購02  ,0,0,0,0,0,0,0,0,0,-46000,0,0,0,4000,50000,-46000,-46000
052681,T50反1元大98購02,0,0,0,0,0,0,0,0,0,-46000,0,0,0,0,46000,-46000,-46000
052482,茂林群益95購01  ,0,0,0,0,0,0,0,0,0,-46000,0,0,0,12000,58000,-46000,-46000
053296,貿聯中信98購01  ,0,0,0,0,0,0,0,0,0,-46000,0,0,0,0,46000,-46000,-46000
06236P,台積電元大97售25,0,0,0,0,0,0,0,0,0,-46000,0,0,0,0,46000,-46000,-46000
055102,上銀凱基98購01  ,0,0,0,0,0,0,0,0,0,-47000,0,0,0,10000,57000,-47000,-47000
054624,台積電凱基98購03,0,0,0,0,0,0,0,0,0,-47000,0,0,0,123000,170000,-47000,-47000
053667,鴻海統一96購12  ,0,0,0,0,0,0,0,0,0,-47000,0,0,0,1000,48000,-47000,-47000
05413P,台郡國票96售02  ,0,0,0,0,0,0,0,0,0,-47000,0,0,0,0,47000,-47000,-47000
054154,智易國泰97購01  ,0,0,0,0,0,0,0,0,0,-47000,0,0,0,0,47000,-47000,-47000
046142,康舒統一93購01  ,0,0,0,0,0,0,0,0,0,-47000,0,0,0,3000,50000,-47000,-47000
045150,聯發科凱基93購03,0,0,0,0,0,0,0,0,0,-47000,0,0,0,8000,55000,-47000,-47000
04325P,創意元大93售06  ,0,0,0,0,0,0,0,0,0,-47000,0,0,0,7000,54000,-47000,-47000
0051,元大中型100     ,2000,3000,-1000,0,0,0,0,0,0,-46000,0,0,0,4000,50000,-46000,-47000
044028,鴻海群益92購02  ,0,0,0,0,0,0,0,0,0,-47000,0,0,0,0,47000,-47000,-47000
046020,滬深2X元大95購02,0,0,0,0,0,0,0,0,0,-47000,0,0,0,505000,552000,-47000,-47000
042556,台灣50中信96購04,0,0,0,0,0,0,0,0,0,-47000,0,0,0,13000,60000,-47000,-47000
049104,元油2X富邦97購02,0,0,0,0,0,0,0,0,0,-47000,0,0,0,0,47000,-47000,-47000
050642,和大凱基94購03  ,0,0,0,0,0,0,0,0,0,-47000,0,0,0,1000,48000,-47000,-47000
049893,日月光富邦98購01,0,0,0,0,0,0,0,0,0,-47000,0,0,0,34000,81000,-47000,-47000
052385,滬深2X群益99購05,0,0,0,0,0,0,0,0,0,-47000,0,0,0,0,47000,-47000,-47000
052609,智易元大97購01  ,0,0,0,0,0,0,0,0,0,-47000,0,0,0,0,47000,-47000,-47000
052720,鴻海統一96購07  ,0,0,0,0,0,0,0,0,0,-47000,0,0,0,1000,48000,-47000,-47000
052734,台表科國泰98購02,0,0,0,0,0,0,0,0,0,-47000,0,0,0,0,47000,-47000,-47000
050744,健策永豐94購04  ,0,0,0,0,0,0,0,0,0,-47000,0,0,0,0,47000,-47000,-47000
051241,台積電元大95購13,0,0,0,0,0,0,0,0,0,-47000,0,0,0,3000,50000,-47000,-47000
05906P,國巨元富96售05  ,0,0,0,0,0,0,0,0,0,-47000,0,0,0,15000,62000,-47000,-47000
05866P,致伸元大96售01  ,0,0,0,0,0,0,0,0,0,-47000,0,0,0,0,47000,-47000,-47000
3712,永崴投控        ,20000,66000,-46000,0,0,0,0,0,0,-1000,0,1000,-1000,0,0,0,-47000
3013,晟銘電          ,27000,74000,-47000,0,0,0,0,0,0,0,3000,3000,0,0,0,0,-47000
054199,大立光永昌96購07,0,0,0,0,0,0,0,0,0,-48000,0,0,0,0,48000,-48000,-48000
054003,鴻海統一96購13  ,0,0,0,0,0,0,0,0,0,-48000,0,0,0,0,48000,-48000,-48000
054005,旺宏統一97購04  ,0,0,0,0,0,0,0,0,0,-48000,0,0,0,0,48000,-48000,-48000
053953,群創台新97購01  ,0,0,0,0,0,0,0,0,0,-48000,0,0,0,5000,53000,-48000,-48000
053668,鴻海統一97購01  ,0,0,0,0,0,0,0,0,0,-48000,0,0,0,0,48000,-48000,-48000
053653,京元電凱基96購02,0,0,0,0,0,0,0,0,0,-48000,0,0,0,20000,68000,-48000,-48000
053635,技嘉永豐96購01  ,0,0,0,0,0,0,0,0,0,-48000,0,0,0,0,48000,-48000,-48000
053889,致茂群益97購01  ,0,0,0,0,0,0,0,0,0,-48000,0,0,0,12000,60000,-48000,-48000
053843,訊芯統一96購01  ,0,0,0,0,0,0,0,0,0,-48000,0,0,0,0,48000,-48000,-48000
053841,美律統一96購01  ,0,0,0,0,0,0,0,0,0,-48000,0,0,0,0,48000,-48000,-48000
053733,華邦電中信98購01,0,0,0,0,0,0,0,0,0,-48000,0,0,0,0,48000,-48000,-48000
054635,台達電中信98購01,0,0,0,0,0,0,0,0,0,-48000,0,0,0,0,48000,-48000,-48000
054636,華通中信97購01  ,0,0,0,0,0,0,0,0,0,-48000,0,0,0,0,48000,-48000,-48000
054702,智邦第一97購01  ,0,0,0,0,0,0,0,0,0,-48000,0,0,0,0,48000,-48000,-48000
054889,京鼎統一99購01  ,0,0,0,0,0,0,0,0,0,-48000,0,0,0,0,48000,-48000,-48000
054885,建準統一98購01  ,0,0,0,0,0,0,0,0,0,-48000,0,0,0,0,48000,-48000,-48000
054802,高股息元大97購01,0,0,0,0,0,0,0,0,0,-48000,0,0,0,0,48000,-48000,-48000
054274,智易中信96購02  ,0,0,0,0,0,0,0,0,0,-48000,0,0,0,0,48000,-48000,-48000
054388,漢唐統一97購02  ,0,0,0,0,0,0,0,0,0,-48000,0,0,0,0,48000,-48000,-48000
054482,大成鋼台新96購01,0,0,0,0,0,0,0,0,0,-48000,0,0,0,0,48000,-48000,-48000
055032,億光富邦99購01  ,0,0,0,0,0,0,0,0,0,-48000,0,0,0,20000,68000,-48000,-48000
055246,美律統一98購01  ,0,0,0,0,0,0,0,0,0,-48000,0,0,0,0,48000,-48000,-48000
055280,智邦元大97購01  ,0,0,0,0,0,0,0,0,0,-48000,0,0,0,2000,50000,-48000,-48000
055207,致新中信99購01  ,0,0,0,0,0,0,0,0,0,-48000,0,0,0,0,48000,-48000,-48000
055177,宏達電統一99購01,0,0,0,0,0,0,0,0,0,-48000,0,0,0,0,48000,-48000,-48000
055178,晶豪科統一97購01,0,0,0,0,0,0,0,0,0,-48000,0,0,0,0,48000,-48000,-48000
055390,國巨統一98購03  ,0,0,0,0,0,0,0,0,0,-48000,0,0,0,0,48000,-48000,-48000
055388,華通統一97購03  ,0,0,0,0,0,0,0,0,0,-48000,0,0,0,0,48000,-48000,-48000
055389,國巨統一98購02  ,0,0,0,0,0,0,0,0,0,-48000,0,0,0,0,48000,-48000,-48000
055447,華新科統一97購04,0,0,0,0,0,0,0,0,0,-48000,0,0,0,0,48000,-48000,-48000
055462,華邦電日盛97購01,0,0,0,0,0,0,0,0,0,-48000,0,0,0,0,48000,-48000,-48000
055580,南茂統一97購01  ,0,0,0,0,0,0,0,0,0,-48000,0,0,0,0,48000,-48000,-48000
055578,群創統一98購03  ,0,0,0,0,0,0,0,0,0,-48000,0,0,0,0,48000,-48000,-48000
055575,華新科統一98購01,0,0,0,0,0,0,0,0,0,-48000,0,0,0,0,48000,-48000,-48000
04428P,台光電元大94售02,0,0,0,0,0,0,0,0,0,-48000,0,0,0,0,48000,-48000,-48000
045500,聯發科凱基93購04,0,0,0,0,0,0,0,0,0,-48000,0,0,0,20000,68000,-48000,-48000
046460,聯鈞凱基93購02  ,0,0,0,0,0,0,0,0,0,-48000,0,0,0,37000,85000,-48000,-48000
049568,台積電統一94購08,0,0,0,0,0,0,0,0,0,-48000,0,0,0,90000,138000,-48000,-48000
049719,義隆凱基94購03  ,0,0,0,0,0,0,0,0,0,-48000,0,0,0,20000,68000,-48000,-48000
049729,日月光中信94購01,0,0,0,0,0,0,0,0,0,-48000,0,0,0,0,48000,-48000,-48000
049779,創意統一95購01  ,0,0,0,0,0,0,0,0,0,-48000,0,0,0,0,48000,-48000,-48000
048725,京元電日盛94購01,0,0,0,0,0,0,0,0,0,-48000,0,0,0,0,48000,-48000,-48000
048026,瑞昱凱基94購01  ,0,0,0,0,0,0,0,0,0,-48000,0,0,0,5000,53000,-48000,-48000
047600,富邦金中信93購01,0,0,0,0,0,0,0,0,0,-48000,0,0,0,0,48000,-48000,-48000
047626,全新國票94購01  ,0,0,0,0,0,0,0,0,0,-48000,0,0,0,0,48000,-48000,-48000
050677,光寶科統一94購01,0,0,0,0,0,0,0,0,0,-48000,0,0,0,0,48000,-48000,-48000
050560,聯詠統一94購02  ,0,0,0,0,0,0,0,0,0,-48000,0,0,0,2000,50000,-48000,-48000
050494,可成永昌96購01  ,0,0,0,0,0,0,0,0,0,-48000,0,0,0,0,48000,-48000,-48000
049294,南亞科群益94購01,0,0,0,0,0,0,0,0,0,-48000,0,0,0,23000,71000,-48000,-48000
048905,旺宏富邦96購01  ,0,0,0,0,0,0,0,0,0,-48000,0,0,0,3000,51000,-48000,-48000
049159,同欣電中信96購01,0,0,0,0,0,0,0,0,0,-48000,0,0,0,0,48000,-48000,-48000
048884,川湖元富94購01  ,0,0,0,0,0,0,0,0,0,-48000,0,0,0,2000,50000,-48000,-48000
048076,亞光第一94購01  ,0,0,0,0,0,0,0,0,0,-48000,0,0,0,0,48000,-48000,-48000
048367,華邦電統一93購01,0,0,0,0,0,0,0,0,0,-48000,0,0,0,0,48000,-48000,-48000
048179,臻鼎富邦97購01  ,0,0,0,0,0,0,0,0,0,-48000,0,0,0,0,48000,-48000,-48000
048212,美利達日盛93購01,0,0,0,0,0,0,0,0,0,-48000,0,0,0,0,48000,-48000,-48000
051261,鴻海永昌96購05  ,0,0,0,0,0,0,0,0,0,-48000,0,0,0,10000,58000,-48000,-48000
051111,可成統一95購02  ,0,0,0,0,0,0,0,0,0,-48000,0,0,0,0,48000,-48000,-48000
051731,聯電國票96購02  ,0,0,0,0,0,0,0,0,0,-48000,0,0,0,0,48000,-48000,-48000
051680,國泰金第一95購01,0,0,0,0,0,0,0,0,0,-48000,0,0,0,0,48000,-48000,-48000
051689,智易凱基95購02  ,0,0,0,0,0,0,0,0,0,-48000,0,0,0,0,48000,-48000,-48000
052084,台泥元大95購01  ,0,0,0,0,0,0,0,0,0,-48000,0,0,0,2000,50000,-48000,-48000
052022,南電永豐95購03  ,0,0,0,0,0,0,0,0,0,-48000,0,0,0,0,48000,-48000,-48000
052709,光寶科日盛96購01,0,0,0,0,0,0,0,0,0,-48000,0,0,0,0,48000,-48000,-48000
052887,華通中信96購01  ,0,0,0,0,0,0,0,0,0,-48000,0,0,0,0,48000,-48000,-48000
052853,友達日盛99購01  ,0,0,0,0,0,0,0,0,0,-48000,0,0,0,0,48000,-48000,-48000
052796,和碩兆豐96購01  ,0,0,0,0,0,0,0,0,0,-48000,0,0,0,0,48000,-48000,-48000
052315,廣宇元大95購02  ,0,0,0,0,0,0,0,0,0,-48000,0,0,0,0,48000,-48000,-48000
052242,台達電台新96購01,0,0,0,0,0,0,0,0,0,-48000,0,0,0,0,48000,-48000,-48000
052261,台泥第一95購01  ,0,0,0,0,0,0,0,0,0,-48000,0,0,0,0,48000,-48000,-48000
052563,京元電日盛96購01,0,0,0,0,0,0,0,0,0,-48000,0,0,0,0,48000,-48000,-48000
052507,日月光日盛95購02,0,0,0,0,0,0,0,0,0,-48000,0,0,0,0,48000,-48000,-48000
053408,友達兆豐98購01  ,0,0,0,0,0,0,0,0,0,-48000,0,0,0,0,48000,-48000,-48000
053434,國泰金日盛96購01,0,0,0,0,0,0,0,0,0,-48000,0,0,0,0,48000,-48000,-48000
053396,漢唐中信9A購01  ,0,0,0,0,0,0,0,0,0,-48000,0,0,0,0,48000,-48000,-48000
053397,國泰金中信96購01,0,0,0,0,0,0,0,0,0,-48000,0,0,0,0,48000,-48000,-48000
053495,聯發科兆豐96購02,0,0,0,0,0,0,0,0,0,-48000,0,0,0,0,48000,-48000,-48000
053524,聯電中信97購02  ,0,0,0,0,0,0,0,0,0,-48000,0,0,0,0,48000,-48000,-48000
052968,燿華群益98購01  ,0,0,0,0,0,0,0,0,0,-48000,0,0,0,3000,51000,-48000,-48000
053059,聯發科永昌99購01,0,0,0,0,0,0,0,0,0,-48000,0,0,0,0,48000,-48000,-48000
053046,智易中信96購01  ,0,0,0,0,0,0,0,0,0,-48000,0,0,0,0,48000,-48000,-48000
053047,寶成中信97購01  ,0,0,0,0,0,0,0,0,0,-48000,0,0,0,0,48000,-48000,-48000
053245,全新國票97購01  ,0,0,0,0,0,0,0,0,0,-48000,0,0,0,0,48000,-48000,-48000
2375,凱美            ,487000,497000,-10000,0,0,0,0,0,0,-38000,0,1000,-1000,1000,38000,-37000,-48000
05844P,旺宏元大96售07  ,0,0,0,0,0,0,0,0,0,-48000,0,0,0,95000,143000,-48000,-48000
06230P,亞德客永豐97售03,0,0,0,0,0,0,0,0,0,-48000,0,0,0,0,48000,-48000,-48000
055465,和大凱基97購03  ,0,0,0,0,0,0,0,0,0,-49000,0,0,0,10000,59000,-49000,-49000
055454,華邦電元富97購02,0,0,0,0,0,0,0,0,0,-49000,0,0,0,2000,51000,-49000,-49000
05804P,美律永豐96售01  ,0,0,0,0,0,0,0,0,0,-49000,0,0,0,0,49000,-49000,-49000
05795P,華邦電群益96售05,0,0,0,0,0,0,0,0,0,-49000,0,0,0,0,49000,-49000,-49000
054603,智易台新98購01  ,0,0,0,0,0,0,0,0,0,-49000,0,0,0,0,49000,-49000,-49000
053786,新日興元大96購02,0,0,0,0,0,0,0,0,0,-49000,0,0,0,1000,50000,-49000,-49000
053979,健策元大98購01  ,0,0,0,0,0,0,0,0,0,-49000,0,0,0,1000,50000,-49000,-49000
053894,創意群益96購01  ,0,0,0,0,0,0,0,0,0,-49000,0,0,0,0,49000,-49000,-49000
04961P,貿聯凱基94售03  ,0,0,0,0,0,0,0,0,0,-49000,0,0,0,4000,53000,-49000,-49000
049342,聯發科統一94購05,0,0,0,0,0,0,0,0,0,-49000,0,0,0,0,49000,-49000,-49000
046404,友達元大93購02  ,0,0,0,0,0,0,0,0,0,-49000,0,0,0,198000,247000,-49000,-49000
046701,T50反1統一93購03,0,0,0,0,0,0,0,0,0,-49000,0,0,0,0,49000,-49000,-49000
043148,裕隆統一93購01  ,0,0,0,0,0,0,0,0,0,-49000,0,0,0,0,49000,-49000,-49000
03416P,聯電台新02售02  ,0,0,0,0,0,0,0,0,0,-49000,0,0,0,1000,50000,-49000,-49000
047840,新日興元大93購03,0,0,0,0,0,0,0,0,0,-49000,0,0,0,40000,89000,-49000,-49000
04786P,鴻海永昌96售01  ,0,0,0,0,0,0,0,0,0,-49000,0,0,0,361000,410000,-49000,-49000
049956,國巨統一94購05  ,0,0,0,0,0,0,0,0,0,-49000,0,0,0,9000,58000,-49000,-49000
053494,南亞科兆豐96購02,0,0,0,0,0,0,0,0,0,-49000,0,0,0,0,49000,-49000,-49000
051962,晶相光永豐95購02,0,0,0,0,0,0,0,0,0,-49000,0,0,0,1000,50000,-49000,-49000
051873,緯穎凱基95購02  ,0,0,0,0,0,0,0,0,0,-49000,0,0,0,6000,55000,-49000,-49000
051238,中環元大96購01  ,0,0,0,0,0,0,0,0,0,-49000,0,0,0,0,49000,-49000,-49000
051412,奇力新國票96購01,0,0,0,0,0,0,0,0,0,-49000,0,0,0,0,49000,-49000,-49000
051299,致茂凱基95購01  ,0,0,0,0,0,0,0,0,0,-49000,0,0,0,11000,60000,-49000,-49000
2851,中再保          ,28000,74592,-46592,0,0,0,0,0,0,-3000,2000,5000,-3000,0,0,0,-49592
053930,S&P反1統一98購01,0,0,0,0,0,0,0,0,0,-50000,0,0,0,0,50000,-50000,-50000
053992,中環群益96購01  ,0,0,0,0,0,0,0,0,0,-50000,0,0,0,0,50000,-50000,-50000
053891,欣興群益98購01  ,0,0,0,0,0,0,0,0,0,-50000,0,0,0,0,50000,-50000,-50000
053876,可成永昌98購01  ,0,0,0,0,0,0,0,0,0,-50000,0,0,0,0,50000,-50000,-50000
054824,同欣電元大97購04,0,0,0,0,0,0,0,0,0,-50000,0,0,0,5000,55000,-50000,-50000
054469,同欣電凱基97購01,0,0,0,0,0,0,0,0,0,-50000,0,0,0,0,50000,-50000,-50000
054545,奇力新中信98購01,0,0,0,0,0,0,0,0,0,-50000,0,0,0,0,50000,-50000,-50000
054340,大成鋼元富96購01,0,0,0,0,0,0,0,0,0,-50000,0,0,0,0,50000,-50000,-50000
054337,智邦統一96購01  ,0,0,0,0,0,0,0,0,0,-50000,0,0,0,0,50000,-50000,-50000
054307,高鐵凱基98購01  ,0,0,0,0,0,0,0,0,0,-50000,0,0,0,0,50000,-50000,-50000
05817P,可成凱基96售07  ,0,0,0,0,0,0,0,0,0,-50000,0,0,0,2000,52000,-50000,-50000
056192,智邦富邦98購01  ,0,0,0,0,0,0,0,0,0,-50000,0,0,0,0,50000,-50000,-50000
05583P,訊芯凱基96售01  ,0,0,0,0,0,0,0,0,0,-50000,0,0,0,0,50000,-50000,-50000
055995,華擎國泰99購01  ,0,0,0,0,0,0,0,0,0,-50000,0,0,0,0,50000,-50000,-50000
056032,勤誠康和97購03  ,0,0,0,0,0,0,0,0,0,-50000,0,0,0,0,50000,-50000,-50000
055858,聯茂元大97購03  ,0,0,0,0,0,0,0,0,0,-50000,0,0,0,0,50000,-50000,-50000
055924,深中小群益9B購01,0,0,0,0,0,0,0,0,0,-50000,0,0,0,0,50000,-50000,-50000
05590P,臺股指中信96售05,0,0,0,0,0,0,0,0,0,-50000,0,0,0,0,50000,-50000,-50000
055455,健策國泰98購02  ,0,0,0,0,0,0,0,0,0,-50000,0,0,0,150000,200000,-50000,-50000
055505,新唐元大97購02  ,0,0,0,0,0,0,0,0,0,-50000,0,0,0,0,50000,-50000,-50000
055112,晶豪科凱基98購01,0,0,0,0,0,0,0,0,0,-50000,0,0,0,0,50000,-50000,-50000
055204,宏達電中信99購01,0,0,0,0,0,0,0,0,0,-50000,0,0,0,0,50000,-50000,-50000
055191,牧德元富97購01  ,0,0,0,0,0,0,0,0,0,-50000,0,0,0,0,50000,-50000,-50000
055244,國巨統一98購01  ,0,0,0,0,0,0,0,0,0,-50000,0,0,0,0,50000,-50000,-50000
055011,元翎元富97購01  ,0,0,0,0,0,0,0,0,0,-50000,0,0,0,90000,140000,-50000,-50000
03366P,TPK元大02售03   ,0,0,0,0,0,0,0,0,0,-50000,0,0,0,0,50000,-50000,-50000
041042,美律群益92購01  ,0,0,0,0,0,0,0,0,0,-50000,0,0,0,0,50000,-50000,-50000
03127P,台表科凱基01售03,0,0,0,0,0,0,0,0,0,-50000,0,0,0,0,50000,-50000,-50000
03807P,康友元富93售02  ,0,0,0,0,0,0,0,0,0,-50000,0,0,0,0,50000,-50000,-50000
046739,全新群益93購01  ,0,0,0,0,0,0,0,0,0,-50000,0,0,0,0,50000,-50000,-50000
046785,禾伸堂永豐93購01,0,0,0,0,0,0,0,0,0,-50000,0,0,0,0,50000,-50000,-50000
046822,亞光凱基93購04  ,0,0,0,0,0,0,0,0,0,-50000,0,0,0,100000,150000,-50000,-50000
046029,微星元大92購02  ,0,0,0,0,0,0,0,0,0,-50000,0,0,0,0,50000,-50000,-50000
04484P,台積電凱基94售09,0,0,0,0,0,0,0,0,0,-50000,0,0,0,0,50000,-50000,-50000
043693,為升兆豐93購01  ,0,0,0,0,0,0,0,0,0,-50000,0,0,0,0,50000,-50000,-50000
043694,華新科兆豐92購01,0,0,0,0,0,0,0,0,0,-50000,0,0,0,0,50000,-50000,-50000
04377P,大立光元大94售04,0,0,0,0,0,0,0,0,0,-50000,0,0,0,0,50000,-50000,-50000
044824,元油2X永豐93購02,0,0,0,0,0,0,0,0,0,-50000,0,0,0,0,50000,-50000,-50000
044799,華邦電凱基93購01,0,0,0,0,0,0,0,0,0,-50000,0,0,0,0,50000,-50000,-50000
04396P,玉晶光群益94售02,0,0,0,0,0,0,0,0,0,-50000,0,0,0,0,50000,-50000,-50000
03972P,可成元大93售07  ,0,0,0,0,0,0,0,0,0,-50000,0,0,0,0,50000,-50000,-50000
043391,康控元大94購01  ,0,0,0,0,0,0,0,0,0,-50000,0,0,0,0,50000,-50000,-50000
043489,大立光兆豐92購03,0,0,0,0,0,0,0,0,0,-50000,0,0,0,0,50000,-50000,-50000
043511,上銀富邦93購01  ,0,0,0,0,0,0,0,0,0,-50000,0,0,0,11000,61000,-50000,-50000
04024P,志超康和93售01  ,0,0,0,0,0,0,0,0,0,-50000,0,0,0,0,50000,-50000,-50000
03903P,美律永豐93售01  ,0,0,0,0,0,0,0,0,0,-50000,0,0,0,0,50000,-50000,-50000
03894P,鴻海凱基94售05  ,0,0,0,0,0,0,0,0,0,-50000,0,0,0,0,50000,-50000,-50000
046528,聯詠中信94購01  ,0,0,0,0,0,0,0,0,0,-50000,0,0,0,0,50000,-50000,-50000
046148,友達中信94購01  ,0,0,0,0,0,0,0,0,0,-50000,0,0,0,10000,60000,-50000,-50000
045440,旺宏元富92購01  ,0,0,0,0,0,0,0,0,0,-50000,0,0,0,0,50000,-50000,-50000
046185,正崴凱基93購02  ,0,0,0,0,0,0,0,0,0,-50000,0,0,0,0,50000,-50000,-50000
044438,GIS元大92購03   ,0,0,0,0,0,0,0,0,0,-50000,0,0,0,50000,100000,-50000,-50000
044402,景碩凱基93購01  ,0,0,0,0,0,0,0,0,0,-50000,0,0,0,0,50000,-50000,-50000
044646,旺宏群益93購01  ,0,0,0,0,0,0,0,0,0,-50000,0,0,0,300000,350000,-50000,-50000
049345,富邦金統一94購02,0,0,0,0,0,0,0,0,0,-50000,0,0,0,0,50000,-50000,-50000
049332,深中小統一94購02,0,0,0,0,0,0,0,0,0,-50000,0,0,0,0,50000,-50000,-50000
049299,矽創群益94購01  ,0,0,0,0,0,0,0,0,0,-50000,0,0,0,0,50000,-50000,-50000
046627,高鐵統一95購01  ,0,0,0,0,0,0,0,0,0,-50000,0,0,0,0,50000,-50000,-50000
049455,上海銀統一94購02,0,0,0,0,0,0,0,0,0,-50000,0,0,0,0,50000,-50000,-50000
049457,彩晶統一94購02  ,0,0,0,0,0,0,0,0,0,-50000,0,0,0,0,50000,-50000,-50000
049579,鴻海元大94購06  ,0,0,0,0,0,0,0,0,0,-50000,0,0,0,0,50000,-50000,-50000
049535,臻鼎永豐94購01  ,0,0,0,0,0,0,0,0,0,-50000,0,0,0,0,50000,-50000,-50000
045760,鴻海統一93購02  ,0,0,0,0,0,0,0,0,0,-50000,0,0,0,0,50000,-50000,-50000
045866,南茂統一94購01  ,0,0,0,0,0,0,0,0,0,-50000,0,0,0,10000,60000,-50000,-50000
045734,全新國票93購01  ,0,0,0,0,0,0,0,0,0,-50000,0,0,0,0,50000,-50000,-50000
045617,日電貿台新92購01,0,0,0,0,0,0,0,0,0,-50000,0,0,0,0,50000,-50000,-50000
045660,欣興富邦93購03  ,0,0,0,0,0,0,0,0,0,-50000,0,0,0,0,50000,-50000,-50000
045632,正崴凱基93購01  ,0,0,0,0,0,0,0,0,0,-50000,0,0,0,0,50000,-50000,-50000
045352,亞光凱基92購03  ,0,0,0,0,0,0,0,0,0,-50000,0,0,0,0,50000,-50000,-50000
045401,大立光兆豐93購01,0,0,0,0,0,0,0,0,0,-50000,0,0,0,0,50000,-50000,-50000
04656P,台郡台新94售02  ,0,0,0,0,0,0,0,0,0,-50000,0,0,0,0,50000,-50000,-50000
049924,欣興元大95購04  ,0,0,0,0,0,0,0,0,0,-50000,0,0,0,0,50000,-50000,-50000
04864P,欣興元大94售10  ,0,0,0,0,0,0,0,0,0,-50000,0,0,0,0,50000,-50000,-50000
048639,漢唐元大93購07  ,0,0,0,0,0,0,0,0,0,-50000,0,0,0,5000,55000,-50000,-50000
047931,日月光凱基93購01,0,0,0,0,0,0,0,0,0,-50000,0,0,0,0,50000,-50000,-50000
046966,南茂中信93購01  ,0,0,0,0,0,0,0,0,0,-50000,0,0,0,0,50000,-50000,-50000
046962,群創中信95購03  ,0,0,0,0,0,0,0,0,0,-50000,0,0,0,0,50000,-50000,-50000
049721,晶技凱基94購02  ,0,0,0,0,0,0,0,0,0,-50000,0,0,0,60000,110000,-50000,-50000
048998,玉晶光國票95購03,0,0,0,0,0,0,0,0,0,-50000,0,0,0,6000,56000,-50000,-50000
048986,訊連元大94購01  ,0,0,0,0,0,0,0,0,0,-50000,0,0,0,0,50000,-50000,-50000
04766P,緯穎永豐94售02  ,0,0,0,0,0,0,0,0,0,-50000,0,0,0,0,50000,-50000,-50000
047129,T50反1凱基93購01,0,0,0,0,0,0,0,0,0,-50000,0,0,0,0,50000,-50000,-50000
047175,台塑元大93購01  ,0,0,0,0,0,0,0,0,0,-50000,0,0,0,32000,82000,-50000,-50000
04716P,中石化凱基94售01,0,0,0,0,0,0,0,0,0,-50000,0,0,0,50000,100000,-50000,-50000
050040,鴻海中信94購04  ,0,0,0,0,0,0,0,0,0,-50000,0,0,0,0,50000,-50000,-50000
050037,金融類元大94購03,0,0,0,0,0,0,0,0,0,-50000,0,0,0,0,50000,-50000,-50000
048065,群創統一93購04  ,0,0,0,0,0,0,0,0,0,-50000,0,0,0,0,50000,-50000,-50000
048740,富邦金統一94購01,0,0,0,0,0,0,0,0,0,-50000,0,0,0,0,50000,-50000,-50000
047722,南電凱基94購02  ,0,0,0,0,0,0,0,0,0,-50000,0,0,0,0,50000,-50000,-50000
048837,牧德凱基94購04  ,0,0,0,0,0,0,0,0,0,-50000,0,0,0,0,50000,-50000,-50000
048508,元上證凱基94購02,0,0,0,0,0,0,0,0,0,-50000,0,0,0,10000,60000,-50000,-50000
049352,泰鼎永豐95購01  ,0,0,0,0,0,0,0,0,0,-50000,0,0,0,0,50000,-50000,-50000
048480,FB上証中信94購01,0,0,0,0,0,0,0,0,0,-50000,0,0,0,0,50000,-50000,-50000
048258,國泰金統一93購01,0,0,0,0,0,0,0,0,0,-50000,0,0,0,0,50000,-50000,-50000
047293,全新元富93購03  ,0,0,0,0,0,0,0,0,0,-50000,0,0,0,0,50000,-50000,-50000
047236,智伸科凱基93購05,0,0,0,0,0,0,0,0,0,-50000,0,0,0,0,50000,-50000,-50000
049978,瑞昱凱基94購04  ,0,0,0,0,0,0,0,0,0,-50000,0,0,0,1000,51000,-50000,-50000
049810,欣興元大95購03  ,0,0,0,0,0,0,0,0,0,-50000,0,0,0,0,50000,-50000,-50000
049820,世紀鋼元大96購03,0,0,0,0,0,0,0,0,0,-50000,0,0,0,0,50000,-50000,-50000
049821,中石化凱基94購02,0,0,0,0,0,0,0,0,0,-50000,0,0,0,0,50000,-50000,-50000
047416,台泥富邦94購01  ,0,0,0,0,0,0,0,0,0,-50000,0,0,0,0,50000,-50000,-50000
047350,華新科凱基94購02,0,0,0,0,0,0,0,0,0,-50000,0,0,0,0,50000,-50000,-50000
048114,景碩群益93購02  ,0,0,0,0,0,0,0,0,0,-50000,0,0,0,0,50000,-50000,-50000
048141,大成鋼統一93購02,0,0,0,0,0,0,0,0,0,-50000,0,0,0,0,50000,-50000,-50000
050208,燿華兆豐95購02  ,0,0,0,0,0,0,0,0,0,-50000,0,0,0,0,50000,-50000,-50000
050238,瑞昱凱基94購05  ,0,0,0,0,0,0,0,0,0,-50000,0,0,0,6000,56000,-50000,-50000
050306,聯發科中信97購01,0,0,0,0,0,0,0,0,0,-50000,0,0,0,40000,90000,-50000,-50000
050280,國巨日盛94購01  ,0,0,0,0,0,0,0,0,0,-50000,0,0,0,0,50000,-50000,-50000
050264,聯發科元大94購13,0,0,0,0,0,0,0,0,0,-50000,0,0,0,23000,73000,-50000,-50000
050512,台泥元大94購01  ,0,0,0,0,0,0,0,0,0,-50000,0,0,0,12000,62000,-50000,-50000
050392,群創統一96購01  ,0,0,0,0,0,0,0,0,0,-50000,0,0,0,0,50000,-50000,-50000
050665,南電台新94購01  ,0,0,0,0,0,0,0,0,0,-50000,0,0,0,0,50000,-50000,-50000
051395,聯詠兆豐95購01  ,0,0,0,0,0,0,0,0,0,-50000,0,0,0,60000,110000,-50000,-50000
051262,A50富邦96購01   ,0,0,0,0,0,0,0,0,0,-50000,0,0,0,0,50000,-50000,-50000
051214,大立光統一95購02,0,0,0,0,0,0,0,0,0,-50000,0,0,0,0,50000,-50000,-50000
051117,臺指反群益95購02,0,0,0,0,0,0,0,0,0,-50000,0,0,0,0,50000,-50000,-50000
050782,台積電國泰96購03,0,0,0,0,0,0,0,0,0,-50000,0,0,0,100000,150000,-50000,-50000
050886,台積電富邦95購04,0,0,0,0,0,0,0,0,0,-50000,0,0,0,261000,311000,-50000,-50000
051024,南亞科統一95購01,0,0,0,0,0,0,0,0,0,-50000,0,0,0,0,50000,-50000,-50000
051847,香港反中信99購01,0,0,0,0,0,0,0,0,0,-50000,0,0,0,0,50000,-50000,-50000
051928,大立光中信96購03,0,0,0,0,0,0,0,0,0,-50000,0,0,0,10000,60000,-50000,-50000
051956,滬深2X台新96購01,0,0,0,0,0,0,0,0,0,-50000,0,0,0,2134000,2184000,-50000,-50000
052002,滬深2X國泰96購01,0,0,0,0,0,0,0,0,0,-50000,0,0,0,0,50000,-50000,-50000
052059,臺股指凱基95購17,0,0,0,0,0,0,0,0,0,-50000,0,0,0,0,50000,-50000,-50000
051661,華新科永昌96購01,0,0,0,0,0,0,0,0,0,-50000,0,0,0,0,50000,-50000,-50000
051807,瑞昱凱基95購03  ,0,0,0,0,0,0,0,0,0,-50000,0,0,0,2000,52000,-50000,-50000
053447,京鼎凱基96購03  ,0,0,0,0,0,0,0,0,0,-50000,0,0,0,0,50000,-50000,-50000
053540,健策永豐96購01  ,0,0,0,0,0,0,0,0,0,-50000,0,0,0,0,50000,-50000,-50000
053180,同欣電統一96購01,0,0,0,0,0,0,0,0,0,-50000,0,0,0,0,50000,-50000,-50000
053038,華邦電凱基97購01,0,0,0,0,0,0,0,0,0,-50000,0,0,0,0,50000,-50000,-50000
052994,群創台新99購01  ,0,0,0,0,0,0,0,0,0,-50000,0,0,0,0,50000,-50000,-50000
053014,旺宏統一97購02  ,0,0,0,0,0,0,0,0,0,-50000,0,0,0,0,50000,-50000,-50000
052414,聯電麥證95購01  ,0,0,0,0,50000,-50000,0,0,0,-50000,0,0,0,0,50000,-50000,-50000
052281,全新凱基97購01  ,0,0,0,0,0,0,0,0,0,-50000,0,0,0,0,50000,-50000,-50000
05221P,玉晶光元大95售04,0,0,0,0,0,0,0,0,0,-50000,0,0,0,20000,70000,-50000,-50000
052226,旺宏凱基95購06  ,0,0,0,0,0,0,0,0,0,-50000,0,0,0,1000,51000,-50000,-50000
052395,上証2X凱基97購01,0,0,0,0,0,0,0,0,0,-50000,0,0,0,0,50000,-50000,-50000
052381,臺股指元大95購22,0,0,0,0,0,0,0,0,0,-50000,0,0,0,0,50000,-50000,-50000
052862,正崴凱基96購01  ,0,0,0,0,0,0,0,0,0,-50000,0,0,0,10000,60000,-50000,-50000
052938,華新科兆豐96購01,0,0,0,0,0,0,0,0,0,-50000,0,0,0,0,50000,-50000,-50000
052711,滬深2X凱基97購01,0,0,0,0,0,0,0,0,0,-50000,0,0,0,0,50000,-50000,-50000
052598,滬深2X元大96購05,0,0,0,0,0,0,0,0,0,-50000,0,0,0,0,50000,-50000,-50000
06329P,大立光兆豐97售04,0,0,0,0,0,0,0,0,0,-50000,0,0,0,0,50000,-50000,-50000
07240P,台灣50台新94售01,0,0,0,0,0,0,0,0,0,-50000,0,0,0,0,50000,-50000,-50000
05994P,奇鋐元大96售02  ,0,0,0,0,0,0,0,0,0,-50000,0,0,0,0,50000,-50000,-50000
06070P,漢唐永豐97售01  ,0,0,0,0,0,0,0,0,0,-50000,0,0,0,0,50000,-50000,-50000
06163P,聯詠群益97售01  ,0,0,0,0,0,0,0,0,0,-50000,0,0,0,0,50000,-50000,-50000
06115P,台積電統一97售04,0,0,0,0,0,0,0,0,0,-50000,0,0,0,0,50000,-50000,-50000
8466,美吉吉-KY       ,20000,69000,-49000,0,0,0,0,0,0,-1000,0,1000,-1000,0,0,0,-50000
055486,國巨元大98購06  ,0,0,0,0,0,0,0,0,0,-51000,0,0,0,10000,61000,-51000,-51000
055334,禾伸堂兆豐97購01,0,0,0,0,0,0,0,0,0,-51000,0,0,0,4000,55000,-51000,-51000
05706P,TPK永豐96售02   ,0,0,0,0,0,0,0,0,0,-51000,0,0,0,33000,84000,-51000,-51000
05453P,智邦群益95售03  ,0,0,0,0,0,0,0,0,0,-51000,0,0,0,0,51000,-51000,-51000
049583,台積電元大95購04,0,0,0,0,0,0,0,0,0,-51000,0,0,0,6000,57000,-51000,-51000
048435,致新國票93購01  ,0,0,0,0,0,0,0,0,0,-51000,0,0,0,3000,54000,-51000,-51000
047534,聯茂元大93購05  ,0,0,0,0,0,0,0,0,0,-51000,0,0,0,49000,100000,-51000,-51000
052536,聯茂國泰97購01  ,0,0,0,0,0,0,0,0,0,-51000,0,0,0,0,51000,-51000,-51000
053528,南電中信9A購01  ,0,0,0,0,0,0,0,0,0,-51000,0,0,0,0,51000,-51000,-51000
06137P,玉晶光永豐97售04,0,0,0,0,0,0,0,0,0,-51000,0,0,0,0,51000,-51000,-51000
05918P,大立光元大96售11,0,0,0,0,0,0,0,0,0,-51000,0,0,0,32000,83000,-51000,-51000
05862P,大立光國泰98售01,0,0,0,0,0,0,0,0,0,-51000,0,0,0,73000,124000,-51000,-51000
1447,力鵬            ,152000,194000,-42000,0,0,0,0,0,0,-9000,3000,12000,-9000,0,0,0,-51000
1730,花仙子          ,1000,52000,-51000,0,0,0,0,0,0,0,0,0,0,0,0,0,-51000
054925,神達凱基97購01  ,0,0,0,0,0,0,0,0,0,-52000,0,0,0,35000,87000,-52000,-52000
053990,晶技兆豐96購01  ,0,0,0,0,0,0,0,0,0,-52000,0,0,0,6000,58000,-52000,-52000
055474,欣興凱基97購05  ,0,0,0,0,0,0,0,0,0,-52000,0,0,0,24000,76000,-52000,-52000
044164,京元電元大92購01,0,0,0,0,0,0,0,0,0,-52000,0,0,0,0,52000,-52000,-52000
046443,超眾兆豐93購01  ,0,0,0,0,0,0,0,0,0,-52000,0,0,0,0,52000,-52000,-52000
043642,元金2X國票97購01,0,0,0,0,0,0,0,0,0,-52000,0,0,0,170000,222000,-52000,-52000
049783,元油2X兆豐95購01,0,0,0,0,0,0,0,0,0,-52000,0,0,0,10000,62000,-52000,-52000
047953,台積電永豐93購04,0,0,0,0,0,0,0,0,0,-52000,0,0,0,0,52000,-52000,-52000
048491,A50元大93購01   ,0,0,0,0,0,0,0,0,0,-52000,0,0,0,50000,102000,-52000,-52000
053547,台積電凱基96購14,0,0,0,0,0,0,0,0,0,-52000,0,0,0,268000,320000,-52000,-52000
053203,智易日盛96購01  ,0,0,0,0,0,0,0,0,0,-52000,0,0,0,0,52000,-52000,-52000
05243P,鴻海元大95售19  ,0,0,0,0,0,0,0,0,0,-52000,0,0,0,302000,354000,-52000,-52000
052731,宏達電國泰98購01,0,0,0,0,0,0,0,0,0,-52000,0,0,0,3000,55000,-52000,-52000
052728,上証2X國泰97購01,0,0,0,0,0,0,0,0,0,-52000,0,0,0,0,52000,-52000,-52000
051774,聯茂中信96購01  ,0,0,0,0,0,0,0,0,0,-52000,0,0,0,0,52000,-52000,-52000
051879,健策台新96購01  ,0,0,0,0,0,0,0,0,0,-52000,0,0,0,0,52000,-52000,-52000
050993,聯發科元大95購05,0,0,0,0,0,0,0,0,0,-52000,0,0,0,23000,75000,-52000,-52000
06359P,上銀群益97售03  ,0,0,0,0,0,0,0,0,0,-52000,0,0,0,0,52000,-52000,-52000
06357P,臺股指永豐97售03,0,0,0,0,0,0,0,0,0,-52000,0,0,0,0,52000,-52000,-52000
055331,國巨兆豐99購01  ,0,0,0,0,0,0,0,0,0,-53000,0,0,0,0,53000,-53000,-53000
055042,得力永豐97購01  ,0,0,0,0,0,0,0,0,0,-53000,0,0,0,10000,63000,-53000,-53000
05779P,台積電統一96售06,0,0,0,0,0,0,0,0,0,-53000,0,0,0,3000,56000,-53000,-53000
054020,技嘉台新97購01  ,0,0,0,0,0,0,0,0,0,-53000,0,0,0,0,53000,-53000,-53000
053759,晶相光國泰98購01,0,0,0,0,0,0,0,0,0,-53000,0,0,0,0,53000,-53000,-53000
053570,京元電統一96購01,0,0,0,0,0,0,0,0,0,-53000,0,0,0,0,53000,-53000,-53000
054877,百和群益98購01  ,0,0,0,0,0,0,0,0,0,-53000,0,0,0,0,53000,-53000,-53000
054291,高鐵元大97購01  ,0,0,0,0,0,0,0,0,0,-53000,0,0,0,0,53000,-53000,-53000
054353,世紀鋼國泰98購01,0,0,0,0,0,0,0,0,0,-53000,0,0,0,0,53000,-53000,-53000
04010P,上銀元大93售07  ,0,0,0,0,0,0,0,0,0,-53000,0,0,0,47000,100000,-53000,-53000
04398P,致伸群益94售02  ,0,0,0,0,0,0,0,0,0,-53000,0,0,0,0,53000,-53000,-53000
04079P,燿華元大93售04  ,0,0,0,0,0,0,0,0,0,-53000,0,0,0,0,53000,-53000,-53000
049623,創意群益94購01  ,0,0,0,0,0,0,0,0,0,-53000,0,0,0,16000,69000,-53000,-53000
048378,貿聯元富93購01  ,0,0,0,0,0,0,0,0,0,-53000,0,0,0,0,53000,-53000,-53000
050601,台表科國泰96購01,0,0,0,0,0,0,0,0,0,-53000,0,0,0,2000,55000,-53000,-53000
049892,國巨富邦96購01  ,0,0,0,0,0,0,0,0,0,-53000,0,0,0,0,53000,-53000,-53000
047591,訊芯永豐93購02  ,0,0,0,0,0,0,0,0,0,-53000,0,0,0,0,53000,-53000,-53000
051249,潤泰全元大95購01,0,0,0,0,0,0,0,0,0,-53000,0,0,0,87000,140000,-53000,-53000
051702,鴻海群益95購08  ,0,0,0,0,0,0,0,0,0,-53000,0,0,0,0,53000,-53000,-53000
051616,鴻海凱基96購08  ,0,0,0,0,0,0,0,0,0,-53000,0,0,0,25000,78000,-53000,-53000
052869,新日興凱基96購01,0,0,0,0,0,0,0,0,0,-53000,0,0,0,0,53000,-53000,-53000
06125P,楠梓電元富99售01,0,0,0,0,0,0,0,0,0,-53000,0,0,0,0,53000,-53000,-53000
054522,康友元大96購07  ,0,0,0,0,0,0,0,0,0,-54000,0,0,0,0,54000,-54000,-54000
05652P,臻鼎群益96售01  ,0,0,0,0,0,0,0,0,0,-54000,0,0,0,6000,60000,-54000,-54000
045693,台達電兆豐92購02,0,0,0,0,0,0,0,0,0,-54000,0,0,0,0,54000,-54000,-54000
046869,聯發科統一95購01,0,0,0,0,0,0,0,0,0,-54000,0,0,0,0,54000,-54000,-54000
047013,超眾元富96購01  ,0,0,0,0,0,0,0,0,0,-54000,0,0,0,101000,155000,-54000,-54000
05048P,同欣電永豐95售01,0,0,0,0,0,0,0,0,0,-54000,0,0,0,0,54000,-54000,-54000
04813P,智邦元大94售07  ,0,0,0,0,0,0,0,0,0,-54000,0,0,0,7000,61000,-54000,-54000
048295,泰鼎群益93購01  ,0,0,0,0,0,0,0,0,0,-54000,0,0,0,56000,110000,-54000,-54000
05260P,和碩元富95售02  ,0,0,0,0,0,0,0,0,0,-54000,0,0,0,37000,91000,-54000,-54000
052334,大成鋼日盛95購01,0,0,0,0,0,0,0,0,0,-54000,0,0,0,0,54000,-54000,-54000
053001,力山永豐96購01  ,0,0,0,0,0,0,0,0,0,-54000,0,0,0,6000,60000,-54000,-54000
053291,旺宏中信9A購01  ,0,0,0,0,0,0,0,0,0,-54000,0,0,0,1000,55000,-54000,-54000
051471,國巨凱基97購01  ,0,0,0,0,0,0,0,0,0,-54000,0,0,0,1000,55000,-54000,-54000
051340,健策永豐95購03  ,0,0,0,0,0,0,0,0,0,-54000,0,0,0,0,54000,-54000,-54000
06102P,智邦凱基97售03  ,0,0,0,0,0,0,0,0,0,-54000,0,0,0,71000,125000,-54000,-54000
4916,事欣科          ,32000,83000,-51000,0,0,0,0,0,0,-3000,0,3000,-3000,0,0,0,-54000
05591P,義隆群益96售03  ,0,0,0,0,0,0,0,0,0,-55000,0,0,0,0,55000,-55000,-55000
055639,上銀元富97購02  ,0,0,0,0,0,0,0,0,0,-55000,0,0,0,0,55000,-55000,-55000
055721,聯詠元大97購04  ,0,0,0,0,0,0,0,0,0,-55000,0,0,0,10000,65000,-55000,-55000
055163,訊芯元大98購01  ,0,0,0,0,0,0,0,0,0,-55000,0,0,0,16000,71000,-55000,-55000
054442,啟碁台新96購01  ,0,0,0,0,0,0,0,0,0,-55000,0,0,0,0,55000,-55000,-55000
054309,禾伸堂凱基98購01,0,0,0,0,0,0,0,0,0,-55000,0,0,0,5000,60000,-55000,-55000
053969,瑞昱元大97購01  ,0,0,0,0,0,0,0,0,0,-55000,0,0,0,36000,91000,-55000,-55000
054193,鴻海麥證96購02  ,0,0,0,10000,65000,-55000,0,0,0,-55000,0,0,0,10000,65000,-55000,-55000
046389,百和凱基93購04  ,0,0,0,0,0,0,0,0,0,-55000,0,0,0,5000,60000,-55000,-55000
04541P,智易永豐94售03  ,0,0,0,0,0,0,0,0,0,-55000,0,0,0,5000,60000,-55000,-55000
049343,華新科統一94購03,0,0,0,0,0,0,0,0,0,-55000,0,0,0,0,55000,-55000,-55000
044697,美律元大93購02  ,0,0,0,0,0,0,0,0,0,-55000,0,0,0,40000,95000,-55000,-55000
04838P,宏達電元大95售02,0,0,0,0,0,0,0,0,0,-55000,0,0,0,2000,57000,-55000,-55000
048489,明泰富邦93購01  ,0,0,0,0,0,0,0,0,0,-55000,0,0,0,0,55000,-55000,-55000
050653,聯鈞凱基96購01  ,0,0,0,0,0,0,0,0,0,-55000,0,0,0,8000,63000,-55000,-55000
049023,玉晶光群益96購04,0,0,0,0,0,0,0,0,0,-55000,0,0,0,79000,134000,-55000,-55000
04855P,上証2X元富94售02,0,0,0,0,0,0,0,0,0,-55000,0,0,0,85000,140000,-55000,-55000
047151,台積電國票94購02,0,0,0,0,0,0,0,0,0,-55000,0,0,0,0,55000,-55000,-55000
051006,中磊中信95購01  ,0,0,0,0,0,0,0,0,0,-55000,0,0,0,0,55000,-55000,-55000
051572,上銀元大95購01  ,0,0,0,0,0,0,0,0,0,-55000,0,0,0,25000,80000,-55000,-55000
051590,玉晶光元大96購02,0,0,0,0,0,0,0,0,0,-55000,0,0,0,0,55000,-55000,-55000
051984,台塑元大95購01  ,0,0,0,0,0,0,0,0,0,-55000,0,0,0,245000,300000,-55000,-55000
053034,上海銀兆豐96購01,0,0,0,0,0,0,0,0,0,-55000,0,0,0,102000,157000,-55000,-55000
053252,華邦電國泰98購01,0,0,0,0,0,0,0,0,0,-55000,0,0,0,0,55000,-55000,-55000
052585,友達永豐97購01  ,0,0,0,0,0,0,0,0,0,-55000,0,0,0,0,55000,-55000,-55000
052644,聯發科永豐96購01,0,0,0,0,0,0,0,0,0,-55000,0,0,0,6000,61000,-55000,-55000
052668,聯發科群益97購01,0,0,0,0,0,0,0,0,0,-55000,0,0,0,35000,90000,-55000,-55000
06128P,玉晶光元富97售05,0,0,0,0,0,0,0,0,0,-55000,0,0,0,0,55000,-55000,-55000
05847P,大立光元大96售08,0,0,0,0,0,0,0,0,0,-55000,0,0,0,1000,56000,-55000,-55000
05984P,台積電統一98售01,0,0,0,0,0,0,0,0,0,-55000,0,0,0,0,55000,-55000,-55000
06333P,臺股指群益9C售02,0,0,0,0,0,0,0,0,0,-55000,0,0,0,0,55000,-55000,-55000
9927,泰銘            ,9000,62000,-53000,0,0,0,0,0,0,-2000,0,2000,-2000,0,0,0,-55000
053818,富邦金群益98購01,0,0,0,0,0,0,0,0,0,-56000,0,0,0,0,56000,-56000,-56000
054324,美律台新97購01  ,0,0,0,0,0,0,0,0,0,-56000,0,0,0,0,56000,-56000,-56000
054926,神達凱基98購01  ,0,0,0,0,0,0,0,0,0,-56000,0,0,0,0,56000,-56000,-56000
054793,牧德群益9A購01  ,0,0,0,0,0,0,0,0,0,-56000,0,0,0,14000,70000,-56000,-56000
055332,奇力新兆豐98購01,0,0,0,0,0,0,0,0,0,-56000,0,0,0,0,56000,-56000,-56000
055394,健策統一97購01  ,0,0,0,0,0,0,0,0,0,-56000,0,0,0,0,56000,-56000,-56000
05645P,聯發科凱基96售13,0,0,0,0,0,0,0,0,0,-56000,0,0,0,10000,66000,-56000,-56000
04033P,啟碁凱基93售04  ,0,0,0,0,0,0,0,0,0,-56000,0,0,0,0,56000,-56000,-56000
00645,富邦日本        ,0,0,0,0,0,0,0,0,0,-56000,0,0,0,68000,124000,-56000,-56000
047157,智伸科國票93購01,0,0,0,0,0,0,0,0,0,-56000,0,0,0,1000,57000,-56000,-56000
046950,隆達元大93購01  ,0,0,0,0,0,0,0,0,0,-56000,0,0,0,4000,60000,-56000,-56000
050685,緯穎元富94購02  ,0,0,0,0,0,0,0,0,0,-56000,0,0,0,155000,211000,-56000,-56000
050569,英業達中信94購01,0,0,0,0,0,0,0,0,0,-56000,0,0,0,0,56000,-56000,-56000
050318,景碩國票94購02  ,0,0,0,0,0,0,0,0,0,-56000,0,0,0,44000,100000,-56000,-56000
050918,南亞科日盛95購01,0,0,0,0,0,0,0,0,0,-56000,0,0,0,4000,60000,-56000,-56000
05857P,旺宏中信98售02  ,0,0,0,0,0,0,0,0,0,-56000,0,0,0,13000,69000,-56000,-56000
2609,陽明            ,211000,267000,-56000,0,0,0,0,0,0,0,0,0,0,0,0,0,-56000
054616,智伸科永豐97購01,0,0,0,0,0,0,0,0,0,-57000,0,0,0,0,57000,-57000,-57000
054288,華邦電元大96購05,0,0,0,0,0,0,0,0,0,-57000,0,0,0,0,57000,-57000,-57000
054326,宏達電台新97購02,0,0,0,0,0,0,0,0,0,-57000,0,0,0,3000,60000,-57000,-57000
054515,華通元大98購02  ,0,0,0,0,0,0,0,0,0,-57000,0,0,0,17000,74000,-57000,-57000
054232,台積電群益96購12,0,0,0,0,0,0,0,0,0,-57000,0,0,0,15000,72000,-57000,-57000
054079,鴻海中信98購02  ,0,0,0,0,0,0,0,0,0,-57000,0,0,0,0,57000,-57000,-57000
04082P,智邦統一93售03  ,0,0,0,0,0,0,0,0,0,-57000,0,0,0,13000,70000,-57000,-57000
04542P,致伸永豐94售01  ,0,0,0,0,0,0,0,0,0,-57000,0,0,0,0,57000,-57000,-57000
046383,群創凱基98購01  ,0,0,0,0,0,0,0,0,0,-57000,0,0,0,0,57000,-57000,-57000
046081,康舒凱基92購01  ,0,0,0,0,0,0,0,0,0,-57000,0,0,0,3000,60000,-57000,-57000
04424P,台郡永豐94售01  ,0,0,0,0,0,0,0,0,0,-57000,0,0,0,0,57000,-57000,-57000
049261,大立光元大94購08,0,0,0,0,0,0,0,0,0,-57000,0,0,0,5000,62000,-57000,-57000
047213,新日興富邦97購01,0,0,0,0,0,0,0,0,0,-57000,0,0,0,5000,62000,-57000,-57000
049056,玉晶光永豐95購03,0,0,0,0,0,0,0,0,0,-57000,0,0,0,6000,63000,-57000,-57000
048584,欣興富邦95購01  ,0,0,0,0,0,0,0,0,0,-57000,0,0,0,2000,59000,-57000,-57000
050026,友達元大96購01  ,0,0,0,0,0,0,0,0,0,-57000,0,0,0,33000,90000,-57000,-57000
04998P,京元電永豐95售01,0,0,0,0,0,0,0,0,0,-57000,0,0,0,0,57000,-57000,-57000
052106,明泰兆豐95購01  ,0,0,0,0,0,0,0,0,0,-57000,0,0,0,1000,58000,-57000,-57000
052606,聯發科元大97購04,0,0,0,0,0,0,0,0,0,-57000,0,0,0,58000,115000,-57000,-57000
054230,上銀群益96購03  ,0,0,0,0,0,0,0,0,0,-58000,0,0,0,121000,179000,-58000,-58000
053701,台積電兆豐96購05,0,0,0,0,0,0,0,0,0,-58000,0,0,0,0,58000,-58000,-58000
054895,南電統一97購01  ,0,0,0,0,0,0,0,0,0,-58000,0,0,0,0,58000,-58000,-58000
056084,漢唐統一97購03  ,0,0,0,0,0,0,0,0,0,-58000,0,0,0,0,58000,-58000,-58000
05535P,台積電元大97售06,0,0,0,0,0,0,0,0,0,-58000,0,0,0,391000,449000,-58000,-58000
055314,華邦電中信99購01,0,0,0,0,0,0,0,0,0,-58000,0,0,0,0,58000,-58000,-58000
055154,聯發科元大98購01,0,0,0,0,0,0,0,0,0,-58000,0,0,0,20000,78000,-58000,-58000
048218,上銀凱基93購07  ,0,0,0,0,0,0,0,0,0,-58000,0,0,0,12000,70000,-58000,-58000
049234,可成統一94購02  ,0,0,0,0,0,0,0,0,0,-58000,0,0,0,0,58000,-58000,-58000
048281,矽力永豐93購02  ,0,0,0,0,0,0,0,0,0,-58000,0,0,0,2000,60000,-58000,-58000
050513,亞泥元大94購02  ,0,0,0,0,0,0,0,0,0,-58000,0,0,0,39000,97000,-58000,-58000
052912,日月光統一96購01,0,0,0,0,0,0,0,0,0,-58000,0,0,0,0,58000,-58000,-58000
052461,和大統一95購01  ,0,0,0,0,0,0,0,0,0,-58000,0,0,0,50000,108000,-58000,-58000
053229,南電台新97購01  ,0,0,0,0,0,0,0,0,0,-58000,0,0,0,3000,61000,-58000,-58000
053354,康控兆豐97購02  ,0,0,0,0,0,0,0,0,0,-58000,0,0,0,0,58000,-58000,-58000
053399,創意中信96購01  ,0,0,0,0,0,0,0,0,0,-58000,0,0,0,0,58000,-58000,-58000
051558,元金2X國泰97購01,0,0,0,0,0,0,0,0,0,-58000,0,0,0,22000,80000,-58000,-58000
051784,國巨兆豐95購01  ,0,0,0,0,0,0,0,0,0,-58000,0,0,0,36000,94000,-58000,-58000
051037,大立光台新95購01,0,0,0,0,0,0,0,0,0,-58000,0,0,0,0,58000,-58000,-58000
051397,聯茂兆豐95購03  ,0,0,0,0,0,0,0,0,0,-58000,0,0,0,60000,118000,-58000,-58000
3028,增你強          ,12000,69000,-57000,0,0,0,0,0,0,-1000,0,1000,-1000,0,0,0,-58000
05911P,南亞科永豐96售03,0,0,0,0,0,0,0,0,0,-58000,0,0,0,1000,59000,-58000,-58000
06323P,台郡統一97售01  ,0,0,0,0,0,0,0,0,0,-58000,0,0,0,0,58000,-58000,-58000
9188,精熙-DR         ,0,58000,-58000,0,0,0,0,0,0,0,0,0,0,0,0,0,-58000
055040,台虹富邦99購01  ,0,0,0,0,0,0,0,0,0,-59000,0,0,0,1000,60000,-59000,-59000
056177,嘉澤元富97購01  ,0,0,0,0,0,0,0,0,0,-59000,0,0,0,0,59000,-59000,-59000
05630P,大立光永昌96售06,0,0,0,0,0,0,0,0,0,-59000,0,0,0,0,59000,-59000,-59000
05667P,旺宏台新96售01  ,0,0,0,0,0,0,0,0,0,-59000,0,0,0,0,59000,-59000,-59000
05680P,聯發科元大96售12,0,0,0,0,0,0,0,0,0,-59000,0,0,0,10000,69000,-59000,-59000
054432,台積電台新96購05,0,0,0,0,0,0,0,0,0,-59000,0,0,0,199000,258000,-59000,-59000
045149,聯發科凱基93購02,0,0,0,0,0,0,0,0,0,-59000,0,0,0,1000,60000,-59000,-59000
049807,新光金元大96購02,0,0,0,0,0,0,0,0,0,-59000,0,0,0,21000,80000,-59000,-59000
051779,大立光群益95購02,0,0,0,0,0,0,0,0,0,-59000,0,0,0,0,59000,-59000,-59000
053236,群創永豐97購02  ,0,0,0,0,0,0,0,0,0,-59000,0,0,0,3000,62000,-59000,-59000
053120,復盛中信9A購01  ,0,0,0,0,0,0,0,0,0,-59000,0,0,0,8000,67000,-59000,-59000
052297,旭富國票96購01  ,0,0,0,0,0,0,0,0,0,-59000,0,0,0,0,59000,-59000,-59000
1527,鑽全            ,105000,159000,-54000,0,0,0,0,0,0,-5000,1000,2000,-1000,0,4000,-4000,-59000
05944P,富邦金中信96售01,0,0,0,0,0,0,0,0,0,-59000,0,0,0,50000,109000,-59000,-59000
4952,凌通            ,13000,72000,-59000,0,0,0,0,0,0,0,0,0,0,0,0,0,-59000
3501,維熹            ,8000,59000,-51000,0,0,0,0,0,0,-8000,0,8000,-8000,0,0,0,-59000
054375,貿聯中信99購01  ,0,0,0,0,0,0,0,0,0,-60000,0,0,0,0,60000,-60000,-60000
05370P,矽創元富95售01  ,0,0,0,0,0,0,0,0,0,-60000,0,0,0,101000,161000,-60000,-60000
053662,矽力凱基97購01  ,0,0,0,0,0,0,0,0,0,-60000,0,0,0,10000,70000,-60000,-60000
053658,亞光凱基96購01  ,0,0,0,0,0,0,0,0,0,-60000,0,0,0,14000,74000,-60000,-60000
053805,奇鋐凱基98購02  ,0,0,0,0,0,0,0,0,0,-60000,0,0,0,0,60000,-60000,-60000
05657P,樺漢統一97售01  ,0,0,0,0,0,0,0,0,0,-60000,0,0,0,0,60000,-60000,-60000
05622P,台積電中信96售02,0,0,0,0,0,0,0,0,0,-60000,0,0,0,0,60000,-60000,-60000
055098,臺股指群益97購01,0,0,0,0,0,0,0,0,0,-60000,0,0,0,0,60000,-60000,-60000
055095,啟碁群益98購01  ,0,0,0,0,0,0,0,0,0,-60000,0,0,0,6000,66000,-60000,-60000
055224,鴻海國票99購02  ,0,0,0,0,0,0,0,0,0,-60000,0,0,0,0,60000,-60000,-60000
055336,茂林兆豐98購01  ,0,0,0,0,0,0,0,0,0,-60000,0,0,0,0,60000,-60000,-60000
055473,禾伸堂凱基97購01,0,0,0,0,0,0,0,0,0,-60000,0,0,0,0,60000,-60000,-60000
055484,華通元大97購04  ,0,0,0,0,0,0,0,0,0,-60000,0,0,0,16000,76000,-60000,-60000
055539,億光台新97購01  ,0,0,0,0,0,0,0,0,0,-60000,0,0,0,0,60000,-60000,-60000
055616,智原國票97購03  ,0,0,0,0,0,0,0,0,0,-60000,0,0,0,0,60000,-60000,-60000
046064,中工凱基94購01  ,0,0,0,0,0,0,0,0,0,-60000,0,0,0,20000,80000,-60000,-60000
046094,南茂兆豐92購01  ,0,0,0,0,0,0,0,0,0,-60000,0,0,0,0,60000,-60000,-60000
046877,燿華國泰94購01  ,0,0,0,0,0,0,0,0,0,-60000,0,0,0,0,60000,-60000,-60000
044863,矽創兆豐93購01  ,0,0,0,0,0,0,0,0,0,-60000,0,0,0,0,60000,-60000,-60000
045235,致茂中信93購01  ,0,0,0,0,0,0,0,0,0,-60000,0,0,0,0,60000,-60000,-60000
046369,同欣電日盛92購01,0,0,0,0,0,0,0,0,0,-60000,0,0,0,0,60000,-60000,-60000
045829,滬深2X群益95購02,0,0,0,0,0,0,0,0,0,-60000,0,0,0,0,60000,-60000,-60000
04947P,聯詠元大94售05  ,0,0,0,0,0,0,0,0,0,-60000,0,0,0,29000,89000,-60000,-60000
03444P,道瓊銀群益02售04,0,0,0,0,0,0,0,0,0,-60000,0,0,0,0,60000,-60000,-60000
03555P,聯電元大02售24  ,0,0,0,0,0,0,0,0,0,-60000,0,0,0,0,60000,-60000,-60000
03644C,臺股指元大94牛28,0,0,0,0,0,0,0,0,0,-60000,0,0,0,7000,67000,-60000,-60000
043940,京元電兆豐92購01,0,0,0,0,0,0,0,0,0,-60000,0,0,0,0,60000,-60000,-60000
046798,元油2X元大96購01,0,0,0,0,0,0,0,0,0,-60000,0,0,0,0,60000,-60000,-60000
047246,華新科群益93購01,0,0,0,0,0,0,0,0,0,-60000,0,0,0,0,60000,-60000,-60000
048091,漢唐凱基93購03  ,0,0,0,0,0,0,0,0,0,-60000,0,0,0,0,60000,-60000,-60000
048376,台達電元富93購01,0,0,0,0,0,0,0,0,0,-60000,0,0,0,0,60000,-60000,-60000
049355,元油2X富邦96購04,0,0,0,0,0,0,0,0,0,-60000,0,0,0,0,60000,-60000,-60000
050536,亞泥凱基95購01  ,0,0,0,0,0,0,0,0,0,-60000,0,0,0,0,60000,-60000,-60000
050368,國巨元大94購14  ,0,0,0,0,0,0,0,0,0,-60000,0,0,0,105000,165000,-60000,-60000
04926P,聯發科凱基95售03,0,0,0,0,0,0,0,0,0,-60000,0,0,0,0,60000,-60000,-60000
04927P,大立光凱基95售06,0,0,0,0,0,0,0,0,0,-60000,0,0,0,10000,70000,-60000,-60000
050311,上銀兆豐95購01  ,0,0,0,0,0,0,0,0,0,-60000,0,0,0,0,60000,-60000,-60000
047341,貿聯第一93購01  ,0,0,0,0,0,0,0,0,0,-60000,0,0,0,0,60000,-60000,-60000
047390,富邦金元大93購01,0,0,0,0,0,0,0,0,0,-60000,0,0,0,0,60000,-60000,-60000
047696,聯發科國票94購02,0,0,0,0,0,0,0,0,0,-60000,0,0,0,40000,100000,-60000,-60000
047706,燿華凱基95購01  ,0,0,0,0,0,0,0,0,0,-60000,0,0,0,0,60000,-60000,-60000
049981,臺企銀凱基94購01,0,0,0,0,0,0,0,0,0,-60000,0,0,0,0,60000,-60000,-60000
050083,旺宏元富94購01  ,0,0,0,0,0,0,0,0,0,-60000,0,0,0,0,60000,-60000,-60000
047654,鴻海兆豐93購01  ,0,0,0,0,0,0,0,0,0,-60000,0,0,0,0,60000,-60000,-60000
049692,可成元大94購07  ,0,0,0,0,0,0,0,0,0,-60000,0,0,0,19000,79000,-60000,-60000
049961,GIS統一94購01   ,0,0,0,0,0,0,0,0,0,-60000,0,0,0,5000,65000,-60000,-60000
047928,禾伸堂凱基93購04,0,0,0,0,0,0,0,0,0,-60000,0,0,0,0,60000,-60000,-60000
047929,景碩凱基93購03  ,0,0,0,0,0,0,0,0,0,-60000,0,0,0,0,60000,-60000,-60000
047974,新光金兆豐93購01,0,0,0,0,0,0,0,0,0,-60000,0,0,0,0,60000,-60000,-60000
052529,力成元大95購03  ,0,0,0,0,0,0,0,0,0,-60000,0,0,0,3000,63000,-60000,-60000
05293P,廣達凱基95售01  ,0,0,0,0,0,0,0,0,0,-60000,0,0,0,0,60000,-60000,-60000
052684,旺宏元大98購01  ,0,0,0,0,0,0,0,0,0,-60000,0,0,0,57000,117000,-60000,-60000
053214,冠德凱基96購02  ,0,0,0,0,0,0,0,0,0,-60000,0,0,0,0,60000,-60000,-60000
053209,台積電凱基96購07,0,0,0,0,0,0,0,0,0,-60000,0,0,0,0,60000,-60000,-60000
052970,美律群益96購01  ,0,0,0,0,0,0,0,0,0,-60000,0,0,0,128000,188000,-60000,-60000
051569,緯創富邦95購02  ,0,0,0,0,0,0,0,0,0,-60000,0,0,0,0,60000,-60000,-60000
052045,瑞昱凱基96購01  ,0,0,0,0,0,0,0,0,0,-60000,0,0,0,2000,62000,-60000,-60000
052197,台郡元富95購03  ,0,0,0,0,0,0,0,0,0,-60000,0,0,0,64000,124000,-60000,-60000
051915,日月光元大96購01,0,0,0,0,0,0,0,0,0,-60000,0,0,0,12000,72000,-60000,-60000
05131P,聯詠統一97售01  ,0,0,0,0,0,0,0,0,0,-60000,0,0,0,10000,70000,-60000,-60000
050921,旺宏凱基95購02  ,0,0,0,0,0,0,0,0,0,-60000,0,0,0,1000,61000,-60000,-60000
050790,昇陽半國泰96購02,0,0,0,0,0,0,0,0,0,-60000,0,0,0,0,60000,-60000,-60000
055138,大毅永豐97購02  ,0,0,0,0,0,0,0,0,0,-61000,0,0,0,31000,92000,-61000,-61000
055857,嘉聯益元大97購04,0,0,0,0,0,0,0,0,0,-61000,0,0,0,0,61000,-61000,-61000
054789,高鐵群益98購01  ,0,0,0,0,0,0,0,0,0,-61000,0,0,0,4000,65000,-61000,-61000
04450P,京元電凱基94售01,0,0,0,0,0,0,0,0,0,-61000,0,0,0,0,61000,-61000,-61000
047973,華通兆豐94購01  ,0,0,0,0,0,0,0,0,0,-61000,0,0,0,9000,70000,-61000,-61000
047771,緯創元大93購01  ,0,0,0,0,0,0,0,0,0,-61000,0,0,0,0,61000,-61000,-61000
048439,上銀凱基93購09  ,0,0,0,0,0,0,0,0,0,-61000,0,0,0,17000,78000,-61000,-61000
049828,華新科凱基94購06,0,0,0,0,0,0,0,0,0,-61000,0,0,0,7000,68000,-61000,-61000
051756,台積電元大97購04,0,0,0,0,0,0,0,0,0,-61000,0,0,0,21000,82000,-61000,-61000
051704,智邦群益95購02  ,0,0,0,0,0,0,0,0,0,-61000,0,0,0,0,61000,-61000,-61000
1215,卜蜂            ,431000,359000,72000,0,0,0,0,0,0,-133000,6000,101000,-95000,0,38000,-38000,-61000
06300P,緯穎元大97售04  ,0,0,0,0,0,0,0,0,0,-61000,0,0,0,0,61000,-61000,-61000
8462,柏文            ,31000,86000,-55000,0,0,0,0,0,0,-6000,0,0,0,0,6000,-6000,-61000
053602,台虹元大96購01  ,0,0,0,0,0,0,0,0,0,-62000,0,0,0,6000,68000,-62000,-62000
05643P,大立光中信98售01,0,0,0,0,0,0,0,0,0,-62000,0,0,0,0,62000,-62000,-62000
055338,GIS兆豐97購01   ,0,0,0,0,0,0,0,0,0,-62000,0,0,0,0,62000,-62000,-62000
049389,元石油中信97購02,0,0,0,0,0,0,0,0,0,-62000,0,0,0,0,62000,-62000,-62000
044722,滬深2X永豐93購01,0,0,0,0,0,0,0,0,0,-62000,0,0,0,0,62000,-62000,-62000
049231,鴻海富邦95購02  ,0,0,0,0,0,0,0,0,0,-62000,0,0,0,30000,92000,-62000,-62000
051211,道瓊反統一95購01,0,0,0,0,0,0,0,0,0,-62000,0,0,0,3000,65000,-62000,-62000
052959,聯電凱基97購01  ,0,0,0,0,0,0,0,0,0,-62000,0,0,0,0,62000,-62000,-62000
3583,辛耘            ,84000,146000,-62000,0,0,0,0,0,0,0,0,0,0,0,0,0,-62000
2108,南帝            ,328000,379000,-51000,0,0,0,0,0,0,-11000,2000,13000,-11000,0,0,0,-62000
054958,亞光元大97購03  ,0,0,0,0,0,0,0,0,0,-63000,0,0,0,10000,73000,-63000,-63000
056042,京鼎凱基97購02  ,0,0,0,0,0,0,0,0,0,-63000,0,0,0,0,63000,-63000,-63000
055828,上銀元大97購05  ,0,0,0,0,0,0,0,0,0,-63000,0,0,0,4000,67000,-63000,-63000
053761,健策國泰98購01  ,0,0,0,0,0,0,0,0,0,-63000,0,0,0,120000,183000,-63000,-63000
053734,友達中信98購02  ,0,0,0,0,0,0,0,0,0,-63000,0,0,0,0,63000,-63000,-63000
054592,美律永昌9A購01  ,0,0,0,0,0,0,0,0,0,-63000,0,0,0,10000,73000,-63000,-63000
054583,玉晶光統一97購02,0,0,0,0,0,0,0,0,0,-63000,0,0,0,1000,64000,-63000,-63000
054743,聯鈞凱基99購01  ,0,0,0,0,0,0,0,0,0,-63000,0,0,0,10000,73000,-63000,-63000
054440,TPK台新98購01   ,0,0,0,0,0,0,0,0,0,-63000,0,0,0,0,63000,-63000,-63000
03830P,緯創中信95售01  ,0,0,0,0,0,0,0,0,0,-63000,0,0,0,0,63000,-63000,-63000
049554,禾伸堂富邦96購01,0,0,0,0,0,0,0,0,0,-63000,0,0,0,0,63000,-63000,-63000
047703,台積電凱基93購19,0,0,0,0,0,0,0,0,0,-63000,0,0,0,0,63000,-63000,-63000
048227,亞光凱基93購05  ,0,0,0,0,0,0,0,0,0,-63000,0,0,0,5000,68000,-63000,-63000
053108,南亞科兆豐96購01,0,0,0,0,0,0,0,0,0,-63000,0,0,0,0,63000,-63000,-63000
053153,大立光元大99購02,0,0,0,0,0,0,0,0,0,-63000,0,0,0,8000,71000,-63000,-63000
051707,欣興群益95購02  ,0,0,0,0,0,0,0,0,0,-63000,0,0,0,0,63000,-63000,-63000
051592,健策元大96購05  ,0,0,0,0,0,0,0,0,0,-63000,0,0,0,0,63000,-63000,-63000
052047,建準凱基96購01  ,0,0,0,0,0,0,0,0,0,-63000,0,0,0,5000,68000,-63000,-63000
05869P,旺宏凱基96售05  ,0,0,0,0,0,0,0,0,0,-63000,0,0,0,2000,65000,-63000,-63000
8499,鼎炫-KY         ,18000,31000,-13000,0,0,0,0,0,0,-50000,0,50000,-50000,0,0,0,-63000
053831,台積電台新97購02,0,0,0,0,0,0,0,0,0,-64000,0,0,0,0,64000,-64000,-64000
05669P,嘉晶永豐96售03  ,0,0,0,0,0,0,0,0,0,-64000,0,0,0,0,64000,-64000,-64000
055414,奇力新富邦9B購01,0,0,0,0,0,0,0,0,0,-64000,0,0,0,0,64000,-64000,-64000
049496,和鑫元大95購01  ,0,0,0,0,0,0,0,0,0,-64000,0,0,0,10000,74000,-64000,-64000
047145,鴻海群益95購01  ,0,0,0,0,0,0,0,0,0,-64000,0,0,0,3000,67000,-64000,-64000
048085,鴻海凱基93購32  ,0,0,0,0,0,0,0,0,0,-64000,0,0,0,0,64000,-64000,-64000
05040P,聯發科凱基95售05,0,0,0,0,0,0,0,0,0,-64000,0,0,0,1000,65000,-64000,-64000
051622,和碩凱基96購01  ,0,0,0,0,0,0,0,0,0,-64000,0,0,0,4000,68000,-64000,-64000
051753,華通元大96購03  ,0,0,0,0,0,0,0,0,0,-64000,0,0,0,93000,157000,-64000,-64000
051127,同欣電群益95購01,0,0,0,0,0,0,0,0,0,-64000,0,0,0,67000,131000,-64000,-64000
052511,聯發科凱基95購14,0,0,0,0,0,0,0,0,0,-64000,0,0,0,5000,69000,-64000,-64000
05238P,禾伸堂永豐95售01,0,0,0,0,0,0,0,0,0,-64000,0,0,0,16000,80000,-64000,-64000
6152,百一            ,24000,88000,-64000,0,0,0,0,0,0,0,0,0,0,0,0,0,-64000
06379P,群創統一97售05  ,0,0,0,0,0,0,0,0,0,-64000,0,0,0,0,64000,-64000,-64000
055823,臺股指國票97購10,0,0,0,0,0,0,0,0,0,-65000,0,0,0,0,65000,-65000,-65000
053661,嘉澤凱基97購01  ,0,0,0,0,0,0,0,0,0,-65000,0,0,0,0,65000,-65000,-65000
054464,奇力新凱基98購02,0,0,0,0,0,0,0,0,0,-65000,0,0,0,25000,90000,-65000,-65000
049524,可成兆豐95購02  ,0,0,0,0,0,0,0,0,0,-65000,0,0,0,0,65000,-65000,-65000
046530,聯發科兆豐92購02,0,0,0,0,0,0,0,0,0,-65000,0,0,0,0,65000,-65000,-65000
046496,鴻海元大92購16  ,0,0,0,0,0,0,0,0,0,-65000,0,0,0,13000,78000,-65000,-65000
006203,元大MSCI台灣    ,2000,3000,-1000,0,0,0,0,0,0,-64000,0,0,0,0,64000,-64000,-65000
043281,漢唐元大92購02  ,0,0,0,0,0,0,0,0,0,-65000,0,0,0,15000,80000,-65000,-65000
04029P,聯發科凱基93售16,0,0,0,0,0,0,0,0,0,-65000,0,0,0,0,65000,-65000,-65000
04346P,大立光兆豐95售02,0,0,0,0,0,0,0,0,0,-65000,0,0,0,0,65000,-65000,-65000
042560,康控兆豐92購01  ,0,0,0,0,0,0,0,0,0,-65000,0,0,0,0,65000,-65000,-65000
041546,群創統一93購01  ,0,0,0,0,0,0,0,0,0,-65000,0,0,0,0,65000,-65000,-65000
050531,訊芯元大95購02  ,0,0,0,0,0,0,0,0,0,-65000,0,0,0,0,65000,-65000,-65000
050562,瑞昱元富94購02  ,0,0,0,0,0,0,0,0,0,-65000,0,0,0,8000,73000,-65000,-65000
048261,鴻海元富95購01  ,0,0,0,0,0,0,0,0,0,-65000,0,0,0,10000,75000,-65000,-65000
047723,廣宇群益94購01  ,0,0,0,0,0,0,0,0,0,-65000,0,0,0,0,65000,-65000,-65000
048658,鴻海統一93購09  ,0,0,0,0,0,0,0,0,0,-65000,0,0,0,546000,611000,-65000,-65000
047079,GIS兆豐94購01   ,0,0,0,0,0,0,0,0,0,-65000,0,0,0,140000,205000,-65000,-65000
04708P,國巨元大94售11  ,0,0,0,0,0,0,0,0,0,-65000,0,0,0,50000,115000,-65000,-65000
048630,南亞元大93購01  ,0,0,0,0,0,0,0,0,0,-65000,0,0,0,30000,95000,-65000,-65000
05244P,台積電元大95售17,0,0,0,0,0,0,0,0,0,-65000,0,0,0,462000,527000,-65000,-65000
052247,深中小永豐95購01,0,0,0,0,0,0,0,0,0,-65000,0,0,0,0,65000,-65000,-65000
052712,旺宏凱基96購02  ,0,0,0,0,0,0,0,0,0,-65000,0,0,0,20000,85000,-65000,-65000
052740,聯發科元大96購07,0,0,0,0,0,0,0,0,0,-65000,0,0,0,6000,71000,-65000,-65000
053012,國巨統一96購03  ,0,0,0,0,0,0,0,0,0,-65000,0,0,0,59000,124000,-65000,-65000
050743,京鼎永豐94購02  ,0,0,0,0,0,0,0,0,0,-65000,0,0,0,4000,69000,-65000,-65000
06332P,世紀鋼群益98售01,0,0,0,0,0,0,0,0,0,-65000,0,0,0,0,65000,-65000,-65000
06122P,亞光元大98售01  ,0,0,0,0,0,0,0,0,0,-65000,0,0,0,0,65000,-65000,-65000
2102,泰豐            ,378000,439000,-61000,0,0,0,0,0,0,-4000,3000,7000,-4000,0,0,0,-65000
3533,嘉澤            ,910000,676000,234000,0,0,0,19000,238000,-219000,-80000,50000,105000,-55000,6000,31000,-25000,-65000
054466,欣興凱基97購03  ,0,0,0,0,0,0,0,0,0,-66000,0,0,0,9000,75000,-66000,-66000
054752,易華電凱基97購02,0,0,0,0,0,0,0,0,0,-66000,0,0,0,12000,78000,-66000,-66000
05416P,喬山永豐95售04  ,0,0,0,0,0,0,0,0,0,-66000,0,0,0,0,66000,-66000,-66000
05397P,大立光凱基96售08,0,0,0,0,0,0,0,0,0,-66000,0,0,0,0,66000,-66000,-66000
055640,鴻海元富97購03  ,0,0,0,0,0,0,0,0,0,-66000,0,0,0,0,66000,-66000,-66000
05619P,創意元富96售02  ,0,0,0,0,0,0,0,0,0,-66000,0,0,0,0,66000,-66000,-66000
055205,京鼎中信99購01  ,0,0,0,0,0,0,0,0,0,-66000,0,0,0,15000,81000,-66000,-66000
04136P,智邦元大93售09  ,0,0,0,0,0,0,0,0,0,-66000,0,0,0,100000,166000,-66000,-66000
03021P,玉晶光群益02售25,0,0,0,0,0,0,0,0,0,-66000,0,0,0,0,66000,-66000,-66000
04460P,元油2X元富96售04,0,0,0,0,0,0,0,0,0,-66000,0,0,0,0,66000,-66000,-66000
048590,貿聯兆豐94購02  ,0,0,0,0,0,0,0,0,0,-66000,0,0,0,260000,326000,-66000,-66000
048664,華新科統一94購01,0,0,0,0,0,0,0,0,0,-66000,0,0,0,0,66000,-66000,-66000
046930,亞光統一93購01  ,0,0,0,0,0,0,0,0,0,-66000,0,0,0,160000,226000,-66000,-66000
050633,義隆群益96購02  ,0,0,0,0,0,0,0,0,0,-66000,0,0,0,56000,122000,-66000,-66000
050451,嘉晶元大95購01  ,0,0,0,0,0,0,0,0,0,-66000,0,0,0,20000,86000,-66000,-66000
05028P,康控永豐95售02  ,0,0,0,0,0,0,0,0,0,-66000,0,0,0,0,66000,-66000,-66000
050893,鴻海元大96購03  ,0,0,0,0,0,0,0,0,0,-66000,0,0,0,0,66000,-66000,-66000
051108,鴻海統一96購02  ,0,0,0,0,0,0,0,0,0,-66000,0,0,0,0,66000,-66000,-66000
4739,康普            ,45000,86000,-41000,0,0,0,0,0,0,-25000,0,0,0,0,25000,-25000,-66000
8341,日友            ,522600,625000,-102400,0,0,0,37000,0,37000,-1000,1000,2000,-1000,0,0,0,-66400
055109,正崴凱基98購01  ,0,0,0,0,0,0,0,0,0,-67000,0,0,0,1000,68000,-67000,-67000
055501,創意元大97購01  ,0,0,0,0,0,0,0,0,0,-67000,0,0,0,6000,73000,-67000,-67000
05678P,群創群益97售01  ,0,0,0,0,0,0,0,0,0,-67000,0,0,0,10000,77000,-67000,-67000
054175,高鐵台新97購01  ,0,0,0,0,0,0,0,0,0,-67000,0,0,0,0,67000,-67000,-67000
054123,易華電永豐96購03,0,0,0,0,0,0,0,0,0,-67000,0,0,0,3000,70000,-67000,-67000
053815,聯發科群益96購01,0,0,0,0,0,0,0,0,0,-67000,0,0,0,56000,123000,-67000,-67000
053768,S&P反1元大99購01,0,0,0,0,0,0,0,0,0,-67000,0,0,0,49000,116000,-67000,-67000
054854,台積電麥證97購01,0,0,0,0,67000,-67000,0,0,0,-67000,0,0,0,0,67000,-67000,-67000
05443P,宏達電元大95售05,0,0,0,0,0,0,0,0,0,-67000,0,0,0,4000,71000,-67000,-67000
04453P,聯發科富邦94售04,0,0,0,0,0,0,0,0,0,-67000,0,0,0,111000,178000,-67000,-67000
045365,智邦兆豐93購04  ,0,0,0,0,0,0,0,0,0,-67000,0,0,0,13000,80000,-67000,-67000
050673,旺宏富邦96購02  ,0,0,0,0,0,0,0,0,0,-67000,0,0,0,0,67000,-67000,-67000
048460,盛群凱基94購01  ,0,0,0,0,0,0,0,0,0,-67000,0,0,0,0,67000,-67000,-67000
049046,同欣電兆豐94購01,0,0,0,0,0,0,0,0,0,-67000,0,0,0,27000,94000,-67000,-67000
051120,南亞科群益95購01,0,0,0,0,0,0,0,0,0,-67000,0,0,0,36000,103000,-67000,-67000
050842,旺宏國票97購01  ,0,0,0,0,0,0,0,0,0,-67000,0,0,0,10000,77000,-67000,-67000
050947,聯發科群益95購01,0,0,0,0,0,0,0,0,0,-67000,0,0,0,4000,71000,-67000,-67000
050982,台積電國泰96購04,0,0,0,0,0,0,0,0,0,-67000,0,0,0,3000,70000,-67000,-67000
051741,可成國票97購01  ,0,0,0,0,0,0,0,0,0,-67000,0,0,0,13000,80000,-67000,-67000
053173,矽格群益97購01  ,0,0,0,0,0,0,0,0,0,-67000,0,0,0,5000,72000,-67000,-67000
052833,康控群益96購01  ,0,0,0,0,0,0,0,0,0,-67000,0,0,0,0,67000,-67000,-67000
1451,年興            ,9000,76000,-67000,0,0,0,0,0,0,0,1000,1000,0,0,0,0,-67000
054445,技嘉兆豐96購01  ,0,0,0,0,0,0,0,0,0,-68000,0,0,0,18000,86000,-68000,-68000
054315,訊芯凱基98購01  ,0,0,0,0,0,0,0,0,0,-68000,0,0,0,0,68000,-68000,-68000
054917,聯發科凱基98購05,0,0,0,0,0,0,0,0,0,-68000,0,0,0,0,68000,-68000,-68000
054746,貿聯凱基98購02  ,0,0,0,0,0,0,0,0,0,-68000,0,0,0,0,68000,-68000,-68000
054701,宏全永豐97購01  ,0,0,0,0,0,0,0,0,0,-68000,0,0,0,2000,70000,-68000,-68000
054146,康友元大96購06  ,0,0,0,0,0,0,0,0,0,-68000,0,0,0,5000,73000,-68000,-68000
054170,泰鼎凱基98購01  ,0,0,0,0,0,0,0,0,0,-68000,0,0,0,0,68000,-68000,-68000
054168,貿聯凱基97購02  ,0,0,0,0,0,0,0,0,0,-68000,0,0,0,0,68000,-68000,-68000
053993,旺宏群益98購02  ,0,0,0,0,0,0,0,0,0,-68000,0,0,0,100000,168000,-68000,-68000
054027,欣興凱基96購04  ,0,0,0,0,0,0,0,0,0,-68000,0,0,0,7000,75000,-68000,-68000
05702P,矽創凱基96售02  ,0,0,0,0,0,0,0,0,0,-68000,0,0,0,0,68000,-68000,-68000
055869,臺股指元大97購08,0,0,0,0,0,0,0,0,0,-68000,0,0,0,0,68000,-68000,-68000
055491,奇力新元大98購03,0,0,0,0,0,0,0,0,0,-68000,0,0,0,10000,78000,-68000,-68000
055470,南亞科凱基97購01,0,0,0,0,0,0,0,0,0,-68000,0,0,0,3000,71000,-68000,-68000
055607,華通康和97購01  ,0,0,0,0,0,0,0,0,0,-68000,0,0,0,0,68000,-68000,-68000
055608,華邦電康和97購01,0,0,0,0,0,0,0,0,0,-68000,0,0,0,0,68000,-68000,-68000
055629,華新科永豐97購04,0,0,0,0,0,0,0,0,0,-68000,0,0,0,0,68000,-68000,-68000
055562,欣興凱基97購06  ,0,0,0,0,0,0,0,0,0,-68000,0,0,0,7000,75000,-68000,-68000
055357,欣興凱基97購04  ,0,0,0,0,0,0,0,0,0,-68000,0,0,0,4000,72000,-68000,-68000
055350,聯發科凱基97購02,0,0,0,0,0,0,0,0,0,-68000,0,0,0,0,68000,-68000,-68000
055208,京鼎康和97購02  ,0,0,0,0,0,0,0,0,0,-68000,0,0,0,0,68000,-68000,-68000
055250,華新科統一97購02,0,0,0,0,0,0,0,0,0,-68000,0,0,0,0,68000,-68000,-68000
055023,億光國泰98購01  ,0,0,0,0,0,0,0,0,0,-68000,0,0,0,46000,114000,-68000,-68000
055049,智邦永豐97購01  ,0,0,0,0,0,0,0,0,0,-68000,0,0,0,0,68000,-68000,-68000
049412,為升凱基94購01  ,0,0,0,0,0,0,0,0,0,-68000,0,0,0,0,68000,-68000,-68000
00731,FH富時高息低波  ,2000,2000,0,0,0,0,0,0,0,-68000,0,0,0,84000,152000,-68000,-68000
046703,瑞昱元富95購01  ,0,0,0,0,0,0,0,0,0,-68000,0,0,0,5000,73000,-68000,-68000
049147,美律元大94購02  ,0,0,0,0,0,0,0,0,0,-68000,0,0,0,1000,69000,-68000,-68000
048093,聯發科凱基93購30,0,0,0,0,0,0,0,0,0,-68000,0,0,0,0,68000,-68000,-68000
048090,正崴凱基93購03  ,0,0,0,0,0,0,0,0,0,-68000,0,0,0,0,68000,-68000,-68000
048465,南電台新93購01  ,0,0,0,0,0,0,0,0,0,-68000,0,0,0,0,68000,-68000,-68000
048444,燿華凱基93購05  ,0,0,0,0,0,0,0,0,0,-68000,0,0,0,0,68000,-68000,-68000
048268,長榮航中信95購01,0,0,0,0,0,0,0,0,0,-68000,0,0,0,125000,193000,-68000,-68000
048321,欣興凱基93購03  ,0,0,0,0,0,0,0,0,0,-68000,0,0,0,6000,74000,-68000,-68000
048512,全新凱基93購04  ,0,0,0,0,0,0,0,0,0,-68000,0,0,0,0,68000,-68000,-68000
050643,為升凱基94購08  ,0,0,0,0,0,0,0,0,0,-68000,0,0,0,0,68000,-68000,-68000
050703,矽格凱基94購02  ,0,0,0,0,0,0,0,0,0,-68000,0,0,0,0,68000,-68000,-68000
050498,為升凱基94購07  ,0,0,0,0,0,0,0,0,0,-68000,0,0,0,0,68000,-68000,-68000
050440,揚明光凱基94購05,0,0,0,0,0,0,0,0,0,-68000,0,0,0,0,68000,-68000,-68000
050438,欣興凱基94購09  ,0,0,0,0,0,0,0,0,0,-68000,0,0,0,7000,75000,-68000,-68000
05036P,義隆元大95售03  ,0,0,0,0,0,0,0,0,0,-68000,0,0,0,1000,69000,-68000,-68000
050297,欣興凱基94購08  ,0,0,0,0,0,0,0,0,0,-68000,0,0,0,0,68000,-68000,-68000
050226,華新科中信94購01,0,0,0,0,0,0,0,0,0,-68000,0,0,0,0,68000,-68000,-68000
050242,義隆凱基94購04  ,0,0,0,0,0,0,0,0,0,-68000,0,0,0,0,68000,-68000,-68000
050066,華固凱基94購01  ,0,0,0,0,0,0,0,0,0,-68000,0,0,0,0,68000,-68000,-68000
047550,聯發科凱基93購13,0,0,0,0,0,0,0,0,0,-68000,0,0,0,0,68000,-68000,-68000
047707,南亞科凱基93購03,0,0,0,0,0,0,0,0,0,-68000,0,0,0,0,68000,-68000,-68000
047748,漢唐元富93購02  ,0,0,0,0,0,0,0,0,0,-68000,0,0,0,5000,73000,-68000,-68000
047479,美律凱基94購01  ,0,0,0,0,0,0,0,0,0,-68000,0,0,0,0,68000,-68000,-68000
049710,大成鋼凱基94購03,0,0,0,0,0,0,0,0,0,-68000,0,0,0,0,68000,-68000,-68000
049717,微星凱基94購01  ,0,0,0,0,0,0,0,0,0,-68000,0,0,0,0,68000,-68000,-68000
052924,旺宏永豐96購01  ,0,0,0,0,0,0,0,0,0,-68000,0,0,0,0,68000,-68000,-68000
052232,貿聯凱基96購02  ,0,0,0,0,0,0,0,0,0,-68000,0,0,0,0,68000,-68000,-68000
052222,力山凱基95購02  ,0,0,0,0,0,0,0,0,0,-68000,0,0,0,0,68000,-68000,-68000
052521,友達元大9B購01  ,0,0,0,0,0,0,0,0,0,-68000,0,0,0,6000,74000,-68000,-68000
053225,昇陽半凱基96購01,0,0,0,0,0,0,0,0,0,-68000,0,0,0,0,68000,-68000,-68000
053232,友達永豐97購02  ,0,0,0,0,0,0,0,0,0,-68000,0,0,0,0,68000,-68000,-68000
053213,建準凱基96購02  ,0,0,0,0,0,0,0,0,0,-68000,0,0,0,0,68000,-68000,-68000
053422,可成永豐96購01  ,0,0,0,0,0,0,0,0,0,-68000,0,0,0,0,68000,-68000,-68000
053335,易華電永豐96購01,0,0,0,0,0,0,0,0,0,-68000,0,0,0,3000,71000,-68000,-68000
053319,可成群益96購04  ,0,0,0,0,0,0,0,0,0,-68000,0,0,0,7000,75000,-68000,-68000
053557,聯茂凱基96購04  ,0,0,0,0,0,0,0,0,0,-68000,0,0,0,0,68000,-68000,-68000
053446,欣興凱基96購02  ,0,0,0,0,0,0,0,0,0,-68000,0,0,0,5000,73000,-68000,-68000
051686,宏達電凱基95購04,0,0,0,0,0,0,0,0,0,-68000,0,0,0,0,68000,-68000,-68000
051766,泰鼎元大95購02  ,0,0,0,0,0,0,0,0,0,-68000,0,0,0,2000,70000,-68000,-68000
051809,義隆凱基96購01  ,0,0,0,0,0,0,0,0,0,-68000,0,0,0,0,68000,-68000,-68000
051621,欣興凱基95購02  ,0,0,0,0,0,0,0,0,0,-68000,0,0,0,7000,75000,-68000,-68000
052048,景碩凱基95購01  ,0,0,0,0,0,0,0,0,0,-68000,0,0,0,0,68000,-68000,-68000
052165,訊芯永豐95購03  ,0,0,0,0,0,0,0,0,0,-68000,0,0,0,0,68000,-68000,-68000
051868,貿聯凱基96購01  ,0,0,0,0,0,0,0,0,0,-68000,0,0,0,0,68000,-68000,-68000
050815,南亞科凱基95購01,0,0,0,0,0,0,0,0,0,-68000,0,0,0,0,68000,-68000,-68000
050740,旺宏永豐94購03  ,0,0,0,0,0,0,0,0,0,-68000,0,0,0,11000,79000,-68000,-68000
055081,健鼎中信97購01  ,0,0,0,0,0,0,0,0,0,-69000,0,0,0,0,69000,-69000,-69000
055139,欣興永豐97購01  ,0,0,0,0,0,0,0,0,0,-69000,0,0,0,0,69000,-69000,-69000
055286,晶技元大98購03  ,0,0,0,0,0,0,0,0,0,-69000,0,0,0,5000,74000,-69000,-69000
046828,聯發科群益94購01,0,0,0,0,0,0,0,0,0,-69000,0,0,0,0,69000,-69000,-69000
049641,台達電凱基94購08,0,0,0,0,0,0,0,0,0,-69000,0,0,0,1000,70000,-69000,-69000
044944,技嘉群益93購01  ,0,0,0,0,0,0,0,0,0,-69000,0,0,0,26000,95000,-69000,-69000
045055,聯發科元富98購03,0,0,0,0,0,0,0,0,0,-69000,0,0,0,40000,109000,-69000,-69000
047078,上海銀兆豐93購01,0,0,0,0,0,0,0,0,0,-69000,0,0,0,2000,71000,-69000,-69000
050014,國巨富邦98購01  ,0,0,0,0,0,0,0,0,0,-69000,0,0,0,10000,79000,-69000,-69000
050397,力成元富94購01  ,0,0,0,0,0,0,0,0,0,-69000,0,0,0,81000,150000,-69000,-69000
050869,健策永豐95購01  ,0,0,0,0,0,0,0,0,0,-69000,0,0,0,10000,79000,-69000,-69000
050914,健鼎中信95購01  ,0,0,0,0,0,0,0,0,0,-69000,0,0,0,0,69000,-69000,-69000
053475,華新科元大96購05,0,0,0,0,0,0,0,0,0,-69000,0,0,0,52000,121000,-69000,-69000
053425,京鼎永豐96購01  ,0,0,0,0,0,0,0,0,0,-69000,0,0,0,0,69000,-69000,-69000
052984,漢唐元大96購01  ,0,0,0,0,0,0,0,0,0,-69000,0,0,0,3000,72000,-69000,-69000
05927P,正文永豐96售03  ,0,0,0,0,0,0,0,0,0,-69000,0,0,0,0,69000,-69000,-69000
055155,奇力新元大99購01,0,0,0,0,0,0,0,0,0,-70000,0,0,0,83000,153000,-70000,-70000
055034,建準富邦99購01  ,0,0,0,0,0,0,0,0,0,-70000,0,0,0,0,70000,-70000,-70000
055831,台達電元大97購01,0,0,0,0,0,0,0,0,0,-70000,0,0,0,0,70000,-70000,-70000
05665P,台積電凱基96售08,0,0,0,0,0,0,0,0,0,-70000,0,0,0,40000,110000,-70000,-70000
054052,日月光元大96購06,0,0,0,0,0,0,0,0,0,-70000,0,0,0,4000,74000,-70000,-70000
054029,瀚宇博凱基96購02,0,0,0,0,0,0,0,0,0,-70000,0,0,0,0,70000,-70000,-70000
053651,台光電凱基98購01,0,0,0,0,0,0,0,0,0,-70000,0,0,0,7000,77000,-70000,-70000
054787,華新科群益97購04,0,0,0,0,0,0,0,0,0,-70000,0,0,0,0,70000,-70000,-70000
054796,康普群益98購01  ,0,0,0,0,0,0,0,0,0,-70000,0,0,0,0,70000,-70000,-70000
045138,技嘉兆豐92購01  ,0,0,0,0,0,0,0,0,0,-70000,0,0,0,24000,94000,-70000,-70000
044184,南亞科國泰93購01,0,0,0,0,0,0,0,0,0,-70000,0,0,0,14000,84000,-70000,-70000
046894,日月光群益93購01,0,0,0,0,0,0,0,0,0,-70000,0,0,0,10000,80000,-70000,-70000
044285,鴻海凱基93購06  ,0,0,0,0,0,0,0,0,0,-70000,0,0,0,0,70000,-70000,-70000
04438P,微星群益94售01  ,0,0,0,0,0,0,0,0,0,-70000,0,0,0,0,70000,-70000,-70000
049542,鴻海群益94購05  ,0,0,0,0,0,0,0,0,0,-70000,0,0,0,0,70000,-70000,-70000
046630,京元電元富95購03,0,0,0,0,0,0,0,0,0,-70000,0,0,0,0,70000,-70000,-70000
046761,淘帝凱基93購01  ,0,0,0,0,0,0,0,0,0,-70000,0,0,0,0,70000,-70000,-70000
046682,聯發科群益93購03,0,0,0,0,0,0,0,0,0,-70000,0,0,0,0,70000,-70000,-70000
043229,T50正2中信93購02,0,0,0,0,0,0,0,0,0,-70000,0,0,0,0,70000,-70000,-70000
050676,道瓊銀統一96購02,0,0,0,0,0,0,0,0,0,-70000,0,0,0,0,70000,-70000,-70000
050680,上銀元富94購01  ,0,0,0,0,0,0,0,0,0,-70000,0,0,0,25000,95000,-70000,-70000
047242,上銀群益93購04  ,0,0,0,0,0,0,0,0,0,-70000,0,0,0,10000,80000,-70000,-70000
047232,禾伸堂凱基93購02,0,0,0,0,0,0,0,0,0,-70000,0,0,0,0,70000,-70000,-70000
049204,京元電群益94購02,0,0,0,0,0,0,0,0,0,-70000,0,0,0,10000,80000,-70000,-70000
049206,大立光群益94購04,0,0,0,0,0,0,0,0,0,-70000,0,0,0,0,70000,-70000,-70000
049032,百和群益94購04  ,0,0,0,0,0,0,0,0,0,-70000,0,0,0,0,70000,-70000,-70000
047971,南亞科富邦95購01,0,0,0,0,0,0,0,0,0,-70000,0,0,0,0,70000,-70000,-70000
049937,臺股指元大94購18,0,0,0,0,0,0,0,0,0,-70000,0,0,0,0,70000,-70000,-70000
049842,道瓊反中信98購01,0,0,0,0,0,0,0,0,0,-70000,0,0,0,80000,150000,-70000,-70000
047869,景碩永豐93購01  ,0,0,0,0,0,0,0,0,0,-70000,0,0,0,30000,100000,-70000,-70000
04897P,喬山中信94售01  ,0,0,0,0,0,0,0,0,0,-70000,0,0,0,0,70000,-70000,-70000
053253,友達國泰97購02  ,0,0,0,0,0,0,0,0,0,-70000,0,0,0,0,70000,-70000,-70000
053404,致新群益96購01  ,0,0,0,0,0,0,0,0,0,-70000,0,0,0,0,70000,-70000,-70000
053277,大立光元大96購04,0,0,0,0,0,0,0,0,0,-70000,0,0,0,0,70000,-70000,-70000
053531,國泰金康和96購01,0,0,0,0,0,0,0,0,0,-70000,0,0,0,3000,73000,-70000,-70000
052364,全新國票95購02  ,0,0,0,0,0,0,0,0,0,-70000,0,0,0,0,70000,-70000,-70000
052797,樺漢兆豐96購01  ,0,0,0,0,0,0,0,0,0,-70000,0,0,0,0,70000,-70000,-70000
05277P,深中小統一95售02,0,0,0,0,0,0,0,0,0,-70000,0,0,0,0,70000,-70000,-70000
050988,廣達富邦95購01  ,0,0,0,0,0,0,0,0,0,-70000,0,0,0,0,70000,-70000,-70000
051021,啟碁凱基95購02  ,0,0,0,0,0,0,0,0,0,-70000,0,0,0,0,70000,-70000,-70000
052066,華邦電兆豐96購01,0,0,0,0,0,0,0,0,0,-70000,0,0,0,0,70000,-70000,-70000
052130,國巨凱基9B購01  ,0,0,0,0,0,0,0,0,0,-70000,0,0,0,68000,138000,-70000,-70000
051579,宏碁元大95購01  ,0,0,0,0,0,0,0,0,0,-70000,0,0,0,0,70000,-70000,-70000
051673,玉晶光元大96購04,0,0,0,0,0,0,0,0,0,-70000,0,0,0,23000,93000,-70000,-70000
054739,義隆凱基98購02  ,0,0,0,0,0,0,0,0,0,-71000,0,0,0,35000,106000,-71000,-71000
05748P,臺股指群益99售02,0,0,0,0,0,0,0,0,0,-71000,0,0,0,2000,73000,-71000,-71000
055482,聚陽元大97購02  ,0,0,0,0,0,0,0,0,0,-71000,0,0,0,2000,73000,-71000,-71000
04282P,微星永豐93售02  ,0,0,0,0,0,0,0,0,0,-71000,0,0,0,0,71000,-71000,-71000
044817,可成兆豐93購01  ,0,0,0,0,0,0,0,0,0,-71000,0,0,0,23000,94000,-71000,-71000
046220,滬深2X元大95購03,0,0,0,0,0,0,0,0,0,-71000,0,0,0,40000,111000,-71000,-71000
049018,光罩群益94購01  ,0,0,0,0,0,0,0,0,0,-71000,0,0,0,19000,90000,-71000,-71000
048715,A50正2永豐94購01,0,0,0,0,0,0,0,0,0,-71000,0,0,0,0,71000,-71000,-71000
046911,達方凱基93購01  ,0,0,0,0,0,0,0,0,0,-71000,0,0,0,0,71000,-71000,-71000
048242,統一兆豐93購01  ,0,0,0,0,0,0,0,0,0,-71000,0,0,0,0,71000,-71000,-71000
048353,嘉聯益台新93購02,0,0,0,0,0,0,0,0,0,-71000,0,0,0,0,71000,-71000,-71000
052015,漢唐永豐95購02  ,0,0,0,0,0,0,0,0,0,-71000,0,0,0,0,71000,-71000,-71000
05086P,鴻海凱基95售13  ,0,0,0,0,0,0,0,0,0,-71000,0,0,0,0,71000,-71000,-71000
051121,裕民群益97購01  ,0,0,0,0,0,0,0,0,0,-71000,0,0,0,0,71000,-71000,-71000
052747,京鼎元大97購01  ,0,0,0,0,0,0,0,0,0,-71000,0,0,0,81000,152000,-71000,-71000
053507,百和兆豐96購01  ,0,0,0,0,0,0,0,0,0,-71000,0,0,0,1000,72000,-71000,-71000
053068,智伸科群益96購01,0,0,0,0,0,0,0,0,0,-71000,0,0,0,50000,121000,-71000,-71000
05861P,瀚宇博永豐96售02,0,0,0,0,0,0,0,0,0,-71000,0,0,0,0,71000,-71000,-71000
06045P,臺股指永豐96售03,0,0,0,0,0,0,0,0,0,-71000,0,0,0,2000,73000,-71000,-71000
4572,駐龍            ,6000,15000,-9000,0,0,0,0,0,0,-62000,0,62000,-62000,0,0,0,-71000
1231,聯華食          ,38000,109900,-71900,0,0,0,0,0,0,0,0,0,0,0,0,0,-71900
05745P,富邦金兆豐96售02,0,0,0,0,0,0,0,0,0,-72000,0,0,0,0,72000,-72000,-72000
056193,聯發科富邦99購08,0,0,0,0,0,0,0,0,0,-72000,0,0,0,0,72000,-72000,-72000
054733,鴻海凱基98購04  ,0,0,0,0,0,0,0,0,0,-72000,0,0,0,0,72000,-72000,-72000
05456P,鴻海凱基95售19  ,0,0,0,0,0,0,0,0,0,-72000,0,0,0,0,72000,-72000,-72000
053982,臻鼎元大96購05  ,0,0,0,0,0,0,0,0,0,-72000,0,0,0,0,72000,-72000,-72000
049308,台達電凱基94購04,0,0,0,0,0,0,0,0,0,-72000,0,0,0,0,72000,-72000,-72000
04301P,微星中信93售01  ,0,0,0,0,0,0,0,0,0,-72000,0,0,0,14000,86000,-72000,-72000
04853P,易華電永豐94售03,0,0,0,0,0,0,0,0,0,-72000,0,0,0,0,72000,-72000,-72000
049795,華通元大96購02  ,0,0,0,0,0,0,0,0,0,-72000,0,0,0,0,72000,-72000,-72000
04703P,樺漢統一95售01  ,0,0,0,0,0,0,0,0,0,-72000,0,0,0,20000,92000,-72000,-72000
046969,聯發科群益93購05,0,0,0,0,0,0,0,0,0,-72000,0,0,0,0,72000,-72000,-72000
052695,台表科中信98購01,0,0,0,0,0,0,0,0,0,-72000,0,0,0,0,72000,-72000,-72000
052622,貿聯兆豐97購01  ,0,0,0,0,0,0,0,0,0,-72000,0,0,0,17000,89000,-72000,-72000
051406,泰鼎永豐96購01  ,0,0,0,0,0,0,0,0,0,-72000,0,0,0,0,72000,-72000,-72000
051911,大立光元大98購02,0,0,0,0,0,0,0,0,0,-72000,0,0,0,37000,109000,-72000,-72000
052167,亞泥元大96購01  ,0,0,0,0,0,0,0,0,0,-72000,0,0,0,0,72000,-72000,-72000
051535,新日興國票96購01,0,0,0,0,0,0,0,0,0,-72000,0,0,0,2000,74000,-72000,-72000
06215P,康控永豐97售02  ,0,0,0,0,0,0,0,0,0,-72000,0,0,0,0,72000,-72000,-72000
1709,和益            ,27000,101000,-74000,0,0,0,0,0,0,2000,2000,0,2000,0,0,0,-72000
054054,光磊國票97購02  ,0,0,0,0,0,0,0,0,0,-73000,0,0,0,0,73000,-73000,-73000
054073,群創富邦96購03  ,0,0,0,0,0,0,0,0,0,-73000,0,0,0,0,73000,-73000,-73000
05675P,美律群益97售01  ,0,0,0,0,0,0,0,0,0,-73000,0,0,0,0,73000,-73000,-73000
055567,訊芯凱基98購02  ,0,0,0,0,0,0,0,0,0,-73000,0,0,0,0,73000,-73000,-73000
054964,智易元大99購01  ,0,0,0,0,0,0,0,0,0,-73000,0,0,0,4000,77000,-73000,-73000
055130,京鼎康和97購01  ,0,0,0,0,0,0,0,0,0,-73000,0,0,0,0,73000,-73000,-73000
055275,台積電元大97購19,0,0,0,0,0,0,0,0,0,-73000,0,0,0,0,73000,-73000,-73000
055203,建準中信97購01  ,0,0,0,0,0,0,0,0,0,-73000,0,0,0,0,73000,-73000,-73000
03968P,聯發科國票93售05,0,0,0,0,0,0,0,0,0,-73000,0,0,0,0,73000,-73000,-73000
04420P,奇鋐永豐94售01  ,0,0,0,0,0,0,0,0,0,-73000,0,0,0,0,73000,-73000,-73000
047975,緯創兆豐93購01  ,0,0,0,0,0,0,0,0,0,-73000,0,0,0,10000,83000,-73000,-73000
04879P,康控永豐94售02  ,0,0,0,0,0,0,0,0,0,-73000,0,0,0,0,73000,-73000,-73000
051307,康舒凱基95購01  ,0,0,0,0,0,0,0,0,0,-73000,0,0,0,0,73000,-73000,-73000
051285,鴻海統一95購07  ,0,0,0,0,0,0,0,0,0,-73000,0,0,0,0,73000,-73000,-73000
050949,亞光群益96購01  ,0,0,0,0,0,0,0,0,0,-73000,0,0,0,0,73000,-73000,-73000
052882,南電凱基96購02  ,0,0,0,0,0,0,0,0,0,-73000,0,0,0,3000,76000,-73000,-73000
052884,台積電兆豐96購01,0,0,0,0,0,0,0,0,0,-73000,0,0,0,68000,141000,-73000,-73000
053164,台光電群益96購02,0,0,0,0,0,0,0,0,0,-73000,0,0,0,0,73000,-73000,-73000
053554,欣興凱基97購02  ,0,0,0,0,0,0,0,0,0,-73000,0,0,0,0,73000,-73000,-73000
06042P,華新科永豐96售04,0,0,0,0,0,0,0,0,0,-73000,0,0,0,10000,83000,-73000,-73000
055047,南港永豐97購01  ,0,0,0,0,0,0,0,0,0,-74000,0,0,0,6000,80000,-74000,-74000
055024,興勤國泰98購01  ,0,0,0,0,0,0,0,0,0,-74000,0,0,0,0,74000,-74000,-74000
05762P,昇陽半永豐96售04,0,0,0,0,0,0,0,0,0,-74000,0,0,0,0,74000,-74000,-74000
05596P,可成統一96售01  ,0,0,0,0,0,0,0,0,0,-74000,0,0,0,11000,85000,-74000,-74000
054282,泰鼎群益98購02  ,0,0,0,0,0,0,0,0,0,-74000,0,0,0,29000,103000,-74000,-74000
054748,正文凱基98購01  ,0,0,0,0,0,0,0,0,0,-74000,0,0,0,1000,75000,-74000,-74000
04950P,上証2X中信96售02,0,0,0,0,0,0,0,0,0,-74000,0,0,0,10000,84000,-74000,-74000
047105,和大元大94購01  ,0,0,0,0,0,0,0,0,0,-74000,0,0,0,4000,78000,-74000,-74000
050687,上銀日盛94購01  ,0,0,0,0,0,0,0,0,0,-74000,0,0,0,41000,115000,-74000,-74000
053520,康友群益96購01  ,0,0,0,0,0,0,0,0,0,-74000,0,0,0,0,74000,-74000,-74000
050970,康舒永豐95購01  ,0,0,0,0,0,0,0,0,0,-74000,0,0,0,3000,77000,-74000,-74000
051131,玉山金台新95購01,0,0,0,0,0,0,0,0,0,-74000,0,0,0,0,74000,-74000,-74000
051728,道瓊反國票97購01,0,0,0,0,0,0,0,0,0,-74000,0,0,0,130000,204000,-74000,-74000
054820,新日興元大97購01,0,0,0,0,0,0,0,0,0,-75000,0,0,0,0,75000,-75000,-75000
054172,易華電凱基98購01,0,0,0,0,0,0,0,0,0,-75000,0,0,0,3000,78000,-75000,-75000
053766,友達富邦97購01  ,0,0,0,0,0,0,0,0,0,-75000,0,0,0,0,75000,-75000,-75000
055104,台達電凱基98購01,0,0,0,0,0,0,0,0,0,-75000,0,0,0,0,75000,-75000,-75000
055605,緯穎元大97購02  ,0,0,0,0,0,0,0,0,0,-75000,0,0,0,22000,97000,-75000,-75000
055368,台積電元大97購24,0,0,0,0,0,0,0,0,0,-75000,0,0,0,146000,221000,-75000,-75000
03856P,易華電永豐93售01,0,0,0,0,0,0,0,0,0,-75000,0,0,0,0,75000,-75000,-75000
043944,欣興兆豐93購02  ,0,0,0,0,0,0,0,0,0,-75000,0,0,0,0,75000,-75000,-75000
050603,致新國泰96購01  ,0,0,0,0,0,0,0,0,0,-75000,0,0,0,15000,90000,-75000,-75000
050313,大立光兆豐94購05,0,0,0,0,0,0,0,0,0,-75000,0,0,0,0,75000,-75000,-75000
050342,華通元富94購02  ,0,0,0,0,0,0,0,0,0,-75000,0,0,0,0,75000,-75000,-75000
05025P,聯發科群益95售02,0,0,0,0,0,0,0,0,0,-75000,0,0,0,7000,82000,-75000,-75000
048418,瑞昱統一93購04  ,0,0,0,0,0,0,0,0,0,-75000,0,0,0,0,75000,-75000,-75000
046953,嘉聯益國票94購01,0,0,0,0,0,0,0,0,0,-75000,0,0,0,0,75000,-75000,-75000
048025,鴻海凱基93購30  ,0,0,0,0,0,0,0,0,0,-75000,0,0,0,3000,78000,-75000,-75000
050075,南電凱基94購04  ,0,0,0,0,0,0,0,0,0,-75000,0,0,0,0,75000,-75000,-75000
051827,智邦元大95購04  ,0,0,0,0,0,0,0,0,0,-75000,0,0,0,95000,170000,-75000,-75000
052142,滬深2X群益99購04,0,0,0,0,0,0,0,0,0,-75000,0,0,0,0,75000,-75000,-75000
051864,聯發科凱基96購03,0,0,0,0,0,0,0,0,0,-75000,0,0,0,33000,108000,-75000,-75000
051226,英業達群益95購01,0,0,0,0,0,0,0,0,0,-75000,0,0,0,0,75000,-75000,-75000
051252,健鼎元大95購01  ,0,0,0,0,0,0,0,0,0,-75000,0,0,0,0,75000,-75000,-75000
050770,全新元大94購04  ,0,0,0,0,0,0,0,0,0,-75000,0,0,0,0,75000,-75000,-75000
053490,為升兆豐97購01  ,0,0,0,0,0,0,0,0,0,-75000,0,0,0,0,75000,-75000,-75000
053489,上銀兆豐97購01  ,0,0,0,0,0,0,0,0,0,-75000,0,0,0,0,75000,-75000,-75000
053285,臺股指元大96購08,0,0,0,0,0,0,0,0,0,-75000,0,0,0,0,75000,-75000,-75000
052751,臺股指元大96購05,0,0,0,0,0,0,0,0,0,-75000,0,0,0,0,75000,-75000,-75000
06209P,旺宏統一97售07  ,0,0,0,0,0,0,0,0,0,-75000,0,0,0,0,75000,-75000,-75000
05794P,華邦電群益96售04,0,0,0,0,0,0,0,0,0,-76000,0,0,0,0,76000,-76000,-76000
053721,國泰金凱基97購01,0,0,0,0,0,0,0,0,0,-76000,0,0,0,2000,78000,-76000,-76000
054244,華新元大96購01  ,0,0,0,0,0,0,0,0,0,-76000,0,0,0,0,76000,-76000,-76000
05490P,鴻海元大95售23  ,0,0,0,0,0,0,0,0,0,-76000,0,0,0,80000,156000,-76000,-76000
045626,上銀凱基93購05  ,0,0,0,0,0,0,0,0,0,-76000,0,0,0,21000,97000,-76000,-76000
050053,訊芯群益94購03  ,0,0,0,0,0,0,0,0,0,-76000,0,0,0,4000,80000,-76000,-76000
047944,中石化元富96購01,0,0,0,0,0,0,0,0,0,-76000,0,0,0,300000,376000,-76000,-76000
048445,瑞昱凱基93購11  ,0,0,0,0,0,0,0,0,0,-76000,0,0,0,5000,81000,-76000,-76000
052805,晶技元大97購01  ,0,0,0,0,0,0,0,0,0,-76000,0,0,0,53000,129000,-76000,-76000
052325,高股息中信99購01,0,0,0,0,0,0,0,0,0,-76000,0,0,0,0,76000,-76000,-76000
052436,正崴富邦95購01  ,0,0,0,0,0,0,0,0,0,-76000,0,0,0,22000,98000,-76000,-76000
05144P,美律永豐95售02  ,0,0,0,0,0,0,0,0,0,-76000,0,0,0,60000,136000,-76000,-76000
051645,光寶科永豐95購01,0,0,0,0,0,0,0,0,0,-76000,0,0,0,0,76000,-76000,-76000
5215,科嘉-KY         ,37000,113000,-76000,0,0,0,0,0,0,0,0,0,0,0,0,0,-76000
05465P,台表科永豐95售03,0,0,0,0,0,0,0,0,0,-77000,0,0,0,0,77000,-77000,-77000
055722,聯鈞元大97購03  ,0,0,0,0,0,0,0,0,0,-77000,0,0,0,8000,85000,-77000,-77000
055045,台肥永豐97購01  ,0,0,0,0,0,0,0,0,0,-77000,0,0,0,0,77000,-77000,-77000
049720,欣興凱基94購05  ,0,0,0,0,0,0,0,0,0,-77000,0,0,0,18000,95000,-77000,-77000
049655,臺股指凱基94購16,0,0,0,0,0,0,0,0,0,-77000,0,0,0,0,77000,-77000,-77000
047542,華通凱基94購02  ,0,0,0,0,0,0,0,0,0,-77000,0,0,0,6000,83000,-77000,-77000
047652,滬深2X兆豐94購03,0,0,0,0,0,0,0,0,0,-77000,0,0,0,100000,177000,-77000,-77000
052162,智伸科永豐95購01,0,0,0,0,0,0,0,0,0,-77000,0,0,0,0,77000,-77000,-77000
052132,旺宏凱基9B購01  ,0,0,0,0,0,0,0,0,0,-77000,0,0,0,7000,84000,-77000,-77000
051151,中磊凱基95購02  ,0,0,0,0,0,0,0,0,0,-77000,0,0,0,1000,78000,-77000,-77000
051040,漢唐永豐95購01  ,0,0,0,0,0,0,0,0,0,-77000,0,0,0,10000,87000,-77000,-77000
052257,燿華國泰96購01  ,0,0,0,0,0,0,0,0,0,-77000,0,0,0,0,77000,-77000,-77000
1532,勤美            ,31000,98000,-67000,0,0,0,0,0,0,-10000,2000,12000,-10000,0,0,0,-77000
2488,漢平            ,48000,117000,-69000,0,0,0,0,0,0,-8000,0,8000,-8000,0,0,0,-77000
2430,燦坤            ,6000,83000,-77000,0,0,0,0,0,0,0,0,0,0,0,0,0,-77000
3209,全科            ,74000,143000,-69000,0,0,0,0,0,0,-8000,0,8000,-8000,0,0,0,-77000
3003,健和興          ,158000,232000,-74000,0,0,0,0,0,0,-3000,1000,3000,-2000,0,1000,-1000,-77000
055420,欣興永豐98購01  ,0,0,0,0,0,0,0,0,0,-78000,0,0,0,1000,79000,-78000,-78000
054863,億光群益97購01  ,0,0,0,0,0,0,0,0,0,-78000,0,0,0,2000,80000,-78000,-78000
054564,玉晶光群益99購01,0,0,0,0,0,0,0,0,0,-78000,0,0,0,45000,123000,-78000,-78000
046441,儒鴻兆豐92購01  ,0,0,0,0,0,0,0,0,0,-78000,0,0,0,0,78000,-78000,-78000
03831P,臺股指中信95售02,0,0,0,0,0,0,0,0,0,-78000,0,0,0,20000,98000,-78000,-78000
049987,智易凱基94購03  ,0,0,0,0,0,0,0,0,0,-78000,0,0,0,0,78000,-78000,-78000
048807,崇越中信94購01  ,0,0,0,0,0,0,0,0,0,-78000,0,0,0,0,78000,-78000,-78000
048769,聯鈞凱基94購01  ,0,0,0,0,0,0,0,0,0,-78000,0,0,0,20000,98000,-78000,-78000
049727,台積電中信94購02,0,0,0,0,0,0,0,0,0,-78000,0,0,0,0,78000,-78000,-78000
047895,台積電群益94購04,0,0,0,0,0,0,0,0,0,-78000,0,0,0,116000,194000,-78000,-78000
048824,聯發科凱基94購03,0,0,0,0,0,0,0,0,0,-78000,0,0,0,3000,81000,-78000,-78000
049169,統一凱基94購01  ,0,0,0,0,0,0,0,0,0,-78000,0,0,0,0,78000,-78000,-78000
047410,上銀元富96購01  ,0,0,0,0,0,0,0,0,0,-78000,0,0,0,0,78000,-78000,-78000
052750,臺股指元大96購04,0,0,0,0,0,0,0,0,0,-78000,0,0,0,0,78000,-78000,-78000
052676,聯發科永昌98購01,0,0,0,0,0,0,0,0,0,-78000,0,0,0,168000,246000,-78000,-78000
053544,華新凱基96購01  ,0,0,0,0,0,0,0,0,0,-78000,0,0,0,0,78000,-78000,-78000
051082,上証2X元大98購01,0,0,0,0,0,0,0,0,0,-78000,0,0,0,7000,85000,-78000,-78000
050930,矽格凱基95購01  ,0,0,0,0,0,0,0,0,0,-78000,0,0,0,0,78000,-78000,-78000
052043,瑞昱日盛95購01  ,0,0,0,0,0,0,0,0,0,-78000,0,0,0,60000,138000,-78000,-78000
051525,日月光凱基95購02,0,0,0,0,0,0,0,0,0,-78000,0,0,0,4000,82000,-78000,-78000
2390,云辰            ,195000,273000,-78000,0,0,0,0,0,0,0,0,0,0,0,0,0,-78000
054621,華新科兆豐98購01,0,0,0,0,0,0,0,0,0,-79000,0,0,0,30000,109000,-79000,-79000
054012,廣達永豐96購01  ,0,0,0,0,0,0,0,0,0,-79000,0,0,0,1000,80000,-79000,-79000
055405,華泰國泰98購01  ,0,0,0,0,0,0,0,0,0,-79000,0,0,0,0,79000,-79000,-79000
055786,彩晶凱基99購02  ,0,0,0,0,0,0,0,0,0,-79000,0,0,0,106000,185000,-79000,-79000
04672P,台積電統一94售09,0,0,0,0,0,0,0,0,0,-79000,0,0,0,100000,179000,-79000,-79000
049545,台積電群益94購09,0,0,0,0,0,0,0,0,0,-79000,0,0,0,239000,318000,-79000,-79000
048068,南亞科元富95購01,0,0,0,0,0,0,0,0,0,-79000,0,0,0,0,79000,-79000,-79000
047655,聯發科兆豐93購02,0,0,0,0,0,0,0,0,0,-79000,0,0,0,20000,99000,-79000,-79000
2023,燁輝            ,647000,736000,-89000,0,0,0,0,0,0,10000,21000,11000,10000,0,0,0,-79000
9940,信義            ,55000,135000,-80000,0,0,0,0,0,0,1000,3000,2000,1000,0,0,0,-79000
055771,台積電日盛97購04,0,0,0,0,0,0,0,0,0,-80000,0,0,0,28000,108000,-80000,-80000
055939,GIS群益97購01   ,0,0,0,0,0,0,0,0,0,-80000,0,0,0,0,80000,-80000,-80000
055115,日月光凱基98購01,0,0,0,0,0,0,0,0,0,-80000,0,0,0,3000,83000,-80000,-80000
054006,智易統一97購01  ,0,0,0,0,0,0,0,0,0,-80000,0,0,0,0,80000,-80000,-80000
053988,友達亞東96購01  ,0,0,0,0,0,0,0,0,0,-80000,0,0,0,310000,390000,-80000,-80000
053970,聯發科元大97購08,0,0,0,0,0,0,0,0,0,-80000,0,0,0,0,80000,-80000,-80000
053917,友達國票97購03  ,0,0,0,0,0,0,0,0,0,-80000,0,0,0,15000,95000,-80000,-80000
054234,可成群益96購05  ,0,0,0,0,0,0,0,0,0,-80000,0,0,0,0,80000,-80000,-80000
053839,華通統一96購01  ,0,0,0,0,0,0,0,0,0,-80000,0,0,0,0,80000,-80000,-80000
054670,康友元富97購01  ,0,0,0,0,0,0,0,0,0,-80000,0,0,0,0,80000,-80000,-80000
054578,世芯元大99購01  ,0,0,0,0,0,0,0,0,0,-80000,0,0,0,5000,85000,-80000,-80000
054314,嘉聯益凱基97購01,0,0,0,0,0,0,0,0,0,-80000,0,0,0,0,80000,-80000,-80000
049638,A50反1凱基94購01,0,0,0,0,0,0,0,0,0,-80000,0,0,0,20000,100000,-80000,-80000
049495,欣興元大94購06  ,0,0,0,0,0,0,0,0,0,-80000,0,0,0,0,80000,-80000,-80000
045639,冠德凱基93購01  ,0,0,0,0,0,0,0,0,0,-80000,0,0,0,0,80000,-80000,-80000
046349,康控兆豐93購02  ,0,0,0,0,0,0,0,0,0,-80000,0,0,0,0,80000,-80000,-80000
045100,亞光中信93購01  ,0,0,0,0,0,0,0,0,0,-80000,0,0,0,0,80000,-80000,-80000
044673,上銀凱基93購04  ,0,0,0,0,0,0,0,0,0,-80000,0,0,0,10000,90000,-80000,-80000
04198P,滬深2X群益95售04,0,0,0,0,0,0,0,0,0,-80000,0,0,0,0,80000,-80000,-80000
03670P,可成凱基92售12  ,0,0,0,0,0,0,0,0,0,-80000,0,0,0,0,80000,-80000,-80000
042930,大立光中信94購01,0,0,0,0,0,0,0,0,0,-80000,0,0,0,0,80000,-80000,-80000
03189P,玉晶光元大03售05,0,0,0,0,0,0,0,0,0,-80000,0,0,0,70000,150000,-80000,-80000
03179P,聯發科群益01售16,0,0,0,0,0,0,0,0,0,-80000,0,0,0,0,80000,-80000,-80000
047601,上海銀中信93購01,0,0,0,0,0,0,0,0,0,-80000,0,0,0,0,80000,-80000,-80000
04824P,亞泥中信94售02  ,0,0,0,0,0,0,0,0,0,-80000,0,0,0,0,80000,-80000,-80000
048576,義隆國泰95購01  ,0,0,0,0,0,0,0,0,0,-80000,0,0,0,69000,149000,-80000,-80000
047003,鴻海統一93購05  ,0,0,0,0,0,0,0,0,0,-80000,0,0,0,0,80000,-80000,-80000
04738P,揚明光永豐94售03,0,0,0,0,0,0,0,0,0,-80000,0,0,0,0,80000,-80000,-80000
050241,聯發科凱基94購14,0,0,0,0,0,0,0,0,0,-80000,0,0,0,1000,81000,-80000,-80000
04925P,和碩元大94售03  ,0,0,0,0,0,0,0,0,0,-80000,0,0,0,0,80000,-80000,-80000
050700,健策凱基96購01  ,0,0,0,0,0,0,0,0,0,-80000,0,0,0,0,80000,-80000,-80000
050352,欣興群益95購01  ,0,0,0,0,0,0,0,0,0,-80000,0,0,0,0,80000,-80000,-80000
050517,台積電元大94購27,0,0,0,0,0,0,0,0,0,-80000,0,0,0,135000,215000,-80000,-80000
049178,宏達電凱基94購02,0,0,0,0,0,0,0,0,0,-80000,0,0,0,0,80000,-80000,-80000
04850P,全新永豐94售03  ,0,0,0,0,0,0,0,0,0,-80000,0,0,0,5000,85000,-80000,-80000
048402,聯茂兆豐95購01  ,0,0,0,0,0,0,0,0,0,-80000,0,0,0,0,80000,-80000,-80000
048362,康控永豐93購01  ,0,0,0,0,0,0,0,0,0,-80000,0,0,0,0,80000,-80000,-80000
051491,貿聯凱基95購01  ,0,0,0,0,0,0,0,0,0,-80000,0,0,0,0,80000,-80000,-80000
051455,樺漢元大96購01  ,0,0,0,0,0,0,0,0,0,-80000,0,0,0,23000,103000,-80000,-80000
05178P,大立光凱基96售05,0,0,0,0,0,0,0,0,0,-80000,0,0,0,10000,90000,-80000,-80000
050764,鴻海元大94購27  ,0,0,0,0,0,0,0,0,0,-80000,0,0,0,0,80000,-80000,-80000
051344,鴻海元大95購08  ,0,0,0,0,0,0,0,0,0,-80000,0,0,0,0,80000,-80000,-80000
053501,明泰兆豐96購01  ,0,0,0,0,0,0,0,0,0,-80000,0,0,0,2000,82000,-80000,-80000
053385,聯詠元大96購02  ,0,0,0,0,0,0,0,0,0,-80000,0,0,0,3000,83000,-80000,-80000
052663,奇鋐國票97購01  ,0,0,0,0,0,0,0,0,0,-80000,0,0,0,0,80000,-80000,-80000
05909P,康友元富96售02  ,0,0,0,0,0,0,0,0,0,-80000,0,0,0,1000,81000,-80000,-80000
054387,台積電統一98購02,0,0,0,0,0,0,0,0,0,-81000,0,0,0,151000,232000,-81000,-81000
054736,南亞科凱基98購01,0,0,0,0,0,0,0,0,0,-81000,0,0,0,0,81000,-81000,-81000
053777,台積電元大96購20,0,0,0,0,0,0,0,0,0,-81000,0,0,0,100000,181000,-81000,-81000
053702,智易兆豐97購02  ,0,0,0,0,0,0,0,0,0,-81000,0,0,0,0,81000,-81000,-81000
05419P,矽力永豐95售02  ,0,0,0,0,0,0,0,0,0,-81000,0,0,0,1000,82000,-81000,-81000
055182,京鼎統一98購01  ,0,0,0,0,0,0,0,0,0,-81000,0,0,0,0,81000,-81000,-81000
03064P,台灣50群益01售14,0,0,0,0,0,0,0,0,0,-81000,0,0,0,5000,86000,-81000,-81000
0052,富邦科技        ,8000,4000,4000,0,0,0,0,0,0,-85000,0,0,0,105000,190000,-85000,-81000
048254,深中小統一93購01,0,0,0,0,0,0,0,0,0,-81000,0,0,0,0,81000,-81000,-81000
048509,上証反凱基99購02,0,0,0,0,0,0,0,0,0,-81000,0,0,0,4000,85000,-81000,-81000
048547,訊芯永豐93購03  ,0,0,0,0,0,0,0,0,0,-81000,0,0,0,0,81000,-81000,-81000
052744,聯詠元大97購01  ,0,0,0,0,0,0,0,0,0,-81000,0,0,0,10000,91000,-81000,-81000
051222,世紀鋼元富95購01,0,0,0,0,0,0,0,0,0,-81000,0,0,0,0,81000,-81000,-81000
051529,東元國票96購01  ,0,0,0,0,0,0,0,0,0,-81000,0,0,0,0,81000,-81000,-81000
1316,上曜            ,129000,211000,-82000,0,0,0,0,0,0,1000,1000,0,1000,0,0,0,-81000
6449,鈺邦            ,44414,134000,-89586,0,0,0,0,0,0,8000,11000,3000,8000,0,0,0,-81586
056003,智伸科永豐97購02,0,0,0,0,0,0,0,0,0,-82000,0,0,0,0,82000,-82000,-82000
045854,貿聯富邦93購01  ,0,0,0,0,0,0,0,0,0,-82000,0,0,0,72000,154000,-82000,-82000
050343,鴻海元富94購01  ,0,0,0,0,0,0,0,0,0,-82000,0,0,0,0,82000,-82000,-82000
051582,聯發科元大97購02,0,0,0,0,0,0,0,0,0,-82000,0,0,0,30000,112000,-82000,-82000
05175P,TPK富邦99售01   ,0,0,0,0,0,0,0,0,0,-82000,0,0,0,0,82000,-82000,-82000
050936,國巨國票95購04  ,0,0,0,0,0,0,0,0,0,-82000,0,0,0,0,82000,-82000,-82000
053356,聯發科統一96購07,0,0,0,0,0,0,0,0,0,-82000,0,0,0,0,82000,-82000,-82000
053418,旺宏永豐96購02  ,0,0,0,0,0,0,0,0,0,-82000,0,0,0,291000,373000,-82000,-82000
053496,義隆兆豐96購02  ,0,0,0,0,0,0,0,0,0,-82000,0,0,0,12000,94000,-82000,-82000
05306P,泰碩國泰97售01  ,0,0,0,0,0,0,0,0,0,-82000,0,0,0,199000,281000,-82000,-82000
052977,奇力新麥證97購01,0,0,0,5000,87000,-82000,0,0,0,-82000,0,0,0,5000,87000,-82000,-82000
053015,緯創統一96購01  ,0,0,0,0,0,0,0,0,0,-82000,0,0,0,3000,85000,-82000,-82000
06025P,臺股指元大99售02,0,0,0,0,0,0,0,0,0,-82000,0,0,0,0,82000,-82000,-82000
2022,聚亨            ,61000,143000,-82000,0,0,0,0,0,0,0,0,0,0,0,0,0,-82000
055804,祥碩永豐97購02  ,0,0,0,0,0,0,0,0,0,-83000,0,0,0,21000,104000,-83000,-83000
05569P,漢唐統一97售01  ,0,0,0,0,0,0,0,0,0,-83000,0,0,0,25000,108000,-83000,-83000
05499P,聯詠元富95售02  ,0,0,0,0,0,0,0,0,0,-83000,0,0,0,0,83000,-83000,-83000
053606,臺股指永昌96購02,0,0,0,0,0,0,0,0,0,-83000,0,0,0,0,83000,-83000,-83000
053817,華新科群益97購02,0,0,0,0,0,0,0,0,0,-83000,0,0,0,26000,109000,-83000,-83000
04553P,S&P正2中信95售01,0,0,0,0,0,0,0,0,0,-83000,0,0,0,20000,103000,-83000,-83000
03881P,易華電永豐93售02,0,0,0,0,0,0,0,0,0,-83000,0,0,0,0,83000,-83000,-83000
049242,佳世達元富96購01,0,0,0,0,0,0,0,0,0,-83000,0,0,0,7000,90000,-83000,-83000
047897,可成群益94購01  ,0,0,0,0,0,0,0,0,0,-83000,0,0,0,17000,100000,-83000,-83000
047509,技嘉國票93購01  ,0,0,0,0,0,0,0,0,0,-83000,0,0,0,0,83000,-83000,-83000
052637,欣興凱基97購01  ,0,0,0,0,0,0,0,0,0,-83000,0,0,0,0,83000,-83000,-83000
052590,祥碩永豐96購01  ,0,0,0,0,0,0,0,0,0,-83000,0,0,0,57000,140000,-83000,-83000
051328,力山永豐95購01  ,0,0,0,0,0,0,0,0,0,-83000,0,0,0,0,83000,-83000,-83000
05973P,聯詠元大96售06  ,0,0,0,0,0,0,0,0,0,-83000,0,0,0,22000,105000,-83000,-83000
054724,鴻海日盛97購02  ,0,0,0,0,0,0,0,0,0,-84000,0,0,0,0,84000,-84000,-84000
05757P,旺宏永豐96售03  ,0,0,0,0,0,0,0,0,0,-84000,0,0,0,0,84000,-84000,-84000
045387,信邦元大92購01  ,0,0,0,0,0,0,0,0,0,-84000,0,0,0,16000,100000,-84000,-84000
049529,華新科中信95購01,0,0,0,0,0,0,0,0,0,-84000,0,0,0,50000,134000,-84000,-84000
049240,華通元富94購01  ,0,0,0,0,0,0,0,0,0,-84000,0,0,0,1000,85000,-84000,-84000
051088,台積電元大95購09,0,0,0,0,0,0,0,0,0,-84000,0,0,0,10000,94000,-84000,-84000
052308,大立光國泰97購02,0,0,0,0,0,0,0,0,0,-84000,0,0,0,118000,202000,-84000,-84000
056111,力成永豐97購01  ,0,0,0,0,0,0,0,0,0,-85000,0,0,0,0,85000,-85000,-85000
054847,創意兆豐97購01  ,0,0,0,0,0,0,0,0,0,-85000,0,0,0,0,85000,-85000,-85000
054834,帆宣中信97購01  ,0,0,0,0,0,0,0,0,0,-85000,0,0,0,0,85000,-85000,-85000
049477,泰鼎永豐94購01  ,0,0,0,0,0,0,0,0,0,-85000,0,0,0,8000,93000,-85000,-85000
046610,義隆國票93購01  ,0,0,0,0,0,0,0,0,0,-85000,0,0,0,109000,194000,-85000,-85000
046208,滬深2X元富95購03,0,0,0,0,0,0,0,0,0,-85000,0,0,0,100000,185000,-85000,-85000
03563P,台灣50群益02售14,0,0,0,0,0,0,0,0,0,-85000,0,0,0,315000,400000,-85000,-85000
050228,中磊中信96購01  ,0,0,0,0,0,0,0,0,0,-85000,0,0,0,5000,90000,-85000,-85000
049967,華新科國票94購07,0,0,0,0,0,0,0,0,0,-85000,0,0,0,40000,125000,-85000,-85000
053474,聯發科元大97購06,0,0,0,0,0,0,0,0,0,-85000,0,0,0,2000,87000,-85000,-85000
051396,健鼎兆豐95購01  ,0,0,0,0,0,0,0,0,0,-85000,0,0,0,0,85000,-85000,-85000
051242,台積電元大96購06,0,0,0,0,0,0,0,0,0,-85000,0,0,0,738000,823000,-85000,-85000
054756,世紀鋼凱基99購01,0,0,0,0,0,0,0,0,0,-86000,0,0,0,0,86000,-86000,-86000
05425P,華邦電亞東96售02,0,0,0,0,0,0,0,0,0,-86000,0,0,0,2000,88000,-86000,-86000
054494,訊芯台新96購01  ,0,0,0,0,0,0,0,0,0,-86000,0,0,0,0,86000,-86000,-86000
055202,神達群益97購01  ,0,0,0,0,0,0,0,0,0,-86000,0,0,0,0,86000,-86000,-86000
043063,台郡中信92購01  ,0,0,0,0,0,0,0,0,0,-86000,0,0,0,0,86000,-86000,-86000
00663L,國泰臺灣加權正2 ,0,12000,-12000,0,0,0,0,0,0,-74000,0,0,0,27000,101000,-74000,-86000
04898P,瑞儀中信95售01  ,0,0,0,0,0,0,0,0,0,-86000,0,0,0,0,86000,-86000,-86000
047412,鴻海永昌93購05  ,0,0,0,0,0,0,0,0,0,-86000,0,0,0,147000,233000,-86000,-86000
049220,聯發科國票95購02,0,0,0,0,0,0,0,0,0,-86000,0,0,0,0,86000,-86000,-86000
050928,日月光凱基95購01,0,0,0,0,0,0,0,0,0,-86000,0,0,0,3000,89000,-86000,-86000
053152,大立光元大99購01,0,0,0,0,0,0,0,0,0,-86000,0,0,0,8000,94000,-86000,-86000
06038P,國泰金台新96售01,0,0,0,0,0,0,0,0,0,-86000,0,0,0,0,86000,-86000,-86000
06190P,玉晶光永豐97售05,0,0,0,0,0,0,0,0,0,-86000,0,0,0,10000,96000,-86000,-86000
6168,宏齊            ,63000,142000,-79000,0,0,0,0,0,0,-7000,0,7000,-7000,0,0,0,-86000
055219,啟碁凱基98購01  ,0,0,0,0,0,0,0,0,0,-87000,0,0,0,0,87000,-87000,-87000
055136,聯發科富邦99購06,0,0,0,0,0,0,0,0,0,-87000,0,0,0,11000,98000,-87000,-87000
054576,健策元大98購03  ,0,0,0,0,0,0,0,0,0,-87000,0,0,0,0,87000,-87000,-87000
03637C,臺股指凱基94牛18,0,0,0,0,0,0,0,0,0,-87000,0,0,0,99000,186000,-87000,-87000
04592P,台積電元大94售10,0,0,0,0,0,0,0,0,0,-87000,0,0,0,30000,117000,-87000,-87000
04554P,可成中信94售01  ,0,0,0,0,0,0,0,0,0,-87000,0,0,0,0,87000,-87000,-87000
049030,凌華群益94購01  ,0,0,0,0,0,0,0,0,0,-87000,0,0,0,0,87000,-87000,-87000
050377,華通第一94購01  ,0,0,0,0,0,0,0,0,0,-87000,0,0,0,12000,99000,-87000,-87000
049693,可成元大94購08  ,0,0,0,0,0,0,0,0,0,-87000,0,0,0,13000,100000,-87000,-87000
052923,台積電永豐96購02,0,0,0,0,0,0,0,0,0,-87000,0,0,0,0,87000,-87000,-87000
051213,華新科統一95購01,0,0,0,0,0,0,0,0,0,-87000,0,0,0,10000,97000,-87000,-87000
051389,台達電兆豐95購01,0,0,0,0,0,0,0,0,0,-87000,0,0,0,20000,107000,-87000,-87000
06014P,聯發科富邦97售02,0,0,0,0,0,0,0,0,0,-87000,0,0,0,41000,128000,-87000,-87000
054708,華通統一97購02  ,0,0,0,0,0,0,0,0,0,-88000,0,0,0,0,88000,-88000,-88000
05501P,健策國票97售01  ,0,0,0,0,0,0,0,0,0,-88000,0,0,0,650000,738000,-88000,-88000
055033,漢唐富邦98購01  ,0,0,0,0,0,0,0,0,0,-88000,0,0,0,0,88000,-88000,-88000
055309,冠德群益97購01  ,0,0,0,0,0,0,0,0,0,-88000,0,0,0,0,88000,-88000,-88000
05659P,A50正2中信97售01,0,0,0,0,0,0,0,0,0,-88000,0,0,0,22000,110000,-88000,-88000
05801P,正崴兆豐96售01  ,0,0,0,0,0,0,0,0,0,-88000,0,0,0,25000,113000,-88000,-88000
044462,漢唐兆豐93購01  ,0,0,0,0,0,0,0,0,0,-88000,0,0,0,14000,102000,-88000,-88000
049425,喬山兆豐95購01  ,0,0,0,0,0,0,0,0,0,-88000,0,0,0,0,88000,-88000,-88000
04358P,TPK永豐94售01   ,0,0,0,0,0,0,0,0,0,-88000,0,0,0,0,88000,-88000,-88000
050430,京元電凱基94購03,0,0,0,0,0,0,0,0,0,-88000,0,0,0,0,88000,-88000,-88000
050224,台泥中信94購01  ,0,0,0,0,0,0,0,0,0,-88000,0,0,0,0,88000,-88000,-88000
049084,欣興凱基94購03  ,0,0,0,0,0,0,0,0,0,-88000,0,0,0,5000,93000,-88000,-88000
04851P,創意永豐94售02  ,0,0,0,0,0,0,0,0,0,-88000,0,0,0,0,88000,-88000,-88000
048146,大立光統一93購11,0,0,0,0,0,0,0,0,0,-88000,0,0,0,15000,103000,-88000,-88000
051624,智邦麥證95購02  ,0,0,0,5000,93000,-88000,0,0,0,-88000,0,0,0,5000,93000,-88000,-88000
053499,禾伸堂兆豐96購01,0,0,0,0,0,0,0,0,0,-88000,0,0,0,6000,94000,-88000,-88000
053534,微星永豐96購02  ,0,0,0,0,0,0,0,0,0,-88000,0,0,0,6000,94000,-88000,-88000
05892P,大立光中信98售03,0,0,0,0,0,0,0,0,0,-88000,0,0,0,0,88000,-88000,-88000
05828P,台積電統一97售02,0,0,0,0,0,0,0,0,0,-88000,0,0,0,175000,263000,-88000,-88000
054676,牧德台新98購01  ,0,0,0,0,0,0,0,0,0,-89000,0,0,0,0,89000,-89000,-89000
054808,東元元大9A購01  ,0,0,0,0,0,0,0,0,0,-89000,0,0,0,37000,126000,-89000,-89000
05434P,世紀鋼元富95售02,0,0,0,0,0,0,0,0,0,-89000,0,0,0,0,89000,-89000,-89000
041870,A50正2凱基96購01,0,0,0,0,0,0,0,0,0,-89000,0,0,0,20000,109000,-89000,-89000
04375P,卜蜂元大94售01  ,0,0,0,0,0,0,0,0,0,-89000,0,0,0,0,89000,-89000,-89000
053163,上証2X群益9A購02,0,0,0,0,0,0,0,0,0,-89000,0,0,0,11000,100000,-89000,-89000
052855,群創日盛99購01  ,0,0,0,0,0,0,0,0,0,-89000,0,0,0,55000,144000,-89000,-89000
051709,TPK群益95購02   ,0,0,0,0,0,0,0,0,0,-89000,0,0,0,0,89000,-89000,-89000
05908P,大立光元富96售05,0,0,0,0,0,0,0,0,0,-89000,0,0,0,0,89000,-89000,-89000
2206,三陽工業        ,127000,209000,-82000,0,0,0,0,0,0,-7000,4000,11000,-7000,0,0,0,-89000
9955,佳龍            ,109000,197000,-88000,0,0,0,0,0,0,-1000,4000,5000,-1000,0,0,0,-89000
9925,新保            ,5000,94000,-89000,0,0,0,0,0,0,0,1000,1000,0,0,0,0,-89000
054764,亞光國票98購01  ,0,0,0,0,0,0,0,0,0,-90000,0,0,0,0,90000,-90000,-90000
054148,矽創元大96購03  ,0,0,0,0,0,0,0,0,0,-90000,0,0,0,17000,107000,-90000,-90000
054043,漢唐元大97購01  ,0,0,0,0,0,0,0,0,0,-90000,0,0,0,14000,104000,-90000,-90000
055298,啟碁元大97購02  ,0,0,0,0,0,0,0,0,0,-90000,0,0,0,0,90000,-90000,-90000
054990,凌陽元富97購01  ,0,0,0,0,0,0,0,0,0,-90000,0,0,0,0,90000,-90000,-90000
04599P,南亞科凱基94售03,0,0,0,0,0,0,0,0,0,-90000,0,0,0,100000,190000,-90000,-90000
046671,彩晶元大93購03  ,0,0,0,0,0,0,0,0,0,-90000,0,0,0,17000,107000,-90000,-90000
03861P,群創元富99售01  ,0,0,0,0,0,0,0,0,0,-90000,0,0,0,25000,115000,-90000,-90000
049611,緯穎兆豐95購02  ,0,0,0,0,0,0,0,0,0,-90000,0,0,0,4000,94000,-90000,-90000
046291,友達統一94購01  ,0,0,0,0,0,0,0,0,0,-90000,0,0,0,28000,118000,-90000,-90000
047316,大立光元大94購01,0,0,0,0,0,0,0,0,0,-90000,0,0,0,0,90000,-90000,-90000
050697,冠德凱基96購01  ,0,0,0,0,0,0,0,0,0,-90000,0,0,0,55000,145000,-90000,-90000
050611,鴻海元大95購02  ,0,0,0,0,0,0,0,0,0,-90000,0,0,0,0,90000,-90000,-90000
047954,漢唐永豐93購02  ,0,0,0,0,0,0,0,0,0,-90000,0,0,0,0,90000,-90000,-90000
049935,南電元大94購08  ,0,0,0,0,0,0,0,0,0,-90000,0,0,0,10000,100000,-90000,-90000
04767P,台積電國泰95售04,0,0,0,0,0,0,0,0,0,-90000,0,0,0,26000,116000,-90000,-90000
048762,寶齡凱基94購01  ,0,0,0,0,0,0,0,0,0,-90000,0,0,0,6000,96000,-90000,-90000
051796,和碩康和95購01  ,0,0,0,0,0,0,0,0,0,-90000,0,0,0,0,90000,-90000,-90000
051458,臺股指元大95購18,0,0,0,0,0,0,0,0,0,-90000,0,0,0,0,90000,-90000,-90000
051365,瀚宇博國泰97購01,0,0,0,0,0,0,0,0,0,-90000,0,0,0,0,90000,-90000,-90000
051352,南亞科元大95購02,0,0,0,0,0,0,0,0,0,-90000,0,0,0,16000,106000,-90000,-90000
050911,光磊中信98購01  ,0,0,0,0,0,0,0,0,0,-90000,0,0,0,30000,120000,-90000,-90000
052567,台積電凱基96購05,0,0,0,0,0,0,0,0,0,-90000,0,0,0,0,90000,-90000,-90000
053201,美律日盛96購01  ,0,0,0,0,0,0,0,0,0,-90000,0,0,0,10000,100000,-90000,-90000
053466,華通元大98購01  ,0,0,0,0,0,0,0,0,0,-90000,0,0,0,6000,96000,-90000,-90000
053363,旺宏國泰98購02  ,0,0,0,0,0,0,0,0,0,-90000,0,0,0,31000,121000,-90000,-90000
05334P,臺股指國票95售03,0,0,0,0,0,0,0,0,0,-90000,0,0,0,10000,100000,-90000,-90000
05863P,滬深2X元大96售09,0,0,0,0,0,0,0,0,0,-90000,0,0,0,10000,100000,-90000,-90000
055339,緯穎兆豐98購01  ,0,0,0,0,0,0,0,0,0,-91000,0,0,0,3000,94000,-91000,-91000
05670P,台積電國票98售01,0,0,0,0,0,0,0,0,0,-91000,0,0,0,2000,93000,-91000,-91000
05655P,南亞科統一96售01,0,0,0,0,0,0,0,0,0,-91000,0,0,0,2000,93000,-91000,-91000
053883,大立光中信98購02,0,0,0,0,0,0,0,0,0,-91000,0,0,0,0,91000,-91000,-91000
044759,新日興凱基93購01,0,0,0,0,0,0,0,0,0,-91000,0,0,0,0,91000,-91000,-91000
047194,世紀鋼元大96購01,0,0,0,0,0,0,0,0,0,-91000,0,0,0,3000,94000,-91000,-91000
047055,旭富國票93購01  ,0,0,0,0,0,0,0,0,0,-91000,0,0,0,0,91000,-91000,-91000
052996,聯電康和96購01  ,0,0,0,0,0,0,0,0,0,-91000,0,0,0,0,91000,-91000,-91000
052569,聯發科凱基96購08,0,0,0,0,0,0,0,0,0,-91000,0,0,0,130000,221000,-91000,-91000
052417,聯發科兆豐9B購01,0,0,0,0,0,0,0,0,0,-91000,0,0,0,0,91000,-91000,-91000
05894P,友達群益98售02  ,0,0,0,0,0,0,0,0,0,-91000,0,0,0,0,91000,-91000,-91000
1339,昭輝            ,172000,263000,-91000,0,0,0,0,0,0,0,0,0,0,0,0,0,-91000
06330P,南亞科群益97售03,0,0,0,0,0,0,0,0,0,-91000,0,0,0,0,91000,-91000,-91000
3454,晶睿            ,27000,117300,-90300,0,0,0,0,0,0,-1000,0,1000,-1000,0,0,0,-91300
054188,欣興永豐96購03  ,0,0,0,0,0,0,0,0,0,-92000,0,0,0,6000,98000,-92000,-92000
055579,健策統一9A購01  ,0,0,0,0,0,0,0,0,0,-92000,0,0,0,0,92000,-92000,-92000
05553P,智原群益96售01  ,0,0,0,0,0,0,0,0,0,-92000,0,0,0,0,92000,-92000,-92000
055518,華新科中信99購01,0,0,0,0,0,0,0,0,0,-92000,0,0,0,0,92000,-92000,-92000
05497P,聯詠統一96售01  ,0,0,0,0,0,0,0,0,0,-92000,0,0,0,0,92000,-92000,-92000
049950,南亞科群益94購02,0,0,0,0,0,0,0,0,0,-92000,0,0,0,3000,95000,-92000,-92000
048969,兆赫元大94購01  ,0,0,0,0,0,0,0,0,0,-92000,0,0,0,20000,112000,-92000,-92000
050065,冠德凱基94購01  ,0,0,0,0,0,0,0,0,0,-92000,0,0,0,0,92000,-92000,-92000
047124,華新中信93購01  ,0,0,0,0,0,0,0,0,0,-92000,0,0,0,3000,95000,-92000,-92000
048277,建準永豐93購02  ,0,0,0,0,0,0,0,0,0,-92000,0,0,0,0,92000,-92000,-92000
052396,台積電凱基97購01,0,0,0,0,0,0,0,0,0,-92000,0,0,0,3000,95000,-92000,-92000
05347P,滬深2X元富9B售02,0,0,0,0,0,0,0,0,0,-92000,0,0,0,8000,100000,-92000,-92000
051158,嘉晶富邦96購01  ,0,0,0,0,0,0,0,0,0,-92000,0,0,0,0,92000,-92000,-92000
051576,台積電元大97購02,0,0,0,0,0,0,0,0,0,-92000,0,0,0,0,92000,-92000,-92000
052065,臺股指國票95購12,0,0,0,0,0,0,0,0,0,-92000,0,0,0,0,92000,-92000,-92000
3048,益登            ,181000,252000,-71000,0,0,0,0,0,0,-21000,1000,22000,-21000,0,0,0,-92000
1723,中碳            ,26000,120000,-94000,0,0,0,0,0,0,2000,3000,1000,2000,0,0,0,-92000
05842P,台積電元大96售15,0,0,0,0,0,0,0,0,0,-92000,0,0,0,8000,100000,-92000,-92000
055581,和大元大97購04  ,0,0,0,0,0,0,0,0,0,-93000,0,0,0,7000,100000,-93000,-93000
054220,國巨統一97購02  ,0,0,0,0,0,0,0,0,0,-93000,0,0,0,1000,94000,-93000,-93000
054650,南亞麥證97購01  ,0,0,0,1000,94000,-93000,0,0,0,-93000,0,0,0,1000,94000,-93000,-93000
054320,國喬台新96購01  ,0,0,0,0,0,0,0,0,0,-93000,0,0,0,0,93000,-93000,-93000
046286,高鐵兆豐93購01  ,0,0,0,0,0,0,0,0,0,-93000,0,0,0,22000,115000,-93000,-93000
044900,建準凱基93購01  ,0,0,0,0,0,0,0,0,0,-93000,0,0,0,0,93000,-93000,-93000
048305,深100凱基96購01 ,0,0,0,0,0,0,0,0,0,-93000,0,0,0,33000,126000,-93000,-93000
050309,亞泥兆豐94購01  ,0,0,0,0,0,0,0,0,0,-93000,0,0,0,81000,174000,-93000,-93000
05208P,TPK中信95售01   ,0,0,0,0,0,0,0,0,0,-93000,0,0,0,5000,98000,-93000,-93000
051568,智邦富邦95購01  ,0,0,0,0,0,0,0,0,0,-93000,0,0,0,30000,123000,-93000,-93000
053545,上銀凱基96購03  ,0,0,0,0,0,0,0,0,0,-93000,0,0,0,2000,95000,-93000,-93000
05300P,健策元大95售02  ,0,0,0,0,0,0,0,0,0,-93000,0,0,0,0,93000,-93000,-93000
053139,滬深2X永豐98購01,0,0,0,0,0,0,0,0,0,-93000,0,0,0,0,93000,-93000,-93000
06159P,牧德元富97售02  ,0,0,0,0,0,0,0,0,0,-93000,0,0,0,7000,100000,-93000,-93000
3023,信邦            ,562000,594629,-32629,0,0,0,22000,0,22000,-83000,1000,67000,-66000,1000,18000,-17000,-93629
054370,台積電中信9A購01,0,0,0,0,0,0,0,0,0,-94000,0,0,0,10000,104000,-94000,-94000
05807P,泰鼎永豐96售03  ,0,0,0,0,0,0,0,0,0,-94000,0,0,0,36000,130000,-94000,-94000
044960,京元電兆豐93購01,0,0,0,0,0,0,0,0,0,-94000,0,0,0,0,94000,-94000,-94000
045015,玉晶光元大94購01,0,0,0,0,0,0,0,0,0,-94000,0,0,0,1000,95000,-94000,-94000
046090,冠德兆豐92購01  ,0,0,0,0,0,0,0,0,0,-94000,0,0,0,0,94000,-94000,-94000
044306,瑞儀兆豐93購02  ,0,0,0,0,0,0,0,0,0,-94000,0,0,0,0,94000,-94000,-94000
045366,富邦金兆豐92購01,0,0,0,0,0,0,0,0,0,-94000,0,0,0,0,94000,-94000,-94000
046348,嘉澤兆豐93購01  ,0,0,0,0,0,0,0,0,0,-94000,0,0,0,0,94000,-94000,-94000
045796,廣達中信93購01  ,0,0,0,0,0,0,0,0,0,-94000,0,0,0,0,94000,-94000,-94000
049605,旺宏第一94購01  ,0,0,0,0,0,0,0,0,0,-94000,0,0,0,0,94000,-94000,-94000
049530,上銀台新94購01  ,0,0,0,0,0,0,0,0,0,-94000,0,0,0,0,94000,-94000,-94000
049525,華新科兆豐94購01,0,0,0,0,0,0,0,0,0,-94000,0,0,0,0,94000,-94000,-94000
044822,南電兆豐93購01  ,0,0,0,0,0,0,0,0,0,-94000,0,0,0,0,94000,-94000,-94000
044816,漢唐兆豐93購02  ,0,0,0,0,0,0,0,0,0,-94000,0,0,0,0,94000,-94000,-94000
043068,TPK兆豐93購01   ,0,0,0,0,0,0,0,0,0,-94000,0,0,0,0,94000,-94000,-94000
042895,鴻海永昌93購03  ,0,0,0,0,0,0,0,0,0,-94000,0,0,0,0,94000,-94000,-94000
042735,TPK兆豐92購01   ,0,0,0,0,0,0,0,0,0,-94000,0,0,0,0,94000,-94000,-94000
050310,卜蜂兆豐94購01  ,0,0,0,0,0,0,0,0,0,-94000,0,0,0,0,94000,-94000,-94000
050314,晶技兆豐94購01  ,0,0,0,0,0,0,0,0,0,-94000,0,0,0,0,94000,-94000,-94000
050213,華新科台新94購03,0,0,0,0,0,0,0,0,0,-94000,0,0,0,0,94000,-94000,-94000
050628,美律中信94購02  ,0,0,0,0,0,0,0,0,0,-94000,0,0,0,0,94000,-94000,-94000
050561,上証2X元富97購01,0,0,0,0,0,0,0,0,0,-94000,0,0,0,5000,99000,-94000,-94000
050500,台積電凱基94購36,0,0,0,0,0,0,0,0,0,-94000,0,0,0,0,94000,-94000,-94000
050469,聯電台新94購01  ,0,0,0,0,0,0,0,0,0,-94000,0,0,0,0,94000,-94000,-94000
048157,美律兆豐93購01  ,0,0,0,0,0,0,0,0,0,-94000,0,0,0,0,94000,-94000,-94000
049048,玉晶光台新94購01,0,0,0,0,0,0,0,0,0,-94000,0,0,0,0,94000,-94000,-94000
049187,義隆台新94購01  ,0,0,0,0,0,0,0,0,0,-94000,0,0,0,0,94000,-94000,-94000
047164,亞光台新93購01  ,0,0,0,0,0,0,0,0,0,-94000,0,0,0,0,94000,-94000,-94000
047536,正崴日盛93購01  ,0,0,0,0,0,0,0,0,0,-94000,0,0,0,0,94000,-94000,-94000
047677,亞德客台新93購01,0,0,0,0,0,0,0,0,0,-94000,0,0,0,0,94000,-94000,-94000
048021,滬深反凱基93購02,0,0,0,0,0,0,0,0,0,-94000,0,0,0,46000,140000,-94000,-94000
049788,智伸科兆豐95購01,0,0,0,0,0,0,0,0,0,-94000,0,0,0,0,94000,-94000,-94000
047780,友達中信96購01  ,0,0,0,0,0,0,0,0,0,-94000,0,0,0,0,94000,-94000,-94000
049873,華新科台新94購02,0,0,0,0,0,0,0,0,0,-94000,0,0,0,0,94000,-94000,-94000
049866,景碩兆豐94購01  ,0,0,0,0,0,0,0,0,0,-94000,0,0,0,0,94000,-94000,-94000
049861,正崴兆豐94購01  ,0,0,0,0,0,0,0,0,0,-94000,0,0,0,0,94000,-94000,-94000
047077,日月光兆豐93購01,0,0,0,0,0,0,0,0,0,-94000,0,0,0,0,94000,-94000,-94000
047072,義隆兆豐94購01  ,0,0,0,0,0,0,0,0,0,-94000,0,0,0,0,94000,-94000,-94000
052583,友達台新96購02  ,0,0,0,0,0,0,0,0,0,-94000,0,0,0,0,94000,-94000,-94000
052794,群創兆豐97購01  ,0,0,0,0,0,0,0,0,0,-94000,0,0,0,0,94000,-94000,-94000
051601,群創兆豐95購02  ,0,0,0,0,0,0,0,0,0,-94000,0,0,0,0,94000,-94000,-94000
052113,漢唐中信98購01  ,0,0,0,0,0,0,0,0,0,-94000,0,0,0,7000,101000,-94000,-94000
052070,GIS兆豐95購03   ,0,0,0,0,0,0,0,0,0,-94000,0,0,0,0,94000,-94000,-94000
052204,台泥中信96購01  ,0,0,0,0,0,0,0,0,0,-94000,0,0,0,0,94000,-94000,-94000
051875,聯發科兆豐95購04,0,0,0,0,0,0,0,0,0,-94000,0,0,0,0,94000,-94000,-94000
051281,健策兆豐96購01  ,0,0,0,0,0,0,0,0,0,-94000,0,0,0,0,94000,-94000,-94000
051054,正崴群益95購01  ,0,0,0,0,0,0,0,0,0,-94000,0,0,0,1000,95000,-94000,-94000
051036,喬山台新95購01  ,0,0,0,0,0,0,0,0,0,-94000,0,0,0,0,94000,-94000,-94000
2030,彰源            ,12000,104000,-92000,0,0,0,0,0,0,-2000,1000,3000,-2000,0,0,0,-94000
05890P,彩晶元大99售01  ,0,0,0,0,0,0,0,0,0,-94000,0,0,0,0,94000,-94000,-94000
055213,大成鋼凱基98購01,0,0,0,0,0,0,0,0,0,-95000,0,0,0,0,95000,-95000,-95000
054156,聯電亞東98購01  ,0,0,0,0,0,0,0,0,0,-95000,0,0,0,0,95000,-95000,-95000
053700,臺股指元大96購23,0,0,0,0,0,0,0,0,0,-95000,0,0,0,0,95000,-95000,-95000
049522,華通兆豐94購02  ,0,0,0,0,0,0,0,0,0,-95000,0,0,0,0,95000,-95000,-95000
045213,A50正2元大95購01,0,0,0,0,0,0,0,0,0,-95000,0,0,0,0,95000,-95000,-95000
046487,鴻海永昌92購01  ,0,0,0,0,0,0,0,0,0,-95000,0,0,0,668000,763000,-95000,-95000
048591,台郡兆豐94購01  ,0,0,0,0,0,0,0,0,0,-95000,0,0,0,0,95000,-95000,-95000
049977,瑞昱凱基94購03  ,0,0,0,0,0,0,0,0,0,-95000,0,0,0,2000,97000,-95000,-95000
048926,燿華永豐95購01  ,0,0,0,0,0,0,0,0,0,-95000,0,0,0,0,95000,-95000,-95000
053437,啟碁日盛96購01  ,0,0,0,0,0,0,0,0,0,-95000,0,0,0,0,95000,-95000,-95000
2423,固緯            ,23000,117000,-94000,0,0,0,0,0,0,-1000,0,1000,-1000,0,0,0,-95000
3056,總太            ,438000,533000,-95000,0,0,0,0,0,0,0,1000,1000,0,0,0,0,-95000
053885,全新兆豐96購01  ,0,0,0,0,0,0,0,0,0,-96000,0,0,0,0,96000,-96000,-96000
054109,南亞科凱基96購05,0,0,0,0,0,0,0,0,0,-96000,0,0,0,0,96000,-96000,-96000
05420P,大立光國泰97售03,0,0,0,0,0,0,0,0,0,-96000,0,0,0,120000,216000,-96000,-96000
05424P,台達電亞東96售02,0,0,0,0,0,0,0,0,0,-96000,0,0,0,0,96000,-96000,-96000
049460,宏達電元富94購01,0,0,0,0,0,0,0,0,0,-96000,0,0,0,4000,100000,-96000,-96000
03826P,瀚宇博元大95售01,0,0,0,0,0,0,0,0,0,-96000,0,0,0,0,96000,-96000,-96000
044852,華邦電國泰93購02,0,0,0,0,0,0,0,0,0,-96000,0,0,0,0,96000,-96000,-96000
042644,貿聯兆豐92購01  ,0,0,0,0,0,0,0,0,0,-96000,0,0,0,25000,121000,-96000,-96000
05044P,亞德客永豐95售01,0,0,0,0,0,0,0,0,0,-96000,0,0,0,0,96000,-96000,-96000
048862,中磊群益94購01  ,0,0,0,0,0,0,0,0,0,-96000,0,0,0,2000,98000,-96000,-96000
050822,亞光凱基95購01  ,0,0,0,0,0,0,0,0,0,-96000,0,0,0,12000,108000,-96000,-96000
05197P,智原永豐95售02  ,0,0,0,0,0,0,0,0,0,-96000,0,0,0,0,96000,-96000,-96000
052104,英業達兆豐96購01,0,0,0,0,0,0,0,0,0,-96000,0,0,0,7000,103000,-96000,-96000
2514,龍邦            ,10000,106000,-96000,0,0,0,0,0,0,0,0,0,0,0,0,0,-96000
1558,伸興            ,38000,107002,-69002,0,0,0,0,0,0,-27000,1000,28000,-27000,0,0,0,-96002
054089,台積電群益96購11,0,0,0,0,0,0,0,0,0,-97000,0,0,0,130000,227000,-97000,-97000
04293P,滬深2X元大96售02,0,0,0,0,0,0,0,0,0,-97000,0,0,0,3000,100000,-97000,-97000
04647P,上海銀凱基94售04,0,0,0,0,0,0,0,0,0,-97000,0,0,0,80000,177000,-97000,-97000
048849,光寶科群益94購01,0,0,0,0,0,0,0,0,0,-97000,0,0,0,0,97000,-97000,-97000
048302,上証反凱基93購01,0,0,0,0,0,0,0,0,0,-97000,0,0,0,18000,115000,-97000,-97000
04900P,矽格中信94售02  ,0,0,0,0,0,0,0,0,0,-97000,0,0,0,5000,102000,-97000,-97000
052105,南亞科兆豐95購01,0,0,0,0,0,0,0,0,0,-97000,0,0,0,16000,113000,-97000,-97000
052124,京鼎國票95購01  ,0,0,0,0,0,0,0,0,0,-97000,0,0,0,10000,107000,-97000,-97000
051761,富邦金元大96購01,0,0,0,0,0,0,0,0,0,-97000,0,0,0,0,97000,-97000,-97000
053172,瑞儀群益97購01  ,0,0,0,0,0,0,0,0,0,-97000,0,0,0,3000,100000,-97000,-97000
052914,奇力新元富96購01,0,0,0,0,0,0,0,0,0,-97000,0,0,0,75000,172000,-97000,-97000
052908,大成鋼統一96購01,0,0,0,0,0,0,0,0,0,-97000,0,0,0,102000,199000,-97000,-97000
05245P,台積電元大95售18,0,0,0,0,0,0,0,0,0,-97000,0,0,0,199000,296000,-97000,-97000
052342,茂林凱基96購01  ,0,0,0,0,0,0,0,0,0,-97000,0,0,0,3000,100000,-97000,-97000
3708,上緯投控        ,265000,353000,-88000,0,0,0,1000,0,1000,-10000,1000,1000,0,1000,11000,-10000,-97000
06283P,祥碩永豐97售01  ,0,0,0,0,0,0,0,0,0,-97000,0,0,0,35000,132000,-97000,-97000
054233,聯發科群益96購04,0,0,0,0,0,0,0,0,0,-98000,0,0,0,6000,104000,-98000,-98000
053814,美律群益97購02  ,0,0,0,0,0,0,0,0,0,-98000,0,0,0,37000,135000,-98000,-98000
054654,全新麥證99購01  ,0,0,0,0,98000,-98000,0,0,0,-98000,0,0,0,0,98000,-98000,-98000
054800,訊芯群益99購01  ,0,0,0,0,0,0,0,0,0,-98000,0,0,0,0,98000,-98000,-98000
046606,世紀鋼群益93購01,0,0,0,0,0,0,0,0,0,-98000,0,0,0,0,98000,-98000,-98000
049546,正崴群益94購01  ,0,0,0,0,0,0,0,0,0,-98000,0,0,0,0,98000,-98000,-98000
00733,富邦臺灣中小    ,0,0,0,0,0,0,0,0,0,-98000,0,0,0,203000,301000,-98000,-98000
04381P,世紀鋼元大94售01,0,0,0,0,0,0,0,0,0,-98000,0,0,0,17000,115000,-98000,-98000
047842,聯茂元大93購06  ,0,0,0,0,0,0,0,0,0,-98000,0,0,0,2000,100000,-98000,-98000
047724,智邦群益93購03  ,0,0,0,0,0,0,0,0,0,-98000,0,0,0,0,98000,-98000,-98000
047420,全新富邦97購01  ,0,0,0,0,0,0,0,0,0,-98000,0,0,0,0,98000,-98000,-98000
050491,旺宏國泰96購01  ,0,0,0,0,0,0,0,0,0,-98000,0,0,0,15000,113000,-98000,-98000
050355,瑞儀群益94購01  ,0,0,0,0,0,0,0,0,0,-98000,0,0,0,0,98000,-98000,-98000
050344,鴻海元富96購01  ,0,0,0,0,0,0,0,0,0,-98000,0,0,0,0,98000,-98000,-98000
052275,日月光群益95購01,0,0,0,0,0,0,0,0,0,-98000,0,0,0,0,98000,-98000,-98000
052538,和大統一95購02  ,0,0,0,0,0,0,0,0,0,-98000,0,0,0,15000,113000,-98000,-98000
052763,晶技群益97購01  ,0,0,0,0,0,0,0,0,0,-98000,0,0,0,0,98000,-98000,-98000
053300,大成鋼凱基96購02,0,0,0,0,0,0,0,0,0,-98000,0,0,0,0,98000,-98000,-98000
052182,鴻海群益96購01  ,0,0,0,0,0,0,0,0,0,-98000,0,0,0,30000,128000,-98000,-98000
052145,京元電群益95購02,0,0,0,0,0,0,0,0,0,-98000,0,0,0,0,98000,-98000,-98000
051942,寶成群益95購01  ,0,0,0,0,0,0,0,0,0,-98000,0,0,0,0,98000,-98000,-98000
050828,康控凱基95購01  ,0,0,0,0,0,0,0,0,0,-98000,0,0,0,0,98000,-98000,-98000
050944,智邦群益95購01  ,0,0,0,0,0,0,0,0,0,-98000,0,0,0,0,98000,-98000,-98000
051409,美律國票96購01  ,0,0,0,0,0,0,0,0,0,-98000,0,0,0,0,98000,-98000,-98000
051182,旺宏永豐95購01  ,0,0,0,0,0,0,0,0,0,-98000,0,0,0,11000,109000,-98000,-98000
051119,光寶科群益95購01,0,0,0,0,0,0,0,0,0,-98000,0,0,0,0,98000,-98000,-98000
06331P,南亞科群益97售04,0,0,0,0,0,0,0,0,0,-98000,0,0,0,0,98000,-98000,-98000
053707,A50正2凱基99購02,0,0,0,0,0,0,0,0,0,-99000,0,0,0,1000,100000,-99000,-99000
045947,欣興兆豐93購04  ,0,0,0,0,0,0,0,0,0,-99000,0,0,0,10000,109000,-99000,-99000
046728,明泰元大93購01  ,0,0,0,0,0,0,0,0,0,-99000,0,0,0,1000,100000,-99000,-99000
042805,智邦統一93購01  ,0,0,0,0,0,0,0,0,0,-99000,0,0,0,0,99000,-99000,-99000
04575P,新日興統一94售02,0,0,0,0,0,0,0,0,0,-99000,0,0,0,1000,100000,-99000,-99000
045043,台達電凱基93購01,0,0,0,0,0,0,0,0,0,-99000,0,0,0,1000,100000,-99000,-99000
045089,中磊元大94購01  ,0,0,0,0,0,0,0,0,0,-99000,0,0,0,1000,100000,-99000,-99000
045189,大立光元富98購01,0,0,0,0,0,0,0,0,0,-99000,0,0,0,5000,104000,-99000,-99000
050315,和碩兆豐95購01  ,0,0,0,0,0,0,0,0,0,-99000,0,0,0,55000,154000,-99000,-99000
049267,瀚宇博元大95購02,0,0,0,0,0,0,0,0,0,-99000,0,0,0,1000,100000,-99000,-99000
047361,致茂群益93購01  ,0,0,0,0,0,0,0,0,0,-99000,0,0,0,1000,100000,-99000,-99000
047750,開發金元富93購01,0,0,0,0,0,0,0,0,0,-99000,0,0,0,30000,129000,-99000,-99000
048045,上銀永豐93購02  ,0,0,0,0,0,0,0,0,0,-99000,0,0,0,124000,223000,-99000,-99000
047565,美律國票93購02  ,0,0,0,0,0,0,0,0,0,-99000,0,0,0,0,99000,-99000,-99000
051358,台新金元大95購01,0,0,0,0,0,0,0,0,0,-99000,0,0,0,1000,100000,-99000,-99000
050846,緯創國票96購01  ,0,0,0,0,0,0,0,0,0,-99000,0,0,0,0,99000,-99000,-99000
051953,矽力元富95購03  ,0,0,0,0,0,0,0,0,0,-99000,0,0,0,39000,138000,-99000,-99000
05218P,大立光永昌96售04,0,0,0,0,0,0,0,0,0,-99000,0,0,0,1031000,1130000,-99000,-99000
053292,美律中信98購01  ,0,0,0,0,0,0,0,0,0,-99000,0,0,0,5000,104000,-99000,-99000
053219,祥碩凱基96購01  ,0,0,0,0,0,0,0,0,0,-99000,0,0,0,78000,177000,-99000,-99000
052642,滬深2X永豐96購03,0,0,0,0,0,0,0,0,0,-99000,0,0,0,2000,101000,-99000,-99000
052886,世紀鋼兆豐96購01,0,0,0,0,0,0,0,0,0,-99000,0,0,0,10000,109000,-99000,-99000
053797,台積電中信98購01,0,0,0,0,0,0,0,0,0,-100000,0,0,0,10000,110000,-100000,-100000
053862,南亞科元大97購02,0,0,0,0,0,0,0,0,0,-100000,0,0,0,0,100000,-100000,-100000
054184,A50正2永豐96購01,0,0,0,0,0,0,0,0,0,-100000,0,0,0,0,100000,-100000,-100000
054080,微星中信98購01  ,0,0,0,0,0,0,0,0,0,-100000,0,0,0,3000,103000,-100000,-100000
054129,技嘉元大96購02  ,0,0,0,0,0,0,0,0,0,-100000,0,0,0,5000,105000,-100000,-100000
054849,日月光兆豐97購01,0,0,0,0,0,0,0,0,0,-100000,0,0,0,0,100000,-100000,-100000
054596,聯發科麥證97購01,0,0,0,0,100000,-100000,0,0,0,-100000,0,0,0,0,100000,-100000,-100000
054582,致新元大97購01  ,0,0,0,0,0,0,0,0,0,-100000,0,0,0,0,100000,-100000,-100000
05430P,台積電統一95售07,0,0,0,0,0,0,0,0,0,-100000,0,0,0,0,100000,-100000,-100000
055269,和大元大97購02  ,0,0,0,0,0,0,0,0,0,-100000,0,0,0,0,100000,-100000,-100000
055283,聯發科元大97購16,0,0,0,0,0,0,0,0,0,-100000,0,0,0,33000,133000,-100000,-100000
055649,華新科元富97購03,0,0,0,0,0,0,0,0,0,-100000,0,0,0,0,100000,-100000,-100000
055768,臺股指群益97購06,0,0,0,0,0,0,0,0,0,-100000,0,0,0,0,100000,-100000,-100000
055993,致茂國泰99購01  ,0,0,0,0,0,0,0,0,0,-100000,0,0,0,0,100000,-100000,-100000
044242,宏達電統一93購01,0,0,0,0,0,0,0,0,0,-100000,0,0,0,0,100000,-100000,-100000
046424,正文元大92購04  ,0,0,0,0,0,0,0,0,0,-100000,0,0,0,0,100000,-100000,-100000
046845,燿華永豐93購01  ,0,0,0,0,0,0,0,0,0,-100000,0,0,0,0,100000,-100000,-100000
045824,嘉聯益凱基93購02,0,0,0,0,0,0,0,0,0,-100000,0,0,0,0,100000,-100000,-100000
045713,台達電凱基93購02,0,0,0,0,0,0,0,0,0,-100000,0,0,0,0,100000,-100000,-100000
045372,台塑元大92購01  ,0,0,0,0,0,0,0,0,0,-100000,0,0,0,0,100000,-100000,-100000
049620,美食群益94購01  ,0,0,0,0,0,0,0,0,0,-100000,0,0,0,0,100000,-100000,-100000
049305,元油2X凱基95購06,0,0,0,0,0,0,0,0,0,-100000,0,0,0,0,100000,-100000,-100000
04296P,技嘉元大93售01  ,0,0,0,0,0,0,0,0,0,-100000,0,0,0,0,100000,-100000,-100000
04302P,和碩中信93售01  ,0,0,0,0,0,0,0,0,0,-100000,0,0,0,0,100000,-100000,-100000
04050P,創意元大93售05  ,0,0,0,0,0,0,0,0,0,-100000,0,0,0,0,100000,-100000,-100000
04080P,可成元大93售11  ,0,0,0,0,0,0,0,0,0,-100000,0,0,0,0,100000,-100000,-100000
03767P,瑞昱元大93售05  ,0,0,0,0,0,0,0,0,0,-100000,0,0,0,0,100000,-100000,-100000
046702,旺宏元富93購02  ,0,0,0,0,0,0,0,0,0,-100000,0,0,0,0,100000,-100000,-100000
04478P,元油2X中信95售03,0,0,0,0,0,0,0,0,0,-100000,0,0,0,0,100000,-100000,-100000
04345P,景碩國泰94售02  ,0,0,0,0,0,0,0,0,0,-100000,0,0,0,50000,150000,-100000,-100000
043390,康控元大93購01  ,0,0,0,0,0,0,0,0,0,-100000,0,0,0,0,100000,-100000,-100000
04227P,滬深2X永豐94售04,0,0,0,0,0,0,0,0,0,-100000,0,0,0,0,100000,-100000,-100000
03910P,GIS元大93售09   ,0,0,0,0,0,0,0,0,0,-100000,0,0,0,0,100000,-100000,-100000
04122P,瑞昱凱基93售09  ,0,0,0,0,0,0,0,0,0,-100000,0,0,0,0,100000,-100000,-100000
047537,聯發科日盛93購01,0,0,0,0,0,0,0,0,0,-100000,0,0,0,0,100000,-100000,-100000
047528,高鐵元大93購03  ,0,0,0,0,0,0,0,0,0,-100000,0,0,0,58000,158000,-100000,-100000
047181,智邦元大93購06  ,0,0,0,0,0,0,0,0,0,-100000,0,0,0,0,100000,-100000,-100000
050073,傳奇凱基94購02  ,0,0,0,0,0,0,0,0,0,-100000,0,0,0,0,100000,-100000,-100000
048054,鴻海國泰95購01  ,0,0,0,0,0,0,0,0,0,-100000,0,0,0,0,100000,-100000,-100000
048801,漢唐富邦96購02  ,0,0,0,0,0,0,0,0,0,-100000,0,0,0,0,100000,-100000,-100000
047799,技嘉兆豐93購01  ,0,0,0,0,0,0,0,0,0,-100000,0,0,0,0,100000,-100000,-100000
047712,宏達電凱基93購01,0,0,0,0,0,0,0,0,0,-100000,0,0,0,0,100000,-100000,-100000
049773,臺股指元富94購02,0,0,0,0,0,0,0,0,0,-100000,0,0,0,20000,120000,-100000,-100000
047828,華新元大93購03  ,0,0,0,0,0,0,0,0,0,-100000,0,0,0,0,100000,-100000,-100000
049706,世紀鋼元大95購02,0,0,0,0,0,0,0,0,0,-100000,0,0,0,0,100000,-100000,-100000
049837,臺股指凱基96購02,0,0,0,0,0,0,0,0,0,-100000,0,0,0,0,100000,-100000,-100000
047028,新日興元大93購02,0,0,0,0,0,0,0,0,0,-100000,0,0,0,0,100000,-100000,-100000
049013,川湖群益94購01  ,0,0,0,0,0,0,0,0,0,-100000,0,0,0,2000,102000,-100000,-100000
048632,大成鋼元大93購02,0,0,0,0,0,0,0,0,0,-100000,0,0,0,0,100000,-100000,-100000
047906,中石化元大94購01,0,0,0,0,0,0,0,0,0,-100000,0,0,0,0,100000,-100000,-100000
047949,燿華台新93購01  ,0,0,0,0,0,0,0,0,0,-100000,0,0,0,0,100000,-100000,-100000
047940,台光電國票93購01,0,0,0,0,0,0,0,0,0,-100000,0,0,0,0,100000,-100000,-100000
048681,漢唐富邦96購01  ,0,0,0,0,0,0,0,0,0,-100000,0,0,0,0,100000,-100000,-100000
050113,欣興元大95購05  ,0,0,0,0,0,0,0,0,0,-100000,0,0,0,0,100000,-100000,-100000
049955,崇越群益95購01  ,0,0,0,0,0,0,0,0,0,-100000,0,0,0,0,100000,-100000,-100000
047386,南亞科元大93購01,0,0,0,0,0,0,0,0,0,-100000,0,0,0,0,100000,-100000,-100000
047348,台光電凱基94購02,0,0,0,0,0,0,0,0,0,-100000,0,0,0,0,100000,-100000,-100000
048112,宏達電群益93購05,0,0,0,0,0,0,0,0,0,-100000,0,0,0,150000,250000,-100000,-100000
050539,鴻海凱基95購07  ,0,0,0,0,0,0,0,0,0,-100000,0,0,0,80000,180000,-100000,-100000
048306,A50反1凱基93購01,0,0,0,0,0,0,0,0,0,-100000,0,0,0,0,100000,-100000,-100000
048825,華新科凱基94購05,0,0,0,0,0,0,0,0,0,-100000,0,0,0,0,100000,-100000,-100000
049034,台達電兆豐94購01,0,0,0,0,0,0,0,0,0,-100000,0,0,0,5000,105000,-100000,-100000
049111,元油2X統一94購03,0,0,0,0,0,0,0,0,0,-100000,0,0,0,0,100000,-100000,-100000
049167,元油2X凱基97購03,0,0,0,0,0,0,0,0,0,-100000,0,0,0,0,100000,-100000,-100000
04914P,國巨國泰95售06  ,0,0,0,0,0,0,0,0,0,-100000,0,0,0,0,100000,-100000,-100000
049741,創意群益94購02  ,0,0,0,0,0,0,0,0,0,-100000,0,0,0,0,100000,-100000,-100000
04728P,美律亞東94售02  ,0,0,0,0,0,0,0,0,0,-100000,0,0,0,0,100000,-100000,-100000
052678,群創富邦96購01  ,0,0,0,0,0,0,0,0,0,-100000,0,0,0,10000,110000,-100000,-100000
052717,正文凱基96購01  ,0,0,0,0,0,0,0,0,0,-100000,0,0,0,50000,150000,-100000,-100000
052718,新唐凱基96購01  ,0,0,0,0,0,0,0,0,0,-100000,0,0,0,0,100000,-100000,-100000
052372,台泥元大95購02  ,0,0,0,0,0,0,0,0,0,-100000,0,0,0,0,100000,-100000,-100000
053208,鴻海凱基96購13  ,0,0,0,0,0,0,0,0,0,-100000,0,0,0,0,100000,-100000,-100000
053373,台泥元大96購01  ,0,0,0,0,0,0,0,0,0,-100000,0,0,0,0,100000,-100000,-100000
053487,台泥兆豐97購01  ,0,0,0,0,0,0,0,0,0,-100000,0,0,0,0,100000,-100000,-100000
052214,智伸科元大96購01,0,0,0,0,0,0,0,0,0,-100000,0,0,0,0,100000,-100000,-100000
052021,易華電永豐95購03,0,0,0,0,0,0,0,0,0,-100000,0,0,0,0,100000,-100000,-100000
051700,深中小群益99購04,0,0,0,0,0,0,0,0,0,-100000,0,0,0,0,100000,-100000,-100000
051841,南茂國泰96購01  ,0,0,0,0,0,0,0,0,0,-100000,0,0,0,0,100000,-100000,-100000
050945,致茂群益95購01  ,0,0,0,0,0,0,0,0,0,-100000,0,0,0,8000,108000,-100000,-100000
051014,智邦凱基95購01  ,0,0,0,0,0,0,0,0,0,-100000,0,0,0,0,100000,-100000,-100000
051224,華通群益96購03  ,0,0,0,0,0,0,0,0,0,-100000,0,0,0,0,100000,-100000,-100000
051218,聯發科元富9B購02,0,0,0,0,0,0,0,0,0,-100000,0,0,0,0,100000,-100000,-100000
051194,大立光中信96購02,0,0,0,0,0,0,0,0,0,-100000,0,0,0,6000,106000,-100000,-100000
05123P,鴻海永昌96售07  ,0,0,0,0,0,0,0,0,0,-100000,0,0,0,602000,702000,-100000,-100000
051263,深中小富邦96購01,0,0,0,0,0,0,0,0,0,-100000,0,0,0,0,100000,-100000,-100000
07383P,聯發科群益99售06,0,0,0,0,0,0,0,0,0,-100000,0,0,0,0,100000,-100000,-100000
06259P,臺股指群益97售12,0,0,0,0,0,0,0,0,0,-100000,0,0,0,0,100000,-100000,-100000
06234P,亞德客元大97售02,0,0,0,0,0,0,0,0,0,-100000,0,0,0,0,100000,-100000,-100000
06110P,國巨國泰98售02  ,0,0,0,0,0,0,0,0,0,-100000,0,0,0,169000,269000,-100000,-100000
06035P,同欣電凱基96售03,0,0,0,0,0,0,0,0,0,-100000,0,0,0,0,100000,-100000,-100000
055516,上銀中信97購01  ,0,0,0,0,0,0,0,0,0,-101000,0,0,0,0,101000,-101000,-101000
055128,致新兆豐97購01  ,0,0,0,0,0,0,0,0,0,-101000,0,0,0,0,101000,-101000,-101000
054473,鴻海中信96購02  ,0,0,0,0,0,0,0,0,0,-101000,0,0,0,0,101000,-101000,-101000
053911,臺股指凱基96購31,0,0,0,0,0,0,0,0,0,-101000,0,0,0,13000,114000,-101000,-101000
04162P,南亞科統一94售02,0,0,0,0,0,0,0,0,0,-101000,0,0,0,26000,127000,-101000,-101000
04021P,寶滬深元富93售01,0,0,0,0,0,0,0,0,0,-101000,0,0,0,20000,121000,-101000,-101000
043601,亞光元大93購01  ,0,0,0,0,0,0,0,0,0,-101000,0,0,0,0,101000,-101000,-101000
049436,義隆國泰96購02  ,0,0,0,0,0,0,0,0,0,-101000,0,0,0,2000,103000,-101000,-101000
045168,欣興中信93購02  ,0,0,0,0,0,0,0,0,0,-101000,0,0,0,0,101000,-101000,-101000
050158,上海銀群益96購01,0,0,0,0,0,0,0,0,0,-101000,0,0,0,9000,110000,-101000,-101000
048781,臺股指凱基96購01,0,0,0,0,0,0,0,0,0,-101000,0,0,0,2000,103000,-101000,-101000
052067,中磊兆豐96購01  ,0,0,0,0,0,0,0,0,0,-101000,0,0,0,3000,104000,-101000,-101000
053443,智邦凱基97購01  ,0,0,0,0,0,0,0,0,0,-101000,0,0,0,3000,104000,-101000,-101000
052626,上証2X中信9A購01,0,0,0,0,0,0,0,0,0,-101000,0,0,0,0,101000,-101000,-101000
06328P,台積電中信01售02,0,0,0,0,0,0,0,0,0,-101000,0,0,0,25000,126000,-101000,-101000
053936,旺宏元富96購04  ,0,0,0,0,0,0,0,0,0,-102000,0,0,0,0,102000,-102000,-102000
054075,GIS富邦97購02   ,0,0,0,0,0,0,0,0,0,-102000,0,0,0,0,102000,-102000,-102000
054063,聯茂國票97購02  ,0,0,0,0,0,0,0,0,0,-102000,0,0,0,0,102000,-102000,-102000
054104,T50反1凱基9A購02,0,0,0,0,0,0,0,0,0,-102000,0,0,0,0,102000,-102000,-102000
053789,彩晶元大9C購02  ,0,0,0,0,0,0,0,0,0,-102000,0,0,0,194000,296000,-102000,-102000
053686,台積電元大97購08,0,0,0,0,0,0,0,0,0,-102000,0,0,0,361000,463000,-102000,-102000
053593,晶技元大98購01  ,0,0,0,0,0,0,0,0,0,-102000,0,0,0,0,102000,-102000,-102000
05473P,聯詠統一97售02  ,0,0,0,0,0,0,0,0,0,-102000,0,0,0,15000,117000,-102000,-102000
055930,可成群益98購01  ,0,0,0,0,0,0,0,0,0,-102000,0,0,0,0,102000,-102000,-102000
05728P,滬深2X凱基98售03,0,0,0,0,0,0,0,0,0,-102000,0,0,0,0,102000,-102000,-102000
049625,智易群益95購01  ,0,0,0,0,0,0,0,0,0,-102000,0,0,0,22000,124000,-102000,-102000
04037P,中磊群益93售02  ,0,0,0,0,0,0,0,0,0,-102000,0,0,0,0,102000,-102000,-102000
04157P,鎧勝永豐93售02  ,0,0,0,0,0,0,0,0,0,-102000,0,0,0,0,102000,-102000,-102000
043748,漢唐元大93購01  ,0,0,0,0,0,0,0,0,0,-102000,0,0,0,0,102000,-102000,-102000
052215,樺漢元大96購02  ,0,0,0,0,0,0,0,0,0,-102000,0,0,0,25000,127000,-102000,-102000
051267,美律富邦96購01  ,0,0,0,0,0,0,0,0,0,-102000,0,0,0,14000,116000,-102000,-102000
051233,力成群益97購01  ,0,0,0,0,0,0,0,0,0,-102000,0,0,0,1000,103000,-102000,-102000
4956,光鋐            ,72000,173000,-101000,0,0,0,0,0,0,-1000,0,1000,-1000,0,0,0,-102000
6672,騰輝電子-KY     ,67000,169000,-102000,0,0,0,0,0,0,0,0,0,0,0,0,0,-102000
054605,鴻海永豐97購01  ,0,0,0,0,0,0,0,0,0,-103000,0,0,0,0,103000,-103000,-103000
054916,聯發科凱基98購04,0,0,0,0,0,0,0,0,0,-103000,0,0,0,0,103000,-103000,-103000
042801,達邁元大93購01  ,0,0,0,0,0,0,0,0,0,-103000,0,0,0,37000,140000,-103000,-103000
049617,光罩群益94購03  ,0,0,0,0,0,0,0,0,0,-103000,0,0,0,70000,173000,-103000,-103000
049523,微星兆豐94購02  ,0,0,0,0,0,0,0,0,0,-103000,0,0,0,2000,105000,-103000,-103000
049490,京元電元大95購02,0,0,0,0,0,0,0,0,0,-103000,0,0,0,4000,107000,-103000,-103000
046899,鴻海凱基93購21  ,0,0,0,0,0,0,0,0,0,-103000,0,0,0,0,103000,-103000,-103000
052388,旺宏群益96購05  ,0,0,0,0,0,0,0,0,0,-103000,0,0,0,0,103000,-103000,-103000
053318,全新群益99購01  ,0,0,0,0,0,0,0,0,0,-103000,0,0,0,0,103000,-103000,-103000
054610,聯發科永豐97購01,0,0,0,0,0,0,0,0,0,-104000,0,0,0,6000,110000,-104000,-104000
054430,上銀台新96購02  ,0,0,0,0,0,0,0,0,0,-104000,0,0,0,0,104000,-104000,-104000
049420,日電貿凱基94購01,0,0,0,0,0,0,0,0,0,-104000,0,0,0,0,104000,-104000,-104000
044819,新日興兆豐93購02,0,0,0,0,0,0,0,0,0,-104000,0,0,0,1000,105000,-104000,-104000
047710,聯發科凱基93購21,0,0,0,0,0,0,0,0,0,-104000,0,0,0,23000,127000,-104000,-104000
047653,上銀兆豐94購01  ,0,0,0,0,0,0,0,0,0,-104000,0,0,0,0,104000,-104000,-104000
052450,嘉澤元大95購03  ,0,0,0,0,0,0,0,0,0,-104000,0,0,0,5000,109000,-104000,-104000
051345,鴻海元大95購09  ,0,0,0,0,0,0,0,0,0,-104000,0,0,0,6000,110000,-104000,-104000
050735,亞光台新94購01  ,0,0,0,0,0,0,0,0,0,-104000,0,0,0,0,104000,-104000,-104000
4532,瑞智            ,72000,177000,-105000,0,0,0,0,0,0,1000,4000,3000,1000,0,0,0,-104000
05740P,宏達電元富96售01,0,0,0,0,0,0,0,0,0,-105000,0,0,0,33000,138000,-105000,-105000
055272,國巨元大98購04  ,0,0,0,0,0,0,0,0,0,-105000,0,0,0,0,105000,-105000,-105000
055285,華新科元大99購03,0,0,0,0,0,0,0,0,0,-105000,0,0,0,5000,110000,-105000,-105000
046896,臻鼎群益94購01  ,0,0,0,0,0,0,0,0,0,-105000,0,0,0,5000,110000,-105000,-105000
049932,GIS元大94購03   ,0,0,0,0,0,0,0,0,0,-105000,0,0,0,95000,200000,-105000,-105000
04863P,技嘉元大94售02  ,0,0,0,0,0,0,0,0,0,-105000,0,0,0,0,105000,-105000,-105000
048575,旺宏國泰94購04  ,0,0,0,0,0,0,0,0,0,-105000,0,0,0,0,105000,-105000,-105000
049027,智易群益94購02  ,0,0,0,0,0,0,0,0,0,-105000,0,0,0,0,105000,-105000,-105000
049843,康友中信95購01  ,0,0,0,0,0,0,0,0,0,-105000,0,0,0,60000,165000,-105000,-105000
049236,元油2X元富96購06,0,0,0,0,0,0,0,0,0,-105000,0,0,0,0,105000,-105000,-105000
049295,全新群益94購02  ,0,0,0,0,0,0,0,0,0,-105000,0,0,0,0,105000,-105000,-105000
052533,聯發科國泰96購03,0,0,0,0,0,0,0,0,0,-105000,0,0,0,95000,200000,-105000,-105000
053118,大立光中信9C購01,0,0,0,0,0,0,0,0,0,-105000,0,0,0,35000,140000,-105000,-105000
053063,力山群益98購01  ,0,0,0,0,0,0,0,0,0,-105000,0,0,0,0,105000,-105000,-105000
3596,智易            ,459000,602000,-143000,0,0,0,0,8000,-8000,46000,139000,21000,118000,76000,148000,-72000,-105000
049515,同欣電凱基94購01,0,0,0,0,0,0,0,0,0,-106000,0,0,0,0,106000,-106000,-106000
049607,台積電兆豐94購04,0,0,0,0,0,0,0,0,0,-106000,0,0,0,6000,112000,-106000,-106000
046293,聯發科統一94購01,0,0,0,0,0,0,0,0,0,-106000,0,0,0,892000,998000,-106000,-106000
046577,東元元大92購02  ,0,0,0,0,0,0,0,0,0,-106000,0,0,0,3000,109000,-106000,-106000
048279,聯鈞永豐93購01  ,0,0,0,0,0,0,0,0,0,-106000,0,0,0,12000,118000,-106000,-106000
04839P,大立光元大94售17,0,0,0,0,0,0,0,0,0,-106000,0,0,0,0,106000,-106000,-106000
050092,鴻海永豐94購04  ,0,0,0,0,0,0,0,0,0,-106000,0,0,0,4000,110000,-106000,-106000
048008,聯發科富邦95購02,0,0,0,0,0,0,0,0,0,-106000,0,0,0,0,106000,-106000,-106000
9935,慶豐富          ,297000,464000,-167000,0,0,0,0,0,0,61000,3000,4000,-1000,70000,8000,62000,-106000
05526P,茂林群益96售03  ,0,0,0,0,0,0,0,0,0,-107000,0,0,0,4000,111000,-107000,-107000
054132,聯發科元大97購10,0,0,0,0,0,0,0,0,0,-107000,0,0,0,3000,110000,-107000,-107000
054177,牧德台新97購01  ,0,0,0,0,0,0,0,0,0,-107000,0,0,0,0,107000,-107000,-107000
049463,華新科富邦97購01,0,0,0,0,0,0,0,0,0,-107000,0,0,0,0,107000,-107000,-107000
04378P,大立光元大94售05,0,0,0,0,0,0,0,0,0,-107000,0,0,0,0,107000,-107000,-107000
00690,兆豐藍籌30      ,0,0,0,0,0,0,0,0,0,-107000,0,0,0,9000,116000,-107000,-107000
048773,貿聯凱基94購01  ,0,0,0,0,0,0,0,0,0,-107000,0,0,0,5000,112000,-107000,-107000
048247,聯發科兆豐93購03,0,0,0,0,0,0,0,0,0,-107000,0,0,0,0,107000,-107000,-107000
050093,國巨永豐94購05  ,0,0,0,0,0,0,0,0,0,-107000,0,0,0,0,107000,-107000,-107000
049363,旺宏元大94購07  ,0,0,0,0,0,0,0,0,0,-107000,0,0,0,6000,113000,-107000,-107000
049219,聯發科國票95購01,0,0,0,0,0,0,0,0,0,-107000,0,0,0,34000,141000,-107000,-107000
053028,康控富邦98購01  ,0,0,0,0,0,0,0,0,0,-107000,0,0,0,10000,117000,-107000,-107000
053165,大立光群益96購03,0,0,0,0,0,0,0,0,0,-107000,0,0,0,18000,125000,-107000,-107000
053463,可成富邦98購01  ,0,0,0,0,0,0,0,0,0,-107000,0,0,0,28000,135000,-107000,-107000
052674,智邦國泰98購01  ,0,0,0,0,0,0,0,0,0,-107000,0,0,0,30000,137000,-107000,-107000
050867,聯鈞永豐95購01  ,0,0,0,0,0,0,0,0,0,-107000,0,0,0,39000,146000,-107000,-107000
051927,國巨中信96購01  ,0,0,0,0,0,0,0,0,0,-107000,0,0,0,77000,184000,-107000,-107000
054553,宏達電凱基99購01,0,0,0,0,0,0,0,0,0,-108000,0,0,0,0,108000,-108000,-108000
054376,聯茂中信97購01  ,0,0,0,0,0,0,0,0,0,-108000,0,0,0,0,108000,-108000,-108000
055413,全新富邦98購01  ,0,0,0,0,0,0,0,0,0,-108000,0,0,0,0,108000,-108000,-108000
055530,聯發科群益98購01,0,0,0,0,0,0,0,0,0,-108000,0,0,0,0,108000,-108000,-108000
055488,華邦電元大98購01,0,0,0,0,0,0,0,0,0,-108000,0,0,0,2000,110000,-108000,-108000
05696P,南亞科凱基96售01,0,0,0,0,0,0,0,0,0,-108000,0,0,0,2000,110000,-108000,-108000
044986,上銀統一92購01  ,0,0,0,0,0,0,0,0,0,-108000,0,0,0,0,108000,-108000,-108000
045318,鴻海統一92購03  ,0,0,0,0,0,0,0,0,0,-108000,0,0,0,0,108000,-108000,-108000
049036,燿華兆豐95購01  ,0,0,0,0,0,0,0,0,0,-108000,0,0,0,0,108000,-108000,-108000
047301,啟碁國泰94購01  ,0,0,0,0,0,0,0,0,0,-108000,0,0,0,0,108000,-108000,-108000
048490,寶成富邦93購01  ,0,0,0,0,0,0,0,0,0,-108000,0,0,0,0,108000,-108000,-108000
050225,亞泥中信94購01  ,0,0,0,0,0,0,0,0,0,-108000,0,0,0,0,108000,-108000,-108000
050340,鴻海統一94購07  ,0,0,0,0,0,0,0,0,0,-108000,0,0,0,0,108000,-108000,-108000
048679,大成鋼富邦93購01,0,0,0,0,0,0,0,0,0,-108000,0,0,0,0,108000,-108000,-108000
048673,智伸科永豐93購02,0,0,0,0,0,0,0,0,0,-108000,0,0,0,0,108000,-108000,-108000
048742,瀚宇博統一94購01,0,0,0,0,0,0,0,0,0,-108000,0,0,0,0,108000,-108000,-108000
05286P,矽力統一95售02  ,0,0,0,0,0,0,0,0,0,-108000,0,0,0,0,108000,-108000,-108000
052481,利勤群益95購01  ,0,0,0,0,0,0,0,0,0,-108000,0,0,0,10000,118000,-108000,-108000
06249P,億光統一97售02  ,0,0,0,0,0,0,0,0,0,-108000,0,0,0,0,108000,-108000,-108000
05764P,世紀鋼永豐96售03,0,0,0,0,0,0,0,0,0,-109000,0,0,0,0,109000,-109000,-109000
045535,A50正2群益94購01,0,0,0,0,0,0,0,0,0,-109000,0,0,0,0,109000,-109000,-109000
048724,台達電日盛94購01,0,0,0,0,0,0,0,0,0,-109000,0,0,0,0,109000,-109000,-109000
047469,華通中信93購01  ,0,0,0,0,0,0,0,0,0,-109000,0,0,0,5000,114000,-109000,-109000
049895,國巨統一94購04  ,0,0,0,0,0,0,0,0,0,-109000,0,0,0,1000,110000,-109000,-109000
048606,聯發科日盛93購02,0,0,0,0,0,0,0,0,0,-109000,0,0,0,0,109000,-109000,-109000
052398,瑞昱凱基95購06  ,0,0,0,0,0,0,0,0,0,-109000,0,0,0,0,109000,-109000,-109000
053555,日月光凱基97購01,0,0,0,0,0,0,0,0,0,-109000,0,0,0,11000,120000,-109000,-109000
051835,百和元大95購03  ,0,0,0,0,0,0,0,0,0,-109000,0,0,0,6000,115000,-109000,-109000
06044P,同欣電永豐96售03,0,0,0,0,0,0,0,0,0,-109000,0,0,0,0,109000,-109000,-109000
06193P,台積電元富97售04,0,0,0,0,0,0,0,0,0,-109000,0,0,0,30000,139000,-109000,-109000
05977P,旺宏永豐96售06  ,0,0,0,0,0,0,0,0,0,-109000,0,0,0,0,109000,-109000,-109000
05701P,彩晶凱基96售01  ,0,0,0,0,0,0,0,0,0,-110000,0,0,0,0,110000,-110000,-110000
05631P,國巨富邦9A售01  ,0,0,0,0,0,0,0,0,0,-110000,0,0,0,34000,144000,-110000,-110000
055851,智原元大98購01  ,0,0,0,0,0,0,0,0,0,-110000,0,0,0,0,110000,-110000,-110000
055694,光罩國票98購01  ,0,0,0,0,0,0,0,0,0,-110000,0,0,0,20000,130000,-110000,-110000
055481,聚陽元大97購01  ,0,0,0,0,0,0,0,0,0,-110000,0,0,0,0,110000,-110000,-110000
05511P,T50反1台新06售01,0,0,0,0,0,0,0,0,0,-110000,0,0,0,0,110000,-110000,-110000
055043,中砂永豐97購01  ,0,0,0,0,0,0,0,0,0,-110000,0,0,0,0,110000,-110000,-110000
054581,訊芯元大97購02  ,0,0,0,0,0,0,0,0,0,-110000,0,0,0,16000,126000,-110000,-110000
054644,A50正2群益9B購01,0,0,0,0,0,0,0,0,0,-110000,0,0,0,0,110000,-110000,-110000
054201,聯詠富邦97購02  ,0,0,0,0,0,0,0,0,0,-110000,0,0,0,0,110000,-110000,-110000
054196,台光電國泰97購02,0,0,0,0,0,0,0,0,0,-110000,0,0,0,0,110000,-110000,-110000
053622,臺股指群益96購08,0,0,0,0,0,0,0,0,0,-110000,0,0,0,0,110000,-110000,-110000
053825,南電群益96購02  ,0,0,0,0,0,0,0,0,0,-110000,0,0,0,0,110000,-110000,-110000
03635C,滬深2X元富99牛01,0,0,0,0,0,0,0,0,0,-110000,0,0,0,142000,252000,-110000,-110000
044013,友達凱基93購01  ,0,0,0,0,0,0,0,0,0,-110000,0,0,0,2000,112000,-110000,-110000
044054,台積電元大92購08,0,0,0,0,0,0,0,0,0,-110000,0,0,0,0,110000,-110000,-110000
042089,台灣50中信94購03,0,0,0,0,0,0,0,0,0,-110000,0,0,0,0,110000,-110000,-110000
03882P,鴻海元大93售10  ,0,0,0,0,0,0,0,0,0,-110000,0,0,0,10000,120000,-110000,-110000
048638,台光電元大94購01,0,0,0,0,0,0,0,0,0,-110000,0,0,0,0,110000,-110000,-110000
04896P,上証2X中信95售01,0,0,0,0,0,0,0,0,0,-110000,0,0,0,0,110000,-110000,-110000
049668,大立光國泰96購02,0,0,0,0,0,0,0,0,0,-110000,0,0,0,44000,154000,-110000,-110000
048030,聯發科凱基93購27,0,0,0,0,0,0,0,0,0,-110000,0,0,0,0,110000,-110000,-110000
049386,嘉聯益元大95購01,0,0,0,0,0,0,0,0,0,-110000,0,0,0,0,110000,-110000,-110000
050218,世紀鋼統一94購02,0,0,0,0,0,0,0,0,0,-110000,0,0,0,0,110000,-110000,-110000
048943,智伸科永豐94購01,0,0,0,0,0,0,0,0,0,-110000,0,0,0,0,110000,-110000,-110000
050466,瑞儀中信94購01  ,0,0,0,0,0,0,0,0,0,-110000,0,0,0,0,110000,-110000,-110000
048154,旺宏兆豐94購01  ,0,0,0,0,0,0,0,0,0,-110000,0,0,0,13000,123000,-110000,-110000
048173,上海銀永豐93購02,0,0,0,0,0,0,0,0,0,-110000,0,0,0,0,110000,-110000,-110000
047262,欣興國票93購04  ,0,0,0,0,0,0,0,0,0,-110000,0,0,0,0,110000,-110000,-110000
048084,華通凱基93購05  ,0,0,0,0,0,0,0,0,0,-110000,0,0,0,7000,117000,-110000,-110000
048105,滬深2X群益99購02,0,0,0,0,0,0,0,0,0,-110000,0,0,0,0,110000,-110000,-110000
048080,元石油凱基96購01,0,0,0,0,0,0,0,0,0,-110000,0,0,0,0,110000,-110000,-110000
047210,漢唐富邦95購01  ,0,0,0,0,0,0,0,0,0,-110000,0,0,0,0,110000,-110000,-110000
051958,貿聯台新95購01  ,0,0,0,0,0,0,0,0,0,-110000,0,0,0,0,110000,-110000,-110000
051143,鴻海凱基95購11  ,0,0,0,0,0,0,0,0,0,-110000,0,0,0,0,110000,-110000,-110000
053415,聯茂國票97購01  ,0,0,0,0,0,0,0,0,0,-110000,0,0,0,0,110000,-110000,-110000
05270P,台表科元大95售05,0,0,0,0,0,0,0,0,0,-110000,0,0,0,10000,120000,-110000,-110000
1507,永大            ,63000,174000,-111000,0,0,0,0,0,0,1000,2000,1000,1000,0,0,0,-110000
3703,欣陸            ,196000,307000,-111000,0,0,0,0,0,0,1000,3000,2000,1000,0,0,0,-110000
2417,圓剛            ,30000,137000,-107000,0,0,0,0,0,0,-3000,0,3000,-3000,0,0,0,-110000
053703,緯穎兆豐96購01  ,0,0,0,0,0,0,0,0,0,-111000,0,0,0,3000,114000,-111000,-111000
054745,智易凱基97購01  ,0,0,0,0,0,0,0,0,0,-111000,0,0,0,0,111000,-111000,-111000
054865,可成群益97購01  ,0,0,0,0,0,0,0,0,0,-111000,0,0,0,0,111000,-111000,-111000
05445P,聯詠元大95售05  ,0,0,0,0,0,0,0,0,0,-111000,0,0,0,27000,138000,-111000,-111000
03564P,為升群益02售02  ,0,0,0,0,0,0,0,0,0,-111000,0,0,0,0,111000,-111000,-111000
046476,鴻海統一96購01  ,0,0,0,0,0,0,0,0,0,-111000,0,0,0,5000,116000,-111000,-111000
046589,康控元大92購03  ,0,0,0,0,0,0,0,0,0,-111000,0,0,0,0,111000,-111000,-111000
049067,元油2X凱基94購02,0,0,0,0,0,0,0,0,0,-111000,0,0,0,0,111000,-111000,-111000
048052,力成中信93購01  ,0,0,0,0,0,0,0,0,0,-111000,0,0,0,5000,116000,-111000,-111000
04987P,昇陽半永豐94售04,0,0,0,0,0,0,0,0,0,-111000,0,0,0,0,111000,-111000,-111000
052928,美律元大98購01  ,0,0,0,0,0,0,0,0,0,-111000,0,0,0,65000,176000,-111000,-111000
06010P,國泰金元富96售01,0,0,0,0,0,0,0,0,0,-111000,0,0,0,39000,150000,-111000,-111000
054371,台積電中信9C購01,0,0,0,0,0,0,0,0,0,-112000,0,0,0,10000,122000,-112000,-112000
054130,漢唐元大97購02  ,0,0,0,0,0,0,0,0,0,-112000,0,0,0,5000,117000,-112000,-112000
055626,力山永豐97購01  ,0,0,0,0,0,0,0,0,0,-112000,0,0,0,0,112000,-112000,-112000
050175,台光電元大94購08,0,0,0,0,0,0,0,0,0,-112000,0,0,0,0,112000,-112000,-112000
049091,訊連凱基94購01  ,0,0,0,0,0,0,0,0,0,-112000,0,0,0,0,112000,-112000,-112000
047296,日月光元富96購01,0,0,0,0,0,0,0,0,0,-112000,0,0,0,14000,126000,-112000,-112000
050455,貿聯元大94購02  ,0,0,0,0,0,0,0,0,0,-112000,0,0,0,0,112000,-112000,-112000
052939,富邦金兆豐96購01,0,0,0,0,0,0,0,0,0,-112000,0,0,0,0,112000,-112000,-112000
052941,康控兆豐97購01  ,0,0,0,0,0,0,0,0,0,-112000,0,0,0,10000,122000,-112000,-112000
052849,可成統一97購01  ,0,0,0,0,0,0,0,0,0,-112000,0,0,0,0,112000,-112000,-112000
053525,台積電中信96購04,0,0,0,0,0,0,0,0,0,-112000,0,0,0,0,112000,-112000,-112000
051450,世芯元大95購02  ,0,0,0,0,0,0,0,0,0,-112000,0,0,0,4000,116000,-112000,-112000
052018,京鼎永豐95購02  ,0,0,0,0,0,0,0,0,0,-112000,0,0,0,1000,113000,-112000,-112000
051708,創意群益95購02  ,0,0,0,0,0,0,0,0,0,-112000,0,0,0,1000,113000,-112000,-112000
055624,聯發科富邦99購07,0,0,0,0,0,0,0,0,0,-113000,0,0,0,0,113000,-113000,-113000
05683P,矽創元大96售01  ,2000,0,2000,0,0,0,0,0,0,-115000,0,0,0,120000,235000,-115000,-113000
054887,大毅統一98購01  ,0,0,0,0,0,0,0,0,0,-113000,0,0,0,0,113000,-113000,-113000
01010T,京城樂富R1      ,0,0,0,0,0,0,0,0,0,-113000,0,113000,-113000,0,0,0,-113000
050439,新日興凱基94購01,0,0,0,0,0,0,0,0,0,-113000,0,0,0,51000,164000,-113000,-113000
049279,元油2X國票94購02,0,0,0,0,0,0,0,0,0,-113000,0,0,0,150000,263000,-113000,-113000
048246,京元電兆豐93購02,0,0,0,0,0,0,0,0,0,-113000,0,0,0,0,113000,-113000,-113000
051178,大立光凱基95購10,0,0,0,0,0,0,0,0,0,-113000,0,0,0,74000,187000,-113000,-113000
053137,旺宏富邦98購01  ,0,0,0,0,0,0,0,0,0,-113000,0,0,0,15000,128000,-113000,-113000
053260,喬山群益96購01  ,0,0,0,0,0,0,0,0,0,-113000,0,0,0,0,113000,-113000,-113000
053870,正文元大96購01  ,0,0,0,0,0,0,0,0,0,-114000,0,0,0,151000,265000,-114000,-114000
054943,群光元大97購01  ,0,0,0,0,0,0,0,0,0,-114000,0,0,0,0,114000,-114000,-114000
042168,台灣50凱基96購01,0,0,0,0,0,0,0,0,0,-114000,0,0,0,1000,115000,-114000,-114000
04929P,同欣電凱基95售01,0,0,0,0,0,0,0,0,0,-114000,0,0,0,0,114000,-114000,-114000
049730,滬深2X群益94購02,0,0,0,0,0,0,0,0,0,-114000,0,0,0,0,114000,-114000,-114000
048156,正崴兆豐93購01  ,0,0,0,0,0,0,0,0,0,-114000,0,0,0,0,114000,-114000,-114000
053192,創意統一96購01  ,0,0,0,0,0,0,0,0,0,-114000,0,0,0,34000,148000,-114000,-114000
053405,台達電兆豐96購01,0,0,0,0,0,0,0,0,0,-114000,0,0,0,0,114000,-114000,-114000
050855,華通台新95購01  ,0,0,0,0,0,0,0,0,0,-114000,0,0,0,0,114000,-114000,-114000
055304,瑞昱第一98購01  ,0,0,0,0,0,0,0,0,0,-115000,0,0,0,0,115000,-115000,-115000
054693,神基永豐97購01  ,0,0,0,0,0,0,0,0,0,-115000,0,0,0,6000,121000,-115000,-115000
04547P,高鐵元大94售01  ,0,0,0,0,0,0,0,0,0,-115000,0,0,0,3000,118000,-115000,-115000
04437P,滬深2X群益98售03,0,0,0,0,0,0,0,0,0,-115000,0,0,0,0,115000,-115000,-115000
04252P,台達電元富93售02,0,0,0,0,0,0,0,0,0,-115000,0,0,0,1000,116000,-115000,-115000
047822,臺股指凱基93購16,0,0,0,0,0,0,0,0,0,-115000,0,0,0,12000,127000,-115000,-115000
047126,拓凱中信93購01  ,0,0,0,0,0,0,0,0,0,-115000,0,0,0,10000,125000,-115000,-115000
047569,世紀鋼國票94購02,0,0,0,0,0,0,0,0,0,-115000,0,0,0,0,115000,-115000,-115000
051414,新光金國票95購04,0,0,0,0,0,0,0,0,0,-115000,0,0,0,0,115000,-115000,-115000
051602,南茂兆豐96購01  ,0,0,0,0,0,0,0,0,0,-115000,0,0,0,0,115000,-115000,-115000
051889,智邦元富95購02  ,0,0,0,0,0,0,0,0,0,-115000,0,0,0,10000,125000,-115000,-115000
053215,禾伸堂凱基96購01,0,0,0,0,0,0,0,0,0,-115000,0,0,0,80000,195000,-115000,-115000
05930P,景碩康和96售01  ,0,0,0,0,0,0,0,0,0,-115000,0,0,0,0,115000,-115000,-115000
06198P,台積電元大98售06,0,0,0,0,0,0,0,0,0,-115000,0,0,0,140000,255000,-115000,-115000
054008,大立光元富96購06,0,0,0,0,0,0,0,0,0,-116000,0,0,0,19000,135000,-116000,-116000
054969,亞翔元大97購01  ,0,0,0,0,0,0,0,0,0,-116000,0,0,0,13000,129000,-116000,-116000
056014,上銀群益97購02  ,0,0,0,0,0,0,0,0,0,-116000,0,0,0,13000,129000,-116000,-116000
049612,香港反中信96購01,0,0,0,0,0,0,0,0,0,-116000,0,0,0,0,116000,-116000,-116000
048019,GIS麥證94購01   ,0,0,0,4000,120000,-116000,0,0,0,-116000,0,0,0,4000,120000,-116000,-116000
048083,台達電凱基93購04,0,0,0,0,0,0,0,0,0,-116000,0,0,0,4000,120000,-116000,-116000
049188,可成台新94購01  ,0,0,0,0,0,0,0,0,0,-116000,0,0,0,0,116000,-116000,-116000
052798,滬深2X元大96購07,0,0,0,0,0,0,0,0,0,-116000,0,0,0,50000,166000,-116000,-116000
052735,燿華富邦98購01  ,0,0,0,0,0,0,0,0,0,-116000,0,0,0,0,116000,-116000,-116000
052516,臺股指凱基95購20,0,0,0,0,0,0,0,0,0,-116000,0,0,0,0,116000,-116000,-116000
1409,新纖            ,363000,472000,-109000,0,0,0,0,0,0,-7000,10000,17000,-7000,0,0,0,-116000
056085,聯發科統一97購01,0,0,0,0,0,0,0,0,0,-117000,0,0,0,0,117000,-117000,-117000
053756,亞光元富96購02  ,0,0,0,0,0,0,0,0,0,-117000,0,0,0,0,117000,-117000,-117000
054386,鴻海統一98購03  ,0,0,0,0,0,0,0,0,0,-117000,0,0,0,13000,130000,-117000,-117000
049307,上銀凱基94購03  ,0,0,0,0,0,0,0,0,0,-117000,0,0,0,0,117000,-117000,-117000
045765,康控統一92購01  ,0,0,0,0,0,0,0,0,0,-117000,0,0,0,30000,147000,-117000,-117000
052170,台積電元大95購20,0,0,0,0,0,0,0,0,0,-117000,0,0,0,53000,170000,-117000,-117000
6288,聯嘉            ,573000,619000,-46000,0,0,0,0,0,0,-71000,9000,80000,-71000,0,0,0,-117000
054460,和大凱基97購01  ,0,0,0,0,0,0,0,0,0,-118000,0,0,0,20000,138000,-118000,-118000
049451,富邦金統一94購03,0,0,0,0,0,0,0,0,0,-118000,0,0,0,0,118000,-118000,-118000
04455P,台積電統一94售07,0,0,0,0,0,0,0,0,0,-118000,0,0,0,6000,124000,-118000,-118000
04620P,聯電統一94售04  ,0,0,0,0,0,0,0,0,0,-118000,0,0,0,0,118000,-118000,-118000
051623,和碩凱基96購02  ,0,0,0,0,0,0,0,0,0,-118000,0,0,0,0,118000,-118000,-118000
051705,富邦金群益97購01,0,0,0,0,0,0,0,0,0,-118000,0,0,0,0,118000,-118000,-118000
051370,聯詠富邦97購01  ,0,0,0,0,0,0,0,0,0,-118000,0,0,0,110000,228000,-118000,-118000
051327,元油2X永豐95購02,0,0,0,0,0,0,0,0,0,-118000,0,0,0,10000,128000,-118000,-118000
051109,美律統一95購02  ,0,0,0,0,0,0,0,0,0,-118000,0,0,0,30000,148000,-118000,-118000
5225,東科-KY         ,126000,241000,-115000,0,0,0,0,0,0,-3000,1000,4000,-3000,0,0,0,-118000
2499,東貝            ,267002,386000,-118998,0,0,0,0,0,0,0,0,0,0,0,0,0,-118998
054913,億光凱基97購01  ,0,0,0,0,0,0,0,0,0,-119000,0,0,0,10000,129000,-119000,-119000
054026,台積電凱基97購08,0,0,0,0,0,0,0,0,0,-119000,0,0,0,0,119000,-119000,-119000
054047,富邦金元大97購01,0,0,0,0,0,0,0,0,0,-119000,0,0,0,0,119000,-119000,-119000
042317,台灣50永豐96購01,0,0,0,0,0,0,0,0,0,-119000,0,0,0,1000,120000,-119000,-119000
047231,大立光凱基95購03,0,0,0,0,0,0,0,0,0,-119000,0,0,0,31000,150000,-119000,-119000
049799,旺宏元大96購01  ,0,0,0,0,0,0,0,0,0,-119000,0,0,0,15000,134000,-119000,-119000
04742P,瑞昱統一94售01  ,0,0,0,0,0,0,0,0,0,-119000,0,0,0,100000,219000,-119000,-119000
047068,南電凱基93購04  ,0,0,0,0,0,0,0,0,0,-119000,0,0,0,0,119000,-119000,-119000
054166,日電貿凱基98購01,0,0,0,0,0,0,0,0,0,-120000,0,0,0,2000,122000,-120000,-120000
055048,台積電永豐97購04,0,0,0,0,0,0,0,0,0,-120000,0,0,0,10000,130000,-120000,-120000
055428,友達群益9C購01  ,0,0,0,0,0,0,0,0,0,-120000,0,0,0,130000,250000,-120000,-120000
055373,聯詠元大97購03  ,0,0,0,0,0,0,0,0,0,-120000,0,0,0,3000,123000,-120000,-120000
04476P,玉晶光元大94售05,0,0,0,0,0,0,0,0,0,-120000,0,0,0,120000,240000,-120000,-120000
03427P,聯電元大02售11  ,0,0,0,0,0,0,0,0,0,-120000,0,0,0,0,120000,-120000,-120000
04106P,滬深2X永豐93售02,0,0,0,0,0,0,0,0,0,-120000,0,0,0,30000,150000,-120000,-120000
042909,順德元大94購01  ,0,0,0,0,0,0,0,0,0,-120000,0,0,0,0,120000,-120000,-120000
04958P,和大凱基94售04  ,0,0,0,0,0,0,0,0,0,-120000,0,0,0,0,120000,-120000,-120000
045795,瀚宇博兆豐94購01,0,0,0,0,0,0,0,0,0,-120000,0,0,0,0,120000,-120000,-120000
048599,和鑫國票96購01  ,0,0,0,0,0,0,0,0,0,-120000,0,0,0,0,120000,-120000,-120000
048053,美利達中信93購01,0,0,0,0,0,0,0,0,0,-120000,0,0,0,0,120000,-120000,-120000
04717P,和大凱基94售02  ,0,0,0,0,0,0,0,0,0,-120000,0,0,0,0,120000,-120000,-120000
047545,智邦凱基93購05  ,0,0,0,0,0,0,0,0,0,-120000,0,0,0,0,120000,-120000,-120000
048079,燿華日盛93購01  ,0,0,0,0,0,0,0,0,0,-120000,0,0,0,0,120000,-120000,-120000
049143,智邦元大94購02  ,0,0,0,0,0,0,0,0,0,-120000,0,0,0,5000,125000,-120000,-120000
048842,矽格凱基94購01  ,0,0,0,0,0,0,0,0,0,-120000,0,0,0,0,120000,-120000,-120000
051266,國巨富邦99購01  ,0,0,0,0,0,0,0,0,0,-120000,0,0,0,120000,240000,-120000,-120000
050946,瑞昱群益95購01  ,0,0,0,0,0,0,0,0,0,-120000,0,0,0,5000,125000,-120000,-120000
052148,康友群益95購03  ,0,0,0,0,0,0,0,0,0,-120000,0,0,0,3000,123000,-120000,-120000
052087,鴻海元大96購09  ,0,0,0,0,0,0,0,0,0,-120000,0,0,0,0,120000,-120000,-120000
051994,瀚宇博元大96購01,0,0,0,0,0,0,0,0,0,-120000,0,0,0,10000,130000,-120000,-120000
053039,聯發科凱基96購11,0,0,0,0,0,0,0,0,0,-120000,0,0,0,25000,145000,-120000,-120000
4426,利勤            ,93000,212000,-119000,0,0,0,0,0,0,-1696,1000,1000,0,0,1696,-1696,-120696
055717,聯發科元大97購19,0,0,0,0,0,0,0,0,0,-121000,0,0,0,16000,137000,-121000,-121000
055802,新日興永豐97購01,0,0,0,0,0,0,0,0,0,-121000,0,0,0,0,121000,-121000,-121000
054489,牧德台新97購02  ,0,0,0,0,0,0,0,0,0,-121000,0,0,0,0,121000,-121000,-121000
049312,亞光凱基94購02  ,0,0,0,0,0,0,0,0,0,-121000,0,0,0,19000,140000,-121000,-121000
048168,致茂永豐93購02  ,0,0,0,0,0,0,0,0,0,-121000,0,0,0,14000,135000,-121000,-121000
048010,嘉聯益富邦97購01,0,0,0,0,0,0,0,0,0,-121000,0,0,0,40000,161000,-121000,-121000
052809,訊芯元大97購01  ,0,0,0,0,0,0,0,0,0,-121000,0,0,0,17000,138000,-121000,-121000
054362,亞光凱基96購03  ,0,0,0,0,0,0,0,0,0,-122000,0,0,0,0,122000,-122000,-122000
045173,A50正2國票95購01,0,0,0,0,0,0,0,0,0,-122000,0,0,0,0,122000,-122000,-122000
044212,鴻海凱基93購04  ,0,0,0,0,0,0,0,0,0,-122000,0,0,0,0,122000,-122000,-122000
04401P,玉晶光兆豐94售01,0,0,0,0,0,0,0,0,0,-122000,0,0,0,40000,162000,-122000,-122000
04880P,GIS永豐94售02   ,0,0,0,0,0,0,0,0,0,-122000,0,0,0,0,122000,-122000,-122000
049138,台積電元大94購05,0,0,0,0,0,0,0,0,0,-122000,0,0,0,27000,149000,-122000,-122000
052879,滬深2X凱基97購02,0,0,0,0,0,0,0,0,0,-122000,0,0,0,2864000,2986000,-122000,-122000
054461,台積電凱基97購09,0,0,0,0,0,0,0,0,0,-123000,0,0,0,100000,223000,-123000,-123000
054015,晶豪科永豐96購03,0,0,0,0,0,0,0,0,0,-123000,0,0,0,10000,133000,-123000,-123000
055863,緯穎元大97購05  ,0,0,0,0,0,0,0,0,0,-123000,0,0,0,502000,625000,-123000,-123000
056069,新日興元大97購03,0,0,0,0,0,0,0,0,0,-123000,0,0,0,0,123000,-123000,-123000
047354,訊芯凱基94購01  ,0,0,0,0,0,0,0,0,0,-123000,0,0,0,0,123000,-123000,-123000
052467,嘉聯益統一96購01,0,0,0,0,0,0,0,0,0,-123000,0,0,0,0,123000,-123000,-123000
053297,鎧勝中信98購01  ,0,0,0,0,0,0,0,0,0,-123000,0,0,0,0,123000,-123000,-123000
2442,新美齊          ,91000,215000,-124000,0,0,0,2000,0,2000,-1000,1000,2000,-1000,0,0,0,-123000
06107P,美律群益98售02  ,0,0,0,0,0,0,0,0,0,-123000,0,0,0,101000,224000,-123000,-123000
6525,捷敏-KY         ,62000,162000,-100000,0,0,0,0,20000,-20000,-3000,1000,4000,-3000,0,0,0,-123000
054967,神達元大97購01  ,0,0,0,0,0,0,0,0,0,-124000,0,0,0,5000,129000,-124000,-124000
055198,奇力新第一97購01,0,0,0,0,0,0,0,0,0,-124000,0,0,0,1000,125000,-124000,-124000
054486,漢唐台新96購01  ,0,0,0,0,0,0,0,0,0,-124000,0,0,0,0,124000,-124000,-124000
049532,同欣電台新94購01,0,0,0,0,0,0,0,0,0,-124000,0,0,0,0,124000,-124000,-124000
046982,瀚宇博兆豐94購02,0,0,0,0,0,0,0,0,0,-124000,0,0,0,0,124000,-124000,-124000
053395,致茂中信96購01  ,0,0,0,0,0,0,0,0,0,-124000,0,0,0,0,124000,-124000,-124000
052439,寶成富邦97購01  ,0,0,0,0,0,0,0,0,0,-124000,0,0,0,3000,127000,-124000,-124000
054436,高鐵台新97購02  ,0,0,0,0,0,0,0,0,0,-125000,0,0,0,0,125000,-125000,-125000
05480P,滬深2X凱基96售05,0,0,0,0,0,0,0,0,0,-125000,0,0,0,0,125000,-125000,-125000
054980,國巨元富97購01  ,40000,100000,-60000,0,0,0,0,0,0,-65000,0,0,0,369000,434000,-65000,-125000
05642P,玉晶光兆豐97售02,0,0,0,0,0,0,0,0,0,-125000,0,0,0,0,125000,-125000,-125000
045473,聯茂元大92購05  ,0,0,0,0,0,0,0,0,0,-125000,0,0,0,0,125000,-125000,-125000
044531,欣興富邦93購01  ,0,0,0,0,0,0,0,0,0,-125000,0,0,0,55000,180000,-125000,-125000
04674P,全新統一95售01  ,0,0,0,0,0,0,0,0,0,-125000,0,0,0,0,125000,-125000,-125000
043156,大立光統一94購01,0,0,0,0,0,0,0,0,0,-125000,0,0,0,20000,145000,-125000,-125000
046934,智邦元富96購01  ,0,0,0,0,0,0,0,0,0,-125000,0,0,0,0,125000,-125000,-125000
051472,台積電凱基95購09,0,0,0,0,0,0,0,0,0,-125000,0,0,0,0,125000,-125000,-125000
051505,台積電元富95購05,0,0,0,0,0,0,0,0,0,-125000,0,0,0,218000,343000,-125000,-125000
051063,台郡群益95購01  ,0,0,0,0,0,0,0,0,0,-125000,0,0,0,13000,138000,-125000,-125000
1338,廣華-KY         ,27001,159000,-131999,0,0,0,0,0,0,6000,6000,0,6000,0,0,0,-125999
05494P,華邦電統一95售02,0,0,0,0,0,0,0,0,0,-126000,0,0,0,2000,128000,-126000,-126000
055406,大毅國泰99購01  ,0,0,0,0,0,0,0,0,0,-126000,0,0,0,47000,173000,-126000,-126000
053752,超眾永豐96購02  ,0,0,0,0,0,0,0,0,0,-126000,0,0,0,0,126000,-126000,-126000
04272P,元上證凱基94售01,0,0,0,0,0,0,0,0,0,-126000,0,0,0,0,126000,-126000,-126000
044605,超眾國泰93購02  ,0,0,0,0,0,0,0,0,0,-126000,0,0,0,0,126000,-126000,-126000
05132P,鴻海元富95售07  ,0,0,0,0,0,0,0,0,0,-126000,0,0,0,28000,154000,-126000,-126000
052790,智邦兆豐97購01  ,0,0,0,0,0,0,0,0,0,-126000,0,0,0,0,126000,-126000,-126000
1444,力麗            ,154000,281000,-127000,0,0,0,0,0,0,1000,3000,2000,1000,0,0,0,-126000
2501,國建            ,298000,423000,-125000,0,0,0,0,0,0,-1000,7000,8000,-1000,0,0,0,-126000
053821,群創群益98購08  ,0,0,0,0,0,0,0,0,0,-127000,0,0,0,138000,265000,-127000,-127000
054954,華新科元大97購06,0,0,0,0,0,0,0,0,0,-127000,0,0,0,3000,130000,-127000,-127000
051157,華新科富邦98購01,0,0,0,0,0,0,0,0,0,-127000,0,0,0,170000,297000,-127000,-127000
051084,華通元大95購06  ,0,0,0,0,0,0,0,0,0,-127000,0,0,0,3000,130000,-127000,-127000
06113P,台積電群益97售01,0,0,0,0,0,0,0,0,0,-127000,0,0,0,0,127000,-127000,-127000
054369,鴻海中信9C購01  ,0,0,0,0,0,0,0,0,0,-128000,0,0,0,0,128000,-128000,-128000
044290,群創凱基93購05  ,0,0,0,0,0,0,0,0,0,-128000,0,0,0,100000,228000,-128000,-128000
048965,佳世達元大94購01,0,0,0,0,0,0,0,0,0,-128000,0,0,0,202000,330000,-128000,-128000
049209,GIS群益94購03   ,0,0,0,0,0,0,0,0,0,-128000,0,0,0,0,128000,-128000,-128000
052152,創意富邦98購01  ,0,0,0,0,0,0,0,0,0,-128000,0,0,0,24000,152000,-128000,-128000
053265,南亞科群益96購02,0,0,0,0,0,0,0,0,0,-128000,0,0,0,10000,138000,-128000,-128000
9136,巨騰-DR         ,4000,132000,-128000,0,0,0,0,0,0,0,0,0,0,0,0,0,-128000
910322,康師傅-DR       ,0,128000,-128000,0,0,0,0,0,0,0,0,0,0,0,0,0,-128000
054395,華新科永豐96購03,0,0,0,0,0,0,0,0,0,-129000,0,0,0,153000,282000,-129000,-129000
053830,台積電台新96購02,0,0,0,0,0,0,0,0,0,-129000,0,0,0,250000,379000,-129000,-129000
044303,群創兆豐92購01  ,0,0,0,0,0,0,0,0,0,-129000,0,0,0,14000,143000,-129000,-129000
04047P,華邦電元大94售03,0,0,0,0,0,0,0,0,0,-129000,0,0,0,10000,139000,-129000,-129000
049900,台積電元富94購06,0,0,0,0,0,0,0,0,0,-129000,0,0,0,411000,540000,-129000,-129000
050018,高股息元大94購02,0,0,0,0,0,0,0,0,0,-129000,0,0,0,5000,134000,-129000,-129000
053268,日月光群益96購01,0,0,0,0,0,0,0,0,0,-129000,0,0,0,25000,154000,-129000,-129000
052615,鴻海國泰98購01  ,0,0,0,0,0,0,0,0,0,-129000,0,0,0,115000,244000,-129000,-129000
051752,緯穎富邦96購01  ,0,0,0,0,0,0,0,0,0,-129000,0,0,0,4000,133000,-129000,-129000
050758,聯發科元富9B購01,0,0,0,0,0,0,0,0,0,-129000,0,0,0,0,129000,-129000,-129000
05946P,和碩中信96售01  ,0,0,0,0,0,0,0,0,0,-129000,0,0,0,8000,137000,-129000,-129000
3050,鈺德            ,50000,175000,-125000,0,0,0,0,0,0,-4000,8000,12000,-4000,0,0,0,-129000
053822,正文群益97購01  ,0,0,0,0,0,0,0,0,0,-130000,0,0,0,199000,329000,-130000,-130000
053696,日月光元大96購05,0,0,0,0,0,0,0,0,0,-130000,0,0,0,4000,134000,-130000,-130000
054096,佳世達國票97購01,0,0,0,0,0,0,0,0,0,-130000,0,0,0,0,130000,-130000,-130000
054359,南亞科日盛96購02,0,0,0,0,0,0,0,0,0,-130000,0,0,0,4000,134000,-130000,-130000
055416,欣興富邦98購01  ,0,0,0,0,0,0,0,0,0,-130000,0,0,0,0,130000,-130000,-130000
055981,臺股指統一97購03,0,0,0,0,0,0,0,0,0,-130000,0,0,0,0,130000,-130000,-130000
04078P,臺股指凱基93售14,0,0,0,0,0,0,0,0,0,-130000,0,0,0,0,130000,-130000,-130000
03247P,聯電元富03售02  ,0,0,0,0,0,0,0,0,0,-130000,0,0,0,100000,230000,-130000,-130000
03808P,旺宏國泰94售02  ,0,0,0,0,0,0,0,0,0,-130000,0,0,0,0,130000,-130000,-130000
044016,義隆凱基93購01  ,0,0,0,0,0,0,0,0,0,-130000,0,0,0,0,130000,-130000,-130000
044255,群創元大93購01  ,0,0,0,0,0,0,0,0,0,-130000,0,0,0,20000,150000,-130000,-130000
046184,台光電凱基93購08,0,0,0,0,0,0,0,0,0,-130000,0,0,0,0,130000,-130000,-130000
044224,超眾凱基93購01  ,0,0,0,0,0,0,0,0,0,-130000,0,0,0,60000,190000,-130000,-130000
046568,臻鼎元富95購01  ,0,0,0,0,0,0,0,0,0,-130000,0,0,0,8000,138000,-130000,-130000
047910,全新麥證94購01  ,0,0,0,0,130000,-130000,0,0,0,-130000,0,0,0,0,130000,-130000,-130000
049154,玉晶光元大95購02,0,0,0,0,0,0,0,0,0,-130000,0,0,0,25000,155000,-130000,-130000
050376,百和元大95購01  ,0,0,0,0,0,0,0,0,0,-130000,0,0,0,10000,140000,-130000,-130000
051364,鴻海國泰97購03  ,0,0,0,0,0,0,0,0,0,-130000,0,0,0,152000,282000,-130000,-130000
051411,聯發科國票95購05,0,0,0,0,0,0,0,0,0,-130000,0,0,0,0,130000,-130000,-130000
051665,台積電元大96購07,0,0,0,0,0,0,0,0,0,-130000,0,0,0,100000,230000,-130000,-130000
051836,華通國泰95購02  ,0,0,0,0,0,0,0,0,0,-130000,0,0,0,0,130000,-130000,-130000
051626,可成麥證95購02  ,0,0,0,0,130000,-130000,0,0,0,-130000,0,0,0,0,130000,-130000,-130000
051862,旺宏凱基95購05  ,0,0,0,0,0,0,0,0,0,-130000,0,0,0,6000,136000,-130000,-130000
053357,可成統一96購02  ,0,0,0,0,0,0,0,0,0,-130000,0,0,0,0,130000,-130000,-130000
2612,中航            ,110000,239000,-129000,0,0,0,0,0,0,-1000,3000,4000,-1000,0,0,0,-130000
055729,金寶元富99購01  ,0,0,0,0,0,0,0,0,0,-131000,0,0,0,15000,146000,-131000,-131000
05699P,茂林凱基96售05  ,0,0,0,0,0,0,0,0,0,-131000,0,0,0,77000,208000,-131000,-131000
05437P,聯詠永豐95售02  ,0,0,0,0,0,0,0,0,0,-131000,0,0,0,0,131000,-131000,-131000
054832,興勤中信97購01  ,0,0,0,0,0,0,0,0,0,-131000,0,0,0,0,131000,-131000,-131000
049306,元油2X凱基96購01,0,0,0,0,0,0,0,0,0,-131000,0,0,0,0,131000,-131000,-131000
050678,美律統一94購04  ,0,0,0,0,0,0,0,0,0,-131000,0,0,0,0,131000,-131000,-131000
050168,緯創富邦95購01  ,0,0,0,0,0,0,0,0,0,-131000,0,0,0,4000,135000,-131000,-131000
052971,京元電群益98購01,0,0,0,0,0,0,0,0,0,-131000,0,0,0,7000,138000,-131000,-131000
051825,中環元大95購01  ,0,0,0,0,0,0,0,0,0,-131000,0,0,0,68000,199000,-131000,-131000
050791,聯發科富邦96購01,0,0,0,0,0,0,0,0,0,-131000,0,0,0,66000,197000,-131000,-131000
06078P,臺股指凱基9A售01,0,0,0,0,0,0,0,0,0,-131000,0,0,0,13000,144000,-131000,-131000
055812,台積電國票99購02,0,0,0,0,0,0,0,0,0,-132000,0,0,0,0,132000,-132000,-132000
049635,臺股指群益94購08,0,0,0,0,0,0,0,0,0,-132000,0,0,0,0,132000,-132000,-132000
04233P,儒鴻兆豐93售01  ,0,0,0,0,0,0,0,0,0,-132000,0,0,0,200000,332000,-132000,-132000
04295P,智邦元大93售10  ,0,0,0,0,0,0,0,0,0,-132000,0,0,0,5000,137000,-132000,-132000
04861P,中磊群益94售02  ,0,0,0,0,0,0,0,0,0,-132000,0,0,0,60000,192000,-132000,-132000
048939,華擎永豐94購01  ,0,0,0,0,0,0,0,0,0,-132000,0,0,0,18000,150000,-132000,-132000
048196,聯發科元大93購24,0,0,0,0,0,0,0,0,0,-132000,0,0,0,20000,152000,-132000,-132000
051235,鴻海元大95購06  ,0,0,0,0,0,0,0,0,0,-132000,0,0,0,23000,155000,-132000,-132000
06326P,鴻海中信01售01  ,0,0,0,0,0,0,0,0,0,-132000,0,0,0,5000,137000,-132000,-132000
054818,奇力新元大97購05,0,0,0,0,0,0,0,0,0,-133000,0,0,0,16000,149000,-133000,-133000
054200,美律富邦97購02  ,0,0,0,0,0,0,0,0,0,-133000,0,0,0,0,133000,-133000,-133000
04480P,微星兆豐94售01  ,0,0,0,0,0,0,0,0,0,-133000,0,0,0,0,133000,-133000,-133000
049438,嘉晶國泰96購01  ,0,0,0,0,0,0,0,0,0,-133000,0,0,0,99000,232000,-133000,-133000
045871,元油2X元富96購03,0,0,0,0,0,0,0,0,0,-133000,0,0,0,0,133000,-133000,-133000
050291,聯發科凱基94購16,0,0,0,0,0,0,0,0,0,-133000,0,0,0,1000,134000,-133000,-133000
047984,禾伸堂群益93購01,0,0,0,0,0,0,0,0,0,-133000,0,0,0,1000,134000,-133000,-133000
052031,臺股指群益95購04,0,0,0,0,0,0,0,0,0,-133000,0,0,0,0,133000,-133000,-133000
052091,緯創元大95購04  ,0,0,0,0,0,0,0,0,0,-133000,0,0,0,72000,205000,-133000,-133000
052956,聯發科日盛96購01,0,0,0,0,0,0,0,0,0,-133000,0,0,0,10000,143000,-133000,-133000
053757,聯發科國泰96購04,0,0,0,0,0,0,0,0,0,-134000,0,0,0,7000,141000,-134000,-134000
045694,智邦兆豐93購05  ,0,0,0,0,0,0,0,0,0,-134000,0,0,0,0,134000,-134000,-134000
047950,滬深2X永豐94購02,0,0,0,0,0,0,0,0,0,-134000,0,0,0,0,134000,-134000,-134000
046968,台積電群益94購03,0,0,0,0,0,0,0,0,0,-134000,0,0,0,49000,183000,-134000,-134000
047733,友達兆豐95購01  ,0,0,0,0,0,0,0,0,0,-134000,0,0,0,0,134000,-134000,-134000
047268,嘉聯益台新93購01,0,0,0,0,0,0,0,0,0,-134000,0,0,0,0,134000,-134000,-134000
6414,樺漢            ,227000,167000,60000,0,0,0,0,0,0,-194000,66000,171000,-105000,4000,93000,-89000,-134000
04384P,上証2X中信96售01,0,0,0,0,0,0,0,0,0,-135000,0,0,0,0,135000,-135000,-135000
049979,美律凱基94購07  ,0,0,0,0,0,0,0,0,0,-135000,0,0,0,0,135000,-135000,-135000
050659,宏達電元大96購01,0,0,0,0,0,0,0,0,0,-135000,0,0,0,0,135000,-135000,-135000
048063,聯發科統一93購03,0,0,0,0,0,0,0,0,0,-135000,0,0,0,28000,163000,-135000,-135000
046958,鴻海中信93購01  ,0,0,0,0,0,0,0,0,0,-135000,0,0,0,0,135000,-135000,-135000
052136,瑞儀凱基95購01  ,0,0,0,0,0,0,0,0,0,-135000,0,0,0,0,135000,-135000,-135000
1463,強盛            ,4000,139000,-135000,0,0,0,0,0,0,0,0,0,0,0,0,0,-135000
053722,新光金凱基9C購01,0,0,0,0,0,0,0,0,0,-136000,0,0,0,0,136000,-136000,-136000
054179,上海銀台新97購01,0,0,0,0,0,0,0,0,0,-136000,0,0,0,2000,138000,-136000,-136000
054816,聯發科元大97購12,0,0,0,0,0,0,0,0,0,-136000,0,0,0,0,136000,-136000,-136000
046771,聯發科國泰94購02,0,0,0,0,0,0,0,0,0,-136000,0,0,0,20000,156000,-136000,-136000
049491,聯發科元大95購01,0,0,0,0,0,0,0,0,0,-136000,0,0,0,20000,156000,-136000,-136000
04954P,健策國票96售01  ,0,0,0,0,0,0,0,0,0,-136000,0,0,0,69000,205000,-136000,-136000
04505P,佳世達元富96售03,0,0,0,0,0,0,0,0,0,-136000,0,0,0,0,136000,-136000,-136000
045031,上銀群益93購02  ,0,0,0,0,0,0,0,0,0,-136000,0,0,0,66000,202000,-136000,-136000
04503P,元油2X元富98售09,0,0,0,0,0,0,0,0,0,-136000,0,0,0,64000,200000,-136000,-136000
045001,旺宏富邦94購01  ,0,0,0,0,0,0,0,0,0,-136000,0,0,0,80000,216000,-136000,-136000
048721,正文永豐94購01  ,0,0,0,0,0,0,0,0,0,-136000,0,0,0,1000,137000,-136000,-136000
05100P,智邦凱基95售02  ,0,0,0,0,0,0,0,0,0,-136000,0,0,0,12000,148000,-136000,-136000
051010,美律日盛95購01  ,0,0,0,0,0,0,0,0,0,-136000,0,0,0,92000,228000,-136000,-136000
054336,台積電統一96購11,0,0,0,0,0,0,0,0,0,-137000,0,0,0,0,137000,-137000,-137000
047726,友達群益94購02  ,0,0,0,0,0,0,0,0,0,-137000,0,0,0,43000,180000,-137000,-137000
047637,旺宏元大94購03  ,0,0,0,0,0,0,0,0,0,-137000,0,0,0,127000,264000,-137000,-137000
052629,訊芯中信99購01  ,0,0,0,0,0,0,0,0,0,-137000,0,0,0,0,137000,-137000,-137000
2486,一詮            ,37000,173000,-136000,0,0,0,0,0,0,-1000,1000,2000,-1000,0,0,0,-137000
055952,上銀元大97購08  ,0,0,0,0,0,0,0,0,0,-138000,0,0,0,63000,201000,-138000,-138000
046897,康舒群益93購01  ,0,0,0,0,0,0,0,0,0,-138000,0,0,0,2000,140000,-138000,-138000
044405,材料凱基93購01  ,0,0,0,0,0,0,0,0,0,-138000,0,0,0,57000,195000,-138000,-138000
049404,訊芯群益94購02  ,0,0,0,0,0,0,0,0,0,-138000,0,0,0,17000,155000,-138000,-138000
049250,華通元大95購04  ,0,0,0,0,0,0,0,0,0,-138000,0,0,0,19000,157000,-138000,-138000
049233,聯發科統一94購04,0,0,0,0,0,0,0,0,0,-138000,0,0,0,0,138000,-138000,-138000
053024,國巨富邦97購02  ,0,0,0,0,0,0,0,0,0,-138000,0,0,0,10000,148000,-138000,-138000
052190,創意群益95購03  ,0,0,0,0,0,0,0,0,0,-138000,0,0,0,0,138000,-138000,-138000
05539P,鎧勝永豐96售01  ,0,0,0,0,0,0,0,0,0,-139000,0,0,0,0,139000,-139000,-139000
054804,南亞元大9A購01  ,0,0,0,0,0,0,0,0,0,-139000,0,0,0,0,139000,-139000,-139000
03977P,上海銀元大93售01,0,0,0,0,0,0,0,0,0,-139000,0,0,0,60000,199000,-139000,-139000
048705,GIS國票95購01   ,0,0,0,0,0,0,0,0,0,-139000,0,0,0,0,139000,-139000,-139000
048624,美律台新93購01  ,0,0,0,0,0,0,0,0,0,-139000,0,0,0,5000,144000,-139000,-139000
054660,禾伸堂元大97購03,0,0,0,0,0,0,0,0,0,-140000,0,0,0,0,140000,-140000,-140000
055493,華新科元大97購09,0,0,0,0,0,0,0,0,0,-140000,0,0,0,0,140000,-140000,-140000
055457,聚陽永豐97購01  ,0,0,0,0,0,0,0,0,0,-140000,0,0,0,1000,141000,-140000,-140000
05586P,臺股指凱基96售15,0,0,0,0,0,0,0,0,0,-140000,0,0,0,0,140000,-140000,-140000
055697,牧德國票98購01  ,0,0,0,0,0,0,0,0,0,-140000,0,0,0,7000,147000,-140000,-140000
046775,聯發科台新93購01,0,0,0,0,0,0,0,0,0,-140000,0,0,0,0,140000,-140000,-140000
045948,臺股指兆豐92購01,0,0,0,0,0,0,0,0,0,-140000,0,0,0,0,140000,-140000,-140000
046089,南亞科兆豐92購01,0,0,0,0,0,0,0,0,0,-140000,0,0,0,0,140000,-140000,-140000
047142,中磊兆豐93購02  ,0,0,0,0,0,0,0,0,0,-140000,0,0,0,100000,240000,-140000,-140000
047440,聯發科元大93購14,0,0,0,0,0,0,0,0,0,-140000,0,0,0,10000,150000,-140000,-140000
048527,鴻海國票94購02  ,0,0,0,0,0,0,0,0,0,-140000,0,0,0,0,140000,-140000,-140000
051003,中環中信97購01  ,0,0,0,0,0,0,0,0,0,-140000,0,0,0,20000,160000,-140000,-140000
05115P,T50反1群益95售02,0,0,0,0,0,0,0,0,0,-140000,0,0,0,0,140000,-140000,-140000
053110,大立光兆豐97購01,0,0,0,0,0,0,0,0,0,-140000,0,0,0,0,140000,-140000,-140000
052620,上証2X富邦97購02,0,0,0,0,0,0,0,0,0,-140000,0,0,0,0,140000,-140000,-140000
052726,鴻海元富96購03  ,0,0,0,0,0,0,0,0,0,-140000,0,0,0,30000,170000,-140000,-140000
052594,友訊群益98購01  ,0,0,0,0,0,0,0,0,0,-140000,0,0,0,37000,177000,-140000,-140000
052299,T50反1台新05購03,0,0,0,0,0,0,0,0,0,-140000,0,0,0,0,140000,-140000,-140000
055456,上銀富邦99購01  ,0,0,0,0,0,0,0,0,0,-141000,0,0,0,9000,150000,-141000,-141000
040215,上証反凱基95購01,0,0,0,0,0,0,0,0,0,-141000,0,0,0,0,141000,-141000,-141000
048655,A50正2元富96購01,0,0,0,0,0,0,0,0,0,-141000,0,0,0,0,141000,-141000,-141000
051071,聯發科國票96購01,0,0,0,0,0,0,0,0,0,-141000,0,0,0,20000,161000,-141000,-141000
6698,旭暉應材        ,44000,65000,-21000,0,0,0,0,120000,-120000,0,0,0,0,0,0,0,-141000
2395,研華            ,1134970,1220399,-85429,0,0,0,14000,38000,-24000,-32000,10000,43000,-33000,1000,0,1000,-141429
1417,嘉裕            ,50002,193000,-142998,0,0,0,0,0,0,1000,1000,0,1000,0,0,0,-141998
053998,泰鼎群益98購01  ,0,0,0,0,0,0,0,0,0,-142000,0,0,0,63000,205000,-142000,-142000
045577,台光電元大92購06,0,0,0,0,0,0,0,0,0,-142000,0,0,0,0,142000,-142000,-142000
051696,新日興中信96購01,0,0,0,0,0,0,0,0,0,-142000,0,0,0,38000,180000,-142000,-142000
06022P,緯穎永豐96售03  ,0,0,0,0,0,0,0,0,0,-142000,0,0,0,0,142000,-142000,-142000
053946,全新富邦97購02  ,0,0,0,0,0,0,0,0,0,-143000,0,0,0,0,143000,-143000,-143000
053976,亞光元大96購02  ,0,0,0,0,0,0,0,0,0,-143000,0,0,0,55000,198000,-143000,-143000
046734,華通國票93購02  ,0,0,0,0,0,0,0,0,0,-143000,0,0,0,0,143000,-143000,-143000
049785,華新科兆豐95購01,0,0,0,0,0,0,0,0,0,-143000,0,0,0,0,143000,-143000,-143000
049068,元油2X凱基95購03,0,0,0,0,0,0,0,0,0,-143000,0,0,0,100000,243000,-143000,-143000
051179,臺股指凱基95購04,0,0,0,0,0,0,0,0,0,-143000,0,0,0,10000,153000,-143000,-143000
050450,富邦金元大94購03,0,0,0,0,0,0,0,0,0,-144000,0,0,0,10000,154000,-144000,-144000
049289,樺漢兆豐94購01  ,0,0,0,0,0,0,0,0,0,-144000,0,0,0,0,144000,-144000,-144000
051846,S&P反1中信96購02,0,0,0,0,0,0,0,0,0,-144000,0,0,0,64000,208000,-144000,-144000
054932,台肥元大97購01  ,0,0,0,0,0,0,0,0,0,-145000,0,0,0,0,145000,-145000,-145000
05682P,大立光元大98售03,0,0,0,0,0,0,0,0,0,-145000,0,0,0,114000,259000,-145000,-145000
045207,智易國泰93購02  ,0,0,0,0,0,0,0,0,0,-145000,0,0,0,0,145000,-145000,-145000
049258,美律元大94購03  ,0,0,0,0,0,0,0,0,0,-145000,0,0,0,10000,155000,-145000,-145000
049146,南亞科元大94購02,0,0,0,0,0,0,0,0,0,-145000,0,0,0,0,145000,-145000,-145000
047821,臺股指凱基93購15,0,0,0,0,0,0,0,0,0,-145000,0,0,0,930000,1075000,-145000,-145000
05189P,新光金凱基97售02,0,0,0,0,0,0,0,0,0,-145000,0,0,0,0,145000,-145000,-145000
053061,GIS富邦97購01   ,0,0,0,0,0,0,0,0,0,-145000,0,0,0,5000,150000,-145000,-145000
055764,臺股指群益97購02,0,0,0,0,0,0,0,0,0,-146000,0,0,0,2000,148000,-146000,-146000
049988,貿聯凱基94購02  ,0,0,0,0,0,0,0,0,0,-146000,0,0,0,0,146000,-146000,-146000
049870,南電兆豐94購01  ,0,0,0,0,0,0,0,0,0,-146000,0,0,0,0,146000,-146000,-146000
048828,禾伸堂凱基94購02,0,0,0,0,0,0,0,0,0,-146000,0,0,0,12000,158000,-146000,-146000
052787,國巨中信96購02  ,0,0,0,0,0,0,0,0,0,-146000,0,0,0,7000,153000,-146000,-146000
051861,鴻海凱基98購01  ,0,0,0,0,0,0,0,0,0,-146000,0,0,0,0,146000,-146000,-146000
051467,GIS富邦96購01   ,0,0,0,0,0,0,0,0,0,-146000,0,0,0,126000,272000,-146000,-146000
2316,楠梓電          ,47000,190000,-143000,0,0,0,0,0,0,-3000,0,0,0,0,3000,-3000,-146000
5305,敦南            ,125000,269000,-144000,0,0,0,0,0,0,-2000,0,1000,-1000,0,1000,-1000,-146000
053945,國巨富邦98購02  ,0,0,0,0,0,0,0,0,0,-147000,0,0,0,351000,498000,-147000,-147000
053901,T50反1凱基99購03,0,0,0,0,0,0,0,0,0,-147000,0,0,0,0,147000,-147000,-147000
054207,國巨國票98購01  ,0,0,0,0,0,0,0,0,0,-147000,0,0,0,115000,262000,-147000,-147000
050797,聯發科中信99購01,0,0,0,0,0,0,0,0,0,-147000,0,0,0,10000,157000,-147000,-147000
05248P,矽創群益96售01  ,0,0,0,0,0,0,0,0,0,-147000,0,0,0,8000,155000,-147000,-147000
053293,聯發科中信9B購01,0,0,0,0,0,0,0,0,0,-147000,0,0,0,8000,155000,-147000,-147000
06043P,創意永豐96售06  ,0,0,0,0,0,0,0,0,0,-147000,0,0,0,0,147000,-147000,-147000
05889P,群創元大98售02  ,0,0,0,0,0,0,0,0,0,-147000,0,0,0,18000,165000,-147000,-147000
03648C,T50反1元大96牛07,0,0,0,0,0,0,0,0,0,-148000,0,0,0,2000,150000,-148000,-148000
00640L,富邦日本正2     ,0,6000,-6000,0,0,0,0,0,0,-142000,0,0,0,384000,526000,-142000,-148000
05076P,深中小群益99售02,0,0,0,0,0,0,0,0,0,-148000,0,0,0,40000,188000,-148000,-148000
9917,中保科          ,76000,224000,-148000,0,0,0,3000,0,3000,-3000,3000,6000,-3000,0,0,0,-148000
04399P,樺漢群益94售01  ,0,0,0,0,0,0,0,0,0,-149000,0,0,0,0,149000,-149000,-149000
04245P,上海銀元大93售03,0,0,0,0,0,0,0,0,0,-149000,0,0,0,0,149000,-149000,-149000
045763,南亞科統一93購01,0,0,0,0,0,0,0,0,0,-149000,0,0,0,0,149000,-149000,-149000
051843,聯發科富邦99購01,0,0,0,0,0,0,0,0,0,-149000,0,0,0,21000,170000,-149000,-149000
054013,聯發科永豐96購02,0,0,0,0,0,0,0,0,0,-150000,0,0,0,0,150000,-150000,-150000
055976,台積電統一99購03,0,0,0,0,0,0,0,0,0,-150000,0,0,0,20000,170000,-150000,-150000
05803P,臺股指兆豐96售03,0,0,0,0,0,0,0,0,0,-150000,0,0,0,0,150000,-150000,-150000
046622,正文凱基93購01  ,0,0,0,0,0,0,0,0,0,-150000,0,0,0,0,150000,-150000,-150000
04514P,元石油中信97售01,0,0,0,0,0,0,0,0,0,-150000,0,0,0,0,150000,-150000,-150000
04690P,國巨群益94售06  ,0,0,0,0,0,0,0,0,0,-150000,0,0,0,1005000,1155000,-150000,-150000
04407P,滬深2X統一94售02,0,0,0,0,0,0,0,0,0,-150000,0,0,0,0,150000,-150000,-150000
044784,華邦電中信96購01,0,0,0,0,0,0,0,0,0,-150000,0,0,0,0,150000,-150000,-150000
03458P,玉晶光凱基03售08,0,0,0,0,0,0,0,0,0,-150000,0,0,0,0,150000,-150000,-150000
049688,台光電元大94購04,0,0,0,0,0,0,0,0,0,-150000,0,0,0,0,150000,-150000,-150000
047678,景碩台新93購01  ,0,0,0,0,0,0,0,0,0,-150000,0,0,0,0,150000,-150000,-150000
048059,欣興國泰95購01  ,0,0,0,0,0,0,0,0,0,-150000,0,0,0,0,150000,-150000,-150000
048805,瀚宇博富邦95購01,0,0,0,0,0,0,0,0,0,-150000,0,0,0,0,150000,-150000,-150000
052216,康友元大96購01  ,0,0,0,0,0,0,0,0,0,-150000,0,0,0,0,150000,-150000,-150000
050765,鴻海元大96購02  ,0,0,0,0,0,0,0,0,0,-150000,0,0,0,110000,260000,-150000,-150000
051431,群創元富99購02  ,0,0,0,0,0,0,0,0,0,-150000,0,0,0,2000,152000,-150000,-150000
05975P,國巨日盛99售02  ,0,0,0,0,0,0,0,0,0,-150000,0,0,0,0,150000,-150000,-150000
06030P,友達兆豐96售02  ,0,0,0,0,0,0,0,0,0,-150000,0,0,0,0,150000,-150000,-150000
05780P,台積電統一96售07,0,0,0,0,0,0,0,0,0,-151000,0,0,0,30000,181000,-151000,-151000
042997,新光鋼元大94購01,0,0,0,0,0,0,0,0,0,-151000,0,0,0,60000,211000,-151000,-151000
03988P,上海銀群益93售01,0,0,0,0,0,0,0,0,0,-151000,0,0,0,0,151000,-151000,-151000
044190,聯詠富邦93購01  ,0,0,0,0,0,0,0,0,0,-151000,0,0,0,0,151000,-151000,-151000
049598,超眾元大95購03  ,0,0,0,0,0,0,0,0,0,-151000,0,0,0,5000,156000,-151000,-151000
048432,全新國票95購01  ,0,0,0,0,0,0,0,0,0,-151000,0,0,0,175000,326000,-151000,-151000
049244,亞光元富94購01  ,0,0,0,0,0,0,0,0,0,-151000,0,0,0,15000,166000,-151000,-151000
053018,旺宏元富96購02  ,0,0,0,0,0,0,0,0,0,-151000,0,0,0,0,151000,-151000,-151000
05237P,為升永豐95售01  ,0,0,0,0,0,0,0,0,0,-151000,0,0,0,2000,153000,-151000,-151000
05843P,台積電元大96售16,0,0,0,0,0,0,0,0,0,-151000,0,0,0,1000,152000,-151000,-151000
2228,劍麟            ,50387,202000,-151613,0,0,0,0,0,0,0,0,0,0,0,0,0,-151613
056184,南亞科統一97購03,0,0,0,0,0,0,0,0,0,-152000,0,0,0,0,152000,-152000,-152000
045127,鴻海統一92購01  ,0,0,0,0,0,0,0,0,0,-152000,0,0,0,43000,195000,-152000,-152000
052228,聯發科凱基96購06,0,0,0,0,0,0,0,0,0,-152000,0,0,0,0,152000,-152000,-152000
05673P,台積電群益96售05,0,0,0,0,0,0,0,0,0,-153000,0,0,0,60000,213000,-153000,-153000
055412,旺宏富邦99購01  ,0,0,0,0,0,0,0,0,0,-153000,0,0,0,0,153000,-153000,-153000
054161,友訊凱基98購01  ,0,0,0,0,0,0,0,0,0,-153000,0,0,0,0,153000,-153000,-153000
053838,正文永豐96購02  ,0,0,0,0,0,0,0,0,0,-153000,0,0,0,1000,154000,-153000,-153000
045663,元油2X元富94購01,0,0,0,0,0,0,0,0,0,-153000,0,0,0,0,153000,-153000,-153000
048271,可成富邦95購02  ,0,0,0,0,0,0,0,0,0,-153000,0,0,0,300000,453000,-153000,-153000
047196,上銀統一97購01  ,0,0,0,0,0,0,0,0,0,-153000,0,0,0,46000,199000,-153000,-153000
050959,元金2X永豐95購02,0,0,0,0,0,0,0,0,0,-153000,0,0,0,77000,230000,-153000,-153000
051997,康友元大95購02  ,0,0,0,0,0,0,0,0,0,-153000,0,0,0,84000,237000,-153000,-153000
1710,東聯            ,382000,541000,-159000,0,0,0,7000,0,7000,-1000,3000,4000,-1000,0,0,0,-153000
050261,國巨元大95購04  ,0,0,0,0,0,0,0,0,0,-154000,0,0,0,17000,171000,-154000,-154000
050519,旺宏元大95購03  ,0,0,0,0,0,0,0,0,0,-154000,0,0,0,116000,270000,-154000,-154000
052179,康友元大95購03  ,0,0,0,0,0,0,0,0,0,-154000,0,0,0,29000,183000,-154000,-154000
05088P,大立光富邦99售01,0,0,0,0,0,0,0,0,0,-154000,0,0,0,6000,160000,-154000,-154000
055906,大立光兆豐97購03,0,0,0,0,0,0,0,0,0,-155000,0,0,0,0,155000,-155000,-155000
045883,元油2X元大95購07,0,0,0,0,0,0,0,0,0,-155000,0,0,0,10000,165000,-155000,-155000
04456P,日月光統一94售01,0,0,0,0,0,0,0,0,0,-155000,0,0,0,19000,174000,-155000,-155000
04159P,滬深2X中信95售08,0,0,0,0,0,0,0,0,0,-155000,0,0,0,0,155000,-155000,-155000
050335,正崴國泰96購01  ,0,0,0,0,0,0,0,0,0,-155000,0,0,0,10000,165000,-155000,-155000
047141,宏達電兆豐94購01,0,0,0,0,0,0,0,0,0,-155000,0,0,0,0,155000,-155000,-155000
05805P,義隆永豐96售02  ,0,0,0,0,0,0,0,0,0,-156000,0,0,0,5000,161000,-156000,-156000
04536P,長榮航統一94售01,0,0,0,0,0,0,0,0,0,-156000,0,0,0,1000,157000,-156000,-156000
053261,國巨群益96購05  ,0,0,0,0,0,0,0,0,0,-156000,0,0,0,53000,209000,-156000,-156000
5471,松翰            ,115000,264000,-149000,0,0,0,0,0,0,-7000,0,7000,-7000,0,0,0,-156000
056087,世芯統一97購01  ,0,0,0,0,0,0,0,0,0,-157000,0,0,0,0,157000,-157000,-157000
049976,台積電凱基94購28,0,0,0,0,0,0,0,0,0,-157000,0,0,0,81000,238000,-157000,-157000
053169,貿聯群益97購01  ,0,0,0,0,0,0,0,0,0,-157000,0,0,0,10000,167000,-157000,-157000
052917,大立光富邦99購02,0,0,0,0,0,0,0,0,0,-157000,0,0,0,136000,293000,-157000,-157000
051390,京元電兆豐95購01,0,0,0,0,0,0,0,0,0,-157000,0,0,0,0,157000,-157000,-157000
1598,岱宇            ,18000,176871,-158871,0,0,0,0,0,0,1000,1000,0,1000,0,0,0,-157871
8081,致新            ,530000,532000,-2000,0,0,0,0,44000,-44000,-112574,17000,12000,5000,18000,135574,-117574,-158574
054122,康友永豐96購01  ,0,0,0,0,0,0,0,0,0,-159000,0,0,0,20000,179000,-159000,-159000
054607,台積電永豐97購03,0,0,0,0,0,0,0,0,0,-159000,0,0,0,56000,215000,-159000,-159000
00650L,FH香港正2       ,0,11000,-11000,0,0,0,0,0,0,-148000,0,47000,-47000,215000,316000,-101000,-159000
048941,牧德永豐94購02  ,0,0,0,0,0,0,0,0,0,-159000,0,0,0,10000,169000,-159000,-159000
05301P,矽力元大95售02  ,0,0,0,0,0,0,0,0,0,-159000,0,0,0,653000,812000,-159000,-159000
05849P,臺股指元大96售25,0,0,0,0,0,0,0,0,0,-159000,0,0,0,76000,235000,-159000,-159000
5534,長虹            ,440646,553600,-112954,0,0,0,1000,0,1000,-48000,2000,50000,-48000,0,0,0,-159954
054462,旺宏凱基96購08  ,0,0,0,0,0,0,0,0,0,-160000,0,0,0,5000,165000,-160000,-160000
055783,群創凱基99購03  ,0,0,0,0,0,0,0,0,0,-160000,0,0,0,0,160000,-160000,-160000
00763U,街口道瓊銅      ,0,0,0,0,0,0,0,0,0,-160000,0,0,0,0,160000,-160000,-160000
03257P,聯電永豐02售01  ,0,0,0,0,0,0,0,0,0,-160000,0,0,0,98000,258000,-160000,-160000
045797,健策中信93購01  ,0,0,0,0,0,0,0,0,0,-160000,0,0,0,0,160000,-160000,-160000
044119,台郡兆豐92購01  ,0,0,0,0,0,0,0,0,0,-160000,0,0,0,0,160000,-160000,-160000
050645,台積電凱基94購39,0,0,0,0,0,0,0,0,0,-160000,0,0,0,0,160000,-160000,-160000
049367,全新元大96購01  ,0,0,0,0,0,0,0,0,0,-160000,0,0,0,0,160000,-160000,-160000
048366,深中小統一93購02,0,0,0,0,0,0,0,0,0,-160000,0,0,0,0,160000,-160000,-160000
047618,義隆凱基94購02  ,0,0,0,0,0,0,0,0,0,-160000,0,0,0,0,160000,-160000,-160000
052413,上証反中信97購01,0,0,0,0,0,0,0,0,0,-160000,0,0,0,0,160000,-160000,-160000
051072,強茂國票95購02  ,0,0,0,0,0,0,0,0,0,-160000,0,0,0,0,160000,-160000,-160000
052127,日月光國票96購01,0,0,0,0,0,0,0,0,0,-160000,0,0,0,0,160000,-160000,-160000
2362,藍天            ,112000,275000,-163000,0,0,0,0,0,0,3000,3000,0,3000,0,0,0,-160000
05514P,康舒永豐96售01  ,0,0,0,0,0,0,0,0,0,-161000,0,0,0,0,161000,-161000,-161000
054801,康友群益97購02  ,0,0,0,0,0,0,0,0,0,-161000,0,0,0,10000,171000,-161000,-161000
043190,宏達電元大93購01,0,0,0,0,0,0,0,0,0,-161000,0,0,0,39000,200000,-161000,-161000
048872,玉晶光國票94購02,0,0,0,0,0,0,0,0,0,-161000,0,0,0,16000,177000,-161000,-161000
9924,福興            ,22000,183000,-161000,0,0,0,0,0,0,0,1000,1000,0,0,0,0,-161000
054843,中環兆豐97購01  ,0,0,0,0,0,0,0,0,0,-162000,0,0,0,0,162000,-162000,-162000
05521P,創意永豐96售01  ,0,0,0,0,0,0,0,0,0,-162000,0,0,0,0,162000,-162000,-162000
05570P,聯發科統一96售04,0,0,0,0,0,0,0,0,0,-162000,0,0,0,0,162000,-162000,-162000
048049,滬深反中信96購01,0,0,0,0,0,0,0,0,0,-162000,0,0,0,0,162000,-162000,-162000
050917,瀚宇博兆豐96購01,0,0,0,0,0,0,0,0,0,-162000,0,0,0,0,162000,-162000,-162000
053341,聯發科國票97購03,0,0,0,0,0,0,0,0,0,-162000,0,0,0,55000,217000,-162000,-162000
2015,豐興            ,81000,254000,-173000,0,0,0,0,0,0,11000,14000,3000,11000,0,0,0,-162000
05903P,聯發科統一96售09,0,0,0,0,0,0,0,0,0,-162000,0,0,0,31000,193000,-162000,-162000
1531,高林股          ,4000,166000,-162000,0,0,0,0,0,0,0,0,0,0,0,0,0,-162000
051260,鴻海永昌96購04  ,0,0,0,0,0,0,0,0,0,-163000,0,0,0,1080000,1243000,-163000,-163000
051777,聯發科群益95購04,0,0,0,0,0,0,0,0,0,-163000,0,0,0,0,163000,-163000,-163000
2204,中華            ,60000,226000,-166000,0,0,0,2000,0,2000,1000,2000,1000,1000,0,0,0,-163000
055063,玉晶光永豐99購01,0,0,0,0,0,0,0,0,0,-164000,0,0,0,9000,173000,-164000,-164000
055609,旺宏國票99購01  ,0,0,0,0,0,0,0,0,0,-164000,0,0,0,4000,168000,-164000,-164000
054426,國泰金富邦97購02,0,0,0,0,0,0,0,0,0,-164000,0,0,0,27000,191000,-164000,-164000
052099,臺股指富邦95購02,0,0,0,0,0,0,0,0,0,-164000,0,0,0,0,164000,-164000,-164000
05867P,友達兆豐97售02  ,0,0,0,0,0,0,0,0,0,-164000,0,0,0,0,164000,-164000,-164000
05418P,瑞昱永豐95售02  ,0,0,0,0,0,0,0,0,0,-165000,0,0,0,40000,205000,-165000,-165000
055795,茂林國泰98購01  ,0,0,0,0,0,0,0,0,0,-165000,0,0,0,11000,176000,-165000,-165000
043652,微星國泰93購01  ,0,0,0,0,0,0,0,0,0,-165000,0,0,0,48000,213000,-165000,-165000
043665,和鑫元大93購01  ,0,0,0,0,0,0,0,0,0,-165000,0,0,0,55000,220000,-165000,-165000
046890,瑞昱群益93購02  ,0,0,0,0,0,0,0,0,0,-165000,0,0,0,0,165000,-165000,-165000
051440,鴻海元大95購12  ,0,0,0,0,0,0,0,0,0,-165000,0,0,0,35000,200000,-165000,-165000
053218,TPK凱基96購01   ,0,0,0,0,0,0,0,0,0,-165000,0,0,0,0,165000,-165000,-165000
2313,華通            ,5707798,3474000,2233798,0,0,0,0,1527000,-1527000,-872575,451000,1264000,-813000,464000,523575,-59575,-165777
05361P,聯發科富邦97售01,0,0,0,0,0,0,0,0,0,-166000,0,0,0,10000,176000,-166000,-166000
045092,聯茂元大92購03  ,0,0,0,0,0,0,0,0,0,-166000,0,0,0,0,166000,-166000,-166000
04619P,華新統一94售02  ,0,0,0,0,0,0,0,0,0,-166000,0,0,0,0,166000,-166000,-166000
04344P,台達電國泰94售01,0,0,0,0,0,0,0,0,0,-166000,0,0,0,100000,266000,-166000,-166000
047270,元油2X永豐94購02,0,0,0,0,0,0,0,0,0,-166000,0,0,0,0,166000,-166000,-166000
052535,日月光國泰96購01,0,0,0,0,0,0,0,0,0,-166000,0,0,0,10000,176000,-166000,-166000
06152P,玉晶光元大98售06,0,0,0,0,0,0,0,0,0,-166000,0,0,0,146000,312000,-166000,-166000
6120,達運            ,131000,297000,-166000,0,0,0,0,0,0,0,4000,4000,0,0,0,0,-166000
049112,可成統一94購01  ,0,0,0,0,0,0,0,0,0,-167000,0,0,0,71000,238000,-167000,-167000
048291,台積電群益93購09,0,0,0,0,0,0,0,0,0,-167000,0,0,0,43000,210000,-167000,-167000
048513,欣興凱基93購04  ,0,0,0,0,0,0,0,0,0,-167000,0,0,0,0,167000,-167000,-167000
06048P,大立光富邦96售05,0,0,0,0,0,0,0,0,0,-167000,0,0,0,11000,178000,-167000,-167000
2441,超豐            ,254000,431000,-177000,0,0,0,6000,0,6000,4000,9000,5000,4000,0,0,0,-167000
054902,億光康和97購01  ,0,0,0,0,0,0,0,0,0,-168000,0,0,0,0,168000,-168000,-168000
055306,燿華群益97購01  ,0,0,0,0,0,0,0,0,0,-168000,0,0,0,0,168000,-168000,-168000
048312,致茂凱基93購02  ,0,0,0,0,0,0,0,0,0,-168000,0,0,0,0,168000,-168000,-168000
05047P,強茂永豐95售02  ,0,0,0,0,0,0,0,0,0,-168000,0,0,0,2000,170000,-168000,-168000
050287,台達電凱基94購10,0,0,0,0,0,0,0,0,0,-168000,0,0,0,0,168000,-168000,-168000
050188,貿聯元大96購01  ,0,0,0,0,0,0,0,0,0,-168000,0,0,0,30000,198000,-168000,-168000
05019P,喬山中信95售01  ,0,0,0,0,0,0,0,0,0,-169000,0,0,0,0,169000,-169000,-169000
049287,可成兆豐95購01  ,0,0,0,0,0,0,0,0,0,-169000,0,0,0,100000,269000,-169000,-169000
3312,弘憶股          ,138000,309000,-171000,0,0,0,0,0,0,2000,3000,1000,2000,0,0,0,-169000
053679,緯創富邦96購01  ,0,0,0,0,0,0,0,0,0,-170000,0,0,0,30000,200000,-170000,-170000
053753,啟碁永豐96購01  ,0,0,0,0,0,0,0,0,0,-170000,0,0,0,30000,200000,-170000,-170000
042191,元油2X富邦93購01,0,0,0,0,0,0,0,0,0,-170000,0,0,0,0,170000,-170000,-170000
046647,高鐵國泰93購01  ,0,0,0,0,0,0,0,0,0,-170000,0,0,0,0,170000,-170000,-170000
044643,滬深2X群益96購01,0,0,0,0,0,0,0,0,0,-170000,0,0,0,0,170000,-170000,-170000
044427,群創國泰93購01  ,0,0,0,0,0,0,0,0,0,-170000,0,0,0,0,170000,-170000,-170000
045671,鴻海元大92購10  ,0,0,0,0,0,0,0,0,0,-170000,0,0,0,0,170000,-170000,-170000
046572,貿聯國泰94購01  ,0,0,0,0,0,0,0,0,0,-170000,0,0,0,0,170000,-170000,-170000
046557,亞泥凱基93購02  ,0,0,0,0,0,0,0,0,0,-170000,0,0,0,0,170000,-170000,-170000
049272,世紀鋼元大96購02,0,0,0,0,0,0,0,0,0,-170000,0,0,0,30000,200000,-170000,-170000
050252,聯發科國泰95購01,0,0,0,0,0,0,0,0,0,-170000,0,0,0,43000,213000,-170000,-170000
047999,聯發科元大93購22,0,0,0,0,0,0,0,0,0,-170000,0,0,0,0,170000,-170000,-170000
052527,泰鼎元大96購02  ,0,0,0,0,0,0,0,0,0,-170000,0,0,0,34000,204000,-170000,-170000
052434,茂林國泰97購01  ,0,0,0,0,0,0,0,0,0,-170000,0,0,0,10000,180000,-170000,-170000
05281P,南亞科元大95售03,0,0,0,0,0,0,0,0,0,-170000,0,0,0,0,170000,-170000,-170000
046370,全新麥證93購01  ,0,0,0,0,171000,-171000,0,0,0,-171000,0,0,0,0,171000,-171000,-171000
04176P,台達電元大94售01,0,0,0,0,0,0,0,0,0,-171000,0,0,0,33000,204000,-171000,-171000
050399,潤泰全中信95購01,0,0,0,0,0,0,0,0,0,-171000,0,0,0,0,171000,-171000,-171000
053948,大立光富邦99購04,0,0,0,0,0,0,0,0,0,-172000,0,0,0,100000,272000,-172000,-172000
04825P,元大金中信94售01,0,0,0,0,0,0,0,0,0,-172000,0,0,0,0,172000,-172000,-172000
05262P,台積電元大95售19,0,0,0,0,0,0,0,0,0,-172000,0,0,0,0,172000,-172000,-172000
4540,全球傳動        ,57000,230000,-173000,0,0,0,0,0,0,1000,1000,0,1000,0,0,0,-172000
2727,王品            ,32000,204000,-172000,0,0,0,0,0,0,0,4000,4000,0,0,0,0,-172000
07866P,上証2X國票97售01,0,0,0,0,0,0,0,0,0,-172000,0,0,0,5000,177000,-172000,-172000
6226,光鼎            ,119000,291000,-172000,0,0,0,0,0,0,0,0,0,0,0,0,0,-172000
053934,A50正2元富96購02,0,0,0,0,0,0,0,0,0,-173000,0,0,0,50000,223000,-173000,-173000
03162P,泰碩元大01售02  ,0,0,0,0,0,0,0,0,0,-173000,0,0,0,0,173000,-173000,-173000
052337,臺股指日盛95購02,0,0,0,0,0,0,0,0,0,-173000,0,0,0,0,173000,-173000,-173000
053115,滬深2X中信97購01,0,0,0,0,0,0,0,0,0,-173000,0,0,0,0,173000,-173000,-173000
9941,裕融            ,70000,180000,-110000,0,0,0,3000,69000,-66000,3000,7000,4000,3000,0,0,0,-173000
054641,祥碩中信98購01  ,0,0,0,0,0,0,0,0,0,-174000,0,0,0,50000,224000,-174000,-174000
05496P,聯詠統一95售04  ,0,0,0,0,0,0,0,0,0,-174000,0,0,0,4000,178000,-174000,-174000
045695,英業達兆豐93購01,0,0,0,0,0,0,0,0,0,-174000,0,0,0,20000,194000,-174000,-174000
050784,美律國泰96購01  ,0,0,0,0,0,0,0,0,0,-174000,0,0,0,0,174000,-174000,-174000
055079,台光電中信97購01,0,0,0,0,0,0,0,0,0,-175000,0,0,0,0,175000,-175000,-175000
055638,上銀元富97購01  ,0,0,0,0,0,0,0,0,0,-175000,0,0,0,0,175000,-175000,-175000
03398P,瑞昱中信06售03  ,0,0,0,0,0,0,0,0,0,-175000,0,0,0,0,175000,-175000,-175000
049102,智伸科國泰96購01,0,0,0,0,0,0,0,0,0,-175000,0,0,0,0,175000,-175000,-175000
050963,強茂永豐95購01  ,0,0,0,0,0,0,0,0,0,-175000,0,0,0,50000,225000,-175000,-175000
053029,國巨第一96購01  ,0,0,0,0,0,0,0,0,0,-175000,0,0,0,446000,621000,-175000,-175000
054192,國巨中信98購01  ,0,0,0,0,0,0,0,0,0,-176000,0,0,0,45000,221000,-176000,-176000
03412P,滬深2X群益98售01,0,0,0,0,0,0,0,0,0,-176000,0,0,0,54000,230000,-176000,-176000
046002,美律統一93購01  ,0,0,0,0,0,0,0,0,0,-176000,0,0,0,5000,181000,-176000,-176000
049324,臺股指凱基94購06,0,0,0,0,0,0,0,0,0,-176000,0,0,0,5000,181000,-176000,-176000
047212,宏達電富邦97購01,0,0,0,0,0,0,0,0,0,-176000,0,0,0,14000,190000,-176000,-176000
05078P,義隆永豐95售01  ,0,0,0,0,0,0,0,0,0,-176000,0,0,0,0,176000,-176000,-176000
052206,燿華中信95購02  ,0,0,0,0,0,0,0,0,0,-176000,0,0,0,0,176000,-176000,-176000
054680,華新科康和97購02,0,0,0,0,0,0,0,0,0,-177000,0,0,0,0,177000,-177000,-177000
049739,大立光群益94購05,0,0,0,0,0,0,0,0,0,-177000,0,0,0,18000,195000,-177000,-177000
053812,台積電群益96購09,0,0,0,0,0,0,0,0,0,-178000,0,0,0,0,178000,-178000,-178000
05589P,大立光中信9A售01,0,0,0,0,0,0,0,0,0,-178000,0,0,0,190000,368000,-178000,-178000
04949P,致新元大94售04  ,0,0,0,0,0,0,0,0,0,-178000,0,0,0,20000,198000,-178000,-178000
048357,漢唐永豐93購04  ,0,0,0,0,0,0,0,0,0,-178000,0,0,0,0,178000,-178000,-178000
049353,茂林永豐94購03  ,0,0,0,0,0,0,0,0,0,-178000,0,0,0,0,178000,-178000,-178000
051000,台郡元大96購01  ,0,0,0,0,0,0,0,0,0,-179000,0,0,0,84000,263000,-179000,-179000
051164,鴻海元大95購05  ,0,0,0,0,0,0,0,0,0,-179000,0,0,0,55000,234000,-179000,-179000
06387P,緯穎永豐97售02  ,0,0,0,0,0,0,0,0,0,-179000,0,0,0,0,179000,-179000,-179000
055496,高鐵元大97購02  ,0,0,0,0,0,0,0,0,0,-180000,0,0,0,0,180000,-180000,-180000
054617,超眾永豐97購01  ,0,0,0,0,0,0,0,0,0,-180000,0,0,0,75000,255000,-180000,-180000
054476,聯發科中信96購03,0,0,0,0,0,0,0,0,0,-180000,0,0,0,0,180000,-180000,-180000
044344,傳奇國泰92購01  ,0,0,0,0,0,0,0,0,0,-180000,0,0,0,0,180000,-180000,-180000
045308,泰鼎元大93購02  ,0,0,0,0,0,0,0,0,0,-180000,0,0,0,0,180000,-180000,-180000
046882,智易富邦97購01  ,0,0,0,0,0,0,0,0,0,-180000,0,0,0,0,180000,-180000,-180000
046685,世紀鋼群益93購02,0,0,0,0,0,0,0,0,0,-180000,0,0,0,20000,200000,-180000,-180000
04235P,鴻海群益93售08  ,0,0,0,0,0,0,0,0,0,-180000,0,0,0,40000,220000,-180000,-180000
051392,玉山金兆豐95購01,0,0,0,0,0,0,0,0,0,-180000,0,0,0,8000,188000,-180000,-180000
051988,台光電元大95購01,0,0,0,0,0,0,0,0,0,-181000,0,0,0,55000,236000,-181000,-181000
052979,上銀元大96購02  ,0,0,0,0,0,0,0,0,0,-181000,0,0,0,123000,304000,-181000,-181000
06281P,臺股指凱基97售13,0,0,0,0,0,0,0,0,0,-181000,0,0,0,0,181000,-181000,-181000
06211P,鴻海元大98售04  ,0,0,0,0,0,0,0,0,0,-181000,0,0,0,0,181000,-181000,-181000
4552,力達-KY         ,63000,245000,-182000,0,0,0,0,0,0,1000,1000,0,1000,0,0,0,-181000
052328,台表科中信99購01,0,0,0,0,0,0,0,0,0,-182000,0,0,0,31000,213000,-182000,-182000
052498,台積電永豐95購06,0,0,0,0,0,0,0,0,0,-182000,0,0,0,878000,1060000,-182000,-182000
2536,宏普            ,62000,244000,-182000,0,0,0,0,0,0,0,2000,2000,0,0,0,0,-182000
04376P,漢唐元大94售04  ,0,0,0,0,0,0,0,0,0,-183000,0,0,0,0,183000,-183000,-183000
03602C,臺股指元大93牛01,0,0,0,0,0,0,0,0,0,-183000,0,0,0,21000,204000,-183000,-183000
04811P,上銀元大94售02  ,0,0,0,0,0,0,0,0,0,-183000,0,0,0,2000,185000,-183000,-183000
052053,泰鼎凱基96購01  ,0,0,0,0,0,0,0,0,0,-183000,0,0,0,12000,195000,-183000,-183000
051735,台積電國票96購06,0,0,0,0,0,0,0,0,0,-183000,0,0,0,0,183000,-183000,-183000
05162P,玉晶光國票96售03,0,0,0,0,0,0,0,0,0,-183000,0,0,0,32000,215000,-183000,-183000
047559,彩晶凱基94購03  ,0,0,0,0,0,0,0,0,0,-184000,0,0,0,17000,201000,-184000,-184000
050974,大成鋼統一95購01,0,0,0,0,0,0,0,0,0,-184000,0,0,0,19000,203000,-184000,-184000
053011,鴻海統一98購01  ,0,0,0,0,0,0,0,0,0,-184000,0,0,0,50000,234000,-184000,-184000
047149,聯鈞群益93購01  ,0,0,0,0,0,0,0,0,0,-185000,0,0,0,26000,211000,-185000,-185000
04770P,鴻海元大94售09  ,0,0,0,0,0,0,0,0,0,-185000,0,0,0,15000,200000,-185000,-185000
047289,啟碁統一97購01  ,0,0,0,0,0,0,0,0,0,-185000,0,0,0,0,185000,-185000,-185000
055942,臺股指群益9C購01,0,0,0,0,0,0,0,0,0,-186000,0,0,0,140000,326000,-186000,-186000
055142,健策永豐98購01  ,0,0,0,0,0,0,0,0,0,-187000,0,0,0,0,187000,-187000,-187000
04577P,康友元富94售02  ,0,0,0,0,0,0,0,0,0,-187000,0,0,0,0,187000,-187000,-187000
047676,臺股指元富99購01,0,0,0,0,0,0,0,0,0,-187000,0,0,0,0,187000,-187000,-187000
05119P,聯發科國泰96售02,0,0,0,0,0,0,0,0,0,-187000,0,0,0,127000,314000,-187000,-187000
05707P,中磊永豐96售01  ,0,0,0,0,0,0,0,0,0,-188000,0,0,0,0,188000,-188000,-188000
054329,華新科永豐96購02,0,0,0,0,0,0,0,0,0,-188000,0,0,0,12000,200000,-188000,-188000
03769P,聯發科元大93售04,0,0,0,0,0,0,0,0,0,-188000,0,0,0,623000,811000,-188000,-188000
051405,世芯永豐95購01  ,0,0,0,0,0,0,0,0,0,-188000,0,0,0,75000,263000,-188000,-188000
06278P,臺股指凱基97售10,0,0,0,0,0,0,0,0,0,-188000,0,0,0,0,188000,-188000,-188000
06279P,臺股指凱基97售11,0,0,0,0,0,0,0,0,0,-188000,0,0,0,2000,190000,-188000,-188000
055077,臺股指永豐97購02,0,0,0,0,0,0,0,0,0,-189000,0,0,0,1000,190000,-189000,-189000
00753L,中信中國50正2   ,2000,4000,-2000,0,0,0,0,0,0,-187000,0,0,0,345000,532000,-187000,-189000
045142,聯茂兆豐93購02  ,0,0,0,0,0,0,0,0,0,-189000,0,0,0,0,189000,-189000,-189000
044347,上証2X元大94購01,0,0,0,0,0,0,0,0,0,-189000,0,0,0,0,189000,-189000,-189000
044513,義隆凱基93購02  ,0,0,0,0,0,0,0,0,0,-189000,0,0,0,20000,209000,-189000,-189000
048167,旺宏永豐93購04  ,0,0,0,0,0,0,0,0,0,-189000,0,0,0,0,189000,-189000,-189000
051519,國泰金凱基95購02,3000,0,3000,0,0,0,0,0,0,-192000,0,0,0,12000,204000,-192000,-189000
052765,新日興群益97購01,0,0,0,0,0,0,0,0,0,-189000,0,0,0,18000,207000,-189000,-189000
06275P,臺股指凱基97售07,0,0,0,0,0,0,0,0,0,-189000,0,0,0,0,189000,-189000,-189000
2897,王道銀行        ,115000,323000,-208000,0,0,0,21000,0,21000,-2000,0,2000,-2000,0,0,0,-189000
05506P,茂林凱基96售03  ,0,0,0,0,0,0,0,0,0,-190000,0,0,0,30000,220000,-190000,-190000
044645,元金2X群益93購01,0,0,0,0,0,0,0,0,0,-190000,0,0,0,60000,250000,-190000,-190000
049910,智邦元大94購04  ,0,0,0,0,0,0,0,0,0,-190000,0,0,0,5000,195000,-190000,-190000
047920,南亞科凱基93購04,0,0,0,0,0,0,0,0,0,-190000,0,0,0,0,190000,-190000,-190000
04707P,喬山元大94售01  ,0,0,0,0,0,0,0,0,0,-190000,0,0,0,22000,212000,-190000,-190000
053440,台積電凱基96購12,0,0,0,0,0,0,0,0,0,-190000,0,0,0,10000,200000,-190000,-190000
06280P,臺股指凱基97售12,0,0,0,0,0,0,0,0,0,-190000,0,0,0,0,190000,-190000,-190000
049991,臺股指凱基96購04,0,0,0,0,0,0,0,0,0,-191000,0,0,0,0,191000,-191000,-191000
052685,技嘉元大96購01  ,0,0,0,0,0,0,0,0,0,-191000,0,0,0,67000,258000,-191000,-191000
050151,台積電群益94購12,0,0,0,0,0,0,0,0,0,-192000,0,0,0,41000,233000,-192000,-192000
052895,台積電群益96購04,0,0,0,0,0,0,0,0,0,-192000,0,0,0,32000,224000,-192000,-192000
06164P,臺股指凱基97售04,0,0,0,0,0,0,0,0,0,-192000,0,0,0,0,192000,-192000,-192000
054844,華邦電兆豐98購01,0,0,0,0,0,0,0,0,0,-193000,0,0,0,0,193000,-193000,-193000
049038,高鐵兆豐94購01  ,0,0,0,0,0,0,0,0,0,-193000,0,0,0,15000,208000,-193000,-193000
050485,國巨統一96購01  ,0,0,0,0,0,0,0,0,0,-193000,0,0,0,6000,199000,-193000,-193000
06276P,臺股指凱基97售08,0,0,0,0,0,0,0,0,0,-193000,0,0,0,0,193000,-193000,-193000
054631,台郡凱基98購02  ,0,0,0,0,0,0,0,0,0,-194000,0,0,0,36000,230000,-194000,-194000
048968,可成元大94購02  ,0,0,0,0,0,0,0,0,0,-194000,0,0,0,111000,305000,-194000,-194000
052982,鴻海元大97購06  ,0,0,0,0,0,0,0,0,0,-194000,0,0,0,36000,230000,-194000,-194000
06277P,臺股指凱基97售09,0,0,0,0,0,0,0,0,0,-194000,0,0,0,0,194000,-194000,-194000
06123P,玉晶光元大97售04,0,0,0,0,0,0,0,0,0,-194000,0,0,0,155000,349000,-194000,-194000
06089P,矽創永豐97售01  ,0,0,0,0,0,0,0,0,0,-194000,0,0,0,20000,214000,-194000,-194000
1582,信錦            ,311000,500000,-189000,0,0,0,0,0,0,-5000,0,5000,-5000,0,0,0,-194000
054813,鴻海元大97購09  ,0,0,0,0,0,0,0,0,0,-195000,0,0,0,8000,203000,-195000,-195000
053813,友達群益9A購03  ,0,0,0,0,0,0,0,0,0,-195000,0,0,0,0,195000,-195000,-195000
054191,香港2X中信98購01,0,0,0,0,0,0,0,0,0,-195000,0,0,0,0,195000,-195000,-195000
055744,茂林元富97購02  ,0,0,0,0,0,0,0,0,0,-195000,0,0,0,4000,199000,-195000,-195000
04458P,世紀鋼統一96售01,0,0,0,0,0,0,0,0,0,-195000,0,0,0,1000,196000,-195000,-195000
042942,永冠國票94購01  ,0,0,0,0,0,0,0,0,0,-195000,0,0,0,85000,280000,-195000,-195000
03951P,新光金凱基95售01,0,0,0,0,0,0,0,0,0,-195000,0,0,0,0,195000,-195000,-195000
03908P,致茂元大93售03  ,0,0,0,0,0,0,0,0,0,-195000,0,0,0,0,195000,-195000,-195000
049004,聯發科中信96購01,0,0,0,0,0,0,0,0,0,-195000,0,0,0,15000,210000,-195000,-195000
048662,京元電統一93購04,0,0,0,0,0,0,0,0,0,-195000,0,0,0,0,195000,-195000,-195000
047379,元油2X元大96購03,0,0,0,0,0,0,0,0,0,-195000,0,0,0,0,195000,-195000,-195000
053013,台積電統一97購01,0,0,0,0,0,0,0,0,0,-195000,0,0,0,148000,343000,-195000,-195000
052683,鴻海元大97購03  ,0,0,0,0,0,0,0,0,0,-195000,0,0,0,5000,200000,-195000,-195000
051970,元黃金凱基98購01,0,0,0,0,0,0,0,0,0,-195000,0,0,0,0,195000,-195000,-195000
06274P,臺股指凱基97售06,0,0,0,0,0,0,0,0,0,-195000,0,0,0,0,195000,-195000,-195000
05396P,台郡元大95售05  ,0,0,0,0,0,0,0,0,0,-196000,0,0,0,0,196000,-196000,-196000
04941P,台達電台新94售02,0,0,0,0,0,0,0,0,0,-196000,0,0,0,0,196000,-196000,-196000
050027,義隆元大94購03  ,0,0,0,0,0,0,0,0,0,-196000,0,0,0,4000,200000,-196000,-196000
054855,得力群益98購01  ,0,0,0,0,0,0,0,0,0,-197000,0,0,0,5000,202000,-197000,-197000
05012P,台積電元大95售07,0,0,0,0,0,0,0,0,0,-197000,0,0,0,2000,199000,-197000,-197000
049216,華邦電國票95購01,0,0,0,0,0,0,0,0,0,-197000,0,0,0,0,197000,-197000,-197000
053168,晶技群益98購01  ,0,0,0,0,0,0,0,0,0,-197000,0,0,0,6000,203000,-197000,-197000
054535,旺宏富邦97購02  ,0,0,0,0,0,0,0,0,0,-198000,0,0,0,15000,213000,-198000,-198000
053726,TPK凱基96購02   ,0,0,0,0,0,0,0,0,0,-198000,0,0,0,0,198000,-198000,-198000
053582,英業達元大97購01,0,0,0,0,0,0,0,0,0,-198000,0,0,0,20000,218000,-198000,-198000
055784,TPK凱基97購02   ,0,0,0,0,0,0,0,0,0,-198000,0,0,0,0,198000,-198000,-198000
046412,潤泰全元大92購02,0,0,0,0,0,0,0,0,0,-198000,0,0,0,2000,200000,-198000,-198000
5519,隆大            ,241000,447000,-206000,0,0,0,0,0,0,8000,20000,12000,8000,0,0,0,-198000
055791,臺股指凱基97購14,0,0,0,0,0,0,0,0,0,-199000,0,0,0,0,199000,-199000,-199000
055982,T50反1元富97購01,0,0,0,0,0,0,0,0,0,-199000,0,0,0,0,199000,-199000,-199000
054788,華新科群益98購02,0,0,0,0,0,0,0,0,0,-199000,0,0,0,0,199000,-199000,-199000
045287,元油2X元大95購01,0,0,0,0,0,0,0,0,0,-199000,0,0,0,31000,230000,-199000,-199000
050339,鴻海統一94購06  ,0,0,0,0,0,0,0,0,0,-199000,0,0,0,0,199000,-199000,-199000
049285,宏碁兆豐94購01  ,0,0,0,0,0,0,0,0,0,-199000,0,0,0,2000,201000,-199000,-199000
049681,旺宏統一94購04  ,0,0,0,0,0,0,0,0,0,-199000,0,0,0,0,199000,-199000,-199000
052391,瑞儀群益95購01  ,0,0,0,0,0,0,0,0,0,-199000,0,0,0,8000,207000,-199000,-199000
051317,亞德客國票96購01,0,0,0,0,0,0,0,0,0,-199000,0,0,0,0,199000,-199000,-199000
050751,聯電統一94購05  ,0,0,0,0,0,0,0,0,0,-199000,0,0,0,0,199000,-199000,-199000
2034,允強            ,53000,247000,-194000,0,0,0,0,0,0,-5000,2000,7000,-5000,0,0,0,-199000
05366P,鴻海元富95售12  ,0,0,0,0,0,0,0,0,0,-200000,0,0,0,0,200000,-200000,-200000
05368P,可成元富95售03  ,0,0,0,0,0,0,0,0,0,-200000,0,0,0,0,200000,-200000,-200000
055944,日月光麥證97購01,0,0,0,0,204000,-204000,0,0,0,-200000,0,0,0,4000,204000,-200000,-200000
055945,上証2X元大97購04,0,0,0,0,0,0,0,0,0,-200000,0,0,0,0,200000,-200000,-200000
055765,臺股指群益97購03,0,0,0,0,0,0,0,0,0,-200000,0,0,0,0,200000,-200000,-200000
055819,晶相光國票98購01,0,0,0,0,0,0,0,0,0,-200000,0,0,0,0,200000,-200000,-200000
055650,華新科元富98購01,0,0,0,0,0,0,0,0,0,-200000,0,0,0,0,200000,-200000,-200000
056082,旺宏統一99購02  ,0,0,0,0,0,0,0,0,0,-200000,0,0,0,0,200000,-200000,-200000
05730P,臺股指凱基97售03,0,0,0,0,0,0,0,0,0,-200000,0,0,0,0,200000,-200000,-200000
045479,T50反1中信95購01,0,0,0,0,0,0,0,0,0,-200000,0,0,0,0,200000,-200000,-200000
045575,智邦元大92購06  ,0,0,0,0,0,0,0,0,0,-200000,0,0,0,0,200000,-200000,-200000
044635,世紀鋼元大92購02,0,0,0,0,0,0,0,0,0,-200000,0,0,0,0,200000,-200000,-200000
044612,創意兆豐93購01  ,0,0,0,0,0,0,0,0,0,-200000,0,0,0,0,200000,-200000,-200000
044631,聯茂元大92購02  ,0,0,0,0,0,0,0,0,0,-200000,0,0,0,0,200000,-200000,-200000
044346,力山富邦95購01  ,0,0,0,0,0,0,0,0,0,-200000,0,0,0,0,200000,-200000,-200000
044254,深中小元大94購01,0,0,0,0,0,0,0,0,0,-200000,0,0,0,100000,300000,-200000,-200000
046415,嘉晶元大92購03  ,0,0,0,0,0,0,0,0,0,-200000,0,0,0,0,200000,-200000,-200000
046863,康友元大93購01  ,0,0,0,0,0,0,0,0,0,-200000,0,0,0,0,200000,-200000,-200000
045664,元油2X元富96購01,0,0,0,0,0,0,0,0,0,-200000,0,0,0,0,200000,-200000,-200000
046335,矽創元大92購04  ,0,0,0,0,0,0,0,0,0,-200000,0,0,0,0,200000,-200000,-200000
046565,康控凱基92購02  ,0,0,0,0,0,0,0,0,0,-200000,0,0,0,0,200000,-200000,-200000
045389,TPK元大93購03   ,0,0,0,0,0,0,0,0,0,-200000,0,0,0,0,200000,-200000,-200000
041534,T50反1凱基96購01,0,0,0,0,0,0,0,0,0,-200000,0,0,0,0,200000,-200000,-200000
03995P,滬深2X國泰95售01,0,0,0,0,0,0,0,0,0,-200000,0,0,0,0,200000,-200000,-200000
04041P,大立光統一94售03,0,0,0,0,0,0,0,0,0,-200000,0,0,0,0,200000,-200000,-200000
03382P,帆宣康和02售01  ,0,0,0,0,0,0,0,0,0,-200000,0,0,0,0,200000,-200000,-200000
03165P,台表科元大01售06,0,0,0,0,0,0,0,0,0,-200000,0,0,0,0,200000,-200000,-200000
03219P,台積電康和02售01,0,0,0,0,0,0,0,0,0,-200000,0,0,0,0,200000,-200000,-200000
049849,欣興群益94購04  ,0,0,0,0,0,0,0,0,0,-200000,0,0,0,0,200000,-200000,-200000
048582,國泰金富邦93購01,0,0,0,0,0,0,0,0,0,-200000,0,0,0,0,200000,-200000,-200000
047923,聯發科凱基94購02,0,0,0,0,0,0,0,0,0,-200000,0,0,0,0,200000,-200000,-200000
047198,奇鋐統一93購01  ,0,0,0,0,0,0,0,0,0,-200000,0,0,0,0,200000,-200000,-200000
047527,高鐵元大93購02  ,0,0,0,0,0,0,0,0,0,-200000,0,0,0,0,200000,-200000,-200000
047694,SP黃豆國票9B購01,0,0,0,0,0,0,0,0,0,-200000,0,0,0,0,200000,-200000,-200000
047381,台化元大93購01  ,0,0,0,0,0,0,0,0,0,-200000,0,0,0,0,200000,-200000,-200000
049801,可成元大94購09  ,0,0,0,0,0,0,0,0,0,-200000,0,0,0,0,200000,-200000,-200000
050468,矽格中信94購01  ,0,0,0,0,0,0,0,0,0,-200000,0,0,0,0,200000,-200000,-200000
050683,智原元富94購02  ,0,0,0,0,0,0,0,0,0,-200000,0,0,0,0,200000,-200000,-200000
050582,傳奇國票94購01  ,0,0,0,0,0,0,0,0,0,-200000,0,0,0,0,200000,-200000,-200000
050763,楠梓電元大94購03,0,0,0,0,0,0,0,0,0,-200000,0,0,0,0,200000,-200000,-200000
051343,鴻海元大95購07  ,0,0,0,0,0,0,0,0,0,-200000,0,0,0,140000,340000,-200000,-200000
051293,鴻海元富95購05  ,0,0,0,0,0,0,0,0,0,-200000,0,0,0,0,200000,-200000,-200000
051152,鴻海國泰97購01  ,0,0,0,0,0,0,0,0,0,-200000,0,0,0,0,200000,-200000,-200000
051990,泰碩元大95購01  ,0,0,0,0,0,0,0,0,0,-200000,0,0,0,0,200000,-200000,-200000
051946,健策統一98購01  ,0,0,0,0,0,0,0,0,0,-200000,0,0,0,10000,210000,-200000,-200000
052550,鴻海國票97購02  ,0,0,0,0,0,0,0,0,0,-200000,0,0,0,0,200000,-200000,-200000
052888,台表科中信9A購01,0,0,0,0,0,0,0,0,0,-200000,0,0,0,0,200000,-200000,-200000
053131,華通國票97購03  ,0,0,0,0,0,0,0,0,0,-200000,0,0,0,0,200000,-200000,-200000
052958,T50反1凱基99購02,0,0,0,0,0,0,0,0,0,-200000,0,0,0,0,200000,-200000,-200000
1909,榮成            ,1055000,1117000,-62000,0,0,0,0,0,0,-138000,55000,195000,-140000,4000,2000,2000,-200000
1736,喬山            ,188000,277000,-89000,0,0,0,0,0,0,-111671,3000,88000,-85000,6000,32671,-26671,-200671
055193,世芯元富97購02  ,0,0,0,0,0,0,0,0,0,-201000,0,0,0,2000,203000,-201000,-201000
053944,亞泥富邦97購01  ,0,0,0,0,0,0,0,0,0,-201000,0,0,0,5000,206000,-201000,-201000
048048,大立光永豐93購03,0,0,0,0,0,0,0,0,0,-201000,0,0,0,0,201000,-201000,-201000
04875P,台積電中信94售04,0,0,0,0,0,0,0,0,0,-201000,0,0,0,801000,1002000,-201000,-201000
051524,貿聯凱基95購02  ,0,0,0,0,0,0,0,0,0,-201000,0,0,0,0,201000,-201000,-201000
054477,聯發科中信9C購02,0,0,0,0,0,0,0,0,0,-202000,0,0,0,10000,212000,-202000,-202000
04304P,上海銀亞東93售01,0,0,0,0,0,0,0,0,0,-202000,0,0,0,0,202000,-202000,-202000
049570,華新科統一94購04,0,0,0,0,0,0,0,0,0,-202000,0,0,0,10000,212000,-202000,-202000
04488P,聯發科凱基94售05,0,0,0,0,0,0,0,0,0,-202000,0,0,0,0,202000,-202000,-202000
06216P,上銀元富97售03  ,0,0,0,0,0,0,0,0,0,-202000,0,0,0,9000,211000,-202000,-202000
054935,華通元大98購03  ,0,0,0,0,0,0,0,0,0,-203000,0,0,0,33000,236000,-203000,-203000
053681,臺股指富邦96購02,0,0,0,0,0,0,0,0,0,-203000,0,0,0,0,203000,-203000,-203000
047422,滬深2X兆豐94購02,0,0,0,0,0,0,0,0,0,-203000,0,0,0,0,203000,-203000,-203000
049126,玉晶光元富94購02,0,0,0,0,0,0,0,0,0,-203000,0,0,0,0,203000,-203000,-203000
053124,聯發科凱基96購12,0,0,0,0,0,0,0,0,0,-203000,0,0,0,70000,273000,-203000,-203000
04894P,世紀鋼元大94售02,0,0,0,0,0,0,0,0,0,-204000,0,0,0,0,204000,-204000,-204000
047681,滬深反中信95購01,0,0,0,0,0,0,0,0,0,-204000,0,0,0,11000,215000,-204000,-204000
049869,訊芯兆豐94購01  ,0,0,0,0,0,0,0,0,0,-204000,0,0,0,0,204000,-204000,-204000
046975,元金2X永豐93購01,0,0,0,0,0,0,0,0,0,-204000,0,0,0,0,204000,-204000,-204000
053522,臺股指群益99購01,0,0,0,0,0,0,0,0,0,-204000,0,0,0,5000,209000,-204000,-204000
052936,華通兆豐98購01  ,0,0,0,0,0,0,0,0,0,-204000,0,0,0,50000,254000,-204000,-204000
052539,華邦電統一95購01,0,0,0,0,0,0,0,0,0,-204000,0,0,0,5000,209000,-204000,-204000
5388,中磊            ,413000,494000,-81000,0,0,0,0,3000,-3000,-120000,6000,79000,-73000,72000,119000,-47000,-204000
8028,昇陽半導體      ,226000,306000,-80000,0,0,0,0,0,0,-124000,7000,1000,6000,6000,136000,-130000,-204000
3702,大聯大          ,1690660,4744280,-3053620,0,0,0,18000,1000,17000,2832000,85000,41000,44000,2788000,0,2788000,-204620
054963,牧德元大97購02  ,0,0,0,0,0,0,0,0,0,-205000,0,0,0,1095000,1300000,-205000,-205000
044353,宏達電元大93購04,0,0,0,0,0,0,0,0,0,-205000,0,0,0,0,205000,-205000,-205000
045882,滬深2X元大95購01,0,0,0,0,0,0,0,0,0,-205000,0,0,0,0,205000,-205000,-205000
048131,全新國票94購02  ,0,0,0,0,0,0,0,0,0,-205000,0,0,0,0,205000,-205000,-205000
050617,神基元大94購01  ,0,0,0,0,0,0,0,0,0,-205000,0,0,0,1000,206000,-205000,-205000
053022,欣興國泰98購01  ,0,0,0,0,0,0,0,0,0,-205000,0,0,0,4000,209000,-205000,-205000
2208,台船            ,196260,401000,-204740,0,0,0,0,0,0,-1000,4000,5000,-1000,0,0,0,-205740
055276,台積電元大97購20,0,0,0,0,0,0,0,0,0,-206000,0,0,0,100000,306000,-206000,-206000
055502,群創元大9C購03  ,0,0,0,0,0,0,0,0,0,-206000,0,0,0,97000,303000,-206000,-206000
042470,元油2X元大93購04,0,0,0,0,0,0,0,0,0,-206000,0,0,0,0,206000,-206000,-206000
042069,T50正2富邦93購01,0,0,0,0,0,0,0,0,0,-206000,0,0,0,0,206000,-206000,-206000
047365,隆達群益93購01  ,0,0,0,0,0,0,0,0,0,-206000,0,0,0,29000,235000,-206000,-206000
053378,台積電元大98購02,0,0,0,0,0,0,0,0,0,-206000,0,0,0,60000,266000,-206000,-206000
1522,堤維西          ,129000,327000,-198000,0,0,0,0,0,0,-8000,2000,10000,-8000,0,0,0,-206000
044965,大立光中信95購01,0,0,0,0,0,0,0,0,0,-207000,0,0,0,25000,232000,-207000,-207000
045137,鴻海兆豐92購02  ,0,0,0,0,0,0,0,0,0,-207000,0,0,0,0,207000,-207000,-207000
050445,鴻海元大94購21  ,0,0,0,0,0,0,0,0,0,-207000,0,0,0,60000,267000,-207000,-207000
051703,台積電群益95購04,0,0,0,0,0,0,0,0,0,-207000,0,0,0,80000,287000,-207000,-207000
6112,聚碩            ,33000,245955,-212955,0,0,0,0,0,0,5000,8000,3000,5000,0,0,0,-207955
05778P,台積電統一96售05,0,0,0,0,0,0,0,0,0,-208000,0,0,0,3000,211000,-208000,-208000
046296,上銀元富92購01  ,0,0,0,0,0,0,0,0,0,-208000,0,0,0,75000,283000,-208000,-208000
048060,台達電統一93購01,0,0,0,0,0,0,0,0,0,-208000,0,0,0,0,208000,-208000,-208000
04801P,矽力元大94售02  ,0,0,0,0,0,0,0,0,0,-208000,0,0,0,0,208000,-208000,-208000
050877,美律統一95購01  ,0,0,0,0,0,0,0,0,0,-208000,0,0,0,10000,218000,-208000,-208000
1217,愛之味          ,75000,285000,-210000,0,0,0,0,0,0,2000,2000,0,2000,0,0,0,-208000
06321P,台積電統一98售03,0,0,0,0,0,0,0,0,0,-208000,0,0,0,0,208000,-208000,-208000
054960,新日興元大97購02,0,0,0,0,0,0,0,0,0,-209000,0,0,0,52000,261000,-209000,-209000
046878,康友國泰94購01  ,0,0,0,0,0,0,0,0,0,-209000,0,0,0,0,209000,-209000,-209000
045936,富邦金群益94購01,0,0,0,0,0,0,0,0,0,-209000,0,0,0,15000,224000,-209000,-209000
052006,康友富邦98購01  ,0,0,0,0,0,0,0,0,0,-209000,0,0,0,25000,234000,-209000,-209000
052978,貿聯麥證97購01  ,0,0,0,5000,214000,-209000,0,0,0,-209000,0,0,0,5000,214000,-209000,-209000
052425,華通台新95購02  ,0,0,0,0,0,0,0,0,0,-209000,0,0,0,1000,210000,-209000,-209000
052655,群創統一97購01  ,0,0,0,0,0,0,0,0,0,-209000,0,0,0,0,209000,-209000,-209000
056094,大立光元富97購03,0,0,0,0,0,0,0,0,0,-210000,0,0,0,0,210000,-210000,-210000
042796,永冠元大93購01  ,0,0,0,0,0,0,0,0,0,-210000,0,0,0,40000,250000,-210000,-210000
04426P,佳世達康和94售02,0,0,0,0,0,0,0,0,0,-210000,0,0,0,0,210000,-210000,-210000
044592,元油2X國票93購02,0,0,0,0,0,0,0,0,0,-210000,0,0,0,0,210000,-210000,-210000
048614,欣興凱基93購05  ,0,0,0,0,0,0,0,0,0,-210000,0,0,0,3000,213000,-210000,-210000
052791,友達兆豐97購01  ,0,0,0,0,0,0,0,0,0,-210000,0,0,0,10000,220000,-210000,-210000
053033,智易兆豐97購01  ,0,0,0,0,0,0,0,0,0,-210000,0,0,0,0,210000,-210000,-210000
05865P,大立光元大96售09,0,0,0,0,0,0,0,0,0,-210000,0,0,0,1000,211000,-210000,-210000
053577,上証2X元大96購02,0,0,0,0,0,0,0,0,0,-211000,0,0,0,0,211000,-211000,-211000
05183P,台積電元富95售07,0,0,0,0,0,0,0,0,0,-211000,0,0,0,14000,225000,-211000,-211000
051228,聯發科群益95購03,0,0,0,0,0,0,0,0,0,-211000,0,0,0,0,211000,-211000,-211000
2233,宇隆            ,53000,194000,-141000,0,0,0,0,70000,-70000,0,3000,3000,0,16000,16000,0,-211000
8021,尖點            ,369000,578000,-209000,0,0,0,0,0,0,-2000,0,2000,-2000,0,0,0,-211000
042712,元石油國票95購01,0,0,0,0,0,0,0,0,0,-212000,0,0,0,64000,276000,-212000,-212000
006205,富邦上証        ,1779000,205000,1574000,0,0,0,0,1000000,-1000000,-786000,0,10000,-10000,1086000,1862000,-776000,-212000
04023P,臺股指元富99售02,0,0,0,0,0,0,0,0,0,-212000,0,0,0,90000,302000,-212000,-212000
05104P,智邦台新95售02  ,0,0,0,0,0,0,0,0,0,-212000,0,0,0,0,212000,-212000,-212000
044003,聯發科兆豐93購01,0,0,0,0,0,0,0,0,0,-213000,0,0,0,14000,227000,-213000,-213000
2607,榮運            ,101000,318000,-217000,0,0,0,0,0,0,4000,7000,3000,4000,0,0,0,-213000
055374,明泰元大97購01  ,0,0,0,0,0,0,0,0,0,-214000,0,0,0,3000,217000,-214000,-214000
046843,上銀永豐93購01  ,0,0,0,0,0,0,0,0,0,-214000,0,0,0,34000,248000,-214000,-214000
049601,矽創元大95購02  ,0,0,0,0,0,0,0,0,0,-214000,0,0,0,0,214000,-214000,-214000
047163,義隆台新93購01  ,0,0,0,0,0,0,0,0,0,-214000,0,0,0,0,214000,-214000,-214000
04454P,大立光富邦98售02,0,0,0,0,0,0,0,0,0,-215000,0,0,0,11000,226000,-215000,-215000
050296,亞光凱基94購03  ,0,0,0,0,0,0,0,0,0,-215000,0,0,0,4000,219000,-215000,-215000
048483,可成國泰95購01  ,0,0,0,0,0,0,0,0,0,-215000,0,0,0,110000,325000,-215000,-215000
2476,鉅祥            ,5000,218000,-213000,0,0,0,0,0,0,-2000,0,2000,-2000,0,0,0,-215000
05621P,聯電中信96售01  ,0,0,0,0,0,0,0,0,0,-216000,0,0,0,20000,236000,-216000,-216000
044291,群創凱基93購06  ,0,0,0,0,0,0,0,0,0,-216000,0,0,0,1271000,1487000,-216000,-216000
050077,臺股指凱基99購02,0,0,0,0,0,0,0,0,0,-216000,0,0,0,0,216000,-216000,-216000
050050,國泰金群益94購02,0,0,0,0,0,0,0,0,0,-216000,0,0,0,28000,244000,-216000,-216000
050998,訊連元大95購01  ,0,0,0,0,0,0,0,0,0,-216000,0,0,0,0,216000,-216000,-216000
053641,正文永豐96購01  ,0,0,0,0,0,0,0,0,0,-217000,0,0,0,36000,253000,-217000,-217000
06403P,鴻海元富97售15  ,0,0,0,0,0,0,0,0,0,-217000,0,0,0,0,217000,-217000,-217000
05534P,元油反元大96售06,0,0,0,0,0,0,0,0,0,-218000,0,0,0,0,218000,-218000,-218000
055167,友訊統一97購01  ,0,0,0,0,0,0,0,0,0,-219000,0,0,0,2000,221000,-219000,-219000
05278P,台郡元富95售02  ,0,0,0,0,0,0,0,0,0,-219000,0,0,0,10000,229000,-219000,-219000
055897,TXFI0永昌99購01 ,0,0,0,0,0,0,0,0,0,-220000,0,0,0,0,220000,-220000,-220000
04519P,國泰金群益94售01,0,0,0,0,0,0,0,0,0,-220000,0,0,0,0,220000,-220000,-220000
04116P,京元電元大94售02,0,0,0,0,0,0,0,0,0,-220000,0,0,0,0,220000,-220000,-220000
052675,新光金國泰98購01,0,0,0,0,0,0,0,0,0,-220000,0,0,0,0,220000,-220000,-220000
051025,晶華統一95購01  ,0,0,0,0,0,0,0,0,0,-220000,0,0,0,0,220000,-220000,-220000
05971P,世紀鋼永豐96售04,0,0,0,0,0,0,0,0,0,-220000,0,0,0,0,220000,-220000,-220000
1476,儒鴻            ,970000,1157700,-187700,0,0,0,3000,0,3000,-36000,22000,42000,-20000,5000,21000,-16000,-220700
054107,上銀凱基97購01  ,0,0,0,0,0,0,0,0,0,-221000,0,0,0,12000,233000,-221000,-221000
2707,晶華            ,54000,218374,-164374,0,0,0,0,35000,-35000,-22000,6000,29000,-23000,3000,2000,1000,-221374
04177P,富邦金元大94售01,0,0,0,0,0,0,0,0,0,-222000,0,0,0,3000,225000,-222000,-222000
04576P,上海銀統一94售04,0,0,0,0,0,0,0,0,0,-222000,0,0,0,0,222000,-222000,-222000
2484,希華            ,131000,347000,-216000,0,0,0,0,0,0,-6000,5000,11000,-6000,0,0,0,-222000
046241,聯發科中信94購02,0,0,0,0,0,0,0,0,0,-223000,0,0,0,47000,270000,-223000,-223000
055703,緯穎富邦98購01  ,0,0,0,0,0,0,0,0,0,-224000,0,0,0,40000,264000,-224000,-224000
049414,台積電凱基94購18,0,0,0,0,0,0,0,0,0,-224000,0,0,0,0,224000,-224000,-224000
051858,上銀凱基95購01  ,0,0,0,0,0,0,0,0,0,-224000,0,0,0,57000,281000,-224000,-224000
052205,台積電中信95購09,0,0,0,0,0,0,0,0,0,-224000,0,0,0,36000,260000,-224000,-224000
052843,鴻海統一96購09  ,0,0,0,0,0,0,0,0,0,-224000,0,0,0,0,224000,-224000,-224000
052500,元翎永豐95購01  ,0,0,0,0,0,0,0,0,0,-224000,0,0,0,1000,225000,-224000,-224000
06094P,台達電中信97售01,0,0,0,0,0,0,0,0,0,-224000,0,0,0,1000,225000,-224000,-224000
055122,國巨兆豐98購01  ,0,0,0,0,0,0,0,0,0,-225000,0,0,0,0,225000,-225000,-225000
05532P,臺股指群益96售05,0,0,0,0,0,0,0,0,0,-225000,0,0,0,115000,340000,-225000,-225000
055573,國巨統一97購06  ,0,0,0,0,0,0,0,0,0,-225000,0,0,0,0,225000,-225000,-225000
044615,聯茂兆豐93購01  ,0,0,0,0,0,0,0,0,0,-225000,0,0,0,10000,235000,-225000,-225000
046826,統一群益94購01  ,0,0,0,0,0,0,0,0,0,-225000,0,0,0,24000,249000,-225000,-225000
05315P,鴻海永昌96售08  ,0,0,0,0,0,0,0,0,0,-225000,0,0,0,403000,628000,-225000,-225000
053186,健策中信9C購01  ,0,0,0,0,0,0,0,0,0,-225000,0,0,0,50000,275000,-225000,-225000
051311,瑞昱麥證95購01  ,0,0,0,2000,230000,-228000,0,0,0,-225000,0,0,0,5000,230000,-225000,-225000
8463,潤泰材          ,118000,88000,30000,0,0,0,0,0,0,-255000,1000,256000,-255000,0,0,0,-225000
053665,臺股指凱基96購26,0,0,0,0,0,0,0,0,0,-226000,0,0,0,0,226000,-226000,-226000
04482P,臺股指日盛94售01,0,0,0,0,0,0,0,0,0,-226000,4984000,0,4984000,0,5210000,-5210000,-226000
03828P,致茂中信95售01  ,0,0,0,0,0,0,0,0,0,-226000,0,0,0,0,226000,-226000,-226000
050752,美律統一94購05  ,0,0,0,0,0,0,0,0,0,-226000,0,0,0,0,226000,-226000,-226000
052893,聯電群益98購01  ,0,0,0,0,0,0,0,0,0,-226000,0,0,0,2000,228000,-226000,-226000
054268,健策第一96購01  ,0,0,0,0,0,0,0,0,0,-227000,0,0,0,202000,429000,-227000,-227000
055212,和大凱基97購02  ,0,0,0,0,0,0,0,0,0,-227000,0,0,0,0,227000,-227000,-227000
047460,富邦金群益95購01,0,0,0,0,0,0,0,0,0,-227000,0,0,0,0,227000,-227000,-227000
049371,可成元大94購04  ,0,0,0,0,0,0,0,0,0,-227000,0,0,0,3000,230000,-227000,-227000
050686,欣興兆豐96購01  ,0,0,0,0,0,0,0,0,0,-227000,0,0,0,0,227000,-227000,-227000
050884,聯茂國泰96購01  ,0,0,0,0,0,0,0,0,0,-227000,0,0,0,0,227000,-227000,-227000
050978,鴻海元富95購03  ,0,0,0,0,0,0,0,0,0,-227000,0,0,0,15000,242000,-227000,-227000
051193,新日興兆豐96購01,0,0,0,0,0,0,0,0,0,-227000,0,0,0,0,227000,-227000,-227000
051918,聯茂元大95購01  ,0,0,0,0,0,0,0,0,0,-227000,0,0,0,2000,229000,-227000,-227000
06032P,健策群益97售03  ,0,0,0,0,0,0,0,0,0,-227000,0,0,0,23000,250000,-227000,-227000
053626,台積電兆豐96購03,0,0,0,0,0,0,0,0,0,-228000,0,0,0,204000,432000,-228000,-228000
053851,鴻海國泰98購03  ,0,0,0,0,0,0,0,0,0,-228000,0,0,0,1000,229000,-228000,-228000
046864,和大統一97購01  ,0,0,0,0,0,0,0,0,0,-228000,0,0,0,402000,630000,-228000,-228000
054710,東元元富97購01  ,0,0,0,0,0,0,0,0,0,-229000,0,0,0,36000,265000,-229000,-229000
045447,鴻海國泰94購02  ,0,0,0,0,0,0,0,0,0,-229000,0,0,0,0,229000,-229000,-229000
049053,可成永豐94購01  ,0,0,0,0,0,0,0,0,0,-229000,0,0,0,105000,334000,-229000,-229000
053537,玉晶光永豐98購02,0,0,0,0,0,0,0,0,0,-229000,0,0,0,398000,627000,-229000,-229000
049427,瑞昱兆豐94購01  ,0,0,0,0,0,0,0,0,0,-230000,0,0,0,19000,249000,-230000,-230000
03703P,台郡元大93售02  ,0,0,0,0,0,0,0,0,0,-230000,0,0,0,20000,250000,-230000,-230000
049736,宏達電群益95購03,0,0,0,0,0,0,0,0,0,-230000,0,0,0,0,230000,-230000,-230000
049228,台塑富邦94購01  ,0,0,0,0,0,0,0,0,0,-230000,0,0,0,0,230000,-230000,-230000
048767,欣興凱基94購01  ,0,0,0,0,0,0,0,0,0,-230000,0,0,0,10000,240000,-230000,-230000
047585,微星永豐93購01  ,0,0,0,0,0,0,0,0,0,-230000,0,0,0,0,230000,-230000,-230000
046979,台泥兆豐93購01  ,0,0,0,0,0,0,0,0,0,-230000,0,0,0,5000,235000,-230000,-230000
049848,聯發科群益94購06,0,0,0,0,0,0,0,0,0,-230000,0,0,0,61000,291000,-230000,-230000
053509,華新群益98購01  ,0,0,0,0,0,0,0,0,0,-230000,0,0,0,1000,231000,-230000,-230000
053119,日月光中信97購01,0,0,0,0,0,0,0,0,0,-230000,0,0,0,0,230000,-230000,-230000
052003,泰碩國泰97購02  ,0,0,0,0,0,0,0,0,0,-230000,0,0,0,0,230000,-230000,-230000
04449P,智邦凱基94售01  ,0,0,0,0,0,0,0,0,0,-231000,0,0,0,0,231000,-231000,-231000
049043,新唐兆豐94購01  ,0,0,0,0,0,0,0,0,0,-232000,0,0,0,0,232000,-232000,-232000
054206,鴻海國票99購01  ,0,0,0,0,0,0,0,0,0,-233000,0,0,0,10000,243000,-233000,-233000
04363P,儒鴻元富94售01  ,0,0,0,0,0,0,0,0,0,-233000,0,0,0,0,233000,-233000,-233000
5258,虹堡            ,132000,365000,-233000,0,0,0,0,0,0,0,0,0,0,0,0,0,-233000
05573P,仁寶元富96售02  ,0,0,0,0,0,0,0,0,0,-234000,0,0,0,0,234000,-234000,-234000
049152,大立光元大95購06,0,0,0,0,0,0,0,0,0,-234000,0,0,0,214000,448000,-234000,-234000
049164,滬深2X日盛94購01,0,0,0,0,0,0,0,0,0,-234000,0,0,0,0,234000,-234000,-234000
053798,台積電中信98購02,0,0,0,0,0,0,0,0,0,-235000,0,0,0,0,235000,-235000,-235000
045937,臻鼎群益93購02  ,0,0,0,0,0,0,0,0,0,-235000,0,0,0,0,235000,-235000,-235000
051844,宏達電富邦96購01,0,0,0,0,0,0,0,0,0,-235000,0,0,0,226000,461000,-235000,-235000
051128,台表科群益95購02,0,0,0,0,0,0,0,0,0,-235000,0,0,0,5000,240000,-235000,-235000
046294,台勝科統一92購01,0,0,0,0,0,0,0,0,0,-236000,0,0,0,0,236000,-236000,-236000
05154P,台積電兆豐95售05,0,0,0,0,0,0,0,0,0,-236000,0,0,0,0,236000,-236000,-236000
053181,滬深2X元富99購02,0,0,0,0,0,0,0,0,0,-236000,0,0,0,0,236000,-236000,-236000
052509,鴻海凱基96購10  ,0,0,0,0,0,0,0,0,0,-237000,0,0,0,12000,249000,-237000,-237000
050796,燿華中信95購01  ,0,0,0,0,0,0,0,0,0,-237000,0,0,0,0,237000,-237000,-237000
054084,旺宏統一97購05  ,0,0,0,0,0,0,0,0,0,-238000,0,0,0,0,238000,-238000,-238000
04264P,宏碁統一93售01  ,0,0,0,0,0,0,0,0,0,-238000,0,0,0,1000,239000,-238000,-238000
04833P,鴻海元大94售16  ,0,0,0,0,0,0,0,0,0,-238000,0,0,0,12000,250000,-238000,-238000
047969,台達電富邦97購01,0,0,0,0,0,0,0,0,0,-238000,0,0,0,35000,273000,-238000,-238000
052593,台積電群益96購02,0,0,0,0,0,0,0,0,0,-238000,0,0,0,30000,268000,-238000,-238000
053044,南茂凱基96購02  ,0,0,0,0,0,0,0,0,0,-238000,0,0,0,0,238000,-238000,-238000
05519P,上証2X凱基98售01,0,0,0,0,0,0,0,0,0,-239000,0,0,0,0,239000,-239000,-239000
049644,台積電凱基94購21,0,0,0,0,0,0,0,0,0,-239000,0,0,0,12000,251000,-239000,-239000
049241,智邦元富94購01  ,0,0,0,0,0,0,0,0,0,-239000,0,0,0,0,239000,-239000,-239000
049372,華新科元大95購04,0,0,0,0,0,0,0,0,0,-239000,0,0,0,0,239000,-239000,-239000
053400,緯穎中信9A購01  ,0,0,0,0,0,0,0,0,0,-239000,0,0,0,11000,250000,-239000,-239000
055300,緯穎元大98購01  ,0,0,0,0,0,0,0,0,0,-240000,0,0,0,87000,327000,-240000,-240000
052596,群創群益98購05  ,0,0,0,0,0,0,0,0,0,-240000,0,0,0,31000,271000,-240000,-240000
055076,福懋科永豐97購01,0,0,0,0,0,0,0,0,0,-241000,0,0,0,2000,243000,-241000,-241000
05049P,矽創永豐95售01  ,0,0,0,0,0,0,0,0,0,-241000,0,0,0,24000,265000,-241000,-241000
05727P,新光金日盛96售02,0,0,0,0,0,0,0,0,0,-242000,0,0,0,0,242000,-242000,-242000
044693,滬深2X元大94購01,0,0,0,0,0,0,0,0,0,-242000,0,0,0,71000,313000,-242000,-242000
2419,仲琦            ,300000,351000,-51000,0,0,0,0,0,0,-191000,1000,192000,-191000,0,0,0,-242000
054046,義隆元大96購02  ,0,0,0,0,0,0,0,0,0,-243000,0,0,0,68000,311000,-243000,-243000
053698,中磊元大96購02  ,0,0,0,0,0,0,0,0,0,-243000,0,0,0,7000,250000,-243000,-243000
054572,國巨元大98購03  ,0,0,0,0,0,0,0,0,0,-243000,0,0,0,51000,294000,-243000,-243000
042994,葡萄王元大94購02,0,0,0,0,0,0,0,0,0,-243000,0,0,0,43000,286000,-243000,-243000
049745,國巨永豐94購04  ,0,0,0,0,0,0,0,0,0,-243000,0,0,0,7000,250000,-243000,-243000
04843P,致新元大94售02  ,0,0,0,0,0,0,0,0,0,-243000,0,0,0,0,243000,-243000,-243000
051288,可成統一95購03  ,0,0,0,0,0,0,0,0,0,-244000,0,0,0,54000,298000,-244000,-244000
06069P,台積電永豐97售01,0,0,0,0,0,0,0,0,0,-244000,0,0,0,80000,324000,-244000,-244000
054114,新光金台新97購01,0,0,0,0,0,0,0,0,0,-245000,0,0,0,0,245000,-245000,-245000
04228P,貿聯永豐93售03  ,0,0,0,0,0,0,0,0,0,-245000,0,0,0,1000,246000,-245000,-245000
044307,GIS兆豐93購01   ,0,0,0,0,0,0,0,0,0,-245000,0,0,0,40000,285000,-245000,-245000
055215,智邦凱基98購02  ,0,0,0,0,0,0,0,0,0,-246000,0,0,0,10000,256000,-246000,-246000
053391,嘉聯益元大99購01,0,0,0,0,0,0,0,0,0,-246000,0,0,0,20000,266000,-246000,-246000
055452,台積電元富97購03,0,0,0,0,0,0,0,0,0,-247000,0,0,0,10000,257000,-247000,-247000
050472,和大永豐94購01  ,0,0,0,0,0,0,0,0,0,-247000,0,0,0,0,247000,-247000,-247000
3704,合勤控          ,184000,375000,-191000,0,0,0,0,0,0,-56000,4000,0,4000,0,60000,-60000,-247000
2399,映泰            ,144000,389000,-245000,0,0,0,0,0,0,-3000,0,3000,-3000,0,0,0,-248000
6278,台表科          ,1239000,823000,416000,0,0,0,0,461000,-461000,-203000,32000,179000,-147000,9000,65000,-56000,-248000
049369,義隆元大95購01  ,0,0,0,0,0,0,0,0,0,-249000,0,0,0,16000,265000,-249000,-249000
051050,鴻海群益95購03  ,0,0,0,0,0,0,0,0,0,-249000,0,0,0,1000,250000,-249000,-249000
055268,和大元大97購01  ,0,0,0,0,0,0,0,0,0,-250000,0,0,0,0,250000,-250000,-250000
045255,華邦電凱基93購03,0,0,0,0,0,0,0,0,0,-250000,0,0,0,0,250000,-250000,-250000
046061,中石化凱基98購01,0,0,0,0,0,0,0,0,0,-250000,0,0,0,65000,315000,-250000,-250000
042604,國泰金富邦92購01,0,0,0,0,0,0,0,0,0,-250000,0,0,0,0,250000,-250000,-250000
04359P,中磊永豐94售01  ,0,0,0,0,0,0,0,0,0,-250000,0,0,0,4000,254000,-250000,-250000
050162,中環國泰95購01  ,0,0,0,0,0,0,0,0,0,-250000,0,0,0,0,250000,-250000,-250000
04751P,智邦兆豐95售02  ,0,0,0,0,0,0,0,0,0,-250000,0,0,0,15000,265000,-250000,-250000
052144,鴻海群益95購10  ,0,0,0,0,0,0,0,0,0,-250000,0,0,0,0,250000,-250000,-250000
053138,華邦電富邦96購01,0,0,0,0,0,0,0,0,0,-250000,0,0,0,3000,253000,-250000,-250000
052784,緯穎國票97購02  ,0,0,0,0,0,0,0,0,0,-250000,0,0,0,0,250000,-250000,-250000
5243,乙盛-KY         ,329000,578000,-249000,0,0,0,0,0,0,-1000,0,1000,-1000,0,0,0,-250000
055758,旺宏群益97購01  ,0,0,0,0,0,0,0,0,0,-251000,0,0,0,14000,265000,-251000,-251000
04173P,上海銀凱基93售02,0,0,0,0,0,0,0,0,0,-251000,0,0,0,0,251000,-251000,-251000
048510,滬深2X凱基93購05,0,0,0,0,0,0,0,0,0,-251000,0,0,0,0,251000,-251000,-251000
048211,大立光日盛93購01,0,0,0,0,0,0,0,0,0,-251000,0,0,0,0,251000,-251000,-251000
4942,嘉彰            ,115000,366000,-251000,0,0,0,0,0,0,0,1000,1000,0,0,0,0,-251000
047646,貿聯元大94購01  ,0,0,0,0,0,0,0,0,0,-253000,0,0,0,0,253000,-253000,-253000
05202P,鴻海元大95售16  ,0,0,0,0,0,0,0,0,0,-253000,0,0,0,0,253000,-253000,-253000
6552,易華電          ,56000,300000,-244000,0,0,0,0,0,0,-9000,0,0,0,2000,11000,-9000,-253000
054400,健策永豐96購02  ,0,0,0,0,0,0,0,0,0,-254000,0,0,0,51000,305000,-254000,-254000
049584,台積電元大96購04,0,0,0,0,0,0,0,0,0,-254000,0,0,0,11000,265000,-254000,-254000
05884P,旺宏統一96售01  ,0,0,0,0,0,0,0,0,0,-254000,0,0,0,0,254000,-254000,-254000
053587,京元電元大98購01,0,0,0,0,0,0,0,0,0,-255000,0,0,0,23000,278000,-255000,-255000
053857,宏達電富邦97購02,0,0,0,0,0,0,0,0,0,-255000,0,0,0,80000,335000,-255000,-255000
04287P,A50正2中信96售01,0,0,0,0,0,0,0,0,0,-255000,0,0,0,254000,509000,-255000,-255000
046980,智邦兆豐94購01  ,0,0,0,0,0,0,0,0,0,-256000,0,0,0,100000,356000,-256000,-256000
05063P,聯電元大96售03  ,0,0,0,0,0,0,0,0,0,-256000,0,0,0,0,256000,-256000,-256000
053884,緯穎第一96購01  ,0,0,0,0,0,0,0,0,0,-259000,0,0,0,104000,363000,-259000,-259000
04121P,宏碁凱基93售02  ,0,0,0,0,0,0,0,0,0,-259000,0,0,0,1000,260000,-259000,-259000
043513,台灣50元大96購05,0,0,0,0,0,0,0,0,0,-259000,0,0,0,0,259000,-259000,-259000
052616,鴻海國泰98購02  ,0,0,0,0,0,0,0,0,0,-259000,0,0,0,0,259000,-259000,-259000
08703P,華碩凱基01售02  ,0,0,0,0,0,0,0,0,0,-259000,0,0,0,0,259000,-259000,-259000
2617,台航            ,20000,263000,-243000,0,0,0,0,0,0,-16000,0,16000,-16000,0,0,0,-259000
2207,和泰車          ,282535,532218,-249683,0,0,0,7000,0,7000,-17000,3000,21000,-18000,1000,0,1000,-259683
054414,全新元大97購02  ,0,0,0,0,0,0,0,0,0,-260000,0,0,0,0,260000,-260000,-260000
046811,和大凱基93購01  ,0,0,0,0,0,0,0,0,0,-260000,0,0,0,0,260000,-260000,-260000
050381,鴻海兆豐94購01  ,0,0,0,0,0,0,0,0,0,-260000,0,0,0,210000,470000,-260000,-260000
049831,日月光凱基94購01,0,0,0,0,0,0,0,0,0,-260000,0,0,0,0,260000,-260000,-260000
049946,智邦兆豐95購01  ,0,0,0,0,0,0,0,0,0,-260000,0,0,0,0,260000,-260000,-260000
051387,新光金麥證96購01,0,0,0,0,260000,-260000,0,0,0,-260000,0,0,0,0,260000,-260000,-260000
054032,上銀中信96購01  ,0,0,0,0,0,0,0,0,0,-262000,0,0,0,11000,273000,-262000,-262000
05609P,國泰金凱基96售01,0,0,0,0,0,0,0,0,0,-262000,0,0,0,0,262000,-262000,-262000
049045,上海銀兆豐94購01,0,0,0,0,0,0,0,0,0,-262000,0,0,0,7000,269000,-262000,-262000
05288P,寶成元富95售02  ,0,0,0,0,0,0,0,0,0,-263000,0,0,0,0,263000,-263000,-263000
05408P,臺股指中信95售13,0,0,0,0,0,0,0,0,0,-264000,0,0,0,0,264000,-264000,-264000
054354,技嘉富邦97購01  ,0,0,0,0,0,0,0,0,0,-264000,0,0,0,15000,279000,-264000,-264000
047893,嘉聯益兆豐94購01,0,0,0,0,0,0,0,0,0,-264000,0,0,0,0,264000,-264000,-264000
053267,華新科群益96購02,0,0,0,0,0,0,0,0,0,-264000,0,0,0,3000,267000,-264000,-264000
053868,群創元大99購02  ,0,0,0,0,0,0,0,0,0,-265000,0,0,0,14000,279000,-265000,-265000
046598,T50反1群益93購04,0,0,0,0,0,0,0,0,0,-265000,0,0,0,0,265000,-265000,-265000
048657,大成鋼統一93購04,0,0,0,0,0,0,0,0,0,-265000,0,0,0,70000,335000,-265000,-265000
05467P,聯電元大95售02  ,0,0,0,0,0,0,0,0,0,-266000,0,0,0,0,266000,-266000,-266000
05595P,友達統一96售02  ,0,0,0,0,0,0,0,0,0,-266000,0,0,0,180000,446000,-266000,-266000
03643C,臺股指元富99牛04,0,0,0,0,0,0,0,0,0,-266000,0,0,0,23000,289000,-266000,-266000
04714P,上海銀元大94售01,0,0,0,0,0,0,0,0,0,-266000,0,0,0,0,266000,-266000,-266000
050614,聯發科元大95購04,0,0,0,0,0,0,0,0,0,-266000,0,0,0,0,266000,-266000,-266000
054427,潤泰全富邦97購01,0,0,0,0,0,0,0,0,0,-268000,0,0,0,0,268000,-268000,-268000
052100,滬深2X永昌96購01,0,0,0,0,0,0,0,0,0,-269000,0,0,0,0,269000,-269000,-269000
053413,台積電國票99購01,0,0,0,0,0,0,0,0,0,-270000,0,0,0,0,270000,-270000,-270000
050566,高股息中信97購02,0,0,0,0,0,0,0,0,0,-271000,0,0,0,6000,277000,-271000,-271000
051842,大成鋼富邦97購01,0,0,0,0,0,0,0,0,0,-271000,0,0,0,0,271000,-271000,-271000
051683,A50正2凱基97購01,0,0,0,0,0,0,0,0,0,-271000,0,0,0,0,271000,-271000,-271000
4960,誠美材          ,0,271000,-271000,0,0,0,0,0,0,0,0,0,0,0,0,0,-271000
03771P,中磊元大93售03  ,0,0,0,0,0,0,0,0,0,-273000,0,0,0,0,273000,-273000,-273000
6504,南六            ,0,273000,-273000,0,0,0,0,0,0,0,0,0,0,0,0,0,-273000
04049P,大立光元大95售02,0,0,0,0,0,0,0,0,0,-274000,0,0,0,142000,416000,-274000,-274000
049825,台積電凱基94購26,0,0,0,0,0,0,0,0,0,-274000,0,0,0,90000,364000,-274000,-274000
054287,台積電元大97購11,0,0,0,0,0,0,0,0,0,-275000,0,0,0,240000,515000,-275000,-275000
055553,聯發科凱基97購05,0,0,0,0,0,0,0,0,0,-275000,0,0,0,0,275000,-275000,-275000
04328P,台達電中信93售02,0,0,0,0,0,0,0,0,0,-275000,0,0,0,0,275000,-275000,-275000
046108,A50正2元大95購02,0,0,0,0,0,0,0,0,0,-275000,0,0,0,5000,280000,-275000,-275000
049069,元油2X凱基95購04,0,0,0,0,0,0,0,0,0,-275000,0,0,0,0,275000,-275000,-275000
05079P,可成永豐95售01  ,0,0,0,0,0,0,0,0,0,-276000,0,0,0,0,276000,-276000,-276000
055151,台積電元大98購05,0,0,0,0,0,0,0,0,0,-277000,0,0,0,0,277000,-277000,-277000
05912P,和大元大96售01  ,0,0,0,0,0,0,0,0,0,-277000,0,0,0,23000,300000,-277000,-277000
1477,聚陽            ,871000,1037500,-166500,0,0,0,0,0,0,-111000,40000,149000,-109000,3000,5000,-2000,-277500
052829,上銀群益96購01  ,0,0,0,0,0,0,0,0,0,-278000,0,0,0,40000,318000,-278000,-278000
2601,益航            ,134000,413000,-279000,0,0,0,0,0,0,1000,1000,0,1000,0,0,0,-278000
2511,太子            ,359888,643000,-283112,0,0,0,0,0,0,5000,9000,4000,5000,0,0,0,-278112
054835,致新中信97購01  ,0,0,0,0,0,0,0,0,0,-279000,0,0,0,0,279000,-279000,-279000
049680,臺股指國票94購13,0,0,0,0,0,0,0,0,0,-279000,0,0,0,0,279000,-279000,-279000
5264,鎧勝-KY         ,171000,427120,-256120,0,0,0,0,0,0,-23000,6000,0,6000,0,29000,-29000,-279120
048496,南亞科元大93購05,0,0,0,0,0,0,0,0,0,-280000,0,0,0,0,280000,-280000,-280000
055850,聯詠元大97購06  ,0,0,0,0,0,0,0,0,0,-281000,0,0,0,0,281000,-281000,-281000
055706,大立光永豐97購03,0,0,0,0,0,0,0,0,0,-281000,0,0,0,0,281000,-281000,-281000
049125,禾伸堂元富94購01,10000,0,10000,0,0,0,0,0,0,-291000,0,0,0,20000,311000,-291000,-281000
052878,台虹凱基96購01  ,0,0,0,0,0,0,0,0,0,-281000,0,0,0,44000,325000,-281000,-281000
053444,奇力新凱基96購03,0,0,0,0,0,0,0,0,0,-282000,0,0,0,2000,284000,-282000,-282000
8039,台虹            ,889000,1114000,-225000,0,0,0,0,0,0,-57000,30000,55000,-25000,18000,50000,-32000,-282000
2547,日勝生          ,357001,637000,-279999,0,0,0,0,0,0,-3000,19000,22000,-3000,0,0,0,-282999
03651P,統一元大92售01  ,0,0,0,0,0,0,0,0,0,-283000,0,0,0,0,283000,-283000,-283000
053942,超眾國泰96購02  ,0,0,0,0,0,0,0,0,0,-284000,0,0,0,0,284000,-284000,-284000
05724P,致茂永豐96售01  ,0,0,0,0,0,0,0,0,0,-286000,0,0,0,45000,331000,-286000,-286000
049996,元油2X永豐94購05,0,0,0,0,0,0,0,0,0,-286000,0,0,0,40000,326000,-286000,-286000
04768P,大立光國泰96售03,0,0,0,0,0,0,0,0,0,-287000,0,0,0,0,287000,-287000,-287000
05053P,新日興群益95售01,0,0,0,0,0,0,0,0,0,-287000,0,0,0,26000,313000,-287000,-287000
052102,台泥兆豐96購01  ,0,0,0,0,0,0,0,0,0,-287000,0,0,0,4000,291000,-287000,-287000
054561,奇力新群益97購03,0,0,0,0,0,0,0,0,0,-288000,0,0,0,34000,322000,-288000,-288000
045662,華邦電統一94購02,0,0,0,0,0,0,0,0,0,-288000,0,0,0,20000,308000,-288000,-288000
054723,鴻海日盛97購01  ,0,0,0,0,0,0,0,0,0,-289000,0,0,0,0,289000,-289000,-289000
045172,欣興兆豐94購01  ,0,0,0,0,0,0,0,0,0,-289000,0,0,0,0,289000,-289000,-289000
049286,美律兆豐94購01  ,0,0,0,0,0,0,0,0,0,-289000,0,0,0,0,289000,-289000,-289000
048100,貿聯凱基93購02  ,0,0,0,0,0,0,0,0,0,-289000,0,0,0,140000,429000,-289000,-289000
8464,億豐            ,448690,764000,-315310,0,0,0,45000,21000,24000,2000,2000,0,2000,0,0,0,-289310
048269,瀚宇博國泰95購01,0,0,0,0,0,0,0,0,0,-290000,0,0,0,34000,324000,-290000,-290000
052074,鴻海元富95購10  ,0,0,0,0,0,0,0,0,0,-290000,0,0,0,0,290000,-290000,-290000
05914P,友達元大96售04  ,0,0,0,0,0,0,0,0,0,-292000,0,0,0,5000,297000,-292000,-292000
054983,國巨元富97購04  ,0,0,0,0,0,0,0,0,0,-295000,0,0,0,0,295000,-295000,-295000
046118,高鐵元大92購01  ,0,0,0,0,0,0,0,0,0,-295000,0,0,0,5000,300000,-295000,-295000
046499,技嘉元大92購02  ,0,0,0,0,0,0,0,0,0,-295000,0,0,0,85000,380000,-295000,-295000
049472,楠梓電永豐95購01,0,0,0,0,0,0,0,0,0,-295000,0,0,0,0,295000,-295000,-295000
050499,台達電凱基94購11,0,0,0,0,0,0,0,0,0,-295000,0,0,0,25000,320000,-295000,-295000
051227,技嘉群益97購01  ,0,0,0,0,0,0,0,0,0,-295000,0,0,0,5000,300000,-295000,-295000
05637P,聯電元大96售04  ,0,0,0,0,0,0,0,0,0,-296000,0,0,0,110000,406000,-296000,-296000
06012P,世芯國票96售01  ,0,0,0,0,0,0,0,0,0,-296000,0,0,0,54000,350000,-296000,-296000
3605,宏致            ,154000,450000,-296000,0,0,0,0,0,0,0,3000,3000,0,0,0,0,-296000
9914,美利達          ,437000,686000,-249000,0,0,0,0,7000,-7000,-41000,2000,37000,-35000,0,6000,-6000,-297000
051136,可成永豐95購02  ,0,0,0,0,0,0,0,0,0,-298000,0,0,0,0,298000,-298000,-298000
050325,台積電永豐94購05,0,0,0,0,0,0,0,0,0,-299000,0,0,0,112000,411000,-299000,-299000
051248,華固元大95購01  ,0,0,0,0,0,0,0,0,0,-299000,0,0,0,1000,300000,-299000,-299000
053122,美律凱基98購01  ,0,0,0,0,0,0,0,0,0,-299000,0,0,0,100000,399000,-299000,-299000
2537,聯上發          ,202000,481000,-279000,0,0,0,0,0,0,-20000,3000,23000,-20000,0,0,0,-299000
05577P,上銀凱基96售02  ,0,0,0,0,0,0,0,0,0,-300000,0,0,0,0,300000,-300000,-300000
055403,泰鼎元富97購01  ,0,0,0,0,0,0,0,0,0,-300000,0,0,0,0,300000,-300000,-300000
053711,鴻海凱基96購14  ,0,0,0,0,0,0,0,0,0,-300000,0,0,0,0,300000,-300000,-300000
044356,創意元大92購04  ,0,0,0,0,0,0,0,0,0,-300000,0,0,0,0,300000,-300000,-300000
03375P,玉晶光元大02售07,0,0,0,0,0,0,0,0,0,-300000,0,0,0,2196000,2496000,-300000,-300000
041991,元油2X國票98購01,0,0,0,0,0,0,0,0,0,-300000,0,0,0,8000,308000,-300000,-300000
047334,南茂元大93購03  ,0,0,0,0,0,0,0,0,0,-300000,0,0,0,0,300000,-300000,-300000
048829,欣興凱基94購02  ,0,0,0,0,0,0,0,0,0,-300000,0,0,0,0,300000,-300000,-300000
048578,滬深2X富邦93購04,0,0,0,0,0,0,0,0,0,-300000,0,0,0,0,300000,-300000,-300000
04972P,緯穎元富94售03  ,0,0,0,0,0,0,0,0,0,-300000,0,0,0,30000,330000,-300000,-300000
051368,國泰金富邦97購01,0,0,0,0,0,0,0,0,0,-300000,0,0,0,25000,325000,-300000,-300000
054208,台積電國票97購07,0,0,0,0,0,0,0,0,0,-301000,0,0,0,20000,321000,-301000,-301000
046576,S&P反1富邦93購01,0,0,0,0,0,0,0,0,0,-301000,0,0,0,0,301000,-301000,-301000
054953,華新科元大97購05,0,0,0,0,0,0,0,0,0,-302000,0,0,0,0,302000,-302000,-302000
044105,聯詠中信95購01  ,0,0,0,0,0,0,0,0,0,-302000,0,0,0,0,302000,-302000,-302000
051732,華通國票97購01  ,0,0,0,0,0,0,0,0,0,-303000,0,0,0,210000,513000,-303000,-303000
055571,鴻海統一97購03  ,0,0,0,0,0,0,0,0,0,-304000,0,0,0,0,304000,-304000,-304000
054322,國巨台新96購02  ,0,0,0,0,0,0,0,0,0,-304000,0,0,0,10000,314000,-304000,-304000
052836,旺宏國泰98購01  ,0,0,0,0,0,0,0,0,0,-304000,0,0,0,21000,325000,-304000,-304000
052748,群創元大9A購02  ,0,0,0,0,0,0,0,0,0,-304000,0,0,0,13000,317000,-304000,-304000
053179,大立光統一96購04,0,0,0,0,0,0,0,0,0,-305000,0,0,0,0,305000,-305000,-305000
1604,聲寶            ,59000,347000,-288000,0,0,0,0,0,0,-17000,1000,18000,-17000,0,0,0,-305000
6257,矽格            ,1125000,1652000,-527000,0,0,0,25000,0,25000,197000,360000,128000,232000,3000,38000,-35000,-305000
053294,聯發科中信9C購01,0,0,0,0,0,0,0,0,0,-306000,0,0,0,10000,316000,-306000,-306000
050992,台積電元大97購01,0,0,0,0,0,0,0,0,0,-306000,0,0,0,133000,439000,-306000,-306000
6592,和潤企業        ,8000,314000,-306000,0,0,0,0,0,0,0,0,0,0,0,0,0,-306000
05769P,台積電凱基96售16,0,0,0,0,0,0,0,0,0,-307000,0,0,0,3000,310000,-307000,-307000
6108,競國            ,45000,350000,-305000,0,0,0,0,0,0,-2000,0,2000,-2000,0,0,0,-307000
055222,臺股指凱基97購05,0,0,0,0,0,0,0,0,0,-308000,0,0,0,1000,309000,-308000,-308000
044125,美律凱基93購01  ,0,0,0,0,0,0,0,0,0,-308000,0,0,0,10000,318000,-308000,-308000
053625,國巨兆豐96購03  ,0,0,0,0,0,0,0,0,0,-309000,0,0,0,30000,339000,-309000,-309000
049539,元油2X群益9A購01,0,0,0,0,0,0,0,0,0,-309000,0,0,0,5000,314000,-309000,-309000
048346,智易元大95購01  ,0,0,0,0,0,0,0,0,0,-309000,0,0,0,1000,310000,-309000,-309000
04610P,世紀鋼永豐94售03,0,0,0,0,0,0,0,0,0,-310000,0,0,0,0,310000,-310000,-310000
045480,滬深2X中信94購01,0,0,0,0,0,0,0,0,0,-310000,0,0,0,0,310000,-310000,-310000
047555,欣興凱基93購01  ,0,0,0,0,0,0,0,0,0,-310000,0,0,0,6000,316000,-310000,-310000
055317,金寶國票98購01  ,0,0,0,0,0,0,0,0,0,-311000,0,0,0,24000,335000,-311000,-311000
049423,臺股指凱基95購02,0,0,0,0,0,0,0,0,0,-311000,0,0,0,0,311000,-311000,-311000
049824,鴻海凱基94購18  ,0,0,0,0,0,0,0,0,0,-311000,0,0,0,0,311000,-311000,-311000
055664,和大群益98購02  ,0,0,0,0,0,0,0,0,0,-312000,0,0,0,0,312000,-312000,-312000
056026,智易群益97購01  ,0,0,0,0,0,0,0,0,0,-312000,0,0,0,0,312000,-312000,-312000
054424,大成鋼富邦97購02,0,0,0,0,0,0,0,0,0,-312000,0,0,0,0,312000,-312000,-312000
08663P,台灣50元大96售01,0,470000,-470000,0,0,0,0,0,0,158000,0,0,0,158000,0,158000,-312000
049728,正崴中信94購01  ,0,0,0,0,0,0,0,0,0,-314000,0,0,0,0,314000,-314000,-314000
8996,高力            ,371000,520000,-149000,0,0,0,0,0,0,-165000,2000,167000,-165000,0,0,0,-314000
053615,光罩群益96購01  ,0,0,0,0,0,0,0,0,0,-315000,0,0,0,8000,323000,-315000,-315000
3705,永信            ,101000,112000,-11000,0,0,0,0,0,0,-305000,0,305000,-305000,0,0,0,-316000
2637,慧洋-KY         ,332000,785000,-453000,0,0,0,6000,0,6000,131000,152000,9000,143000,5000,17000,-12000,-316000
053769,香港反元大99購01,0,0,0,0,0,0,0,0,0,-317000,0,0,0,0,317000,-317000,-317000
054159,T50正2凱基99購01,0,0,0,0,0,0,0,0,0,-317000,0,0,0,0,317000,-317000,-317000
047552,潤泰全凱基94購02,0,0,0,0,0,0,0,0,0,-317000,0,0,0,1000,318000,-317000,-317000
2467,志聖            ,46000,352000,-306000,0,0,0,0,0,0,-11000,0,11000,-11000,0,0,0,-317000
053855,康友國泰98購01  ,0,0,0,0,0,0,0,0,0,-318000,0,0,0,15000,333000,-318000,-318000
051791,智伸科國票96購01,0,0,0,0,0,0,0,0,0,-318000,0,0,0,38000,356000,-318000,-318000
053776,台積電元大96購19,0,0,0,0,0,0,0,0,0,-319000,0,0,0,20000,339000,-319000,-319000
03438P,群創群益98售03  ,0,0,0,0,0,0,0,0,0,-319000,0,0,0,200000,519000,-319000,-319000
047419,聯發科富邦95購01,0,0,0,0,0,0,0,0,0,-319000,0,0,0,1000,320000,-319000,-319000
051886,道瓊反統一95購03,0,0,0,0,0,0,0,0,0,-319000,0,0,0,6000,325000,-319000,-319000
053025,燿華富邦98購02  ,0,0,0,0,0,0,0,0,0,-319000,0,0,0,0,319000,-319000,-319000
04142P,元油反凱基99售01,0,0,0,0,0,0,0,0,0,-320000,0,0,0,0,320000,-320000,-320000
3014,聯陽            ,203000,531000,-328000,0,0,0,0,0,0,8000,10000,2000,8000,0,0,0,-320000
06105P,國巨國票98售02  ,0,0,0,0,0,0,0,0,0,-320000,0,0,0,25000,345000,-320000,-320000
053257,華通富邦97購01  ,0,0,0,0,0,0,0,0,0,-321000,0,0,0,0,321000,-321000,-321000
3437,榮創            ,251000,573000,-322000,0,0,0,0,0,0,0,0,0,0,0,0,0,-322000
6452,康友-KY         ,347000,591000,-244000,0,0,0,0,0,0,-78000,1000,13000,-12000,35000,101000,-66000,-322000
047529,嘉晶元大94購02  ,0,0,0,0,0,0,0,0,0,-323000,0,0,0,0,323000,-323000,-323000
051657,台郡元富98購01  ,0,0,0,0,0,0,0,0,0,-323000,0,0,0,20000,343000,-323000,-323000
05901P,臺股指凱基9C售01,0,0,0,0,0,0,0,0,0,-323000,0,0,0,5000,328000,-323000,-323000
055644,致茂元富97購01  ,0,0,0,0,0,0,0,0,0,-324000,0,0,0,0,324000,-324000,-324000
04446P,元油2X凱基94售03,0,0,0,0,0,0,0,0,0,-324000,0,0,0,5017000,5341000,-324000,-324000
053563,台積電富邦97購01,0,0,0,0,0,0,0,0,0,-324000,0,0,0,135000,459000,-324000,-324000
053210,華邦電凱基97購02,0,0,0,0,0,0,0,0,0,-325000,0,0,0,0,325000,-325000,-325000
1305,華夏            ,268000,594000,-326000,0,0,0,0,0,0,1000,20000,19000,1000,0,0,0,-325000
053568,智伸科富邦98購01,0,0,0,0,0,0,0,0,0,-326000,0,0,0,51000,377000,-326000,-326000
052250,光磊永豐95購01  ,0,0,0,0,0,0,0,0,0,-327000,0,0,0,0,327000,-327000,-327000
2548,華固            ,289000,610000,-321000,0,0,0,24000,0,24000,-30000,3000,34000,-31000,6000,5000,1000,-327000
6177,達麗            ,34000,363000,-329000,0,0,0,0,0,0,2000,2000,0,2000,0,0,0,-327000
05316P,台積電永昌96售06,0,0,0,0,0,0,0,0,0,-329000,0,0,0,0,329000,-329000,-329000
051142,臺股指永豐95購02,0,0,0,0,0,0,0,0,0,-329000,0,0,0,2000,331000,-329000,-329000
047454,滬深2X群益96購03,0,0,0,0,0,0,0,0,0,-330000,0,0,0,0,330000,-330000,-330000
04874P,高股息中信97售01,0,0,0,0,0,0,0,0,0,-330000,0,0,0,0,330000,-330000,-330000
05471P,聯電統一95售01  ,0,0,0,0,0,0,0,0,0,-332000,0,0,0,11000,343000,-332000,-332000
054866,宏盛群益98購01  ,0,0,0,0,0,0,0,0,0,-333000,0,0,0,0,333000,-333000,-333000
049473,光罩永豐94購03  ,0,0,0,0,0,0,0,0,0,-333000,0,0,0,10000,343000,-333000,-333000
043938,華邦電兆豐93購01,0,0,0,0,0,0,0,0,0,-333000,0,0,0,0,333000,-333000,-333000
08218P,滬深2X凱基96售01,0,0,0,0,0,0,0,0,0,-333000,0,0,0,507000,840000,-333000,-333000
053803,聯發科凱基96購18,0,0,0,0,0,0,0,0,0,-334000,0,0,0,0,334000,-334000,-334000
052317,台積電元大96購11,0,0,0,0,0,0,0,0,0,-334000,0,0,0,6000,340000,-334000,-334000
054623,華新科第一97購01,0,0,0,0,0,0,0,0,0,-335000,0,0,0,10000,345000,-335000,-335000
048143,聯發科統一94購03,0,0,0,0,0,0,0,0,0,-335000,0,0,0,4000,339000,-335000,-335000
054658,道瓊銀元大9A購01,0,0,0,0,0,0,0,0,0,-336000,0,0,0,0,336000,-336000,-336000
054438,群創台新96購01  ,0,0,0,0,0,0,0,0,0,-336000,0,0,0,0,336000,-336000,-336000
03629C,元油2X元富98牛06,0,0,0,0,0,0,0,0,0,-336000,0,0,0,0,336000,-336000,-336000
053852,南亞科國泰98購01,0,0,0,0,0,0,0,0,0,-337000,0,0,0,2000,339000,-337000,-337000
049166,元油2X凱基97購02,0,0,0,0,0,0,0,0,0,-337000,0,0,0,0,337000,-337000,-337000
049863,京元電兆豐94購01,0,0,0,0,0,0,0,0,0,-337000,0,0,0,0,337000,-337000,-337000
055760,新日興群益98購02,0,0,0,0,0,0,0,0,0,-338000,0,0,0,68000,406000,-338000,-338000
046888,鴻海群益93購05  ,0,0,0,0,0,0,0,0,0,-338000,0,0,0,0,338000,-338000,-338000
050856,智邦台新95購01  ,0,0,0,0,0,0,0,0,0,-338000,0,0,0,0,338000,-338000,-338000
05766P,A50正2凱基99售01,0,0,0,0,0,0,0,0,0,-340000,0,0,0,0,340000,-340000,-340000
053859,台積電元大97購09,0,0,0,0,0,0,0,0,0,-340000,0,0,0,150000,490000,-340000,-340000
049609,全新兆豐95購01  ,0,0,0,0,0,0,0,0,0,-340000,0,0,0,10000,350000,-340000,-340000
04696P,亞德客國泰95售02,0,0,0,0,0,0,0,0,0,-341000,0,0,0,84000,425000,-341000,-341000
051240,台積電元大95購12,0,0,0,0,0,0,0,0,0,-342000,0,0,0,86000,428000,-342000,-342000
052057,臺股指凱基95購15,0,0,0,0,0,0,0,0,0,-342000,0,0,0,0,342000,-342000,-342000
045572,元油2X元大98購01,0,0,0,0,0,0,0,0,0,-343000,0,0,0,4000,347000,-343000,-343000
050220,台積電元富96購01,0,0,0,0,0,0,0,0,0,-343000,0,0,0,49000,392000,-343000,-343000
052679,致伸富邦98購01  ,0,0,0,0,0,0,0,0,0,-344000,0,0,0,10000,354000,-344000,-344000
06316P,臺股指元富97售03,0,0,0,0,0,0,0,0,0,-344000,0,0,0,0,344000,-344000,-344000
05233P,台郡台新95售02  ,0,0,0,0,0,0,0,0,0,-346000,0,0,0,0,346000,-346000,-346000
053581,台積電元大96購14,0,0,0,0,0,0,0,0,0,-347000,0,0,0,128000,475000,-347000,-347000
046793,聯發科元富99購01,0,0,0,0,0,0,0,0,0,-347000,0,0,0,45000,392000,-347000,-347000
050742,新日興永豐94購01,0,0,0,0,0,0,0,0,0,-347000,0,0,0,11000,358000,-347000,-347000
05761P,嘉澤永豐96售01  ,0,0,0,0,0,0,0,0,0,-348000,0,0,0,60000,408000,-348000,-348000
05549P,臺股指元大96售03,0,0,0,0,0,0,0,0,0,-348000,0,0,0,0,348000,-348000,-348000
05307P,光寶科中信95售01,0,0,0,0,0,0,0,0,0,-348000,0,0,0,0,348000,-348000,-348000
054682,東元永豐97購01  ,0,0,0,0,0,0,0,0,0,-349000,0,0,0,0,349000,-349000,-349000
04244P,可成元大93售12  ,0,0,0,0,0,0,0,0,0,-349000,0,0,0,0,349000,-349000,-349000
053052,旺宏國票97購02  ,0,0,0,0,0,0,0,0,0,-349000,0,0,0,0,349000,-349000,-349000
055495,長榮航元大97購01,0,0,0,0,0,0,0,0,0,-350000,0,0,0,0,350000,-350000,-350000
044200,群創國票93購01  ,0,0,0,0,0,0,0,0,0,-350000,0,0,0,0,350000,-350000,-350000
05888P,友達元大97售01  ,0,0,0,0,0,0,0,0,0,-351000,0,0,0,0,351000,-351000,-351000
052942,聯發科中信97購04,0,0,0,0,0,0,0,0,0,-352000,0,0,0,54000,406000,-352000,-352000
05653P,華邦電統一96售02,0,0,0,0,0,0,0,0,0,-354000,0,0,0,10000,364000,-354000,-354000
053947,義隆富邦97購01  ,0,0,0,0,0,0,0,0,0,-355000,0,0,0,172000,527000,-355000,-355000
051520,新光金凱基97購01,0,0,0,0,0,0,0,0,0,-355000,0,0,0,0,355000,-355000,-355000
053670,台積電統一96購09,0,0,0,0,0,0,0,0,0,-356000,0,0,0,0,356000,-356000,-356000
051792,泰鼎國票96購02  ,0,0,0,0,0,0,0,0,0,-356000,0,0,0,13000,369000,-356000,-356000
2405,浩鑫            ,58000,415000,-357000,0,0,0,0,0,0,1000,1000,0,1000,0,0,0,-356000
055399,超眾統一99購01  ,0,0,0,0,0,0,0,0,0,-358000,0,0,0,0,358000,-358000,-358000
054465,亞光凱基97購01  ,0,0,0,0,0,0,0,0,0,-360000,0,0,0,125000,485000,-360000,-360000
03917P,鴻海凱基94售07  ,0,0,0,0,0,0,0,0,0,-360000,0,0,0,50000,410000,-360000,-360000
055738,玉山金元富97購01,0,0,0,0,0,0,0,0,0,-361000,0,0,0,1000,362000,-361000,-361000
053699,臺股指元大96購22,0,0,0,0,0,0,0,0,0,-362000,0,0,0,48000,410000,-362000,-362000
048935,玉晶光永豐94購04,0,0,0,0,0,0,0,0,0,-363000,0,0,0,5000,368000,-363000,-363000
05759P,智邦永豐96售02  ,0,0,0,0,0,0,0,0,0,-364000,0,0,0,12000,376000,-364000,-364000
047465,滬深2X國泰94購01,0,0,0,0,0,0,0,0,0,-364000,0,0,0,0,364000,-364000,-364000
05972P,瑞昱元大96售01  ,0,0,0,0,0,0,0,0,0,-364000,0,0,0,40000,404000,-364000,-364000
04993P,上銀兆豐96售01  ,0,0,0,0,0,0,0,0,0,-366000,0,0,0,667000,1033000,-366000,-366000
05712P,友達統一97售03  ,0,0,0,0,0,0,0,0,0,-367000,0,0,0,49000,416000,-367000,-367000
044689,超眾凱基93購03  ,0,0,0,0,0,0,0,0,0,-368000,0,0,0,0,368000,-368000,-368000
052231,景碩凱基96購01  ,0,0,0,0,0,0,0,0,0,-368000,0,0,0,0,368000,-368000,-368000
053256,上銀富邦98購01  ,0,0,0,0,0,0,0,0,0,-368000,0,0,0,87000,455000,-368000,-368000
4968,立積            ,847000,1169000,-322000,0,0,0,6000,39000,-33000,-13000,8000,21000,-13000,0,0,0,-368000
055020,上証2X國泰98購01,0,0,0,0,0,0,0,0,0,-369000,0,0,0,480000,849000,-369000,-369000
054511,香港反元大98購01,0,0,0,0,0,0,0,0,0,-370000,0,0,0,30000,400000,-370000,-370000
049503,矽創元大94購01  ,0,0,0,0,0,0,0,0,0,-370000,0,0,0,50000,420000,-370000,-370000
047062,鴻海凱基93購24  ,0,0,0,0,0,0,0,0,0,-370000,0,0,0,0,370000,-370000,-370000
054128,台積電元大97購10,0,0,0,0,0,0,0,0,0,-371000,0,0,0,69000,440000,-371000,-371000
049875,台積電永豐94購04,0,0,0,0,0,0,0,0,0,-372000,0,0,0,333000,705000,-372000,-372000
03651C,臺股指凱基97牛17,0,0,0,0,0,0,0,0,0,-375000,0,0,0,0,375000,-375000,-375000
053258,上証2X群益9A購03,0,0,0,0,0,0,0,0,0,-375000,0,0,0,299000,674000,-375000,-375000
053045,國巨中信97購01  ,0,0,0,0,0,0,0,0,0,-375000,0,0,0,0,375000,-375000,-375000
054198,台積電永昌96購08,0,0,0,0,0,0,0,0,0,-376000,0,0,0,97000,473000,-376000,-376000
052032,臺股指群益95購05,0,0,0,0,0,0,0,0,0,-376000,0,0,0,0,376000,-376000,-376000
05917P,宏達電元大96售02,0,0,0,0,0,0,0,0,0,-376000,0,0,0,1000,377000,-376000,-376000
06081P,深中小元大97售02,0,0,0,0,0,0,0,0,0,-376000,0,0,0,24000,400000,-376000,-376000
03973P,高鐵元大93售01  ,0,0,0,0,0,0,0,0,0,-377000,0,0,0,0,377000,-377000,-377000
05072P,聯電元富95售02  ,0,0,0,0,0,0,0,0,0,-377000,0,0,0,0,377000,-377000,-377000
042196,元油2X元大93購02,0,0,0,0,0,0,0,0,0,-378000,0,0,0,1000,379000,-378000,-378000
06160P,台達電群益97售01,0,0,0,0,0,0,0,0,0,-380000,0,0,0,1000,381000,-380000,-380000
2106,建大            ,79000,454000,-375000,0,0,0,0,0,0,-5000,5000,10000,-5000,0,0,0,-380000
046497,鴻海元大92購17  ,0,0,0,0,0,0,0,0,0,-381000,0,0,0,35000,416000,-381000,-381000
049259,聯發科元大94購04,0,0,0,0,0,0,0,0,0,-381000,0,0,0,57000,438000,-381000,-381000
050526,貿聯元大95購01  ,0,0,0,0,0,0,0,0,0,-381000,0,0,0,27000,408000,-381000,-381000
2845,遠東銀          ,760000,1178099,-418099,0,0,0,50000,0,50000,-13000,1000,14000,-13000,0,0,0,-381099
055106,台積電凱基98購05,0,0,0,0,0,0,0,0,0,-383000,0,0,0,61000,444000,-383000,-383000
2357,華碩            ,1929000,2616733,-687733,0,0,0,13000,72000,-59000,363000,9000,41000,-32000,395000,0,395000,-383733
05166P,中磊元富95售03  ,0,0,0,0,0,0,0,0,0,-384000,0,0,0,0,384000,-384000,-384000
3653,健策            ,497000,416000,81000,0,0,0,0,228000,-228000,-237800,13000,78000,-65000,49000,221800,-172800,-384800
051658,深中小國泰97購01,0,0,0,0,0,0,0,0,0,-385000,0,0,0,0,385000,-385000,-385000
051930,國泰金兆豐97購01,0,0,0,0,0,0,0,0,0,-388000,0,0,0,0,388000,-388000,-388000
06031P,新光金兆豐96售02,0,0,0,0,0,0,0,0,0,-388000,0,0,0,0,388000,-388000,-388000
05783P,嘉澤元富96售01  ,0,0,0,0,0,0,0,0,0,-389000,0,0,0,0,389000,-389000,-389000
03896P,長榮航凱基95售01,0,0,0,0,0,0,0,0,0,-389000,0,0,0,0,389000,-389000,-389000
04327P,台積電國泰95售01,0,0,0,0,0,0,0,0,0,-389000,0,0,0,169000,558000,-389000,-389000
05043P,佳世達元富95售01,0,0,0,0,0,0,0,0,0,-389000,0,0,0,0,389000,-389000,-389000
05855P,滬深2X中信9C售01,0,0,0,0,0,0,0,0,0,-391000,0,0,0,0,391000,-391000,-391000
046022,國喬元大92購01  ,0,0,0,0,0,0,0,0,0,-392000,0,0,0,2000,394000,-392000,-392000
053705,滬深2X凱基99購01,0,0,0,0,0,0,0,0,0,-395000,0,0,0,0,395000,-395000,-395000
053654,聯發科凱基98購01,0,0,0,0,0,0,0,0,0,-397000,0,0,0,6000,403000,-397000,-397000
2338,光罩            ,535000,597000,-62000,0,0,0,0,0,0,-335000,12000,82000,-70000,37000,302000,-265000,-397000
042280,元石油富邦96購01,0,0,0,0,0,0,0,0,0,-399000,0,0,0,3000,402000,-399000,-399000
048840,上海銀凱基94購02,0,0,0,0,0,0,0,0,0,-399000,0,0,0,0,399000,-399000,-399000
053971,聯發科元大97購09,0,0,0,0,0,0,0,0,0,-400000,0,0,0,0,400000,-400000,-400000
045676,京元電元大92購03,0,0,0,0,0,0,0,0,0,-400000,0,0,0,0,400000,-400000,-400000
04589P,祥碩永豐94售01  ,0,0,0,0,0,0,0,0,0,-400000,0,0,0,0,400000,-400000,-400000
050405,新光金麥證94購01,0,0,0,0,400000,-400000,0,0,0,-400000,0,0,0,0,400000,-400000,-400000
050160,中石化國泰95購01,0,0,0,0,0,0,0,0,0,-400000,0,0,0,0,400000,-400000,-400000
051981,南茂凱基96購01  ,0,0,0,0,0,0,0,0,0,-400000,0,0,0,0,400000,-400000,-400000
051514,智邦凱基95購05  ,0,0,0,0,0,0,0,0,0,-400000,0,0,0,0,400000,-400000,-400000
04324P,新光金元大94售01,0,0,0,0,0,0,0,0,0,-403000,0,0,0,0,403000,-403000,-403000
051830,健策元大97購01  ,0,0,0,0,0,0,0,0,0,-404000,0,0,0,28000,432000,-404000,-404000
052937,國巨兆豐97購01  ,0,0,0,0,0,0,0,0,0,-404000,0,0,0,158000,562000,-404000,-404000
048666,康控統一93購01  ,0,0,0,0,0,0,0,0,0,-405000,0,0,0,0,405000,-405000,-405000
052835,滬深2X國泰98購01,0,0,0,0,0,0,0,0,0,-405000,0,0,0,998000,1403000,-405000,-405000
052129,鴻海凱基97購02  ,0,0,0,0,0,0,0,0,0,-405000,0,0,0,0,405000,-405000,-405000
1313,聯成            ,240000,621292,-381292,0,0,0,0,0,0,-25000,8000,33000,-25000,0,0,0,-406292
00713,元大台灣高息低波,0,178000,-178000,0,0,0,0,0,0,-229000,0,0,0,0,229000,-229000,-407000
049780,智易統一94購02  ,0,0,0,0,0,0,0,0,0,-408000,0,0,0,0,408000,-408000,-408000
2913,農林            ,239000,619000,-380000,0,0,0,0,0,0,-28000,6000,34000,-28000,0,0,0,-408000
050396,欣興元富94購02  ,0,0,0,0,0,0,0,0,0,-409000,0,0,0,0,409000,-409000,-409000
048865,世紀鋼群益94購01,0,0,0,0,0,0,0,0,0,-409000,0,0,0,0,409000,-409000,-409000
3041,揚智            ,314000,467000,-153000,0,0,0,0,256000,-256000,0,0,0,0,0,0,0,-409000
054118,國巨永豐96購04  ,0,0,0,0,0,0,0,0,0,-410000,0,0,0,0,410000,-410000,-410000
046797,T50反1元大96購01,0,0,0,0,0,0,0,0,0,-410000,0,0,0,0,410000,-410000,-410000
047102,潤泰全富邦95購01,0,0,0,0,0,0,0,0,0,-410000,0,0,0,20000,430000,-410000,-410000
08164P,滬深2X中信95售04,0,0,0,0,0,0,0,0,0,-410000,0,0,0,0,410000,-410000,-410000
053847,美律元富96購02  ,0,0,0,0,0,0,0,0,0,-411000,0,0,0,14000,425000,-411000,-411000
051944,智邦統一95購02  ,0,0,0,0,0,0,0,0,0,-411000,0,0,0,0,411000,-411000,-411000
052437,聯發科富邦99購02,0,0,0,0,0,0,0,0,0,-412000,0,0,0,1000,413000,-412000,-412000
052597,茂林群益96購01  ,0,0,0,0,0,0,0,0,0,-413000,0,0,0,167000,580000,-413000,-413000
051993,和碩元大95購03  ,0,0,0,0,0,0,0,0,0,-413000,0,0,0,6000,419000,-413000,-413000
047004,台積電統一99購01,0,0,0,0,0,0,0,0,0,-414000,0,0,0,579000,993000,-414000,-414000
052150,台積電富邦95購07,0,19000,-19000,0,0,0,0,0,0,-395000,0,0,0,2346000,2741000,-395000,-414000
052306,鴻海國泰97購05  ,0,0,0,0,0,0,0,0,0,-414000,0,0,0,0,414000,-414000,-414000
06134P,緯穎元富97售03  ,0,0,0,0,0,0,0,0,0,-414000,0,0,0,66000,480000,-414000,-414000
053105,鴻海兆豐97購01  ,0,0,0,0,0,0,0,0,0,-416000,0,0,0,0,416000,-416000,-416000
3044,健鼎            ,1389700,1378000,11700,0,0,0,0,264000,-264000,-164102,2000,75000,-73000,7000,98102,-91102,-416402
045058,華邦電國泰94購01,0,0,0,0,0,0,0,0,0,-417000,0,0,0,0,417000,-417000,-417000
04334P,中石化康和93售01,0,0,0,0,0,0,0,0,0,-420000,0,0,0,0,420000,-420000,-420000
04847P,聯發科凱基94售17,0,0,0,0,0,0,0,0,0,-420000,0,0,0,0,420000,-420000,-420000
052955,國巨日盛96購01  ,0,0,0,0,0,0,0,0,0,-420000,0,0,0,0,420000,-420000,-420000
051184,聯發科永豐95購03,0,0,0,0,0,0,0,0,0,-420000,0,0,0,0,420000,-420000,-420000
03686P,大立光統一98售02,0,0,0,0,0,0,0,0,0,-424000,0,0,0,32000,456000,-424000,-424000
053532,台積電永豐96購03,0,0,0,0,0,0,0,0,0,-424000,0,0,0,0,424000,-424000,-424000
050304,台光電中信94購01,0,0,0,0,0,0,0,0,0,-425000,0,0,0,25000,450000,-425000,-425000
055161,貿聯元大98購03  ,0,0,0,0,0,0,0,0,0,-426000,0,0,0,82000,508000,-426000,-426000
041978,貿聯中信93購01  ,0,0,0,0,0,0,0,0,0,-428000,0,0,0,0,428000,-428000,-428000
048364,臺股指永豐93購04,0,0,0,0,0,0,0,0,0,-428000,0,0,0,0,428000,-428000,-428000
054640,健策中信9B購01  ,0,0,0,0,0,0,0,0,0,-429000,0,0,0,400000,829000,-429000,-429000
051153,鴻海國泰97購02  ,0,0,0,0,0,0,0,0,0,-429000,0,0,0,0,429000,-429000,-429000
05998P,台積電元大97售12,0,0,0,0,0,0,0,0,0,-429000,0,0,0,242000,671000,-429000,-429000
053691,聯發科元大96購16,0,0,0,0,0,0,0,0,0,-430000,0,0,0,200000,630000,-430000,-430000
055039,神達富邦99購01  ,0,3000,-3000,0,0,0,0,0,0,-428000,0,0,0,141000,569000,-428000,-431000
048284,臺股指中信95購04,0,0,0,0,0,0,0,0,0,-431000,0,0,0,1000,432000,-431000,-431000
053470,華邦電元大96購02,0,0,0,0,0,0,0,0,0,-431000,0,0,0,301000,732000,-431000,-431000
053255,貿聯國泰97購01  ,0,0,0,0,0,0,0,0,0,-432000,0,0,0,121000,553000,-432000,-432000
051697,康友中信95購02  ,0,0,0,0,0,0,0,0,0,-432000,0,0,0,53000,485000,-432000,-432000
046240,中鋼中信94購01  ,0,0,0,0,0,0,0,0,0,-433000,0,0,0,0,433000,-433000,-433000
1304,台聚            ,345000,602981,-257981,0,0,0,0,170000,-170000,-6000,49000,55000,-6000,0,0,0,-433981
054860,台積電群益98購01,0,0,0,0,0,0,0,0,0,-434000,0,0,0,10000,444000,-434000,-434000
054485,華邦電台新96購01,0,0,0,0,0,0,0,0,0,-434000,0,0,0,0,434000,-434000,-434000
047867,旺宏永豐93購02  ,0,0,0,0,0,0,0,0,0,-434000,0,0,0,4000,438000,-434000,-434000
053649,台積電凱基97購05,0,0,0,0,0,0,0,0,0,-439000,0,0,0,50000,489000,-439000,-439000
054606,台積電永豐97購02,0,0,0,0,0,0,0,0,0,-440000,0,0,0,26000,466000,-440000,-440000
04859P,台達電群益94售04,0,0,0,0,0,0,0,0,0,-440000,0,0,0,1000,441000,-440000,-440000
050101,台積電永昌96購03,0,0,0,0,0,0,0,0,0,-440000,0,0,0,2000,442000,-440000,-440000
1589,永冠-KY         ,275000,523317,-248317,0,0,0,0,0,0,-192000,0,176000,-176000,11000,27000,-16000,-440317
8213,志超            ,219000,664000,-445000,0,0,0,0,0,0,3000,16000,11000,5000,0,2000,-2000,-442000
043060,欣興中信93購01  ,0,0,0,0,0,0,0,0,0,-444000,0,0,0,0,444000,-444000,-444000
049015,鴻海群益94購03  ,0,0,0,0,0,0,0,0,0,-445000,0,0,0,246000,691000,-445000,-445000
055849,聯詠元大97購05  ,0,0,0,0,0,0,0,0,0,-446000,0,0,0,0,446000,-446000,-446000
047146,智邦群益93購01  ,0,0,0,0,0,0,0,0,0,-446000,0,0,0,0,446000,-446000,-446000
051359,中信金元大95購01,0,0,0,0,0,0,0,0,0,-448000,0,0,0,236000,684000,-448000,-448000
053887,聯茂兆豐97購02  ,0,0,0,0,0,0,0,0,0,-449000,0,0,0,0,449000,-449000,-449000
05966P,矽力凱基96售03  ,0,0,0,0,0,0,0,0,0,-449000,0,0,0,17000,466000,-449000,-449000
05777P,台積電統一96售04,0,0,0,0,0,0,0,0,0,-450000,0,0,0,57000,507000,-450000,-450000
045458,智邦元大92購05  ,0,0,0,0,0,0,0,0,0,-450000,0,0,0,0,450000,-450000,-450000
051391,聯發科兆豐95購02,0,0,0,0,0,0,0,0,0,-450000,0,0,0,0,450000,-450000,-450000
051465,鴻海富邦97購02  ,0,0,0,0,0,0,0,0,0,-450000,0,0,0,10000,460000,-450000,-450000
053882,聯發科中信98購02,0,0,0,0,0,0,0,0,0,-452000,0,0,0,80000,532000,-452000,-452000
048607,上銀凱基93購11  ,0,0,0,0,0,0,0,0,0,-452000,0,0,0,18000,470000,-452000,-452000
051762,國泰金元大95購01,0,0,0,0,0,0,0,0,0,-453000,0,0,0,10000,463000,-453000,-453000
3406,玉晶光          ,2076563,1946001,130562,0,0,0,10000,400669,-390669,-193000,143000,334000,-191000,28000,30000,-2000,-453107
4943,康控-KY         ,92000,126000,-34000,0,0,0,0,55000,-55000,-365003,4000,320000,-316000,4000,53003,-49003,-454003
053401,臺股指中信99購01,0,0,0,0,0,0,0,0,0,-455000,0,0,0,5000,460000,-455000,-455000
052677,景碩富邦97購01  ,0,0,0,0,0,0,0,0,0,-455000,0,0,0,0,455000,-455000,-455000
044104,鴻海中信95購03  ,0,0,0,0,0,0,0,0,0,-456000,0,0,0,0,456000,-456000,-456000
047360,鴻海群益95購02  ,0,0,0,0,0,0,0,0,0,-457000,0,0,0,64000,521000,-457000,-457000
04537P,新光金統一94售01,0,0,0,0,0,0,0,0,0,-458000,0,0,0,0,458000,-458000,-458000
04336P,台達電元大93售04,0,0,0,0,0,0,0,0,0,-458000,0,0,0,1000,459000,-458000,-458000
042993,葡萄王元大94購01,0,0,0,0,0,0,0,0,0,-459000,0,0,0,30000,489000,-459000,-459000
051068,台積電國票97購01,0,0,0,0,0,0,0,0,0,-462000,0,0,0,1000,463000,-462000,-462000
2481,強茂            ,506000,934000,-428000,0,0,0,0,0,0,-34000,1000,0,1000,5000,40000,-35000,-462000
053863,聯發科元大96購18,0,0,0,0,0,0,0,0,0,-463000,0,0,0,0,463000,-463000,-463000
051718,上証2X永豐95購01,0,0,0,0,0,0,0,0,0,-464000,0,0,0,250000,714000,-464000,-464000
047690,美律富邦97購01  ,0,0,0,0,0,0,0,0,0,-467000,0,0,0,5000,472000,-467000,-467000
052807,貿聯元大98購01  ,0,0,0,0,0,0,0,0,0,-467000,0,0,0,115000,582000,-467000,-467000
05858P,矽力中信96售01  ,0,0,0,0,0,0,0,0,0,-467000,0,0,0,188000,655000,-467000,-467000
054957,興富發元大97購01,0,0,0,0,0,0,0,0,0,-468000,0,0,0,3000,471000,-468000,-468000
04186P,創意元富93售04  ,0,0,0,0,0,0,0,0,0,-470000,0,0,0,0,470000,-470000,-470000
05423P,聯電亞東95售02  ,0,0,0,0,0,0,0,0,0,-472000,0,0,0,0,472000,-472000,-472000
050895,聯發科元大97購01,0,0,0,0,0,0,0,0,0,-472000,0,0,0,25000,497000,-472000,-472000
048745,儒鴻元富97購02  ,0,0,0,0,0,0,0,0,0,-475000,0,0,0,0,475000,-475000,-475000
047541,深中小凱基94購01,0,0,0,0,0,0,0,0,0,-475000,0,0,0,0,475000,-475000,-475000
2401,凌陽            ,259000,672000,-413000,0,0,0,0,0,0,-62000,33000,42000,-9000,2000,55000,-53000,-475000
04518P,高鐵群益95售01  ,0,0,0,0,0,0,0,0,0,-476000,0,0,0,0,476000,-476000,-476000
055868,臺股指元大97購07,0,0,0,0,0,0,0,0,0,-477000,0,0,0,100000,577000,-477000,-477000
048850,聯電群益96購01  ,0,0,0,0,0,0,0,0,0,-479000,0,0,0,0,479000,-479000,-479000
056033,T50正2凱基99購02,0,0,0,0,0,0,0,0,0,-480000,0,0,0,96000,576000,-480000,-480000
047504,滬深2X國票9A購01,0,0,0,0,0,0,0,0,0,-480000,0,0,0,20000,500000,-480000,-480000
020000,富邦特選蘋果N   ,0,0,0,0,0,0,0,0,0,-482000,0,0,0,315000,797000,-482000,-482000
05540P,亞德客凱基96售01,0,0,0,0,0,0,0,0,0,-483000,0,0,0,39000,522000,-483000,-483000
048442,友訊凱基94購01  ,0,0,0,0,0,0,0,0,0,-485000,0,0,0,0,485000,-485000,-485000
053106,鴻海兆豐98購01  ,0,0,0,0,0,0,0,0,0,-486000,0,0,0,0,486000,-486000,-486000
047734,欣興兆豐94購02  ,0,0,0,0,0,0,0,0,0,-488000,0,0,0,0,488000,-488000,-488000
051173,元油2X凱基98購01,0,0,0,0,0,0,0,0,0,-488000,0,0,0,69000,557000,-488000,-488000
03801P,智伸科元大93售02,0,0,0,0,0,0,0,0,0,-489000,0,0,0,10000,499000,-489000,-489000
053190,聯發科統一99購01,0,0,0,0,0,0,0,0,0,-489000,0,0,0,0,489000,-489000,-489000
06306P,臺股指元大97售12,0,0,0,0,0,0,0,0,0,-489000,0,0,0,0,489000,-489000,-489000
054961,玉晶光元大99購01,0,0,0,0,0,0,0,0,0,-490000,0,0,0,160000,650000,-490000,-490000
052733,台郡國泰97購01  ,0,0,0,0,0,0,0,0,0,-490000,0,0,0,100000,590000,-490000,-490000
6202,盛群            ,198000,500000,-302000,0,0,0,0,0,0,-188000,1000,189000,-188000,0,0,0,-490000
054999,玉晶光元富97購03,0,0,0,0,0,0,0,0,0,-491000,0,0,0,0,491000,-491000,-491000
050759,貿聯元富94購02  ,0,0,0,0,0,0,0,0,0,-491000,0,0,0,22000,513000,-491000,-491000
00665L,富邦恒生國企正2 ,3000,212000,-209000,0,0,0,0,0,0,-283000,0,0,0,267000,550000,-283000,-492000
04474P,聯發科元大94售03,0,0,0,0,0,0,0,0,0,-492000,0,0,0,90000,582000,-492000,-492000
1515,力山            ,264000,720000,-456000,0,0,0,0,0,0,-37000,1000,0,1000,9000,47000,-38000,-493000
3016,嘉晶            ,284000,326000,-42000,0,0,0,0,0,0,-454000,3000,191000,-188000,25000,291000,-266000,-496000
6443,元晶            ,295000,791000,-496000,0,0,0,0,0,0,0,0,0,0,0,0,0,-496000
050307,欣興中信95購01  ,0,0,0,0,0,0,0,0,0,-497000,0,0,0,75000,572000,-497000,-497000
05060P,台達電富邦97售02,0,0,0,0,0,0,0,0,0,-498000,0,0,0,176000,674000,-498000,-498000
053747,滬深2X永豐96購05,0,0,0,0,0,0,0,0,0,-499000,0,0,0,0,499000,-499000,-499000
049560,香港反統一95購01,0,0,0,0,0,0,0,0,0,-499000,0,0,0,0,499000,-499000,-499000
047872,貿聯永豐93購02  ,0,0,0,0,0,0,0,0,0,-499000,0,0,0,3000,502000,-499000,-499000
047983,宏達電群益93購04,0,0,0,0,0,0,0,0,0,-499000,0,0,0,0,499000,-499000,-499000
054593,滬深2X永昌9A購01,0,0,0,0,0,0,0,0,0,-502000,0,0,0,350000,852000,-502000,-502000
055411,國巨富邦9A購02  ,0,0,0,0,0,0,0,0,0,-504000,0,0,0,82000,586000,-504000,-504000
052815,滬深2X永豐97購01,0,0,0,0,0,0,0,0,0,-504000,0,0,0,0,504000,-504000,-504000
052506,日月光日盛95購01,0,0,0,0,0,0,0,0,0,-505000,0,0,0,0,505000,-505000,-505000
06305P,臺股指元大97售11,0,0,0,0,0,0,0,0,0,-505000,0,0,0,0,505000,-505000,-505000
06304P,臺股指元大97售10,0,0,0,0,0,0,0,0,0,-507000,0,0,0,0,507000,-507000,-507000
055867,臺股指元大97購05,0,0,0,0,0,0,0,0,0,-508000,0,0,0,0,508000,-508000,-508000
053289,臺股指元大96購17,0,0,0,0,0,0,0,0,0,-509000,0,0,0,0,509000,-509000,-509000
054325,奇力新台新97購03,0,0,0,0,0,0,0,0,0,-510000,0,0,0,0,510000,-510000,-510000
052456,滬深2X元富9B購03,0,0,0,0,0,0,0,0,0,-512000,0,0,0,105000,617000,-512000,-512000
045522,滬深2X永豐94購01,0,0,0,0,0,0,0,0,0,-517000,0,0,0,500000,1017000,-517000,-517000
044620,上銀元大92購04  ,0,0,0,0,0,0,0,0,0,-518000,0,0,0,84000,602000,-518000,-518000
044052,鴻海元大92購04  ,0,0,0,0,0,0,0,0,0,-521000,0,0,0,20000,541000,-521000,-521000
06194P,台積電元富97售05,0,0,0,0,0,0,0,0,0,-521000,0,0,0,0,521000,-521000,-521000
2006,東和鋼鐵        ,166000,693000,-527000,0,0,0,9000,0,9000,-4000,4000,8000,-4000,0,0,0,-522000
05348P,美律元富98售01  ,0,0,0,0,0,0,0,0,0,-524000,0,0,0,20000,544000,-524000,-524000
00675L,富邦臺灣加權正2 ,0,0,0,0,0,0,0,0,0,-525000,0,0,0,124000,649000,-525000,-525000
8016,矽創            ,305000,476871,-171871,0,0,0,0,258000,-258000,-96000,20000,12000,8000,0,104000,-104000,-525871
053666,臺股指凱基96購29,0,0,0,0,0,0,0,0,0,-526000,0,0,0,0,526000,-526000,-526000
05763P,致新永豐96售01  ,0,0,0,0,0,0,0,0,0,-527000,0,0,0,0,527000,-527000,-527000
052532,台積電國泰96購07,0,0,0,0,0,0,0,0,0,-530000,0,0,0,267000,797000,-530000,-530000
051907,台積電元大97購05,0,0,0,0,0,0,0,0,0,-530000,0,0,0,213000,743000,-530000,-530000
2464,盟立            ,98000,617000,-519000,0,0,0,0,0,0,-11000,1000,2000,-1000,0,10000,-10000,-530000
050400,臻鼎中信97購01  ,0,0,0,0,0,0,0,0,0,-533000,0,0,0,80000,613000,-533000,-533000
055792,臺股指凱基97購15,0,0,0,0,0,0,0,0,0,-535000,0,0,0,0,535000,-535000,-535000
054508,臺股指永豐96購04,0,0,0,0,0,0,0,0,0,-536000,0,0,0,0,536000,-536000,-536000
055263,華新科富邦9A購01,0,0,0,0,0,0,0,0,0,-539000,0,0,0,2000,541000,-539000,-539000
047470,聯發科中信94購03,0,0,0,0,0,0,0,0,0,-541000,0,0,0,98000,639000,-541000,-541000
05980P,台積電永昌96售09,0,0,0,0,0,0,0,0,0,-542000,0,0,0,3447000,3989000,-542000,-542000
050100,台積電永昌96購02,0,0,0,0,0,0,0,0,0,-544000,0,0,0,61000,605000,-544000,-544000
05516P,台積電元大96售12,0,0,0,0,0,0,0,0,0,-545000,0,0,0,16000,561000,-545000,-545000
03180P,台灣50元大01售39,0,0,0,0,0,0,0,0,0,-545000,0,0,0,10000,555000,-545000,-545000
041409,創意中信93購01  ,0,0,0,0,0,0,0,0,0,-553000,0,0,0,41000,594000,-553000,-553000
3338,泰碩            ,301000,426016,-125016,0,0,0,0,253000,-253000,-176000,9000,121000,-112000,5000,69000,-64000,-554016
4958,臻鼎-KY         ,3505907,3354462,151445,0,0,0,161000,822000,-661000,-45000,116000,76000,40000,2000,87000,-85000,-554555
6285,啟碁            ,363000,840652,-477652,0,0,0,0,2000,-2000,-77000,11000,38000,-27000,82000,132000,-50000,-556652
054982,國巨元富97購03  ,0,0,0,0,0,0,0,0,0,-558000,0,0,0,0,558000,-558000,-558000
046999,康控富邦99購01  ,0,0,0,0,0,0,0,0,0,-558000,0,0,0,0,558000,-558000,-558000
04938P,亞德客國票95售01,0,0,0,0,0,0,0,0,0,-560000,0,0,0,60000,620000,-560000,-560000
08637P,台灣50中信96售03,0,0,0,0,0,0,0,0,0,-560000,0,0,0,903000,1463000,-560000,-560000
044269,群創中信95購01  ,0,0,0,0,0,0,0,0,0,-562000,0,0,0,10000,572000,-562000,-562000
042093,台灣50群益94購02,0,0,0,0,0,0,0,0,0,-563000,0,0,0,142000,705000,-563000,-563000
053334,訊芯永豐96購01  ,0,0,0,0,0,0,0,0,0,-563000,0,0,0,0,563000,-563000,-563000
03821P,上海銀統一95售01,0,0,0,0,0,0,0,0,0,-564000,0,0,0,35000,599000,-564000,-564000
1309,台達化          ,130000,458000,-328000,0,0,0,0,0,0,-240000,1000,241000,-240000,0,0,0,-568000
047165,東陽康和93購01  ,0,0,0,0,0,0,0,0,0,-570000,0,0,0,0,570000,-570000,-570000
045101,玉晶光中信94購01,0,0,0,0,0,0,0,0,0,-571000,0,0,0,160000,731000,-571000,-571000
051459,臺股指元大95購19,0,0,0,0,0,0,0,0,0,-571000,0,0,0,0,571000,-571000,-571000
043730,旭富國泰93購01  ,0,0,0,0,0,0,0,0,0,-577000,0,0,0,0,577000,-577000,-577000
6213,聯茂            ,1142199,1146051,-3852,0,0,0,72000,498000,-426000,-148000,279000,241000,38000,76000,262000,-186000,-577852
051083,A50正2元大98購01,0,0,0,0,0,0,0,0,0,-579000,0,0,0,0,579000,-579000,-579000
044941,鴻海群益93購01  ,0,0,0,0,0,0,0,0,0,-580000,0,0,0,0,580000,-580000,-580000
046228,神基元大92購01  ,0,0,0,0,0,0,0,0,0,-583000,0,0,0,1000,584000,-583000,-583000
03702P,中磊元大93售02  ,0,0,0,0,0,0,0,0,0,-583000,0,0,0,0,583000,-583000,-583000
051215,大立光統一95購03,0,0,0,0,0,0,0,0,0,-583000,0,0,0,183000,766000,-583000,-583000
1464,得力            ,384000,902000,-518000,0,0,0,0,0,0,-65000,10000,35000,-25000,0,40000,-40000,-583000
047483,新光金凱基99購04,0,0,0,0,0,0,0,0,0,-585000,0,0,0,0,585000,-585000,-585000
054069,亞光國泰98購01  ,0,0,0,0,0,0,0,0,0,-587000,0,0,0,111000,698000,-587000,-587000
045817,滬深2X凱基95購02,0,0,0,0,0,0,0,0,0,-587000,0,0,0,22000,609000,-587000,-587000
050941,T50反1群益95購01,0,0,0,0,0,0,0,0,0,-587000,0,0,0,610000,1197000,-587000,-587000
03959P,義隆元富96售01  ,0,0,0,0,0,0,0,0,0,-589000,0,0,0,0,589000,-589000,-589000
055998,臺股指富邦99購01,0,0,0,0,0,0,0,0,0,-590000,0,0,0,0,590000,-590000,-590000
04957P,上証2X凱基96售02,0,0,0,0,0,0,0,0,0,-591000,0,0,0,10000,601000,-591000,-591000
055450,台積電元富97購01,0,0,0,0,0,0,0,0,0,-592000,0,0,0,90000,682000,-592000,-592000
050231,聯發科麥證94購03,0,0,0,30000,623000,-593000,0,0,0,-593000,0,0,0,30000,623000,-593000,-593000
053512,台積電群益96購06,0,0,0,0,0,0,0,0,0,-594000,0,0,0,0,594000,-594000,-594000
052239,泰鼎國票97購01  ,0,0,0,0,0,0,0,0,0,-594000,0,0,0,98000,692000,-594000,-594000
054050,創意元大96購06  ,0,0,0,0,0,0,0,0,0,-595000,0,0,0,1000,596000,-595000,-595000
049078,瑞昱凱基94購02  ,0,0,0,0,0,0,0,0,0,-595000,0,0,0,1000,596000,-595000,-595000
047827,東陽元大93購01  ,0,0,0,0,0,0,0,0,0,-595000,0,0,0,10000,605000,-595000,-595000
051551,新日興永豐95購01,0,0,0,0,0,0,0,0,0,-597000,0,0,0,101000,698000,-597000,-597000
046239,中石化中信92購02,0,0,0,0,0,0,0,0,0,-600000,0,0,0,0,600000,-600000,-600000
042227,元油2X永豐93購01,0,0,0,0,0,0,0,0,0,-600000,0,0,0,0,600000,-600000,-600000
043983,華邦電元大92購01,0,0,0,0,0,0,0,0,0,-600000,0,0,0,22000,622000,-600000,-600000
047034,東陽群益93購01  ,0,0,0,0,0,0,0,0,0,-600000,0,0,0,0,600000,-600000,-600000
047980,東陽群益93購02  ,0,0,0,0,0,0,0,0,0,-600000,0,0,0,0,600000,-600000,-600000
00648R,元大S&P500反1   ,5000,0,5000,0,0,0,0,0,0,-606000,0,0,0,906000,1512000,-606000,-601000
042724,群創群益93購01  ,0,0,0,0,0,0,0,0,0,-601000,0,0,0,129000,730000,-601000,-601000
048629,滬深2X元大96購04,0,0,0,0,0,0,0,0,0,-602000,0,0,0,10000,612000,-602000,-602000
052135,聯發科凱基9B購01,0,0,0,0,0,0,0,0,0,-603000,0,0,0,40000,643000,-603000,-603000
2605,新興            ,114000,519000,-405000,0,0,0,0,154000,-154000,-47000,3000,46000,-43000,0,4000,-4000,-606000
051188,鴻海兆豐95購01  ,0,0,0,0,0,0,0,0,0,-612000,0,0,0,10000,622000,-612000,-612000
045618,元油2X永豐98購01,0,0,0,0,0,0,0,0,0,-613000,0,0,0,181000,794000,-613000,-613000
3036,文曄            ,196000,787000,-591000,0,0,0,5000,0,5000,-29000,17000,2000,15000,0,44000,-44000,-615000
2308,台達電          ,8532103,8687062,-154959,0,0,0,62000,316000,-254000,-207000,6000,107000,-101000,29000,135000,-106000,-615959
045872,元油2X元富98購03,0,0,0,0,0,0,0,0,0,-622000,0,0,0,152000,774000,-622000,-622000
047880,聯發科國泰94購03,0,0,0,0,0,0,0,0,0,-622000,0,0,0,40000,662000,-622000,-622000
6558,興能高          ,77000,461000,-384000,0,0,0,0,240000,-240000,0,0,0,0,0,0,0,-624000
055421,玉晶光永豐98購04,0,0,0,0,0,0,0,0,0,-625000,0,0,0,5000,630000,-625000,-625000
046134,致新國泰93購02  ,0,0,0,0,0,0,0,0,0,-626000,0,0,0,24000,650000,-626000,-626000
055369,友訊元大97購01  ,0,0,0,0,0,0,0,0,0,-627000,0,0,0,211000,838000,-627000,-627000
055866,臺股指元大97購03,0,0,0,0,0,0,0,0,0,-628000,0,0,0,800000,1428000,-628000,-628000
049007,玉晶光中信96購01,0,0,0,0,0,0,0,0,0,-628000,0,0,0,113000,741000,-628000,-628000
8215,明基材          ,129000,738000,-609000,0,0,0,0,0,0,-20000,1000,17000,-16000,0,4000,-4000,-629000
053388,群創元大9C購02  ,0,0,0,0,0,0,0,0,0,-630000,0,0,0,44000,674000,-630000,-630000
2406,國碩            ,194000,826000,-632000,0,0,0,0,0,0,0,0,0,0,0,0,0,-632000
050882,華泰國泰96購01  ,0,0,0,0,0,0,0,0,0,-635000,0,0,0,0,635000,-635000,-635000
054815,台積電元大97購14,0,0,0,0,0,0,0,0,0,-636000,0,0,0,14000,650000,-636000,-636000
054497,國巨永豐96購05  ,0,0,0,0,0,0,0,0,0,-641000,0,0,0,2000,643000,-641000,-641000
08525P,台灣50凱基96售02,0,0,0,0,0,0,0,0,0,-645000,0,0,0,45000,690000,-645000,-645000
046336,致新元大92購02  ,0,0,0,0,0,0,0,0,0,-648000,0,0,0,85000,733000,-648000,-648000
5469,瀚宇博          ,1683000,2055000,-372000,0,0,0,0,0,0,-276000,3000,64000,-61000,48000,263000,-215000,-648000
050416,高股息凱基96購02,0,0,0,0,0,0,0,0,0,-650000,0,0,0,40000,690000,-650000,-650000
052101,滬深2X兆豐96購01,0,0,0,0,0,0,0,0,0,-650000,0,0,0,0,650000,-650000,-650000
05402P,台郡永豐95售02  ,0,0,0,0,0,0,0,0,0,-657000,0,0,0,0,657000,-657000,-657000
2402,毅嘉            ,112000,762000,-650000,0,0,0,0,0,0,-8000,2000,10000,-8000,0,0,0,-658000
052813,T50正2永豐96購01,0,0,0,0,0,0,0,0,0,-659000,0,0,0,50000,709000,-659000,-659000
048148,欣興元富93購02  ,0,0,0,0,0,0,0,0,0,-660000,0,0,0,0,660000,-660000,-660000
051506,台積電元富95購06,0,0,0,0,0,0,0,0,0,-660000,0,0,0,82000,742000,-660000,-660000
049153,大立光元大96購02,0,0,0,0,0,0,0,0,0,-665000,0,0,0,62000,727000,-665000,-665000
05550P,臺股指元大96售07,0,0,0,0,0,0,0,0,0,-667000,0,0,0,31000,698000,-667000,-667000
2455,全新            ,881000,967000,-86000,0,0,0,0,462000,-462000,-120000,252000,133000,119000,19000,258000,-239000,-668000
054726,台積電日盛97購01,0,0,0,0,0,0,0,0,0,-670000,0,0,0,90000,760000,-670000,-670000
050785,全新國泰96購01  ,0,0,0,0,0,0,0,0,0,-673000,0,0,0,3000,676000,-673000,-673000
6191,精成科          ,344000,992000,-648000,0,0,0,0,0,0,-28000,1000,0,1000,5000,34000,-29000,-676000
2368,金像電          ,2835000,2001000,834000,0,0,0,0,836000,-836000,-675000,10000,685000,-675000,0,0,0,-677000
052595,奇力新群益96購01,0,0,0,0,0,0,0,0,0,-679000,0,0,0,233000,912000,-679000,-679000
051473,台積電凱基95購10,0,0,0,0,0,0,0,0,0,-683000,0,0,0,176000,859000,-683000,-683000
052653,臺股指永豐97購01,0,0,0,0,0,0,0,0,0,-684000,0,0,0,4000,688000,-684000,-684000
047418,智邦富邦97購01  ,0,0,0,0,0,0,0,0,0,-688000,0,0,0,62000,750000,-688000,-688000
1319,東陽            ,452826,853000,-400174,0,0,0,0,138000,-138000,-150000,13000,108000,-95000,11000,66000,-55000,-688174
05034P,台積電元大95售08,0,0,0,0,0,0,0,0,0,-689000,0,0,0,119000,808000,-689000,-689000
1702,南僑            ,79000,667000,-588000,0,0,0,0,127000,-127000,24000,31000,7000,24000,0,0,0,-691000
053032,國巨兆豐97購02  ,0,0,0,0,0,0,0,0,0,-696000,0,0,0,86000,782000,-696000,-696000
053675,臺股指元富96購02,0,0,0,0,0,0,0,0,0,-697000,0,0,0,0,697000,-697000,-697000
043775,友達兆豐92購01  ,0,0,0,0,0,0,0,0,0,-698000,0,0,0,246000,944000,-698000,-698000
049536,T50反1群益94購02,0,0,0,0,0,0,0,0,0,-699000,0,0,0,0,699000,-699000,-699000
052416,滬深2X兆豐96購02,0,0,0,0,0,0,0,0,0,-699000,0,0,0,0,699000,-699000,-699000
03842P,鴻海元富93售02  ,0,0,0,0,0,0,0,0,0,-700000,0,0,0,0,700000,-700000,-700000
046403,技嘉元大92購01  ,0,0,0,0,0,0,0,0,0,-701000,0,0,0,0,701000,-701000,-701000
055507,樺漢元大98購02  ,0,0,0,0,0,0,0,0,0,-704000,0,0,0,2000,706000,-704000,-704000
055864,臺股指元大97購01,0,0,0,0,0,0,0,0,0,-705000,0,0,0,0,705000,-705000,-705000
050481,泰鼎國票96購01  ,0,0,0,0,0,0,0,0,0,-710000,0,0,0,2000,712000,-710000,-710000
048000,義隆元大93購03  ,0,0,0,0,0,0,0,0,0,-710000,0,0,0,60000,770000,-710000,-710000
050388,鴻海統一94購09  ,0,0,0,0,0,0,0,0,0,-715000,0,0,0,4000,719000,-715000,-715000
2352,佳世達          ,1038000,2335000,-1297000,0,0,0,1020000,0,1020000,-439000,9000,174000,-165000,0,274000,-274000,-716000
054633,臺股指凱基9A購02,0,0,0,0,0,0,0,0,0,-721000,0,0,0,123000,844000,-721000,-721000
04457P,同欣電統一94售01,0,0,0,0,0,0,0,0,0,-721000,0,0,0,4000,725000,-721000,-721000
038489,T50反1台新9A購01,0,0,0,0,0,0,0,0,0,-728000,0,0,0,0,728000,-728000,-728000
052326,滬深反中信99購01,0,0,0,0,0,0,0,0,0,-731000,0,0,0,10000,741000,-731000,-731000
051277,聯發科中信9A購01,0,0,0,0,0,0,0,0,0,-737000,0,0,0,0,737000,-737000,-737000
053650,華邦電凱基98購01,0,0,0,0,0,0,0,0,0,-738000,0,0,0,0,738000,-738000,-738000
3673,TPK-KY          ,602000,1224917,-622917,0,0,0,3000,1000,2000,-119000,35000,39000,-4000,7000,122000,-115000,-739917
05563P,台積電元大97售07,0,0,0,0,0,0,0,0,0,-740000,0,0,0,97000,837000,-740000,-740000
050541,智邦凱基94購04  ,0,0,0,0,0,0,0,0,0,-741000,0,0,0,0,741000,-741000,-741000
3035,智原            ,616000,696000,-80000,0,0,0,0,0,0,-663000,7000,436000,-429000,3000,237000,-234000,-743000
2383,台光電          ,1245000,1296000,-51000,0,0,0,0,300000,-300000,-392961,205000,541000,-336000,11000,67961,-56961,-743961
00715L,街口布蘭特油正2 ,0,0,0,0,0,0,0,0,0,-744000,0,0,0,22000,766000,-744000,-744000
047260,嘉晶國票93購02  ,0,0,0,0,0,0,0,0,0,-749000,0,0,0,0,749000,-749000,-749000
053263,華邦電群益96購03,0,0,0,0,0,0,0,0,0,-763000,0,0,0,0,763000,-763000,-763000
006208,富邦台50        ,3000,1000,2000,0,0,0,0,0,0,-766000,0,0,0,295000,1061000,-766000,-764000
052157,東元永豐95購01  ,0,0,0,0,0,0,0,0,0,-765000,0,0,0,7000,772000,-765000,-765000
052041,鴻海日盛95購02  ,0,0,0,0,0,0,0,0,0,-769000,0,0,0,3143000,3912000,-769000,-769000
3576,聯合再生        ,979000,1756000,-777000,0,0,0,0,0,0,8000,8000,0,8000,0,0,0,-769000
05170P,世芯元大95售01  ,0,0,0,0,0,0,0,0,0,-770000,0,0,0,390000,1160000,-770000,-770000
00738U,元大道瓊白銀    ,10000,347000,-337000,0,0,0,0,0,0,-434000,0,0,0,780000,1214000,-434000,-771000
051943,台積電麥證95購03,0,0,0,0,771000,-771000,0,0,0,-771000,0,0,0,0,771000,-771000,-771000
047967,南亞科國泰95購01,0,0,0,0,0,0,0,0,0,-772000,0,0,0,26000,798000,-772000,-772000
048812,上証2X凱基96購01,0,0,0,0,0,0,0,0,0,-785000,0,0,0,102000,887000,-785000,-785000
04854P,鴻海國泰96售04  ,0,0,0,0,0,0,0,0,0,-787000,0,0,0,445000,1232000,-787000,-787000
03298P,台積電統一03售15,0,0,0,0,0,0,0,0,0,-791000,0,0,0,230000,1021000,-791000,-791000
045053,聯發科元富98購01,0,0,0,0,0,0,0,0,0,-795000,0,0,0,28000,823000,-795000,-795000
052531,台積電國泰96購06,0,0,0,0,0,0,0,0,0,-805000,0,0,0,169000,974000,-805000,-805000
053820,大立光群益96購05,0,0,0,0,0,0,0,0,0,-806000,0,0,0,35000,841000,-806000,-806000
2809,京城銀          ,262000,1100000,-838000,0,0,0,10000,0,10000,20000,31000,11000,20000,0,0,0,-808000
05800P,台積電兆豐96售04,0,0,0,0,0,0,0,0,0,-811000,0,0,0,0,811000,-811000,-811000
047286,美律統一93購02  ,0,0,0,0,0,0,0,0,0,-812000,0,0,0,0,812000,-812000,-812000
051056,華新科群益95購03,0,0,0,0,0,0,0,0,0,-820000,0,0,0,196000,1016000,-820000,-820000
052962,台積電凱基97購03,0,0,0,0,0,0,0,0,0,-826000,0,0,0,5000,831000,-826000,-826000
054891,聯鈞統一99購02  ,0,0,0,0,0,0,0,0,0,-827000,0,0,0,509000,1336000,-827000,-827000
053809,上銀群益96購02  ,0,0,0,0,0,0,0,0,0,-830000,0,0,0,20000,850000,-830000,-830000
047571,滬深2X群益99購01,0,0,0,0,0,0,0,0,0,-836000,0,0,0,30000,866000,-836000,-836000
2542,興富發          ,1246213,2188920,-942707,0,0,0,2000,0,2000,101000,121000,20000,101000,0,0,0,-839707
04862P,台積電元大94售26,0,0,0,0,0,0,0,0,0,-840000,0,0,0,0,840000,-840000,-840000
053623,臺股指群益96購09,0,0,0,0,0,0,0,0,0,-844000,0,0,0,0,844000,-844000,-844000
053098,國巨元富96購04  ,0,0,0,0,0,0,0,0,0,-844000,0,0,0,53000,897000,-844000,-844000
3029,零壹            ,69000,924000,-855000,0,0,0,0,0,0,0,0,0,0,0,0,0,-855000
054685,國巨永豐97購02  ,0,0,0,0,0,0,0,0,0,-856000,0,0,0,251000,1107000,-856000,-856000
046690,元油2X凱基93購03,0,0,0,0,0,0,0,0,0,-858000,0,0,0,0,858000,-858000,-858000
047922,聯發科凱基94購01,0,0,0,0,0,0,0,0,0,-862000,0,0,0,225000,1087000,-862000,-862000
054727,台積電日盛97購02,0,0,0,0,0,0,0,0,0,-865000,0,0,0,0,865000,-865000,-865000
056005,臺股指永豐97購04,0,0,0,0,0,0,0,0,0,-867000,0,0,0,10000,877000,-867000,-867000
8105,凌巨            ,103000,974000,-871000,0,0,0,0,0,0,0,1000,1000,0,0,0,0,-871000
053377,台積電元大98購01,0,0,0,0,0,0,0,0,0,-875000,0,0,0,81000,956000,-875000,-875000
051301,聯發科凱基95購08,0,0,0,0,0,0,0,0,0,-877000,0,0,0,13000,890000,-877000,-877000
2439,美律            ,964000,2382000,-1418000,0,0,0,0,166000,-166000,704000,381000,231000,150000,654000,100000,554000,-880000
2903,遠百            ,628000,1665000,-1037000,0,0,0,0,0,0,154000,168000,14000,154000,0,0,0,-883000
2345,智邦            ,3918491,4490504,-572013,0,0,0,5000,30000,-25000,-289000,165000,316000,-151000,78000,216000,-138000,-886013
054071,泰鼎國泰97購02  ,0,0,0,0,0,0,0,0,0,-897000,0,0,0,27000,924000,-897000,-897000
047327,中磊元大93購04  ,0,0,0,0,0,0,0,0,0,-898000,0,0,0,2000,900000,-898000,-898000
047371,明泰國票93購01  ,0,0,0,0,0,0,0,0,0,-900000,0,0,0,0,900000,-900000,-900000
08602P,台灣50凱基96售04,0,0,0,0,0,0,0,0,0,-907000,0,0,0,187000,1094000,-907000,-907000
048787,義隆元大94購02  ,0,0,0,0,0,0,0,0,0,-910000,0,0,0,0,910000,-910000,-910000
4961,天鈺            ,245000,1116000,-871000,0,0,0,0,0,0,-43000,3000,0,3000,1000,47000,-46000,-914000
05220P,台積電元大95售16,0,0,0,0,0,0,0,0,0,-922000,0,0,0,10000,932000,-922000,-922000
2355,敬鵬            ,277000,1188000,-911000,0,0,0,0,0,0,-16000,9000,11000,-2000,0,14000,-14000,-927000
9910,豐泰            ,697235,1552872,-855637,0,0,0,7000,38000,-31000,-41000,10000,52000,-42000,1000,0,1000,-927637
043236,台灣50兆豐93購02,0,0,0,0,0,0,0,0,0,-928000,0,0,0,206000,1134000,-928000,-928000
2392,正崴            ,450000,1307000,-857000,0,0,0,0,0,0,-71462,132000,16000,116000,86000,273462,-187462,-928462
04167P,滬深反凱基99售01,0,0,0,0,0,0,0,0,0,-930000,0,0,0,10000,940000,-930000,-930000
04819P,嘉澤永豐94售01  ,0,0,0,0,0,0,0,0,0,-934000,0,0,0,54000,988000,-934000,-934000
055211,A50反1凱基9A購01,5000,0,5000,0,0,0,0,0,0,-940000,0,0,0,0,940000,-940000,-935000
051614,元金2X凱基97購01,0,0,0,0,0,0,0,0,0,-938000,0,0,0,185000,1123000,-938000,-938000
053717,聯發科凱基96購17,0,0,0,0,0,0,0,0,0,-942000,0,0,0,808000,1750000,-942000,-942000
055824,臺股指國票97購11,0,0,0,0,0,0,0,0,0,-944000,0,0,0,5000,949000,-944000,-944000
00671R,富邦NASDAQ反1   ,1000,0,1000,0,0,0,0,0,0,-945000,0,0,0,158000,1103000,-945000,-944000
043040,永冠元富94購01  ,0,0,0,0,0,0,0,0,0,-963000,0,0,0,44000,1007000,-963000,-963000
052013,台積電永豐95購04,0,0,0,0,0,0,0,0,0,-969000,0,0,0,45000,1014000,-969000,-969000
053439,台積電凱基96購11,0,0,0,0,0,0,0,0,0,-969000,0,0,0,0,969000,-969000,-969000
1104,環泥            ,35000,778000,-743000,0,0,0,0,0,0,-226000,0,226000,-226000,0,0,0,-969000
052913,鴻海元富96購05  ,0,0,0,0,0,0,0,0,0,-972000,0,0,0,25000,997000,-972000,-972000
050708,臺股指凱基96購06,0,0,0,0,0,0,0,0,0,-972000,0,0,0,30000,1002000,-972000,-972000
050496,鴻海富邦96購01  ,0,0,0,0,0,0,0,0,0,-974000,0,0,0,476000,1450000,-974000,-974000
03796P,宏碁元大93售01  ,0,0,0,0,0,0,0,0,0,-979000,0,0,0,1000,980000,-979000,-979000
06325P,TXFI0永昌99售03 ,0,0,0,0,0,0,0,0,0,-981000,0,0,0,0,981000,-981000,-981000
044062,可成元大92購02  ,0,0,0,0,0,0,0,0,0,-986000,0,0,0,0,986000,-986000,-986000
055037,宏盛富邦99購01  ,0,0,0,0,0,0,0,0,0,-988000,0,0,0,0,988000,-988000,-988000
051367,可成富邦97購01  ,0,0,0,0,0,0,0,0,0,-995000,0,0,0,322000,1317000,-995000,-995000
05199P,訊芯永豐95售02  ,0,0,0,0,0,0,0,0,0,-998000,0,0,0,0,998000,-998000,-998000
06313P,訊芯元富97售01  ,0,0,0,0,0,0,0,0,0,-998000,0,0,0,0,998000,-998000,-998000
048826,宏達電凱基94購01,0,0,0,0,0,0,0,0,0,-999000,0,0,0,0,999000,-999000,-999000
052103,台積電兆豐95購06,0,0,0,0,0,0,0,0,0,-1001000,0,0,0,481000,1482000,-1001000,-1001000
047125,為升中信93購01  ,0,0,0,0,0,0,0,0,0,-1003000,0,0,0,0,1003000,-1003000,-1003000
045873,元油2X元富98購04,0,0,0,0,0,0,0,0,0,-1006000,0,0,0,0,1006000,-1006000,-1006000
055622,群創國泰99購01  ,0,0,0,0,0,0,0,0,0,-1007000,0,0,0,50000,1057000,-1007000,-1007000
06301P,臺股指元大97售04,0,0,0,0,0,0,0,0,0,-1013000,0,0,0,0,1013000,-1013000,-1013000
050142,聯發科元富9A購01,0,0,0,0,0,0,0,0,0,-1018000,0,0,0,319000,1337000,-1018000,-1018000
9944,新麗            ,61000,1086000,-1025000,0,0,0,0,0,0,0,0,0,0,0,0,0,-1025000
052044,華通凱基97購01  ,0,0,0,0,0,0,0,0,0,-1028000,0,0,0,0,1028000,-1028000,-1028000
05671P,友達國泰97售03  ,0,0,0,0,0,0,0,0,0,-1033000,0,0,0,20000,1053000,-1033000,-1033000
047788,欣興群益93購05  ,0,0,0,0,0,0,0,0,0,-1033000,0,0,0,0,1033000,-1033000,-1033000
054425,聯發科富邦99購03,0,0,0,0,0,0,0,0,0,-1040000,0,0,0,110000,1150000,-1040000,-1040000
054534,台積電富邦98購03,0,0,0,0,0,0,0,0,0,-1048000,0,0,0,33000,1081000,-1048000,-1048000
9105,泰金寶-DR       ,272000,1322000,-1050000,0,0,0,0,0,0,0,0,0,0,0,0,0,-1050000
9921,巨大            ,1313000,2077996,-764996,0,0,0,6000,284000,-278000,-11000,6000,11000,-5000,2000,8000,-6000,-1053996
046737,鴻海群益93購04  ,0,0,0,0,0,0,0,0,0,-1056000,0,0,0,0,1056000,-1056000,-1056000
3380,明泰            ,494000,1616000,-1122000,0,0,0,0,0,0,65000,418000,255000,163000,22000,120000,-98000,-1057000
051051,鴻海群益95購04  ,0,0,0,0,0,0,0,0,0,-1064000,0,0,0,150000,1214000,-1064000,-1064000
051573,鴻海元大95購15  ,0,10000,-10000,0,0,0,0,0,0,-1059000,0,0,0,55000,1114000,-1059000,-1069000
044457,滬深2X國票97購01,0,0,0,0,0,0,0,0,0,-1089000,0,0,0,0,1089000,-1089000,-1089000
2328,廣宇            ,219000,1296000,-1077000,0,0,0,0,0,0,-20000,5000,12000,-7000,0,13000,-13000,-1097000
050715,台積電群益96購01,0,0,0,0,0,0,0,0,0,-1098000,0,0,0,38000,1136000,-1098000,-1098000
06302P,臺股指元大97售06,0,0,0,0,0,0,0,0,0,-1100000,0,0,0,0,1100000,-1100000,-1100000
00693U,街口S&P黃豆     ,0,285000,-285000,0,0,0,0,0,0,-826000,0,0,0,0,826000,-826000,-1111000
052814,上証2X永豐96購02,0,0,0,0,0,0,0,0,0,-1111000,0,0,0,6000,1117000,-1111000,-1111000
055753,貿聯第一98購01  ,0,0,0,0,0,0,0,0,0,-1127000,0,0,0,0,1127000,-1127000,-1127000
044751,鴻海凱基93購08  ,0,0,0,0,0,0,0,0,0,-1131000,0,0,0,0,1131000,-1131000,-1131000
054186,高鐵永豐96購01  ,0,0,0,0,0,0,0,0,0,-1133000,0,0,0,2000,1135000,-1133000,-1133000
047285,鴻海統一95購02  ,0,0,0,0,0,0,0,0,0,-1134000,0,0,0,50000,1184000,-1134000,-1134000
2329,華泰            ,478000,1248000,-770000,0,0,0,0,0,0,-376000,7000,0,7000,185000,568000,-383000,-1146000
051259,鴻海永昌96購03  ,0,0,0,0,0,0,0,0,0,-1154000,0,0,0,4591000,5745000,-1154000,-1154000
046173,聯發科永豐92購01,0,0,0,0,0,0,0,0,0,-1162000,0,0,0,20000,1182000,-1162000,-1162000
043457,鴻海元大93購01  ,0,0,0,0,0,0,0,0,0,-1171000,0,0,0,10000,1181000,-1171000,-1171000
051106,華通統一95購02  ,0,0,0,0,0,0,0,0,0,-1190000,0,0,0,20000,1210000,-1190000,-1190000
051033,台積電兆豐95購03,0,0,0,0,0,0,0,0,0,-1194000,0,0,0,2152000,3346000,-1194000,-1194000
03942P,電子類元大93售02,0,0,0,0,0,0,0,0,0,-1195000,0,0,0,115000,1310000,-1195000,-1195000
047090,緯創元富93購01  ,0,0,0,0,0,0,0,0,0,-1205000,0,0,0,0,1205000,-1205000,-1205000
052856,滬深2X凱基98購01,0,0,0,0,0,0,0,0,0,-1205000,0,0,0,1978000,3183000,-1205000,-1205000
04273P,上証反凱基99售01,0,0,0,0,0,0,0,0,0,-1221000,0,0,0,0,1221000,-1221000,-1221000
1201,味全            ,434001,1621000,-1186999,0,0,0,0,0,0,-35000,0,0,0,0,35000,-35000,-1221999
047357,欣興麥證93購01  ,0,0,0,0,1230000,-1230000,0,0,0,-1230000,0,0,0,0,1230000,-1230000,-1230000
052350,鴻海統一96購06  ,0,0,0,0,0,0,0,0,0,-1230000,0,0,0,0,1230000,-1230000,-1230000
049205,聯發科群益94購05,0,0,0,0,0,0,0,0,0,-1232000,0,0,0,5000,1237000,-1232000,-1232000
051351,台積電元大95購15,0,0,0,0,0,0,0,0,0,-1243000,0,0,0,50000,1293000,-1243000,-1243000
051888,國巨元富95購05  ,0,0,0,0,0,0,0,0,0,-1252000,0,0,0,302000,1554000,-1252000,-1252000
047586,聯發科永豐94購01,0,0,0,0,0,0,0,0,0,-1255000,0,0,0,1921000,3176000,-1255000,-1255000
054197,台積電永昌96購07,0,0,0,0,0,0,0,0,0,-1260000,0,0,0,274000,1534000,-1260000,-1260000
03305P,台達電台新02售01,0,0,0,0,0,0,0,0,0,-1260000,0,0,0,130000,1390000,-1260000,-1260000
05156P,群創兆豐95售01  ,0,0,0,0,0,0,0,0,0,-1267000,0,0,0,80000,1347000,-1267000,-1267000
3017,奇鋐            ,659000,1786000,-1127000,0,0,0,0,0,0,-146824,1000,2000,-1000,39000,184824,-145824,-1273824
053167,欣興群益96購03  ,0,0,0,0,0,0,0,0,0,-1285000,0,0,0,115000,1400000,-1285000,-1285000
00730,富邦臺灣優質高息,6000,0,6000,0,0,0,0,0,0,-1300000,0,0,0,56000,1356000,-1300000,-1294000
3698,隆達            ,244000,1454000,-1210000,0,0,0,0,0,0,-87000,55000,89000,-34000,14000,67000,-53000,-1297000
048178,上銀富邦95購02  ,0,0,0,0,0,0,0,0,0,-1312000,0,0,0,306000,1618000,-1312000,-1312000
2340,光磊            ,370000,1379000,-1009000,0,0,0,0,0,0,-337800,14000,58000,-44000,72000,365800,-293800,-1346800
054377,臺股指中信99購09,0,2000,-2000,0,0,0,0,0,0,-1354000,0,0,0,2000,1356000,-1354000,-1356000
049903,大立光元富94購06,0,0,0,0,0,0,0,0,0,-1371000,0,0,0,0,1371000,-1371000,-1371000
03737P,臺股指中信95售01,0,0,0,0,0,0,0,0,0,-1420000,0,0,0,0,1420000,-1420000,-1420000
044964,旺宏中信94購01  ,0,0,0,0,0,0,0,0,0,-1428000,0,0,0,141000,1569000,-1428000,-1428000
051156,鴻海富邦97購01  ,0,0,0,0,0,0,0,0,0,-1456000,0,0,0,19000,1475000,-1456000,-1456000
052504,鴻海日盛95購03  ,0,0,0,0,0,0,0,0,0,-1466000,0,0,0,4001000,5467000,-1466000,-1466000
2615,萬海            ,263000,1474889,-1211889,0,0,0,26000,350000,-324000,25000,67000,42000,25000,0,0,0,-1510889
2520,冠德            ,272000,896677,-624677,0,0,0,0,516000,-516000,-386000,4000,2000,2000,8000,396000,-388000,-1526677
2887,台新金          ,17210076,18895511,-1685435,0,0,0,1289000,1042000,247000,-118000,5000,48000,-43000,64000,139000,-75000,-1556435
054713,國巨中信9B購01  ,0,0,0,0,0,0,0,0,0,-1572000,0,0,0,213000,1785000,-1572000,-1572000
055754,和大兆豐97購01  ,0,0,0,0,0,0,0,0,0,-1572000,0,0,0,0,1572000,-1572000,-1572000
04734P,上海銀兆豐94售02,0,0,0,0,0,0,0,0,0,-1603000,0,0,0,0,1603000,-1603000,-1603000
052225,台積電凱基96購03,0,0,0,0,0,0,0,0,0,-1607000,0,0,0,10000,1617000,-1607000,-1607000
1312,國喬            ,464494,1962000,-1497506,0,0,0,0,0,0,-115000,5000,137000,-132000,25000,8000,17000,-1612506
051280,台積電兆豐95購04,0,0,0,0,0,0,0,0,0,-1625000,0,0,0,1373000,2998000,-1625000,-1625000
042752,台灣50元大96購03,0,0,0,0,0,0,0,0,0,-1634000,0,0,0,0,1634000,-1634000,-1634000
051750,華通富邦96購01  ,0,0,0,0,0,0,0,0,0,-1646000,0,0,0,40000,1686000,-1646000,-1646000
051567,台積電富邦95購06,0,0,0,0,0,0,0,0,0,-1659000,0,0,0,0,1659000,-1659000,-1659000
2412,中華電          ,5732995,7704194,-1971199,0,0,0,696000,392000,304000,6000,28000,44000,-16000,22000,0,22000,-1661199
054730,上証2X凱基98購02,0,0,0,0,0,0,0,0,0,-1667000,0,0,0,0,1667000,-1667000,-1667000
9945,潤泰新          ,566753,2186974,-1620221,0,0,0,1000,0,1000,-56000,7000,13000,-6000,0,50000,-50000,-1675221
053452,臺股指凱基97購01,0,0,0,0,0,0,0,0,0,-1697000,0,0,0,155000,1852000,-1697000,-1697000
3711,日月光投控      ,10595253,11375000,-779747,0,0,0,94000,847000,-753000,-184000,273000,406000,-133000,83000,134000,-51000,-1716747
6153,嘉聯益          ,385000,1847000,-1462000,0,0,0,0,0,0,-283266,68000,8000,60000,53000,396266,-343266,-1745266
1216,統一            ,17357812,19072217,-1714405,0,0,0,626000,532000,94000,-149000,34000,172000,-138000,24000,35000,-11000,-1769405
041452,滬深2X元富93購01,0,0,0,0,0,0,0,0,0,-1779000,0,0,0,3000,1782000,-1779000,-1779000
051297,台積電凱基95購07,0,0,0,0,0,0,0,0,0,-1806000,0,0,0,304000,2110000,-1806000,-1806000
055166,台積電統一97購05,0,0,0,0,0,0,0,0,0,-1825000,0,0,0,0,1825000,-1825000,-1825000
055417,健策富邦98購02  ,0,0,0,0,0,0,0,0,0,-1879000,0,0,0,50000,1929000,-1879000,-1879000
041973,台灣50中信94購01,0,0,0,0,0,0,0,0,0,-1959000,0,0,0,213000,2172000,-1959000,-1959000
2014,中鴻            ,1192000,2096000,-904000,0,0,0,0,0,0,-1068000,11000,1058000,-1047000,0,21000,-21000,-1972000
053559,台積電國泰98購01,0,0,0,0,0,0,0,0,0,-1982000,0,0,0,415000,2397000,-1982000,-1982000
8150,南茂            ,1349000,3208588,-1859588,0,0,0,0,0,0,-150700,3000,3000,0,37000,187700,-150700,-2010288
1434,福懋            ,466894,2492022,-2025128,0,0,0,27000,1000,26000,-39000,10000,49000,-39000,0,0,0,-2038128
052131,台積電凱基96購01,0,0,0,0,0,0,0,0,0,-2054000,0,0,0,111000,2165000,-2054000,-2054000
2367,燿華            ,4497000,6330000,-1833000,0,0,0,0,0,0,-276000,3000,35000,-32000,39000,283000,-244000,-2109000
053657,元大金凱基96購01,0,0,0,0,0,0,0,0,0,-2200000,0,0,0,5000,2205000,-2200000,-2200000
044974,鴻海國票94購01  ,0,0,0,0,0,0,0,0,0,-2218000,0,0,0,0,2218000,-2218000,-2218000
044201,群創國票95購01  ,0,0,0,0,0,0,0,0,0,-2264000,0,0,0,1703000,3967000,-2264000,-2264000
051107,鴻海統一95購05  ,0,0,0,0,0,0,0,0,0,-2276000,0,0,0,0,2276000,-2276000,-2276000
6176,瑞儀            ,2139215,5335984,-3196769,0,0,0,0,0,0,880000,58000,44000,14000,921000,55000,866000,-2316769
04787P,台積電永昌96售04,0,0,0,0,0,0,0,0,0,-2391000,0,0,0,200000,2591000,-2391000,-2391000
2458,義隆            ,1430483,3313000,-1882517,0,0,0,3000,0,3000,-512000,21000,314000,-293000,36000,255000,-219000,-2391517
2354,鴻準            ,1420300,3818000,-2397700,0,0,0,2000,1000,1000,-4000,18000,22000,-4000,0,0,0,-2400700
054072,台積電富邦98購02,0,0,0,0,0,0,0,0,0,-2517000,0,0,0,8000,2525000,-2517000,-2517000
2347,聯強            ,5435375,10424002,-4988627,0,0,0,3000,1000,2000,2421000,15000,34000,-19000,2440000,0,2440000,-2565627
06222P,致茂元富97售02  ,0,0,0,0,0,0,0,0,0,-2622000,0,0,0,0,2622000,-2622000,-2622000
6505,台塑化          ,1077057,3312568,-2235511,0,0,0,105000,140000,-35000,-361000,58000,423000,-365000,4000,0,4000,-2631511
053860,台積電元大98購03,0,0,0,0,0,0,0,0,0,-2778000,0,0,0,366000,3144000,-2778000,-2778000
049798,台積電元大94購18,0,0,0,0,0,0,0,0,0,-2781000,0,0,0,1057000,3838000,-2781000,-2781000
2633,台灣高鐵        ,3339842,5813000,-2473158,0,0,0,59000,214000,-155000,-162000,21000,14000,7000,92000,261000,-169000,-2790158
055451,台積電元富97購02,0,0,0,0,0,0,0,0,0,-2895000,0,0,0,593000,3488000,-2895000,-2895000
053564,台積電富邦99購01,0,0,0,0,0,0,0,0,0,-2900000,0,0,0,0,2900000,-2900000,-2900000
2454,聯發科          ,9961900,10653704,-691804,0,0,0,62000,1073000,-1011000,-1417000,283000,719000,-436000,70000,1051000,-981000,-3119804
4904,遠傳            ,3301775,6352447,-3050672,0,0,0,69000,164000,-95000,25000,28000,7000,21000,4000,0,4000,-3120672
2105,正新            ,2423780,5475753,-3051973,0,0,0,30000,191000,-161000,39000,62000,28000,34000,5000,0,5000,-3173973
1907,永豐餘          ,753000,3894000,-3141000,0,0,0,0,0,0,-79000,10000,89000,-79000,0,0,0,-3220000
051133,台積電永豐95購02,0,0,0,0,0,0,0,0,0,-3389000,0,0,0,672000,4061000,-3389000,-3389000
08163P,T50正2中信95售01,0,0,0,0,0,0,0,0,0,-3400000,0,0,0,0,3400000,-3400000,-3400000
041900,元油2X富邦96購01,0,0,0,0,0,0,0,0,0,-3442000,0,0,0,20000,3462000,-3442000,-3442000
00656R,國泰中國A50反1  ,0,375000,-375000,0,0,0,0,0,0,-3199000,0,0,0,265000,3464000,-3199000,-3574000
00631L,元大台灣50正2   ,2000,901000,-899000,0,0,0,0,0,0,-2685000,0,13000,-13000,1083000,3755000,-2672000,-3584000
00655L,國泰中國A50正2  ,0,1278000,-1278000,0,0,0,0,0,0,-2340000,0,0,0,3570000,5910000,-2340000,-3618000
5876,上海商銀        ,5291016,8376199,-3085183,0,0,0,22000,339000,-317000,-233000,510000,457000,53000,36000,322000,-286000,-3635183
1303,南亞            ,6277475,10035207,-3757732,0,0,0,733000,581000,152000,-33000,23000,42000,-19000,14000,28000,-14000,-3638732
3045,台灣大          ,2435083,6107804,-3672721,0,0,0,80000,166000,-86000,66000,75000,13000,62000,4000,0,4000,-3692721
044464,滬深2X群益95購01,0,0,0,0,0,0,0,0,0,-3876000,0,0,0,115000,3991000,-3876000,-3876000
2371,大同            ,1974420,5661000,-3686580,0,0,0,0,2000,-2000,-328000,22000,350000,-328000,0,0,0,-4016580
2408,南亞科          ,5038471,9491235,-4452764,0,0,0,49000,227000,-178000,589000,271000,712000,-441000,1345000,315000,1030000,-4041764
00692,富邦公司治理    ,2000,1000,1000,0,0,0,0,0,0,-4089000,0,0,0,470000,4559000,-4089000,-4088000
051530,鴻海國票97購01  ,0,0,0,0,0,0,0,0,0,-4109000,0,0,0,0,4109000,-4109000,-4109000
1504,東元            ,2891012,7132000,-4240988,0,0,0,34000,0,34000,44000,22000,38000,-16000,62000,2000,60000,-4162988
2409,友達            ,42508000,42355498,152502,0,0,0,84000,7000,77000,-4410000,55000,3946000,-3891000,594000,1113000,-519000,-4180498
1402,遠東新          ,5177810,9329433,-4151623,0,0,0,497000,404000,93000,-144000,27000,56000,-29000,15000,130000,-115000,-4202623
2449,京元電子        ,6978898,9562474,-2583576,0,0,0,0,2543000,-2543000,902000,97000,564000,-467000,1987000,618000,1369000,-4224576
2301,光寶科          ,4060240,9793666,-5733426,0,0,0,39000,218000,-179000,1679000,25000,43000,-18000,1747000,50000,1697000,-4233426
2337,旺宏            ,14824000,18240021,-3416021,0,0,0,1391000,142000,1249000,-2097000,1373000,3475000,-2102000,578000,573000,5000,-4264021
3049,和鑫            ,1200000,5325000,-4125000,0,0,0,0,0,0,-264000,17000,6000,11000,11000,286000,-275000,-4389000
1326,台化            ,3332955,8638729,-5305774,0,0,0,557000,352000,205000,704000,27000,190000,-163000,870000,3000,867000,-4396774
051296,鴻海凱基97購01  ,0,0,0,0,0,0,0,0,0,-4525000,0,0,0,0,4525000,-4525000,-4525000
5871,中租-KY         ,3708955,8319296,-4610341,0,0,0,40000,220000,-180000,23000,61000,43000,18000,5000,0,5000,-4767341
052314,鴻海元大96購11  ,0,0,0,0,0,0,0,0,0,-5019000,0,0,0,123000,5142000,-5019000,-5019000
2881,富邦金          ,16312098,21459147,-5147049,0,0,0,1090000,757000,333000,-301000,23000,230000,-207000,122000,216000,-94000,-5115049
00633L,富邦上証正2     ,5248000,8154000,-2906000,0,0,0,0,0,0,-2362000,0,745000,-745000,1593000,3210000,-1617000,-5268000
1101,台泥            ,15003766,24504556,-9500790,0,0,0,562000,499000,63000,3918000,3648000,2472000,1176000,2826000,84000,2742000,-5519790
00638R,元大滬深300反1  ,15000,2386000,-2371000,0,0,0,0,0,0,-3329000,0,0,0,512000,3841000,-3329000,-5700000
047824,臺股指凱基93購18,0,0,0,0,0,0,0,0,0,-6176000,0,0,0,9000,6185000,-6176000,-6176000
2618,長榮航          ,5122260,11453069,-6330809,0,0,0,360000,0,360000,-231000,663000,885000,-222000,0,9000,-9000,-6201809
00634R,富邦上証反1     ,44000,3938000,-3894000,0,0,0,0,0,0,-2405000,0,0,0,8000,2413000,-2405000,-6299000
9904,寶成            ,4508491,10991306,-6482815,0,0,0,349000,570000,-221000,-20000,166000,139000,27000,27000,74000,-47000,-6723815
2801,彰銀            ,5952189,12962012,-7009823,0,0,0,810000,643000,167000,30000,5000,20000,-15000,47000,2000,45000,-6812823
2610,華航            ,3138423,9145000,-6006577,0,0,0,72000,0,72000,-1136000,21000,1130000,-1109000,3000,30000,-27000,-7070577
020012,富邦行動通訊N   ,0,0,0,0,0,0,0,0,0,-7472000,0,0,0,258000,7730000,-7472000,-7472000
00850,元大臺灣ESG永續 ,11000,2588000,-2577000,0,0,0,0,0,0,-5318000,0,0,0,1212000,6530000,-5318000,-7895000
2892,第一金          ,15446600,30493394,-15046794,0,0,0,1296000,1012000,284000,6714000,6705000,11000,6694000,24000,4000,20000,-8048794
1301,台塑            ,6068658,13872262,-7803604,0,0,0,108000,501000,-393000,-25000,538000,546000,-8000,13000,30000,-17000,-8221604
2823,中壽            ,6891000,15377308,-8486308,0,0,0,87000,297000,-210000,-3000,17000,11000,6000,140000,149000,-9000,-8699308
053856,台積電富邦98購01,0,0,0,0,0,0,0,0,0,-9485000,0,0,0,0,9485000,-9485000,-9485000
3037,欣興            ,4490760,12668000,-8177240,0,0,0,28000,384000,-356000,-1473171,206000,1262000,-1056000,312000,729171,-417171,-10006411
2002,中鋼            ,11543573,22958000,-11414427,0,0,0,2441000,1270000,1171000,-238000,65000,330000,-265000,30000,3000,27000,-10481427
2884,玉山金          ,20857584,33631990,-12774406,0,0,0,1429000,1319000,110000,1569000,1535000,20000,1515000,209000,155000,54000,-11095406
2603,長榮            ,3864968,11309914,-7444946,0,0,0,66000,500000,-434000,-4381000,989000,5375000,-4386000,5000,0,5000,-12259946
2880,華南金          ,6234908,19085007,-12850099,0,0,0,1184000,933000,251000,4000,5000,7000,-2000,22000,16000,6000,-12595099
00642U,元大S&P石油     ,7000,2275000,-2268000,0,0,0,0,0,0,-11177000,545000,0,545000,313000,12035000,-11722000,-13445000
00701,國泰股利精選30  ,11000,143000,-132000,0,0,0,0,0,0,-13352110,0,0,0,232000,13584110,-13352110,-13484110
2344,華邦電          ,8355000,20750358,-12395358,0,0,0,35000,594000,-559000,-872000,1446000,1193000,253000,274000,1399000,-1125000,-13826358
2834,臺企銀          ,8979710,23937618,-14957908,0,0,0,637000,4000,633000,8000,8000,8000,0,24000,16000,8000,-14316908
5880,合庫金          ,5089670,20222402,-15132732,0,0,0,1213000,960000,253000,19000,6000,10000,-4000,23000,0,23000,-14860732
6116,彩晶            ,2897000,17539000,-14642000,0,0,0,0,0,0,-1084000,224000,450000,-226000,201000,1059000,-858000,-15726000
2891,中信金          ,41337995,59938616,-18600621,0,0,0,2454000,1870000,584000,502000,1053000,534000,519000,75000,92000,-17000,-17514621
1310,台苯            ,493000,18620000,-18127000,0,0,0,50000,0,50000,-1000,1000,2000,-1000,0,0,0,-18078000
1314,中石化          ,25822000,43927000,-18105000,0,0,0,29000,0,29000,-590000,169000,274000,-105000,29000,514000,-485000,-18666000
0050,元大台灣50      ,43553,17522150,-17478597,0,0,0,148000,0,148000,-1838000,788000,1290000,-502000,4513000,5849000,-1336000,-19168597
00637L,元大滬深300正2  ,26689000,17734000,8955000,0,0,0,0,0,0,-28421279,0,550000,-550000,10762000,38633279,-27871279,-19466279
2890,永豐金          ,9583362,31600439,-22017077,0,0,0,1348000,1078000,270000,988000,1004000,5000,999000,29000,40000,-11000,-20759077
2882,國泰金          ,9941597,31096269,-21154672,0,0,0,1142000,855000,287000,-645000,65000,258000,-193000,59000,511000,-452000,-21512672
2885,元大金          ,11278568,34843041,-23564473,0,0,0,1414000,1152000,262000,593000,250000,89000,161000,432000,0,432000,-22709473
2888,新光金          ,24186956,47450424,-23263468,0,0,0,298000,1171000,-873000,705000,785000,6000,779000,1433000,1507000,-74000,-23431468
2883,開發金          ,15537929,39531112,-23993183,0,0,0,1809000,1429000,380000,-368000,325000,15000,310000,109000,787000,-678000,-23981183
2317,鴻海            ,50208876,68747929,-18539053,0,0,0,196000,1144000,-948000,-9238000,104000,845000,-741000,619000,9116000,-8497000,-28725053
2330,台積電          ,58065434,85254766,-27189332,0,0,0,542000,2497000,-1955000,-1955000,2665000,2929000,-264000,591000,2282000,-1691000,-31099332
0056,元大高股息      ,85180,5000,80180,0,0,0,290000,0,290000,-104987000,20000,20000,0,0,104987000,-104987000,-104616820
00672L,元大S&P原油正2  ,5000,58315000,-58310000,0,0,0,0,0,0,-139081000,0,12000,-12000,641000,139710000,-139069000,-197391000
